30 118 126 28 28 7.239761
60 118 121 28 28 12.274539
90 437 152 35 35 1.816518
120 336 133 28 28 1.113216
150 198 6 24 24 8.035371
180 0 16 64 64 1.469472
210 408 134 32 32 5.692646
240 352 34 64 64 6.753378
270 387 136 32 32 3.962174
300 357 126 28 28 0.917785
360 3 132 28 28 1.737024
390 126 133 28 28 2.175707
420 0 133 28 28 1.129311
450 168 124 28 28 4.274388
510 126 133 28 28 1.450569
540 357 133 28 28 0.670820
570 339 126 28 28 1.323165
600 346 126 28 28 6.073410
630 11 133 28 28 2.485222
660 22 126 36 36 6.406761
750 126 133 28 28 0.406050
780 277 134 32 32 2.279426
810 106 196 24 24 5.574952
840 357 126 28 28 1.397002
870 162 126 36 36 1.092679
900 342 132 28 28 5.219330
930 288 39 64 64 3.155421
960 350 126 28 28 3.870017
990 393 129 32 32 9.450443
1020 353 133 28 28 4.391618
1140 350 125 28 28 9.491426
1170 5 141 38 38 8.931629
1200 22 150 33 33 7.459354
1230 126 122 28 28 7.895724
1260 126 118 27 27 12.667731
1290 129 113 25 25 6.308992
1320 43 48 64 64 2.422816
1350 37 48 64 64 3.610180
1380 101 105 23 23 4.673716
1410 436 125 35 35 6.854526
1440 128 128 32 32 4.409019
1470 3 48 64 64 2.410150
1500 352 6 28 28 5.085359
1530 357 5 28 28 1.662379
1560 402 12 24 24 0.569460
1590 386 7 24 24 8.076472
1620 96 207 24 24 6.679299
1650 399 0 24 24 1.566657
1680 144 192 23 23 1.668485
1710 143 204 23 23 3.135938
1740 106 202 24 24 9.478669
1800 30 190 40 40 0.111926
1830 30 189 39 39 2.268378
