30 16 99 26 26 6.315045
60 200 106 24 24 9.537999
90 364 30 44 44 8.435766
120 241 30 44 44 9.589216
150 241 30 42 42 8.662415
180 176 26 43 43 8.692918
210 194 102 23 23 7.578974
240 16 109 24 24 6.245400
270 201 100 24 24 9.150974
300 407 36 47 47 9.172736
330 2 128 28 28 4.365192
360 303 114 24 24 7.040026
390 302 107 24 24 5.602133
420 356 32 43 43 9.200676
450 21 28 40 40 9.432789
480 219 21 39 39 6.653727
510 17 126 28 28 8.618315
540 464 97 27 27 7.806276
570 482 84 24 24 9.342190
600 386 10 45 45 9.844245
630 376 0 45 45 8.787728
660 196 109 24 24 9.166945
690 264 24 48 48 7.415828
720 213 11 48 48 8.831360
750 412 0 47 47 6.820026
780 149 12 29 29 5.338487
810 388 96 24 24 7.797005
840 489 96 24 24 8.077194
870 210 12 48 48 9.211598
900 288 36 48 48 4.619370
930 5 3 64 64 8.643436
960 460 126 28 28 7.842963
990 404 112 32 32 9.278789
1020 283 43 64 64 9.723371
1050 401 133 32 32 6.478750
1080 384 131 32 32 5.880338
1110 270 48 64 64 7.155069
1140 261 42 64 64 7.931074
1170 270 48 64 64 8.340626
1200 274 48 64 64 7.033199
1230 157 143 36 36 7.460968
1260 274 43 64 64 9.726389
1290 436 126 36 36 9.485888
1320 451 112 27 27 8.170746
1350 267 42 64 64 9.746024
1380 272 48 64 64 7.719489
1410 157 144 36 36 7.640979
1440 271 48 64 64 7.798917
1470 396 144 32 32 7.459809
1500 351 41 64 64 7.950463
1530 352 39 64 64 9.429015
1560 332 140 40 40 7.703290
1590 264 32 64 64 9.560134
1620 292 144 36 36 9.860993
1650 303 144 36 36 6.581370
1680 216 154 36 36 8.932911
1710 18 147 35 35 9.397977
1740 13 10 29 29 9.657430
