30 205 198 24 24 3.964324
60 194 204 23 23 9.827054
90 194 202 23 23 9.205031
120 193 198 24 24 4.862713
150 27 170 40 40 9.829596
180 132 194 24 24 9.378680
210 165 160 39 39 5.556828
240 333 161 39 39 9.382215
270 147 126 35 35 7.924008
300 399 192 24 24 9.925644
330 17 199 24 24 8.626857
360 198 158 36 36 7.546423
390 294 156 36 36 9.318686
420 289 156 36 36 8.130946
450 302 192 24 24 5.924313
480 144 130 33 33 6.519286
510 19 130 34 34 5.585057
540 120 229 27 27 9.731267
570 392 128 32 32 6.016717
600 100 204 24 24 9.838455
630 144 97 24 24 6.610220
660 27 28 46 46 6.871496
690 105 84 24 24 7.488540
720 105 84 24 24 9.980051
750 186 0 45 45 9.283878
780 451 98 28 28 8.199504
810 293 110 24 24 8.995092
840 212 36 48 48 9.708494
870 402 98 24 24 6.768387
900 114 118 28 28 6.079154
930 23 32 64 64 8.577438
960 10 101 26 26 8.826035
990 203 208 23 23 8.586780
1020 452 145 36 36 8.215762
1050 215 148 36 36 8.912804
1080 11 208 24 24 9.762278
1110 205 193 24 24 8.877890
1140 96 194 24 24 8.039351
1170 404 204 48 48 8.398442
1200 488 16 24 24 8.842006
1230 357 125 28 28 3.913472
1260 498 103 24 24 8.801122
1290 354 125 28 28 4.374177
1320 198 147 36 36 7.347267
1350 177 140 40 40 8.201631
1380 455 114 28 28 5.052800
1410 245 115 27 27 9.287072
1440 144 111 24 24 7.078232
1470 224 114 28 28 6.954446
1500 216 148 36 36 8.656509
1530 103 108 23 23 9.934816
1560 288 36 48 48 4.015096
1590 8 162 38 38 7.365613
1620 397 111 24 24 8.783598
1650 383 1 48 48 6.879372
1680 404 23 47 47 6.961330
1710 14 110 26 26 6.140622
1740 128 12 32 32 9.100227
1770 495 84 24 24 8.110655
1800 125 124 28 28 9.836029
1830 21 24 32 32 7.085172
