30 19 193 44 44 9.672727
60 19 193 44 44 9.891937
90 485 205 24 24 8.750701
120 479 111 24 24 8.872218
150 480 112 24 24 9.322792
180 480 111 23 23 9.174897
210 479 112 23 23 9.511410
240 480 112 24 24 9.494162
270 480 111 24 24 9.764398
300 480 112 24 24 8.677728
330 480 112 24 24 8.488956
360 203 108 24 24 8.183117
390 29 195 43 43 9.712627
420 479 112 24 24 9.564310
450 480 111 24 24 9.243981
480 479 111 24 24 8.820258
510 479 111 23 23 8.922277
540 480 111 24 24 9.982882
570 19 194 45 45 9.757216
600 196 112 23 23 9.297273
630 331 186 40 40 8.509142
660 343 238 28 28 8.500446
690 457 131 28 28 9.768078
720 448 130 30 30 6.356371
750 198 11 24 24 6.065966
780 400 194 23 23 9.188167
810 8 192 23 23 5.936638
840 196 5 24 24 1.816448
870 482 113 23 23 4.378588
900 298 112 23 23 27.531699
930 1 144 36 36 8.879324
960 35 28 64 64 6.664452
990 105 196 24 24 8.612287
1020 176 147 32 32 6.091521
1050 156 144 36 36 7.883548
1080 452 165 36 36 5.521789
1110 288 0 48 48 8.452284
1140 400 194 24 24 6.674536
1170 162 140 40 40 5.690203
1200 153 153 36 36 8.658093
1230 392 152 32 32 9.959850
1260 341 19 28 28 9.024353
1290 354 21 28 28 9.997027
1320 407 128 32 32 6.733933
1350 466 132 28 28 9.337378
1380 455 170 36 36 9.970408
1410 15 192 24 24 8.425242
1440 396 22 48 48 8.378268
1470 396 192 23 23 9.916585
1500 393 17 24 24 9.672131
1530 136 131 32 32 8.339334
1560 136 135 32 32 9.914700
1590 399 35 47 47 8.563724
1620 451 112 28 28 9.176569
1650 481 114 24 24 6.735969
1680 128 148 32 32 9.744520
1710 10 142 39 39 9.157502
1740 393 196 24 24 9.781321
1770 33 48 64 64 6.096133
1800 441 126 36 36 9.717485
1830 449 114 27 27 8.530508
1860 392 198 24 24 9.635234
1890 462 126 28 28 8.560421
1920 377 153 43 43 8.867709
1950 399 191 23 23 7.464190
