30 16 193 23 23 6.214053
60 4 192 23 23 9.656033
90 8 142 37 37 5.265028
120 10 193 44 44 6.215578
150 336 127 28 28 7.316246
180 19 35 47 47 8.764707
210 459 112 28 28 8.258329
240 352 131 27 27 9.052112
270 33 10 51 51 4.701427
300 12 32 47 47 8.351931
330 234 98 28 28 8.310662
360 1 97 24 24 8.503228
390 17 96 24 24 9.466981
420 198 126 36 36 7.593013
450 450 171 36 36 8.949211
480 346 119 28 28 5.980208
510 394 194 24 24 9.164897
540 303 145 36 36 7.914286
570 302 153 36 36 6.384040
600 344 140 40 40 8.444429
630 274 144 32 32 8.515381
660 148 27 36 36 6.832998
690 384 136 32 32 8.393994
720 265 144 32 32 10.190132
750 355 132 27 27 7.095454
780 155 27 36 36 8.978221
810 256 138 32 32 7.543139
840 207 101 24 24 7.446089
870 498 105 24 24 7.412325
900 310 126 36 36 7.619801
930 311 126 36 36 6.728961
960 315 126 36 36 5.553598
990 329 140 40 40 8.355419
1020 231 19 28 28 8.220531
1050 16 204 23 23 6.953393
1080 337 139 39 39 9.056093
1110 23 27 41 41 6.242442
1140 8 10 46 46 82.720891
1170 289 151 36 36 8.058026
1200 291 160 36 36 8.632406
1230 0 27 46 46 9.877768
1260 8 20 46 46 82.286313
1290 307 167 36 36 8.887198
1320 376 189 44 44 9.670351
1350 260 8 32 32 8.047004
1380 267 0 32 32 8.334253
1410 288 14 24 24 8.936781
1440 295 17 24 24 8.660762
1470 15 11 46 46 9.445211
1500 384 172 46 46 9.730743
1530 391 168 48 48 9.388808
1560 492 14 23 23 8.269941
1590 11 16 47 47 9.860596
1620 493 14 24 24 9.125722
1650 420 197 47 47 9.107838
1680 288 193 24 24 9.775674
1710 493 194 24 24 9.502609
1740 493 14 23 23 9.484061
1770 493 18 23 23 9.537398
1800 96 100 24 24 8.603428
1830 300 11 24 24 8.061330
