30 352 16 64 64 1.232466
30 352 32 64 64 5.978566
30 288 168 48 48 2.165379
30 288 168 48 48 2.165379
30 264 209 44 44 0.537388
30 320 190 40 40 1.506441
30 0 126 36 36 1.953031
30 9 126 36 36 3.705374
30 18 126 36 36 4.554698
30 27 126 36 36 4.151924
30 0 128 32 32 0.211844
30 16 136 32 32 0.547993
30 24 136 32 32 3.835046
30 384 112 32 32 4.611991
30 392 112 32 32 4.322266
30 400 112 32 32 1.465895
30 119 98 28 28 1.905396
30 126 98 28 28 4.072320
30 126 238 28 28 2.659941
30 154 238 28 28 0.314548
30 350 231 28 28 0.531371
30 357 224 28 28 0.189693
30 357 231 28 28 1.425143
30 357 238 28 28 0.825108
30 448 126 28 28 4.713591
30 448 133 28 28 3.641618
30 455 126 28 28 2.620209
30 455 133 28 28 0.270054
30 6 96 24 24 0.729770
30 18 84 24 24 3.497496
30 102 204 24 24 0.418225
30 102 210 24 24 2.053048
30 108 210 24 24 0.803925
30 390 108 24 24 0.992204
30 396 102 24 24 0.521250
30 396 108 24 24 0.216143
30 402 84 24 24 0.606116
30 402 96 24 24 1.076516
60 48 32 64 64 0.416425
60 352 16 64 64 1.527972
60 352 32 64 64 6.463020
60 288 168 48 48 1.819821
60 288 168 48 48 1.819821
60 264 209 44 44 0.438569
60 320 190 40 40 1.487508
60 0 126 36 36 0.917462
60 9 126 36 36 1.302846
60 18 126 36 36 3.382285
60 27 126 36 36 3.132316
60 315 126 36 36 1.401503
60 24 136 32 32 0.865389
60 384 112 32 32 5.362803
60 392 112 32 32 3.572831
60 126 133 28 28 1.728295
60 126 231 28 28 0.173227
60 126 238 28 28 2.727264
60 154 238 28 28 0.753881
60 350 231 28 28 0.454787
60 357 224 28 28 0.360349
60 357 231 28 28 1.793264
60 357 238 28 28 0.815436
60 448 126 28 28 6.518875
60 448 133 28 28 2.889459
60 455 126 28 28 3.433370
60 6 96 24 24 0.322869
60 18 84 24 24 3.857849
60 402 84 24 24 1.012338
60 402 96 24 24 0.559934
90 48 32 64 64 1.023475
90 352 16 64 64 0.966065
90 352 32 64 64 5.282899
90 288 168 48 48 1.764675
90 288 168 48 48 1.764675
90 264 209 44 44 0.611818
90 320 190 40 40 1.602570
90 340 190 40 40 0.004485
90 9 126 36 36 1.070954
90 18 126 36 36 3.664646
90 27 126 36 36 3.818954
90 315 126 36 36 1.443840
90 24 128 32 32 0.816410
90 24 136 32 32 1.883106
90 384 112 32 32 4.095143
90 384 128 32 32 0.516905
90 392 112 32 32 4.491956
90 400 112 32 32 0.375065
90 126 126 28 28 0.626302
90 126 133 28 28 2.835639
90 126 238 28 28 2.568134
90 154 238 28 28 0.308467
90 350 231 28 28 1.250785
90 357 224 28 28 0.710327
90 357 231 28 28 2.858749
90 357 238 28 28 1.343206
90 448 126 28 28 7.277297
90 448 133 28 28 4.720513
90 455 126 28 28 6.593952
90 455 133 28 28 2.255656
90 462 126 28 28 0.862392
90 0 96 24 24 1.521676
90 6 96 24 24 0.149154
90 18 84 24 24 3.961437
90 102 204 24 24 0.116410
90 390 102 24 24 0.008252
90 402 84 24 24 0.514141
90 402 96 24 24 1.499967
120 48 32 64 64 0.678873
120 352 16 64 64 0.464515
120 352 32 64 64 6.111285
120 264 209 44 44 2.234735
120 340 190 40 40 1.758982
120 9 126 36 36 1.945989
120 18 126 36 36 4.030510
120 27 126 36 36 3.508214
120 432 126 36 36 0.351698
120 24 128 32 32 1.379790
120 24 136 32 32 1.475404
120 384 112 32 32 4.082703
120 392 112 32 32 3.928181
120 126 126 28 28 0.127795
120 126 133 28 28 2.449026
120 126 238 28 28 2.209639
120 154 238 28 28 1.000504
120 350 231 28 28 1.619387
120 357 224 28 28 0.957867
120 357 231 28 28 3.274444
120 357 238 28 28 1.625266
120 448 126 28 28 7.153112
120 448 133 28 28 6.566503
120 455 126 28 28 7.156913
120 455 133 28 28 3.121197
120 462 126 28 28 0.890211
120 0 96 24 24 2.941746
120 12 84 24 24 1.100893
120 18 84 24 24 4.691966
120 102 204 24 24 0.825063
120 108 204 24 24 0.057767
120 402 84 24 24 1.461145
120 402 96 24 24 2.489254
150 352 16 64 64 1.422434
150 352 32 64 64 5.237913
150 352 48 64 64 0.368569
150 264 209 44 44 0.827529
150 320 190 40 40 0.457060
150 330 180 40 40 1.163091
150 330 190 40 40 1.519583
150 9 126 36 36 2.082047
150 18 126 36 36 2.005709
150 27 126 36 36 0.423689
150 432 126 36 36 0.443568
150 384 112 32 32 2.335905
150 384 128 32 32 0.297645
150 392 112 32 32 3.200295
150 392 128 32 32 0.819336
150 126 133 28 28 1.990055
150 154 98 28 28 0.934860
150 343 231 28 28 1.294638
150 350 224 28 28 0.989600
150 350 231 28 28 3.361969
150 350 238 28 28 0.454632
150 357 231 28 28 2.706045
150 357 238 28 28 0.988768
150 448 126 28 28 3.940517
150 448 133 28 28 11.915517
150 455 126 28 28 4.503148
150 455 133 28 28 11.549802
150 462 133 28 28 3.755464
150 0 84 24 24 0.648265
150 0 96 24 24 0.709025
150 6 84 24 24 4.924893
150 12 84 24 24 4.680058
150 18 84 24 24 6.777982
150 108 210 24 24 1.647681
150 390 108 24 24 0.782143
150 402 96 24 24 3.097854
150 402 102 24 24 0.112553
180 48 48 64 64 1.110080
180 352 48 64 64 4.241765
180 10 140 40 40 0.031304
180 0 144 36 36 1.025933
180 9 144 36 36 1.109737
180 18 144 36 36 0.466803
180 432 126 36 36 6.961626
180 441 126 36 36 6.167683
180 450 126 36 36 2.372486
180 459 126 36 36 1.168409
180 384 128 32 32 2.239540
180 384 136 32 32 5.673469
180 384 144 32 32 2.234030
180 392 128 32 32 3.337749
180 392 136 32 32 6.795706
180 392 144 32 32 3.390445
180 400 128 32 32 0.090522
180 14 98 28 28 1.557883
180 119 112 28 28 1.197288
180 119 133 28 28 1.368746
180 126 98 28 28 0.487549
180 350 126 28 28 0.665710
180 0 102 24 24 2.866438
180 0 108 24 24 1.699626
180 0 192 24 24 1.353875
180 6 84 24 24 1.248419
180 6 96 24 24 4.889850
180 6 102 24 24 4.965224
180 12 96 24 24 5.462343
180 12 102 24 24 5.023667
180 12 108 24 24 0.937467
180 18 96 24 24 6.177335
180 18 102 24 24 5.723233
180 18 108 24 24 1.848704
180 390 96 24 24 0.763450
180 402 102 24 24 0.353115
180 402 108 24 24 0.967303
180 402 114 24 24 1.508534
210 288 48 64 64 0.407609
210 170 160 40 40 0.238239
210 288 171 36 36 1.087295
210 306 144 36 36 2.656203
210 315 144 36 36 2.832186
210 432 144 36 36 3.726379
210 432 153 36 36 0.469483
210 441 144 36 36 5.296366
210 441 153 36 36 1.525144
210 450 144 36 36 3.975923
210 459 126 36 36 2.077108
210 459 144 36 36 0.872755
210 128 112 32 32 1.350336
210 384 136 32 32 0.047585
210 384 144 32 32 3.515317
210 384 152 32 32 5.185409
210 392 144 32 32 5.411194
210 392 152 32 32 8.119291
210 400 144 32 32 2.986722
210 400 152 32 32 0.332364
210 0 98 28 28 7.436489
210 7 98 28 28 7.659447
210 7 112 28 28 0.430588
210 14 98 28 28 4.905921
210 112 126 28 28 0.012956
210 119 119 28 28 2.894144
210 119 126 28 28 2.074086
210 126 112 28 28 0.469912
210 126 119 28 28 3.593287
210 0 102 24 24 2.241354
210 0 108 24 24 4.064675
210 0 114 24 24 3.560555
210 6 102 24 24 0.793108
210 6 108 24 24 5.404624
210 6 114 24 24 3.811214
210 12 108 24 24 5.208244
210 12 114 24 24 5.840463
210 18 102 24 24 2.592087
210 18 108 24 24 6.843181
210 18 114 24 24 5.196136
210 96 198 24 24 1.447642
210 96 204 24 24 2.413238
210 192 192 24 24 1.202808
210 192 198 24 24 4.535040
210 192 204 24 24 3.877497
210 198 192 24 24 1.131770
210 198 198 24 24 4.588665
210 198 204 24 24 3.023910
210 198 210 24 24 0.406568
210 204 204 24 24 0.340618
210 204 210 24 24 0.203067
210 210 204 24 24 0.908259
210 210 210 24 24 2.126114
210 288 0 24 24 2.969612
210 288 6 24 24 5.118159
210 300 210 24 24 0.102263
210 306 210 24 24 0.452502
210 390 108 24 24 2.848331
210 390 114 24 24 0.440539
210 396 108 24 24 1.602413
210 396 114 24 24 1.657169
210 402 114 24 24 1.743396
240 288 48 64 64 0.681564
240 408 36 48 48 0.066445
240 408 36 48 48 0.066445
240 170 170 40 40 2.016332
240 306 144 36 36 3.242966
240 315 144 36 36 4.989887
240 432 144 36 36 2.722561
240 441 144 36 36 4.600390
240 450 144 36 36 5.353985
240 459 144 36 36 1.269795
240 128 112 32 32 1.931952
240 384 136 32 32 1.311088
240 384 144 32 32 4.306818
240 384 152 32 32 4.168017
240 392 144 32 32 1.059216
240 400 144 32 32 3.032881
240 400 152 32 32 3.270204
240 408 152 32 32 2.413285
240 0 98 28 28 4.989995
240 7 98 28 28 7.979522
240 119 112 28 28 0.164486
240 119 119 28 28 1.117905
240 126 112 28 28 1.456703
240 126 119 28 28 2.266037
240 154 133 28 28 0.544790
240 0 96 24 24 0.203796
240 0 102 24 24 4.383767
240 0 108 24 24 5.947735
240 6 102 24 24 3.223558
240 6 108 24 24 5.884356
240 6 114 24 24 3.662117
240 12 102 24 24 4.259182
240 12 108 24 24 6.509625
240 12 114 24 24 4.690234
240 18 102 24 24 1.595981
240 18 108 24 24 4.126534
240 18 114 24 24 4.059679
240 396 102 24 24 1.604994
240 396 108 24 24 1.023102
240 402 108 24 24 2.797342
270 288 32 64 64 2.171311
270 420 24 48 48 2.760941
270 420 24 48 48 2.760941
270 162 162 36 36 0.591844
270 315 126 36 36 4.206957
270 441 27 36 36 4.344116
270 441 144 36 36 0.816227
270 450 18 36 36 0.671984
270 450 27 36 36 4.343204
270 450 144 36 36 3.165746
270 459 27 36 36 2.169093
270 459 126 36 36 1.267580
270 392 136 32 32 0.550445
270 408 128 32 32 1.006222
270 408 136 32 32 1.795159
270 408 144 32 32 0.326583
270 0 98 28 28 0.903523
270 21 98 28 28 3.940035
270 119 112 28 28 1.076922
270 126 133 28 28 1.930353
270 336 126 28 28 4.266034
270 336 133 28 28 3.621279
270 0 84 24 24 0.270958
270 0 96 24 24 7.682692
270 0 102 24 24 4.441768
270 0 288 24 24 0.763068
270 6 84 24 24 0.806136
270 6 96 24 24 10.324824
270 6 102 24 24 5.146389
270 12 0 24 24 0.254644
270 12 96 24 24 8.146285
270 12 102 24 24 6.105927
270 18 102 24 24 2.058730
270 192 192 24 24 0.957379
270 192 198 24 24 1.186149
270 402 108 24 24 0.412922
300 0 168 48 48 1.385958
300 0 168 48 48 1.385958
300 11 176 44 44 2.199315
300 11 187 44 44 2.555138
300 22 176 44 44 1.691767
300 22 187 44 44 2.520979
300 33 176 44 44 0.756360
300 33 187 44 44 2.495051
300 20 190 40 40 1.731165
300 30 190 40 40 2.945287
300 315 126 36 36 0.315488
300 459 126 36 36 1.247331
300 392 128 32 32 1.105464
300 392 136 32 32 2.385880
300 400 128 32 32 3.823691
300 400 136 32 32 6.427207
300 400 144 32 32 3.559034
300 408 136 32 32 3.265355
300 408 144 32 32 3.691931
300 0 98 28 28 0.539701
300 14 224 28 28 0.472227
300 126 126 28 28 0.790948
300 126 133 28 28 2.016500
300 336 112 28 28 0.429540
300 336 119 28 28 2.907300
300 336 126 28 28 2.533961
300 336 133 28 28 4.664429
300 343 112 28 28 1.314562
300 343 119 28 28 3.680458
300 343 126 28 28 3.399786
300 343 133 28 28 1.846835
300 0 84 24 24 6.121694
300 0 96 24 24 4.512888
300 6 84 24 24 1.584763
300 6 96 24 24 3.740227
300 6 102 24 24 1.777824
300 396 114 24 24 1.145511
300 402 114 24 24 1.079466
300 486 96 24 24 2.878425
300 486 192 24 24 0.004067
300 492 192 24 24 3.445193
300 492 198 24 24 1.702693
330 288 0 64 64 0.563853
330 352 32 64 64 2.309830
330 352 48 64 64 3.342309
330 216 126 36 36 2.113911
330 441 126 36 36 2.580154
330 400 128 32 32 0.127403
330 408 128 32 32 0.413561
330 343 126 28 28 0.146671
330 350 112 28 28 1.749986
330 350 119 28 28 0.783696
330 350 126 28 28 4.450825
330 357 112 28 28 1.478850
330 357 126 28 28 0.803810
330 108 210 24 24 1.052711
330 132 204 24 24 1.916189
330 132 210 24 24 3.616808
330 384 96 24 24 1.913728
330 390 96 24 24 0.160772
360 288 48 64 64 0.918446
360 352 48 64 64 1.383780
360 0 187 44 44 0.560036
360 352 33 44 44 0.190660
360 0 160 40 40 1.371810
360 0 170 40 40 1.824639
360 0 180 40 40 5.936479
360 0 190 40 40 3.695076
360 10 160 40 40 0.599284
360 10 170 40 40 0.412186
360 10 180 40 40 1.605444
360 9 171 36 36 1.905153
360 144 171 36 36 0.649549
360 432 126 36 36 2.417144
360 441 18 36 36 0.565644
360 441 126 36 36 3.327217
360 18 288 24 24 0.153705
360 132 204 24 24 0.836454
360 132 210 24 24 0.899982
360 144 204 24 24 3.699123
360 144 210 24 24 2.191734
360 288 102 24 24 0.481513
360 288 108 24 24 1.411713
360 480 192 24 24 0.468760
360 486 192 24 24 0.143435
390 0 216 48 48 2.416785
390 0 228 48 48 2.745298
390 12 216 48 48 2.719220
390 12 228 48 48 3.987183
390 24 216 48 48 1.900163
390 24 228 48 48 3.533043
390 36 228 48 48 0.812395
390 420 36 48 48 0.633536
390 0 216 48 48 2.416785
390 0 228 48 48 2.745298
390 12 216 48 48 2.719220
390 12 228 48 48 3.987183
390 24 216 48 48 1.900163
390 24 228 48 48 3.533043
390 36 228 48 48 0.812395
390 420 36 48 48 0.633536
390 18 288 36 36 0.908569
390 27 288 36 36 0.800233
390 162 153 36 36 0.670386
390 264 128 32 32 1.888669
390 264 136 32 32 1.777024
390 264 144 32 32 0.871885
390 264 152 32 32 0.637485
390 272 152 32 32 2.073518
390 392 16 32 32 2.870700
390 392 24 32 32 1.072493
390 400 16 32 32 2.473524
390 400 24 32 32 0.586997
390 408 24 32 32 1.714906
390 0 133 28 28 0.036925
390 112 112 28 28 3.375520
390 119 112 28 28 2.826742
390 238 119 28 28 0.095097
390 455 112 28 28 1.234846
390 462 112 28 28 2.671507
390 132 192 24 24 0.129922
390 144 192 24 24 3.038095
390 192 192 24 24 1.696144
390 198 192 24 24 2.124429
390 204 192 24 24 3.437809
390 210 192 24 24 4.033644
390 294 192 24 24 0.411656
390 300 192 24 24 1.449613
390 300 198 24 24 0.764625
390 498 84 24 24 0.091402
390 498 96 24 24 1.754235
420 352 16 64 64 1.488471
420 352 32 64 64 3.521670
420 352 48 64 64 5.802839
420 12 192 48 48 2.311313
420 12 204 48 48 3.598459
420 12 216 48 48 0.121445
420 24 192 48 48 2.375134
420 24 204 48 48 4.520234
420 24 216 48 48 4.197562
420 36 204 48 48 1.853616
420 36 216 48 48 3.289147
420 192 24 48 48 0.381020
420 192 204 48 48 0.413428
420 192 216 48 48 0.702926
420 204 216 48 48 0.993713
420 216 24 48 48 0.259696
420 420 12 48 48 3.387226
420 420 24 48 48 0.717277
420 12 192 48 48 2.311313
420 12 204 48 48 3.598459
420 12 216 48 48 0.121445
420 24 192 48 48 2.375134
420 24 204 48 48 4.520234
420 24 216 48 48 4.197562
420 36 204 48 48 1.853616
420 36 216 48 48 3.289147
420 192 24 48 48 0.381020
420 192 204 48 48 0.413428
420 192 216 48 48 0.702926
420 204 216 48 48 0.993713
420 216 24 48 48 0.259696
420 420 12 48 48 3.387226
420 420 24 48 48 0.717277
420 22 187 44 44 0.112534
420 22 198 44 44 2.408521
420 22 209 44 44 2.637475
420 33 209 44 44 1.050158
420 242 209 44 44 3.652428
420 0 10 40 40 2.544007
420 0 20 40 40 0.178091
420 240 140 40 40 0.604275
420 0 0 36 36 1.208506
420 0 9 36 36 2.390241
420 0 18 36 36 2.215365
420 0 126 36 36 1.301804
420 9 9 36 36 0.881443
420 9 18 36 36 1.412042
420 0 0 32 32 1.067076
420 0 24 32 32 0.419284
420 0 128 32 32 1.099909
420 0 136 32 32 1.893205
420 0 144 32 32 0.214504
420 8 0 32 32 3.953953
420 8 8 32 32 1.560942
420 8 16 32 32 3.874398
420 8 24 32 32 3.326641
420 8 136 32 32 0.865878
420 16 0 32 32 4.336675
420 16 8 32 32 2.171856
420 16 16 32 32 3.181653
420 16 24 32 32 5.611553
420 0 21 28 28 2.369799
420 7 98 28 28 1.530465
420 14 7 28 28 0.647626
420 14 21 28 28 2.609567
420 14 98 28 28 1.286262
420 21 0 28 28 1.994358
420 21 7 28 28 2.104151
420 21 14 28 28 1.399848
420 21 21 28 28 3.667507
420 154 98 28 28 0.986836
420 154 119 28 28 0.277732
420 231 126 28 28 1.416318
420 231 133 28 28 0.768578
420 238 119 28 28 4.756062
420 238 126 28 28 5.093609
420 238 133 28 28 2.889071
420 238 245 28 28 0.537062
420 245 119 28 28 1.061742
420 245 126 28 28 5.039834
420 245 133 28 28 1.919313
420 245 245 28 28 1.337008
420 357 112 28 28 1.774955
420 357 119 28 28 0.180301
420 0 18 24 24 2.625235
420 6 18 24 24 0.225112
420 102 0 24 24 0.338737
420 192 96 24 24 0.376527
420 192 102 24 24 0.428344
420 198 96 24 24 0.482220
420 204 108 24 24 0.025286
420 210 102 24 24 0.776959
420 210 108 24 24 1.240583
420 390 192 24 24 0.079180
420 390 198 24 24 1.883333
420 390 204 24 24 1.021416
420 396 114 24 24 2.865053
420 396 192 24 24 2.721836
420 396 198 24 24 4.664401
420 396 204 24 24 4.122906
420 402 114 24 24 2.732494
420 402 204 24 24 1.622082
420 402 210 24 24 0.197110
450 204 168 48 48 0.498479
450 216 168 48 48 3.595827
450 264 24 48 48 0.111518
450 264 36 48 48 0.802904
450 204 168 48 48 0.498479
450 216 168 48 48 3.595827
450 264 24 48 48 0.111518
450 264 36 48 48 0.802904
450 0 0 44 44 0.525716
450 242 176 44 44 0.637663
450 242 187 44 44 3.957778
450 242 198 44 44 4.666327
450 0 0 40 40 2.132225
450 10 0 40 40 0.924909
450 240 190 40 40 1.010584
450 0 0 36 36 2.849716
450 9 0 36 36 2.671520
450 18 0 36 36 4.256980
450 0 0 32 32 3.098289
450 0 8 32 32 1.136447
450 8 0 32 32 0.591590
450 8 8 32 32 1.333527
450 16 0 32 32 5.465377
450 16 8 32 32 3.193821
450 24 0 32 32 6.976911
450 24 8 32 32 3.564892
450 176 128 32 32 2.228323
450 400 152 32 32 3.146778
450 408 144 32 32 0.651227
450 408 152 32 32 4.674271
450 0 0 28 28 3.857246
450 0 7 28 28 4.834955
450 14 98 28 28 0.139988
450 21 7 28 28 0.329288
450 21 98 28 28 2.759079
450 126 14 28 28 0.282787
450 126 21 28 28 0.026249
450 224 126 28 28 2.741649
450 224 133 28 28 2.223857
450 231 126 28 28 2.807359
450 231 133 28 28 3.433622
450 238 126 28 28 3.107872
450 238 133 28 28 3.731310
450 245 126 28 28 0.497289
450 245 133 28 28 5.033771
450 336 98 28 28 1.940354
450 336 126 28 28 0.736935
450 343 98 28 28 0.095620
450 350 98 28 28 1.824976
450 357 14 28 28 2.211214
450 357 21 28 28 0.954815
450 0 0 24 24 2.619722
450 0 6 24 24 1.987576
450 0 12 24 24 1.508099
450 6 6 24 24 1.443794
450 6 12 24 24 5.410002
450 6 18 24 24 3.468434
450 12 18 24 24 0.003891
450 492 210 24 24 0.581195
450 498 204 24 24 2.203371
450 498 210 24 24 2.328483
480 0 16 64 64 2.679022
480 16 16 64 64 1.840906
480 16 32 64 64 1.548568
480 32 16 64 64 2.931024
480 32 32 64 64 3.422227
480 48 16 64 64 2.071091
480 48 32 64 64 1.584010
480 176 33 44 44 0.020461
480 264 176 44 44 1.616694
480 352 176 44 44 1.631704
480 363 176 44 44 4.422878
480 374 176 44 44 3.286171
480 385 176 44 44 2.733392
480 216 126 36 36 7.794165
480 128 128 32 32 1.618014
480 136 128 32 32 0.584519
480 176 128 32 32 1.020400
480 176 136 32 32 1.472332
480 176 144 32 32 2.630478
480 256 128 32 32 1.978773
480 264 136 32 32 1.544951
480 272 8 32 32 1.956279
480 272 16 32 32 1.473247
480 280 8 32 32 1.566020
480 154 133 28 28 0.714434
480 168 133 28 28 0.166406
480 357 231 28 28 0.034796
480 132 96 24 24 1.537439
480 192 108 24 24 2.427519
480 198 108 24 24 1.008222
480 198 114 24 24 0.849869
510 48 16 64 64 0.209463
510 352 32 64 64 1.076600
510 220 160 40 40 3.528882
510 220 170 40 40 4.310297
510 320 160 40 40 0.042398
510 320 170 40 40 3.004204
510 320 180 40 40 1.181344
510 330 180 40 40 1.690541
510 9 126 36 36 0.471032
510 18 126 36 36 3.860476
510 27 126 36 36 3.523089
510 0 112 32 32 1.833903
510 8 112 32 32 1.442923
510 16 112 32 32 2.298813
510 16 128 32 32 0.471468
510 24 112 32 32 0.017611
510 24 128 32 32 3.275379
510 24 136 32 32 2.667223
510 0 126 28 28 1.424077
510 7 126 28 28 2.048879
510 7 133 28 28 0.355704
510 14 126 28 28 3.176528
510 14 133 28 28 2.075941
510 21 133 28 28 0.199314
510 224 133 28 28 0.236842
510 238 133 28 28 0.132337
510 6 96 24 24 1.045262
510 6 102 24 24 0.570745
510 6 204 24 24 1.811518
510 6 210 24 24 1.389049
510 12 96 24 24 2.312470
510 12 102 24 24 2.300706
510 12 204 24 24 0.252422
510 12 210 24 24 1.182782
510 18 96 24 24 2.065987
510 18 102 24 24 0.628660
540 16 16 64 64 2.018445
540 16 32 64 64 2.877509
540 32 32 64 64 1.748019
540 256 16 64 64 2.533110
540 256 32 64 64 2.541968
540 272 16 64 64 4.479224
540 272 32 64 64 2.684887
540 288 16 64 64 2.707942
540 288 32 64 64 0.976609
540 0 126 36 36 1.423657
540 9 126 36 36 4.571199
540 9 144 36 36 1.770953
540 18 126 36 36 2.095946
540 18 144 36 36 1.246030
540 144 171 36 36 0.381386
540 216 171 36 36 0.431319
540 441 126 36 36 0.962450
540 450 126 36 36 0.360065
540 16 136 32 32 2.512219
540 16 144 32 32 5.053995
540 16 152 32 32 4.108669
540 24 136 32 32 4.046104
540 24 144 32 32 1.974989
540 24 152 32 32 3.403544
540 384 136 32 32 1.231420
540 384 144 32 32 5.105257
540 384 152 32 32 5.358057
540 392 136 32 32 1.952309
540 392 144 32 32 4.608552
540 392 152 32 32 1.720897
540 0 112 28 28 1.936298
540 0 119 28 28 0.761215
540 0 126 28 28 2.351395
540 7 126 28 28 3.786676
540 14 133 28 28 0.158004
540 126 133 28 28 1.140152
540 336 126 28 28 2.323861
540 336 133 28 28 4.131379
540 343 133 28 28 2.647878
540 455 119 28 28 1.841318
540 455 126 28 28 2.605337
540 455 133 28 28 6.780962
540 462 112 28 28 4.847208
540 462 119 28 28 5.356228
540 462 126 28 28 4.932089
540 462 133 28 28 4.153411
540 469 112 28 28 4.882700
540 469 119 28 28 4.885297
540 469 126 28 28 4.665156
540 469 133 28 28 3.532683
540 0 114 24 24 2.669691
540 492 102 24 24 0.366276
540 492 108 24 24 1.752366
540 492 114 24 24 2.053188
570 0 48 64 64 1.292798
570 256 0 64 64 0.071523
570 256 16 64 64 3.388313
570 272 0 64 64 0.339587
570 272 16 64 64 0.395903
570 288 48 64 64 0.168989
570 340 140 40 40 5.511281
570 350 140 40 40 6.385492
570 288 126 36 36 2.300820
570 0 112 32 32 3.777622
570 0 128 32 32 1.389827
570 192 112 32 32 1.225211
570 272 144 32 32 0.631938
570 280 136 32 32 2.013353
570 280 144 32 32 5.212812
570 280 152 32 32 0.046519
570 408 0 32 32 0.671557
570 408 8 32 32 2.882493
570 408 16 32 32 1.597542
570 343 133 28 28 0.916164
570 357 133 28 28 0.773286
570 448 14 28 28 2.172926
570 448 112 28 28 0.182143
570 132 198 24 24 1.535605
570 144 198 24 24 1.153820
570 144 204 24 24 1.034376
570 384 192 24 24 4.201500
570 390 192 24 24 6.680859
570 390 198 24 24 2.038143
570 396 192 24 24 5.409391
570 396 198 24 24 3.747836
570 402 192 24 24 2.714843
570 402 198 24 24 2.219188
570 492 6 24 24 1.050213
600 256 0 64 64 3.960963
600 256 16 64 64 3.484418
600 256 32 64 64 2.467058
600 272 0 64 64 5.256068
600 272 16 64 64 2.571074
600 288 0 64 64 3.993378
600 352 0 64 64 2.201118
600 352 16 64 64 0.661712
600 352 32 64 64 1.627325
600 352 48 64 64 3.872826
600 288 36 48 48 2.145105
600 396 36 48 48 0.691108
600 288 36 48 48 2.145105
600 396 36 48 48 0.691108
600 10 140 40 40 1.623498
600 20 160 40 40 0.779108
600 9 153 36 36 0.542479
600 18 153 36 36 1.281160
600 18 162 36 36 1.223877
600 27 153 36 36 2.324322
600 27 162 36 36 3.272510
600 27 171 36 36 1.937952
600 288 126 36 36 2.562215
600 297 126 36 36 2.573838
600 297 144 36 36 4.619980
600 306 126 36 36 1.492541
600 306 144 36 36 4.337173
600 306 153 36 36 0.659553
600 315 144 36 36 3.206516
600 315 153 36 36 1.133308
600 432 171 36 36 1.850632
600 450 0 36 36 2.783880
600 450 9 36 36 0.041401
600 192 112 32 32 1.380260
600 392 112 32 32 3.409024
600 392 128 32 32 2.339722
600 400 112 32 32 2.643716
600 400 128 32 32 4.896927
600 408 128 32 32 3.558250
600 7 133 28 28 0.769134
600 336 126 28 28 1.126116
600 462 0 28 28 0.298027
600 96 192 24 24 0.675629
600 102 192 24 24 0.147392
600 108 192 24 24 0.850699
600 294 96 24 24 2.296860
600 294 102 24 24 0.071033
600 384 114 24 24 2.017911
630 16 48 64 64 2.860230
630 32 48 64 64 2.226539
630 288 0 64 64 4.234788
630 352 48 64 64 2.861340
630 340 30 40 40 0.691321
630 0 126 36 36 4.533297
630 9 126 36 36 0.490534
630 162 126 36 36 0.062948
630 0 136 32 32 0.931631
630 0 144 32 32 2.252891
630 8 136 32 32 4.171215
630 8 144 32 32 1.767617
630 16 136 32 32 3.239254
630 16 144 32 32 1.306621
630 256 112 32 32 1.835021
630 392 136 32 32 0.366548
630 455 98 28 28 0.564569
630 462 119 28 28 0.789489
630 462 126 28 28 2.519630
630 462 133 28 28 1.599354
630 469 133 28 28 1.360363
630 469 224 28 28 2.297575
630 469 231 28 28 0.650745
630 96 192 24 24 5.470609
630 96 198 24 24 6.087298
630 102 192 24 24 3.658004
630 102 198 24 24 3.667539
630 108 114 24 24 2.869404
630 108 192 24 24 0.820870
630 108 198 24 24 0.598868
630 144 192 24 24 0.640827
630 396 192 24 24 3.166819
630 402 192 24 24 3.437937
630 402 198 24 24 1.036676
630 486 108 24 24 0.362775
630 492 108 24 24 2.649094
660 32 48 64 64 1.692225
660 48 48 64 64 2.782176
660 256 16 64 64 1.517561
660 256 32 64 64 1.042054
660 256 48 64 64 1.098412
660 408 0 48 48 0.010826
660 420 0 48 48 2.677665
660 420 12 48 48 0.212499
660 408 0 48 48 0.010826
660 420 0 48 48 2.677665
660 420 12 48 48 0.212499
660 374 11 44 44 0.471143
660 315 126 36 36 0.035980
660 432 27 36 36 3.062786
660 0 136 32 32 2.664314
660 108 192 24 24 5.134160
660 132 192 24 24 3.620924
660 480 84 24 24 1.013390
660 486 84 24 24 1.803595
660 492 84 24 24 3.843853
660 498 84 24 24 6.018954
690 48 48 64 64 2.369666
690 256 32 64 64 0.868846
690 288 32 64 64 0.269938
690 350 140 40 40 2.726805
690 280 112 32 32 0.819775
690 350 133 28 28 1.896636
690 357 133 28 28 2.464708
690 448 98 28 28 0.078996
690 132 192 24 24 5.370565
690 144 192 24 24 2.746948
690 384 192 24 24 6.446676
690 384 198 24 24 2.603895
690 390 192 24 24 6.284231
690 390 198 24 24 4.523020
690 396 192 24 24 1.513941
720 48 32 64 64 0.857088
720 48 48 64 64 3.499909
720 0 126 36 36 0.258925
720 0 162 36 36 0.962422
720 9 126 36 36 5.324375
720 9 144 36 36 0.937410
720 18 126 36 36 1.561044
720 18 144 36 36 0.342567
720 16 136 32 32 2.613929
720 16 144 32 32 2.251030
720 24 112 32 32 0.393698
720 24 136 32 32 0.450141
720 24 144 32 32 1.756723
720 392 144 32 32 0.319209
720 400 136 32 32 2.877115
720 400 144 32 32 2.921005
720 408 136 32 32 2.292954
720 408 144 32 32 5.044981
720 0 133 28 28 1.509040
720 21 112 28 28 0.013243
720 469 98 28 28 1.423313
720 0 198 24 24 4.414049
720 0 204 24 24 4.791671
720 0 210 24 24 4.697371
720 6 198 24 24 1.155993
720 6 204 24 24 0.051125
720 12 198 24 24 0.272018
720 132 192 24 24 5.519092
720 132 198 24 24 2.167578
720 144 192 24 24 5.142072
720 144 198 24 24 3.360172
720 300 6 24 24 2.513062
720 300 12 24 24 0.051506
720 306 0 24 24 0.187310
720 480 210 24 24 2.418596
720 498 114 24 24 2.537014
750 0 0 64 64 1.357655
750 0 16 64 64 7.843733
750 0 32 64 64 3.779712
750 16 16 64 64 1.204852
750 32 48 64 64 1.664662
750 48 48 64 64 3.358519
750 432 144 36 36 0.453860
750 441 144 36 36 3.005492
750 450 144 36 36 4.919115
750 459 144 36 36 5.192204
750 0 112 32 32 0.903292
750 8 112 32 32 2.983215
750 16 112 32 32 0.782506
750 24 112 32 32 0.191680
750 384 136 32 32 0.409771
750 384 144 32 32 1.829830
750 384 152 32 32 3.553897
750 392 144 32 32 1.019873
750 392 152 32 32 1.104373
750 7 126 28 28 1.592314
750 7 133 28 28 0.839629
750 14 119 28 28 4.192371
750 14 126 28 28 5.935431
750 14 133 28 28 3.950727
750 21 119 28 28 0.349293
750 21 126 28 28 0.334477
750 231 119 28 28 0.316617
750 231 133 28 28 0.297378
750 396 192 24 24 0.146653
750 480 96 24 24 1.883777
750 480 102 24 24 3.234815
750 480 108 24 24 0.651617
750 486 96 24 24 4.809736
750 486 102 24 24 3.111852
750 492 96 24 24 0.664175
780 0 0 64 64 1.930605
780 0 16 64 64 3.700285
780 16 16 64 64 1.858541
780 48 32 64 64 1.084676
780 48 48 64 64 0.947442
780 352 48 64 64 4.521935
780 420 12 48 48 1.233959
780 420 24 48 48 1.929733
780 420 12 48 48 1.233959
780 420 24 48 48 1.929733
780 384 128 32 32 2.241133
780 384 136 32 32 0.472345
780 392 128 32 32 1.655127
780 392 136 32 32 1.649909
780 408 128 32 32 0.662558
780 408 136 32 32 1.182711
780 0 119 28 28 0.751625
780 0 126 28 28 0.555708
780 336 112 28 28 1.157003
780 288 114 24 24 1.708621
780 480 210 24 24 0.388909
780 492 84 24 24 1.636095
780 498 204 24 24 0.938477
780 498 210 24 24 0.722225
810 450 153 36 36 2.466609
810 144 128 32 32 1.150241
810 384 128 32 32 5.670806
810 384 136 32 32 7.222021
810 384 144 32 32 3.496377
810 392 128 32 32 4.000797
810 392 136 32 32 5.996602
810 392 144 32 32 3.208116
810 336 126 28 28 1.434922
810 336 133 28 28 2.889910
810 343 126 28 28 1.410661
810 343 133 28 28 1.510486
810 350 98 28 28 3.176696
810 357 126 28 28 0.666186
810 357 133 28 28 3.536720
810 448 112 28 28 3.130575
810 448 119 28 28 2.701415
810 455 112 28 28 3.188685
810 462 112 28 28 1.601589
810 462 133 28 28 1.106721
810 96 114 24 24 3.285506
810 102 114 24 24 2.751233
810 108 114 24 24 2.047153
810 132 114 24 24 0.689513
810 144 114 24 24 1.995925
810 288 114 24 24 2.272911
810 294 114 24 24 2.837544
810 300 114 24 24 0.620549
810 486 96 24 24 3.469828
810 486 102 24 24 3.035623
810 492 84 24 24 1.596145
810 492 96 24 24 5.433790
810 492 102 24 24 4.524875
810 498 84 24 24 0.579471
810 498 96 24 24 4.979027
810 498 102 24 24 2.417199
840 0 0 64 64 0.947216
840 0 16 64 64 0.172801
840 352 48 64 64 2.982732
840 0 18 36 36 1.754542
840 432 126 36 36 0.661753
840 432 144 36 36 10.947432
840 432 153 36 36 7.938426
840 432 162 36 36 2.314772
840 441 144 36 36 7.748064
840 441 153 36 36 5.830170
840 441 162 36 36 2.914915
840 450 144 36 36 0.190286
840 0 112 32 32 1.251420
840 8 24 32 32 1.180696
840 176 112 32 32 1.511878
840 392 144 32 32 2.883081
840 400 152 32 32 1.404167
840 408 152 32 32 1.135639
840 0 119 28 28 0.120034
840 0 126 28 28 0.079710
840 7 119 28 28 1.141539
840 7 126 28 28 1.623956
840 14 126 28 28 0.823195
840 238 112 28 28 1.955020
840 238 119 28 28 3.376746
840 245 112 28 28 3.119619
840 245 119 28 28 3.116641
840 245 126 28 28 0.001981
840 336 119 28 28 5.163791
840 336 126 28 28 3.740585
840 343 119 28 28 2.776171
840 343 126 28 28 2.979647
840 350 112 28 28 0.236068
840 350 119 28 28 0.960662
840 350 126 28 28 3.644044
840 350 133 28 28 1.590418
840 357 126 28 28 1.872251
840 357 133 28 28 3.463195
840 448 133 28 28 0.234333
840 390 96 24 24 0.426892
840 396 114 24 24 1.838275
840 402 114 24 24 0.091954
870 256 16 64 64 0.694815
870 408 36 48 48 0.062497
870 420 36 48 48 0.421398
870 408 36 48 48 0.062497
870 420 36 48 48 0.421398
870 432 144 36 36 1.352366
870 432 162 36 36 2.781152
870 441 153 36 36 0.373354
870 441 162 36 36 3.934788
870 441 171 36 36 2.006176
870 450 162 36 36 4.504107
870 450 171 36 36 3.523604
870 459 171 36 36 1.805179
870 384 128 32 32 0.973953
870 400 128 32 32 3.198506
870 400 136 32 32 3.139209
870 400 144 32 32 3.240797
870 400 152 32 32 3.040866
870 408 136 32 32 0.715555
870 408 144 32 32 1.595932
870 408 152 32 32 3.847801
870 119 112 28 28 1.153249
870 168 112 28 28 0.123100
870 168 119 28 28 1.039248
870 245 119 28 28 0.942164
870 245 126 28 28 1.668905
870 245 133 28 28 3.958783
870 343 126 28 28 3.161116
870 343 133 28 28 4.918921
870 350 112 28 28 0.164130
870 350 119 28 28 2.179075
870 350 126 28 28 3.897958
870 350 133 28 28 7.026591
870 357 119 28 28 0.574534
870 357 126 28 28 2.689067
870 357 133 28 28 2.763654
870 448 112 28 28 4.097970
870 448 119 28 28 4.074153
870 455 112 28 28 3.673488
870 455 119 28 28 4.881898
870 455 126 28 28 0.077697
870 462 112 28 28 2.878336
870 462 119 28 28 3.195363
870 469 112 28 28 4.745569
870 390 102 24 24 1.239666
870 390 108 24 24 3.084536
870 480 192 24 24 1.613918
870 480 198 24 24 4.840989
870 480 204 24 24 7.344984
870 480 210 24 24 9.355067
870 486 114 24 24 0.595565
870 486 198 24 24 0.261388
870 486 204 24 24 4.376337
870 486 210 24 24 10.092294
870 492 204 24 24 1.156892
870 492 210 24 24 5.582136
900 256 16 64 64 0.373837
900 352 48 64 64 3.453601
900 396 24 48 48 0.274289
900 396 24 48 48 0.274289
900 374 33 44 44 1.094952
900 432 144 36 36 2.028272
900 432 153 36 36 1.688962
900 441 144 36 36 1.592998
900 441 153 36 36 3.694344
900 441 162 36 36 0.679499
900 441 171 36 36 1.550145
900 450 153 36 36 1.128848
900 450 162 36 36 0.386509
900 450 171 36 36 1.912492
900 459 171 36 36 1.776994
900 24 112 32 32 3.368140
900 24 128 32 32 0.508375
900 280 112 32 32 1.997975
900 384 136 32 32 3.078907
900 384 144 32 32 3.948488
900 392 136 32 32 0.681315
900 392 144 32 32 1.569629
900 7 126 28 28 0.882843
900 7 133 28 28 2.313045
900 14 126 28 28 0.571933
900 14 133 28 28 2.363727
900 21 126 28 28 0.842110
900 21 133 28 28 2.493343
900 126 98 28 28 0.051857
900 126 119 28 28 3.024554
900 168 119 28 28 2.557573
900 245 133 28 28 2.303729
900 336 126 28 28 0.965464
900 336 133 28 28 5.296932
900 343 126 28 28 2.849690
900 343 133 28 28 6.873283
900 350 126 28 28 3.391244
900 350 133 28 28 4.524786
900 396 114 24 24 0.495433
900 486 198 24 24 2.066949
900 486 204 24 24 1.442083
930 352 0 64 64 0.058468
930 352 48 64 64 2.446577
930 384 12 48 48 1.997420
930 384 24 48 48 4.219861
930 384 36 48 48 0.161024
930 396 12 48 48 1.289159
930 396 24 48 48 4.269422
930 408 12 48 48 1.132408
930 408 24 48 48 2.863273
930 420 12 48 48 2.311549
930 420 24 48 48 3.492780
930 384 12 48 48 1.997420
930 384 24 48 48 4.219861
930 384 36 48 48 0.161024
930 396 12 48 48 1.289159
930 396 24 48 48 4.269422
930 408 12 48 48 1.132408
930 408 24 48 48 2.863273
930 420 12 48 48 2.311549
930 420 24 48 48 3.492780
930 385 22 44 44 0.453246
930 385 33 44 44 2.273940
930 432 144 36 36 0.881767
930 432 153 36 36 2.250909
930 432 162 36 36 2.721272
930 432 171 36 36 5.107420
930 441 126 36 36 0.263621
930 441 162 36 36 0.736643
930 441 171 36 36 2.872922
930 450 126 36 36 0.531368
930 459 126 36 36 1.484829
930 16 112 32 32 2.302142
930 16 128 32 32 0.334503
930 144 112 32 32 3.497710
930 280 112 32 32 0.460509
930 384 152 32 32 0.190132
930 392 152 32 32 0.592301
930 21 133 28 28 2.312546
930 112 98 28 28 0.198141
930 154 126 28 28 3.281925
930 154 133 28 28 2.182558
930 238 133 28 28 0.030509
930 336 133 28 28 1.355406
930 343 133 28 28 4.141245
930 350 112 28 28 0.161881
930 350 119 28 28 1.474512
930 350 126 28 28 2.705925
930 350 133 28 28 3.330609
930 357 112 28 28 4.058565
930 357 119 28 28 2.095503
930 357 126 28 28 1.546412
930 357 133 28 28 3.373197
930 469 21 28 28 1.877306
930 486 108 24 24 1.874863
930 486 114 24 24 2.315372
930 492 102 24 24 3.139974
930 492 108 24 24 7.023579
930 492 114 24 24 4.749197
930 498 102 24 24 2.789626
930 498 108 24 24 5.450412
930 498 114 24 24 4.332164
960 0 48 64 64 0.113117
960 16 32 64 64 2.809738
960 32 32 64 64 3.238666
960 352 48 64 64 0.582977
960 420 0 48 48 0.124032
960 420 168 48 48 0.258205
960 420 0 48 48 0.124032
960 420 168 48 48 0.258205
960 432 153 36 36 2.311142
960 432 162 36 36 4.796927
960 432 171 36 36 3.479320
960 441 162 36 36 2.388570
960 441 171 36 36 3.197282
960 459 18 36 36 1.614257
960 459 27 36 36 1.504614
960 392 128 32 32 0.566773
960 392 152 32 32 3.721267
960 400 152 32 32 4.103374
960 126 133 28 28 0.804232
960 245 133 28 28 1.559135
960 350 126 28 28 0.534743
960 350 133 28 28 1.247689
960 357 133 28 28 2.708580
960 455 119 28 28 0.570952
960 455 224 28 28 0.896677
960 462 224 28 28 4.496227
960 469 224 28 28 3.153857
960 384 114 24 24 1.185534
960 390 114 24 24 0.483072
960 480 210 24 24 1.942685
960 486 96 24 24 0.164751
960 486 210 24 24 1.290427
960 492 96 24 24 1.186544
990 0 16 64 64 0.748812
990 0 32 64 64 5.479822
990 16 16 64 64 1.566678
990 16 32 64 64 3.294424
990 256 32 64 64 2.091328
990 352 48 64 64 3.280112
990 384 0 48 48 1.795681
990 384 12 48 48 0.318346
990 384 0 48 48 1.795681
990 384 12 48 48 0.318346
990 432 9 36 36 0.371641
990 432 126 36 36 0.546992
990 432 153 36 36 0.343013
990 432 162 36 36 3.504422
990 432 171 36 36 4.477818
990 441 153 36 36 2.784392
990 441 162 36 36 6.377678
990 441 171 36 36 7.529851
990 450 153 36 36 1.938363
990 450 162 36 36 2.682208
990 450 171 36 36 1.924286
990 24 128 32 32 1.289118
990 176 128 32 32 2.172366
990 384 112 32 32 0.442503
990 384 128 32 32 5.125498
990 384 136 32 32 5.708733
990 384 144 32 32 2.267090
990 392 128 32 32 0.610517
990 168 133 28 28 0.141641
990 336 133 28 28 1.762483
990 343 126 28 28 3.400807
990 343 133 28 28 6.034388
990 350 126 28 28 5.066686
990 350 133 28 28 8.442348
990 357 126 28 28 3.668520
990 357 133 28 28 5.903968
990 462 133 28 28 0.658856
990 396 114 24 24 3.578222
990 480 192 24 24 0.380073
990 480 198 24 24 2.101537
990 480 204 24 24 1.797579
990 480 210 24 24 2.095902
990 486 198 24 24 2.102284
990 486 204 24 24 0.884046
990 486 210 24 24 0.604605
990 492 198 24 24 1.804297
990 492 204 24 24 2.184199
990 492 210 24 24 1.971723
990 498 204 24 24 2.909135
990 498 210 24 24 2.665914
1020 0 32 64 64 1.486549
1020 256 16 64 64 0.180392
1020 256 32 64 64 3.410221
1020 272 32 64 64 3.652017
1020 288 32 64 64 4.418881
1020 352 16 64 64 1.629342
1020 352 32 64 64 3.676109
1020 352 48 64 64 3.123850
1020 0 192 48 48 2.605177
1020 0 192 48 48 2.605177
1020 0 187 44 44 0.455431
1020 0 198 44 44 2.976089
1020 11 198 44 44 1.225114
1020 153 126 36 36 2.075611
1020 162 126 36 36 0.781069
1020 432 162 36 36 5.160584
1020 432 171 36 36 4.755363
1020 441 162 36 36 2.861238
1020 441 171 36 36 2.518490
1020 176 128 32 32 5.106805
1020 176 136 32 32 3.677735
1020 280 128 32 32 1.945669
1020 384 128 32 32 0.251770
1020 384 136 32 32 5.536123
1020 392 128 32 32 4.431788
1020 392 136 32 32 5.603015
1020 400 112 32 32 0.854741
1020 400 128 32 32 4.451765
1020 400 136 32 32 5.169177
1020 400 144 32 32 3.390388
1020 408 112 32 32 3.973199
1020 408 128 32 32 3.319273
1020 408 136 32 32 1.615310
1020 168 133 28 28 3.211815
1020 336 133 28 28 2.971079
1020 343 133 28 28 4.309889
1020 350 133 28 28 5.507714
1020 357 133 28 28 7.358413
1020 486 6 24 24 0.258295
1050 256 16 64 64 0.548597
1050 272 16 64 64 0.793100
1050 272 32 64 64 1.842924
1050 272 48 64 64 0.109062
1050 288 16 64 64 0.188480
1050 288 32 64 64 3.863694
1050 288 48 64 64 0.817677
1050 352 16 64 64 0.642803
1050 352 32 64 64 1.853580
1050 420 0 48 48 2.857426
1050 420 12 48 48 1.409225
1050 420 24 48 48 0.488204
1050 420 0 48 48 2.857426
1050 420 12 48 48 1.409225
1050 420 24 48 48 0.488204
1050 22 187 44 44 1.559961
1050 385 0 44 44 2.673869
1050 30 190 40 40 0.477122
1050 144 126 36 36 0.826028
1050 216 126 36 36 0.701170
1050 450 126 36 36 0.719583
1050 450 144 36 36 0.010736
1050 450 153 36 36 1.747914
1050 459 126 36 36 1.634570
1050 176 136 32 32 1.434252
1050 272 128 32 32 1.639139
1050 280 128 32 32 4.763693
1050 384 128 32 32 2.340762
1050 384 136 32 32 4.449864
1050 392 136 32 32 1.126926
1050 408 128 32 32 5.824470
1050 0 238 28 28 1.554511
1050 0 245 28 28 4.130485
1050 7 238 28 28 2.376378
1050 7 245 28 28 3.629681
1050 14 245 28 28 0.472348
1050 168 133 28 28 2.042226
1050 336 133 28 28 5.986062
1050 343 133 28 28 3.948506
1050 350 133 28 28 0.769895
1050 469 133 28 28 1.590271
1080 272 32 64 64 0.747120
1080 288 16 64 64 0.354665
1080 288 32 64 64 3.124291
1080 352 32 64 64 3.713204
1080 352 48 64 64 1.032046
1080 0 192 48 48 0.476038
1080 0 192 48 48 0.476038
1080 0 198 44 44 2.858390
1080 0 209 44 44 1.274249
1080 11 198 44 44 0.686307
1080 144 126 36 36 2.186589
1080 153 126 36 36 1.787021
1080 216 126 36 36 1.470709
1080 24 128 32 32 1.278441
1080 144 128 32 32 3.793721
1080 144 136 32 32 0.808587
1080 176 128 32 32 0.027287
1080 272 128 32 32 0.997918
1080 280 128 32 32 2.096221
1080 384 128 32 32 5.638544
1080 384 136 32 32 3.575079
1080 392 112 32 32 3.646807
1080 392 128 32 32 7.994159
1080 392 136 32 32 4.038104
1080 392 144 32 32 1.485400
1080 400 128 32 32 7.152585
1080 400 136 32 32 1.052489
1080 408 128 32 32 3.257306
1080 0 98 28 28 3.751991
1080 0 245 28 28 1.136930
1080 7 98 28 28 1.294619
1080 7 112 28 28 1.924352
1080 7 238 28 28 0.980015
1080 7 245 28 28 2.878795
1080 14 231 28 28 0.384210
1080 14 238 28 28 2.293268
1080 14 245 28 28 2.574854
1080 21 238 28 28 3.394546
1080 21 245 28 28 4.039900
1080 154 133 28 28 4.067887
1080 168 133 28 28 3.868645
1080 336 112 28 28 0.324102
1080 343 112 28 28 0.458384
1080 343 133 28 28 2.132533
1080 350 112 28 28 3.125073
1080 350 133 28 28 4.050932
1080 357 133 28 28 4.024965
1080 448 133 28 28 1.663525
1080 462 133 28 28 0.018707
1080 0 108 24 24 0.597434
1080 6 102 24 24 2.153010
1080 6 108 24 24 6.811423
1080 6 114 24 24 5.122573
1080 12 108 24 24 3.674539
1080 12 114 24 24 4.181599
1080 18 108 24 24 1.996493
1080 18 114 24 24 4.789439
1110 256 16 64 64 1.068723
1110 288 16 64 64 2.091457
1110 288 32 64 64 1.743626
1110 352 16 64 64 4.815111
1110 352 32 64 64 5.461082
1110 352 48 64 64 4.118227
1110 0 192 48 48 2.835323
1110 0 192 48 48 2.835323
1110 0 176 44 44 0.945025
1110 0 187 44 44 5.079985
1110 0 198 44 44 4.369116
1110 0 209 44 44 0.642555
1110 11 187 44 44 1.437593
1110 11 198 44 44 3.127697
1110 11 209 44 44 0.540243
1110 22 198 44 44 1.057655
1110 0 190 40 40 0.138953
1110 144 126 36 36 3.870450
1110 432 126 36 36 4.325346
1110 441 126 36 36 3.770300
1110 450 126 36 36 1.853689
1110 136 112 32 32 1.994630
1110 136 128 32 32 3.978928
1110 136 136 32 32 3.469121
1110 144 112 32 32 3.713925
1110 144 128 32 32 4.778485
1110 144 136 32 32 5.180287
1110 272 128 32 32 1.004470
1110 280 128 32 32 0.123297
1110 384 128 32 32 1.977556
1110 392 128 32 32 3.264522
1110 400 128 32 32 3.358693
1110 408 136 32 32 1.996430
1110 0 98 28 28 1.561944
1110 7 98 28 28 4.491468
1110 7 112 28 28 0.478648
1110 14 98 28 28 0.856912
1110 14 238 28 28 0.751614
1110 14 245 28 28 0.624436
1110 21 231 28 28 1.845312
1110 21 238 28 28 2.576557
1110 21 245 28 28 1.108832
1110 154 119 28 28 3.271038
1110 154 126 28 28 3.989071
1110 154 133 28 28 3.990074
1110 168 119 28 28 1.778469
1110 168 126 28 28 2.427886
1110 168 133 28 28 5.059640
1110 336 98 28 28 3.355784
1110 350 98 28 28 1.950251
1110 357 98 28 28 3.671489
1110 357 112 28 28 1.252663
1110 448 133 28 28 3.130279
1110 455 133 28 28 1.581770
1110 462 21 28 28 0.129457
1110 462 133 28 28 1.547192
1110 12 108 24 24 2.666950
1110 12 114 24 24 3.740956
1110 18 108 24 24 2.291704
1110 18 114 24 24 3.024880
1110 396 102 24 24 0.474107
1110 396 108 24 24 2.146199
1140 256 32 64 64 0.967179
1140 288 48 64 64 0.986775
1140 352 16 64 64 3.344568
1140 352 32 64 64 8.968587
1140 352 48 64 64 9.530773
1140 0 192 48 48 1.479260
1140 24 168 48 48 0.498321
1140 36 168 48 48 0.395451
1140 384 36 48 48 0.687776
1140 420 24 48 48 1.652310
1140 0 192 48 48 1.479260
1140 24 168 48 48 0.498321
1140 36 168 48 48 0.395451
1140 384 36 48 48 0.687776
1140 420 24 48 48 1.652310
1140 0 198 44 44 0.958948
1140 0 209 44 44 2.005713
1140 11 198 44 44 1.518958
1140 11 209 44 44 0.050078
1140 216 126 36 36 2.075211
1140 432 126 36 36 0.372608
1140 441 126 36 36 0.641438
1140 450 126 36 36 0.074635
1140 16 256 32 32 0.158172
1140 384 128 32 32 3.225965
1140 384 136 32 32 7.805519
1140 384 144 32 32 5.174747
1140 392 128 32 32 5.406078
1140 392 136 32 32 4.994426
1140 392 144 32 32 2.323138
1140 400 136 32 32 0.704754
1140 400 144 32 32 2.643206
1140 400 152 32 32 0.170189
1140 408 144 32 32 0.496492
1140 408 152 32 32 0.125012
1140 14 238 28 28 1.279839
1140 14 245 28 28 1.858989
1140 21 238 28 28 0.465203
1140 21 245 28 28 2.156242
1140 126 133 28 28 0.739745
1140 168 112 28 28 8.305339
1140 168 119 28 28 4.019169
1140 168 126 28 28 0.748881
1140 168 133 28 28 1.955597
1140 0 108 24 24 1.499755
1140 12 108 24 24 0.762835
1140 18 108 24 24 3.144692
1140 384 96 24 24 3.286771
1140 384 114 24 24 5.320885
1140 390 96 24 24 0.531080
1140 390 102 24 24 1.799146
1140 390 114 24 24 5.526097
1140 396 96 24 24 3.351788
1140 396 102 24 24 2.743144
1140 396 114 24 24 1.233075
1140 402 96 24 24 1.685595
1140 402 102 24 24 0.435822
1170 256 32 64 64 1.469464
1170 352 32 64 64 5.813336
1170 352 48 64 64 8.219566
1170 24 192 48 48 0.000133
1170 384 36 48 48 0.209218
1170 24 192 48 48 0.000133
1170 384 36 48 48 0.209218
1170 33 187 44 44 0.808260
1170 33 198 44 44 2.310772
1170 374 33 44 44 1.404082
1170 385 33 44 44 1.961195
1170 9 126 36 36 2.382569
1170 432 126 36 36 1.366471
1170 441 126 36 36 3.387642
1170 0 256 32 32 2.435561
1170 0 264 32 32 0.136904
1170 8 128 32 32 3.600077
1170 8 256 32 32 1.134735
1170 16 128 32 32 1.887903
1170 16 136 32 32 0.894627
1170 24 136 32 32 1.532219
1170 24 144 32 32 1.073308
1170 128 112 32 32 4.114994
1170 128 128 32 32 5.360180
1170 128 136 32 32 3.830126
1170 176 112 32 32 1.710710
1170 272 112 32 32 0.277038
1170 280 112 32 32 1.129735
1170 400 144 32 32 2.134733
1170 408 136 32 32 1.894242
1170 408 144 32 32 2.346797
1170 0 238 28 28 0.709179
1170 0 245 28 28 0.725859
1170 7 245 28 28 1.378374
1170 14 133 28 28 2.868653
1170 14 245 28 28 1.460743
1170 21 133 28 28 1.381954
1170 119 133 28 28 3.493395
1170 126 126 28 28 4.569149
1170 126 133 28 28 8.883697
1170 384 84 24 24 4.963722
1170 390 84 24 24 5.316031
1170 396 84 24 24 2.325709
1170 396 102 24 24 0.681357
1170 396 108 24 24 0.292210
1170 402 84 24 24 1.432670
1170 402 96 24 24 2.478645
1170 402 102 24 24 6.584639
1170 402 108 24 24 2.794008
1170 480 6 24 24 0.468180
1200 256 16 64 64 2.687394
1200 256 32 64 64 2.474320
1200 272 16 64 64 2.231111
1200 272 32 64 64 0.772832
1200 408 12 48 48 2.143307
1200 420 12 48 48 2.106558
1200 408 12 48 48 2.143307
1200 420 12 48 48 2.106558
1200 22 198 44 44 1.168317
1200 9 126 36 36 0.655812
1200 9 144 36 36 0.910794
1200 18 144 36 36 1.172426
1200 0 256 32 32 0.691981
1200 16 144 32 32 3.217140
1200 16 152 32 32 1.050900
1200 24 128 32 32 0.632313
1200 24 144 32 32 1.466899
1200 24 152 32 32 3.040174
1200 128 128 32 32 6.101573
1200 128 136 32 32 2.967534
1200 136 112 32 32 2.019403
1200 136 128 32 32 5.209487
1200 136 136 32 32 0.094227
1200 192 128 32 32 0.346868
1200 126 112 28 28 0.246263
1200 126 133 28 28 3.015528
1200 154 98 28 28 1.016396
1200 336 126 28 28 0.091670
1200 336 133 28 28 2.915684
1200 0 84 24 24 3.849985
1200 0 288 24 24 1.144308
1200 0 294 24 24 0.815777
1200 6 84 24 24 3.014212
1200 6 288 24 24 1.118604
1230 256 0 64 64 1.492380
1230 256 16 64 64 5.496328
1230 272 0 64 64 2.689806
1230 272 16 64 64 3.408617
1230 288 0 64 64 0.491755
1230 288 16 64 64 1.237239
1230 288 32 64 64 3.202044
1230 288 48 64 64 0.506822
1230 12 192 48 48 1.838855
1230 12 192 48 48 1.838855
1230 11 198 44 44 1.828794
1230 22 187 44 44 1.259133
1230 22 198 44 44 3.229251
1230 374 33 44 44 0.065001
1230 8 136 32 32 1.853395
1230 128 128 32 32 1.611588
1230 192 128 32 32 1.786932
1230 384 152 32 32 3.753079
1230 392 16 32 32 1.690190
1230 400 16 32 32 2.508760
1230 400 24 32 32 0.553904
1230 112 126 28 28 1.594779
1230 112 133 28 28 4.655533
1230 119 126 28 28 2.733441
1230 119 133 28 28 7.003486
1230 126 126 28 28 0.659040
1230 126 133 28 28 6.329484
1230 154 133 28 28 3.209277
1230 168 126 28 28 1.992519
1230 168 133 28 28 4.034338
1230 336 133 28 28 4.053331
1230 343 119 28 28 2.171203
1230 343 126 28 28 1.588788
1230 343 133 28 28 6.437492
1230 350 119 28 28 2.617176
1230 350 126 28 28 0.177709
1230 350 133 28 28 4.800574
1230 357 98 28 28 1.425200
1230 357 119 28 28 2.770155
1230 448 0 28 28 2.005924
1230 448 7 28 28 1.013773
1230 448 14 28 28 0.686857
1230 455 0 28 28 2.735749
1230 462 0 28 28 0.273632
1230 144 96 24 24 3.034704
1230 144 102 24 24 3.611246
1230 384 114 24 24 2.823092
1230 402 96 24 24 1.205966
1230 486 12 24 24 2.000816
1230 492 12 24 24 2.422006
1230 492 18 24 24 1.009727
1230 498 12 24 24 2.790027
1230 498 18 24 24 1.361694
1260 256 0 64 64 2.488469
1260 256 16 64 64 2.721268
1260 256 32 64 64 3.132537
1260 272 16 64 64 2.767728
1260 272 32 64 64 4.118943
1260 272 48 64 64 1.071447
1260 288 16 64 64 3.512258
1260 288 32 64 64 4.298915
1260 288 48 64 64 3.474847
1260 352 16 64 64 3.257456
1260 352 32 64 64 4.057753
1260 0 192 48 48 0.696039
1260 12 192 48 48 2.879541
1260 384 36 48 48 4.078354
1260 396 36 48 48 4.112766
1260 408 36 48 48 0.612333
1260 0 192 48 48 0.696039
1260 12 192 48 48 2.879541
1260 384 36 48 48 4.078354
1260 396 36 48 48 4.112766
1260 408 36 48 48 0.612333
1260 0 198 44 44 2.119706
1260 0 209 44 44 0.487058
1260 11 187 44 44 1.281495
1260 11 198 44 44 3.072953
1260 22 198 44 44 1.604621
1260 0 126 36 36 0.858713
1260 432 27 36 36 1.172258
1260 441 126 36 36 0.993765
1260 441 171 36 36 0.980343
1260 450 171 36 36 0.666645
1260 0 128 32 32 2.646812
1260 8 128 32 32 3.331037
1260 16 128 32 32 2.504873
1260 128 112 32 32 1.220850
1260 136 112 32 32 2.401059
1260 144 112 32 32 1.710399
1260 272 112 32 32 0.321395
1260 0 133 28 28 2.984650
1260 7 133 28 28 2.294093
1260 14 98 28 28 0.773828
1260 14 133 28 28 4.221718
1260 21 133 28 28 2.151896
1260 112 119 28 28 1.669872
1260 112 126 28 28 0.185613
1260 119 119 28 28 0.501248
1260 119 126 28 28 0.537287
1260 126 119 28 28 2.493882
1260 126 126 28 28 1.884580
1260 154 119 28 28 0.042618
1260 154 126 28 28 1.537150
1260 231 133 28 28 1.166491
1260 336 112 28 28 3.067888
1260 336 119 28 28 2.745582
1260 336 126 28 28 4.409222
1260 336 133 28 28 6.334404
1260 343 126 28 28 3.363107
1260 343 133 28 28 3.408424
1260 350 126 28 28 1.746681
1260 350 133 28 28 3.494284
1260 357 126 28 28 1.996124
1260 357 133 28 28 3.780122
1260 448 112 28 28 0.812219
1260 448 119 28 28 0.180004
1260 448 126 28 28 2.806071
1260 448 133 28 28 4.351876
1260 455 126 28 28 1.670301
1260 455 133 28 28 3.034621
1260 396 108 24 24 0.131846
1260 402 108 24 24 1.355686
1260 402 114 24 24 2.077139
1260 486 6 24 24 0.478350
1260 492 6 24 24 1.204124
1290 16 16 64 64 0.140233
1290 256 16 64 64 2.889056
1290 256 32 64 64 0.668460
1290 272 16 64 64 1.708842
1290 272 32 64 64 2.389050
1290 288 16 64 64 1.793236
1290 288 32 64 64 3.771912
1290 288 48 64 64 0.679162
1290 352 32 64 64 4.358037
1290 352 48 64 64 5.144862
1290 0 192 48 48 3.067855
1290 0 204 48 48 1.092994
1290 12 192 48 48 1.250292
1290 408 12 48 48 0.047314
1290 408 24 48 48 0.957800
1290 420 24 48 48 3.975651
1290 420 36 48 48 2.382203
1290 0 192 48 48 3.067855
1290 0 204 48 48 1.092994
1290 12 192 48 48 1.250292
1290 408 12 48 48 0.047314
1290 408 24 48 48 0.957800
1290 420 24 48 48 3.975651
1290 420 36 48 48 2.382203
1290 0 198 44 44 1.124597
1290 0 209 44 44 1.520676
1290 11 198 44 44 2.987475
1290 11 209 44 44 1.833743
1290 22 187 44 44 0.188897
1290 22 198 44 44 0.387360
1290 374 11 44 44 1.235767
1290 374 22 44 44 0.772219
1290 30 140 40 40 0.843821
1290 30 190 40 40 0.392467
1290 350 20 40 40 2.555793
1290 350 30 40 40 1.318411
1290 128 112 32 32 4.526438
1290 136 112 32 32 3.375170
1290 384 152 32 32 2.046123
1290 392 152 32 32 1.220071
1290 112 119 28 28 3.147573
1290 112 126 28 28 4.238640
1290 112 133 28 28 1.710037
1290 119 112 28 28 4.468222
1290 119 119 28 28 5.439054
1290 119 126 28 28 4.009256
1290 126 112 28 28 5.655423
1290 126 119 28 28 7.542941
1290 126 126 28 28 2.681831
1290 168 126 28 28 2.358361
1290 168 133 28 28 0.112205
1290 336 112 28 28 1.682423
1290 336 119 28 28 4.859224
1290 336 126 28 28 1.810045
1290 343 112 28 28 0.553345
1290 343 119 28 28 5.353950
1290 343 126 28 28 3.827095
1290 343 133 28 28 2.289832
1290 350 119 28 28 3.068968
1290 350 126 28 28 3.911255
1290 350 133 28 28 6.562707
1290 357 133 28 28 0.876175
1290 448 133 28 28 0.717805
1290 455 126 28 28 0.817844
1290 455 133 28 28 4.489314
1290 462 98 28 28 1.012545
1290 462 126 28 28 1.781970
1290 462 133 28 28 3.681010
1290 469 126 28 28 0.761528
1290 469 133 28 28 0.191094
1290 390 84 24 24 1.810119
1290 390 114 24 24 0.414922
1320 16 16 64 64 0.040341
1320 288 0 64 64 0.388799
1320 288 16 64 64 2.549670
1320 288 32 64 64 3.726992
1320 288 48 64 64 2.848938
1320 396 24 48 48 1.198479
1320 420 24 48 48 2.855333
1320 420 36 48 48 1.616081
1320 396 24 48 48 1.198479
1320 420 24 48 48 2.855333
1320 420 36 48 48 1.616081
1320 0 187 44 44 1.420686
1320 0 198 44 44 3.399035
1320 0 209 44 44 3.540185
1320 432 144 36 36 3.966716
1320 432 153 36 36 7.244579
1320 432 162 36 36 2.791342
1320 441 153 36 36 1.337797
1320 0 128 32 32 3.270894
1320 8 128 32 32 5.967927
1320 16 128 32 32 1.040277
1320 136 112 32 32 0.353984
1320 176 128 32 32 4.747029
1320 176 136 32 32 0.491532
1320 192 128 32 32 1.259876
1320 384 144 32 32 1.030168
1320 384 152 32 32 3.967667
1320 392 0 32 32 0.833268
1320 400 0 32 32 3.450878
1320 400 8 32 32 2.359309
1320 408 0 32 32 1.677746
1320 408 8 32 32 2.390701
1320 14 133 28 28 1.228266
1320 21 133 28 28 0.600138
1320 112 119 28 28 4.006554
1320 112 126 28 28 1.248347
1320 119 119 28 28 0.279374
1320 119 126 28 28 0.324175
1320 126 126 28 28 0.907623
1320 168 133 28 28 0.444588
1320 336 112 28 28 3.643488
1320 336 119 28 28 1.656530
1320 343 112 28 28 5.195256
1320 343 119 28 28 0.502375
1320 350 119 28 28 2.353593
1320 350 126 28 28 2.523835
1320 357 119 28 28 3.492420
1320 357 126 28 28 5.159312
1320 357 133 28 28 0.535013
1320 448 98 28 28 4.062489
1320 455 98 28 28 2.826595
1320 18 114 24 24 0.427956
1320 108 102 24 24 1.041074
1320 108 108 24 24 2.067011
1320 480 114 24 24 0.407440
1320 486 192 24 24 0.372002
1320 492 192 24 24 0.190342
1320 492 198 24 24 0.912203
1320 492 204 24 24 1.678973
1320 492 210 24 24 3.542562
1320 498 204 24 24 0.712199
1320 498 210 24 24 1.434222
1350 256 0 64 64 0.393631
1350 272 0 64 64 2.088583
1350 288 16 64 64 0.110887
1350 288 32 64 64 0.149403
1350 352 0 64 64 0.374835
1350 352 16 64 64 7.574722
1350 352 32 64 64 5.320010
1350 352 48 64 64 1.973487
1350 288 36 48 48 1.869774
1350 384 36 48 48 0.812660
1350 396 0 48 48 2.376452
1350 396 24 48 48 0.683953
1350 396 36 48 48 3.951010
1350 408 36 48 48 2.576528
1350 288 36 48 48 1.869774
1350 384 36 48 48 0.812660
1350 396 0 48 48 2.376452
1350 396 24 48 48 0.683953
1350 396 36 48 48 3.951010
1350 408 36 48 48 2.576528
1350 11 22 44 44 0.686860
1350 20 30 40 40 2.096547
1350 30 30 40 40 1.421050
1350 162 126 36 36 2.808204
1350 432 126 36 36 0.171757
1350 432 144 36 36 1.861368
1350 441 18 36 36 2.041027
1350 441 126 36 36 3.250227
1350 441 144 36 36 2.576878
1350 441 153 36 36 0.496665
1350 441 162 36 36 3.861767
1350 450 18 36 36 2.543200
1350 450 27 36 36 3.327836
1350 450 126 36 36 2.493570
1350 450 144 36 36 3.966882
1350 450 153 36 36 2.811161
1350 450 162 36 36 3.297119
1350 450 171 36 36 3.996739
1350 459 9 36 36 0.884006
1350 459 18 36 36 3.198272
1350 459 27 36 36 3.240691
1350 459 162 36 36 1.787263
1350 459 171 36 36 2.913071
1350 128 112 32 32 1.275945
1350 128 128 32 32 1.429447
1350 176 128 32 32 3.305869
1350 176 136 32 32 3.745028
1350 384 112 32 32 5.894404
1350 384 128 32 32 0.793726
1350 392 112 32 32 4.589274
1350 0 238 28 28 0.294176
1350 0 245 28 28 0.080270
1350 112 119 28 28 1.585039
1350 112 126 28 28 3.163845
1350 119 112 28 28 0.192734
1350 119 119 28 28 3.234406
1350 119 126 28 28 4.255045
1350 119 133 28 28 1.881436
1350 126 119 28 28 0.975251
1350 126 126 28 28 3.995269
1350 126 133 28 28 3.000064
1350 336 112 28 28 3.648987
1350 336 119 28 28 0.964248
1350 343 112 28 28 3.872051
1350 343 119 28 28 0.593544
1350 350 112 28 28 1.179626
1350 448 98 28 28 5.730309
1350 455 98 28 28 3.929730
1350 455 112 28 28 1.248255
1350 462 98 28 28 0.861657
1350 462 112 28 28 1.992423
1350 96 96 24 24 1.596512
1350 102 96 24 24 1.294733
1350 192 108 24 24 0.400008
1350 204 114 24 24 0.353608
1350 210 108 24 24 0.101884
1350 480 192 24 24 0.221637
1380 256 0 64 64 3.802530
1380 256 16 64 64 0.715909
1380 272 0 64 64 4.560028
1380 272 16 64 64 3.601021
1380 288 0 64 64 4.526335
1380 288 16 64 64 3.602213
1380 352 16 64 64 3.922985
1380 352 32 64 64 4.025045
1380 352 48 64 64 2.554476
1380 288 36 48 48 3.953354
1380 288 36 48 48 3.953354
1380 264 154 44 44 0.132335
1380 432 126 36 36 0.418413
1380 459 27 36 36 1.793991
1380 128 128 32 32 0.099679
1380 136 128 32 32 2.944180
1380 392 112 32 32 2.291724
1380 400 112 32 32 8.310321
1380 400 128 32 32 2.304969
1380 408 112 32 32 3.083274
1380 336 112 28 28 2.440816
1380 336 119 28 28 0.896803
1380 343 112 28 28 4.222855
1380 343 119 28 28 2.930326
1380 350 112 28 28 8.236300
1380 350 119 28 28 3.346388
1380 357 112 28 28 5.771326
1380 357 119 28 28 1.766433
1380 448 133 28 28 3.511912
1380 6 84 24 24 1.448545
1380 12 84 24 24 1.095677
1380 18 84 24 24 2.019168
1380 198 108 24 24 2.181858
1380 204 108 24 24 0.897935
1410 0 32 64 64 3.744739
1410 0 48 64 64 2.137028
1410 16 32 64 64 4.785587
1410 16 48 64 64 0.752534
1410 32 32 64 64 1.574339
1410 256 0 64 64 4.873216
1410 256 16 64 64 0.381982
1410 272 0 64 64 10.149684
1410 272 16 64 64 2.714580
1410 288 0 64 64 7.359941
1410 288 16 64 64 2.285834
1410 352 16 64 64 1.029529
1410 288 36 48 48 2.268214
1410 288 36 48 48 2.268214
1410 27 126 36 36 5.055543
1410 432 144 36 36 2.888989
1410 441 144 36 36 0.671283
1410 450 9 36 36 0.915177
1410 8 112 32 32 0.874613
1410 16 112 32 32 6.884280
1410 24 112 32 32 4.785731
1410 14 112 28 28 1.749376
1410 14 119 28 28 2.099871
1410 21 112 28 28 5.978465
1410 21 119 28 28 7.555295
1410 21 126 28 28 2.398517
1410 350 112 28 28 1.105658
1410 357 112 28 28 4.753843
1410 357 119 28 28 0.375515
1410 455 133 28 28 0.420655
1410 462 21 28 28 1.399406
1410 462 133 28 28 1.134137
1410 469 133 28 28 0.159201
1410 132 114 24 24 1.398355
1410 192 108 24 24 0.009826
1440 0 48 64 64 2.128616
1440 16 48 64 64 2.952195
1440 32 48 64 64 0.231408
1440 48 48 64 64 0.557635
1440 256 0 64 64 5.672816
1440 272 0 64 64 8.977219
1440 288 0 64 64 7.043170
1440 288 16 64 64 0.506405
1440 288 36 48 48 2.547129
1440 288 36 48 48 2.547129
1440 0 126 36 36 4.895854
1440 9 126 36 36 2.006746
1440 18 126 36 36 0.362085
1440 432 0 36 36 0.638968
1440 450 0 36 36 0.627414
1440 459 0 36 36 0.109550
1440 8 136 32 32 2.934891
1440 8 144 32 32 1.084854
1440 16 136 32 32 3.467397
1440 16 144 32 32 3.597634
1440 24 136 32 32 1.102845
1440 24 144 32 32 2.907553
1440 384 112 32 32 0.750412
1440 112 98 28 28 4.334755
1440 350 98 28 28 0.363645
1440 357 98 28 28 0.208127
1440 357 112 28 28 0.024870
1440 448 7 28 28 0.446913
1440 448 14 28 28 1.728123
1440 455 7 28 28 0.087636
1440 96 102 24 24 0.380274
1440 96 108 24 24 1.257137
1440 102 102 24 24 2.443700
1440 102 108 24 24 1.222772
1440 108 108 24 24 2.859807
1440 108 114 24 24 2.105188
1440 132 96 24 24 0.104924
1440 132 102 24 24 0.881911
1440 306 108 24 24 1.640077
1440 306 114 24 24 4.347532
1440 390 0 24 24 0.156542
1470 256 0 64 64 1.207523
1470 272 0 64 64 4.639201
1470 288 0 64 64 3.075241
1470 288 36 48 48 3.350179
1470 288 36 48 48 3.350179
1470 0 154 44 44 3.468227
1470 11 154 44 44 3.519863
1470 0 160 40 40 5.578933
1470 0 170 40 40 2.522218
1470 10 160 40 40 5.561843
1470 10 170 40 40 3.305005
1470 20 160 40 40 5.048933
1470 20 170 40 40 0.787101
1470 30 160 40 40 1.483996
1470 0 162 36 36 2.837342
1470 0 171 36 36 1.038334
1470 9 162 36 36 4.575670
1470 9 171 36 36 6.909488
1470 18 162 36 36 1.902409
1470 18 171 36 36 5.702604
1470 27 171 36 36 4.242793
1470 0 112 32 32 0.679415
1470 0 98 28 28 2.729855
1470 0 112 28 28 2.220971
1470 0 119 28 28 2.821313
1470 0 126 28 28 0.188811
1470 7 98 28 28 5.759576
1470 7 112 28 28 4.131043
1470 7 119 28 28 4.326899
1470 7 126 28 28 1.965803
1470 154 98 28 28 1.070017
1470 154 112 28 28 0.517529
1470 469 0 28 28 1.920683
1470 0 114 24 24 1.898328
1470 6 114 24 24 0.323290
1470 12 108 24 24 0.750598
1470 12 114 24 24 4.590145
1470 18 108 24 24 0.971913
1470 18 114 24 24 4.672805
1470 102 84 24 24 1.059336
1470 102 108 24 24 0.232263
1470 108 84 24 24 0.829490
1470 144 204 24 24 1.391723
1470 144 210 24 24 0.913437
1470 210 108 24 24 0.211275
1470 210 114 24 24 1.946088
1470 306 108 24 24 0.324951
1470 384 96 24 24 0.688757
1470 384 102 24 24 1.849676
1470 384 108 24 24 5.475283
1470 384 114 24 24 4.360330
1470 390 96 24 24 3.072609
1470 390 102 24 24 1.573742
1470 390 108 24 24 4.424669
1470 390 114 24 24 4.573095
1470 396 108 24 24 0.505129
1470 396 114 24 24 3.696035
1470 402 114 24 24 2.015584
1470 498 12 24 24 1.019652
1470 498 18 24 24 1.595517
1500 256 16 64 64 1.635304
1500 272 0 64 64 2.196227
1500 272 16 64 64 3.403393
1500 0 204 48 48 1.732719
1500 0 216 48 48 2.491675
1500 0 228 48 48 0.491579
1500 288 24 48 48 1.865680
1500 288 36 48 48 1.084888
1500 384 24 48 48 1.643263
1500 384 36 48 48 1.323510
1500 396 24 48 48 2.780162
1500 396 36 48 48 2.680351
1500 0 204 48 48 1.732719
1500 0 216 48 48 2.491675
1500 0 228 48 48 0.491579
1500 288 24 48 48 1.865680
1500 288 36 48 48 1.084888
1500 384 24 48 48 1.643263
1500 384 36 48 48 1.323510
1500 396 24 48 48 2.780162
1500 396 36 48 48 2.680351
1500 0 209 44 44 0.444257
1500 352 33 44 44 2.331572
1500 363 33 44 44 1.936236
1500 0 264 32 32 0.580008
1500 0 272 32 32 0.455574
1500 8 256 32 32 3.145575
1500 8 264 32 32 3.327231
1500 8 272 32 32 3.165116
1500 16 256 32 32 4.215871
1500 16 264 32 32 2.396687
1500 16 272 32 32 1.531417
1500 136 136 32 32 1.959791
1500 136 144 32 32 0.373145
1500 144 136 32 32 0.554271
1500 112 98 28 28 1.946324
1500 119 98 28 28 0.466280
1500 154 98 28 28 1.182723
1500 245 112 28 28 0.274863
1500 462 112 28 28 1.414486
1500 462 133 28 28 1.633350
1500 469 112 28 28 4.428264
1500 469 119 28 28 0.510963
1500 469 126 28 28 0.151807
1500 469 133 28 28 1.386545
1500 0 84 24 24 4.305097
1500 6 84 24 24 4.489574
1500 12 84 24 24 1.355633
1500 18 288 24 24 0.046545
1500 18 294 24 24 1.028128
1500 102 96 24 24 0.960514
1500 132 114 24 24 0.493370
1500 210 102 24 24 2.535318
1500 396 96 24 24 3.319334
1500 402 96 24 24 4.295440
1530 272 0 64 64 0.741755
1530 288 24 48 48 0.095954
1530 384 36 48 48 1.670620
1530 396 36 48 48 1.210752
1530 408 36 48 48 0.359437
1530 288 24 48 48 0.095954
1530 384 36 48 48 1.670620
1530 396 36 48 48 1.210752
1530 408 36 48 48 0.359437
1530 352 33 44 44 0.886470
1530 363 33 44 44 2.811927
1530 374 33 44 44 1.552934
1530 0 98 28 28 0.797751
1530 7 98 28 28 0.523212
1530 21 98 28 28 2.374050
1530 154 98 28 28 0.615924
1530 154 112 28 28 1.986363
1530 168 98 28 28 0.087718
1530 455 0 28 28 0.137097
1530 469 112 28 28 0.022585
1530 469 133 28 28 0.176273
1530 12 114 24 24 0.405732
1530 18 114 24 24 1.794898
1530 102 114 24 24 0.945038
1530 108 114 24 24 2.824567
1530 144 108 24 24 0.635696
1530 144 114 24 24 2.302404
1530 192 114 24 24 0.429186
1530 204 108 24 24 2.361649
1530 204 114 24 24 2.448178
1530 210 108 24 24 4.775486
1530 210 114 24 24 3.806776
1530 486 114 24 24 0.122517
1530 492 114 24 24 1.042050
1560 352 0 64 64 3.676847
1560 352 16 64 64 0.144878
1560 352 32 64 64 2.226745
1560 288 24 48 48 1.084548
1560 288 36 48 48 0.966000
1560 384 24 48 48 1.518975
1560 384 36 48 48 4.690463
1560 396 24 48 48 0.063278
1560 396 36 48 48 4.203529
1560 420 24 48 48 2.579547
1560 420 36 48 48 3.056640
1560 288 24 48 48 1.084548
1560 288 36 48 48 0.966000
1560 384 24 48 48 1.518975
1560 384 36 48 48 4.690463
1560 396 24 48 48 0.063278
1560 396 36 48 48 4.203529
1560 420 24 48 48 2.579547
1560 420 36 48 48 3.056640
1560 374 22 44 44 1.140309
1560 374 33 44 44 4.038212
1560 385 33 44 44 0.547985
1560 128 112 32 32 3.887031
1560 136 112 32 32 1.810622
1560 272 144 32 32 0.219308
1560 272 152 32 32 0.932281
1560 280 144 32 32 3.813861
1560 280 152 32 32 0.604172
1560 400 24 32 32 1.413198
1560 408 24 32 32 4.561849
1560 126 126 28 28 1.132008
1560 154 126 28 28 1.831762
1560 154 133 28 28 2.801182
1560 168 98 28 28 0.262445
1560 336 98 28 28 0.057483
1560 12 84 24 24 0.737224
1560 18 84 24 24 2.965250
1560 18 108 24 24 1.286904
1560 108 96 24 24 0.612370
1560 108 102 24 24 1.221123
1560 108 108 24 24 1.149415
1560 144 114 24 24 1.398675
1560 192 114 24 24 2.534221
1560 198 114 24 24 0.913243
1560 204 108 24 24 0.979664
1560 204 114 24 24 1.889538
1560 210 108 24 24 0.726941
1560 210 114 24 24 1.095685
1560 384 96 24 24 2.474848
1560 396 114 24 24 0.910947
1590 0 16 64 64 0.958743
1590 352 0 64 64 2.951709
1590 384 24 48 48 3.067627
1590 384 36 48 48 2.513276
1590 408 168 48 48 0.310551
1590 420 168 48 48 0.716576
1590 384 24 48 48 3.067627
1590 384 36 48 48 2.513276
1590 408 168 48 48 0.310551
1590 420 168 48 48 0.716576
1590 176 154 44 44 0.322703
1590 187 154 44 44 2.180262
1590 198 154 44 44 4.056985
1590 374 33 44 44 2.195715
1590 385 33 44 44 3.955828
1590 180 160 40 40 2.533625
1590 220 160 40 40 3.056777
1590 330 20 40 40 0.224209
1590 340 20 40 40 0.747984
1590 350 20 40 40 3.254807
1590 350 30 40 40 2.873703
1590 144 126 36 36 3.049146
1590 144 144 36 36 0.508788
1590 153 126 36 36 0.569328
1590 216 162 36 36 0.154311
1590 216 171 36 36 2.289199
1590 306 27 36 36 1.966834
1590 315 27 36 36 2.573299
1590 432 171 36 36 1.418156
1590 441 171 36 36 2.333962
1590 450 171 36 36 5.793350
1590 459 162 36 36 2.058252
1590 459 171 36 36 6.116748
1590 24 24 32 32 0.107990
1590 128 112 32 32 3.603016
1590 136 112 32 32 4.928712
1590 144 112 32 32 5.629636
1590 144 128 32 32 7.202954
1590 144 136 32 32 2.613814
1590 126 112 28 28 6.855745
1590 126 119 28 28 3.093318
1590 154 98 28 28 0.237622
1590 154 112 28 28 4.364619
1590 154 119 28 28 4.535071
1590 154 126 28 28 4.578441
1590 154 133 28 28 7.345274
1590 12 96 24 24 1.558642
1590 18 96 24 24 4.617247
1590 144 114 24 24 0.158417
1590 204 114 24 24 1.120755
1590 204 204 24 24 0.550445
1590 210 114 24 24 0.827479
1590 210 204 24 24 1.331649
1590 210 210 24 24 3.291876
1590 390 84 24 24 1.646538
1590 480 114 24 24 1.718530
1590 498 204 24 24 0.757362
1590 498 210 24 24 1.618399
1620 256 0 64 64 1.702657
1620 256 32 64 64 2.625736
1620 256 48 64 64 2.095964
1620 272 0 64 64 3.128500
1620 272 48 64 64 1.249984
1620 288 0 64 64 1.699020
1620 352 0 64 64 1.632531
1620 384 24 48 48 3.143201
1620 384 36 48 48 1.066242
1620 396 36 48 48 0.998937
1620 408 36 48 48 2.416942
1620 384 24 48 48 3.143201
1620 384 36 48 48 1.066242
1620 396 36 48 48 0.998937
1620 408 36 48 48 2.416942
1620 374 33 44 44 3.611233
1620 385 33 44 44 3.811680
1620 30 140 40 40 2.878343
1620 18 171 36 36 3.563195
1620 27 162 36 36 2.060909
1620 27 171 36 36 3.541963
1620 297 144 36 36 0.030151
1620 315 144 36 36 2.366914
1620 432 144 36 36 1.714899
1620 441 144 36 36 3.251330
1620 450 144 36 36 1.938540
1620 459 144 36 36 0.761547
1620 24 24 32 32 1.670931
1620 126 112 28 28 1.143703
1620 154 112 28 28 5.546067
1620 154 119 28 28 3.705529
1620 168 112 28 28 3.629492
1620 336 98 28 28 4.171386
1620 336 126 28 28 0.305338
1620 343 119 28 28 1.381055
1620 6 96 24 24 1.810932
1620 6 102 24 24 0.848703
1620 6 108 24 24 1.008715
1620 6 114 24 24 1.922327
1620 12 96 24 24 1.335488
1620 18 96 24 24 4.644826
1620 108 198 24 24 1.819512
1620 144 114 24 24 0.857084
1620 384 96 24 24 0.798808
1620 384 102 24 24 1.533556
1620 390 96 24 24 1.097188
1620 390 102 24 24 3.369416
1620 396 102 24 24 0.799353
1650 272 0 64 64 0.755138
1650 288 0 64 64 1.326303
1650 352 0 64 64 1.399711
1650 352 16 64 64 0.384663
1650 352 32 64 64 0.016561
1650 384 36 48 48 1.635355
1650 384 36 48 48 1.635355
1650 374 33 44 44 1.262974
1650 320 190 40 40 2.170203
1650 330 170 40 40 4.157941
1650 330 180 40 40 1.932591
1650 330 190 40 40 1.063950
1650 340 160 40 40 4.002326
1650 340 170 40 40 5.144124
1650 340 180 40 40 1.053122
1650 340 190 40 40 1.598431
1650 136 112 32 32 1.798343
1650 154 112 28 28 3.071687
1650 168 112 28 28 3.521692
1650 238 126 28 28 0.712946
1650 336 98 28 28 4.858567
1650 336 126 28 28 0.144101
1650 343 126 28 28 0.710484
1650 343 224 28 28 1.282711
1650 343 231 28 28 0.089850
1650 350 224 28 28 3.854584
1650 357 224 28 28 7.691143
1650 357 231 28 28 2.489343
1650 6 96 24 24 1.888405
1650 12 96 24 24 0.926129
1650 18 96 24 24 4.617079
1650 18 102 24 24 0.883943
1650 132 114 24 24 4.277924
1650 144 114 24 24 0.637840
1650 384 96 24 24 1.121473
1650 384 102 24 24 0.432029
1650 390 96 24 24 0.596219
1650 390 102 24 24 1.802674
1650 396 102 24 24 0.898877
1680 256 0 64 64 1.086384
1680 256 32 64 64 1.932020
1680 256 48 64 64 2.244792
1680 272 0 64 64 3.033101
1680 272 48 64 64 0.580575
1680 288 0 64 64 1.894040
1680 352 0 64 64 2.338424
1680 384 24 48 48 1.737084
1680 384 36 48 48 1.971290
1680 396 36 48 48 0.141338
1680 408 36 48 48 1.323813
1680 384 24 48 48 1.737084
1680 384 36 48 48 1.971290
1680 396 36 48 48 0.141338
1680 408 36 48 48 1.323813
1680 374 33 44 44 2.869941
1680 385 33 44 44 2.271482
1680 288 153 36 36 1.007825
1680 297 144 36 36 0.530516
1680 297 153 36 36 0.954961
1680 315 144 36 36 1.985312
1680 432 144 36 36 3.528630
1680 432 153 36 36 0.247471
1680 441 144 36 36 3.150970
1680 450 144 36 36 1.038557
1680 459 144 36 36 0.796780
1680 24 24 32 32 0.088546
1680 336 98 28 28 4.620555
1680 336 126 28 28 2.407034
1680 343 126 28 28 0.546567
1680 6 96 24 24 3.053216
1680 6 102 24 24 0.710988
1680 6 108 24 24 0.904550
1680 6 114 24 24 0.242202
1680 12 96 24 24 1.487784
1680 18 96 24 24 4.482504
1680 18 102 24 24 0.422531
1680 144 114 24 24 2.425361
1680 384 96 24 24 1.527781
1680 390 96 24 24 1.027871
1680 390 102 24 24 0.140538
1710 256 0 64 64 1.516212
1710 256 32 64 64 0.795900
1710 256 48 64 64 1.585731
1710 272 0 64 64 2.508046
1710 288 0 64 64 1.616158
1710 352 0 64 64 3.067484
1710 352 32 64 64 0.688922
1710 384 24 48 48 0.125591
1710 384 36 48 48 2.914694
1710 396 36 48 48 0.968996
1710 408 36 48 48 1.222549
1710 384 24 48 48 0.125591
1710 384 36 48 48 2.914694
1710 396 36 48 48 0.968996
1710 408 36 48 48 1.222549
1710 374 33 44 44 3.012444
1710 385 33 44 44 1.943358
1710 288 144 36 36 0.524634
1710 306 153 36 36 0.398214
1710 432 144 36 36 4.636569
1710 432 153 36 36 3.615267
1710 441 144 36 36 2.684187
1710 450 144 36 36 1.168320
1710 459 144 36 36 1.337929
1710 136 112 32 32 0.245714
1710 154 112 28 28 0.601817
1710 154 119 28 28 1.825796
1710 168 112 28 28 2.160528
1710 168 119 28 28 3.169074
1710 336 98 28 28 5.826306
1710 336 126 28 28 2.329519
1710 343 98 28 28 0.256767
1710 6 96 24 24 2.117134
1710 6 102 24 24 0.200240
1710 6 108 24 24 0.561691
1710 12 96 24 24 1.939981
1710 18 96 24 24 5.439187
1710 18 102 24 24 3.210248
1710 384 96 24 24 0.643321
1740 256 0 64 64 1.217133
1740 256 32 64 64 0.577000
1740 256 48 64 64 0.718581
1740 272 0 64 64 2.997662
1740 272 16 64 64 0.304698
1740 288 0 64 64 2.705572
1740 352 0 64 64 3.505684
1740 352 16 64 64 3.384250
1740 352 32 64 64 4.688962
1740 352 48 64 64 2.470571
1740 384 36 48 48 1.864050
1740 384 36 48 48 1.864050
1740 374 33 44 44 2.673218
1740 385 33 44 44 1.464579
1740 27 27 36 36 0.248680
1740 216 126 36 36 1.625210
1740 288 144 36 36 0.615141
1740 288 153 36 36 2.066682
1740 306 144 36 36 1.754160
1740 306 153 36 36 0.911003
1740 432 144 36 36 2.598916
1740 450 162 36 36 0.204661
1740 459 162 36 36 1.057878
1740 459 171 36 36 0.039312
1740 24 24 32 32 0.247135
1740 128 112 32 32 2.997989
1740 128 128 32 32 2.150562
1740 126 119 28 28 2.437191
1740 126 133 28 28 2.904830
1740 336 98 28 28 5.556437
1740 336 126 28 28 0.604684
1740 462 112 28 28 0.492323
1740 6 96 24 24 0.451599
1740 12 96 24 24 0.589000
1740 18 96 24 24 2.901087
1740 18 102 24 24 0.631509
1740 384 96 24 24 1.024577
1740 480 198 24 24 2.983562
1740 480 204 24 24 1.727032
1740 480 210 24 24 1.547546
1740 486 198 24 24 2.121127
1740 486 204 24 24 2.374371
1740 486 210 24 24 3.070693
1740 492 204 24 24 1.049970
1740 492 210 24 24 1.951007
1740 498 204 24 24 1.583499
1740 498 210 24 24 3.620160
1770 256 0 64 64 1.053655
1770 256 16 64 64 0.106517
1770 272 0 64 64 2.965933
1770 272 16 64 64 0.405135
1770 288 0 64 64 3.081194
1770 352 0 64 64 2.177850
1770 352 16 64 64 1.774787
1770 352 32 64 64 2.701734
1770 384 36 48 48 2.872019
1770 384 36 48 48 2.872019
1770 180 160 40 40 1.084057
1770 27 27 36 36 0.129592
1770 198 162 36 36 1.869284
1770 198 171 36 36 2.138372
1770 441 126 36 36 3.192272
1770 441 144 36 36 2.864158
1770 450 126 36 36 2.181790
1770 450 144 36 36 2.832049
1770 24 24 32 32 0.036390
1770 136 128 32 32 0.890542
1770 408 112 32 32 0.594681
1770 154 112 28 28 3.619458
1770 154 119 28 28 2.935951
1770 168 112 28 28 3.741534
1770 168 119 28 28 0.350922
1770 448 112 28 28 3.563730
1770 448 119 28 28 1.773999
1770 455 112 28 28 0.983907
1770 455 119 28 28 3.439983
1770 455 126 28 28 0.683123
1770 6 96 24 24 0.661983
1770 12 96 24 24 1.013253
1770 18 96 24 24 3.770135
1770 18 102 24 24 1.251245
1770 192 204 24 24 0.507663
1770 192 210 24 24 1.655626
1770 198 210 24 24 0.076950
1770 204 114 24 24 1.658168
1770 384 96 24 24 2.919484
1770 384 210 24 24 0.217758
1770 390 96 24 24 0.795052
1770 396 210 24 24 0.773079
1770 402 204 24 24 1.404893
1770 402 210 24 24 0.515334
1800 272 0 64 64 1.757781
1800 288 0 64 64 4.549067
1800 352 0 64 64 0.654619
1800 352 16 64 64 6.387751
1800 352 32 64 64 6.425327
1800 340 140 40 40 0.859305
1800 24 24 32 32 0.240384
1800 392 112 32 32 0.198168
1800 392 144 32 32 1.185924
1800 392 152 32 32 1.670441
1800 400 112 32 32 3.317113
1800 408 112 32 32 3.934585
1800 408 128 32 32 1.040895
1800 408 136 32 32 1.682381
1800 126 119 28 28 2.733073
1800 154 112 28 28 1.418483
1800 168 112 28 28 3.239382
1800 448 112 28 28 1.222314
1800 448 119 28 28 3.326543
1800 455 119 28 28 2.573011
1800 455 126 28 28 2.398043
1800 462 126 28 28 0.373066
1800 12 96 24 24 0.850547
1800 18 96 24 24 3.735396
1800 18 102 24 24 2.846155
1830 256 0 64 64 1.287851
1830 256 16 64 64 1.227774
1830 272 0 64 64 2.162207
1830 272 16 64 64 3.054596
1830 288 0 64 64 4.010363
1830 352 0 64 64 1.157213
1830 352 16 64 64 6.972487
1830 352 32 64 64 6.317454
1830 27 27 36 36 0.265452
1830 216 153 36 36 0.502475
1830 24 24 32 32 0.418949
1830 384 112 32 32 3.177198
1830 400 112 32 32 3.617767
1830 408 112 32 32 3.688012
1830 154 112 28 28 2.647380
1830 238 126 28 28 0.093339
1830 245 126 28 28 0.181844
1830 336 112 28 28 2.057258
1830 336 119 28 28 3.782693
1830 343 112 28 28 0.508064
1830 343 119 28 28 4.449595
1830 350 112 28 28 0.050580
1830 350 119 28 28 4.408248
1830 357 119 28 28 0.987162
1830 448 112 28 28 1.347505
1830 448 119 28 28 3.403519
1830 455 119 28 28 2.896753
1830 455 126 28 28 0.729131
1830 0 96 24 24 1.824352
1830 0 102 24 24 1.216308
1830 6 96 24 24 4.294777
1830 6 102 24 24 4.158519
1830 12 96 24 24 4.074509
1830 12 102 24 24 1.694456
1830 18 96 24 24 4.470292
1830 18 102 24 24 2.969528
1830 144 102 24 24 4.070089
1830 144 108 24 24 2.699895
1830 198 192 24 24 0.744969
1830 204 192 24 24 3.411557
1830 204 198 24 24 1.069255
1830 210 192 24 24 3.558968
1830 210 198 24 24 2.724436
