30 272 0 64 64 0.200202
30 272 16 64 64 3.169669
30 288 16 64 64 1.487736
30 352 16 64 64 2.369656
30 352 32 64 64 3.498737
30 0 126 36 36 0.872781
30 144 153 36 36 2.684706
30 144 162 36 36 1.877449
30 153 162 36 36 0.267565
30 0 128 32 32 0.663800
30 0 136 32 32 6.659259
30 0 144 32 32 10.264054
30 0 152 32 32 2.337559
30 8 136 32 32 0.309469
30 8 144 32 32 4.639707
30 128 136 32 32 0.426750
30 128 144 32 32 2.990050
30 136 136 32 32 0.611929
30 136 144 32 32 4.208546
30 384 112 32 32 3.149103
30 392 112 32 32 1.038901
30 400 112 32 32 5.407650
30 408 112 32 32 2.289718
30 462 133 28 28 0.248571
60 272 0 64 64 2.777829
60 272 16 64 64 1.297765
60 352 0 64 64 2.361007
60 352 16 64 64 8.409596
60 352 32 64 64 2.063274
60 20 30 40 40 1.476112
60 144 162 36 36 0.361425
60 144 171 36 36 1.789984
60 153 171 36 36 1.125250
60 0 144 32 32 1.722309
60 128 136 32 32 0.081552
60 128 144 32 32 0.410208
60 384 112 32 32 4.796475
60 392 112 32 32 4.469484
60 400 112 32 32 5.536476
60 400 128 32 32 1.478749
60 408 112 32 32 4.633181
60 336 133 28 28 1.872473
60 343 133 28 28 0.147036
60 0 114 24 24 0.916390
90 256 16 64 64 2.161469
90 272 0 64 64 2.735435
90 352 0 64 64 3.546003
90 352 16 64 64 8.504868
90 352 32 64 64 1.499424
90 144 171 36 36 1.916501
90 0 136 32 32 4.074540
90 0 144 32 32 2.984011
90 408 128 32 32 1.512024
90 343 126 28 28 0.015594
90 469 133 28 28 1.457115
120 256 0 64 64 0.115333
120 256 16 64 64 0.569930
120 352 0 64 64 0.591874
120 352 16 64 64 2.514982
120 144 144 36 36 1.642982
120 144 153 36 36 2.567046
120 144 162 36 36 4.112878
120 144 171 36 36 4.216855
120 153 162 36 36 0.743730
120 153 171 36 36 3.029431
120 450 126 36 36 1.636227
120 0 128 32 32 0.896210
120 0 136 32 32 0.800837
120 128 128 32 32 0.683301
120 136 152 32 32 0.983111
120 144 152 32 32 2.123706
120 0 133 28 28 0.085973
120 119 133 28 28 0.727632
120 126 133 28 28 0.957137
120 343 126 28 28 0.637910
120 343 133 28 28 0.122501
120 350 133 28 28 1.798876
120 448 133 28 28 7.818896
120 455 133 28 28 1.496089
120 462 133 28 28 0.654191
120 469 126 28 28 1.208907
120 469 133 28 28 5.119694
120 480 0 24 24 3.047641
120 480 6 24 24 3.085137
120 486 0 24 24 0.669960
120 486 6 24 24 3.469882
150 272 16 64 64 0.395427
150 288 16 64 64 0.621328
150 352 16 64 64 2.127177
150 144 144 36 36 2.211509
150 144 153 36 36 3.785143
150 144 162 36 36 4.616138
150 144 171 36 36 7.004602
150 153 162 36 36 1.624656
150 153 171 36 36 5.851996
150 432 126 36 36 1.129999
150 441 126 36 36 2.492491
150 450 18 36 36 0.348962
150 0 128 32 32 2.651550
150 0 136 32 32 0.149315
150 128 128 32 32 2.629913
150 128 136 32 32 3.745898
150 144 152 32 32 1.442896
150 384 112 32 32 2.067723
150 392 112 32 32 1.249218
150 400 112 32 32 0.349419
150 408 0 32 32 1.214832
150 408 8 32 32 2.653769
150 112 133 28 28 0.746308
150 126 133 28 28 0.102010
150 448 133 28 28 3.419027
150 455 133 28 28 0.759726
150 462 133 28 28 1.012886
150 0 192 24 24 0.434782
150 0 198 24 24 0.698131
180 256 16 64 64 0.186823
180 144 171 36 36 2.333889
180 459 126 36 36 2.178352
180 0 128 32 32 0.630961
180 128 136 32 32 0.809983
180 144 152 32 32 0.086412
180 384 128 32 32 3.720763
180 392 128 32 32 4.104303
180 400 112 32 32 1.672046
180 400 128 32 32 4.961088
180 400 136 32 32 0.155538
180 408 112 32 32 2.372664
180 0 112 28 28 1.836414
180 0 133 28 28 2.025534
180 0 84 24 24 0.250950
180 0 114 24 24 0.952431
180 6 84 24 24 0.129319
180 6 114 24 24 2.969102
180 396 0 24 24 0.046628
210 272 0 64 64 1.791927
210 272 16 64 64 0.545019
210 128 144 32 32 1.480006
210 136 144 32 32 2.467440
210 400 136 32 32 0.469169
210 0 126 28 28 0.395112
210 0 133 28 28 3.291916
210 112 133 28 28 3.363040
210 119 133 28 28 6.207787
210 126 133 28 28 3.472781
210 336 133 28 28 3.053446
210 343 126 28 28 3.497228
210 343 133 28 28 6.121903
210 350 112 28 28 1.072037
210 350 126 28 28 3.626440
210 350 133 28 28 6.271215
210 357 112 28 28 1.265540
210 357 119 28 28 0.115324
210 357 126 28 28 0.256952
210 357 133 28 28 6.727679
210 462 126 28 28 0.812561
210 469 126 28 28 0.616479
210 469 133 28 28 1.548245
210 384 288 24 24 2.356675
210 384 300 24 24 0.910902
210 396 114 24 24 2.055573
210 402 114 24 24 3.656531
240 272 32 64 64 1.462170
240 288 16 64 64 1.970897
240 288 32 64 64 5.234457
240 352 32 64 64 0.783596
240 384 144 32 32 4.790187
240 384 152 32 32 2.367331
240 392 144 32 32 5.514226
240 392 152 32 32 3.811420
240 400 144 32 32 4.093086
240 400 152 32 32 4.187325
240 408 144 32 32 0.960897
240 408 152 32 32 0.828927
240 112 133 28 28 2.801041
240 357 126 28 28 1.631940
240 357 133 28 28 1.682870
240 448 112 28 28 3.066341
240 455 112 28 28 3.688269
240 462 112 28 28 3.800614
240 384 114 24 24 0.379477
240 390 96 24 24 0.999420
240 390 108 24 24 0.154572
270 352 48 64 64 0.815358
270 384 12 48 48 1.771285
270 396 0 48 48 0.988728
270 396 12 48 48 0.492169
270 408 12 48 48 0.621331
270 408 36 48 48 0.164988
270 420 36 48 48 3.895266
270 384 12 48 48 1.771285
270 396 0 48 48 0.988728
270 396 12 48 48 0.492169
270 408 12 48 48 0.621331
270 408 36 48 48 0.164988
270 420 36 48 48 3.895266
270 363 22 44 44 2.390486
270 363 33 44 44 2.108225
270 374 22 44 44 1.926724
270 374 33 44 44 0.345460
270 385 22 44 44 0.512473
270 306 18 36 36 0.030119
270 432 153 36 36 0.013258
270 441 162 36 36 0.089840
270 450 162 36 36 0.005829
270 450 171 36 36 3.008675
270 459 162 36 36 3.167196
270 459 171 36 36 2.842763
270 384 128 32 32 2.139284
270 384 152 32 32 0.762398
270 392 112 32 32 4.966237
270 392 128 32 32 6.161882
270 392 152 32 32 0.981204
270 400 112 32 32 1.830565
270 400 128 32 32 3.217452
270 336 133 28 28 2.393830
270 462 98 28 28 0.853149
270 469 98 28 28 1.218596
270 390 192 24 24 0.436992
270 396 192 24 24 5.563297
270 402 192 24 24 1.363600
270 480 108 24 24 2.215077
270 480 114 24 24 3.509928
270 480 198 24 24 0.104699
270 480 204 24 24 2.848776
270 480 210 24 24 0.256338
270 486 108 24 24 4.710770
270 486 114 24 24 5.080211
270 486 204 24 24 1.047925
270 486 210 24 24 2.247256
270 492 114 24 24 3.551553
270 492 210 24 24 0.929616
270 498 114 24 24 3.279609
300 352 16 64 64 3.029694
300 352 32 64 64 4.793118
300 352 48 64 64 0.922608
300 432 126 36 36 1.756632
300 432 162 36 36 2.949085
300 432 171 36 36 6.022008
300 441 162 36 36 0.438095
300 441 171 36 36 2.550340
300 450 171 36 36 0.258976
300 459 171 36 36 0.681424
300 176 112 32 32 0.040090
300 392 112 32 32 1.635171
300 392 128 32 32 2.476599
300 336 133 28 28 4.337867
300 343 133 28 28 4.196105
300 350 133 28 28 3.913292
300 108 198 24 24 4.155473
300 108 204 24 24 3.553738
300 396 114 24 24 0.267574
300 498 192 24 24 0.190514
330 352 16 64 64 0.301557
330 352 32 64 64 2.193542
330 0 126 36 36 0.175591
330 18 126 36 36 0.053213
330 27 126 36 36 2.937498
330 400 16 32 32 0.630373
330 336 14 28 28 2.169910
330 448 126 28 28 0.069304
330 462 112 28 28 0.232516
330 462 119 28 28 0.537206
330 469 119 28 28 1.349103
330 96 198 24 24 5.020438
330 96 204 24 24 5.343618
330 96 210 24 24 2.801394
330 102 204 24 24 1.722609
330 102 210 24 24 0.313001
360 24 168 48 48 1.836931
360 36 168 48 48 1.739357
360 24 168 48 48 1.836931
360 36 168 48 48 1.739357
360 33 176 44 44 1.580014
360 0 126 36 36 1.402313
360 9 126 36 36 2.220196
360 18 126 36 36 3.108310
360 27 126 36 36 2.402109
360 8 136 32 32 1.260004
360 16 136 32 32 4.651878
360 16 144 32 32 3.013558
360 24 136 32 32 7.146872
360 24 144 32 32 0.723204
360 128 112 32 32 0.113711
360 384 144 32 32 2.083138
360 154 126 28 28 0.519315
360 350 133 28 28 0.663384
360 357 0 28 28 2.185321
360 357 133 28 28 1.780869
360 448 98 28 28 3.594201
360 448 112 28 28 3.081207
360 455 98 28 28 5.239151
360 455 112 28 28 7.231978
360 462 112 28 28 4.426598
360 469 112 28 28 0.337206
360 384 108 24 24 1.934591
360 384 114 24 24 3.563258
360 390 108 24 24 2.474270
360 390 114 24 24 4.782677
360 396 108 24 24 0.845064
360 396 114 24 24 2.237204
390 0 168 48 48 2.104748
390 0 168 48 48 2.104748
390 0 176 44 44 3.698993
390 0 187 44 44 3.264115
390 0 170 40 40 2.947078
390 0 180 40 40 5.899706
390 0 190 40 40 4.878303
390 10 180 40 40 1.851048
390 10 190 40 40 3.561693
390 0 153 36 36 3.496441
390 0 162 36 36 0.066148
390 9 171 36 36 1.440906
390 441 171 36 36 3.243978
390 450 171 36 36 1.624538
390 384 136 32 32 1.330082
390 112 119 28 28 1.183918
390 112 126 28 28 3.242115
390 119 119 28 28 2.373504
390 119 126 28 28 2.170911
390 126 119 28 28 1.380039
390 154 112 28 28 3.157995
390 154 119 28 28 1.886994
390 168 112 28 28 2.391985
390 168 119 28 28 0.571464
390 18 114 24 24 0.844630
390 384 102 24 24 0.184569
390 384 108 24 24 3.045777
390 390 96 24 24 1.243006
390 390 102 24 24 5.352386
390 390 108 24 24 6.347178
390 390 114 24 24 4.698023
390 396 96 24 24 3.015592
390 396 102 24 24 6.708187
390 396 108 24 24 8.038980
390 396 114 24 24 3.925833
390 402 102 24 24 4.685346
390 402 108 24 24 5.295126
390 402 114 24 24 3.451596
390 480 96 24 24 2.633553
390 480 204 24 24 0.223274
390 486 96 24 24 2.480410
390 492 96 24 24 4.513783
390 492 102 24 24 0.951582
420 363 33 44 44 0.109265
420 10 170 40 40 1.274148
420 10 180 40 40 2.119461
420 20 180 40 40 0.085404
420 432 144 36 36 3.643717
420 450 162 36 36 2.393971
420 450 171 36 36 4.512500
420 459 162 36 36 1.809197
420 459 171 36 36 5.592138
420 0 112 32 32 2.298877
420 8 112 32 32 0.270731
420 24 112 32 32 0.886626
420 384 128 32 32 1.734484
420 384 136 32 32 4.646672
420 384 144 32 32 1.455296
420 392 128 32 32 2.734996
420 392 136 32 32 4.678058
420 400 136 32 32 1.704387
420 7 112 28 28 5.548522
420 7 119 28 28 4.589488
420 14 112 28 28 5.347858
420 14 119 28 28 3.556375
420 21 112 28 28 1.934590
420 154 112 28 28 3.850170
420 168 112 28 28 0.998037
420 455 98 28 28 1.145730
420 462 98 28 28 3.518105
420 469 98 28 28 1.623710
420 12 84 24 24 0.668855
420 12 114 24 24 0.959114
420 402 96 24 24 1.535661
420 402 102 24 24 3.718635
420 480 84 24 24 0.382703
420 480 198 24 24 0.203407
420 486 84 24 24 1.731689
420 486 198 24 24 1.101202
420 492 198 24 24 0.009199
420 492 210 24 24 0.598428
420 498 210 24 24 1.500991
450 352 0 64 64 2.849594
450 352 16 64 64 1.108650
450 384 36 48 48 0.930347
450 384 36 48 48 0.930347
450 0 176 44 44 2.967257
450 0 170 40 40 2.712144
450 0 180 40 40 4.106513
450 0 190 40 40 2.148227
450 10 180 40 40 3.527314
450 10 190 40 40 2.532047
450 9 171 36 36 0.439656
450 0 112 32 32 2.630156
450 8 112 32 32 2.265701
450 16 112 32 32 2.141488
450 24 112 32 32 4.037334
450 384 136 32 32 2.422704
450 384 144 32 32 0.996129
450 384 152 32 32 0.699231
450 0 112 28 28 1.744881
450 7 112 28 28 2.116821
450 7 119 28 28 1.097931
450 14 112 28 28 0.321922
450 119 119 28 28 1.595613
450 126 119 28 28 2.071659
450 154 112 28 28 0.117699
450 168 112 28 28 0.779160
450 336 119 28 28 0.115457
450 343 133 28 28 1.260230
450 350 126 28 28 0.493230
450 350 133 28 28 3.983667
450 357 133 28 28 0.543163
450 455 98 28 28 2.039927
450 462 98 28 28 2.882381
450 469 98 28 28 3.170815
450 480 108 24 24 2.666911
450 480 114 24 24 6.125360
450 486 114 24 24 3.710185
480 352 32 64 64 1.091622
480 352 48 64 64 6.393077
480 12 168 48 48 1.304712
480 384 36 48 48 2.003080
480 396 36 48 48 0.738815
480 12 168 48 48 1.304712
480 384 36 48 48 2.003080
480 396 36 48 48 0.738815
480 11 154 44 44 0.030458
480 22 176 44 44 0.886056
480 385 33 44 44 0.109990
480 20 170 40 40 1.072791
480 20 180 40 40 2.828918
480 30 180 40 40 2.479533
480 216 153 36 36 4.580269
480 216 162 36 36 3.289431
480 16 112 32 32 3.929738
480 400 144 32 32 0.126380
480 400 152 32 32 3.942541
480 408 152 32 32 4.826722
480 21 119 28 28 2.795344
480 21 126 28 28 0.120956
480 112 119 28 28 2.118390
480 154 119 28 28 0.552250
480 168 112 28 28 3.361693
480 168 119 28 28 2.512683
480 336 119 28 28 0.325884
480 336 126 28 28 1.122031
480 343 126 28 28 0.011682
480 343 133 28 28 1.478062
480 350 133 28 28 2.757391
480 357 133 28 28 2.769833
480 469 98 28 28 1.755887
480 486 6 24 24 2.274100
480 486 12 24 24 0.249724
510 352 32 64 64 2.734952
510 352 48 64 64 3.933458
510 288 36 48 48 0.684252
510 408 36 48 48 1.537045
510 420 36 48 48 0.868380
510 288 36 48 48 0.684252
510 408 36 48 48 1.537045
510 420 36 48 48 0.868380
510 0 176 44 44 3.867043
510 0 187 44 44 2.514212
510 0 170 40 40 2.313602
510 0 180 40 40 3.981589
510 0 190 40 40 6.466966
510 10 180 40 40 2.319969
510 10 190 40 40 1.834810
510 0 153 36 36 3.987421
510 0 162 36 36 5.255604
510 0 171 36 36 2.933978
510 216 162 36 36 1.867471
510 432 153 36 36 3.078195
510 432 162 36 36 2.991266
510 432 171 36 36 2.762985
510 441 144 36 36 0.125166
510 441 153 36 36 1.967897
510 441 162 36 36 2.664468
510 441 171 36 36 3.572613
510 128 112 32 32 0.888793
510 408 136 32 32 0.738634
510 21 224 28 28 1.714173
510 21 231 28 28 0.395513
510 112 119 28 28 0.098429
510 336 119 28 28 1.812381
510 336 126 28 28 5.290116
510 336 133 28 28 2.763195
510 343 126 28 28 4.066595
510 343 133 28 28 3.432995
510 350 126 28 28 1.700809
510 350 133 28 28 0.563495
510 357 112 28 28 1.369803
510 357 119 28 28 2.147024
510 462 98 28 28 2.907046
510 469 98 28 28 2.662426
510 18 198 24 24 1.086893
510 18 204 24 24 3.885412
510 18 210 24 24 2.917191
510 300 102 24 24 0.316864
510 480 102 24 24 1.027428
510 486 102 24 24 2.102683
510 486 108 24 24 0.979392
510 492 102 24 24 0.419621
510 498 102 24 24 3.741354
540 256 0 64 64 2.072089
540 256 16 64 64 0.076821
540 352 32 64 64 1.194397
540 288 36 48 48 1.992893
540 288 36 48 48 1.992893
540 22 154 44 44 4.553484
540 30 140 40 40 0.416676
540 30 160 40 40 1.436364
540 30 170 40 40 3.494188
540 30 180 40 40 1.101717
540 0 126 36 36 4.167770
540 9 126 36 36 4.235206
540 18 126 36 36 3.616031
540 27 126 36 36 2.952882
540 198 162 36 36 4.219266
540 198 171 36 36 2.214473
540 459 126 36 36 0.448487
540 8 128 32 32 1.091213
540 8 136 32 32 4.542453
540 16 128 32 32 1.243346
540 16 136 32 32 5.801808
540 24 128 32 32 2.761917
540 24 136 32 32 5.896237
540 24 144 32 32 2.101742
540 336 119 28 28 0.316499
540 336 126 28 28 2.377895
540 336 133 28 28 1.956585
540 357 112 28 28 2.486384
540 357 119 28 28 0.589488
540 357 126 28 28 0.429511
540 455 7 28 28 1.465147
570 256 0 64 64 2.848865
570 256 16 64 64 1.464781
570 198 162 36 36 4.071066
570 198 171 36 36 4.122771
570 112 112 28 28 1.218325
570 119 112 28 28 1.223753
570 336 119 28 28 2.660762
570 336 126 28 28 2.522530
570 336 133 28 28 1.687336
570 343 133 28 28 1.374033
570 357 112 28 28 1.465055
570 102 192 24 24 4.149930
570 102 198 24 24 4.091750
570 102 204 24 24 1.669526
570 108 192 24 24 4.304224
570 108 198 24 24 4.721706
570 108 204 24 24 1.868118
600 256 0 64 64 2.814144
600 256 16 64 64 1.958986
600 27 162 36 36 1.000901
600 198 162 36 36 3.558645
600 198 171 36 36 4.648616
600 0 133 28 28 2.733807
600 112 133 28 28 0.115016
600 336 119 28 28 2.961781
600 336 126 28 28 4.410576
600 336 133 28 28 1.001900
600 343 126 28 28 1.571226
600 343 133 28 28 1.089820
600 144 192 24 24 2.901560
600 144 198 24 24 1.628767
600 402 192 24 24 1.130180
600 492 12 24 24 0.724642
600 498 12 24 24 3.020928
600 498 18 24 24 1.746779
630 256 0 64 64 1.873228
630 256 16 64 64 1.517853
630 272 0 64 64 0.615170
630 272 16 64 64 0.002081
630 420 0 48 48 1.852415
630 420 0 48 48 1.852415
630 144 153 36 36 1.111805
630 198 171 36 36 0.040369
630 315 126 36 36 0.719026
630 16 128 32 32 0.270720
630 24 128 32 32 0.627299
630 21 133 28 28 1.967225
630 336 119 28 28 0.681158
630 336 126 28 28 0.423458
630 336 133 28 28 1.934510
630 343 119 28 28 1.726584
630 343 126 28 28 4.673199
630 343 133 28 28 1.325911
630 350 112 28 28 0.308304
630 350 126 28 28 1.786766
630 350 133 28 28 0.824247
630 0 192 24 24 0.259408
630 0 198 24 24 1.154201
630 384 84 24 24 1.482814
630 384 102 24 24 1.477523
630 384 108 24 24 1.358610
630 384 114 24 24 2.987635
630 390 84 24 24 4.104818
630 390 102 24 24 0.564996
630 390 108 24 24 1.737101
630 390 114 24 24 3.273265
630 396 84 24 24 2.814190
630 396 108 24 24 1.198994
630 396 114 24 24 3.213231
630 402 114 24 24 0.433507
630 498 84 24 24 1.570368
660 256 0 64 64 3.486827
660 272 0 64 64 3.735361
660 272 16 64 64 1.344030
660 272 48 64 64 1.774150
660 288 0 64 64 1.070253
660 288 16 64 64 0.195457
660 288 48 64 64 2.121962
660 153 153 36 36 0.003522
660 162 153 36 36 2.238030
660 216 162 36 36 0.539534
660 459 126 36 36 0.433659
660 21 112 28 28 3.219001
660 21 119 28 28 2.836088
660 336 133 28 28 0.135547
660 343 126 28 28 0.917261
660 343 133 28 28 0.628383
660 350 119 28 28 1.746457
660 350 126 28 28 2.442424
660 350 133 28 28 2.243721
660 357 119 28 28 5.236809
660 357 126 28 28 7.819960
660 357 133 28 28 5.936104
660 448 133 28 28 1.993305
660 455 133 28 28 1.905436
660 462 133 28 28 2.904958
660 462 224 28 28 2.180378
660 469 133 28 28 2.939396
660 469 224 28 28 2.523721
660 192 192 24 24 2.154456
660 198 192 24 24 2.521608
660 384 102 24 24 2.228579
660 384 108 24 24 0.254670
660 390 102 24 24 3.101651
660 390 108 24 24 2.499591
660 390 114 24 24 0.945261
660 390 192 24 24 0.358810
660 396 102 24 24 6.629327
660 396 108 24 24 3.996087
660 396 114 24 24 1.759013
660 402 102 24 24 1.209924
660 402 108 24 24 2.983729
660 402 114 24 24 2.038814
690 256 0 64 64 4.808472
690 272 0 64 64 5.267172
690 272 16 64 64 1.744800
690 272 48 64 64 1.779872
690 288 0 64 64 3.703584
690 288 48 64 64 3.741443
690 384 0 48 48 4.359853
690 384 12 48 48 3.211543
690 384 24 48 48 2.737829
690 396 0 48 48 0.859622
690 396 12 48 48 2.192205
690 396 24 48 48 0.565007
690 408 12 48 48 2.523130
690 408 24 48 48 0.894350
690 384 0 48 48 4.359853
690 384 12 48 48 3.211543
690 384 24 48 48 2.737829
690 396 0 48 48 0.859622
690 396 12 48 48 2.192205
690 396 24 48 48 0.565007
690 408 12 48 48 2.523130
690 408 24 48 48 0.894350
690 385 0 44 44 3.514257
690 385 11 44 44 4.883392
690 340 140 40 40 0.362623
690 144 153 36 36 0.255260
690 144 162 36 36 3.973740
690 153 162 36 36 1.795759
690 216 162 36 36 3.016892
690 216 171 36 36 1.049835
690 432 0 36 36 1.269176
690 432 27 36 36 1.586187
690 0 128 32 32 1.283889
690 0 126 28 28 0.052355
690 0 133 28 28 5.100512
690 7 133 28 28 3.024074
690 336 126 28 28 0.436472
690 343 126 28 28 3.660474
690 343 133 28 28 0.818213
690 350 119 28 28 3.654046
690 350 126 28 28 4.708544
690 350 133 28 28 0.036627
690 357 119 28 28 3.907678
690 357 126 28 28 4.583247
690 357 133 28 28 3.555348
690 448 0 28 28 3.370618
690 448 7 28 28 2.623558
690 448 14 28 28 2.852826
690 448 21 28 28 1.958483
690 448 98 28 28 5.243411
690 455 7 28 28 0.968744
690 455 98 28 28 4.755227
690 462 98 28 28 4.243668
690 108 84 24 24 0.723372
690 384 84 24 24 1.567899
690 390 84 24 24 5.256301
690 390 96 24 24 6.022334
690 390 102 24 24 2.877002
690 390 192 24 24 2.554636
690 396 96 24 24 3.392099
690 396 102 24 24 2.689086
690 402 96 24 24 4.122298
690 402 102 24 24 4.713367
690 486 18 24 24 0.740526
690 498 18 24 24 2.488428
720 256 0 64 64 1.821571
720 272 0 64 64 2.075398
720 288 0 64 64 0.901892
720 396 12 48 48 1.766265
720 396 24 48 48 4.341231
720 396 12 48 48 1.766265
720 396 24 48 48 4.341231
720 363 154 44 44 0.718734
720 374 33 44 44 2.678196
720 198 162 36 36 0.279693
720 216 162 36 36 0.642910
720 400 128 32 32 0.804144
720 400 136 32 32 0.081807
720 343 119 28 28 3.624870
720 350 112 28 28 0.336254
720 350 119 28 28 5.993244
720 350 126 28 28 2.640355
720 350 133 28 28 0.304631
720 357 119 28 28 5.105411
720 357 126 28 28 5.224868
720 357 133 28 28 1.007854
720 469 133 28 28 0.743073
720 469 224 28 28 1.180792
720 469 231 28 28 0.440712
720 306 108 24 24 0.952375
720 384 198 24 24 0.511119
720 390 84 24 24 1.281374
720 390 192 24 24 3.019158
720 390 198 24 24 4.121064
720 390 204 24 24 4.288412
720 396 192 24 24 3.103352
720 396 198 24 24 3.316176
720 396 204 24 24 2.456769
720 402 192 24 24 1.753032
720 402 198 24 24 3.747162
720 402 204 24 24 3.114322
720 480 96 24 24 5.396407
720 480 102 24 24 2.567658
720 486 96 24 24 3.529854
720 486 102 24 24 0.073557
720 498 84 24 24 0.273250
750 256 0 64 64 2.110904
750 256 16 64 64 0.255695
750 272 0 64 64 1.518013
750 272 16 64 64 0.748769
750 288 16 64 64 2.271377
750 288 32 64 64 1.901863
750 352 16 64 64 1.277449
750 396 168 48 48 1.122925
750 420 168 48 48 1.616642
750 420 192 48 48 0.782903
750 396 168 48 48 1.122925
750 420 168 48 48 1.616642
750 420 192 48 48 0.782903
750 198 162 36 36 2.525487
750 198 171 36 36 1.667534
750 459 0 36 36 3.169668
750 459 9 36 36 5.549262
750 459 18 36 36 5.055784
750 384 112 32 32 3.276008
750 384 128 32 32 5.738301
750 384 136 32 32 1.014968
750 392 112 32 32 3.556678
750 392 128 32 32 4.804582
750 392 136 32 32 2.709830
750 400 112 32 32 1.870247
750 357 119 28 28 0.901549
750 357 126 28 28 1.116840
750 469 21 28 28 2.062985
750 469 224 28 28 3.674230
750 469 231 28 28 0.897917
750 469 245 28 28 0.998577
750 306 108 24 24 0.829052
750 390 84 24 24 1.590040
750 390 96 24 24 2.899401
750 390 102 24 24 0.242779
750 390 108 24 24 0.630168
750 390 114 24 24 1.893921
750 402 84 24 24 0.405957
750 480 204 24 24 2.277186
750 480 210 24 24 6.903781
750 486 204 24 24 6.368879
750 486 210 24 24 7.274170
780 48 16 64 64 0.695343
780 272 32 64 64 2.452563
780 288 32 64 64 2.262430
780 352 16 64 64 3.434247
780 352 32 64 64 5.338686
780 9 144 36 36 0.679782
780 9 153 36 36 0.134501
780 198 153 36 36 0.849722
780 198 162 36 36 3.832712
780 198 171 36 36 1.114715
780 432 126 36 36 1.653408
780 441 126 36 36 1.596444
780 384 128 32 32 7.429861
780 392 128 32 32 7.067648
780 392 136 32 32 0.503613
780 400 128 32 32 6.636043
780 400 136 32 32 1.462225
780 408 128 32 32 8.835526
780 408 136 32 32 4.933630
780 408 144 32 32 2.214448
780 210 192 24 24 1.236938
810 32 32 64 64 0.213795
810 48 16 64 64 5.593157
810 48 32 64 64 5.460118
810 288 16 64 64 1.410427
810 352 16 64 64 1.577026
810 352 32 64 64 1.731058
810 180 140 40 40 1.224880
810 198 153 36 36 3.712458
810 198 162 36 36 5.655342
810 297 162 36 36 2.680791
810 306 162 36 36 2.225737
810 306 171 36 36 0.478567
810 432 126 36 36 0.392015
810 441 126 36 36 4.637930
810 450 126 36 36 10.972828
810 459 126 36 36 13.018411
810 24 128 32 32 0.275266
810 384 112 32 32 1.874445
810 392 112 32 32 0.530474
810 400 24 32 32 0.242043
810 408 128 32 32 6.395046
810 21 133 28 28 0.068175
810 112 133 28 28 0.088774
810 119 133 28 28 5.818281
810 126 133 28 28 2.169000
810 336 119 28 28 0.301919
810 455 133 28 28 2.576602
810 462 126 28 28 2.251203
810 462 133 28 28 5.535919
810 469 0 28 28 0.149512
810 469 126 28 28 3.069357
810 469 133 28 28 4.046229
810 480 6 24 24 0.999363
840 32 0 64 64 0.500422
840 48 0 64 64 0.170032
840 288 0 64 64 1.668985
840 264 168 48 48 0.477340
840 264 204 48 48 0.316637
840 264 216 48 48 1.479145
840 264 228 48 48 0.887397
840 396 0 48 48 2.834448
840 264 168 48 48 0.477340
840 264 204 48 48 0.316637
840 264 216 48 48 1.479145
840 264 228 48 48 0.887397
840 396 0 48 48 2.834448
840 0 33 44 44 1.453676
840 180 140 40 40 1.637753
840 180 160 40 40 0.380675
840 432 18 36 36 3.603364
840 432 27 36 36 2.896872
840 459 126 36 36 2.722609
840 384 0 32 32 0.222932
840 384 8 32 32 4.790030
840 384 16 32 32 6.675995
840 392 0 32 32 4.985094
840 392 8 32 32 6.668937
840 392 16 32 32 5.625751
840 343 112 28 28 2.241978
840 343 119 28 28 1.146546
840 350 112 28 28 2.318223
840 350 119 28 28 3.762664
840 350 126 28 28 1.093696
840 357 119 28 28 1.103230
840 357 126 28 28 1.700533
840 448 126 28 28 2.496708
840 448 133 28 28 2.682650
840 210 198 24 24 1.127467
840 384 18 24 24 2.826218
840 390 18 24 24 4.824842
840 396 18 24 24 0.433522
840 402 0 24 24 1.690841
840 402 18 24 24 2.355428
870 16 0 64 64 0.728686
870 32 0 64 64 4.240376
870 48 0 64 64 3.227993
870 352 0 64 64 3.604720
870 264 168 48 48 0.338526
870 264 168 48 48 0.338526
870 264 176 44 44 1.122307
870 160 160 40 40 2.408906
870 170 160 40 40 4.271994
870 180 160 40 40 1.037650
870 450 27 36 36 0.518333
870 459 27 36 36 1.559119
870 384 0 32 32 2.012720
870 392 0 32 32 2.452535
870 119 119 28 28 1.552957
870 126 119 28 28 0.716908
870 357 112 28 28 0.771251
870 357 119 28 28 0.181470
870 448 133 28 28 3.637938
870 462 126 28 28 0.126385
870 469 21 28 28 1.285830
870 469 133 28 28 2.973486
870 198 192 24 24 1.126947
870 198 198 24 24 1.080707
870 198 204 24 24 1.425118
870 204 192 24 24 2.673542
870 204 198 24 24 2.831409
870 204 204 24 24 2.648580
870 210 198 24 24 0.132778
870 402 6 24 24 4.756157
870 402 12 24 24 3.869002
870 486 210 24 24 0.385797
870 492 210 24 24 0.821189
900 16 0 64 64 3.587876
900 32 0 64 64 2.212726
900 32 16 64 64 0.106177
900 352 16 64 64 4.641524
900 160 160 40 40 0.835249
900 315 9 36 36 0.422987
900 441 153 36 36 0.376687
900 8 112 32 32 1.535748
900 8 128 32 32 0.625919
900 16 112 32 32 1.823651
900 280 256 32 32 0.825579
900 280 264 32 32 0.332596
900 384 128 32 32 2.695889
900 384 256 32 32 1.470079
900 392 128 32 32 0.220153
900 400 128 32 32 0.647348
900 7 133 28 28 0.570963
900 14 119 28 28 0.745760
900 14 126 28 28 3.034756
900 14 133 28 28 2.838204
900 21 119 28 28 0.127029
900 21 126 28 28 2.703850
900 21 133 28 28 1.521997
900 448 21 28 28 3.759736
900 448 133 28 28 1.115257
900 12 102 24 24 3.363086
900 12 108 24 24 0.067119
900 18 102 24 24 2.173553
900 96 294 24 24 0.748952
900 384 114 24 24 2.047324
900 390 108 24 24 0.204278
900 390 114 24 24 3.754575
900 486 288 24 24 0.298452
900 492 6 24 24 1.229397
900 498 6 24 24 1.601598
900 498 12 24 24 0.249068
930 0 0 64 64 0.116828
930 0 16 64 64 1.706565
930 0 32 64 64 0.930860
930 16 0 64 64 2.024563
930 16 16 64 64 2.159585
930 352 16 64 64 2.389919
930 352 32 64 64 1.605530
930 432 126 36 36 0.413380
930 450 144 36 36 3.401533
930 450 288 36 36 0.096699
930 459 144 36 36 3.942691
930 459 153 36 36 3.381796
930 459 297 36 36 0.059088
930 16 128 32 32 0.786473
930 384 112 32 32 0.918751
930 384 128 32 32 1.234852
930 392 112 32 32 2.653083
930 392 128 32 32 0.228061
930 400 112 32 32 0.145867
930 408 128 32 32 2.453181
930 21 133 28 28 0.377071
930 112 112 28 28 0.269737
930 448 133 28 28 0.694689
930 96 114 24 24 0.790066
930 384 102 24 24 2.637344
930 390 102 24 24 0.515608
930 396 108 24 24 0.148459
930 396 114 24 24 1.753765
930 402 114 24 24 2.062735
930 498 6 24 24 0.609282
960 0 0 64 64 2.554250
960 0 16 64 64 1.060673
960 459 126 36 36 2.126204
990 8 112 32 32 3.576349
990 16 112 32 32 0.243577
990 455 0 28 28 1.744626
990 462 0 28 28 2.526904
990 12 114 24 24 0.751969
990 480 0 24 24 0.196561
990 486 96 24 24 1.319442
990 486 114 24 24 1.119663
990 492 114 24 24 1.576843
1020 0 9 36 36 1.134413
1020 0 8 32 32 4.794652
1020 0 16 32 32 0.939306
1020 8 8 32 32 2.725137
1020 16 0 32 32 1.748709
1020 16 8 32 32 2.449807
1020 24 8 32 32 1.119018
1020 0 14 28 28 2.720906
1020 0 21 28 28 3.312682
1020 0 98 28 28 1.651002
1020 7 14 28 28 6.706067
1020 7 21 28 28 4.210341
1020 7 98 28 28 1.889480
1020 14 7 28 28 0.473941
1020 14 14 28 28 5.333862
1020 14 21 28 28 0.969733
1020 21 7 28 28 1.466262
1020 21 14 28 28 4.398320
1020 336 14 28 28 1.197641
1020 336 21 28 28 0.707606
1020 0 108 24 24 1.492712
1020 6 108 24 24 1.211188
1020 12 18 24 24 1.821670
1020 12 108 24 24 0.143807
1020 18 18 24 24 1.032459
1020 480 84 24 24 1.923297
1020 480 96 24 24 4.790672
1020 480 102 24 24 1.918638
1020 480 210 24 24 2.444364
1020 486 96 24 24 3.559224
1020 486 102 24 24 0.423153
1020 492 96 24 24 0.210308
1050 32 32 64 64 0.562080
1050 0 126 36 36 0.323664
1050 0 128 32 32 4.119920
1050 0 136 32 32 3.068810
1050 8 112 32 32 0.130712
1050 8 128 32 32 3.667531
1050 8 136 32 32 1.792324
1050 16 128 32 32 0.113790
1050 144 152 32 32 2.275703
1050 0 0 28 28 2.553103
1050 0 119 28 28 1.807704
1050 7 119 28 28 0.168574
1050 7 133 28 28 0.804156
1050 14 126 28 28 0.271791
1050 14 133 28 28 1.516727
1050 21 126 28 28 1.710278
1050 112 126 28 28 1.360137
1050 336 0 28 28 3.493433
1050 336 7 28 28 4.600225
1050 336 14 28 28 4.055937
1050 336 21 28 28 0.166826
1050 336 126 28 28 1.625296
1050 336 133 28 28 0.897130
1050 343 0 28 28 0.463645
1050 343 7 28 28 2.610138
1050 343 14 28 28 0.275950
1050 343 126 28 28 4.238554
1050 343 133 28 28 1.039323
1050 0 12 24 24 3.933724
1050 0 18 24 24 3.570087
1050 6 6 24 24 1.033518
1050 6 12 24 24 0.923229
1080 32 16 64 64 1.489870
1080 32 32 64 64 1.880817
1080 0 126 36 36 2.011730
1080 9 126 36 36 2.308608
1080 144 144 36 36 0.315826
1080 459 171 36 36 1.218577
1080 0 128 32 32 5.102028
1080 0 136 32 32 1.161642
1080 8 128 32 32 6.040972
1080 8 136 32 32 2.712886
1080 16 128 32 32 4.226523
1080 16 136 32 32 2.087099
1080 24 128 32 32 2.042770
1080 144 152 32 32 0.344178
1080 392 0 32 32 0.594324
1080 392 8 32 32 0.436014
1080 392 16 32 32 1.038722
1080 400 16 32 32 0.605972
1080 408 0 32 32 0.370961
1080 408 8 32 32 1.487642
1080 0 133 28 28 1.102489
1080 7 133 28 28 1.831421
1080 14 133 28 28 5.356179
1080 21 126 28 28 1.523371
1080 21 133 28 28 6.409759
1080 336 0 28 28 3.313424
1080 336 7 28 28 1.365529
1080 343 0 28 28 2.460253
1080 343 7 28 28 3.734278
1080 343 14 28 28 3.796142
1080 343 21 28 28 2.295402
1080 350 0 28 28 2.209824
1080 455 112 28 28 0.271347
1080 469 133 28 28 1.322036
1080 390 0 24 24 1.619373
1080 396 0 24 24 3.157767
1080 480 84 24 24 2.428390
1110 352 0 44 44 3.407243
1110 363 0 44 44 7.386227
1110 374 0 44 44 1.103651
1110 306 153 36 36 1.066985
1110 136 144 32 32 4.935542
1110 136 152 32 32 3.014392
1110 144 144 32 32 2.104309
1110 144 152 32 32 2.170674
1110 384 8 32 32 1.661628
1110 384 16 32 32 3.106440
1110 384 24 32 32 2.005675
1110 392 0 32 32 0.017313
1110 392 8 32 32 3.772396
1110 392 16 32 32 2.973798
1110 392 24 32 32 0.071031
1110 400 16 32 32 1.283239
1110 408 152 32 32 0.974666
1110 14 126 28 28 0.648356
1110 21 126 28 28 1.326912
1110 343 0 28 28 1.067553
1110 448 98 28 28 0.099812
1110 455 98 28 28 1.185690
1110 462 98 28 28 2.750338
1110 498 108 24 24 0.636455
1110 498 114 24 24 2.245239
1140 396 24 48 48 0.508374
1140 408 24 48 48 2.602898
1140 396 24 48 48 0.508374
1140 408 24 48 48 2.602898
1140 288 153 36 36 0.108457
1140 8 128 32 32 0.147638
1140 128 152 32 32 0.987577
1140 384 144 32 32 2.258088
1140 14 133 28 28 2.018574
1140 21 126 28 28 2.306292
1140 21 133 28 28 1.922627
1140 231 119 28 28 0.658731
1140 455 98 28 28 1.887252
1140 469 21 28 28 1.810524
1140 480 114 24 24 2.727576
1140 486 114 24 24 0.269952
1170 450 171 36 36 2.099665
1170 459 171 36 36 1.953996
1170 176 136 32 32 1.529204
1170 176 144 32 32 2.647700
1170 448 112 28 28 3.041672
1170 448 119 28 28 2.886830
1170 448 126 28 28 0.536411
1170 455 112 28 28 0.556595
1170 455 119 28 28 0.627527
1170 462 133 28 28 0.709717
1170 469 133 28 28 2.521544
1170 480 96 24 24 1.928908
1170 480 102 24 24 3.368222
1170 480 108 24 24 1.011439
1170 480 204 24 24 0.254311
1170 480 210 24 24 2.185324
1170 486 96 24 24 1.043953
1170 486 102 24 24 3.251677
1170 486 108 24 24 3.491144
1170 486 210 24 24 2.451658
1170 492 102 24 24 2.092393
1170 492 108 24 24 2.599187
1200 288 144 36 36 1.603238
1200 288 153 36 36 0.844491
1200 384 152 32 32 0.521970
1200 455 98 28 28 1.692414
1200 462 98 28 28 3.373232
1200 469 98 28 28 6.355661
1200 480 108 24 24 5.200716
1200 480 114 24 24 0.367247
1200 486 108 24 24 0.596409
1200 498 84 24 24 2.758833
1200 498 96 24 24 0.298265
1200 498 102 24 24 1.152598
1200 498 108 24 24 1.793781
1230 297 144 36 36 0.650117
1230 128 144 32 32 0.336995
1230 384 8 32 32 0.895703
1230 384 136 32 32 1.717297
1230 384 144 32 32 1.899999
1230 392 0 32 32 0.060542
1230 392 8 32 32 2.373926
1230 392 136 32 32 0.218619
1230 392 144 32 32 4.205132
1230 392 152 32 32 3.462581
1230 400 8 32 32 3.277352
1230 400 136 32 32 2.651962
1230 400 144 32 32 4.798471
1230 400 152 32 32 6.596034
1230 408 8 32 32 0.600950
1230 408 144 32 32 0.715111
1230 408 152 32 32 2.445176
1230 448 112 28 28 0.868133
1230 455 98 28 28 5.914368
1230 462 98 28 28 4.541848
1230 469 98 28 28 5.605797
1230 480 108 24 24 5.617774
1230 480 114 24 24 4.996763
1230 486 102 24 24 0.428664
1230 486 108 24 24 3.629210
1230 486 114 24 24 4.606261
1230 492 108 24 24 4.884479
1230 492 114 24 24 5.828874
1230 498 114 24 24 2.451554
1230 498 210 24 24 0.829862
1260 220 140 40 40 1.576389
1260 216 144 36 36 1.610544
1260 216 153 36 36 2.766577
1260 306 153 36 36 2.426528
1260 306 162 36 36 0.708142
1260 432 171 36 36 4.072021
1260 441 171 36 36 1.364781
1260 384 136 32 32 3.170096
1260 384 144 32 32 5.942054
1260 392 144 32 32 3.586900
1260 486 96 24 24 4.451970
1260 486 102 24 24 0.085094
1260 492 96 24 24 4.958678
1260 492 102 24 24 1.406807
1260 498 96 24 24 4.079150
1290 288 32 64 64 0.675329
1290 162 126 36 36 0.055030
1290 216 162 36 36 1.164652
1290 306 153 36 36 2.867636
1290 306 162 36 36 2.211929
1290 384 0 32 32 1.007807
1290 392 0 32 32 0.393407
1290 392 144 32 32 1.783215
1290 392 152 32 32 3.267373
1290 400 152 32 32 3.317992
1290 357 133 28 28 1.847502
1290 455 98 28 28 0.545940
1290 462 98 28 28 5.233380
1290 469 98 28 28 6.947274
1290 480 102 24 24 1.430855
1290 480 108 24 24 3.620844
1290 486 108 24 24 1.776284
1290 486 114 24 24 0.169208
1320 288 32 64 64 4.821077
1320 432 162 36 36 2.204413
1320 384 0 32 32 0.737190
1320 0 224 28 28 4.423825
1320 0 231 28 28 2.809537
1320 0 238 28 28 1.541312
1320 0 245 28 28 1.161411
1320 7 224 28 28 2.273163
1320 7 231 28 28 1.167181
1320 480 96 24 24 0.178851
1320 486 96 24 24 1.384451
1320 486 102 24 24 2.777880
1320 492 102 24 24 4.054030
1320 492 108 24 24 3.318182
1320 498 96 24 24 0.272518
1320 498 102 24 24 4.398248
1320 498 108 24 24 5.216471
1320 498 114 24 24 1.348399
1350 288 32 64 64 0.710712
1350 288 48 64 64 1.693514
1350 180 160 40 40 0.596493
1350 153 126 36 36 0.976841
1350 198 171 36 36 0.597135
1350 432 144 36 36 0.506624
1350 432 153 36 36 3.791649
1350 432 162 36 36 2.499003
1350 441 153 36 36 3.054347
1350 441 162 36 36 2.261636
1350 450 153 36 36 2.318971
1350 450 162 36 36 0.778115
1350 450 171 36 36 0.974048
1350 459 171 36 36 1.421808
1350 0 224 28 28 3.367872
1350 0 231 28 28 0.418919
1350 210 204 24 24 1.126808
1350 498 84 24 24 2.782210
1350 498 96 24 24 1.403972
1380 288 48 64 64 0.581405
1380 352 32 64 64 0.779174
1380 408 24 48 48 0.123220
1380 408 36 48 48 0.338918
1380 420 24 48 48 2.895784
1380 408 24 48 48 0.123220
1380 408 36 48 48 0.338918
1380 420 24 48 48 2.895784
1380 170 170 40 40 0.240829
1380 180 170 40 40 1.582214
1380 441 153 36 36 6.724403
1380 441 162 36 36 9.444793
1380 441 171 36 36 2.235721
1380 450 162 36 36 5.413709
1380 450 171 36 36 0.596819
1380 459 162 36 36 1.933353
1380 384 144 32 32 0.910335
1380 384 152 32 32 2.974917
1380 392 152 32 32 2.867190
1380 400 152 32 32 1.475414
1380 462 98 28 28 0.133334
1380 204 210 24 24 0.401286
1380 480 102 24 24 1.823824
1380 480 198 24 24 1.235269
1380 480 204 24 24 0.096387
1380 486 102 24 24 1.998818
1380 498 198 24 24 4.999318
1380 498 204 24 24 7.602853
1380 498 210 24 24 4.954003
1410 352 0 64 64 0.141101
1410 352 32 64 64 0.437584
1410 352 48 64 64 4.105968
1410 384 36 48 48 1.015814
1410 384 36 48 48 1.015814
1410 180 170 40 40 0.446056
1410 180 180 40 40 2.086704
1410 350 112 28 28 0.296738
1410 96 192 24 24 0.334749
1410 108 192 24 24 3.329732
1410 108 198 24 24 3.058344
1410 132 192 24 24 1.356369
1410 480 96 24 24 4.892761
1410 480 102 24 24 5.632288
1410 486 96 24 24 3.169749
1410 486 102 24 24 4.098214
1410 486 108 24 24 0.845212
1410 492 102 24 24 2.527926
1410 498 102 24 24 1.969763
1440 352 16 64 64 2.582914
1440 396 36 48 48 0.669559
1440 396 36 48 48 0.669559
1440 180 180 40 40 0.295669
1440 441 171 36 36 1.383858
1440 450 171 36 36 1.891160
1440 459 0 36 36 1.655529
1440 459 9 36 36 0.591688
1440 459 162 36 36 1.848426
1440 459 171 36 36 5.013777
1440 176 152 32 32 2.334294
1440 448 119 28 28 1.121110
1440 448 126 28 28 0.092148
1440 455 119 28 28 2.675779
1440 455 126 28 28 2.796786
1440 462 119 28 28 3.040788
1440 462 126 28 28 4.524912
1440 469 119 28 28 1.793488
1440 469 126 28 28 4.732794
1440 469 133 28 28 0.455097
1440 96 204 24 24 1.606095
1440 102 192 24 24 1.070499
1440 102 198 24 24 0.243056
1440 102 204 24 24 0.319498
1440 108 192 24 24 1.522910
1440 108 198 24 24 0.773567
1440 132 102 24 24 0.276774
1440 132 108 24 24 1.890671
1440 480 210 24 24 0.332799
1470 352 0 64 64 1.486867
1470 352 16 64 64 1.585609
1470 420 168 48 48 2.084632
1470 420 168 48 48 2.084632
1470 11 154 44 44 1.076110
1470 11 176 44 44 0.893173
1470 22 154 44 44 1.492021
1470 33 154 44 44 0.288029
1470 10 180 40 40 1.882699
1470 20 180 40 40 0.798803
1470 30 160 40 40 0.928855
1470 30 170 40 40 0.027734
1470 30 180 40 40 1.754410
1470 162 144 36 36 0.662282
1470 400 112 32 32 0.890478
1470 448 119 28 28 1.404210
1470 448 126 28 28 2.651078
1470 448 133 28 28 2.479977
1470 448 224 28 28 1.638687
1470 448 231 28 28 2.296979
1470 448 238 28 28 2.497940
1470 455 126 28 28 0.359509
1470 455 133 28 28 1.237109
1470 455 224 28 28 2.098284
1470 455 231 28 28 1.410267
1470 455 238 28 28 0.283065
1470 469 133 28 28 2.060060
1470 498 210 24 24 0.559565
1500 288 0 64 64 1.422873
1500 352 0 64 64 3.399154
1500 352 16 64 64 5.312265
1500 352 32 64 64 2.083379
1500 408 36 48 48 3.354914
1500 408 168 48 48 3.326294
1500 420 36 48 48 2.264827
1500 420 168 48 48 8.481007
1500 408 36 48 48 3.354914
1500 408 168 48 48 3.326294
1500 420 36 48 48 2.264827
1500 420 168 48 48 8.481007
1500 10 170 40 40 0.553040
1500 20 170 40 40 0.022494
1500 450 126 36 36 1.098100
1500 459 126 36 36 3.515269
1500 0 224 28 28 1.738584
1500 0 231 28 28 0.129446
1500 7 224 28 28 1.126042
1500 448 119 28 28 1.570627
1500 448 126 28 28 1.070381
1500 448 133 28 28 1.191855
1500 455 112 28 28 2.827476
1500 455 119 28 28 3.531760
1500 455 224 28 28 1.312236
1500 455 231 28 28 3.618945
1500 462 112 28 28 1.948406
1500 462 119 28 28 2.084413
1500 462 224 28 28 2.901118
1500 462 231 28 28 5.164765
1500 462 238 28 28 4.057567
1500 469 224 28 28 3.234468
1500 469 231 28 28 3.967199
1500 469 238 28 28 2.840409
1500 102 192 24 24 3.588785
1500 108 192 24 24 4.154660
1500 108 198 24 24 1.724610
1530 288 0 64 64 2.205582
1530 288 16 64 64 0.511315
1530 352 0 64 64 0.713327
1530 352 16 64 64 4.412926
1530 352 32 64 64 0.789201
1530 420 36 48 48 0.162848
1530 420 168 48 48 4.396164
1530 420 36 48 48 0.162848
1530 420 168 48 48 4.396164
1530 0 176 44 44 0.109653
1530 385 33 44 44 0.019165
1530 170 190 40 40 0.337822
1530 432 153 36 36 0.772568
1530 432 162 36 36 2.799226
1530 432 171 36 36 7.015449
1530 441 153 36 36 0.439030
1530 441 162 36 36 1.868828
1530 441 171 36 36 6.106053
1530 450 171 36 36 2.930832
1530 128 144 32 32 1.935706
1530 136 144 32 32 3.096961
1530 136 152 32 32 1.553989
1530 144 144 32 32 0.764011
1530 462 224 28 28 0.212588
1530 469 224 28 28 7.784804
1530 96 192 24 24 3.197868
1530 96 198 24 24 4.674087
1530 102 192 24 24 4.604521
1530 102 198 24 24 5.847793
1530 102 204 24 24 1.630673
1530 108 192 24 24 5.665527
1530 108 198 24 24 3.308306
1530 108 204 24 24 0.833835
1560 288 0 64 64 1.511057
1560 288 16 64 64 1.191710
1560 352 0 64 64 2.987134
1560 352 16 64 64 7.343398
1560 352 32 64 64 2.835052
1560 408 12 48 48 0.901574
1560 408 24 48 48 0.578256
1560 420 24 48 48 4.311404
1560 420 36 48 48 1.565461
1560 408 12 48 48 0.901574
1560 408 24 48 48 0.578256
1560 420 24 48 48 4.311404
1560 420 36 48 48 1.565461
1560 385 22 44 44 1.340812
1560 170 180 40 40 0.285618
1560 450 9 36 36 1.118149
1560 459 171 36 36 0.169394
1560 128 144 32 32 3.411101
1560 128 152 32 32 2.766788
1560 136 144 32 32 4.799163
1560 136 152 32 32 2.214710
1560 400 112 32 32 4.930894
1560 408 112 32 32 6.452048
1560 96 192 24 24 5.105587
1560 96 198 24 24 3.612872
1560 96 204 24 24 2.879997
1560 102 192 24 24 3.617008
1560 102 198 24 24 2.768997
1560 108 198 24 24 1.007224
1560 192 300 24 24 0.251667
1590 288 16 64 64 1.809543
1590 352 0 64 64 3.616627
1590 352 16 64 64 7.603993
1590 352 32 64 64 0.786902
1590 384 12 48 48 1.987294
1590 384 24 48 48 0.013631
1590 384 12 48 48 1.987294
1590 384 24 48 48 0.013631
1590 22 154 44 44 1.528131
1590 33 154 44 44 1.906545
1590 374 33 44 44 0.361740
1590 385 22 44 44 1.412731
1590 385 33 44 44 1.297410
1590 20 160 40 40 0.105299
1590 30 140 40 40 2.210337
1590 30 160 40 40 4.567237
1590 160 180 40 40 0.023075
1590 170 170 40 40 1.203964
1590 170 180 40 40 3.485547
1590 180 180 40 40 1.810339
1590 162 297 36 36 0.429667
1590 128 144 32 32 1.669762
1590 128 152 32 32 4.140660
1590 136 144 32 32 1.987181
1590 136 152 32 32 1.964583
1590 408 112 32 32 4.970454
1590 96 198 24 24 0.653622
1590 96 204 24 24 0.592136
1620 288 0 64 64 2.344822
1620 288 16 64 64 3.385194
1620 352 0 64 64 1.416588
1620 352 16 64 64 2.168497
1620 0 154 44 44 6.940801
1620 11 154 44 44 3.968239
1620 22 154 44 44 1.448123
1620 33 154 44 44 0.335773
1620 176 176 44 44 1.136693
1620 0 160 40 40 0.162549
1620 10 160 40 40 6.900754
1620 10 170 40 40 5.503787
1620 10 180 40 40 0.313635
1620 20 160 40 40 4.990848
1620 20 170 40 40 2.369236
1620 30 160 40 40 2.557312
1620 18 162 36 36 0.940895
1620 18 171 36 36 1.739372
1620 27 162 36 36 0.254736
1620 27 171 36 36 3.605228
1620 432 9 36 36 3.079860
1620 432 18 36 36 3.459632
1620 432 27 36 36 0.840443
1620 441 9 36 36 0.035259
1620 441 18 36 36 1.648822
1620 450 18 36 36 1.293320
1620 128 144 32 32 0.679198
1620 128 152 32 32 1.570109
1620 136 144 32 32 4.394162
1620 136 152 32 32 5.142673
1620 144 144 32 32 4.979170
1620 144 152 32 32 6.739606
1620 176 144 32 32 0.141246
1620 176 152 32 32 2.583590
1620 455 21 28 28 0.578820
1620 402 12 24 24 1.604302
1620 402 18 24 24 3.139614
1620 498 102 24 24 0.148474
1650 352 16 64 64 1.005769
1650 0 180 40 40 1.330392
1650 0 190 40 40 1.757076
1650 160 140 40 40 0.967268
1650 162 144 36 36 1.556658
1650 162 153 36 36 2.303746
1650 459 18 36 36 0.280821
1650 14 224 28 28 0.788016
1650 168 126 28 28 1.439349
1650 448 133 28 28 0.084773
1650 390 102 24 24 0.215639
1680 352 16 64 64 0.324330
1680 0 154 44 44 2.302944
1680 0 160 40 40 2.947561
1680 0 170 40 40 5.741903
1680 0 180 40 40 5.101168
1680 0 190 40 40 0.827626
1680 10 170 40 40 1.997972
1680 10 180 40 40 2.530128
1680 10 190 40 40 0.227069
1680 20 170 40 40 0.243602
1680 20 180 40 40 0.017944
1680 153 144 36 36 0.060742
1680 153 153 36 36 1.863874
1680 168 126 28 28 1.790914
1680 462 133 28 28 3.176766
1680 384 102 24 24 0.402387
1680 390 96 24 24 1.844536
1680 390 102 24 24 1.354485
1680 480 96 24 24 2.381980
1710 144 162 36 36 1.610004
1710 450 126 36 36 4.601113
1710 459 126 36 36 6.230088
1710 204 192 24 24 1.413502
1710 210 192 24 24 2.954787
1710 288 192 24 24 0.377696
1710 294 192 24 24 4.256740
1710 390 102 24 24 2.047335
1710 396 102 24 24 0.362528
1710 486 96 24 24 0.607356
1710 492 96 24 24 0.059805
1740 288 16 64 64 0.660933
1740 384 24 48 48 0.250096
1740 396 24 48 48 0.588506
1740 384 24 48 48 0.250096
1740 396 24 48 48 0.588506
1740 385 33 44 44 2.515004
1740 144 153 36 36 1.448440
1740 144 162 36 36 1.304688
1740 144 171 36 36 0.794909
1740 432 126 36 36 1.843570
1740 441 126 36 36 0.387450
1740 96 192 24 24 0.984005
1740 96 198 24 24 3.009942
1740 96 204 24 24 1.026067
1740 96 210 24 24 0.094225
1740 102 192 24 24 0.142904
1740 102 198 24 24 3.036493
1740 102 204 24 24 2.195218
1740 108 192 24 24 0.504127
1740 108 198 24 24 1.666493
1740 108 204 24 24 1.338302
1740 204 192 24 24 3.785307
1740 288 192 24 24 0.522269
1740 396 102 24 24 2.444110
1770 204 216 48 48 0.239833
1770 384 12 48 48 0.118763
1770 384 24 48 48 1.091066
1770 396 12 48 48 5.729726
1770 396 24 48 48 6.923028
1770 396 36 48 48 0.507806
1770 408 12 48 48 3.087339
1770 408 24 48 48 6.271805
1770 408 36 48 48 0.896030
1770 420 12 48 48 1.625931
1770 420 24 48 48 3.171955
1770 204 216 48 48 0.239833
1770 384 12 48 48 0.118763
1770 384 24 48 48 1.091066
1770 396 12 48 48 5.729726
1770 396 24 48 48 6.923028
1770 396 36 48 48 0.507806
1770 408 12 48 48 3.087339
1770 408 24 48 48 6.271805
1770 408 36 48 48 0.896030
1770 420 12 48 48 1.625931
1770 420 24 48 48 3.171955
1770 352 33 44 44 1.145174
1770 144 144 36 36 0.259394
1770 459 126 36 36 3.001981
1770 128 152 32 32 4.334726
1770 136 152 32 32 0.351314
1770 168 238 28 28 0.761883
1770 336 133 28 28 0.757266
1770 343 126 28 28 0.335391
1770 343 133 28 28 3.473660
1770 350 126 28 28 0.115297
1770 350 133 28 28 1.265606
1770 390 18 24 24 0.229585
1770 396 102 24 24 0.340979
1770 402 96 24 24 1.882202
1770 402 102 24 24 5.741827
1770 402 108 24 24 0.104552
