30 32 48 64 64 1.128199
30 48 32 64 64 0.398482
30 48 48 64 64 1.223626
30 0 0 48 48 0.237549
30 0 0 48 48 0.237549
30 11 0 44 44 1.779762
30 11 11 44 44 1.727984
30 11 22 44 44 0.147886
30 10 0 40 40 4.167521
30 10 10 40 40 0.525540
30 20 0 40 40 6.333052
30 20 10 40 40 3.457574
30 330 140 40 40 2.448698
30 340 140 40 40 1.882118
30 18 0 36 36 0.811999
30 18 9 36 36 2.865856
30 18 18 36 36 1.060615
30 27 0 36 36 4.281884
30 27 9 36 36 7.536963
30 27 18 36 36 6.250812
30 27 27 36 36 2.049894
30 27 126 36 36 0.595503
30 24 16 32 32 1.556766
30 24 24 32 32 3.217186
30 176 112 32 32 0.334003
30 192 112 32 32 0.154435
30 400 152 32 32 0.644112
30 408 152 32 32 1.208268
30 154 119 28 28 0.199646
30 154 126 28 28 5.014036
30 154 133 28 28 1.010921
30 357 133 28 28 1.602159
30 455 112 28 28 2.147011
30 462 112 28 28 1.054872
60 0 16 64 64 1.544463
60 16 16 64 64 0.511912
60 16 32 64 64 1.679744
60 32 32 64 64 2.533384
60 48 32 64 64 2.821446
60 320 140 40 40 3.882082
60 320 160 40 40 1.338488
60 330 140 40 40 2.558694
60 340 140 40 40 2.553933
60 306 144 36 36 1.304744
60 0 16 32 32 1.723669
60 0 24 32 32 2.415890
60 128 112 32 32 2.558353
60 136 112 32 32 1.475492
60 384 128 32 32 1.865209
60 384 136 32 32 5.531626
60 384 144 32 32 6.377550
60 384 152 32 32 2.693139
60 392 136 32 32 3.494462
60 392 144 32 32 4.847928
60 392 152 32 32 3.656336
60 400 136 32 32 1.499515
60 400 144 32 32 0.458657
60 0 21 28 28 2.971284
60 0 133 28 28 0.756739
60 119 133 28 28 0.835580
60 126 126 28 28 0.026306
60 357 126 28 28 0.525874
60 357 133 28 28 2.562205
60 96 12 24 24 1.180028
60 96 18 24 24 2.790479
60 102 12 24 24 3.279353
60 102 18 24 24 0.621356
90 0 32 64 64 3.408822
90 16 16 64 64 2.402807
90 16 32 64 64 4.198121
90 32 16 64 64 0.261183
90 32 32 64 64 2.947054
90 48 32 64 64 0.715254
90 352 48 64 64 1.764015
90 340 160 40 40 1.401706
90 340 170 40 40 2.401529
90 297 0 36 36 0.928079
90 432 144 36 36 2.729461
90 432 153 36 36 1.257134
90 384 136 32 32 1.760396
90 384 144 32 32 3.091331
90 392 136 32 32 1.060222
90 392 144 32 32 3.132605
90 400 136 32 32 0.273725
90 400 144 32 32 3.901694
90 408 144 32 32 0.113719
90 112 119 28 28 0.983460
90 112 126 28 28 1.981580
90 357 112 28 28 0.170137
90 448 126 28 28 2.344026
90 469 119 28 28 0.683306
90 469 126 28 28 0.617977
90 96 0 24 24 0.090623
90 288 18 24 24 1.241953
90 384 6 24 24 0.006793
120 0 16 64 64 3.240300
120 0 32 64 64 2.550200
120 16 16 64 64 1.067541
120 16 32 64 64 0.789134
120 32 32 64 64 1.023833
120 352 16 64 64 1.105910
120 352 32 64 64 4.115120
120 400 128 32 32 1.529613
120 400 136 32 32 1.482103
120 408 128 32 32 1.585009
120 408 136 32 32 2.554832
120 408 144 32 32 0.890822
120 408 152 32 32 4.599055
120 126 119 28 28 0.008483
120 126 126 28 28 0.191933
120 126 133 28 28 1.521019
120 350 119 28 28 0.404597
120 357 119 28 28 3.482032
120 357 126 28 28 0.013101
120 448 112 28 28 2.607856
120 448 119 28 28 3.721614
120 448 126 28 28 0.980324
120 455 119 28 28 2.686491
120 455 126 28 28 2.809103
120 462 119 28 28 3.024007
120 462 126 28 28 3.517757
120 462 133 28 28 0.661761
120 469 119 28 28 1.490919
120 390 114 24 24 1.187526
120 396 114 24 24 1.683585
120 480 192 24 24 2.797582
120 480 198 24 24 5.576711
120 480 204 24 24 3.983118
120 486 198 24 24 3.598903
120 486 204 24 24 2.815662
120 492 6 24 24 2.320350
120 492 12 24 24 1.058725
120 498 0 24 24 1.416672
120 498 6 24 24 2.575918
120 498 12 24 24 5.259023
150 0 32 64 64 3.988396
150 16 32 64 64 0.535478
150 32 32 64 64 0.240054
150 352 32 64 64 3.320278
150 352 48 64 64 3.960032
150 315 0 36 36 0.608984
150 16 128 32 32 2.520507
150 24 128 32 32 1.042935
150 392 136 32 32 2.161692
150 400 128 32 32 0.565791
150 400 136 32 32 7.862285
150 400 144 32 32 2.276394
150 408 128 32 32 1.985966
150 408 136 32 32 4.051866
150 408 144 32 32 0.499192
150 21 112 28 28 0.467312
150 112 133 28 28 0.212098
150 462 126 28 28 0.644464
150 469 119 28 28 3.823160
150 469 126 28 28 6.168211
150 469 133 28 28 3.622965
180 0 32 64 64 0.626318
180 32 16 64 64 0.158022
180 272 32 64 64 3.264840
180 352 32 64 64 0.835204
180 352 48 64 64 2.899698
180 396 36 48 48 1.475281
180 396 36 48 48 1.475281
180 0 0 36 36 4.520410
180 0 0 32 32 7.816649
180 0 8 32 32 9.480426
180 0 16 32 32 5.406847
180 8 0 32 32 0.817641
180 8 8 32 32 4.454520
180 8 16 32 32 2.765506
180 16 8 32 32 2.066278
180 176 112 32 32 0.819663
180 384 136 32 32 0.054329
180 0 14 28 28 3.730150
180 0 21 28 28 6.676910
180 0 126 28 28 1.319269
180 0 133 28 28 1.529849
180 7 7 28 28 0.484821
180 7 14 28 28 8.090164
180 7 21 28 28 9.820946
180 14 7 28 28 2.036348
180 14 14 28 28 5.243484
180 14 21 28 28 7.352608
180 21 14 28 28 0.595245
180 21 21 28 28 5.242537
180 168 119 28 28 1.556007
180 168 126 28 28 3.061548
180 350 98 28 28 0.230912
210 0 16 64 64 1.437020
210 272 0 64 64 0.854786
210 272 16 64 64 0.593520
210 288 0 64 64 0.557563
210 288 16 64 64 2.903917
210 136 112 32 32 1.266986
210 144 112 32 32 3.746455
210 384 136 32 32 3.638201
210 392 136 32 32 1.637004
210 0 126 28 28 2.462984
210 0 133 28 28 2.669770
210 7 126 28 28 2.878062
210 7 133 28 28 0.302454
210 14 126 28 28 1.821737
210 154 119 28 28 2.476436
210 154 126 28 28 4.967914
210 154 133 28 28 2.374916
210 168 133 28 28 1.388515
210 336 119 28 28 3.855981
210 343 119 28 28 5.956820
210 343 126 28 28 3.853369
210 350 119 28 28 1.823399
210 350 126 28 28 2.875350
210 357 126 28 28 3.615334
210 498 84 24 24 3.666863
240 352 16 64 64 1.698104
240 128 112 32 32 4.107237
240 136 112 32 32 4.900825
240 144 112 32 32 3.966838
240 176 112 32 32 0.292010
240 384 112 32 32 2.173129
240 392 112 32 32 3.862532
240 400 112 32 32 2.077624
240 154 126 28 28 1.021324
240 168 133 28 28 1.610683
240 343 112 28 28 1.555241
240 343 119 28 28 3.934625
240 350 112 28 28 0.807924
240 350 119 28 28 3.888515
240 350 126 28 28 1.528473
240 357 119 28 28 1.493071
240 492 108 24 24 2.970988
240 492 114 24 24 4.077621
240 498 108 24 24 1.944271
240 498 114 24 24 2.165680
270 48 0 64 64 0.924160
270 352 0 64 64 3.079049
270 352 16 64 64 2.208933
270 128 112 32 32 3.900268
270 136 112 32 32 1.267728
270 384 112 32 32 1.154925
270 392 112 32 32 2.031276
270 400 112 32 32 5.046842
270 408 112 32 32 5.571764
270 0 126 28 28 0.654845
270 7 119 28 28 1.257350
270 7 126 28 28 1.426830
270 21 119 28 28 0.580089
270 126 119 28 28 0.318591
270 126 126 28 28 0.596423
270 350 112 28 28 0.022098
270 350 119 28 28 3.797142
270 357 119 28 28 2.486957
300 0 32 64 64 1.013378
300 16 32 64 64 0.668569
300 288 0 64 64 1.059582
300 288 16 64 64 0.228850
300 352 0 64 64 3.761193
300 352 16 64 64 3.919600
300 384 112 32 32 1.560521
300 392 112 32 32 0.701518
300 400 112 32 32 2.785282
300 408 112 32 32 4.848332
300 7 126 28 28 1.041129
300 14 126 28 28 2.510755
300 112 126 28 28 1.138125
300 343 119 28 28 1.183169
300 357 0 28 28 0.865587
330 0 32 64 64 1.419312
330 16 32 64 64 0.054816
330 272 0 64 64 3.462118
330 272 16 64 64 0.668838
330 288 0 64 64 3.036945
330 288 16 64 64 0.558281
330 352 0 64 64 2.336716
330 352 16 64 64 2.986441
330 16 128 32 32 1.510366
330 392 112 32 32 0.959063
330 400 112 32 32 0.005849
330 0 126 28 28 2.431791
330 343 119 28 28 1.012530
360 0 16 64 64 0.714028
360 0 32 64 64 1.893453
360 16 32 64 64 0.438177
360 32 32 64 64 0.574814
360 272 0 64 64 3.648631
360 288 0 64 64 2.272893
360 352 0 64 64 2.289610
360 352 16 64 64 3.373044
360 350 0 40 40 1.016149
360 264 128 32 32 1.486929
360 264 136 32 32 0.068272
360 272 128 32 32 1.546987
360 280 144 32 32 0.390732
360 0 126 28 28 0.408742
360 448 119 28 28 2.515076
360 448 126 28 28 3.525825
390 0 32 64 64 1.324951
390 0 48 64 64 0.735894
390 272 0 64 64 2.612915
390 272 16 64 64 1.392880
390 288 0 64 64 1.713009
390 288 16 64 64 1.489650
390 352 0 64 64 1.341061
390 352 16 64 64 2.971573
390 352 0 44 44 0.123040
390 264 128 32 32 0.496361
390 264 136 32 32 3.409767
390 264 144 32 32 0.348819
390 272 128 32 32 0.847784
390 272 136 32 32 3.594759
390 272 144 32 32 1.811286
390 280 144 32 32 0.225227
390 0 126 28 28 0.005095
390 343 126 28 28 1.132474
390 350 126 28 28 0.622568
390 448 126 28 28 3.569562
420 0 32 64 64 1.731768
420 0 48 64 64 1.972926
420 16 32 64 64 0.690540
420 16 48 64 64 1.479522
420 32 48 64 64 0.216810
420 272 16 64 64 0.596306
420 288 0 64 64 0.349878
420 288 16 64 64 0.726544
420 352 0 44 44 0.154285
420 8 136 32 32 0.547406
420 272 112 32 32 1.636688
420 0 133 28 28 0.432686
420 343 126 28 28 0.679802
420 350 126 28 28 1.003045
450 272 0 64 64 1.938342
450 272 16 64 64 1.234244
450 288 0 64 64 1.379254
450 288 16 64 64 1.535733
450 352 0 64 64 0.448005
450 352 16 64 64 3.237078
450 352 0 44 44 0.585717
450 112 224 28 28 0.623966
450 112 231 28 28 3.009715
450 112 238 28 28 2.346223
450 119 231 28 28 2.244244
450 119 238 28 28 2.473785
450 119 245 28 28 0.248314
450 126 224 28 28 0.676385
450 126 231 28 28 3.819932
450 126 238 28 28 1.718343
450 245 231 28 28 0.218119
450 343 126 28 28 0.733104
450 350 126 28 28 0.260059
450 448 126 28 28 3.025343
450 448 133 28 28 0.944867
480 0 32 64 64 1.468561
480 0 48 64 64 1.458971
480 16 32 64 64 0.844871
480 16 48 64 64 1.085082
480 272 16 64 64 0.442194
480 288 16 64 64 0.624248
480 352 0 44 44 0.824467
480 459 153 36 36 3.919687
480 459 162 36 36 0.975593
480 0 133 28 28 1.595472
480 343 126 28 28 2.302809
480 350 126 28 28 2.104106
480 402 192 24 24 0.197068
480 480 192 24 24 3.297479
480 480 198 24 24 1.720347
480 486 192 24 24 2.378180
510 272 0 64 64 0.755126
510 272 16 64 64 2.405968
510 288 16 64 64 1.485190
510 352 16 64 64 3.744962
510 24 192 48 48 3.410041
510 36 168 48 48 0.311139
510 36 192 48 48 3.445870
510 36 204 48 48 1.662064
510 192 168 48 48 2.697824
510 24 192 48 48 3.410041
510 36 168 48 48 0.311139
510 36 192 48 48 3.445870
510 36 204 48 48 1.662064
510 192 168 48 48 2.697824
510 33 0 44 44 4.707623
510 33 187 44 44 2.875041
510 33 198 44 44 2.566898
510 187 176 44 44 1.934609
510 198 154 44 44 2.866764
510 198 176 44 44 3.010735
510 198 187 44 44 0.405608
510 352 0 44 44 0.049810
510 220 170 40 40 0.732092
510 220 190 40 40 0.154979
510 216 171 36 36 2.025382
510 112 231 28 28 0.363272
510 238 224 28 28 2.122439
510 238 231 28 28 0.227787
510 245 224 28 28 0.984464
510 448 126 28 28 2.446201
510 448 133 28 28 2.970401
540 0 32 64 64 1.126687
540 0 48 64 64 1.738410
540 16 32 64 64 0.221923
540 16 48 64 64 1.363086
540 32 48 64 64 0.227332
540 272 16 64 64 2.185762
540 288 0 64 64 0.278078
540 288 16 64 64 1.580872
540 352 16 64 64 3.773107
540 352 0 44 44 0.724519
540 8 136 32 32 0.798756
540 24 128 32 32 0.199965
540 0 133 28 28 2.037032
540 448 126 28 28 2.714516
540 448 133 28 28 2.981155
570 0 32 64 64 1.098355
570 0 48 64 64 2.191960
570 16 48 64 64 1.229322
570 32 48 64 64 0.406218
570 272 16 64 64 2.912270
570 288 16 64 64 1.833025
570 352 16 64 64 3.030291
570 0 133 28 28 0.877750
570 343 126 28 28 0.171159
570 448 126 28 28 2.177804
570 448 133 28 28 3.323110
600 0 32 64 64 1.252827
600 0 48 64 64 2.189513
600 16 48 64 64 1.248260
600 32 48 64 64 0.326984
600 272 0 64 64 0.463564
600 272 16 64 64 3.247327
600 288 0 64 64 0.329505
600 288 16 64 64 2.024056
600 352 16 64 64 2.954581
600 352 0 44 44 0.413541
600 0 133 28 28 0.477406
600 448 126 28 28 2.331312
600 448 133 28 28 3.419799
600 294 114 24 24 1.406504
630 0 32 64 64 1.130744
630 0 48 64 64 2.218224
630 16 48 64 64 1.302158
630 32 48 64 64 0.588631
630 272 0 64 64 0.940500
630 272 16 64 64 3.540264
630 288 0 64 64 0.179846
630 288 16 64 64 2.098590
630 352 16 64 64 2.939444
630 352 0 44 44 0.151588
630 0 133 28 28 0.248108
630 448 126 28 28 1.907834
630 448 133 28 28 2.860590
630 294 114 24 24 1.638568
630 300 114 24 24 1.630955
660 0 32 64 64 0.907073
660 0 48 64 64 2.045556
660 16 48 64 64 0.920665
660 272 0 64 64 0.913438
660 272 16 64 64 3.425701
660 288 0 64 64 0.500204
660 288 16 64 64 2.144100
660 352 16 64 64 3.247662
660 352 0 44 44 0.361537
660 0 133 28 28 0.010603
660 448 126 28 28 2.174707
660 448 133 28 28 3.233780
690 0 32 64 64 1.128574
690 0 48 64 64 2.270126
690 16 48 64 64 1.150377
690 32 48 64 64 0.434150
690 272 16 64 64 4.055702
690 288 16 64 64 2.427014
690 352 16 64 64 2.575793
690 352 0 44 44 1.239852
690 8 136 32 32 0.523810
690 0 133 28 28 0.017790
690 448 126 28 28 1.871598
690 448 133 28 28 2.949854
720 0 32 64 64 0.933934
720 0 48 64 64 2.096510
720 16 48 64 64 1.028753
720 32 48 64 64 0.385693
720 272 0 64 64 0.151826
720 272 16 64 64 3.365100
720 288 16 64 64 2.064536
720 352 16 64 64 3.193307
720 8 136 32 32 0.087519
720 448 126 28 28 2.226196
720 448 133 28 28 3.009691
720 294 114 24 24 0.020540
750 0 32 64 64 1.053566
750 0 48 64 64 2.248383
750 16 48 64 64 1.546756
750 32 48 64 64 0.638052
750 272 0 64 64 0.550673
750 272 16 64 64 3.744296
750 288 0 64 64 0.487087
750 288 16 64 64 2.382815
750 352 16 64 64 3.142756
750 8 136 32 32 0.419298
750 448 126 28 28 2.452529
750 448 133 28 28 3.391116
780 0 48 64 64 3.399063
780 16 32 64 64 1.410638
780 16 48 64 64 2.188366
780 32 32 64 64 1.845660
780 32 48 64 64 1.574990
780 272 16 64 64 3.521584
780 288 16 64 64 2.452758
780 352 16 64 64 2.762378
780 16 136 32 32 0.063814
780 448 126 28 28 0.880100
780 448 133 28 28 2.704883
810 0 32 64 64 4.415379
810 0 48 64 64 1.153077
810 16 32 64 64 3.198391
810 16 48 64 64 1.174443
810 32 16 64 64 1.679371
810 32 32 64 64 2.701899
810 32 48 64 64 3.720678
810 48 32 64 64 1.179965
810 48 48 64 64 2.725622
810 272 0 64 64 0.117473
810 272 16 64 64 3.096629
810 288 0 64 64 0.417883
810 288 16 64 64 2.165783
810 352 16 64 64 2.895312
810 8 136 32 32 0.266532
810 0 133 28 28 1.305786
810 448 126 28 28 2.068480
810 448 133 28 28 3.287284
840 0 32 64 64 4.794651
840 0 48 64 64 5.543605
840 16 32 64 64 4.912925
840 16 48 64 64 4.798337
840 32 32 64 64 1.500505
840 32 48 64 64 2.706590
840 272 16 64 64 3.360418
840 288 16 64 64 2.519588
840 352 16 64 64 3.047344
840 352 32 64 64 0.059065
840 352 0 44 44 0.264523
840 136 128 32 32 0.190664
840 144 128 32 32 0.609939
840 0 133 28 28 0.642732
840 168 133 28 28 0.049101
840 448 126 28 28 0.655847
840 448 133 28 28 3.248820
870 0 32 64 64 2.931531
870 0 48 64 64 2.977937
870 16 32 64 64 0.342355
870 16 48 64 64 1.878658
870 32 48 64 64 1.195227
870 272 16 64 64 3.308377
870 288 16 64 64 2.866272
870 352 16 64 64 3.429598
870 352 32 64 64 2.241786
870 352 0 44 44 2.102813
870 363 0 44 44 0.497792
870 448 133 28 28 3.426264
870 402 12 24 24 0.250060
870 402 18 24 24 2.333535
900 0 32 64 64 2.359409
900 0 48 64 64 1.076533
900 16 48 64 64 0.740958
900 272 16 64 64 4.890251
900 288 16 64 64 3.498887
900 352 16 64 64 3.997204
900 352 32 64 64 6.899836
900 352 0 44 44 0.183595
900 363 0 44 44 2.135955
900 216 144 36 36 0.073070
900 441 18 36 36 3.142566
900 441 27 36 36 4.474752
900 441 126 36 36 1.600024
900 450 18 36 36 0.197032
900 450 27 36 36 1.274456
900 450 126 36 36 0.314837
900 459 126 36 36 1.088404
900 392 128 32 32 0.520699
900 400 128 32 32 1.846380
900 408 128 32 32 3.567465
900 402 6 24 24 1.378385
900 402 12 24 24 1.088636
900 402 18 24 24 0.198676
930 0 32 64 64 1.705064
930 0 48 64 64 3.215075
930 16 32 64 64 1.396536
930 16 48 64 64 2.464625
930 32 48 64 64 0.153333
930 352 32 64 64 5.600438
930 352 48 64 64 6.080970
930 432 144 36 36 0.233809
930 8 136 32 32 0.196773
930 16 136 32 32 1.743324
930 384 136 32 32 0.782770
930 384 144 32 32 2.728707
930 384 152 32 32 0.798066
930 392 144 32 32 1.636120
930 392 152 32 32 1.585365
930 408 136 32 32 3.352686
930 408 144 32 32 1.926214
960 0 32 64 64 0.160651
960 0 48 64 64 2.157928
960 16 48 64 64 0.041104
960 288 48 64 64 2.005891
960 352 32 64 64 0.093753
960 240 20 40 40 0.559787
960 450 126 36 36 1.654882
960 450 144 36 36 2.837391
960 459 126 36 36 1.044165
960 459 144 36 36 4.676585
960 459 153 36 36 1.423769
960 384 144 32 32 1.767254
960 392 144 32 32 1.317624
960 392 152 32 32 1.306754
960 400 144 32 32 0.522078
960 400 152 32 32 1.442630
990 0 48 64 64 2.527565
990 340 20 40 40 2.434010
990 350 20 40 40 0.404838
990 432 171 36 36 1.125977
990 441 171 36 36 1.469322
990 128 152 32 32 1.596370
990 448 0 28 28 0.593391
990 132 192 24 24 5.450028
990 144 192 24 24 4.852766
990 390 192 24 24 0.077641
990 396 192 24 24 1.157312
990 402 192 24 24 2.237888
1020 350 160 40 40 0.661969
1020 432 162 36 36 0.300278
1020 441 153 36 36 0.131807
1020 441 162 36 36 3.261340
1020 441 171 36 36 0.562904
1020 450 162 36 36 0.314826
1020 0 152 32 32 0.228906
1020 264 16 32 32 0.327400
1020 132 192 24 24 0.786627
1020 144 192 24 24 0.510814
1020 486 18 24 24 0.347437
1020 486 192 24 24 0.554635
1020 492 18 24 24 0.685240
1020 492 192 24 24 2.023261
1020 492 198 24 24 0.971986
1020 498 192 24 24 0.975880
1020 498 198 24 24 1.312858
1050 256 0 64 64 0.331898
1050 102 192 24 24 0.338064
1050 108 192 24 24 0.981731
1050 492 192 24 24 3.098008
1050 498 192 24 24 5.314213
1050 498 198 24 24 0.436400
1080 330 30 40 40 0.984539
1080 18 153 36 36 0.184059
1080 18 162 36 36 0.519415
1080 126 112 28 28 1.250329
1080 144 114 24 24 2.282197
1080 384 84 24 24 5.640173
1080 390 84 24 24 3.220659
1080 396 114 24 24 3.931344
1080 402 114 24 24 4.205391
1110 12 24 48 48 1.535891
1110 384 0 48 48 3.779841
1110 396 0 48 48 7.738869
1110 396 12 48 48 5.438907
1110 408 0 48 48 4.063546
1110 408 12 48 48 6.666338
1110 408 24 48 48 2.146477
1110 420 0 48 48 5.019046
1110 420 12 48 48 4.390592
1110 12 24 48 48 1.535891
1110 384 0 48 48 3.779841
1110 396 0 48 48 7.738869
1110 396 12 48 48 5.438907
1110 408 0 48 48 4.063546
1110 408 12 48 48 6.666338
1110 408 24 48 48 2.146477
1110 420 0 48 48 5.019046
1110 420 12 48 48 4.390592
1110 363 0 44 44 0.139524
1110 374 0 44 44 0.206041
1110 385 0 44 44 2.549435
1110 385 11 44 44 2.059520
1110 160 0 40 40 1.153849
1110 340 0 40 40 0.289792
1110 350 0 40 40 0.101683
1110 198 0 36 36 0.111236
1110 432 27 36 36 1.000394
1110 450 9 36 36 0.143727
1110 450 18 36 36 1.423358
1110 450 27 36 36 0.759346
1110 459 9 36 36 2.492718
1110 459 18 36 36 1.386702
1110 272 24 32 32 2.389294
1110 280 16 32 32 2.474230
1110 280 24 32 32 5.347670
1110 384 24 32 32 6.312770
1110 392 24 32 32 6.801224
1110 400 24 32 32 0.938840
1110 21 112 28 28 3.827601
1110 469 14 28 28 0.086313
1110 469 21 28 28 0.671587
1110 480 18 24 24 0.261574
1110 480 84 24 24 2.395262
1110 480 96 24 24 6.207908
1110 480 102 24 24 3.249677
1110 480 114 24 24 0.261842
1110 486 84 24 24 1.723353
1110 486 96 24 24 4.705746
1110 492 96 24 24 1.419216
1140 0 0 48 48 3.531176
1140 0 0 48 48 3.531176
1140 0 0 44 44 6.040582
1140 0 11 44 44 3.648745
1140 11 0 44 44 4.219100
1140 11 11 44 44 2.042844
1140 0 0 40 40 1.142102
1140 0 10 40 40 7.230055
1140 0 20 40 40 4.006217
1140 10 0 40 40 3.468250
1140 10 10 40 40 6.002833
1140 10 20 40 40 6.485608
1140 10 30 40 40 2.295717
1140 20 0 40 40 1.531833
1140 20 10 40 40 1.984236
1140 20 20 40 40 2.130353
1140 0 18 36 36 3.694312
1140 0 27 36 36 2.316442
1140 9 18 36 36 4.700011
1140 9 27 36 36 3.872470
1140 18 9 36 36 0.823835
1140 18 18 36 36 2.620044
1140 18 27 36 36 6.351357
1140 27 27 36 36 3.574502
1140 144 0 36 36 1.674527
1140 288 0 36 36 0.522658
1140 441 18 36 36 0.398779
1140 441 27 36 36 0.142474
1140 450 0 36 36 0.615763
1140 0 24 32 32 0.661165
1140 16 24 32 32 1.118230
1140 24 24 32 32 1.287146
1140 264 16 32 32 0.565495
1140 272 16 32 32 1.270880
1140 280 16 32 32 0.632438
1140 384 16 32 32 1.771698
1140 384 24 32 32 2.266934
1140 392 8 32 32 1.691923
1140 392 16 32 32 5.082557
1140 392 24 32 32 3.182668
1140 400 8 32 32 2.800938
1140 400 16 32 32 6.646304
1140 400 24 32 32 4.650209
1140 408 16 32 32 3.160055
1140 408 24 32 32 1.039713
1140 154 21 28 28 0.478251
1170 204 0 48 48 1.124375
1170 384 0 48 48 2.765633
1170 384 12 48 48 4.197219
1170 396 0 48 48 6.404748
1170 396 12 48 48 4.913876
1170 396 24 48 48 0.628126
1170 408 0 48 48 10.293131
1170 408 12 48 48 10.075970
1170 408 24 48 48 3.102129
1170 420 0 48 48 9.550171
1170 420 12 48 48 7.612098
1170 420 24 48 48 2.806832
1170 204 0 48 48 1.124375
1170 384 0 48 48 2.765633
1170 384 12 48 48 4.197219
1170 396 0 48 48 6.404748
1170 396 12 48 48 4.913876
1170 396 24 48 48 0.628126
1170 408 0 48 48 10.293131
1170 408 12 48 48 10.075970
1170 408 24 48 48 3.102129
1170 420 0 48 48 9.550171
1170 420 12 48 48 7.612098
1170 420 24 48 48 2.806832
1170 242 22 44 44 3.212349
1170 264 22 44 44 1.420895
1170 385 22 44 44 3.366706
1170 385 33 44 44 1.560891
1170 160 20 40 40 0.435319
1170 160 30 40 40 1.223539
1170 170 20 40 40 1.850588
1170 170 30 40 40 1.344777
1170 180 20 40 40 0.297296
1170 441 9 36 36 0.206143
1170 455 7 28 28 0.505723
1170 455 14 28 28 2.898343
1170 462 14 28 28 0.724419
1170 108 84 24 24 0.800555
1170 384 84 24 24 1.074787
1170 396 84 24 24 0.252048
1200 264 36 48 48 0.899826
1200 420 36 48 48 1.996905
1200 264 36 48 48 0.899826
1200 420 36 48 48 1.996905
1200 112 98 28 28 1.073192
1200 469 126 28 28 0.042598
1200 102 0 24 24 0.781685
1200 102 102 24 24 1.873536
1200 108 96 24 24 3.049647
1200 108 102 24 24 3.609377
1230 0 0 64 64 2.369533
1230 16 0 64 64 0.437870
1230 32 0 64 64 0.470648
1230 48 0 64 64 1.905645
1230 24 36 48 48 0.354624
1230 24 36 48 48 0.354624
1230 459 126 36 36 1.911257
1230 0 112 28 28 2.835309
1230 0 119 28 28 0.679451
1230 0 126 28 28 0.036593
1230 7 112 28 28 0.283660
1230 7 133 28 28 0.018787
1230 448 119 28 28 0.447030
1230 492 114 24 24 0.297398
1260 0 0 64 64 3.453474
1260 0 16 64 64 0.874314
1260 16 0 64 64 4.639833
1260 16 16 64 64 2.503007
1260 32 0 64 64 2.243914
1260 48 0 64 64 0.002408
1260 336 126 28 28 1.557945
1260 336 133 28 28 1.215658
1290 352 32 64 64 3.694263
1290 264 128 32 32 2.147451
1290 272 128 32 32 2.228394
1290 384 128 32 32 0.892072
1290 408 128 32 32 4.999037
1290 336 133 28 28 2.167123
1290 343 133 28 28 2.592720
1320 256 16 64 64 5.654120
1320 256 32 64 64 4.867206
1320 256 48 64 64 1.226695
1320 272 16 64 64 5.502350
1320 272 32 64 64 4.529138
1320 144 126 36 36 0.633977
1320 136 0 32 32 1.735051
1320 136 8 32 32 2.993912
1320 136 16 32 32 1.485955
1320 144 128 32 32 0.889972
1320 256 128 32 32 2.197902
1320 264 128 32 32 4.776361
1320 272 128 32 32 5.582248
1320 272 136 32 32 1.608917
1320 280 128 32 32 3.173856
1320 384 128 32 32 0.666676
1320 154 119 28 28 1.274107
1320 231 133 28 28 0.617818
1320 492 300 24 24 0.743529
1320 492 306 24 24 0.313097
1320 498 306 24 24 1.458344
1350 18 126 36 36 0.306056
1350 27 126 36 36 0.680468
1350 153 126 36 36 1.573684
1350 162 126 36 36 3.956608
1350 176 128 32 32 1.592626
1350 176 136 32 32 1.888628
1350 192 128 32 32 1.772478
1350 192 136 32 32 0.825137
1380 48 32 64 64 4.078858
1380 48 48 64 64 4.626916
1380 288 32 64 64 0.045510
1380 0 144 36 36 1.329407
1380 162 126 36 36 0.288412
1380 0 152 32 32 0.901786
1380 8 144 32 32 1.737448
1380 8 152 32 32 1.627890
1380 16 144 32 32 0.284372
1380 176 128 32 32 1.552912
1380 176 136 32 32 0.437132
1380 455 133 28 28 3.317247
1380 462 133 28 28 1.860018
1380 469 133 28 28 1.325275
1380 492 96 24 24 0.279422
1410 0 16 64 64 0.188210
1410 0 32 64 64 5.088880
1410 0 48 64 64 2.029385
1410 16 16 64 64 1.665703
1410 16 32 64 64 4.605442
1410 32 16 64 64 0.086891
1410 32 32 64 64 4.508944
1410 48 32 64 64 2.846393
1410 48 48 64 64 0.110485
1410 0 126 36 36 3.333910
1410 9 126 36 36 2.015441
1410 18 126 36 36 0.029902
1410 0 128 32 32 1.818825
1410 0 136 32 32 4.506590
1410 0 144 32 32 4.816874
1410 0 152 32 32 2.184665
1410 8 128 32 32 1.164600
1410 8 136 32 32 3.324480
1410 8 144 32 32 3.826701
1410 8 152 32 32 0.267123
1410 16 128 32 32 1.902462
1410 16 136 32 32 3.716780
1410 16 144 32 32 1.410156
1410 24 128 32 32 4.569970
1410 24 136 32 32 2.876054
1410 400 128 32 32 0.147718
1410 336 7 28 28 0.056675
1410 336 14 28 28 0.180483
1410 462 133 28 28 0.653616
1410 469 126 28 28 4.272130
1410 469 133 28 28 7.249965
1410 486 84 24 24 1.925406
1410 486 96 24 24 3.165757
1410 486 102 24 24 0.537120
1410 486 108 24 24 0.246767
1410 486 114 24 24 1.078684
1410 492 96 24 24 0.122289
1440 0 32 64 64 4.113366
1440 0 48 64 64 2.580958
1440 16 32 64 64 2.982692
1440 16 48 64 64 2.230709
1440 32 32 64 64 0.329081
1440 272 128 32 32 0.195793
1440 392 112 32 32 0.199420
1440 462 119 28 28 3.707573
1440 462 126 28 28 3.492851
1440 462 133 28 28 3.708468
1440 469 119 28 28 5.444643
1440 469 126 28 28 5.831365
1440 469 133 28 28 4.123997
1470 0 32 64 64 4.173160
1470 0 48 64 64 3.114693
1470 16 32 64 64 0.152313
1470 16 48 64 64 1.348623
1470 8 128 32 32 0.948016
1470 8 136 32 32 1.067620
1470 8 152 32 32 0.517389
1470 16 128 32 32 0.097182
1470 144 128 32 32 2.821166
1470 264 128 32 32 0.563973
1470 154 133 28 28 0.358624
1470 469 119 28 28 3.751259
1470 469 126 28 28 4.930186
1470 469 133 28 28 3.730171
1500 0 32 64 64 3.875868
1500 0 48 64 64 2.345357
1500 16 32 64 64 1.445701
1500 16 48 64 64 0.694101
1500 459 126 36 36 1.133752
1500 0 136 32 32 2.021732
1500 0 144 32 32 0.091475
1500 0 152 32 32 0.071573
1500 8 152 32 32 0.062213
1500 16 144 32 32 0.800154
1500 16 152 32 32 0.828511
1500 24 144 32 32 2.086419
1500 24 152 32 32 0.035002
1500 144 128 32 32 2.641984
1500 448 119 28 28 1.278036
1500 448 126 28 28 2.013427
1530 0 32 64 64 2.192109
1530 0 48 64 64 1.849817
1530 16 32 64 64 0.353040
1530 0 144 36 36 0.336408
1530 8 152 32 32 0.070956
1530 16 144 32 32 1.709069
1530 16 152 32 32 2.578744
1530 24 144 32 32 1.505819
1530 144 128 32 32 2.082011
1530 144 136 32 32 0.702693
1530 264 128 32 32 2.443853
1530 272 128 32 32 1.251910
1530 400 136 32 32 0.059036
1530 408 136 32 32 0.443219
1530 448 119 28 28 1.594940
1530 448 126 28 28 2.510539
1530 448 133 28 28 3.242774
1560 0 32 64 64 1.997985
1560 0 48 64 64 1.879429
1560 16 32 64 64 0.497127
1560 0 144 36 36 1.170601
1560 16 144 32 32 0.192349
1560 16 152 32 32 1.842505
1560 24 144 32 32 1.017762
1560 144 136 32 32 0.151651
1560 264 128 32 32 0.890378
1560 272 128 32 32 0.187054
1560 408 144 32 32 0.198609
1560 448 126 28 28 0.886542
1560 448 133 28 28 4.206160
1560 455 133 28 28 0.218555
1590 0 32 64 64 1.469934
1590 0 48 64 64 2.387912
1590 16 152 32 32 2.340778
1590 136 128 32 32 0.115879
1590 144 136 32 32 1.837041
1590 400 144 32 32 0.527676
1590 408 136 32 32 0.067534
1590 408 144 32 32 0.152013
1590 448 126 28 28 1.061724
1590 448 133 28 28 4.073036
1620 0 32 64 64 0.819244
1620 0 48 64 64 1.077301
1620 0 144 36 36 2.058092
1620 432 126 36 36 0.305858
1620 24 152 32 32 0.335179
1620 144 136 32 32 0.634811
1620 144 144 32 32 0.352503
1620 264 136 32 32 2.322356
1620 400 144 32 32 0.093222
1620 408 144 32 32 0.457118
1620 448 126 28 28 0.434498
1620 448 133 28 28 1.420848
1650 432 126 36 36 1.556479
1650 432 144 36 36 0.086973
1650 441 126 36 36 2.199787
1650 8 152 32 32 0.786822
1650 136 144 32 32 0.374788
1650 256 144 32 32 0.197217
1650 264 144 32 32 1.106263
1650 384 144 32 32 2.695472
1650 392 144 32 32 1.370017
1650 400 144 32 32 1.047557
1650 12 192 24 24 0.654462
1680 48 48 64 64 2.275583
1680 432 153 36 36 1.300940
1680 441 144 36 36 3.266827
1680 441 153 36 36 1.544700
1680 450 144 36 36 1.177600
1680 459 144 36 36 0.229792
1680 128 144 32 32 2.293007
1680 256 144 32 32 0.609810
1680 264 144 32 32 1.795170
1680 392 144 32 32 2.728005
1680 392 152 32 32 0.116173
1680 400 144 32 32 2.130289
1680 400 152 32 32 2.105222
1680 408 144 32 32 3.265452
1680 408 152 32 32 1.512765
1710 48 32 64 64 2.126965
1710 48 48 64 64 2.271560
1710 352 48 64 64 1.651086
1710 432 144 36 36 2.435949
1710 441 144 36 36 2.882679
1710 176 136 32 32 0.556422
1710 400 144 32 32 0.671207
1710 400 152 32 32 1.653506
1710 408 144 32 32 0.375491
1710 408 152 32 32 0.512342
1710 144 96 24 24 0.260173
1740 32 32 64 64 1.471030
1740 48 16 64 64 0.018921
1740 48 32 64 64 4.992983
1740 48 48 64 64 0.621921
1740 459 171 36 36 1.628856
1740 384 144 32 32 0.128577
1740 6 84 24 24 2.970008
1740 486 192 24 24 2.767272
1740 492 192 24 24 4.960544
1740 492 198 24 24 2.919626
1740 498 192 24 24 2.180122
1740 498 198 24 24 2.009528
1770 0 48 64 64 1.759706
1770 48 32 64 64 1.762753
1770 256 136 32 32 2.952482
1770 264 136 32 32 4.066551
1770 272 136 32 32 1.625818
1770 280 136 32 32 1.246948
1770 400 128 32 32 0.477925
1770 408 128 32 32 1.455034
1770 408 136 32 32 2.950173
1770 408 152 32 32 0.810595
1770 448 245 28 28 2.096436
1770 455 245 28 28 0.313039
1770 498 288 24 24 1.976659
1800 0 48 64 64 3.086010
1800 16 48 64 64 2.204074
1800 288 126 36 36 1.310792
1800 272 136 32 32 1.408520
1800 280 128 32 32 0.359891
1800 280 136 32 32 1.057613
1800 462 98 28 28 3.067923
1800 462 112 28 28 0.046030
1800 469 98 28 28 0.368982
1830 0 32 64 64 2.030095
1830 0 48 64 64 2.396096
1830 16 48 64 64 0.569555
1830 9 18 36 36 0.431875
1830 9 126 36 36 0.533205
1830 18 18 36 36 0.102764
1830 27 126 36 36 1.368950
1830 24 8 32 32 0.311006
1830 24 24 32 32 1.044519
1830 384 210 24 24 1.364149
1830 390 210 24 24 4.074124
