30 32 48 64 64 1.379661
30 160 140 40 40 1.538744
30 144 144 36 36 1.072099
30 153 144 36 36 5.109874
30 162 144 36 36 3.740514
30 0 0 32 32 2.804880
30 280 136 32 32 0.894147
30 280 144 32 32 1.383593
30 384 128 32 32 1.386342
30 0 0 28 28 8.514938
30 0 7 28 28 4.888872
30 7 0 28 28 8.474980
30 7 7 28 28 4.379942
30 14 0 28 28 1.688871
30 350 133 28 28 2.626201
30 469 21 28 28 0.898567
30 0 6 24 24 2.040442
30 0 12 24 24 3.173509
30 0 18 24 24 1.791744
30 6 0 24 24 4.230614
30 6 6 24 24 6.026714
30 6 12 24 24 6.503921
30 6 18 24 24 2.963063
30 12 0 24 24 4.289225
30 12 6 24 24 5.197709
30 12 12 24 24 5.102802
30 18 0 24 24 0.461985
30 18 6 24 24 3.373662
30 198 96 24 24 2.151627
30 204 96 24 24 0.618094
60 48 32 64 64 2.201915
60 144 128 32 32 4.192073
60 144 136 32 32 1.801280
60 192 128 32 32 1.154021
60 168 133 28 28 4.048593
60 306 12 24 24 0.652807
90 432 126 36 36 2.376152
90 24 8 32 32 0.026845
90 176 112 32 32 0.328397
90 176 128 32 32 3.746349
90 256 0 32 32 0.340734
90 264 0 32 32 3.089499
90 272 0 32 32 5.380553
90 280 0 32 32 0.286955
90 112 133 28 28 0.762859
90 224 0 28 28 0.315126
90 245 0 28 28 0.213934
90 486 198 24 24 0.165506
90 486 204 24 24 0.618213
120 16 32 64 64 2.569582
120 16 48 64 64 0.043565
120 32 32 64 64 1.556793
120 420 0 48 48 0.378631
120 420 0 48 48 0.378631
120 192 112 32 32 3.652479
120 192 128 32 32 2.086486
120 112 133 28 28 7.369696
120 119 133 28 28 6.891072
120 126 133 28 28 5.108316
120 154 126 28 28 3.140546
120 154 133 28 28 1.261756
120 168 126 28 28 0.232146
120 245 126 28 28 0.506046
150 16 32 64 64 0.446828
150 32 16 64 64 0.024471
150 32 32 64 64 6.112609
150 48 32 64 64 1.830034
150 11 0 44 44 0.064857
150 128 128 32 32 1.513387
150 176 112 32 32 1.478707
150 192 112 32 32 1.097533
150 256 112 32 32 1.184806
150 384 152 32 32 3.750300
150 7 112 28 28 2.141726
150 112 126 28 28 6.963658
150 112 133 28 28 12.397233
150 119 126 28 28 4.220689
150 119 133 28 28 8.218653
150 126 126 28 28 1.609896
150 126 133 28 28 5.643272
150 168 119 28 28 3.546776
150 168 126 28 28 4.465369
150 238 21 28 28 0.334027
150 192 12 24 24 0.049682
150 192 18 24 24 2.305030
150 198 18 24 24 2.930536
150 204 18 24 24 0.517891
180 16 16 64 64 0.640756
180 16 32 64 64 4.404352
180 32 16 64 64 6.600985
180 32 32 64 64 7.134601
180 32 48 64 64 0.437890
180 48 16 64 64 4.483212
180 48 32 64 64 9.439765
180 10 10 40 40 0.101965
180 198 27 36 36 0.415812
180 16 128 32 32 1.399009
180 16 136 32 32 0.435282
180 24 128 32 32 3.202797
180 24 136 32 32 3.288809
180 128 128 32 32 0.500428
180 192 112 32 32 1.660230
180 272 112 32 32 0.949767
180 280 112 32 32 1.904627
180 112 119 28 28 2.946520
180 112 126 28 28 7.902947
180 112 133 28 28 7.136324
180 119 126 28 28 7.218148
180 119 133 28 28 8.814063
180 126 126 28 28 6.252604
180 126 133 28 28 8.577425
180 154 126 28 28 3.974304
180 168 126 28 28 1.576056
180 224 119 28 28 0.866838
210 16 16 64 64 0.108816
210 16 32 64 64 2.131981
210 32 16 64 64 6.931144
210 32 32 64 64 6.208678
210 48 16 64 64 6.892605
210 48 32 64 64 1.858855
210 0 126 36 36 2.209462
210 9 126 36 36 2.843616
210 18 126 36 36 0.238721
210 216 18 36 36 3.938594
210 216 27 36 36 3.845259
210 306 126 36 36 2.058240
210 315 126 36 36 3.754146
210 315 144 36 36 2.925833
210 0 128 32 32 6.566802
210 0 136 32 32 0.067521
210 8 128 32 32 1.645120
210 16 128 32 32 3.440424
210 16 136 32 32 2.092879
210 24 128 32 32 4.190804
210 24 136 32 32 0.054300
210 176 112 32 32 1.431557
210 0 133 28 28 4.437881
210 112 119 28 28 4.670885
210 112 126 28 28 8.454221
210 112 133 28 28 3.508770
210 119 119 28 28 3.862744
210 119 126 28 28 10.486352
210 119 133 28 28 6.185885
210 126 126 28 28 8.104059
210 126 133 28 28 4.280266
210 154 112 28 28 3.527817
210 154 119 28 28 4.608812
210 168 119 28 28 1.199908
210 448 112 28 28 0.675467
210 448 119 28 28 1.639032
210 448 126 28 28 3.471874
210 448 133 28 28 1.671668
210 455 112 28 28 2.931366
240 0 0 64 64 4.298524
240 0 16 64 64 9.804602
240 0 32 64 64 3.360046
240 16 0 64 64 1.217560
240 16 16 64 64 6.892788
240 32 16 64 64 1.012429
240 288 48 64 64 0.533256
240 180 0 40 40 1.641779
240 320 140 40 40 2.378287
240 330 140 40 40 4.770451
240 198 0 36 36 6.163548
240 198 9 36 36 6.746713
240 0 128 32 32 1.838659
240 0 136 32 32 3.756154
240 136 112 32 32 0.970167
240 192 8 32 32 1.650677
240 192 16 32 32 2.469071
240 192 24 32 32 1.385396
240 280 112 32 32 1.385686
240 119 126 28 28 2.008852
240 119 133 28 28 0.489227
240 126 112 28 28 4.342056
240 126 119 28 28 5.018640
240 126 126 28 28 2.124273
240 168 112 28 28 2.901653
240 336 14 28 28 2.742622
240 336 126 28 28 3.379369
240 336 133 28 28 3.903983
240 343 7 28 28 0.449800
240 343 14 28 28 4.321339
240 343 119 28 28 3.030855
240 343 126 28 28 3.201463
240 343 133 28 28 1.727557
240 350 14 28 28 5.069377
240 350 21 28 28 3.574257
240 350 119 28 28 4.966416
240 350 126 28 28 4.673928
240 350 133 28 28 2.268985
240 357 14 28 28 2.916108
240 357 21 28 28 1.681854
240 357 119 28 28 3.407101
240 357 126 28 28 3.251772
240 357 133 28 28 1.989186
240 469 126 28 28 0.535661
240 469 133 28 28 3.845232
240 192 0 24 24 1.551866
240 192 6 24 24 2.342768
240 198 0 24 24 0.037632
240 402 198 24 24 4.103937
240 402 204 24 24 2.331375
270 0 0 64 64 0.951468
270 0 16 64 64 2.949787
270 16 0 64 64 1.281833
270 385 154 44 44 1.184937
270 450 0 36 36 3.427705
270 24 112 32 32 6.335102
270 176 0 32 32 2.020236
270 176 8 32 32 0.608784
270 192 0 32 32 5.855307
270 192 8 32 32 1.556727
270 119 112 28 28 1.257577
270 119 119 28 28 0.692328
270 126 112 28 28 1.972314
270 224 21 28 28 1.364968
270 336 112 28 28 3.149577
270 336 119 28 28 5.394495
270 336 126 28 28 1.897970
270 343 112 28 28 2.807612
270 343 119 28 28 7.641503
270 343 126 28 28 4.177858
270 343 133 28 28 1.718114
270 350 119 28 28 4.036746
270 350 126 28 28 3.989861
270 350 133 28 28 2.173195
270 357 119 28 28 3.250658
270 357 126 28 28 4.370859
270 357 133 28 28 2.721307
270 469 7 28 28 0.436183
270 469 14 28 28 0.800172
270 144 108 24 24 0.381949
270 144 114 24 24 2.730771
270 198 18 24 24 2.392193
270 204 6 24 24 0.694077
270 204 12 24 24 1.482912
270 204 18 24 24 2.698511
270 210 6 24 24 2.039068
270 210 12 24 24 1.153357
270 210 18 24 24 0.207013
300 256 16 64 64 4.115872
300 256 32 64 64 1.410097
300 272 16 64 64 3.297567
300 288 16 64 64 3.865960
300 288 32 64 64 1.248514
300 0 112 32 32 0.875812
300 0 136 32 32 0.679783
300 24 128 32 32 1.760324
300 384 128 32 32 2.177519
300 384 136 32 32 2.437958
300 392 112 32 32 3.088295
300 392 128 32 32 1.505580
300 392 136 32 32 1.508345
300 400 128 32 32 3.580164
300 400 136 32 32 2.033244
300 408 112 32 32 0.056852
300 408 128 32 32 6.974226
300 0 119 28 28 0.436517
300 0 133 28 28 3.488215
300 126 112 28 28 1.955765
300 126 119 28 28 4.261177
300 126 126 28 28 0.197772
300 168 0 28 28 1.449637
300 168 119 28 28 0.749127
300 168 126 28 28 0.211617
300 224 7 28 28 0.768272
300 336 98 28 28 0.079728
300 336 119 28 28 1.272222
300 343 98 28 28 2.732327
300 350 98 28 28 5.231840
300 357 98 28 28 6.779296
300 198 0 24 24 2.911353
300 198 6 24 24 2.564007
300 204 0 24 24 1.663730
300 204 6 24 24 5.083386
300 204 12 24 24 4.991742
300 210 0 24 24 1.366928
300 210 6 24 24 4.974635
300 210 12 24 24 1.872308
300 210 18 24 24 2.472770
300 384 84 24 24 1.962352
300 384 108 24 24 2.226006
300 384 114 24 24 2.623685
330 48 16 64 64 1.074490
330 256 16 64 64 3.672780
330 256 32 64 64 5.413588
330 256 48 64 64 5.739460
330 272 0 64 64 3.636352
330 272 16 64 64 6.438622
330 272 32 64 64 4.908697
330 272 48 64 64 1.732327
330 288 0 64 64 2.988969
330 288 16 64 64 3.866014
330 288 32 64 64 2.032103
330 352 22 44 44 0.137104
330 352 33 44 44 2.352583
330 352 209 44 44 0.980149
330 363 22 44 44 2.091576
330 363 33 44 44 4.752177
330 374 22 44 44 4.400023
330 374 33 44 44 3.455101
330 385 22 44 44 3.742271
330 385 33 44 44 2.578291
330 0 128 32 32 8.142827
330 0 136 32 32 3.255592
330 8 128 32 32 1.579265
330 8 136 32 32 0.072441
330 384 112 32 32 2.230878
330 392 112 32 32 1.092645
330 400 8 32 32 0.539680
330 400 16 32 32 0.408322
330 0 133 28 28 3.004862
330 7 133 28 28 7.073901
330 112 112 28 28 2.512939
330 112 119 28 28 7.727106
330 112 126 28 28 4.099957
330 119 112 28 28 1.962949
330 119 119 28 28 7.933119
330 119 126 28 28 5.068743
330 126 119 28 28 4.488705
330 126 126 28 28 1.655055
330 343 126 28 28 0.173819
330 350 126 28 28 1.856161
330 357 98 28 28 0.032613
330 357 112 28 28 0.921690
330 357 119 28 28 6.429873
330 357 126 28 28 6.162508
330 0 96 24 24 0.429501
330 6 96 24 24 4.187400
330 6 102 24 24 1.184539
330 12 96 24 24 3.961776
330 12 102 24 24 5.890786
330 12 108 24 24 2.486896
330 18 96 24 24 2.476209
330 18 102 24 24 4.985788
330 18 108 24 24 2.563025
330 384 108 24 24 0.501391
330 390 84 24 24 2.160188
330 390 96 24 24 1.106311
330 390 102 24 24 3.567895
330 390 108 24 24 5.050137
330 396 84 24 24 3.043374
330 396 96 24 24 2.319737
330 396 102 24 24 4.372327
330 396 108 24 24 4.182542
330 402 84 24 24 0.394249
330 402 96 24 24 1.072982
330 402 102 24 24 3.752679
330 402 108 24 24 6.928094
330 402 114 24 24 3.721461
360 32 16 64 64 0.449619
360 32 32 64 64 2.899503
360 48 16 64 64 3.325361
360 48 32 64 64 4.526405
360 272 32 64 64 1.585727
360 272 48 64 64 1.417938
360 352 16 64 64 3.270468
360 352 32 64 64 2.360674
360 384 0 48 48 1.941871
360 384 24 48 48 0.446942
360 396 0 48 48 4.910193
360 396 36 48 48 1.102534
360 408 0 48 48 5.314545
360 420 0 48 48 4.685804
360 384 0 48 48 1.941871
360 384 24 48 48 0.446942
360 396 0 48 48 4.910193
360 396 36 48 48 1.102534
360 408 0 48 48 5.314545
360 420 0 48 48 4.685804
360 352 11 44 44 1.781117
360 352 22 44 44 7.130327
360 352 33 44 44 3.351959
360 352 154 44 44 2.285731
360 363 11 44 44 2.307232
360 363 22 44 44 3.732156
360 374 22 44 44 1.041677
360 385 0 44 44 1.707495
360 385 11 44 44 2.056589
360 385 22 44 44 2.613420
360 340 140 40 40 1.083725
360 350 140 40 40 4.465179
360 350 160 40 40 2.114302
360 315 126 36 36 0.435597
360 459 27 36 36 1.323389
360 16 112 32 32 2.836732
360 24 112 32 32 4.451556
360 272 24 32 32 3.633263
360 280 24 32 32 1.259730
360 384 128 32 32 3.785378
360 384 136 32 32 2.009568
360 384 144 32 32 0.146983
360 384 152 32 32 2.691010
360 392 128 32 32 0.508392
360 408 112 32 32 1.932196
360 408 144 32 32 1.662523
360 21 119 28 28 3.951245
360 21 126 28 28 0.607482
360 224 7 28 28 0.730380
360 224 14 28 28 2.085322
360 231 7 28 28 2.030977
360 231 14 28 28 6.206810
360 231 21 28 28 0.189625
360 238 7 28 28 2.567415
360 238 14 28 28 5.400511
360 238 21 28 28 0.459115
360 245 14 28 28 1.049487
360 245 21 28 28 1.883618
360 336 133 28 28 0.531582
360 448 98 28 28 1.132751
360 455 14 28 28 2.082099
360 455 98 28 28 2.878246
360 12 102 24 24 0.329113
360 12 108 24 24 0.045246
360 102 114 24 24 0.215721
360 108 114 24 24 2.931175
360 384 108 24 24 4.670347
360 384 192 24 24 2.876807
360 384 198 24 24 1.503491
360 390 108 24 24 4.127667
360 390 114 24 24 0.269887
360 390 192 24 24 0.755533
360 390 198 24 24 5.174552
360 390 204 24 24 2.107482
360 396 96 24 24 1.543504
360 396 102 24 24 2.687628
360 396 108 24 24 3.840198
360 396 114 24 24 0.741434
360 402 96 24 24 3.194511
360 402 102 24 24 3.451822
360 402 108 24 24 5.207177
360 402 114 24 24 1.316687
360 480 108 24 24 3.866781
360 486 108 24 24 0.974734
360 492 102 24 24 0.157450
360 492 108 24 24 2.034518
360 498 108 24 24 2.011946
390 0 0 64 64 4.770505
390 0 16 64 64 5.048443
390 16 0 64 64 8.496083
390 16 16 64 64 8.873749
390 32 0 64 64 7.712592
390 32 16 64 64 6.899858
390 48 0 64 64 0.581323
390 48 16 64 64 3.695470
390 272 48 64 64 1.956085
390 288 48 64 64 2.608631
390 352 0 64 64 1.348832
390 352 16 64 64 4.032793
390 352 32 64 64 0.617695
390 384 12 48 48 0.459274
390 384 12 48 48 0.459274
390 363 11 44 44 1.583325
390 363 22 44 44 2.233146
390 374 11 44 44 1.201482
390 374 22 44 44 3.753055
390 385 0 44 44 1.279155
390 385 11 44 44 3.050741
390 385 22 44 44 4.562305
390 320 10 40 40 1.001029
390 340 140 40 40 2.092753
390 350 140 40 40 1.153441
390 288 0 36 36 0.629137
390 432 153 36 36 0.225728
390 450 18 36 36 1.918827
390 450 27 36 36 7.196095
390 459 18 36 36 1.970989
390 459 27 36 36 4.718246
390 256 0 32 32 1.171949
390 264 0 32 32 1.224354
390 264 8 32 32 1.672077
390 272 8 32 32 0.698792
390 272 16 32 32 0.845362
390 280 8 32 32 0.740996
390 400 0 32 32 0.966310
390 400 8 32 32 2.581764
390 400 16 32 32 0.848544
390 408 0 32 32 1.267970
390 408 8 32 32 2.327067
390 119 119 28 28 2.125676
390 126 119 28 28 3.718831
390 224 119 28 28 0.002013
390 336 119 28 28 0.873212
390 336 126 28 28 3.207026
390 336 133 28 28 1.864737
390 343 126 28 28 3.072137
390 343 133 28 28 5.620056
390 350 126 28 28 0.466698
390 350 133 28 28 3.859100
390 357 126 28 28 1.821702
390 357 133 28 28 2.607093
390 448 112 28 28 2.154356
390 448 119 28 28 0.606030
390 455 14 28 28 0.710530
390 455 112 28 28 0.307793
390 469 7 28 28 1.611078
390 469 14 28 28 1.361462
390 0 84 24 24 1.926890
390 96 114 24 24 2.160740
390 306 6 24 24 1.558550
390 390 0 24 24 0.913555
390 390 6 24 24 3.209203
390 396 0 24 24 5.643420
390 396 6 24 24 2.961582
390 402 0 24 24 2.327098
390 480 6 24 24 0.390607
390 480 12 24 24 1.777806
390 480 18 24 24 1.311125
390 486 12 24 24 2.249550
390 486 18 24 24 1.559189
390 492 114 24 24 2.955573
390 498 114 24 24 3.069242
420 0 0 64 64 2.728148
420 0 16 64 64 1.395924
420 288 0 64 64 0.157593
420 288 16 64 64 2.278037
420 396 12 48 48 0.290815
420 396 24 48 48 3.708313
420 396 36 48 48 1.907943
420 408 0 48 48 0.447512
420 408 12 48 48 3.111825
420 408 24 48 48 5.766403
420 408 36 48 48 3.381829
420 396 12 48 48 0.290815
420 396 24 48 48 3.708313
420 396 36 48 48 1.907943
420 408 0 48 48 0.447512
420 408 12 48 48 3.111825
420 408 24 48 48 5.766403
420 408 36 48 48 3.381829
420 385 154 44 44 2.404346
420 9 0 36 36 5.844254
420 18 0 36 36 6.854110
420 18 9 36 36 1.042524
420 432 27 36 36 3.325307
420 16 8 32 32 0.430015
420 24 0 32 32 1.195352
420 24 8 32 32 3.700880
420 384 152 32 32 1.149136
420 7 133 28 28 0.224281
420 21 98 28 28 2.181839
420 112 119 28 28 1.524726
420 343 119 28 28 1.227866
420 350 119 28 28 4.310119
420 350 126 28 28 2.298146
420 357 112 28 28 4.082259
420 357 119 28 28 5.060734
420 357 126 28 28 1.812869
420 96 102 24 24 1.311204
420 96 108 24 24 2.495355
420 402 192 24 24 0.239322
420 402 198 24 24 1.115632
450 0 0 64 64 5.093011
450 0 16 64 64 3.063576
450 352 0 64 64 2.652876
450 12 24 48 48 2.149362
450 12 24 48 48 2.149362
450 0 112 32 32 3.464833
450 8 112 32 32 6.244729
450 16 112 32 32 0.467338
450 176 112 32 32 1.179977
450 192 112 32 32 2.246299
450 0 112 28 28 4.285315
450 0 119 28 28 1.341730
450 0 126 28 28 1.875092
450 0 133 28 28 1.726234
450 7 112 28 28 4.423557
450 7 119 28 28 4.218439
450 7 126 28 28 0.436774
450 14 112 28 28 6.988064
450 14 119 28 28 5.088460
450 14 126 28 28 2.468459
450 21 98 28 28 4.088556
450 21 112 28 28 5.545403
450 21 119 28 28 3.272201
450 350 112 28 28 1.047858
450 357 112 28 28 1.396171
450 6 114 24 24 1.621478
450 384 114 24 24 0.328658
480 48 16 64 64 0.904790
480 352 0 64 64 3.623425
480 352 16 64 64 1.339990
480 192 36 48 48 1.408625
480 204 36 48 48 2.711304
480 192 36 48 48 1.408625
480 204 36 48 48 2.711304
480 24 112 32 32 0.500121
480 392 112 32 32 5.574105
480 400 112 32 32 4.158909
480 231 21 28 28 1.581687
480 238 14 28 28 3.589981
480 238 21 28 28 2.696882
480 245 14 28 28 2.386589
480 448 112 28 28 0.558210
480 448 119 28 28 2.407479
480 402 108 24 24 0.493458
510 48 0 64 64 4.705616
510 48 16 64 64 0.274888
510 352 0 64 64 0.315400
510 306 126 36 36 0.168004
510 0 112 32 32 1.088800
510 8 112 32 32 2.275793
510 256 8 32 32 1.723936
510 256 16 32 32 0.986809
510 0 119 28 28 0.150774
510 0 126 28 28 0.091935
510 0 133 28 28 3.407775
510 7 119 28 28 1.865701
510 7 126 28 28 1.780777
510 7 133 28 28 3.297601
510 14 119 28 28 5.518739
510 14 126 28 28 1.228923
510 21 119 28 28 1.752310
510 238 7 28 28 0.150903
510 245 0 28 28 0.019983
510 245 7 28 28 0.927701
510 462 126 28 28 1.402628
510 462 133 28 28 1.215456
510 469 126 28 28 0.296854
510 12 0 24 24 1.272539
510 12 6 24 24 2.233248
510 18 0 24 24 3.112582
510 144 114 24 24 0.023329
540 32 0 64 64 5.444132
540 48 0 64 64 8.963068
540 48 16 64 64 0.658424
540 12 216 48 48 0.484326
540 408 36 48 48 1.562918
540 420 36 48 48 2.654180
540 12 216 48 48 0.484326
540 408 36 48 48 1.562918
540 420 36 48 48 2.654180
540 350 140 40 40 0.031395
540 315 126 36 36 4.369827
540 432 18 36 36 0.279909
540 0 136 32 32 2.728201
540 0 144 32 32 4.077430
540 8 136 32 32 0.723122
540 8 144 32 32 1.980834
540 16 8 32 32 1.637099
540 24 8 32 32 2.772096
540 408 264 32 32 0.634318
540 408 272 32 32 0.209554
540 21 14 28 28 0.247564
540 336 126 28 28 4.630230
540 336 133 28 28 5.965100
540 343 126 28 28 5.011185
540 343 133 28 28 5.100604
540 350 126 28 28 4.502988
540 350 133 28 28 3.230947
540 357 126 28 28 1.278812
540 357 133 28 28 0.055763
540 448 112 28 28 1.261754
540 455 112 28 28 4.236161
540 462 112 28 28 3.347838
540 462 119 28 28 0.190301
540 469 112 28 28 4.443412
540 469 119 28 28 2.361651
540 102 114 24 24 0.740802
540 132 102 24 24 0.914663
540 144 102 24 24 1.652208
540 210 114 24 24 2.544743
540 288 0 24 24 0.887061
540 294 0 24 24 3.906799
540 384 108 24 24 0.246574
540 390 96 24 24 0.263323
570 32 0 64 64 2.221389
570 384 0 48 48 2.448287
570 384 12 48 48 2.476085
570 396 0 48 48 4.769096
570 396 12 48 48 4.342310
570 396 24 48 48 2.682579
570 396 36 48 48 0.645420
570 408 0 48 48 3.979510
570 408 12 48 48 2.617093
570 408 24 48 48 2.779082
570 408 36 48 48 2.075528
570 420 0 48 48 0.341341
570 420 12 48 48 1.463797
570 384 0 48 48 2.448287
570 384 12 48 48 2.476085
570 396 0 48 48 4.769096
570 396 12 48 48 4.342310
570 396 24 48 48 2.682579
570 396 36 48 48 0.645420
570 408 0 48 48 3.979510
570 408 12 48 48 2.617093
570 408 24 48 48 2.779082
570 408 36 48 48 2.075528
570 420 0 48 48 0.341341
570 420 12 48 48 1.463797
570 374 22 44 44 3.057242
570 385 11 44 44 2.197477
570 385 22 44 44 0.719349
570 0 112 28 28 3.102150
570 7 112 28 28 0.808257
570 112 112 28 28 3.163484
570 112 119 28 28 1.138862
570 119 112 28 28 1.559058
570 469 14 28 28 2.563932
570 469 21 28 28 1.963238
570 12 6 24 24 0.140673
570 132 210 24 24 0.560585
570 144 204 24 24 1.535076
570 144 210 24 24 3.896175
570 402 84 24 24 1.174899
600 408 0 48 48 2.438225
600 408 24 48 48 0.206921
600 408 36 48 48 3.140346
600 420 0 48 48 6.274511
600 420 12 48 48 1.861913
600 420 36 48 48 2.125536
600 408 0 48 48 2.438225
600 408 24 48 48 0.206921
600 408 36 48 48 3.140346
600 420 0 48 48 6.274511
600 420 12 48 48 1.861913
600 420 36 48 48 2.125536
600 374 154 44 44 0.680961
600 385 154 44 44 1.494770
600 350 140 40 40 0.824595
600 432 126 36 36 0.259382
600 441 27 36 36 3.333600
600 441 126 36 36 1.562272
600 450 18 36 36 0.367110
600 450 27 36 36 4.425263
600 450 126 36 36 3.062423
600 459 27 36 36 2.296916
600 0 112 32 32 0.693362
600 0 144 32 32 0.172724
600 392 152 32 32 0.176771
600 0 112 28 28 3.579006
600 0 119 28 28 8.017877
600 0 126 28 28 2.988931
600 7 119 28 28 4.769986
600 7 126 28 28 2.889610
600 14 119 28 28 3.533963
600 14 126 28 28 1.973037
600 21 126 28 28 0.017868
600 448 98 28 28 0.693364
600 448 112 28 28 0.019356
600 455 112 28 28 2.319729
600 455 119 28 28 0.658197
600 462 98 28 28 0.641415
600 462 112 28 28 1.843237
600 462 119 28 28 0.209906
600 144 102 24 24 1.548213
600 144 108 24 24 4.742791
600 198 192 24 24 0.125373
600 288 6 24 24 0.227967
600 390 192 24 24 0.211828
600 396 192 24 24 1.719078
600 402 192 24 24 0.986201
600 480 84 24 24 3.336462
600 486 84 24 24 1.595746
600 492 84 24 24 2.976675
600 498 6 24 24 1.083903
600 498 84 24 24 1.701427
630 0 32 64 64 0.803274
630 288 27 36 36 0.565315
630 0 128 32 32 3.568821
630 8 128 32 32 2.419212
630 8 136 32 32 1.272645
630 176 112 32 32 0.713728
630 7 0 28 28 0.178584
630 7 112 28 28 0.384900
630 7 133 28 28 1.410022
630 14 133 28 28 2.989887
630 21 133 28 28 2.313169
630 168 98 28 28 0.875780
630 469 224 28 28 0.639716
630 12 6 24 24 2.453766
630 12 12 24 24 0.017111
630 18 0 24 24 2.504223
630 18 6 24 24 0.979350
630 384 192 24 24 1.074346
660 374 154 44 44 0.006606
660 385 154 44 44 1.584603
660 330 140 40 40 2.052479
660 0 126 36 36 5.407433
660 9 126 36 36 5.732043
660 18 126 36 36 0.658673
660 0 128 32 32 5.987720
660 0 136 32 32 4.386391
660 0 144 32 32 0.814132
660 8 112 32 32 2.963658
660 8 128 32 32 8.358173
660 8 136 32 32 4.432891
660 8 144 32 32 1.968011
660 16 112 32 32 2.574920
660 16 128 32 32 12.609065
660 16 136 32 32 7.757456
660 16 144 32 32 0.183530
660 24 112 32 32 1.051246
660 24 128 32 32 7.806125
660 24 136 32 32 3.061195
660 128 128 32 32 0.254836
660 256 0 32 32 4.127539
660 264 0 32 32 7.176580
660 264 8 32 32 0.807700
660 272 0 32 32 4.114935
660 272 8 32 32 2.559008
660 272 16 32 32 0.003270
660 280 0 32 32 6.501685
660 280 8 32 32 4.727489
660 280 16 32 32 0.905129
660 0 126 28 28 1.858891
660 0 133 28 28 3.207675
660 7 126 28 28 5.075970
660 7 133 28 28 3.881992
660 14 126 28 28 4.353893
660 14 133 28 28 4.948114
660 21 126 28 28 5.189352
660 21 133 28 28 8.282776
660 154 133 28 28 3.331562
660 168 133 28 28 4.111256
660 448 224 28 28 3.094708
660 448 231 28 28 2.106694
660 455 224 28 28 0.055142
660 0 84 24 24 2.141105
660 288 18 24 24 3.143026
660 294 18 24 24 6.407880
660 300 18 24 24 1.758954
660 480 84 24 24 1.698589
660 486 204 24 24 1.280125
660 492 114 24 24 0.131739
690 363 154 44 44 1.928402
690 374 154 44 44 1.648443
690 385 154 44 44 0.858988
690 350 140 40 40 5.772346
690 128 128 32 32 2.461865
690 136 128 32 32 2.170357
690 176 128 32 32 0.047852
690 176 136 32 32 1.432998
690 384 144 32 32 1.676161
690 126 133 28 28 1.139827
690 462 224 28 28 0.758065
690 469 224 28 28 2.697779
690 384 192 24 24 2.026334
690 390 192 24 24 3.818836
690 390 198 24 24 0.019017
690 396 192 24 24 3.482029
690 396 198 24 24 3.502050
690 402 192 24 24 0.002291
690 402 198 24 24 2.472072
690 402 204 24 24 1.059504
690 480 96 24 24 0.876240
690 486 96 24 24 6.508524
690 486 102 24 24 5.780854
690 492 96 24 24 4.141212
690 492 102 24 24 4.951139
690 498 96 24 24 2.033575
690 498 102 24 24 3.007977
720 30 140 40 40 0.422948
720 315 144 36 36 0.147690
720 432 126 36 36 0.053772
720 408 112 32 32 1.802774
720 408 128 32 32 0.801896
720 112 112 28 28 3.529890
720 112 119 28 28 3.672876
720 112 126 28 28 1.780852
720 119 119 28 28 1.934711
720 154 126 28 28 0.570029
750 408 168 48 48 0.958191
750 408 168 48 48 0.958191
750 320 140 40 40 0.677164
750 330 140 40 40 0.190681
750 315 144 36 36 0.996432
750 7 119 28 28 1.672438
750 7 126 28 28 2.377208
750 14 119 28 28 0.651458
750 112 112 28 28 1.934534
750 112 133 28 28 3.501915
750 119 133 28 28 4.995050
750 126 133 28 28 1.395486
750 448 98 28 28 4.972506
750 455 98 28 28 5.339607
750 462 98 28 28 3.388702
750 462 224 28 28 1.745663
750 462 231 28 28 0.451400
750 469 98 28 28 1.463680
750 469 224 28 28 0.704838
750 132 114 24 24 1.428879
750 480 102 24 24 0.530073
750 480 108 24 24 1.543339
750 486 102 24 24 0.545300
750 486 108 24 24 0.231426
750 492 108 24 24 0.025500
780 48 16 64 64 0.179478
780 352 48 64 64 0.223709
780 420 24 48 48 1.142903
780 420 24 48 48 1.142903
780 16 128 32 32 0.117853
780 392 152 32 32 1.506764
780 408 112 32 32 1.448011
780 126 112 28 28 0.090552
780 224 126 28 28 0.525598
780 6 192 24 24 1.528234
780 6 198 24 24 1.206847
780 402 192 24 24 2.371388
810 32 0 64 64 0.364640
810 32 16 64 64 0.009169
810 48 0 64 64 3.437816
810 48 16 64 64 3.206088
810 340 140 40 40 4.663181
810 350 140 40 40 4.635798
810 288 0 36 36 2.481907
810 297 0 36 36 6.169077
810 306 0 36 36 0.850555
810 315 0 36 36 0.143407
810 8 128 32 32 3.319541
810 8 136 32 32 0.915123
810 16 128 32 32 2.323453
810 280 0 32 32 0.048816
810 384 152 32 32 0.692294
810 14 133 28 28 0.266138
810 21 133 28 28 2.571104
810 112 112 28 28 2.842164
810 112 119 28 28 4.397933
810 112 126 28 28 1.266449
810 119 112 28 28 2.864514
810 119 119 28 28 4.382725
810 119 126 28 28 2.121165
810 448 133 28 28 2.961072
810 455 133 28 28 2.379871
810 462 133 28 28 1.307809
810 469 224 28 28 0.985737
810 469 231 28 28 1.515183
810 480 18 24 24 0.779451
840 16 0 64 64 7.417450
840 16 16 64 64 5.945934
840 32 0 64 64 11.189741
840 32 16 64 64 9.604158
840 48 0 64 64 4.981283
840 48 16 64 64 4.969882
840 288 48 64 64 1.148904
840 0 126 36 36 2.885194
840 0 112 32 32 1.587292
840 0 128 32 32 4.689746
840 0 136 32 32 0.551630
840 8 112 32 32 5.260708
840 8 128 32 32 6.013115
840 8 136 32 32 4.180412
840 192 112 32 32 0.778743
840 7 133 28 28 2.307809
840 14 119 28 28 0.241219
840 14 126 28 28 3.432292
840 14 133 28 28 3.477480
840 21 133 28 28 1.659840
840 18 102 24 24 2.265159
870 0 0 64 64 3.027680
870 0 16 64 64 2.351017
870 16 0 64 64 1.809429
870 16 16 64 64 2.511939
870 32 16 64 64 1.714045
870 384 24 48 48 2.728773
870 384 24 48 48 2.728773
870 350 140 40 40 1.123083
870 24 112 32 32 2.707772
870 192 112 32 32 3.448375
870 224 126 28 28 2.571440
870 350 119 28 28 0.216025
870 350 126 28 28 1.658033
870 350 133 28 28 1.981894
870 357 119 28 28 1.047567
870 357 126 28 28 0.762636
870 357 133 28 28 0.337046
870 402 96 24 24 2.025185
870 480 96 24 24 5.102055
870 480 102 24 24 3.481988
870 480 192 24 24 0.123500
870 486 96 24 24 2.412715
870 486 102 24 24 1.856809
870 486 192 24 24 2.312920
870 492 192 24 24 4.732676
870 498 192 24 24 0.848893
900 352 16 64 64 2.039372
900 256 0 32 32 4.241824
900 256 8 32 32 1.084972
900 264 0 32 32 4.555903
900 272 0 32 32 0.368243
900 357 126 28 28 2.523234
900 357 133 28 28 0.309935
900 12 114 24 24 0.632570
900 18 114 24 24 1.874750
900 288 12 24 24 0.399316
900 288 18 24 24 0.501339
900 396 114 24 24 1.090636
930 16 32 64 64 1.058759
930 32 32 64 64 3.726889
930 48 32 64 64 2.047237
930 352 16 64 64 0.586829
930 432 9 36 36 0.654662
930 432 126 36 36 1.142569
930 441 126 36 36 1.749911
930 192 112 32 32 2.136574
930 384 112 32 32 3.902463
930 384 128 32 32 2.515561
930 384 136 32 32 1.924951
930 408 128 32 32 1.209996
930 448 126 28 28 3.872187
930 448 133 28 28 4.174732
930 455 126 28 28 1.604591
930 469 126 28 28 0.173256
930 384 114 24 24 1.861967
930 390 114 24 24 5.802380
930 396 114 24 24 5.829590
930 402 114 24 24 1.873578
960 0 0 64 64 0.048888
960 315 126 36 36 1.757800
960 315 144 36 36 1.657833
960 0 112 32 32 1.449537
960 0 119 28 28 0.104465
960 0 126 28 28 5.453519
960 0 133 28 28 4.565560
960 7 119 28 28 1.363011
960 7 126 28 28 5.616013
960 7 133 28 28 3.988513
960 14 126 28 28 1.758621
960 455 112 28 28 0.374825
960 462 98 28 28 0.010223
960 462 112 28 28 3.572338
960 469 98 28 28 1.055478
960 469 112 28 28 4.573601
960 210 114 24 24 1.670524
960 402 114 24 24 2.165343
960 480 102 24 24 4.180887
960 480 108 24 24 2.521447
960 480 114 24 24 3.986203
960 486 102 24 24 1.974052
960 486 108 24 24 2.047948
960 486 114 24 24 3.408079
960 492 96 24 24 0.495914
960 492 102 24 24 2.690057
960 492 108 24 24 0.829224
960 492 114 24 24 0.654681
960 498 96 24 24 0.514118
960 498 102 24 24 0.461042
990 16 16 64 64 1.788934
990 32 16 64 64 1.315409
990 48 16 64 64 0.902073
990 448 98 28 28 1.349239
990 390 102 24 24 1.106498
990 390 108 24 24 0.594244
990 396 102 24 24 4.373634
990 396 108 24 24 5.258321
990 396 192 24 24 0.891908
990 402 102 24 24 1.923447
990 402 108 24 24 3.342208
990 402 192 24 24 4.225224
990 402 198 24 24 1.115398
1020 32 16 64 64 0.211001
1020 48 16 64 64 0.745011
1020 352 32 64 64 0.618372
1020 352 48 64 64 1.034069
1020 8 112 32 32 2.935580
1020 16 112 32 32 3.852972
1020 24 112 32 32 2.059433
1020 272 24 32 32 0.646576
1020 408 112 32 32 2.708800
1020 21 119 28 28 3.535013
1020 21 126 28 28 2.278104
1020 154 112 28 28 1.998488
1020 455 119 28 28 0.547858
1020 455 126 28 28 2.786854
1020 6 108 24 24 0.766927
1020 384 114 24 24 0.748827
1020 390 114 24 24 0.064163
1020 396 108 24 24 0.948633
1020 396 114 24 24 2.217619
1050 48 16 64 64 0.456110
1050 385 154 44 44 0.032485
1050 192 112 32 32 0.513757
1050 280 8 32 32 0.021615
1050 448 98 28 28 3.558026
1050 455 98 28 28 1.156366
1050 462 98 28 28 0.951713
1080 420 0 48 48 0.341565
1080 420 0 48 48 0.341565
1080 0 112 32 32 3.218577
1080 8 112 32 32 2.340120
1080 16 112 32 32 1.058385
1080 192 112 32 32 1.650782
1080 0 119 28 28 0.401122
1080 0 126 28 28 4.200902
1080 7 119 28 28 2.563879
1080 7 126 28 28 4.937119
1080 7 133 28 28 1.582832
1080 14 119 28 28 2.621793
1080 14 126 28 28 5.695010
1080 14 133 28 28 2.853169
1080 21 126 28 28 2.584544
1080 21 133 28 28 0.187112
1080 238 119 28 28 2.505463
1080 238 126 28 28 1.246987
1080 245 119 28 28 0.500373
1080 245 126 28 28 1.205895
1080 455 98 28 28 1.155854
1080 288 12 24 24 0.625461
1080 288 18 24 24 0.160782
1080 294 12 24 24 1.625129
1080 300 12 24 24 3.555243
1080 300 18 24 24 1.489770
1080 306 6 24 24 1.757164
1080 306 12 24 24 4.146650
1080 306 18 24 24 2.722641
1110 32 32 64 64 0.123707
1110 48 16 64 64 0.357013
1110 432 162 36 36 3.678016
1110 432 171 36 36 1.378351
1110 441 162 36 36 0.514952
1110 176 112 32 32 2.147652
1110 192 112 32 32 4.945465
1110 280 112 32 32 0.319837
1110 231 126 28 28 1.131453
1110 480 84 24 24 2.969144
1110 486 84 24 24 2.499368
1110 486 96 24 24 1.769602
1110 492 84 24 24 2.334122
1110 492 96 24 24 4.025953
1110 492 102 24 24 0.139364
1110 498 84 24 24 2.557090
1110 498 96 24 24 5.515315
1110 498 102 24 24 3.634731
1140 32 16 64 64 0.145657
1140 48 16 64 64 1.166603
1140 330 0 40 40 1.068676
1140 340 0 40 40 0.544293
1140 340 140 40 40 0.392528
1140 350 140 40 40 0.863467
1140 176 112 32 32 0.249232
1140 384 152 32 32 1.685054
1140 357 14 28 28 0.833268
1170 0 32 64 64 0.486901
1170 16 48 64 64 0.039715
1170 432 0 36 36 0.860124
1170 432 9 36 36 0.106040
1170 432 153 36 36 2.125224
1170 432 162 36 36 3.403631
1170 432 171 36 36 3.912469
1170 441 162 36 36 2.253068
1170 441 171 36 36 3.867853
1170 450 171 36 36 3.944953
1170 459 0 36 36 1.855475
1170 459 9 36 36 1.051620
1170 459 171 36 36 1.347613
1170 384 144 32 32 2.087962
1170 231 119 28 28 0.204383
1170 448 7 28 28 0.520147
1170 448 14 28 28 2.971205
1170 448 21 28 28 1.838453
1170 455 14 28 28 2.203505
1170 455 21 28 28 0.108438
1170 492 6 24 24 0.642819
1170 492 12 24 24 1.409852
1170 498 0 24 24 0.817610
1170 498 6 24 24 2.565158
1170 498 12 24 24 6.834231
1170 498 18 24 24 0.752717
1200 48 16 64 64 0.545126
1200 432 153 36 36 0.592944
1200 432 162 36 36 2.280762
1200 441 153 36 36 1.138722
1200 441 162 36 36 4.411769
1200 450 153 36 36 0.262387
1200 450 162 36 36 3.715593
1200 450 171 36 36 0.362884
1200 384 152 32 32 0.779421
1200 392 152 32 32 0.097198
1200 492 12 24 24 0.240356
1230 0 32 64 64 0.526350
1230 16 0 64 64 0.465523
1230 16 16 64 64 2.485079
1230 16 32 64 64 2.876946
1230 32 16 64 64 3.878937
1230 32 32 64 64 2.947102
1230 48 32 64 64 1.483188
1230 320 0 40 40 1.421398
1230 320 10 40 40 2.082759
1230 330 0 40 40 1.790705
1230 330 10 40 40 1.807908
1230 340 0 40 40 3.620895
1230 340 10 40 40 0.996564
1230 315 9 36 36 1.296581
1230 315 18 36 36 0.541978
1230 448 133 28 28 4.816824
1230 455 133 28 28 1.570896
1230 462 133 28 28 0.087717
1230 12 0 24 24 1.377761
1260 0 16 64 64 3.135140
1260 0 32 64 64 1.542877
1260 16 0 64 64 0.001378
1260 16 16 64 64 3.230044
1260 16 32 64 64 2.570865
1260 384 36 48 48 0.633593
1260 384 36 48 48 0.633593
1260 384 144 32 32 1.307673
1260 0 0 28 28 1.272193
1260 6 6 24 24 0.931097
1260 12 6 24 24 0.656845
1260 12 12 24 24 1.130902
1260 396 0 24 24 4.873553
1260 402 0 24 24 1.281892
1260 498 6 24 24 0.387749
1290 16 32 64 64 0.117889
1290 432 144 36 36 2.123258
1290 432 153 36 36 5.108157
1290 432 162 36 36 2.791260
1290 441 144 36 36 0.689716
1290 441 153 36 36 5.728610
1290 441 162 36 36 4.189134
1290 441 171 36 36 2.804887
1290 450 153 36 36 2.438586
1290 450 162 36 36 1.835246
1290 450 171 36 36 3.867503
1290 459 153 36 36 2.141232
1290 459 171 36 36 0.262697
1290 0 0 32 32 1.985117
1290 0 0 28 28 6.721996
1290 0 7 28 28 4.069616
1290 7 0 28 28 8.893010
1290 7 7 28 28 5.913075
1290 14 7 28 28 2.053032
1290 168 119 28 28 2.163913
1290 462 133 28 28 2.730907
1290 469 133 28 28 0.964373
1290 0 12 24 24 1.780247
1290 6 6 24 24 3.750028
1290 6 12 24 24 6.088774
1290 6 18 24 24 1.647419
1290 12 6 24 24 8.211607
1290 12 12 24 24 9.533902
1290 12 18 24 24 3.785259
1290 18 6 24 24 1.249750
1290 18 12 24 24 5.736717
1290 18 18 24 24 3.660060
1290 480 210 24 24 1.264668
1290 492 18 24 24 1.115490
1320 432 162 36 36 1.554933
1320 384 152 32 32 4.778711
1320 392 152 32 32 4.438274
1320 400 144 32 32 1.293328
1320 400 152 32 32 6.602534
1320 408 144 32 32 0.938986
1320 408 152 32 32 3.753044
1350 352 16 64 64 5.834677
1350 352 32 64 64 0.045978
1350 450 126 36 36 0.459051
1350 450 153 36 36 3.763760
1350 459 126 36 36 3.336578
1350 459 144 36 36 0.544409
1350 459 153 36 36 5.549158
1350 459 162 36 36 3.146151
1350 384 136 32 32 0.158098
1350 392 128 32 32 0.138385
1350 455 21 28 28 0.573419
1350 462 133 28 28 1.272138
1350 469 133 28 28 3.636945
1380 0 16 64 64 1.940387
1380 288 32 64 64 0.884841
1380 384 112 32 32 3.276248
1380 384 128 32 32 3.987046
1380 384 136 32 32 1.759289
1380 392 128 32 32 1.419216
1410 0 16 64 64 5.173412
1410 0 32 64 64 0.330176
1410 16 0 64 64 0.045109
1410 16 16 64 64 3.095786
1410 16 32 64 64 0.937083
1410 450 126 36 36 1.081451
1410 459 126 36 36 1.467153
1410 264 112 32 32 3.283279
1410 272 112 32 32 4.310487
1410 0 133 28 28 3.522441
1410 7 133 28 28 2.168950
1410 154 112 28 28 1.620851
1410 154 119 28 28 1.100716
1410 168 119 28 28 0.728458
1410 336 119 28 28 5.941042
1410 336 126 28 28 4.557739
1410 343 119 28 28 4.502581
1410 343 126 28 28 4.534082
1410 350 126 28 28 1.070743
1410 357 119 28 28 1.522835
1410 396 114 24 24 1.343437
1410 402 114 24 24 0.250417
1440 0 16 64 64 3.527240
1440 16 0 64 64 5.232151
1440 16 16 64 64 7.473347
1440 32 0 64 64 1.632796
1440 32 16 64 64 4.159094
1440 256 16 64 64 1.032539
1440 272 16 64 64 2.070047
1440 36 36 48 48 6.714791
1440 36 36 48 48 6.714791
1440 320 140 40 40 5.020168
1440 330 140 40 40 2.003101
1440 216 0 36 36 2.216579
1440 216 9 36 36 3.302957
1440 154 119 28 28 1.305656
1440 168 112 28 28 1.694276
1440 168 119 28 28 1.637041
1440 231 21 28 28 1.189412
1440 238 21 28 28 0.207713
1440 343 112 28 28 0.180539
1440 343 133 28 28 2.032094
1440 350 133 28 28 0.854139
1440 357 119 28 28 1.128542
1440 448 98 28 28 3.411248
1440 455 98 28 28 4.760965
1440 462 98 28 28 1.924033
1440 390 102 24 24 0.390530
1440 396 102 24 24 0.849680
1470 0 0 64 64 4.060949
1470 0 16 64 64 3.132058
1470 16 0 64 64 3.076786
1470 16 16 64 64 0.356292
1470 256 0 64 64 4.308714
1470 272 0 64 64 8.759197
1470 272 16 64 64 1.443758
1470 288 0 64 64 1.942385
1470 352 0 64 64 4.154654
1470 352 16 64 64 0.751886
1470 36 24 48 48 0.288502
1470 288 36 48 48 0.995699
1470 36 24 48 48 0.288502
1470 288 36 48 48 0.995699
1470 33 22 44 44 0.347361
1470 459 18 36 36 1.647700
1470 459 27 36 36 3.656417
1470 392 128 32 32 2.650314
1470 392 136 32 32 4.446971
1470 392 144 32 32 3.184421
1470 392 152 32 32 3.905386
1470 400 128 32 32 1.755322
1470 400 136 32 32 3.533038
1470 400 144 32 32 2.650364
1470 400 152 32 32 4.173747
1470 126 119 28 28 0.416707
1470 168 112 28 28 1.722735
1470 224 0 28 28 7.176535
1470 224 7 28 28 4.832325
1470 224 14 28 28 2.111861
1470 231 0 28 28 5.097385
1470 231 7 28 28 2.304412
1470 231 14 28 28 1.377051
1470 238 0 28 28 5.232050
1470 238 7 28 28 3.831348
1470 245 0 28 28 4.424685
1470 245 7 28 28 1.597412
1470 245 112 28 28 3.464119
1470 336 112 28 28 3.341238
1470 336 119 28 28 0.193224
1470 480 102 24 24 0.474633
1470 480 108 24 24 2.213147
1470 486 108 24 24 2.486352
1470 492 84 24 24 0.931249
1500 0 0 64 64 4.234039
1500 0 16 64 64 4.125012
1500 16 16 64 64 0.463582
1500 288 0 64 64 4.816935
1500 24 0 48 48 0.221279
1500 24 12 48 48 1.627450
1500 24 0 48 48 0.221279
1500 24 12 48 48 1.627450
1500 33 11 44 44 3.931884
1500 384 108 24 24 2.822970
1500 384 114 24 24 4.095686
1500 390 108 24 24 3.563719
1500 390 114 24 24 6.065152
1500 396 114 24 24 1.863140
1500 498 300 24 24 1.072997
1500 498 306 24 24 1.137426
1530 16 16 64 64 0.088775
1530 396 36 48 48 3.057296
1530 408 36 48 48 3.158376
1530 420 36 48 48 0.788669
1530 396 36 48 48 3.057296
1530 408 36 48 48 3.158376
1530 420 36 48 48 0.788669
1530 20 0 40 40 2.094260
1530 27 0 36 36 0.586365
1530 27 9 36 36 0.700969
1530 432 126 36 36 1.987334
1530 441 126 36 36 1.083174
1530 441 153 36 36 1.152587
1530 441 162 36 36 1.693018
1530 450 126 36 36 0.096545
1530 450 144 36 36 1.444386
1530 450 153 36 36 2.272005
1530 450 162 36 36 1.767545
1530 14 126 28 28 0.609054
1530 14 133 28 28 1.541479
1530 336 112 28 28 2.604343
1530 336 133 28 28 0.160692
1530 343 98 28 28 1.593393
1530 343 112 28 28 5.900475
1530 343 119 28 28 2.017241
1530 350 98 28 28 1.590320
1530 350 112 28 28 4.531959
1530 357 98 28 28 1.918669
1530 448 112 28 28 2.599398
1530 455 112 28 28 1.936050
1530 455 119 28 28 0.578000
1530 462 112 28 28 1.895762
1530 462 119 28 28 4.808192
1530 469 112 28 28 4.070447
1530 469 119 28 28 3.610502
1530 480 198 24 24 2.294810
1530 480 204 24 24 0.047026
1560 272 16 64 64 1.355405
1560 288 0 64 64 0.697269
1560 288 16 64 64 0.147866
1560 352 0 64 64 2.047546
1560 448 112 28 28 2.375789
1560 455 112 28 28 3.333109
1560 455 119 28 28 1.212515
1560 462 112 28 28 1.298498
1560 462 119 28 28 0.919837
1590 288 0 64 64 0.302422
1590 288 16 64 64 0.678426
1590 420 36 48 48 0.901927
1590 420 36 48 48 0.901927
1590 384 112 32 32 1.690397
1590 350 126 28 28 1.252266
1590 357 119 28 28 2.088335
1590 357 126 28 28 1.599041
1620 408 128 32 32 0.549716
1620 408 136 32 32 2.238457
1620 448 133 28 28 1.313682
1620 455 126 28 28 0.899234
1620 455 133 28 28 2.977741
1620 462 133 28 28 2.460993
1620 469 126 28 28 0.639653
1620 469 133 28 28 3.176376
1620 384 0 24 24 0.248995
1620 480 0 24 24 0.608524
1620 486 0 24 24 2.401430
1650 432 144 36 36 3.971871
1650 432 153 36 36 2.437509
1650 432 162 36 36 0.418881
1650 441 144 36 36 3.184977
1650 441 153 36 36 2.471323
1650 384 144 32 32 1.145608
1650 384 152 32 32 0.417730
1650 238 112 28 28 4.516079
1650 238 119 28 28 1.673174
1650 245 112 28 28 0.568017
1680 408 36 48 48 2.957672
1680 408 36 48 48 2.957672
1680 297 9 36 36 2.685621
1680 224 112 28 28 3.585309
1680 224 119 28 28 0.399532
1680 231 112 28 28 2.179448
1680 238 119 28 28 0.162465
1680 448 112 28 28 3.432337
1680 448 119 28 28 0.220735
1680 455 112 28 28 2.892184
1680 455 119 28 28 0.324987
1680 462 119 28 28 0.821500
1680 469 112 28 28 0.342609
1680 469 119 28 28 2.645144
1680 288 0 24 24 5.361632
1680 288 6 24 24 1.283697
1680 294 0 24 24 7.293918
1680 294 6 24 24 0.371328
1680 300 0 24 24 4.365421
1680 306 0 24 24 3.661058
1680 480 102 24 24 2.036726
1680 480 108 24 24 0.847706
1680 480 114 24 24 0.111844
1680 486 102 24 24 1.617964
1680 486 108 24 24 2.969482
1680 492 102 24 24 1.356605
1680 492 108 24 24 3.165871
1680 498 102 24 24 2.245299
1680 498 108 24 24 3.331415
1710 392 144 32 32 0.856982
1710 392 152 32 32 3.568541
1710 400 144 32 32 4.019651
1710 400 152 32 32 5.840763
1710 408 144 32 32 4.011917
1710 408 152 32 32 7.849457
1710 357 133 28 28 2.490140
1710 288 18 24 24 4.905385
1710 294 12 24 24 0.378505
1710 294 18 24 24 6.231932
1710 300 12 24 24 1.457847
1710 300 18 24 24 5.503814
1710 306 12 24 24 1.690899
1710 306 18 24 24 7.652867
1710 480 6 24 24 2.158892
1710 480 12 24 24 0.715920
1710 480 114 24 24 1.360999
1710 486 6 24 24 2.842393
1710 486 12 24 24 0.271828
1710 486 114 24 24 1.217466
1710 492 6 24 24 2.557460
1710 492 12 24 24 3.508821
1710 492 114 24 24 1.584268
1710 498 108 24 24 2.783299
1710 498 114 24 24 6.338598
1740 32 16 64 64 3.061662
1740 32 32 64 64 1.344734
1740 48 16 64 64 2.980348
1740 432 144 36 36 1.999847
1740 432 153 36 36 4.789623
1740 432 162 36 36 3.114044
1740 432 171 36 36 1.239573
1740 441 144 36 36 0.976680
1740 441 153 36 36 2.390742
1740 192 112 32 32 1.164147
1740 384 136 32 32 1.837240
1740 384 144 32 32 3.383403
1740 384 152 32 32 2.644768
1740 384 0 24 24 0.103214
1740 396 108 24 24 0.839289
1740 402 108 24 24 5.357033
1740 402 114 24 24 1.931635
1740 492 12 24 24 0.521607
1740 492 18 24 24 1.797347
1770 0 16 64 64 3.432545
1770 0 32 64 64 1.267071
1770 16 16 64 64 6.551499
1770 16 32 64 64 2.037136
1770 32 16 64 64 2.285316
1770 48 16 64 64 0.960059
1770 256 32 64 64 1.686457
1770 256 48 64 64 0.067815
1770 272 32 64 64 0.928059
1770 272 48 64 64 0.021783
1770 352 48 64 64 0.873885
1770 432 171 36 36 0.026959
1770 441 171 36 36 1.646571
1770 459 162 36 36 0.137155
1770 459 171 36 36 1.914062
1770 400 152 32 32 2.838880
1770 448 98 28 28 2.735299
1770 455 98 28 28 3.235703
1800 0 0 64 64 5.784989
1800 0 16 64 64 10.153771
1800 16 0 64 64 0.132040
1800 16 16 64 64 4.941811
1800 48 0 64 64 0.398396
1800 48 16 64 64 0.952133
1800 12 36 48 48 0.059917
1800 12 36 48 48 0.059917
1800 432 162 36 36 3.830143
1800 432 171 36 36 3.440651
1800 441 162 36 36 3.223469
1800 441 171 36 36 4.779778
1800 450 162 36 36 2.007373
1800 450 171 36 36 4.159704
1800 459 162 36 36 0.990242
1800 192 112 32 32 0.024925
1800 384 128 32 32 2.343469
1800 384 136 32 32 1.137075
1800 384 152 32 32 4.455491
1800 392 112 32 32 3.175539
1800 392 128 32 32 3.846350
1800 392 136 32 32 3.409573
1800 392 152 32 32 4.602372
1800 400 112 32 32 5.144720
1800 400 128 32 32 2.843358
1800 400 136 32 32 0.766990
1800 400 152 32 32 1.991344
1800 408 152 32 32 2.386721
1800 462 112 28 28 1.592742
1800 480 198 24 24 2.218343
1800 480 204 24 24 6.711120
1800 480 210 24 24 5.501816
1800 486 18 24 24 2.166481
1800 492 96 24 24 4.343997
1800 492 102 24 24 2.745582
1800 498 96 24 24 4.697171
1800 498 102 24 24 0.986468
1830 32 0 64 64 1.384903
1830 48 0 64 64 0.754517
1830 48 16 64 64 0.665303
1830 352 48 64 64 2.873987
1830 288 9 36 36 0.271135
1830 288 18 36 36 0.102949
1830 432 144 36 36 0.137937
1830 441 144 36 36 0.710251
1830 176 112 32 32 1.042304
1830 384 152 32 32 1.110886
1830 392 152 32 32 2.310222
1830 408 128 32 32 2.107562
1830 455 112 28 28 2.459335
1830 455 119 28 28 1.754369
