30 264 36 48 48 0.640117
30 420 0 48 48 0.675764
30 420 12 48 48 0.518029
30 420 24 48 48 0.591968
30 264 36 48 48 0.640117
30 420 0 48 48 0.675764
30 420 12 48 48 0.518029
30 420 24 48 48 0.591968
30 400 152 32 32 0.098222
30 336 112 28 28 3.784865
30 343 112 28 28 1.690264
30 350 119 28 28 0.042940
30 96 192 24 24 0.900727
30 102 192 24 24 2.633540
30 198 108 24 24 0.860771
30 204 108 24 24 0.223547
30 294 96 24 24 0.158324
30 294 102 24 24 2.898595
30 294 108 24 24 1.583640
30 300 102 24 24 2.503692
30 300 108 24 24 5.814790
30 300 114 24 24 2.756807
30 306 108 24 24 4.025184
30 306 114 24 24 2.184232
60 264 36 48 48 0.392687
60 384 36 48 48 3.435049
60 420 0 48 48 0.097606
60 420 24 48 48 0.568000
60 264 36 48 48 0.392687
60 384 36 48 48 3.435049
60 420 0 48 48 0.097606
60 420 24 48 48 0.568000
60 0 162 36 36 0.253626
60 0 133 28 28 0.564787
60 21 112 28 28 4.182371
60 336 112 28 28 4.141037
60 343 112 28 28 1.269975
60 96 114 24 24 0.028102
60 96 192 24 24 0.805431
60 102 192 24 24 1.694607
60 108 192 24 24 0.253253
60 288 84 24 24 1.164849
60 294 96 24 24 0.593838
60 294 102 24 24 3.767813
60 294 108 24 24 3.189160
60 300 96 24 24 0.551620
60 300 102 24 24 1.929062
60 300 108 24 24 5.414162
60 300 114 24 24 2.791729
60 306 108 24 24 3.223937
60 306 114 24 24 1.652783
90 384 36 48 48 0.899268
90 408 36 48 48 1.352984
90 420 0 48 48 0.196872
90 420 36 48 48 1.866706
90 384 36 48 48 0.899268
90 408 36 48 48 1.352984
90 420 0 48 48 0.196872
90 420 36 48 48 1.866706
90 0 133 28 28 1.051703
90 21 112 28 28 5.511718
90 96 192 24 24 2.971754
90 102 192 24 24 1.557891
90 198 108 24 24 1.171536
90 198 114 24 24 0.260961
90 294 96 24 24 0.593179
90 294 102 24 24 3.668623
90 294 108 24 24 4.174366
90 300 96 24 24 1.778488
90 300 102 24 24 1.120032
90 300 108 24 24 5.241526
90 300 114 24 24 3.505307
90 306 108 24 24 1.173449
90 306 114 24 24 3.901669
120 384 36 48 48 2.188635
120 396 36 48 48 0.601866
120 408 36 48 48 0.868321
120 384 36 48 48 2.188635
120 396 36 48 48 0.601866
120 408 36 48 48 0.868321
120 0 133 28 28 0.501667
120 14 112 28 28 0.602746
120 21 112 28 28 4.934636
120 336 112 28 28 3.865356
120 343 112 28 28 1.318425
120 96 192 24 24 1.337767
120 294 96 24 24 1.010000
120 294 102 24 24 4.240155
120 294 108 24 24 6.800940
120 294 114 24 24 0.606334
120 300 96 24 24 2.315317
120 300 102 24 24 3.031878
120 300 108 24 24 8.227358
120 300 114 24 24 4.870827
120 306 108 24 24 2.953585
120 306 114 24 24 4.391774
150 384 36 48 48 1.564218
150 396 36 48 48 0.311402
150 408 36 48 48 1.842398
150 420 24 48 48 0.688790
150 420 36 48 48 1.599043
150 384 36 48 48 1.564218
150 396 36 48 48 0.311402
150 408 36 48 48 1.842398
150 420 24 48 48 0.688790
150 420 36 48 48 1.599043
150 0 119 28 28 0.057539
150 21 112 28 28 3.570863
150 336 112 28 28 4.755768
150 343 112 28 28 2.683080
150 343 119 28 28 1.064071
150 455 98 28 28 0.067694
150 96 192 24 24 2.221327
150 102 192 24 24 0.383906
150 288 108 24 24 0.091578
150 294 96 24 24 0.375530
150 294 102 24 24 3.780744
150 294 108 24 24 8.852120
150 294 114 24 24 3.692187
150 300 96 24 24 1.695105
150 300 102 24 24 2.539963
150 300 108 24 24 8.505887
150 300 114 24 24 5.690688
150 306 108 24 24 3.288629
150 306 114 24 24 4.352842
180 384 36 48 48 2.227980
180 396 36 48 48 1.078609
180 408 36 48 48 1.116127
180 420 0 48 48 0.706808
180 384 36 48 48 2.227980
180 396 36 48 48 1.078609
180 408 36 48 48 1.116127
180 420 0 48 48 0.706808
180 0 162 36 36 0.159126
180 0 119 28 28 1.440716
180 21 112 28 28 3.626601
180 336 112 28 28 4.362031
180 343 112 28 28 1.861834
180 343 119 28 28 1.401641
180 96 192 24 24 0.672956
180 198 108 24 24 0.090189
180 288 102 24 24 0.995945
180 288 108 24 24 2.047572
180 294 102 24 24 4.244920
180 294 108 24 24 10.373474
180 294 114 24 24 6.387977
180 300 102 24 24 3.838957
180 300 108 24 24 8.945622
180 300 114 24 24 6.377848
180 306 108 24 24 4.842681
180 306 114 24 24 4.678186
210 384 36 48 48 1.963044
210 396 36 48 48 1.334072
210 384 36 48 48 1.963044
210 396 36 48 48 1.334072
210 0 112 28 28 0.006985
210 0 119 28 28 1.367622
210 14 112 28 28 1.987639
210 21 112 28 28 6.647346
210 336 112 28 28 3.648071
210 343 112 28 28 1.492916
210 198 108 24 24 0.423629
210 288 96 24 24 2.241169
210 288 102 24 24 3.057942
210 288 108 24 24 6.224155
210 294 96 24 24 1.015637
210 294 102 24 24 5.459970
210 294 108 24 24 11.612133
210 294 114 24 24 4.715954
210 300 102 24 24 2.886568
210 300 108 24 24 7.237295
210 300 114 24 24 3.823123
210 306 108 24 24 4.920534
210 306 114 24 24 3.316458
240 352 0 64 64 0.540783
240 384 36 48 48 1.956042
240 396 36 48 48 1.252249
240 384 36 48 48 1.956042
240 396 36 48 48 1.252249
240 0 140 40 40 0.517670
240 340 0 40 40 0.306017
240 0 153 36 36 3.901489
240 0 119 28 28 0.643948
240 0 126 28 28 1.052740
240 0 133 28 28 2.072867
240 7 112 28 28 2.175902
240 14 112 28 28 4.753079
240 21 112 28 28 2.700250
240 336 112 28 28 3.382267
240 343 112 28 28 1.324528
240 192 102 24 24 1.407418
240 198 102 24 24 0.019562
240 210 18 24 24 1.032399
240 288 102 24 24 2.419269
240 288 108 24 24 3.956555
240 288 114 24 24 1.672705
240 294 102 24 24 2.748020
240 294 108 24 24 6.665445
240 294 114 24 24 3.207160
240 300 102 24 24 0.194744
240 300 108 24 24 3.086098
240 300 114 24 24 2.667617
240 306 108 24 24 4.944307
240 306 114 24 24 6.749295
270 384 36 48 48 0.831350
270 384 36 48 48 0.831350
270 280 112 32 32 0.391046
270 0 119 28 28 1.375736
270 7 98 28 28 2.341884
270 7 112 28 28 3.691341
270 7 119 28 28 0.094823
270 336 112 28 28 4.503178
270 336 119 28 28 3.267994
270 343 119 28 28 0.863510
270 462 98 28 28 1.587926
270 469 98 28 28 0.357208
270 6 114 24 24 0.157727
270 12 114 24 24 3.034732
270 18 114 24 24 4.505591
270 192 108 24 24 0.039210
270 288 108 24 24 2.549367
270 288 114 24 24 0.806226
270 294 114 24 24 2.035789
270 300 114 24 24 2.453272
270 306 114 24 24 0.883049
300 352 16 64 64 1.467177
300 384 36 48 48 1.544411
300 384 36 48 48 1.544411
300 350 10 40 40 0.835633
300 0 112 32 32 5.081340
300 8 112 32 32 4.229856
300 0 112 28 28 3.226799
300 0 119 28 28 4.123667
300 7 112 28 28 2.831711
300 7 119 28 28 6.841958
300 7 126 28 28 2.013170
300 14 119 28 28 6.631990
300 14 126 28 28 1.343031
300 21 119 28 28 3.720006
300 336 112 28 28 2.942725
300 336 119 28 28 4.567220
300 336 126 28 28 0.708468
300 343 119 28 28 3.749989
300 343 126 28 28 1.897345
300 350 126 28 28 0.147709
300 455 133 28 28 0.312544
300 469 98 28 28 0.861967
300 0 204 24 24 2.955008
300 6 204 24 24 1.974406
300 6 210 24 24 2.764217
300 12 210 24 24 1.412283
300 480 114 24 24 2.915513
300 486 108 24 24 0.369909
300 486 114 24 24 2.913609
330 256 32 64 64 0.409988
330 352 0 64 64 2.271419
330 384 36 48 48 0.188262
330 396 36 48 48 1.436075
330 384 36 48 48 0.188262
330 396 36 48 48 1.436075
330 0 160 40 40 1.364535
330 0 112 32 32 0.516852
330 8 128 32 32 0.828818
330 8 144 32 32 1.564915
330 0 119 28 28 1.855590
330 7 126 28 28 0.314504
330 7 133 28 28 1.237797
330 14 126 28 28 0.535869
330 14 133 28 28 0.910069
330 336 112 28 28 4.196044
330 336 119 28 28 5.730968
330 336 126 28 28 2.569830
330 343 112 28 28 5.981220
330 343 119 28 28 5.237364
330 343 126 28 28 2.527721
330 350 112 28 28 1.875263
330 350 119 28 28 3.381181
330 350 126 28 28 2.708008
330 198 6 24 24 0.968710
330 198 12 24 24 2.673003
330 198 18 24 24 3.167690
330 204 12 24 24 5.563921
330 204 18 24 24 4.484654
330 486 114 24 24 1.868585
330 492 114 24 24 4.300244
330 498 114 24 24 3.479565
360 256 32 64 64 0.568132
360 272 16 64 64 2.233941
360 272 32 64 64 1.504595
360 288 16 64 64 2.616845
360 408 24 48 48 0.092742
360 408 24 48 48 0.092742
360 27 126 36 36 2.430845
360 0 112 28 28 1.264198
360 154 98 28 28 0.721482
360 224 98 28 28 0.382274
360 343 112 28 28 0.394667
360 343 119 28 28 3.281335
360 343 126 28 28 0.714671
360 350 112 28 28 0.770557
360 350 119 28 28 3.032640
360 350 126 28 28 3.008466
360 357 119 28 28 1.143381
360 357 126 28 28 0.373509
360 204 114 24 24 2.691708
360 210 114 24 24 1.115189
360 492 102 24 24 0.373634
360 492 108 24 24 0.282693
360 492 114 24 24 0.039934
360 498 102 24 24 2.737611
360 498 108 24 24 3.905846
360 498 114 24 24 1.610678
390 256 0 64 64 2.143800
390 256 16 64 64 1.477907
390 272 16 64 64 0.951929
390 288 32 64 64 2.318759
390 352 0 64 64 1.764016
390 352 16 64 64 0.699832
390 0 128 32 32 0.642915
390 0 136 32 32 0.971583
390 0 144 32 32 5.336919
390 0 152 32 32 4.323423
390 0 264 32 32 1.840832
390 0 272 32 32 0.484321
390 8 144 32 32 1.486498
390 8 152 32 32 1.220585
390 8 264 32 32 1.589314
390 8 272 32 32 0.367534
390 16 264 32 32 1.588285
390 24 264 32 32 1.822301
390 128 264 32 32 0.253011
390 128 272 32 32 0.089851
390 192 272 32 32 0.304010
390 256 272 32 32 0.126261
390 384 112 32 32 0.525436
390 384 264 32 32 2.089892
390 384 272 32 32 0.624877
390 392 112 32 32 3.023793
390 392 264 32 32 2.225761
390 392 272 32 32 0.388396
390 400 264 32 32 2.070522
390 400 272 32 32 0.160259
390 408 264 32 32 2.382251
390 408 272 32 32 0.074440
390 0 98 28 28 0.747598
390 21 112 28 28 0.766608
390 154 98 28 28 1.830656
390 168 98 28 28 0.311007
390 336 112 28 28 0.180175
390 336 119 28 28 0.397347
390 343 112 28 28 2.448435
390 343 119 28 28 3.265934
390 350 112 28 28 3.864333
390 350 119 28 28 5.664708
390 357 112 28 28 1.751765
390 357 119 28 28 2.047847
390 0 108 24 24 0.917861
390 0 114 24 24 1.535754
390 0 288 24 24 1.600801
390 6 288 24 24 1.636622
390 12 288 24 24 2.023035
390 18 288 24 24 2.235663
390 198 288 24 24 0.141088
390 204 288 24 24 0.135236
390 210 288 24 24 0.556105
390 288 288 24 24 0.013223
390 294 288 24 24 0.129848
390 300 288 24 24 0.203949
390 306 288 24 24 0.518211
390 384 288 24 24 0.676172
390 390 288 24 24 0.899433
390 396 96 24 24 1.032703
390 396 288 24 24 1.164489
390 402 288 24 24 0.687190
390 480 288 24 24 1.449279
390 486 288 24 24 1.375954
390 492 288 24 24 1.159879
390 498 288 24 24 1.041810
420 0 0 64 64 0.102447
420 16 0 64 64 1.252777
420 256 0 64 64 1.444861
420 288 0 64 64 0.793099
420 352 16 64 64 3.063617
420 352 32 64 64 5.360613
420 384 112 32 32 1.616528
420 21 112 28 28 2.582899
420 357 112 28 28 1.879077
420 357 119 28 28 0.844686
420 448 133 28 28 0.480505
420 192 96 24 24 0.285218
420 192 102 24 24 0.654963
420 192 108 24 24 0.388640
420 480 0 24 24 0.235894
420 498 6 24 24 1.833563
420 498 12 24 24 0.263295
420 498 18 24 24 3.492303
450 0 48 64 64 0.252407
450 16 48 64 64 2.065032
450 352 48 64 64 7.580685
450 264 216 48 48 1.115836
450 264 216 48 48 1.115836
450 0 140 40 40 3.420107
450 0 144 36 36 3.270369
450 9 144 36 36 2.811458
450 0 128 32 32 0.216488
450 0 152 32 32 2.055866
450 8 152 32 32 0.589010
450 16 152 32 32 1.383861
450 384 152 32 32 0.518572
450 392 152 32 32 2.701524
450 400 152 32 32 4.041974
450 0 98 28 28 0.446601
450 7 98 28 28 1.444579
450 14 112 28 28 0.432955
450 448 245 28 28 0.271918
450 462 98 28 28 0.602373
450 469 98 28 28 1.028382
450 6 102 24 24 0.128881
450 12 96 24 24 0.263412
450 12 102 24 24 1.529048
450 18 96 24 24 1.443811
450 18 114 24 24 0.317519
450 480 96 24 24 1.079599
450 480 102 24 24 0.040898
450 492 0 24 24 5.347729
450 492 6 24 24 0.231009
450 498 0 24 24 2.543760
480 352 32 64 64 0.013185
480 264 192 48 48 0.498872
480 264 192 48 48 0.498872
480 176 198 44 44 0.136443
480 340 160 40 40 0.621902
480 340 170 40 40 0.935048
480 350 160 40 40 1.888189
480 350 170 40 40 5.619567
480 350 180 40 40 1.417624
480 432 126 36 36 1.733752
480 432 144 36 36 0.801683
480 441 126 36 36 0.751788
480 450 126 36 36 2.020317
480 450 153 36 36 0.191022
480 450 162 36 36 0.527976
480 0 84 24 24 1.707622
480 6 84 24 24 6.578694
480 6 96 24 24 0.096510
480 6 102 24 24 0.364537
480 12 84 24 24 6.541983
480 18 84 24 24 3.697680
480 294 6 24 24 0.422205
480 300 6 24 24 2.206156
480 300 12 24 24 0.083539
480 384 192 24 24 4.424715
480 384 198 24 24 3.118074
480 384 204 24 24 2.114633
480 384 210 24 24 2.644102
480 390 192 24 24 3.545189
480 480 108 24 24 0.263659
510 0 0 64 64 1.228458
510 0 16 64 64 1.290601
510 0 32 64 64 2.910812
510 16 0 64 64 1.524189
510 16 16 64 64 0.984214
510 16 32 64 64 0.958876
510 32 0 64 64 3.850715
510 32 16 64 64 0.506054
510 48 0 64 64 5.428315
510 48 16 64 64 4.518680
510 192 128 32 32 1.910172
510 408 152 32 32 0.209869
510 112 119 28 28 3.579545
510 112 126 28 28 5.941357
510 112 133 28 28 1.447592
510 119 126 28 28 1.827310
510 154 126 28 28 3.167031
510 448 133 28 28 0.435119
510 108 0 24 24 1.159119
540 396 204 48 48 0.146027
540 408 192 48 48 3.904686
540 408 204 48 48 5.394468
540 408 216 48 48 0.684856
540 420 192 48 48 1.185638
540 420 204 48 48 4.237528
540 420 216 48 48 2.918333
540 396 204 48 48 0.146027
540 408 192 48 48 3.904686
540 408 204 48 48 5.394468
540 408 216 48 48 0.684856
540 420 192 48 48 1.185638
540 420 204 48 48 4.237528
540 420 216 48 48 2.918333
540 432 171 36 36 0.069874
540 8 152 32 32 1.947932
540 128 24 32 32 0.334340
540 192 152 32 32 0.699077
540 21 21 28 28 1.413630
540 448 224 28 28 1.892683
540 96 198 24 24 0.559797
540 96 204 24 24 2.859283
540 96 210 24 24 2.251050
540 132 192 24 24 4.521776
540 192 192 24 24 3.818931
540 198 198 24 24 0.529133
540 480 300 24 24 1.860244
540 486 198 24 24 0.036345
540 486 204 24 24 1.737528
540 486 210 24 24 0.670043
540 486 288 24 24 2.811367
540 486 294 24 24 2.988853
540 486 300 24 24 4.680366
540 486 306 24 24 4.478441
540 492 288 24 24 1.828048
540 492 294 24 24 2.716149
540 492 300 24 24 4.899409
540 492 306 24 24 3.630432
540 498 300 24 24 3.581154
540 498 306 24 24 3.077550
570 0 48 64 64 1.445331
570 16 32 64 64 0.008484
570 16 48 64 64 1.186843
570 153 144 36 36 0.940058
570 153 153 36 36 0.992467
570 162 144 36 36 1.294215
570 162 153 36 36 2.850601
570 162 162 36 36 0.992903
570 459 126 36 36 0.478644
570 112 7 28 28 5.434723
570 112 14 28 28 2.926986
570 119 7 28 28 2.513400
570 119 14 28 28 5.421521
570 455 119 28 28 0.859783
570 462 119 28 28 6.560861
570 462 126 28 28 7.424516
570 462 133 28 28 0.802238
570 469 0 28 28 0.253286
570 469 112 28 28 1.372819
570 469 119 28 28 8.309343
570 469 126 28 28 7.323195
570 469 133 28 28 1.371487
570 0 0 24 24 3.344004
570 0 6 24 24 3.691773
570 6 0 24 24 0.237982
570 480 12 24 24 0.262970
600 16 48 64 64 0.013582
600 330 140 40 40 1.965938
600 340 140 40 40 4.183307
600 0 126 36 36 3.368748
600 9 126 36 36 3.788256
600 18 126 36 36 2.164453
600 27 126 36 36 2.340678
600 0 136 32 32 4.798805
600 0 144 32 32 3.410692
600 8 136 32 32 4.574504
600 8 144 32 32 5.717235
600 8 152 32 32 1.333165
600 16 136 32 32 2.449193
600 16 144 32 32 0.091561
600 24 136 32 32 0.530477
600 128 136 32 32 1.700599
600 136 136 32 32 1.739337
600 144 144 32 32 1.358023
600 272 136 32 32 0.766406
600 455 112 28 28 0.256356
600 96 0 24 24 0.542427
600 96 6 24 24 0.322241
600 96 12 24 24 2.244402
600 102 6 24 24 0.184774
600 288 288 24 24 0.294540
600 294 288 24 24 0.057123
600 480 96 24 24 6.146956
600 486 96 24 24 3.854394
600 486 102 24 24 2.121079
600 492 96 24 24 5.613966
600 492 102 24 24 2.964007
600 498 96 24 24 0.902544
630 0 32 64 64 2.054094
630 0 48 64 64 2.059137
630 16 32 64 64 2.112509
630 16 48 64 64 2.433867
630 288 48 64 64 0.653904
630 396 168 48 48 2.800719
630 408 168 48 48 2.350863
630 396 168 48 48 2.800719
630 408 168 48 48 2.350863
630 374 154 44 44 0.466868
630 385 154 44 44 5.543572
630 340 140 40 40 0.435977
630 350 140 40 40 4.613313
630 0 126 36 36 3.019387
630 9 126 36 36 4.687159
630 18 126 36 36 4.050141
630 27 126 36 36 3.807080
630 450 126 36 36 1.494065
630 450 144 36 36 0.116092
630 8 112 32 32 1.182978
630 16 112 32 32 2.918039
630 16 136 32 32 3.506295
630 24 112 32 32 3.708077
630 24 136 32 32 2.611728
630 21 119 28 28 0.988920
630 350 126 28 28 2.586446
630 350 133 28 28 5.785749
630 357 119 28 28 3.092119
630 357 126 28 28 3.906696
630 357 133 28 28 7.993317
630 480 84 24 24 0.207469
630 486 84 24 24 3.490249
630 492 84 24 24 1.156207
660 0 32 64 64 1.012184
660 0 48 64 64 1.765644
660 16 48 64 64 1.822223
660 288 48 64 64 1.745319
660 192 168 48 48 0.328288
660 192 168 48 48 0.328288
660 187 176 44 44 2.053650
660 198 176 44 44 0.852664
660 459 171 36 36 0.457991
660 384 128 32 32 0.055658
660 384 136 32 32 2.227312
660 392 136 32 32 0.660965
660 0 112 28 28 6.864590
660 0 119 28 28 4.543027
660 7 112 28 28 2.271347
660 7 119 28 28 1.474938
660 154 133 28 28 0.642365
660 350 133 28 28 0.619674
660 357 133 28 28 6.386910
660 6 114 24 24 1.080576
660 12 96 24 24 2.529361
660 12 102 24 24 2.872891
660 12 108 24 24 1.754050
660 12 114 24 24 3.896888
660 18 96 24 24 2.204622
660 18 102 24 24 1.639975
660 390 192 24 24 4.119493
660 396 192 24 24 8.619686
660 396 198 24 24 1.598733
660 402 192 24 24 6.252858
660 402 198 24 24 2.879433
660 486 204 24 24 1.006954
660 486 210 24 24 0.046957
690 288 48 64 64 2.099597
690 385 154 44 44 9.437944
690 315 126 36 36 0.514580
690 441 171 36 36 1.048215
690 119 133 28 28 2.642183
690 126 133 28 28 0.378533
690 357 133 28 28 0.479085
690 390 108 24 24 0.557619
690 402 84 24 24 1.787121
720 288 48 64 64 1.865090
720 352 48 64 64 4.356681
720 187 154 44 44 0.556915
720 198 154 44 44 2.124761
720 9 126 36 36 1.148928
720 18 126 36 36 0.698460
720 216 171 36 36 2.126361
720 432 126 36 36 3.063876
720 441 126 36 36 4.178820
720 0 128 32 32 0.471241
720 0 136 32 32 0.057655
720 16 136 32 32 0.656112
720 24 136 32 32 0.241624
720 24 144 32 32 1.210152
720 128 128 32 32 0.539572
720 112 133 28 28 3.896873
720 119 133 28 28 6.184162
720 126 133 28 28 5.482453
720 343 126 28 28 0.241384
720 357 119 28 28 2.916834
720 357 126 28 28 1.426063
720 384 102 24 24 1.982767
720 384 114 24 24 2.014296
720 396 96 24 24 0.875905
750 288 48 64 64 0.775516
750 384 24 48 48 0.060615
750 384 24 48 48 0.060615
750 350 140 40 40 1.931847
750 0 126 36 36 3.298367
750 9 126 36 36 4.972398
750 18 126 36 36 3.147487
750 27 126 36 36 2.291207
750 216 162 36 36 1.458910
750 216 171 36 36 0.482035
750 8 144 32 32 1.884165
750 16 136 32 32 3.145432
750 16 144 32 32 3.654707
750 24 144 32 32 1.816826
750 400 16 32 32 0.961699
750 400 24 32 32 3.042000
750 408 16 32 32 2.018422
750 408 24 32 32 4.329943
750 112 133 28 28 2.739825
750 119 126 28 28 0.776638
750 119 133 28 28 1.896116
750 126 126 28 28 2.640916
750 126 133 28 28 1.135016
750 154 126 28 28 0.195291
750 154 133 28 28 0.306297
750 384 192 24 24 1.199875
750 390 192 24 24 3.735060
750 390 198 24 24 4.136990
750 390 204 24 24 1.164258
750 396 84 24 24 1.280855
750 396 96 24 24 0.014324
750 396 192 24 24 2.757605
750 396 198 24 24 4.949596
750 396 204 24 24 3.214873
750 402 198 24 24 2.243401
750 402 204 24 24 2.757831
750 402 210 24 24 0.734396
750 492 18 24 24 0.031065
750 492 306 24 24 0.446225
750 498 12 24 24 2.203835
750 498 18 24 24 1.200603
750 498 108 24 24 0.269112
750 498 306 24 24 0.303555
780 0 126 36 36 3.877612
780 9 126 36 36 1.266131
780 432 0 36 36 0.509779
780 432 27 36 36 0.159425
780 441 27 36 36 2.409458
780 450 27 36 36 2.418525
780 0 128 32 32 2.831209
780 0 136 32 32 3.435018
780 0 144 32 32 2.017745
780 8 128 32 32 3.890215
780 8 136 32 32 4.556610
780 16 128 32 32 3.800728
780 16 136 32 32 0.765119
780 24 128 32 32 4.104853
780 154 133 28 28 1.806122
780 350 112 28 28 0.012146
780 357 112 28 28 0.221758
780 357 119 28 28 0.467848
780 448 14 28 28 0.337133
780 448 21 28 28 4.270704
780 455 21 28 28 3.542367
780 455 224 28 28 0.109657
780 462 21 28 28 0.918154
780 0 108 24 24 0.733396
780 0 114 24 24 1.848906
780 12 108 24 24 0.427688
780 12 114 24 24 0.498116
780 402 192 24 24 1.659209
810 352 16 64 64 4.472042
810 352 32 64 64 2.977618
810 352 48 64 64 1.027559
810 408 12 48 48 1.051757
810 408 24 48 48 0.027031
810 408 12 48 48 1.051757
810 408 24 48 48 0.027031
810 0 126 36 36 3.186039
810 0 128 32 32 4.055424
810 0 136 32 32 5.602602
810 8 128 32 32 1.151960
810 24 128 32 32 3.479871
810 128 112 32 32 0.823173
810 384 128 32 32 0.719823
810 119 126 28 28 0.855564
810 126 119 28 28 1.760926
810 126 126 28 28 1.739440
810 126 133 28 28 2.034384
810 154 119 28 28 0.688611
810 168 126 28 28 0.196784
810 231 119 28 28 3.388109
810 231 126 28 28 1.950584
810 238 126 28 28 2.222080
810 357 112 28 28 1.289108
810 12 96 24 24 1.227602
810 18 96 24 24 1.375490
810 18 102 24 24 4.488833
810 18 108 24 24 2.584193
810 108 102 24 24 0.661522
810 402 192 24 24 3.790517
810 402 198 24 24 1.711245
810 480 96 24 24 0.218521
810 486 96 24 24 0.880955
810 492 96 24 24 2.262289
810 498 96 24 24 2.568569
810 498 102 24 24 0.604732
840 288 32 64 64 1.880562
840 288 48 64 64 1.102836
840 352 0 64 64 1.053334
840 352 16 64 64 1.151091
840 352 32 64 64 4.969117
840 352 48 64 64 1.678083
840 420 192 48 48 2.444672
840 420 204 48 48 1.568410
840 420 192 48 48 2.444672
840 420 204 48 48 1.568410
840 0 126 36 36 2.531212
840 9 126 36 36 3.957383
840 18 126 36 36 3.829155
840 27 126 36 36 4.243258
840 432 153 36 36 3.588514
840 432 162 36 36 0.689264
840 432 171 36 36 2.035294
840 0 128 32 32 0.525676
840 0 136 32 32 0.152580
840 8 128 32 32 4.131705
840 8 136 32 32 2.696872
840 16 128 32 32 3.790526
840 24 128 32 32 2.910511
840 24 136 32 32 0.006583
840 136 112 32 32 0.796355
840 144 112 32 32 1.442526
840 384 112 32 32 2.737978
840 392 112 32 32 0.291717
840 408 152 32 32 0.374115
840 0 126 28 28 1.372435
840 0 133 28 28 0.450979
840 7 133 28 28 0.279236
840 14 133 28 28 0.313979
840 21 133 28 28 1.786736
840 112 119 28 28 2.957774
840 112 126 28 28 6.888090
840 112 133 28 28 2.828748
840 119 119 28 28 0.417752
840 119 126 28 28 2.550092
840 119 133 28 28 2.150980
840 154 126 28 28 3.189368
840 224 119 28 28 0.948145
840 350 112 28 28 4.359292
840 350 119 28 28 1.567728
840 357 112 28 28 3.017695
840 357 119 28 28 0.638882
840 462 224 28 28 1.403130
840 462 238 28 28 1.999876
840 469 119 28 28 1.183044
840 469 224 28 28 1.119401
840 0 96 24 24 2.127625
840 6 96 24 24 1.840472
840 12 96 24 24 4.317479
840 18 84 24 24 1.711658
840 18 96 24 24 2.289484
840 390 108 24 24 0.903574
840 390 114 24 24 3.019381
840 396 102 24 24 4.425816
840 396 108 24 24 3.627355
840 396 114 24 24 4.280846
840 402 102 24 24 0.862561
840 402 108 24 24 0.793909
840 402 114 24 24 3.579417
870 48 16 64 64 1.300479
870 288 48 64 64 3.345965
870 352 48 64 64 2.589763
870 396 0 48 48 2.598816
870 396 12 48 48 0.086406
870 408 0 48 48 0.577571
870 396 0 48 48 2.598816
870 396 12 48 48 0.086406
870 408 0 48 48 0.577571
870 374 33 44 44 0.049020
870 350 140 40 40 4.759537
870 0 126 36 36 4.014147
870 9 126 36 36 1.795682
870 216 144 36 36 1.749840
870 216 153 36 36 4.840387
870 288 153 36 36 0.072783
870 432 27 36 36 2.976020
870 8 136 32 32 1.628039
870 16 128 32 32 2.917264
870 16 136 32 32 5.039847
870 16 144 32 32 1.671939
870 128 112 32 32 5.388410
870 136 112 32 32 1.854620
870 384 112 32 32 5.152492
870 384 152 32 32 1.660633
870 392 112 32 32 4.848501
870 112 119 28 28 0.264424
870 112 126 28 28 2.985800
870 119 119 28 28 1.416981
870 119 126 28 28 3.259938
870 126 119 28 28 2.321897
870 126 126 28 28 3.049231
870 126 133 28 28 0.756160
870 350 112 28 28 2.133316
870 357 112 28 28 5.165556
870 455 0 28 28 1.875987
870 455 7 28 28 0.525881
870 455 14 28 28 0.326827
870 0 84 24 24 0.180776
870 384 192 24 24 4.772785
870 390 192 24 24 3.858262
870 390 198 24 24 1.930722
870 396 84 24 24 0.285619
870 396 192 24 24 4.641194
870 396 198 24 24 3.255581
870 402 84 24 24 1.333659
870 402 102 24 24 1.653549
870 402 114 24 24 3.346056
870 402 192 24 24 2.634365
870 486 198 24 24 1.756686
870 486 204 24 24 1.490567
870 492 192 24 24 1.430538
870 492 198 24 24 2.137166
870 492 204 24 24 0.819428
900 288 32 64 64 1.809111
900 384 24 48 48 2.482347
900 384 36 48 48 2.310482
900 384 24 48 48 2.482347
900 384 36 48 48 2.310482
900 374 33 44 44 0.196275
900 385 33 44 44 2.498896
900 216 144 36 36 1.584677
900 216 153 36 36 1.924195
900 112 119 28 28 3.783312
900 112 126 28 28 2.593172
900 119 119 28 28 3.746263
900 119 126 28 28 4.089515
900 119 133 28 28 1.674998
900 126 119 28 28 1.313627
900 126 126 28 28 2.151637
900 245 21 28 28 2.949963
900 357 119 28 28 0.142431
900 108 102 24 24 1.540001
900 108 108 24 24 1.626690
900 390 114 24 24 0.093899
900 396 114 24 24 0.738933
930 352 0 64 64 2.879880
930 352 16 64 64 4.537124
930 352 32 64 64 3.602871
930 352 48 64 64 2.974064
930 384 24 48 48 5.173897
930 384 36 48 48 5.858899
930 396 12 48 48 4.214919
930 396 24 48 48 6.239779
930 396 36 48 48 7.014714
930 408 0 48 48 3.656708
930 408 12 48 48 4.827132
930 408 24 48 48 4.564132
930 408 36 48 48 6.790156
930 420 0 48 48 1.212443
930 420 12 48 48 1.062714
930 420 24 48 48 0.663991
930 420 36 48 48 4.286828
930 384 24 48 48 5.173897
930 384 36 48 48 5.858899
930 396 12 48 48 4.214919
930 396 24 48 48 6.239779
930 396 36 48 48 7.014714
930 408 0 48 48 3.656708
930 408 12 48 48 4.827132
930 408 24 48 48 4.564132
930 408 36 48 48 6.790156
930 420 0 48 48 1.212443
930 420 12 48 48 1.062714
930 420 24 48 48 0.663991
930 420 36 48 48 4.286828
930 220 140 40 40 0.179936
930 432 18 36 36 2.580721
930 432 27 36 36 2.171579
930 441 0 36 36 1.038172
930 441 9 36 36 2.793492
930 441 18 36 36 7.973712
930 441 27 36 36 5.250046
930 450 0 36 36 2.988156
930 450 9 36 36 4.421636
930 450 18 36 36 4.009644
930 459 0 36 36 8.076654
930 459 9 36 36 3.409966
930 459 18 36 36 0.338031
930 245 7 28 28 2.488711
930 469 21 28 28 0.571728
930 12 84 24 24 0.873031
930 18 84 24 24 1.089305
930 18 96 24 24 3.264434
930 96 96 24 24 2.569063
930 396 192 24 24 1.600307
930 396 198 24 24 1.399719
930 402 192 24 24 1.311122
930 402 198 24 24 2.820405
930 402 204 24 24 1.131939
930 486 0 24 24 3.932649
930 486 6 24 24 4.877945
930 486 12 24 24 2.767464
930 486 18 24 24 2.443278
930 492 0 24 24 1.198159
930 492 6 24 24 0.962233
960 0 32 64 64 2.279735
960 16 16 64 64 3.952805
960 16 32 64 64 3.036155
960 32 16 64 64 3.665122
960 32 32 64 64 2.068735
960 352 0 64 64 2.848895
960 396 36 48 48 0.378869
960 420 36 48 48 4.182577
960 396 36 48 48 0.378869
960 420 36 48 48 4.182577
960 220 140 40 40 1.861427
960 306 153 36 36 1.279244
960 315 153 36 36 2.515776
960 154 119 28 28 1.355521
960 154 126 28 28 4.283406
960 448 21 28 28 0.823441
960 448 126 28 28 1.552254
960 448 133 28 28 1.744042
960 455 119 28 28 1.499161
960 455 126 28 28 5.585654
960 455 133 28 28 6.798133
960 462 98 28 28 0.272700
960 462 112 28 28 0.598576
960 462 119 28 28 1.088897
960 462 126 28 28 2.090704
960 462 133 28 28 0.529053
960 469 119 28 28 0.611063
960 384 96 24 24 0.215716
960 402 84 24 24 0.766646
960 480 6 24 24 0.733999
960 486 0 24 24 1.442497
960 486 6 24 24 1.280709
960 486 114 24 24 0.536685
960 492 6 24 24 0.203230
960 492 114 24 24 3.146308
960 498 12 24 24 1.401950
960 498 114 24 24 2.980571
990 0 16 64 64 4.245326
990 0 32 64 64 4.696639
990 0 48 64 64 1.133159
990 16 16 64 64 2.358552
990 32 0 64 64 4.523784
990 32 16 64 64 2.890617
990 48 0 64 64 4.945364
990 48 16 64 64 4.663321
990 288 48 64 64 0.845161
990 352 0 64 64 2.373762
990 352 16 64 64 5.474863
990 352 32 64 64 1.114447
990 384 24 48 48 1.815917
990 384 36 48 48 2.520723
990 396 24 48 48 3.398538
990 396 36 48 48 5.234684
990 408 12 48 48 0.669376
990 408 24 48 48 3.558163
990 408 36 48 48 2.051252
990 420 12 48 48 1.031935
990 420 24 48 48 3.866112
990 420 36 48 48 0.962765
990 384 24 48 48 1.815917
990 384 36 48 48 2.520723
990 396 24 48 48 3.398538
990 396 36 48 48 5.234684
990 408 12 48 48 0.669376
990 408 24 48 48 3.558163
990 408 36 48 48 2.051252
990 420 12 48 48 1.031935
990 420 24 48 48 3.866112
990 420 36 48 48 0.962765
990 374 154 44 44 3.059126
990 385 154 44 44 0.316407
990 306 153 36 36 0.265839
990 459 0 36 36 1.028041
990 0 112 32 32 0.542477
990 0 128 32 32 2.690128
990 0 136 32 32 3.280926
990 8 128 32 32 3.370680
990 128 112 32 32 3.533543
990 136 112 32 32 2.136210
990 408 24 32 32 0.483767
990 7 119 28 28 1.311447
990 119 126 28 28 5.791946
990 126 119 28 28 3.849442
990 126 126 28 28 7.456108
990 448 21 28 28 0.311343
990 448 133 28 28 2.445390
990 469 0 28 28 0.048383
990 18 84 24 24 1.612169
990 384 108 24 24 8.688231
990 384 114 24 24 1.800835
990 390 84 24 24 0.191564
990 390 102 24 24 3.935137
990 390 108 24 24 6.426751
990 396 102 24 24 3.802641
990 396 108 24 24 6.141877
990 402 84 24 24 3.741502
990 492 0 24 24 0.757046
990 492 6 24 24 1.322424
990 492 12 24 24 0.721361
990 492 18 24 24 1.295045
990 498 0 24 24 0.918747
990 498 6 24 24 0.891835
990 498 12 24 24 0.005017
990 498 18 24 24 0.208237
1020 0 0 64 64 2.763679
1020 0 16 64 64 0.564066
1020 16 0 64 64 3.689339
1020 16 16 64 64 2.414379
1020 32 0 64 64 1.463305
1020 32 16 64 64 1.352181
1020 272 48 64 64 1.003978
1020 352 33 44 44 0.660440
1020 220 140 40 40 3.491621
1020 350 30 40 40 1.385213
1020 408 24 32 32 1.433578
1020 112 119 28 28 4.203501
1020 112 126 28 28 0.132300
1020 119 112 28 28 2.406544
1020 119 119 28 28 7.582125
1020 119 126 28 28 2.142081
1020 126 119 28 28 5.284788
1020 448 0 28 28 3.475047
1020 448 7 28 28 1.657017
1020 448 224 28 28 1.314807
1020 455 0 28 28 1.897353
1020 455 224 28 28 4.053008
1020 455 231 28 28 0.692500
1020 462 224 28 28 4.970942
1020 462 231 28 28 1.913631
1020 469 224 28 28 3.820432
1020 469 231 28 28 2.741291
1020 384 96 24 24 8.430035
1020 384 102 24 24 9.724781
1020 384 108 24 24 1.927782
1020 390 84 24 24 0.972766
1020 390 96 24 24 5.674520
1020 390 102 24 24 7.570818
1020 390 108 24 24 3.193484
1020 390 192 24 24 1.457744
1020 396 102 24 24 4.588133
1020 396 108 24 24 2.451146
1020 396 192 24 24 1.903933
1020 396 198 24 24 1.443548
1020 402 198 24 24 1.701728
1020 402 204 24 24 1.370214
1020 480 6 24 24 3.766557
1050 16 0 64 64 2.055073
1050 16 16 64 64 1.385729
1050 32 0 64 64 0.236207
1050 256 48 64 64 1.533728
1050 288 48 64 64 0.855015
1050 352 11 44 44 8.785314
1050 352 22 44 44 2.583267
1050 363 11 44 44 7.477880
1050 363 22 44 44 4.922624
1050 374 11 44 44 4.613384
1050 374 22 44 44 1.581316
1050 385 0 44 44 0.027422
1050 385 11 44 44 2.783176
1050 432 0 36 36 4.340308
1050 16 112 32 32 0.020692
1050 24 112 32 32 0.576055
1050 384 24 32 32 2.484017
1050 408 8 32 32 0.936135
1050 408 16 32 32 0.368588
1050 0 133 28 28 1.463916
1050 7 133 28 28 0.560526
1050 14 133 28 28 0.619403
1050 21 126 28 28 0.219112
1050 112 112 28 28 3.107218
1050 112 119 28 28 1.221051
1050 119 112 28 28 3.044070
1050 126 112 28 28 0.500759
1050 168 119 28 28 0.874314
1050 168 126 28 28 0.696831
1050 448 0 28 28 0.954997
1050 448 7 28 28 5.739405
1050 448 14 28 28 7.812300
1050 448 21 28 28 1.733748
1050 455 0 28 28 3.587928
1050 455 7 28 28 6.035881
1050 455 14 28 28 5.607726
1050 462 0 28 28 0.652304
1050 462 98 28 28 0.096779
1050 462 224 28 28 1.835195
1050 469 224 28 28 0.651008
1050 12 18 24 24 0.146214
1050 132 114 24 24 4.453997
1050 384 192 24 24 3.390129
1050 384 198 24 24 1.366242
1050 390 192 24 24 0.856325
1050 396 84 24 24 2.816599
1050 402 84 24 24 1.690177
1050 402 96 24 24 2.220666
1050 480 108 24 24 1.597312
1050 498 102 24 24 1.031383
1050 498 108 24 24 0.997697
1050 498 114 24 24 3.795630
1080 0 0 64 64 1.286016
1080 0 16 64 64 0.893286
1080 16 16 64 64 0.909291
1080 256 48 64 64 3.928249
1080 272 48 64 64 1.787677
1080 384 0 48 48 2.754764
1080 396 0 48 48 3.266469
1080 408 0 48 48 0.345981
1080 384 0 48 48 2.754764
1080 396 0 48 48 3.266469
1080 408 0 48 48 0.345981
1080 363 0 44 44 0.315629
1080 363 11 44 44 1.065914
1080 374 0 44 44 4.771071
1080 374 11 44 44 4.027581
1080 385 0 44 44 2.320790
1080 385 11 44 44 4.518973
1080 432 0 36 36 1.818378
1080 432 18 36 36 0.681295
1080 112 112 28 28 1.970582
1080 112 119 28 28 0.498460
1080 154 119 28 28 0.586076
1080 455 14 28 28 0.206080
1080 455 21 28 28 1.203649
1080 462 0 28 28 2.527622
1080 462 7 28 28 5.133729
1080 462 14 28 28 4.881651
1080 462 21 28 28 4.665377
1080 469 0 28 28 2.092869
1080 469 7 28 28 2.360712
1080 469 14 28 28 1.810545
1080 469 21 28 28 0.698038
1080 108 114 24 24 1.871370
1080 132 114 24 24 0.195899
1080 390 192 24 24 2.193753
1080 396 192 24 24 2.523313
1080 402 192 24 24 3.281011
1080 480 18 24 24 3.003937
1080 480 102 24 24 2.488456
1080 480 108 24 24 1.421881
1080 486 96 24 24 4.462932
1080 486 102 24 24 4.567501
1080 486 108 24 24 0.646369
1080 492 96 24 24 5.281806
1080 492 102 24 24 6.771735
1080 492 108 24 24 1.711668
1080 498 102 24 24 3.545301
1080 498 108 24 24 0.918385
1110 256 48 64 64 2.158223
1110 272 48 64 64 3.657194
1110 288 48 64 64 1.167256
1110 352 32 64 64 3.626797
1110 352 48 64 64 3.253900
1110 420 168 48 48 1.575466
1110 420 168 48 48 1.575466
1110 363 0 44 44 0.055879
1110 374 0 44 44 5.059299
1110 374 11 44 44 0.724827
1110 374 154 44 44 3.015726
1110 385 0 44 44 0.744878
1110 385 22 44 44 0.199639
1110 385 154 44 44 0.645852
1110 220 140 40 40 2.192172
1110 441 18 36 36 5.097194
1110 441 27 36 36 3.767503
1110 450 18 36 36 3.830509
1110 450 27 36 36 2.917548
1110 0 112 32 32 2.168283
1110 16 112 32 32 2.627214
1110 384 152 32 32 2.221577
1110 392 16 32 32 1.326097
1110 400 16 32 32 0.133427
1110 408 152 32 32 0.485483
1110 0 119 28 28 4.692948
1110 0 126 28 28 6.563962
1110 0 133 28 28 6.410543
1110 7 119 28 28 0.805183
1110 7 126 28 28 2.119404
1110 7 133 28 28 3.339088
1110 14 133 28 28 1.156940
1110 21 126 28 28 1.961685
1110 21 133 28 28 2.289617
1110 112 112 28 28 1.897548
1110 154 119 28 28 0.171638
1110 154 126 28 28 1.500201
1110 350 126 28 28 0.402318
1110 6 84 24 24 2.651074
1110 12 84 24 24 0.842051
1110 18 84 24 24 1.366549
1110 108 114 24 24 4.325420
1110 402 192 24 24 5.789145
1110 492 84 24 24 4.449591
1110 498 0 24 24 3.248517
1110 498 6 24 24 4.298805
1110 498 12 24 24 10.847539
1110 498 18 24 24 8.527626
1110 498 84 24 24 4.443282
1140 272 48 64 64 0.271532
1140 288 48 64 64 2.114358
1140 396 0 48 48 1.477215
1140 408 36 48 48 1.200044
1140 420 36 48 48 1.354074
1140 396 0 48 48 1.477215
1140 408 36 48 48 1.200044
1140 420 36 48 48 1.354074
1140 432 18 36 36 3.335040
1140 432 27 36 36 5.500093
1140 432 162 36 36 6.847141
1140 432 171 36 36 3.888024
1140 441 27 36 36 1.530807
1140 441 162 36 36 0.889095
1140 441 171 36 36 1.145599
1140 0 112 32 32 8.073585
1140 0 128 32 32 4.842422
1140 8 112 32 32 1.763412
1140 8 128 32 32 0.894387
1140 392 16 32 32 0.604197
1140 392 24 32 32 0.892726
1140 0 126 28 28 2.360299
1140 0 133 28 28 2.951328
1140 7 126 28 28 4.605211
1140 7 133 28 28 7.546022
1140 14 126 28 28 1.548808
1140 14 133 28 28 3.670449
1140 21 133 28 28 2.302905
1140 119 98 28 28 1.100485
1140 126 98 28 28 1.430860
1140 12 84 24 24 1.851910
1140 18 84 24 24 0.686063
1140 132 108 24 24 3.539490
1140 132 114 24 24 6.655901
1140 396 192 24 24 2.515415
1170 0 48 64 64 0.118911
1170 0 12 48 48 2.988518
1170 0 12 48 48 2.988518
1170 0 22 44 44 1.539477
1170 11 0 44 44 1.065877
1170 11 22 44 44 2.318766
1170 0 288 36 36 1.521104
1170 0 264 32 32 0.787497
1170 0 272 32 32 1.756666
1170 8 264 32 32 1.520367
1170 8 272 32 32 2.318292
1170 8 280 32 32 1.944761
1170 16 264 32 32 0.952459
1170 16 272 32 32 1.971406
1170 24 144 32 32 1.950609
1170 192 112 32 32 2.444498
1170 192 128 32 32 0.104188
1170 112 245 28 28 2.897187
1170 119 238 28 28 0.477018
1170 119 245 28 28 4.807666
1170 126 238 28 28 0.214096
1170 126 245 28 28 5.581444
1170 154 112 28 28 1.251857
1170 224 112 28 28 3.114950
1170 0 102 24 24 0.673592
1170 6 102 24 24 4.474760
1170 12 96 24 24 1.090876
1170 12 102 24 24 2.836089
1170 18 96 24 24 0.188256
1170 108 84 24 24 2.445168
1200 0 0 64 64 0.547926
1200 0 16 64 64 2.843012
1200 16 16 64 64 2.987227
1200 16 32 64 64 1.791839
1200 16 48 64 64 0.247213
1200 32 0 64 64 4.410097
1200 32 16 64 64 4.765531
1200 48 0 64 64 2.849413
1200 48 16 64 64 1.593725
1200 192 12 48 48 0.392960
1200 192 24 48 48 5.870120
1200 192 36 48 48 2.490499
1200 204 24 48 48 3.365912
1200 192 12 48 48 0.392960
1200 192 24 48 48 5.870120
1200 192 36 48 48 2.490499
1200 204 24 48 48 3.365912
1200 176 22 44 44 0.611945
1200 187 22 44 44 1.709719
1200 187 33 44 44 4.754003
1200 198 22 44 44 0.723804
1200 198 33 44 44 8.376132
1200 20 160 40 40 0.015592
1200 30 160 40 40 0.674556
1200 18 153 36 36 0.062374
1200 27 153 36 36 1.756097
1200 27 162 36 36 4.336998
1200 459 153 36 36 0.074365
1200 459 162 36 36 2.351040
1200 459 171 36 36 3.736142
1200 264 136 32 32 3.939578
1200 264 144 32 32 3.110907
1200 264 152 32 32 2.535478
1200 272 128 32 32 0.403905
1200 272 136 32 32 1.155859
1200 272 144 32 32 2.708670
1200 272 152 32 32 0.660043
1200 272 256 32 32 2.282671
1200 272 264 32 32 1.756918
1200 280 144 32 32 1.577129
1200 280 152 32 32 0.678363
1200 280 256 32 32 4.730929
1200 280 264 32 32 3.219810
1200 14 21 28 28 1.869671
1200 112 126 28 28 2.953692
1200 112 133 28 28 2.457156
1200 119 119 28 28 0.346212
1200 119 126 28 28 1.310580
1200 0 0 24 24 1.419274
1200 0 6 24 24 1.705687
1200 0 12 24 24 2.073864
1200 0 192 24 24 0.510791
1200 0 198 24 24 4.162587
1200 0 204 24 24 5.131914
1200 0 210 24 24 3.136546
1200 12 0 24 24 1.379236
1200 12 6 24 24 3.116779
1200 18 0 24 24 5.312982
1200 18 6 24 24 0.275443
1200 198 84 24 24 0.115799
1200 204 96 24 24 1.238998
1200 210 84 24 24 2.187164
1200 210 96 24 24 1.318345
1200 288 288 24 24 1.962263
1200 288 294 24 24 2.605867
1200 288 300 24 24 0.208085
1200 480 198 24 24 1.711061
1200 486 198 24 24 1.142586
1200 486 204 24 24 2.632470
1200 492 192 24 24 0.942883
1200 492 198 24 24 1.947645
1200 492 204 24 24 1.944452
1200 498 192 24 24 0.668862
1200 498 198 24 24 1.184664
1230 0 0 64 64 4.928514
1230 0 16 64 64 3.145164
1230 16 0 64 64 1.690104
1230 256 16 64 64 1.804280
1230 256 32 64 64 1.709113
1230 272 16 64 64 0.190503
1230 36 0 48 48 0.613129
1230 36 0 48 48 0.613129
1230 0 0 44 44 4.566685
1230 0 11 44 44 1.659885
1230 11 0 44 44 0.901507
1230 11 154 44 44 0.172169
1230 22 154 44 44 3.004460
1230 33 154 44 44 2.438513
1230 0 0 40 40 6.506154
1230 0 10 40 40 4.472205
1230 0 20 40 40 3.878280
1230 0 30 40 40 1.203633
1230 10 0 40 40 6.659045
1230 10 10 40 40 4.785473
1230 10 20 40 40 1.400105
1230 20 0 40 40 4.124125
1230 20 10 40 40 1.453488
1230 30 160 40 40 3.780856
1230 0 9 36 36 2.761034
1230 0 18 36 36 5.344962
1230 0 27 36 36 5.300334
1230 9 0 36 36 2.241056
1230 9 9 36 36 6.255069
1230 9 18 36 36 4.348969
1230 9 27 36 36 4.362339
1230 18 0 36 36 2.659908
1230 18 9 36 36 6.282676
1230 18 18 36 36 3.672886
1230 18 27 36 36 0.279387
1230 27 0 36 36 2.182517
1230 27 9 36 36 3.328890
1230 27 18 36 36 1.322635
1230 144 126 36 36 3.064785
1230 162 126 36 36 3.670706
1230 198 126 36 36 0.227050
1230 216 126 36 36 1.258958
1230 288 126 36 36 4.200941
1230 297 126 36 36 0.396146
1230 306 126 36 36 1.963786
1230 315 126 36 36 0.589726
1230 0 0 32 32 1.615815
1230 0 24 32 32 4.608852
1230 8 0 32 32 2.229009
1230 8 24 32 32 4.539329
1230 16 0 32 32 2.640924
1230 16 16 32 32 1.090985
1230 16 24 32 32 3.823810
1230 24 0 32 32 3.633912
1230 24 8 32 32 0.379033
1230 24 16 32 32 2.264086
1230 24 24 32 32 4.195619
1230 144 128 32 32 1.269653
1230 176 128 32 32 1.143774
1230 176 136 32 32 1.852679
1230 192 128 32 32 2.039081
1230 192 136 32 32 0.548542
1230 256 136 32 32 0.955308
1230 0 0 28 28 0.263885
1230 0 7 28 28 0.618348
1230 7 7 28 28 1.923319
1230 14 0 28 28 0.672543
1230 14 7 28 28 2.065993
1230 14 14 28 28 2.342210
1230 21 0 28 28 1.000845
1230 21 7 28 28 4.106517
1230 343 133 28 28 0.867551
1230 350 126 28 28 0.115066
1230 350 133 28 28 1.030971
1230 357 119 28 28 1.776839
1230 357 126 28 28 1.623124
1230 357 133 28 28 2.442108
1230 132 192 24 24 0.281094
1230 132 198 24 24 5.644603
1230 132 204 24 24 7.769466
1230 132 210 24 24 4.027171
1230 144 0 24 24 0.128928
1230 144 192 24 24 0.841890
1230 144 198 24 24 1.643815
1230 144 204 24 24 0.455033
1230 306 84 24 24 0.122554
1230 384 108 24 24 4.203558
1230 390 108 24 24 1.935275
1230 402 102 24 24 2.103514
1230 402 108 24 24 0.196051
1230 486 102 24 24 1.844241
1230 492 102 24 24 0.154332
1260 256 16 64 64 0.208318
1260 256 32 64 64 5.776483
1260 256 48 64 64 2.914705
1260 272 16 64 64 0.642277
1260 272 32 64 64 6.020247
1260 272 48 64 64 3.802566
1260 288 16 64 64 1.143923
1260 288 32 64 64 6.628409
1260 288 48 64 64 2.703058
1260 352 32 64 64 2.030228
1260 0 176 44 44 0.623191
1260 187 154 44 44 1.428688
1260 0 180 40 40 0.256085
1260 0 190 40 40 0.430491
1260 180 180 40 40 0.630434
1260 220 0 40 40 0.611569
1260 9 0 36 36 3.205179
1260 18 0 36 36 0.536526
1260 198 162 36 36 0.645458
1260 198 171 36 36 0.351299
1260 288 126 36 36 4.571093
1260 297 126 36 36 3.405214
1260 306 0 36 36 0.045079
1260 306 126 36 36 1.761067
1260 315 126 36 36 0.715866
1260 450 126 36 36 1.923117
1260 459 126 36 36 4.789999
1260 8 8 32 32 0.151490
1260 16 0 32 32 0.207261
1260 16 8 32 32 4.300448
1260 24 8 32 32 0.666367
1260 256 136 32 32 0.589715
1260 264 136 32 32 0.868108
1260 272 24 32 32 2.199819
1260 272 136 32 32 1.722565
1260 392 128 32 32 4.224391
1260 392 136 32 32 2.682763
1260 400 128 32 32 9.230626
1260 400 136 32 32 6.316018
1260 400 144 32 32 0.372534
1260 408 128 32 32 4.132782
1260 408 136 32 32 5.260757
1260 0 231 28 28 4.315698
1260 0 238 28 28 4.407345
1260 0 245 28 28 2.564165
1260 7 224 28 28 2.094553
1260 7 231 28 28 5.242960
1260 7 238 28 28 5.734254
1260 7 245 28 28 2.254580
1260 14 21 28 28 0.004083
1260 14 231 28 28 4.968972
1260 14 238 28 28 5.477082
1260 14 245 28 28 0.650322
1260 21 14 28 28 0.666730
1260 21 21 28 28 4.318839
1260 21 238 28 28 0.257173
1260 119 224 28 28 1.130838
1260 126 224 28 28 3.404686
1260 448 133 28 28 0.521821
1260 469 133 28 28 3.948401
1260 108 0 24 24 0.164935
1260 144 210 24 24 0.392973
1260 204 210 24 24 1.026164
1260 210 108 24 24 0.126453
1260 210 204 24 24 1.001015
1260 210 210 24 24 4.705431
1290 256 16 64 64 0.365526
1290 256 32 64 64 5.321272
1290 256 48 64 64 2.183203
1290 272 16 64 64 0.382677
1290 272 32 64 64 5.167247
1290 272 48 64 64 1.376428
1290 288 16 64 64 2.065355
1290 288 32 64 64 7.669433
1290 288 48 64 64 1.836754
1290 352 32 64 64 2.823356
1290 192 168 48 48 3.267076
1290 192 168 48 48 3.267076
1290 176 33 44 44 4.419613
1290 176 176 44 44 4.354671
1290 187 33 44 44 1.100807
1290 187 176 44 44 5.910880
1290 198 154 44 44 3.384919
1290 198 176 44 44 4.462121
1290 170 190 40 40 0.546868
1290 180 170 40 40 0.102079
1290 180 180 40 40 4.198328
1290 180 190 40 40 4.477292
1290 220 170 40 40 0.498066
1290 198 171 36 36 0.497703
1290 216 162 36 36 1.999243
1290 216 171 36 36 4.662468
1290 288 126 36 36 3.309824
1290 306 0 36 36 0.217985
1290 306 126 36 36 3.671156
1290 315 0 36 36 2.447446
1290 315 126 36 36 5.203176
1290 432 126 36 36 3.863611
1290 441 27 36 36 1.280132
1290 441 126 36 36 4.137386
1290 450 126 36 36 0.974379
1290 256 16 32 32 2.418665
1290 264 128 32 32 1.509001
1290 264 136 32 32 3.499290
1290 264 144 32 32 1.949612
1290 272 128 32 32 0.755572
1290 272 136 32 32 2.079158
1290 112 7 28 28 5.759085
1290 112 14 28 28 7.175334
1290 112 21 28 28 2.705229
1290 112 231 28 28 2.503601
1290 112 238 28 28 4.367030
1290 112 245 28 28 2.980210
1290 119 7 28 28 5.599047
1290 119 14 28 28 8.803147
1290 119 21 28 28 1.844335
1290 119 231 28 28 1.518144
1290 119 238 28 28 1.725439
1290 126 7 28 28 0.091048
1290 126 14 28 28 0.990512
1290 168 14 28 28 2.085655
1290 168 21 28 28 5.856961
1290 224 224 28 28 1.008658
1290 336 21 28 28 1.052589
1290 336 133 28 28 0.558963
1320 0 16 64 64 2.571660
1320 0 32 64 64 2.206372
1320 16 32 64 64 1.664058
1320 32 32 64 64 1.855887
1320 48 32 64 64 1.746089
1320 256 16 64 64 3.847850
1320 256 32 64 64 2.328389
1320 272 16 64 64 1.083229
1320 272 32 64 64 0.747161
1320 288 32 64 64 0.098905
1320 0 168 48 48 3.609531
1320 0 192 48 48 3.680954
1320 12 168 48 48 6.140143
1320 12 192 48 48 2.739146
1320 12 204 48 48 1.733075
1320 24 168 48 48 6.732936
1320 24 192 48 48 1.251413
1320 36 168 48 48 5.677121
1320 0 168 48 48 3.609531
1320 0 192 48 48 3.680954
1320 12 168 48 48 6.140143
1320 12 192 48 48 2.739146
1320 12 204 48 48 1.733075
1320 24 168 48 48 6.732936
1320 24 192 48 48 1.251413
1320 36 168 48 48 5.677121
1320 0 176 44 44 2.844999
1320 0 187 44 44 5.375220
1320 0 198 44 44 4.412268
1320 0 209 44 44 0.738298
1320 11 176 44 44 5.267203
1320 11 187 44 44 6.195959
1320 11 198 44 44 4.633440
1320 11 209 44 44 3.781776
1320 22 176 44 44 6.882504
1320 22 187 44 44 6.891449
1320 22 198 44 44 2.945667
1320 22 209 44 44 2.307390
1320 33 154 44 44 3.857626
1320 33 176 44 44 7.017476
1320 33 187 44 44 5.685027
1320 33 198 44 44 2.138427
1320 0 190 40 40 0.154494
1320 10 190 40 40 2.375540
1320 20 180 40 40 1.459122
1320 20 190 40 40 5.331287
1320 30 180 40 40 5.252143
1320 30 190 40 40 6.599716
1320 320 0 40 40 0.371316
1320 320 10 40 40 0.545256
1320 330 20 40 40 0.090705
1320 198 126 36 36 0.681931
1320 297 126 36 36 0.918046
1320 306 27 36 36 0.164952
1320 306 126 36 36 2.246810
1320 315 126 36 36 1.527493
1320 432 126 36 36 1.825048
1320 441 126 36 36 4.895694
1320 450 126 36 36 0.236641
1320 176 0 32 32 3.509120
1320 192 128 32 32 0.177179
1320 256 136 32 32 2.421145
1320 256 144 32 32 2.392758
1320 256 152 32 32 0.886973
1320 384 112 32 32 1.083306
1320 384 128 32 32 3.886556
1320 384 136 32 32 0.800086
1320 392 112 32 32 3.258733
1320 392 128 32 32 4.707642
1320 392 136 32 32 1.828115
1320 400 112 32 32 1.884653
1320 400 128 32 32 3.020955
1320 400 136 32 32 0.274766
1320 408 112 32 32 0.911900
1320 408 128 32 32 3.328820
1320 408 136 32 32 0.163088
1320 7 0 28 28 1.057960
1320 14 0 28 28 7.561592
1320 14 7 28 28 0.644156
1320 21 0 28 28 3.669862
1320 119 7 28 28 0.239749
1320 224 133 28 28 2.650795
1320 448 98 28 28 2.695693
1320 448 119 28 28 2.938511
1320 448 126 28 28 3.864863
1320 448 133 28 28 2.851676
1320 455 119 28 28 1.445155
1320 455 126 28 28 2.522547
1320 455 133 28 28 3.201640
1320 18 6 24 24 0.059094
1320 18 12 24 24 3.168760
1320 18 18 24 24 0.210694
1320 96 192 24 24 1.516008
1320 102 192 24 24 1.746320
1320 108 12 24 24 2.965657
1320 402 114 24 24 0.079756
1350 0 16 64 64 3.757363
1350 0 32 64 64 5.991758
1350 0 48 64 64 2.030500
1350 16 16 64 64 4.884218
1350 16 32 64 64 6.926275
1350 16 48 64 64 0.574959
1350 32 16 64 64 4.938408
1350 32 32 64 64 3.302372
1350 48 16 64 64 2.433413
1350 363 187 44 44 2.617885
1350 160 0 40 40 0.844287
1350 160 30 40 40 0.817149
1350 170 10 40 40 0.515910
1350 27 126 36 36 0.985630
1350 144 18 36 36 3.490576
1350 144 27 36 36 2.884585
1350 144 126 36 36 0.898407
1350 153 27 36 36 2.591774
1350 162 9 36 36 0.376859
1350 162 18 36 36 2.354857
1350 162 27 36 36 2.300921
1350 432 144 36 36 2.315107
1350 441 144 36 36 1.665634
1350 176 128 32 32 1.396348
1350 256 112 32 32 1.276534
1350 256 128 32 32 0.253530
1350 264 112 32 32 2.033319
1350 264 128 32 32 3.094214
1350 272 112 32 32 3.554261
1350 272 128 32 32 2.573014
1350 280 112 32 32 5.329170
1350 400 144 32 32 0.286738
1350 400 152 32 32 3.727979
1350 408 144 32 32 4.470531
1350 408 152 32 32 4.154686
1350 408 256 32 32 0.700183
1350 231 112 28 28 3.203160
1350 231 119 28 28 2.036917
1350 238 98 28 28 0.401053
1350 238 112 28 28 5.302020
1350 238 119 28 28 1.562756
1350 238 133 28 28 0.606536
1350 245 112 28 28 1.062948
1350 245 133 28 28 2.713866
1350 343 98 28 28 2.371264
1350 357 98 28 28 1.128627
1350 210 6 24 24 0.469956
1350 300 114 24 24 1.388429
1350 306 102 24 24 0.550313
1350 306 108 24 24 2.444126
1350 306 114 24 24 4.173990
1380 0 16 64 64 1.155014
1380 0 32 64 64 1.348984
1380 16 16 64 64 0.764505
1380 16 32 64 64 0.951197
1380 32 32 64 64 1.031227
1380 32 48 64 64 0.572383
1380 48 32 64 64 1.574316
1380 48 48 64 64 3.600038
1380 0 0 44 44 1.830559
1380 22 0 44 44 0.074838
1380 242 209 44 44 1.247120
1380 0 10 40 40 1.278341
1380 0 20 40 40 0.310645
1380 10 0 40 40 0.886465
1380 10 10 40 40 1.640934
1380 20 10 40 40 2.246150
1380 20 20 40 40 0.508698
1380 30 10 40 40 0.702669
1380 0 18 36 36 1.723752
1380 0 126 36 36 0.096595
1380 18 9 36 36 1.482917
1380 18 18 36 36 2.030313
1380 27 9 36 36 0.671870
1380 27 18 36 36 2.937293
1380 27 27 36 36 2.924675
1380 216 126 36 36 2.204769
1380 0 128 32 32 1.182370
1380 0 136 32 32 1.356932
1380 8 24 32 32 1.059212
1380 24 16 32 32 2.251220
1380 24 24 32 32 2.032655
1380 136 144 32 32 2.684784
1380 144 144 32 32 2.361461
1380 256 264 32 32 1.155310
1380 264 8 32 32 0.238166
1380 264 152 32 32 1.182009
1380 264 264 32 32 1.283120
1380 264 272 32 32 1.418614
1380 272 152 32 32 4.043843
1380 280 152 32 32 1.223388
1380 14 133 28 28 0.116514
1380 112 133 28 28 0.252624
1380 119 126 28 28 0.350611
1380 119 133 28 28 2.177949
1380 154 98 28 28 1.453725
1380 168 98 28 28 1.397311
1380 96 102 24 24 1.851497
1380 102 102 24 24 2.641177
1380 102 108 24 24 1.249553
1380 102 114 24 24 0.783260
1380 108 102 24 24 0.285377
1380 144 114 24 24 2.666620
1380 192 84 24 24 1.560483
1380 192 96 24 24 1.424242
1380 288 192 24 24 0.747906
1380 288 198 24 24 0.559330
1380 288 204 24 24 0.235144
1380 288 210 24 24 1.798848
1380 288 294 24 24 0.311129
1380 288 300 24 24 2.886813
1380 288 306 24 24 1.833360
1380 294 192 24 24 0.622660
1380 294 198 24 24 0.190973
1380 294 210 24 24 2.408960
1380 294 300 24 24 2.687648
1380 294 306 24 24 3.066426
1380 300 306 24 24 1.731280
1410 352 16 64 64 1.122670
1410 352 32 64 64 0.241505
1410 0 0 44 44 2.125988
1410 0 11 44 44 1.666242
1410 9 27 36 36 0.758842
1410 198 144 36 36 0.384772
1410 432 126 36 36 0.154081
1410 128 152 32 32 2.375653
1410 21 98 28 28 7.197258
1410 126 98 28 28 0.126940
1410 168 119 28 28 1.154543
1410 168 126 28 28 1.380601
1410 168 133 28 28 0.566462
1410 224 7 28 28 0.021340
1410 108 84 24 24 1.792399
1410 132 108 24 24 0.358507
1410 132 192 24 24 4.324702
1410 132 198 24 24 2.018167
1410 144 192 24 24 4.045187
1410 144 198 24 24 2.856050
1440 16 16 64 64 1.680056
1440 16 32 64 64 1.869813
1440 32 16 64 64 0.289667
1440 0 168 48 48 3.626733
1440 12 168 48 48 3.408781
1440 0 168 48 48 3.626733
1440 12 168 48 48 3.408781
1440 0 154 44 44 2.337974
1440 0 176 44 44 3.996137
1440 0 187 44 44 5.003983
1440 0 198 44 44 2.394453
1440 11 154 44 44 0.106292
1440 11 176 44 44 4.504853
1440 11 187 44 44 2.427865
1440 22 176 44 44 2.717145
1440 22 187 44 44 0.023313
1440 0 170 40 40 0.152222
1440 0 180 40 40 3.732130
1440 0 190 40 40 5.314939
1440 10 160 40 40 0.168596
1440 10 170 40 40 2.258832
1440 10 180 40 40 3.568360
1440 10 190 40 40 2.832583
1440 20 170 40 40 0.030438
1440 20 180 40 40 3.607535
1440 20 190 40 40 3.615965
1440 30 180 40 40 2.140825
1440 30 190 40 40 0.364515
1440 160 10 40 40 0.168452
1440 9 171 36 36 1.213342
1440 18 171 36 36 2.047090
1440 144 126 36 36 0.107830
1440 198 126 36 36 0.418582
1440 24 112 32 32 3.063961
1440 136 128 32 32 0.429907
1440 144 112 32 32 1.128857
1440 144 128 32 32 2.080492
1440 144 136 32 32 0.249432
1440 14 98 28 28 1.164003
1440 21 98 28 28 3.519295
1440 21 112 28 28 3.220439
1440 21 224 28 28 2.022556
1440 21 231 28 28 1.973098
1440 21 238 28 28 1.899595
1440 154 112 28 28 1.292468
1440 154 126 28 28 1.499341
1440 154 133 28 28 4.029783
1440 455 14 28 28 1.287109
1440 469 133 28 28 0.960305
1440 18 210 24 24 4.497235
1440 96 114 24 24 2.451269
1440 108 96 24 24 0.544299
1440 198 204 24 24 0.835793
1440 204 198 24 24 1.488898
1440 204 204 24 24 0.610783
1440 384 102 24 24 0.443718
1440 390 102 24 24 0.012111
1440 390 108 24 24 0.313723
1470 0 126 36 36 1.912390
1470 9 126 36 36 4.416089
1470 18 126 36 36 3.563931
1470 144 153 36 36 0.086443
1470 459 144 36 36 0.691751
1470 459 153 36 36 0.802181
1470 0 128 32 32 1.309354
1470 8 128 32 32 2.600426
1470 16 112 32 32 2.379301
1470 16 128 32 32 5.900148
1470 16 136 32 32 2.675535
1470 24 112 32 32 2.055866
1470 24 128 32 32 4.693816
1470 24 136 32 32 2.750999
1470 128 128 32 32 1.910626
1470 128 136 32 32 0.613119
1470 136 128 32 32 3.103561
1470 136 136 32 32 0.150275
1470 14 133 28 28 0.417996
1470 21 112 28 28 3.288562
1470 21 119 28 28 1.186091
1470 21 126 28 28 1.081882
1470 21 133 28 28 3.511502
1470 350 98 28 28 0.084381
1470 469 133 28 28 0.762757
1470 0 96 24 24 3.395224
1470 0 102 24 24 0.502740
1470 96 96 24 24 1.970270
1470 102 96 24 24 0.680660
1470 198 198 24 24 0.963674
1470 198 204 24 24 0.637835
1470 486 192 24 24 1.895905
1470 492 192 24 24 4.626340
1500 0 126 36 36 4.104666
1500 9 126 36 36 3.093031
1500 297 144 36 36 0.343380
1500 297 153 36 36 3.806453
1500 0 112 32 32 2.065000
1500 0 128 32 32 3.415180
1500 0 136 32 32 3.558238
1500 0 144 32 32 2.247975
1500 8 112 32 32 1.414049
1500 8 128 32 32 4.436119
1500 8 136 32 32 4.492115
1500 8 144 32 32 4.804173
1500 16 128 32 32 0.648213
1500 16 136 32 32 0.481747
1500 16 144 32 32 2.278133
1500 16 152 32 32 0.996887
1500 24 144 32 32 0.764207
1500 392 0 32 32 0.065152
1500 400 0 32 32 0.113728
1500 408 0 32 32 2.680901
1500 408 8 32 32 0.150209
1500 7 119 28 28 2.007677
1500 7 126 28 28 3.948121
1500 14 119 28 28 2.985906
1500 14 126 28 28 6.762099
1500 14 133 28 28 3.685354
1500 21 126 28 28 2.828334
1500 6 96 24 24 1.031496
1500 6 102 24 24 1.632930
1500 12 84 24 24 0.634410
1500 12 96 24 24 2.622189
1500 12 102 24 24 2.264061
1500 18 96 24 24 2.409996
1500 18 102 24 24 0.727466
1500 96 96 24 24 1.071066
1500 96 102 24 24 2.253741
1500 96 108 24 24 1.118414
1500 102 102 24 24 0.426108
1500 102 108 24 24 1.103881
1500 144 96 24 24 2.693821
1500 144 102 24 24 4.983414
1500 144 108 24 24 4.209922
1500 204 108 24 24 0.114920
1500 492 198 24 24 1.163931
1500 498 192 24 24 3.555310
1500 498 198 24 24 2.495246
1530 0 16 64 64 4.285680
1530 0 32 64 64 5.657711
1530 0 48 64 64 1.489555
1530 16 16 64 64 3.718358
1530 16 32 64 64 2.433589
1530 32 16 64 64 1.776029
1530 32 32 64 64 0.384547
1530 36 36 48 48 1.544531
1530 408 192 48 48 0.482960
1530 408 204 48 48 1.887538
1530 36 36 48 48 1.544531
1530 408 192 48 48 0.482960
1530 408 204 48 48 1.887538
1530 170 140 40 40 0.780203
1530 180 140 40 40 0.671570
1530 128 128 32 32 0.801010
1530 128 136 32 32 0.930373
1530 136 112 32 32 1.463265
1530 136 128 32 32 1.326898
1530 384 136 32 32 0.159392
1530 384 144 32 32 6.050065
1530 384 152 32 32 2.479948
1530 392 144 32 32 2.850241
1530 0 98 28 28 1.574982
1530 7 98 28 28 4.671982
1530 14 98 28 28 1.383277
1530 14 112 28 28 2.463752
1530 21 112 28 28 0.067311
1530 350 119 28 28 0.595570
1530 0 84 24 24 2.079461
1530 0 96 24 24 1.304781
1530 0 102 24 24 3.848975
1530 0 108 24 24 3.602215
1530 0 114 24 24 2.502234
1530 6 102 24 24 3.399721
1530 6 108 24 24 3.666963
1530 6 114 24 24 5.392767
1530 12 84 24 24 1.244967
1530 12 96 24 24 2.962783
1530 12 102 24 24 6.095194
1530 12 108 24 24 5.929274
1530 12 114 24 24 3.481969
1530 18 84 24 24 2.469673
1530 18 96 24 24 5.003261
1530 18 102 24 24 6.339746
1530 18 108 24 24 5.939223
1530 18 114 24 24 3.849899
1530 96 96 24 24 1.859879
1530 96 102 24 24 2.263785
1530 96 108 24 24 0.213422
1530 144 96 24 24 1.207272
1530 204 192 24 24 0.381126
1530 204 198 24 24 0.236879
1530 210 192 24 24 1.642726
1530 210 198 24 24 2.904001
1530 300 192 24 24 1.502165
1530 306 192 24 24 3.463000
1530 390 192 24 24 0.775835
1530 396 192 24 24 1.415896
1560 0 32 64 64 2.011497
1560 0 48 64 64 4.257041
1560 192 0 48 48 0.111806
1560 192 0 48 48 0.111806
1560 33 22 44 44 1.706482
1560 33 33 44 44 1.726528
1560 240 160 40 40 2.072918
1560 128 112 32 32 3.366003
1560 128 136 32 32 1.176526
1560 128 144 32 32 2.381908
1560 136 112 32 32 1.750176
1560 144 112 32 32 1.045744
1560 126 126 28 28 0.794804
1560 126 133 28 28 2.218422
1560 154 98 28 28 0.762019
1560 224 126 28 28 0.351821
1560 469 224 28 28 2.334182
1560 0 96 24 24 1.841031
1560 0 102 24 24 0.007912
1560 6 96 24 24 1.187830
1560 144 96 24 24 0.478716
1560 144 102 24 24 4.670737
1560 144 108 24 24 1.972115
1560 144 114 24 24 0.050362
1560 390 198 24 24 0.428816
1560 390 204 24 24 1.606300
1560 396 204 24 24 1.035301
1560 498 0 24 24 0.373396
1560 498 6 24 24 2.143791
1590 0 48 64 64 4.150013
1590 16 48 64 64 2.780096
1590 32 48 64 64 3.609041
1590 48 48 64 64 5.841607
1590 256 16 64 64 2.332703
1590 256 32 64 64 0.621691
1590 256 48 64 64 0.967056
1590 272 0 64 64 0.402061
1590 272 16 64 64 2.010349
1590 288 0 64 64 2.661205
1590 288 16 64 64 2.830980
1590 192 12 48 48 0.278540
1590 204 0 48 48 1.967563
1590 204 12 48 48 3.090072
1590 204 24 48 48 0.950334
1590 216 0 48 48 0.220427
1590 216 12 48 48 3.076073
1590 288 24 48 48 2.264696
1590 288 36 48 48 2.646115
1590 192 12 48 48 0.278540
1590 204 0 48 48 1.967563
1590 204 12 48 48 3.090072
1590 204 24 48 48 0.950334
1590 216 0 48 48 0.220427
1590 216 12 48 48 3.076073
1590 288 24 48 48 2.264696
1590 288 36 48 48 2.646115
1590 176 11 44 44 1.140348
1590 198 22 44 44 0.315134
1590 363 11 44 44 0.375803
1590 220 0 40 40 0.767229
1590 220 10 40 40 2.273540
1590 220 20 40 40 3.313576
1590 220 30 40 40 4.751170
1590 220 140 40 40 0.436377
1590 220 160 40 40 0.563206
1590 198 27 36 36 0.997229
1590 216 18 36 36 2.277516
1590 216 27 36 36 3.183114
1590 216 162 36 36 0.550059
1590 297 144 36 36 3.766142
1590 306 126 36 36 2.841730
1590 306 144 36 36 4.746871
1590 128 8 32 32 4.346407
1590 128 16 32 32 3.771080
1590 128 24 32 32 1.069350
1590 128 144 32 32 0.507611
1590 136 8 32 32 3.825178
1590 136 16 32 32 4.578797
1590 136 136 32 32 2.105262
1590 136 144 32 32 1.015024
1590 136 152 32 32 1.098712
1590 144 8 32 32 2.120747
1590 144 16 32 32 2.106333
1590 144 112 32 32 0.148109
1590 256 144 32 32 0.431200
1590 256 152 32 32 3.342473
1590 264 144 32 32 0.804365
1590 384 144 32 32 4.953669
1590 392 144 32 32 4.607347
1590 400 112 32 32 0.516511
1590 400 144 32 32 1.344452
1590 408 128 32 32 1.193240
1590 154 21 28 28 0.462185
1590 154 126 28 28 0.505061
1590 238 98 28 28 2.811600
1590 245 98 28 28 1.622887
1590 336 98 28 28 0.036681
1590 336 112 28 28 2.882186
1590 336 119 28 28 4.077777
1590 336 126 28 28 3.706468
1590 343 98 28 28 0.606327
1590 343 112 28 28 2.616341
1590 343 119 28 28 3.712902
1590 343 126 28 28 2.978879
1590 350 98 28 28 1.673517
1590 469 0 28 28 0.022535
1590 288 96 24 24 2.380766
1590 288 102 24 24 0.370743
1590 486 18 24 24 2.661071
1590 492 18 24 24 4.697147
1590 498 18 24 24 0.219728
1590 498 198 24 24 4.503568
1590 498 204 24 24 0.789011
1590 498 210 24 24 0.854674
1620 48 48 64 64 1.874598
1620 288 48 64 64 4.051442
1620 352 48 64 64 1.258711
1620 432 126 36 36 4.029820
1620 432 144 36 36 0.350852
1620 450 18 36 36 2.054972
1620 450 27 36 36 5.427212
1620 459 0 36 36 0.620937
1620 459 18 36 36 1.797358
1620 459 27 36 36 4.858784
1620 128 152 32 32 0.747828
1620 462 21 28 28 1.037489
1620 469 14 28 28 0.200140
1620 469 21 28 28 0.254771
1620 108 198 24 24 0.441420
1620 144 192 24 24 0.684658
1620 480 18 24 24 0.215912
1650 256 32 64 64 0.244294
1650 256 48 64 64 1.686092
1650 288 48 64 64 4.609376
1650 204 168 48 48 1.928324
1650 204 168 48 48 1.928324
1650 160 170 40 40 0.248695
1650 160 180 40 40 0.999997
1650 160 190 40 40 0.212660
1650 220 140 40 40 0.938428
1650 220 160 40 40 3.800770
1650 220 170 40 40 3.648071
1650 220 180 40 40 4.077632
1650 220 190 40 40 1.339426
1650 330 140 40 40 1.186212
1650 340 140 40 40 2.908266
1650 350 140 40 40 0.405226
1650 153 171 36 36 2.302302
1650 162 171 36 36 1.555154
1650 256 128 32 32 2.159071
1650 256 136 32 32 1.967006
1650 256 144 32 32 0.663035
1650 264 128 32 32 2.857742
1650 264 136 32 32 3.063961
1650 264 144 32 32 2.046571
1650 264 152 32 32 1.693122
1650 272 136 32 32 0.270364
1650 272 152 32 32 0.897929
1650 384 144 32 32 3.396132
1650 384 152 32 32 3.568398
1650 392 128 32 32 1.851718
1650 392 136 32 32 1.213081
1650 392 144 32 32 4.288157
1650 392 152 32 32 6.119592
1650 400 112 32 32 0.707920
1650 400 128 32 32 4.711593
1650 400 136 32 32 1.161690
1650 400 144 32 32 4.772136
1650 400 152 32 32 6.898478
1650 408 144 32 32 0.564966
1650 408 152 32 32 3.088069
1650 245 133 28 28 0.324976
1650 245 224 28 28 0.500584
1650 357 112 28 28 1.688805
1650 357 119 28 28 1.890492
1650 357 126 28 28 1.891587
1650 357 133 28 28 2.631669
1650 469 7 28 28 0.296231
1650 469 14 28 28 0.935942
1650 6 198 24 24 0.514490
1650 102 12 24 24 0.345763
1650 102 18 24 24 0.169401
1650 108 0 24 24 3.170585
1650 108 6 24 24 0.407218
1650 108 12 24 24 2.510108
1650 132 18 24 24 1.126817
1650 192 210 24 24 2.082005
1650 198 18 24 24 1.039674
1650 204 0 24 24 3.585279
1650 204 6 24 24 0.140547
1650 204 12 24 24 0.361441
1650 210 0 24 24 0.827080
1650 210 6 24 24 0.576615
1650 480 18 24 24 2.369862
1680 16 16 64 64 0.536542
1680 32 16 64 64 2.692626
1680 48 16 64 64 0.390425
1680 48 32 64 64 2.116609
1680 240 140 40 40 0.517403
1680 320 180 40 40 0.234130
1680 153 126 36 36 8.085473
1680 162 126 36 36 9.815875
1680 176 128 32 32 1.649460
1680 176 136 32 32 1.060146
1680 168 126 28 28 0.495848
1680 448 112 28 28 3.489065
1680 448 119 28 28 7.090908
1680 448 126 28 28 5.445705
1680 448 133 28 28 2.151530
1680 455 119 28 28 0.912625
1680 390 102 24 24 0.070086
1680 492 18 24 24 1.460612
1710 441 126 36 36 1.058469
1710 441 153 36 36 1.467057
1710 450 126 36 36 4.624937
1710 450 144 36 36 3.106063
1710 450 153 36 36 1.213413
1710 459 126 36 36 1.941741
1710 459 144 36 36 1.731136
1710 408 128 32 32 1.390633
1710 18 102 24 24 0.456350
1710 96 198 24 24 2.096101
1710 96 204 24 24 1.735019
1710 96 210 24 24 3.599989
1710 102 204 24 24 1.713338
1710 102 210 24 24 3.949456
1710 108 204 24 24 0.359668
1710 108 210 24 24 1.498017
1740 432 126 36 36 1.132559
1740 441 126 36 36 3.131279
1740 450 126 36 36 1.046791
1740 256 136 32 32 1.761164
1740 392 128 32 32 2.269837
1740 400 112 32 32 4.374784
1740 400 128 32 32 3.329924
1740 408 112 32 32 2.916928
1740 408 128 32 32 3.871297
1740 350 119 28 28 0.848798
1740 12 198 24 24 1.694686
1740 18 192 24 24 3.389783
1740 18 198 24 24 2.984364
1740 18 204 24 24 1.277923
1770 459 126 36 36 5.939930
1770 459 144 36 36 1.720162
1770 408 128 32 32 0.134698
1770 21 98 28 28 0.894978
1770 168 126 28 28 1.326633
1770 469 133 28 28 4.149247
1800 432 126 36 36 3.293211
1800 441 126 36 36 0.895557
1800 136 112 32 32 0.723670
1800 144 112 32 32 4.603271
1800 272 112 32 32 1.123885
1800 280 112 32 32 4.663940
1800 384 112 32 32 1.343914
1800 384 128 32 32 2.184802
1800 392 112 32 32 1.383274
1800 392 128 32 32 1.792288
1800 400 112 32 32 1.463121
1800 0 119 28 28 2.199877
1800 0 126 28 28 0.840245
1800 154 119 28 28 2.962307
1800 154 126 28 28 4.758283
1800 469 98 28 28 5.396596
1800 294 114 24 24 1.479572
1800 306 114 24 24 0.539570
1800 480 102 24 24 3.258737
1800 480 108 24 24 6.628418
1800 480 114 24 24 4.264767
1800 486 102 24 24 0.511216
1800 486 108 24 24 5.586090
1800 486 114 24 24 1.850322
1800 492 108 24 24 0.108347
1830 48 16 64 64 0.451687
1830 352 32 64 64 0.134200
1830 352 48 64 64 0.451804
1830 0 126 36 36 1.039155
1830 216 126 36 36 0.682475
1830 432 27 36 36 0.004502
1830 459 27 36 36 0.187089
1830 0 136 32 32 0.061353
1830 8 136 32 32 2.896780
1830 384 128 32 32 2.188729
1830 384 136 32 32 0.908323
1830 392 128 32 32 4.622786
1830 392 136 32 32 0.537585
1830 400 128 32 32 7.122379
1830 400 136 32 32 4.243783
1830 408 128 32 32 4.010656
1830 408 136 32 32 2.746750
1830 224 112 28 28 1.198503
1830 231 98 28 28 0.215022
1830 231 112 28 28 0.395650
1830 231 119 28 28 1.898207
1830 231 126 28 28 0.152744
1830 238 119 28 28 0.617852
1830 245 98 28 28 1.544814
1830 336 126 28 28 0.235940
1830 343 126 28 28 1.589560
1830 343 133 28 28 1.501954
1830 350 133 28 28 2.357494
1830 357 133 28 28 0.689181
