30 16 48 64 64 0.934234
30 32 32 64 64 2.273218
30 32 48 64 64 1.407106
30 48 32 64 64 2.859856
30 240 140 40 40 2.766136
30 340 170 40 40 1.050401
30 340 180 40 40 1.229772
30 256 136 32 32 0.897250
30 256 144 32 32 2.016380
30 264 112 32 32 0.092576
30 264 136 32 32 2.675449
30 264 144 32 32 4.610411
30 264 152 32 32 1.409453
30 272 152 32 32 0.575360
60 264 168 48 48 2.183525
60 264 192 48 48 0.231296
60 264 168 48 48 2.183525
60 264 192 48 48 0.231296
60 264 176 44 44 1.088460
60 264 187 44 44 1.729578
60 264 198 44 44 0.394930
60 216 297 36 36 0.068550
60 16 272 32 32 0.111187
60 384 256 32 32 1.858008
60 392 256 32 32 0.240387
60 224 238 28 28 0.101877
60 231 238 28 28 0.160169
60 238 238 28 28 0.503808
60 245 238 28 28 0.626597
60 384 6 24 24 0.528361
90 187 198 44 44 2.027595
90 187 209 44 44 4.368113
90 198 297 36 36 1.710596
90 198 306 36 36 2.274932
90 126 238 28 28 2.636934
90 224 231 28 28 0.739555
120 192 216 48 48 1.910307
120 192 228 48 48 2.445393
120 192 216 48 48 1.910307
120 192 228 48 48 2.445393
120 18 126 36 36 1.935665
120 153 126 36 36 0.669279
120 162 126 36 36 2.720473
120 162 288 36 36 0.074308
120 16 128 32 32 0.410641
120 24 128 32 32 2.051668
120 128 256 32 32 2.458206
120 128 264 32 32 1.705506
120 128 272 32 32 1.928340
120 128 280 32 32 0.020747
120 136 256 32 32 3.115999
120 136 264 32 32 3.673811
120 136 272 32 32 4.691853
120 136 280 32 32 4.107243
120 144 256 32 32 3.838763
120 144 264 32 32 2.598155
120 144 272 32 32 2.542328
120 144 280 32 32 3.485257
120 176 272 32 32 0.711864
120 192 264 32 32 0.561653
120 192 272 32 32 4.038393
120 192 280 32 32 2.613820
120 0 96 24 24 1.569772
120 0 102 24 24 1.091939
120 6 96 24 24 2.970180
120 6 102 24 24 2.906170
120 12 96 24 24 1.886700
120 12 102 24 24 1.594487
120 18 96 24 24 0.307861
120 18 102 24 24 1.471473
120 192 294 24 24 3.678276
120 192 300 24 24 5.247030
120 192 306 24 24 4.636864
120 198 294 24 24 2.106710
120 198 300 24 24 1.665404
180 363 0 44 44 1.308232
180 374 0 44 44 5.521228
180 374 11 44 44 0.171639
180 385 0 44 44 8.899597
180 385 11 44 44 0.710997
180 128 0 32 32 0.223351
180 136 0 32 32 1.963541
180 400 8 32 32 0.330839
180 400 16 32 32 0.895636
180 400 24 32 32 0.458088
180 408 0 32 32 4.265237
180 408 8 32 32 6.483978
180 408 16 32 32 4.942526
180 408 24 32 32 4.722917
180 112 0 28 28 1.674357
180 112 7 28 28 0.561648
180 119 0 28 28 1.642126
180 119 7 28 28 1.275996
180 126 0 28 28 3.227256
180 126 7 28 28 3.367640
180 126 14 28 28 0.312384
180 96 6 24 24 0.100338
180 102 12 24 24 0.432659
180 108 12 24 24 1.069933
180 132 12 24 24 2.284545
180 132 18 24 24 2.806257
180 144 12 24 24 0.186324
180 144 18 24 24 1.875522
180 210 18 24 24 0.765019
180 390 0 24 24 3.243413
180 390 6 24 24 1.631942
180 396 0 24 24 2.474239
180 396 6 24 24 2.328997
180 402 0 24 24 3.217249
180 402 6 24 24 4.005403
210 256 32 64 64 0.211798
210 272 0 64 64 2.417853
210 272 16 64 64 0.469681
210 288 0 64 64 3.690960
210 288 16 64 64 2.134286
210 320 30 40 40 3.475383
210 330 10 40 40 0.620100
210 330 20 40 40 3.326087
210 330 30 40 40 2.423142
210 340 0 40 40 4.551144
210 340 10 40 40 5.458848
210 340 20 40 40 8.984663
210 340 30 40 40 8.586589
210 350 0 40 40 0.945938
210 350 20 40 40 2.947600
210 350 30 40 40 3.472166
210 306 0 36 36 0.254522
210 0 0 32 32 2.261191
210 8 8 32 32 1.544437
210 16 8 32 32 1.156925
210 0 7 28 28 0.376717
210 7 7 28 28 0.203627
210 14 14 28 28 2.355422
210 21 14 28 28 2.522758
210 336 0 28 28 3.195349
210 336 7 28 28 7.506659
210 336 14 28 28 3.860794
210 343 0 28 28 2.402524
210 343 7 28 28 6.311808
210 343 14 28 28 3.163551
210 350 14 28 28 0.684754
210 357 14 28 28 1.926742
210 357 21 28 28 1.691894
210 12 18 24 24 0.483020
210 18 18 24 24 1.410933
210 96 12 24 24 3.969044
210 96 18 24 24 3.534994
210 102 12 24 24 0.748886
210 102 18 24 24 1.418797
240 272 0 64 64 4.578042
240 272 16 64 64 0.015317
240 272 48 64 64 0.351523
240 288 0 64 64 7.981307
240 288 16 64 64 3.907900
240 288 32 64 64 5.221392
240 288 48 64 64 0.356260
240 352 0 44 44 4.098275
240 352 11 44 44 3.651134
240 352 22 44 44 1.198044
240 352 33 44 44 3.343214
240 363 0 44 44 2.019537
240 30 0 40 40 3.281878
240 30 10 40 40 2.204333
240 320 10 40 40 0.251581
240 330 0 40 40 1.077584
240 330 10 40 40 1.394951
240 340 0 40 40 2.145083
240 340 10 40 40 0.140460
240 350 0 40 40 0.697519
240 350 10 40 40 1.365836
240 18 0 36 36 2.492432
240 27 0 36 36 0.642287
240 198 126 36 36 0.771822
240 216 126 36 36 0.971034
240 297 126 36 36 4.761365
240 306 126 36 36 5.067482
240 315 126 36 36 1.196490
240 0 0 32 32 0.130963
240 8 0 32 32 1.708703
240 16 0 32 32 1.476520
240 16 8 32 32 0.887076
240 24 0 32 32 3.871484
240 24 8 32 32 4.359176
240 24 16 32 32 2.615045
240 384 16 32 32 1.153028
240 392 0 32 32 2.226689
240 392 8 32 32 2.225161
240 392 16 32 32 1.989838
240 400 0 32 32 1.641012
240 0 0 28 28 0.419783
240 7 7 28 28 1.891695
240 14 0 28 28 0.968016
240 14 7 28 28 3.672300
240 14 14 28 28 1.192731
240 21 7 28 28 1.842254
240 21 14 28 28 0.801219
240 336 14 28 28 4.290970
240 336 21 28 28 4.269956
240 343 7 28 28 6.636643
240 343 14 28 28 10.385165
240 343 21 28 28 5.763881
240 350 0 28 28 3.094696
240 350 7 28 28 10.931065
240 350 14 28 28 6.370731
240 350 21 28 28 0.661997
240 357 0 28 28 3.215147
240 357 7 28 28 6.653035
240 357 14 28 28 3.056959
240 0 0 24 24 2.906319
240 0 6 24 24 2.782216
240 6 0 24 24 2.198406
240 6 6 24 24 3.851251
240 6 12 24 24 1.684940
240 12 6 24 24 0.960720
240 12 12 24 24 1.493719
240 12 18 24 24 0.900428
240 18 6 24 24 0.211457
240 18 12 24 24 2.082412
240 18 18 24 24 5.365162
240 384 0 24 24 2.041817
240 384 6 24 24 1.992370
240 384 12 24 24 0.807194
240 390 114 24 24 1.196204
270 288 0 64 64 1.817619
270 288 16 64 64 4.422704
270 288 32 64 64 3.104058
270 288 48 64 64 2.717587
270 36 0 48 48 0.496366
270 36 0 48 48 0.496366
270 0 0 44 44 1.462441
270 11 0 44 44 0.762703
270 352 0 44 44 3.004172
270 363 11 44 44 1.157434
270 363 22 44 44 1.783213
270 363 33 44 44 1.704192
270 374 11 44 44 1.020885
270 374 22 44 44 0.042542
270 0 0 40 40 3.968102
270 0 10 40 40 4.048818
270 10 0 40 40 4.410184
270 10 10 40 40 0.894449
270 20 0 40 40 2.965984
270 20 10 40 40 2.155673
270 30 10 40 40 2.487985
270 30 20 40 40 0.645740
270 320 30 40 40 0.104458
270 330 0 40 40 2.189762
270 330 10 40 40 2.334238
270 330 20 40 40 1.881178
270 330 30 40 40 0.201732
270 340 0 40 40 1.728737
270 340 10 40 40 0.771803
270 340 20 40 40 1.530601
270 350 20 40 40 1.117822
270 0 9 36 36 2.317605
270 0 18 36 36 1.012910
270 0 27 36 36 0.365747
270 9 0 36 36 1.009675
270 9 9 36 36 2.377231
270 9 18 36 36 2.201899
270 9 27 36 36 1.201781
270 18 0 36 36 1.173110
270 18 9 36 36 3.345994
270 18 18 36 36 4.482313
270 18 27 36 36 0.573284
270 27 9 36 36 3.201260
270 27 18 36 36 2.860800
270 27 27 36 36 0.979974
270 216 126 36 36 2.241354
270 216 144 36 36 2.483070
270 297 126 36 36 2.600220
270 297 144 36 36 4.448894
270 306 126 36 36 5.723671
270 306 144 36 36 8.989875
270 306 153 36 36 2.747963
270 315 126 36 36 2.059337
270 315 144 36 36 7.100135
270 315 153 36 36 2.229465
270 0 16 32 32 1.653490
270 8 16 32 32 1.389588
270 8 24 32 32 1.954620
270 16 24 32 32 0.598074
270 24 16 32 32 0.138874
270 24 24 32 32 4.736125
270 128 128 32 32 0.484621
270 136 128 32 32 0.742059
270 384 0 32 32 0.656994
270 384 112 32 32 2.425865
270 392 112 32 32 0.064097
270 400 16 32 32 0.018749
270 400 24 32 32 0.771198
270 408 16 32 32 0.062832
270 408 24 32 32 0.100202
270 224 119 28 28 1.291880
270 231 119 28 28 4.354215
270 238 119 28 28 2.725571
270 336 21 28 28 1.221519
270 343 21 28 28 1.018746
270 350 21 28 28 5.334260
270 357 14 28 28 6.006846
270 357 21 28 28 13.968213
270 96 84 24 24 0.532513
270 108 84 24 24 3.419276
270 108 96 24 24 0.842436
270 384 0 24 24 2.559745
270 384 6 24 24 0.108820
270 390 18 24 24 0.633644
270 396 6 24 24 0.158940
270 396 12 24 24 0.778471
300 288 32 64 64 1.945332
300 288 48 64 64 1.813884
300 352 16 64 64 1.744769
300 352 32 64 64 0.574074
300 0 12 48 48 3.438236
300 12 12 48 48 0.434928
300 36 0 48 48 0.393708
300 36 12 48 48 0.480781
300 0 12 48 48 3.438236
300 12 12 48 48 0.434928
300 36 0 48 48 0.393708
300 36 12 48 48 0.480781
300 0 0 44 44 0.207760
300 0 11 44 44 3.510251
300 0 22 44 44 1.924527
300 11 22 44 44 0.678913
300 22 22 44 44 0.121888
300 33 22 44 44 1.132672
300 352 0 44 44 0.062679
300 352 11 44 44 1.207927
300 363 0 44 44 1.351488
300 363 22 44 44 0.113003
300 363 33 44 44 1.080961
300 374 22 44 44 0.117842
300 374 33 44 44 1.456919
300 385 22 44 44 0.604883
300 385 33 44 44 0.680194
300 0 10 40 40 4.772902
300 0 20 40 40 4.551512
300 0 30 40 40 1.276001
300 10 10 40 40 3.007194
300 10 20 40 40 1.130688
300 320 140 40 40 4.250593
300 330 0 40 40 0.865583
300 330 10 40 40 2.192487
300 330 20 40 40 1.523883
300 330 30 40 40 0.926355
300 340 0 40 40 2.934447
300 340 10 40 40 4.240359
300 340 20 40 40 3.195901
300 340 30 40 40 5.121384
300 350 10 40 40 0.087458
300 350 20 40 40 1.519325
300 350 30 40 40 4.363739
300 0 27 36 36 1.450966
300 9 18 36 36 3.921669
300 9 27 36 36 0.978653
300 18 18 36 36 2.781946
300 18 27 36 36 1.345974
300 198 126 36 36 1.700225
300 198 144 36 36 0.514544
300 297 144 36 36 1.526609
300 297 153 36 36 1.275449
300 306 144 36 36 5.963700
300 306 153 36 36 7.948707
300 306 162 36 36 3.744262
300 315 144 36 36 7.562135
300 315 153 36 36 8.605995
300 315 162 36 36 5.543067
300 16 24 32 32 1.143841
300 24 24 32 32 2.184790
300 128 136 32 32 1.467096
300 144 136 32 32 0.775977
300 384 0 32 32 0.508017
300 384 24 32 32 0.655325
300 392 0 32 32 0.319869
300 392 8 32 32 0.332534
300 392 128 32 32 2.044609
300 400 128 32 32 2.777961
300 245 126 28 28 0.936932
300 245 133 28 28 1.076265
300 18 84 24 24 2.813088
300 96 84 24 24 4.270421
300 96 96 24 24 3.194431
300 96 102 24 24 1.559742
300 102 84 24 24 2.688152
300 108 84 24 24 0.245450
300 384 18 24 24 2.590758
300 390 6 24 24 5.362048
300 390 12 24 24 3.342862
300 396 0 24 24 3.359501
300 396 204 24 24 0.008922
300 402 204 24 24 0.126732
330 352 0 64 64 3.381066
330 352 16 64 64 4.498399
330 352 32 64 64 7.686056
330 352 48 64 64 6.446385
330 0 24 48 48 0.140329
330 12 36 48 48 2.277029
330 24 36 48 48 0.652659
330 384 36 48 48 1.123299
330 0 24 48 48 0.140329
330 12 36 48 48 2.277029
330 24 36 48 48 0.652659
330 384 36 48 48 1.123299
330 0 33 44 44 2.082205
330 352 0 44 44 1.365211
330 352 11 44 44 0.726104
330 352 22 44 44 1.924155
330 363 22 44 44 0.231321
330 385 33 44 44 1.043694
330 320 140 40 40 5.707613
330 320 160 40 40 5.634130
330 340 0 40 40 0.943550
330 340 10 40 40 1.148280
330 340 20 40 40 1.085653
330 340 30 40 40 0.625796
330 350 0 40 40 2.047015
330 350 10 40 40 4.319468
330 350 20 40 40 5.420495
330 350 30 40 40 3.989885
330 216 153 36 36 0.661384
330 216 162 36 36 3.027880
330 306 153 36 36 3.194726
330 306 162 36 36 1.610204
330 315 144 36 36 5.197209
330 315 153 36 36 5.921770
330 315 162 36 36 9.230602
330 315 171 36 36 4.018511
330 0 24 32 32 0.417237
330 384 0 32 32 2.674973
330 384 8 32 32 2.952656
330 384 16 32 32 5.925398
330 384 24 32 32 4.730772
330 392 8 32 32 0.702429
330 392 16 32 32 1.949402
330 392 24 32 32 0.281767
330 400 16 32 32 0.038466
330 400 24 32 32 1.522169
330 408 136 32 32 0.576991
330 408 144 32 32 0.434834
330 0 238 28 28 0.438139
330 7 238 28 28 0.043287
330 96 204 24 24 4.205620
330 96 210 24 24 4.223088
330 390 84 24 24 3.028496
330 402 12 24 24 2.798625
330 402 18 24 24 1.901999
360 352 32 64 64 1.524838
360 352 48 64 64 3.409253
360 396 36 48 48 0.876013
360 396 36 48 48 0.876013
360 352 0 44 44 2.731361
360 352 11 44 44 3.334619
360 352 22 44 44 4.001620
360 352 33 44 44 1.306495
360 363 0 44 44 0.540028
360 363 11 44 44 2.680870
360 363 22 44 44 4.973130
360 374 11 44 44 0.158694
360 374 22 44 44 2.702879
360 385 187 44 44 0.285280
360 220 140 40 40 2.045446
360 220 160 40 40 4.957149
360 320 140 40 40 6.614968
360 320 160 40 40 8.299417
360 320 170 40 40 1.750374
360 330 160 40 40 5.299813
360 330 170 40 40 1.040002
360 340 0 40 40 0.091507
360 350 0 40 40 0.997621
360 350 10 40 40 1.082586
360 350 20 40 40 2.281713
360 350 30 40 40 1.950097
360 216 162 36 36 7.301939
360 216 171 36 36 3.284851
360 288 18 36 36 1.356397
360 297 18 36 36 1.430123
360 306 18 36 36 0.787813
360 315 162 36 36 1.234763
360 136 144 32 32 0.117351
360 136 152 32 32 1.180475
360 144 144 32 32 0.242933
360 144 152 32 32 4.026732
360 384 8 32 32 6.395323
360 384 16 32 32 11.781306
360 384 24 32 32 9.301776
360 392 0 32 32 6.642992
360 392 8 32 32 8.966774
360 392 16 32 32 5.133567
360 392 24 32 32 3.341063
360 400 0 32 32 0.759039
360 400 8 32 32 2.801946
360 400 16 32 32 1.851899
360 408 8 32 32 0.407399
360 408 16 32 32 0.396371
360 408 24 32 32 0.487712
360 21 112 28 28 0.118210
360 154 112 28 28 1.840212
360 245 133 28 28 0.239414
360 0 102 24 24 0.985049
360 96 108 24 24 3.335865
360 96 114 24 24 1.089054
360 96 198 24 24 0.112955
360 102 114 24 24 0.856500
360 396 84 24 24 0.661811
360 402 84 24 24 0.835895
390 352 48 64 64 2.877333
390 384 0 48 48 0.191883
390 408 24 48 48 2.760988
390 408 36 48 48 2.430246
390 408 192 48 48 0.142581
390 420 24 48 48 0.922653
390 420 36 48 48 2.027143
390 384 0 48 48 0.191883
390 408 24 48 48 2.760988
390 408 36 48 48 2.430246
390 408 192 48 48 0.142581
390 420 24 48 48 0.922653
390 420 36 48 48 2.027143
390 198 154 44 44 4.270486
390 352 0 44 44 0.020452
390 352 11 44 44 0.694245
390 352 22 44 44 0.129896
390 363 0 44 44 2.227379
390 363 11 44 44 3.846628
390 363 22 44 44 2.725702
390 374 0 44 44 0.118602
390 374 11 44 44 2.078694
390 374 22 44 44 2.957242
390 385 11 44 44 2.211679
390 385 22 44 44 3.713249
390 220 160 40 40 8.164773
390 220 170 40 40 1.165818
390 320 140 40 40 2.885478
390 320 160 40 40 4.351175
390 320 170 40 40 4.571892
390 330 140 40 40 1.717474
390 330 160 40 40 8.421392
390 330 170 40 40 8.600663
390 340 160 40 40 3.754673
390 340 170 40 40 4.190675
390 216 162 36 36 3.779150
390 216 171 36 36 6.189708
390 288 9 36 36 1.705571
390 297 9 36 36 0.968634
390 306 9 36 36 2.284108
390 315 9 36 36 1.919745
390 432 144 36 36 3.133555
390 432 153 36 36 2.392562
390 441 144 36 36 2.122043
390 441 153 36 36 0.754014
390 384 16 32 32 4.776742
390 384 24 32 32 1.810042
390 392 0 32 32 2.503826
390 392 8 32 32 10.989658
390 392 16 32 32 13.233708
390 392 24 32 32 7.505655
390 400 0 32 32 11.912363
390 400 8 32 32 14.061550
390 400 16 32 32 6.108166
390 400 24 32 32 0.344607
390 408 0 32 32 7.913558
390 408 8 32 32 5.250412
390 408 16 32 32 1.425526
390 132 192 24 24 1.583020
420 384 0 48 48 2.100427
420 384 12 48 48 1.735521
420 420 24 48 48 2.242086
420 420 216 48 48 0.316846
420 384 0 48 48 2.100427
420 384 12 48 48 1.735521
420 420 24 48 48 2.242086
420 420 216 48 48 0.316846
420 187 154 44 44 5.505328
420 187 176 44 44 0.174745
420 198 154 44 44 7.422381
420 374 0 44 44 2.039887
420 374 11 44 44 2.074557
420 374 22 44 44 0.143997
420 374 33 44 44 2.165130
420 385 0 44 44 0.223040
420 385 11 44 44 2.963615
420 385 22 44 44 2.046965
420 385 33 44 44 2.493872
420 330 160 40 40 0.151255
420 330 170 40 40 4.949308
420 330 180 40 40 6.790098
420 340 170 40 40 6.239211
420 340 180 40 40 4.901379
420 198 171 36 36 0.602810
420 216 162 36 36 1.202144
420 216 171 36 36 4.430156
420 288 0 36 36 1.631780
420 297 0 36 36 1.838772
420 306 0 36 36 1.417394
420 315 0 36 36 1.235780
420 450 153 36 36 1.696934
420 450 162 36 36 2.448536
420 459 153 36 36 0.637717
420 459 162 36 36 0.511477
420 392 8 32 32 1.007636
420 400 0 32 32 8.959155
420 400 8 32 32 11.000964
420 400 16 32 32 4.580932
420 408 0 32 32 10.565299
420 408 8 32 32 4.434393
420 336 21 28 28 1.597691
420 343 21 28 28 0.795825
420 350 21 28 28 0.985044
420 12 102 24 24 0.572491
420 294 6 24 24 0.164421
420 294 12 24 24 0.932592
420 300 12 24 24 1.307250
420 480 198 24 24 1.268473
450 384 0 48 48 1.318916
450 384 12 48 48 0.618434
450 384 24 48 48 0.640425
450 396 0 48 48 0.412038
450 396 12 48 48 2.359398
450 384 0 48 48 1.318916
450 384 12 48 48 0.618434
450 384 24 48 48 0.640425
450 396 0 48 48 0.412038
450 396 12 48 48 2.359398
450 385 176 44 44 1.247034
450 170 170 40 40 2.967364
450 170 180 40 40 2.413090
450 180 170 40 40 1.621602
450 180 180 40 40 2.628520
450 256 0 32 32 1.210451
450 264 0 32 32 1.194575
450 272 0 32 32 0.571518
450 280 0 32 32 1.150125
450 408 0 32 32 6.231024
450 408 8 32 32 1.723423
450 350 14 28 28 0.089260
450 192 18 24 24 2.148403
450 198 18 24 24 2.602736
450 204 18 24 24 2.049299
450 486 210 24 24 2.731982
450 492 84 24 24 1.849801
450 492 210 24 24 3.032652
480 242 176 44 44 4.254229
480 242 187 44 44 0.667273
480 170 170 40 40 0.909842
480 240 180 40 40 1.145543
480 0 224 28 28 2.006854
480 112 224 28 28 0.996559
480 119 224 28 28 1.617252
510 0 231 28 28 0.230746
510 0 238 28 28 1.140025
510 0 245 28 28 0.551593
510 7 245 28 28 0.343159
510 343 231 28 28 1.862443
510 343 238 28 28 1.945022
510 350 231 28 28 1.874270
510 350 238 28 28 0.247586
510 0 84 24 24 1.057093
540 0 16 64 64 2.403189
540 0 32 64 64 0.393796
540 16 16 64 64 2.477063
540 16 32 64 64 0.081500
540 216 192 48 48 1.737885
540 216 192 48 48 1.737885
540 176 33 44 44 1.670090
540 170 30 40 40 0.974488
540 180 30 40 40 3.046151
570 0 0 64 64 1.763489
570 16 0 64 64 2.201790
570 16 16 64 64 1.460360
570 16 32 64 64 1.160437
570 32 16 64 64 2.054951
570 32 32 64 64 0.717405
570 0 24 48 48 1.444584
570 0 36 48 48 2.888834
570 12 36 48 48 1.868387
570 192 0 48 48 3.315692
570 192 12 48 48 2.860181
570 192 24 48 48 0.272607
570 204 12 48 48 1.870817
570 204 24 48 48 1.108985
570 0 24 48 48 1.444584
570 0 36 48 48 2.888834
570 12 36 48 48 1.868387
570 192 0 48 48 3.315692
570 192 12 48 48 2.860181
570 192 24 48 48 0.272607
570 204 12 48 48 1.870817
570 204 24 48 48 1.108985
570 198 0 44 44 1.284784
570 198 11 44 44 2.164896
570 198 22 44 44 1.884517
570 220 20 40 40 1.846098
570 220 30 40 40 2.659545
570 198 9 36 36 0.463240
570 216 9 36 36 0.067252
570 288 126 36 36 0.954314
570 224 14 28 28 0.206385
570 224 21 28 28 2.739728
570 231 21 28 28 1.638498
570 238 21 28 28 0.772589
570 245 14 28 28 0.879910
570 245 21 28 28 4.895551
570 144 114 24 24 0.638730
570 144 198 24 24 4.387391
570 192 198 24 24 0.282764
600 32 0 64 64 0.022434
600 32 16 64 64 0.626014
600 32 32 64 64 0.040435
600 32 48 64 64 0.207318
600 48 16 64 64 1.894312
600 48 32 64 64 0.940061
600 0 36 48 48 2.536504
600 12 36 48 48 2.190981
600 24 36 48 48 0.084586
600 0 36 48 48 2.536504
600 12 36 48 48 2.190981
600 24 36 48 48 0.084586
600 242 22 44 44 0.477194
600 264 22 44 44 0.675680
600 264 33 44 44 0.660954
600 144 171 36 36 5.543678
600 153 171 36 36 1.545955
600 198 171 36 36 0.254523
600 272 0 32 32 0.477023
600 280 0 32 32 2.478527
600 0 133 28 28 0.249937
600 192 114 24 24 1.541751
600 198 114 24 24 1.483063
600 204 114 24 24 1.132547
600 210 114 24 24 1.342041
600 288 12 24 24 1.665034
600 288 18 24 24 1.618121
600 294 12 24 24 2.128183
600 294 18 24 24 3.046780
600 306 114 24 24 0.320858
630 48 32 64 64 1.799864
630 192 36 48 48 0.429837
630 204 36 48 48 1.411303
630 216 36 48 48 0.372764
630 384 0 48 48 3.105583
630 396 0 48 48 3.594224
630 408 0 48 48 1.182958
630 192 36 48 48 0.429837
630 204 36 48 48 1.411303
630 216 36 48 48 0.372764
630 384 0 48 48 3.105583
630 396 0 48 48 3.594224
630 408 0 48 48 1.182958
630 385 0 44 44 0.167527
630 432 9 36 36 0.090704
630 432 18 36 36 2.060249
630 112 112 28 28 1.663843
630 119 112 28 28 0.718985
630 0 96 24 24 1.031873
630 18 96 24 24 0.533527
630 96 114 24 24 2.029845
630 102 114 24 24 0.978305
630 288 84 24 24 1.996159
630 288 204 24 24 0.458256
630 288 210 24 24 1.736199
630 294 84 24 24 2.076112
630 294 204 24 24 3.161243
630 294 210 24 24 1.867939
630 300 84 24 24 2.116741
630 300 204 24 24 2.033184
630 300 210 24 24 2.003339
630 306 84 24 24 2.262376
660 24 204 48 48 1.706278
660 24 216 48 48 0.743569
660 24 228 48 48 0.166658
660 36 216 48 48 0.927287
660 36 228 48 48 1.375250
660 192 192 48 48 0.529444
660 192 216 48 48 1.070194
660 192 228 48 48 2.808201
660 204 168 48 48 0.135058
660 204 192 48 48 0.393831
660 204 228 48 48 1.949911
660 216 192 48 48 0.318374
660 24 204 48 48 1.706278
660 24 216 48 48 0.743569
660 24 228 48 48 0.166658
660 36 216 48 48 0.927287
660 36 228 48 48 1.375250
660 192 192 48 48 0.529444
660 192 216 48 48 1.070194
660 192 228 48 48 2.808201
660 204 168 48 48 0.135058
660 204 192 48 48 0.393831
660 204 228 48 48 1.949911
660 216 192 48 48 0.318374
660 22 209 44 44 0.172540
660 33 209 44 44 0.018030
660 352 11 44 44 0.026803
660 363 11 44 44 0.374523
660 330 10 40 40 0.095515
660 340 10 40 40 1.498253
660 350 10 40 40 0.768602
660 288 0 36 36 0.127734
660 297 0 36 36 0.846036
660 306 0 36 36 0.642516
660 315 9 36 36 1.249059
660 136 256 32 32 0.492694
660 136 264 32 32 0.488744
660 144 256 32 32 0.618291
660 280 0 32 32 0.182169
660 0 224 28 28 1.764737
660 0 231 28 28 1.205338
660 0 238 28 28 1.667460
660 0 245 28 28 2.620651
660 7 231 28 28 0.511088
660 7 238 28 28 1.411672
660 7 245 28 28 2.930078
660 238 238 28 28 0.007265
660 238 245 28 28 3.236570
660 245 238 28 28 0.210459
660 245 245 28 28 4.582870
660 336 21 28 28 1.498773
660 343 21 28 28 0.245434
660 350 21 28 28 0.083077
660 357 119 28 28 0.472955
660 102 288 24 24 0.219773
660 108 288 24 24 3.283692
660 108 294 24 24 1.199589
660 132 192 24 24 1.808887
690 24 168 48 48 0.694210
690 36 168 48 48 9.655909
690 36 192 48 48 1.916648
690 204 168 48 48 4.012527
690 216 168 48 48 1.361853
690 288 168 48 48 4.454189
690 288 192 48 48 0.781339
690 24 168 48 48 0.694210
690 36 168 48 48 9.655909
690 36 192 48 48 1.916648
690 204 168 48 48 4.012527
690 216 168 48 48 1.361853
690 288 168 48 48 4.454189
690 288 192 48 48 0.781339
690 0 176 44 44 0.802442
690 33 176 44 44 0.704787
690 198 154 44 44 1.416120
690 264 176 44 44 0.559374
690 264 187 44 44 0.452475
690 220 140 40 40 5.516898
690 220 160 40 40 3.169127
690 220 170 40 40 4.097788
690 220 180 40 40 5.402025
690 220 190 40 40 2.594934
690 240 140 40 40 4.367235
690 240 160 40 40 0.666305
690 320 180 40 40 2.408706
690 320 190 40 40 5.797956
690 330 180 40 40 0.273995
690 330 190 40 40 5.433749
690 306 171 36 36 0.267529
690 450 126 36 36 2.328101
690 21 112 28 28 0.835614
690 154 245 28 28 0.240477
690 168 245 28 28 1.388421
690 0 192 24 24 1.218124
690 12 192 24 24 2.401119
690 18 192 24 24 3.591856
690 18 198 24 24 0.606568
720 192 36 48 48 1.850618
720 216 168 48 48 1.101816
720 192 36 48 48 1.850618
720 216 168 48 48 1.101816
720 187 33 44 44 0.934814
720 242 187 44 44 2.368703
720 242 198 44 44 0.935295
720 264 187 44 44 1.388564
720 264 198 44 44 0.561624
720 0 160 40 40 1.600021
720 10 160 40 40 0.748381
720 10 170 40 40 0.607857
720 9 171 36 36 1.158241
720 18 162 36 36 1.076855
720 18 171 36 36 4.060133
720 153 126 36 36 1.003175
720 153 144 36 36 3.263227
720 153 153 36 36 0.886870
720 162 144 36 36 1.340397
720 162 162 36 36 0.915945
720 450 144 36 36 4.854642
720 450 153 36 36 0.413612
720 459 144 36 36 9.372815
720 459 153 36 36 3.184752
720 136 152 32 32 0.443948
720 136 264 32 32 0.577656
720 144 144 32 32 0.554404
720 144 152 32 32 0.003439
720 343 224 28 28 0.626339
720 132 192 24 24 0.936564
720 192 96 24 24 2.854797
720 192 102 24 24 4.832604
720 192 108 24 24 2.014554
720 198 96 24 24 8.042157
720 198 102 24 24 12.228848
720 198 108 24 24 5.399263
720 198 114 24 24 3.144971
720 204 84 24 24 6.670944
720 204 96 24 24 5.624355
720 204 102 24 24 3.300676
720 204 108 24 24 1.127182
720 210 84 24 24 2.415522
720 210 96 24 24 0.444983
720 210 102 24 24 0.212057
720 480 0 24 24 2.586619
720 486 0 24 24 0.609181
720 486 192 24 24 2.173926
720 492 192 24 24 1.179225
750 384 168 48 48 0.592165
750 396 12 48 48 1.373113
750 396 24 48 48 3.952083
750 408 12 48 48 2.980660
750 408 24 48 48 3.140179
750 408 36 48 48 2.752695
750 420 0 48 48 1.838920
750 420 12 48 48 3.508137
750 420 24 48 48 0.753682
750 384 168 48 48 0.592165
750 396 12 48 48 1.373113
750 396 24 48 48 3.952083
750 408 12 48 48 2.980660
750 408 24 48 48 3.140179
750 408 36 48 48 2.752695
750 420 0 48 48 1.838920
750 420 12 48 48 3.508137
750 420 24 48 48 0.753682
750 176 176 44 44 2.559020
750 187 176 44 44 2.567176
750 198 154 44 44 1.242540
750 198 176 44 44 1.613639
750 352 154 44 44 0.261066
750 363 154 44 44 2.165524
750 374 154 44 44 7.919863
750 385 33 44 44 0.594931
750 385 154 44 44 2.806787
750 385 176 44 44 0.246474
750 170 190 40 40 0.051873
750 180 180 40 40 0.942602
750 180 190 40 40 3.180499
750 220 160 40 40 1.450155
750 240 170 40 40 0.928672
750 320 160 40 40 4.768985
750 320 170 40 40 0.384914
750 330 160 40 40 5.127082
750 330 170 40 40 2.687174
750 330 180 40 40 1.491044
750 340 160 40 40 3.934718
750 340 170 40 40 3.339432
750 340 180 40 40 1.816149
750 350 160 40 40 1.836342
750 350 170 40 40 2.131940
750 350 180 40 40 2.027053
750 350 190 40 40 0.265099
750 216 153 36 36 3.356175
750 216 162 36 36 10.609321
750 216 171 36 36 5.046053
750 288 162 36 36 0.597279
750 297 162 36 36 0.797547
750 306 162 36 36 0.898089
750 306 171 36 36 0.466205
750 315 162 36 36 3.262740
750 315 171 36 36 2.629708
750 315 306 36 36 0.328800
750 432 18 36 36 1.027474
750 432 27 36 36 2.815135
750 441 9 36 36 0.200147
750 441 18 36 36 2.063260
750 450 9 36 36 0.093090
750 450 27 36 36 1.483045
750 459 9 36 36 2.753290
750 459 18 36 36 5.740525
750 459 27 36 36 4.621987
750 459 288 36 36 2.006592
750 459 297 36 36 0.244429
750 0 8 32 32 1.144368
750 0 16 32 32 1.905640
750 384 152 32 32 0.211978
750 392 136 32 32 0.663149
750 392 144 32 32 3.167775
750 400 152 32 32 0.728636
750 408 136 32 32 0.884246
750 0 21 28 28 1.520693
750 7 0 28 28 0.133781
750 7 21 28 28 1.876393
750 14 0 28 28 0.040108
750 14 21 28 28 0.348851
750 336 112 28 28 0.470567
750 336 119 28 28 0.195028
750 357 7 28 28 0.812298
750 462 7 28 28 0.105727
750 462 14 28 28 1.594892
750 462 21 28 28 0.669138
750 469 14 28 28 5.314709
750 469 21 28 28 5.273951
750 12 6 24 24 1.294856
750 12 12 24 24 1.333234
750 18 6 24 24 1.507547
750 18 12 24 24 0.338313
750 288 204 24 24 0.740753
750 288 210 24 24 0.610733
750 384 84 24 24 1.425215
750 384 210 24 24 2.627561
750 390 84 24 24 9.613913
750 390 204 24 24 1.394253
750 390 210 24 24 2.315989
750 396 84 24 24 7.820402
750 402 84 24 24 5.918799
750 402 204 24 24 1.648361
750 402 210 24 24 2.049504
750 480 18 24 24 1.143434
750 486 84 24 24 3.013422
750 492 84 24 24 3.261462
750 498 84 24 24 5.375042
780 144 0 36 36 0.830567
780 153 0 36 36 1.206653
780 162 0 36 36 0.966011
780 198 0 36 36 2.760500
780 216 0 36 36 3.005277
780 288 0 36 36 2.135240
780 297 0 36 36 1.823506
780 306 0 36 36 1.555760
780 315 0 36 36 0.869773
780 0 0 32 32 0.063261
780 8 0 32 32 2.063203
780 8 8 32 32 1.649510
780 16 0 32 32 0.754627
780 16 8 32 32 1.305236
780 24 8 32 32 1.276569
780 128 8 32 32 0.053382
780 136 8 32 32 0.682195
780 144 8 32 32 1.416819
780 176 8 32 32 1.856036
780 192 0 32 32 1.003793
780 192 8 32 32 3.056442
780 256 0 32 32 0.470029
780 256 8 32 32 4.036679
780 264 8 32 32 3.719376
780 272 8 32 32 2.796087
780 280 8 32 32 2.248811
780 21 14 28 28 1.276546
780 112 14 28 28 0.003119
780 119 14 28 28 0.243052
780 126 14 28 28 0.123190
780 154 14 28 28 1.540569
780 154 21 28 28 0.393112
780 168 14 28 28 1.700997
780 168 21 28 28 0.701119
780 224 14 28 28 3.822768
780 224 21 28 28 2.603635
780 231 14 28 28 3.916734
780 231 21 28 28 3.006833
780 238 14 28 28 3.833203
780 238 21 28 28 3.201391
780 245 14 28 28 4.103455
780 245 21 28 28 3.677933
780 336 21 28 28 2.905183
780 343 21 28 28 3.031542
780 350 21 28 28 2.701667
780 357 21 28 28 2.533495
780 455 21 28 28 1.498189
780 12 102 24 24 2.352254
780 12 108 24 24 4.112398
780 18 102 24 24 2.254567
780 18 108 24 24 2.480177
780 384 192 24 24 0.692150
810 198 102 24 24 1.563841
810 480 0 24 24 0.603652
810 486 0 24 24 1.178532
810 492 0 24 24 1.885256
810 498 0 24 24 2.371136
840 112 119 28 28 0.158536
840 119 126 28 28 0.396553
840 469 0 28 28 0.004789
870 432 126 36 36 0.539633
870 12 108 24 24 1.879069
900 459 153 36 36 0.135973
900 7 133 28 28 1.585721
900 0 198 24 24 0.403134
900 480 192 24 24 0.224976
900 486 192 24 24 2.839185
900 492 192 24 24 3.424517
900 492 198 24 24 2.031633
900 498 192 24 24 3.244755
900 498 198 24 24 3.097202
930 459 18 36 36 0.071321
930 486 84 24 24 0.070875
960 384 0 48 48 0.356158
960 396 0 48 48 0.097262
960 408 0 48 48 0.435393
960 420 0 48 48 0.400516
960 384 0 48 48 0.356158
960 396 0 48 48 0.097262
960 408 0 48 48 0.435393
960 420 0 48 48 0.400516
960 264 0 44 44 0.016912
960 352 0 44 44 0.550583
960 363 0 44 44 0.244549
960 144 18 36 36 0.349235
960 432 0 36 36 0.770102
960 432 18 36 36 0.637983
960 432 27 36 36 1.552927
960 441 0 36 36 0.182978
960 441 18 36 36 0.542707
960 441 27 36 36 1.779917
960 450 27 36 36 1.431261
960 459 27 36 36 1.021884
960 136 152 32 32 1.855438
960 144 8 32 32 1.237665
960 154 21 28 28 0.268733
990 9 153 36 36 2.183801
990 9 162 36 36 0.531444
990 18 153 36 36 1.611742
990 16 152 32 32 0.887021
990 24 128 32 32 0.222501
990 24 144 32 32 1.345426
990 24 152 32 32 0.489532
990 14 133 28 28 1.643944
990 300 192 24 24 0.652408
990 306 192 24 24 1.287638
990 384 0 24 24 0.399929
990 390 0 24 24 0.447563
990 396 0 24 24 0.222716
990 480 0 24 24 3.577089
990 486 0 24 24 3.821113
990 492 0 24 24 3.603363
990 498 0 24 24 3.419042
1020 384 152 32 32 0.604560
1020 392 144 32 32 1.585812
1020 392 152 32 32 2.204116
1020 400 144 32 32 0.510451
1020 400 152 32 32 0.673343
1020 294 192 24 24 0.488119
1020 300 192 24 24 3.887973
1020 306 192 24 24 1.567533
1050 20 160 40 40 1.564196
1050 30 160 40 40 1.254723
1050 27 162 36 36 0.925110
1050 27 171 36 36 0.345835
1050 0 128 32 32 1.547463
1050 7 133 28 28 4.121883
1050 14 133 28 28 0.964704
1050 306 192 24 24 0.277872
1080 288 162 36 36 1.792603
1080 297 153 36 36 0.646841
1080 297 162 36 36 4.870353
1080 306 162 36 36 0.205208
1080 432 144 36 36 0.877620
1080 432 153 36 36 1.259575
1080 441 153 36 36 2.282874
1080 459 162 36 36 3.987859
1080 128 152 32 32 0.245583
1080 0 210 24 24 1.360750
1080 6 210 24 24 2.183963
1080 108 192 24 24 1.691584
1110 10 140 40 40 0.155754
1110 306 153 36 36 0.471217
1110 306 162 36 36 1.550746
1110 315 162 36 36 3.613318
1110 315 171 36 36 1.685172
1110 102 192 24 24 1.604266
1140 198 154 44 44 2.705546
1140 9 162 36 36 0.767773
1140 153 144 36 36 0.388755
1140 162 144 36 36 2.157787
1140 216 171 36 36 4.946495
1140 306 162 36 36 0.363174
1140 315 162 36 36 2.398986
1140 315 171 36 36 3.269899
1140 102 192 24 24 0.464741
1140 288 204 24 24 1.626104
1170 264 168 48 48 0.170425
1170 264 168 48 48 0.170425
1170 176 154 44 44 0.301755
1170 242 154 44 44 0.218178
1170 10 160 40 40 0.353223
1170 160 160 40 40 3.074494
1170 160 170 40 40 1.517607
1170 170 160 40 40 2.812192
1170 170 170 40 40 3.028944
1170 170 180 40 40 2.517999
1170 180 160 40 40 1.808935
1170 180 170 40 40 0.919928
1170 180 180 40 40 0.100143
1170 240 170 40 40 0.764214
1170 18 171 36 36 0.271166
1170 27 153 36 36 0.098795
1170 27 162 36 36 2.892440
1170 144 144 36 36 0.291290
1170 144 153 36 36 6.405703
1170 144 162 36 36 3.760982
1170 153 153 36 36 1.356503
1170 153 162 36 36 3.215923
1170 162 162 36 36 0.981670
1170 162 171 36 36 2.790390
1170 198 162 36 36 0.057494
1170 198 171 36 36 0.392956
1170 450 171 36 36 0.284103
1170 144 152 32 32 0.859276
1170 192 210 24 24 1.715067
1170 198 204 24 24 0.051888
1170 198 210 24 24 0.196894
1170 204 210 24 24 2.664605
1170 210 210 24 24 2.040532
1170 402 96 24 24 0.091518
1200 216 168 48 48 0.897596
1200 216 168 48 48 0.897596
1200 22 154 44 44 0.970223
1200 22 176 44 44 0.103245
1200 33 154 44 44 0.626586
1200 0 170 40 40 0.159584
1200 10 180 40 40 0.972066
1200 20 180 40 40 2.806460
1200 30 170 40 40 1.706908
1200 30 180 40 40 3.334416
1200 220 180 40 40 1.394255
1200 240 190 40 40 2.043619
1200 198 162 36 36 1.713994
1200 198 171 36 36 0.002120
1200 459 162 36 36 0.480492
1200 144 210 24 24 0.509957
1200 192 102 24 24 0.514982
1200 198 102 24 24 0.643802
1200 204 102 24 24 0.031093
1200 288 204 24 24 0.875352
1200 294 204 24 24 2.190723
1200 294 210 24 24 0.493245
1200 384 84 24 24 1.377709
1200 390 84 24 24 1.204367
1200 390 108 24 24 0.352784
1200 396 84 24 24 1.365425
1200 396 108 24 24 0.569959
1200 402 84 24 24 1.545070
1200 402 108 24 24 0.495701
1200 492 114 24 24 0.608934
1200 498 114 24 24 2.591459
1230 24 168 48 48 1.070028
1230 36 168 48 48 2.660726
1230 192 0 48 48 0.323935
1230 216 0 48 48 0.278487
1230 384 12 48 48 0.523128
1230 396 12 48 48 0.685729
1230 408 12 48 48 0.979111
1230 420 12 48 48 0.989198
1230 24 168 48 48 1.070028
1230 36 168 48 48 2.660726
1230 192 0 48 48 0.323935
1230 216 0 48 48 0.278487
1230 384 12 48 48 0.523128
1230 396 12 48 48 0.685729
1230 408 12 48 48 0.979111
1230 420 12 48 48 0.989198
1230 33 176 44 44 1.155160
1230 176 11 44 44 1.276648
1230 187 11 44 44 1.429308
1230 198 11 44 44 0.857367
1230 242 11 44 44 1.099534
1230 264 11 44 44 0.512477
1230 352 0 44 44 0.405834
1230 352 11 44 44 1.709865
1230 352 22 44 44 1.255593
1230 363 11 44 44 0.812129
1230 363 22 44 44 1.208413
1230 374 11 44 44 0.699061
1230 374 22 44 44 1.376763
1230 385 11 44 44 0.596571
1230 385 22 44 44 1.624859
1230 160 20 40 40 0.736603
1230 160 160 40 40 3.516375
1230 170 20 40 40 0.814745
1230 170 160 40 40 2.320049
1230 180 20 40 40 0.579300
1230 240 20 40 40 0.060039
1230 240 30 40 40 0.555208
1230 320 30 40 40 0.598777
1230 330 20 40 40 0.757161
1230 330 30 40 40 1.264584
1230 340 20 40 40 1.475169
1230 340 30 40 40 1.861548
1230 350 20 40 40 2.680156
1230 350 30 40 40 2.768131
1230 144 171 36 36 1.167004
1230 153 162 36 36 1.376569
1230 153 171 36 36 0.761929
1230 162 153 36 36 2.315200
1230 162 162 36 36 1.177048
1230 162 171 36 36 1.574004
1230 448 98 28 28 1.654690
1230 455 98 28 28 1.381380
1230 462 98 28 28 1.166040
1230 469 98 28 28 1.299731
1230 132 96 24 24 1.722502
1230 132 204 24 24 0.292928
1230 144 96 24 24 2.374564
1230 192 96 24 24 3.645365
1230 192 210 24 24 2.986935
1230 198 96 24 24 3.276633
1230 198 204 24 24 2.234721
1230 198 210 24 24 3.085251
1230 204 96 24 24 2.774746
1230 204 204 24 24 0.175958
1230 210 96 24 24 2.193888
1230 288 102 24 24 0.040388
1230 294 96 24 24 0.574988
1230 294 102 24 24 0.885411
1230 300 96 24 24 0.805836
1230 300 102 24 24 1.475555
1230 306 96 24 24 0.907276
1230 306 102 24 24 1.552147
1230 384 102 24 24 2.789603
1230 390 102 24 24 2.395526
1230 396 102 24 24 2.624789
1230 402 102 24 24 3.189556
1230 480 102 24 24 0.130737
1230 480 108 24 24 2.974902
1230 486 108 24 24 2.667679
1230 492 108 24 24 2.019136
1230 498 108 24 24 0.832504
1260 396 0 48 48 0.533044
1260 408 0 48 48 1.499546
1260 420 0 48 48 2.063677
1260 396 0 48 48 0.533044
1260 408 0 48 48 1.499546
1260 420 0 48 48 2.063677
1260 11 154 44 44 3.639077
1260 22 154 44 44 2.152833
1260 33 154 44 44 2.557010
1260 352 0 44 44 2.136655
1260 363 0 44 44 2.017655
1260 374 0 44 44 2.282296
1260 385 0 44 44 2.602612
1260 30 170 40 40 0.205095
1260 320 10 40 40 0.660888
1260 330 0 40 40 0.393824
1260 330 10 40 40 1.736274
1260 340 0 40 40 1.118883
1260 340 10 40 40 1.995520
1260 350 0 40 40 1.012235
1260 350 10 40 40 1.972507
1260 432 18 36 36 3.003490
1260 441 18 36 36 3.143469
1260 441 27 36 36 0.441941
1260 450 18 36 36 3.081671
1260 450 27 36 36 0.860057
1260 459 18 36 36 2.663206
1260 459 27 36 36 0.602901
1260 384 24 32 32 0.276569
1260 392 24 32 32 0.885889
1260 400 24 32 32 1.386218
1260 408 24 32 32 0.983597
1260 96 84 24 24 1.553891
1260 96 210 24 24 0.734691
1260 102 84 24 24 1.310270
1260 102 210 24 24 2.528082
1260 108 84 24 24 1.368662
1260 108 210 24 24 0.747592
1260 132 84 24 24 1.968359
1260 144 84 24 24 1.316315
1260 288 96 24 24 0.620794
1260 294 96 24 24 1.048671
1260 300 96 24 24 1.318959
1260 306 96 24 24 1.872034
1260 384 96 24 24 2.997404
1260 384 102 24 24 1.861513
1260 390 96 24 24 2.599114
1260 390 102 24 24 2.100247
1260 396 96 24 24 2.777629
1260 396 102 24 24 0.832488
1260 402 96 24 24 2.588542
1260 402 102 24 24 0.553560
1260 480 96 24 24 0.092016
1260 480 102 24 24 3.873107
1260 486 102 24 24 3.656082
1260 492 102 24 24 4.117246
1260 492 108 24 24 0.300611
1260 498 102 24 24 4.290955
1260 498 108 24 24 0.685037
1290 264 24 48 48 1.298768
1290 264 36 48 48 0.647111
1290 288 24 48 48 0.599525
1290 288 36 48 48 1.116609
1290 384 36 48 48 1.813296
1290 396 36 48 48 2.286577
1290 408 36 48 48 2.842867
1290 420 12 48 48 0.709158
1290 420 24 48 48 1.092144
1290 420 36 48 48 3.037062
1290 264 24 48 48 1.298768
1290 264 36 48 48 0.647111
1290 288 24 48 48 0.599525
1290 288 36 48 48 1.116609
1290 384 36 48 48 1.813296
1290 396 36 48 48 2.286577
1290 408 36 48 48 2.842867
1290 420 12 48 48 0.709158
1290 420 24 48 48 1.092144
1290 420 36 48 48 3.037062
1290 33 33 44 44 0.285880
1290 264 33 44 44 1.791663
1290 352 33 44 44 1.870751
1290 363 22 44 44 0.844108
1290 363 33 44 44 2.838317
1290 374 22 44 44 1.277179
1290 374 33 44 44 1.520795
1290 385 22 44 44 1.036134
1290 0 180 40 40 1.528732
1290 10 180 40 40 0.231360
1290 20 180 40 40 1.394121
1290 112 224 28 28 2.442369
1290 455 0 28 28 0.921577
1290 462 0 28 28 1.788754
1290 469 0 28 28 2.098015
1290 96 84 24 24 0.782730
1290 102 84 24 24 0.604359
1290 108 84 24 24 0.435645
1290 132 84 24 24 0.448669
1290 144 84 24 24 1.246812
1290 144 108 24 24 1.539127
1290 288 84 24 24 3.571316
1290 294 84 24 24 3.230168
1290 300 84 24 24 2.652113
1290 306 84 24 24 2.592547
1290 384 0 24 24 1.417503
1290 384 96 24 24 0.326284
1290 390 0 24 24 1.410452
1290 390 96 24 24 1.030282
1290 390 102 24 24 0.527987
1290 396 0 24 24 0.784279
1290 396 96 24 24 0.736276
1290 396 102 24 24 1.040166
1290 402 0 24 24 0.120726
1290 402 96 24 24 0.159553
1290 480 0 24 24 0.203749
1290 480 6 24 24 2.253720
1290 480 12 24 24 0.767843
1290 480 96 24 24 2.842936
1290 480 102 24 24 0.334544
1290 486 6 24 24 2.102127
1290 486 12 24 24 1.192362
1290 486 96 24 24 2.401677
1290 492 6 24 24 1.695320
1290 492 12 24 24 1.575889
1290 492 96 24 24 2.058553
1290 492 102 24 24 0.673645
1290 498 6 24 24 1.423707
1290 498 12 24 24 1.613325
1290 498 96 24 24 0.942067
1290 498 102 24 24 0.542650
1320 12 216 48 48 1.434428
1320 24 204 48 48 0.896482
1320 24 216 48 48 0.524702
1320 24 228 48 48 1.210001
1320 192 168 48 48 3.599667
1320 396 0 48 48 0.610930
1320 408 0 48 48 1.948171
1320 420 0 48 48 2.227291
1320 420 192 48 48 0.205239
1320 12 216 48 48 1.434428
1320 24 204 48 48 0.896482
1320 24 216 48 48 0.524702
1320 24 228 48 48 1.210001
1320 192 168 48 48 3.599667
1320 396 0 48 48 0.610930
1320 408 0 48 48 1.948171
1320 420 0 48 48 2.227291
1320 420 192 48 48 0.205239
1320 11 0 44 44 0.652291
1320 22 0 44 44 1.672625
1320 33 0 44 44 2.138438
1320 33 209 44 44 1.350459
1320 176 0 44 44 1.702246
1320 176 176 44 44 1.799439
1320 187 0 44 44 1.400568
1320 187 176 44 44 7.074549
1320 198 0 44 44 1.023463
1320 198 176 44 44 3.418707
1320 264 0 44 44 0.502423
1320 352 0 44 44 2.191746
1320 363 0 44 44 2.050160
1320 374 0 44 44 0.572305
1320 385 0 44 44 0.332829
1320 0 0 40 40 1.682735
1320 10 0 40 40 1.379122
1320 20 0 40 40 2.035825
1320 20 10 40 40 0.140368
1320 30 0 40 40 2.484628
1320 30 10 40 40 1.377510
1320 160 0 40 40 2.889247
1320 160 10 40 40 1.943178
1320 170 0 40 40 2.846760
1320 170 10 40 40 2.478578
1320 180 0 40 40 2.756646
1320 180 10 40 40 2.349642
1320 220 0 40 40 2.726772
1320 220 10 40 40 1.626111
1320 240 0 40 40 1.069536
1320 240 10 40 40 0.304878
1320 320 10 40 40 0.848863
1320 330 10 40 40 1.125621
1320 340 10 40 40 1.527235
1320 350 10 40 40 1.659801
1320 0 9 36 36 2.781785
1320 9 9 36 36 2.741968
1320 18 9 36 36 2.616828
1320 27 9 36 36 2.670687
1320 144 9 36 36 2.362659
1320 144 18 36 36 2.157687
1320 153 9 36 36 2.526919
1320 153 18 36 36 2.085848
1320 162 9 36 36 2.623194
1320 162 18 36 36 2.311590
1320 198 9 36 36 2.139191
1320 198 18 36 36 1.502136
1320 198 171 36 36 0.321458
1320 216 9 36 36 2.020562
1320 216 18 36 36 1.391065
1320 288 18 36 36 2.238931
1320 297 18 36 36 2.172487
1320 306 18 36 36 1.545779
1320 315 18 36 36 1.829708
1320 432 0 36 36 0.149058
1320 432 18 36 36 2.220836
1320 432 27 36 36 2.253725
1320 441 0 36 36 0.878913
1320 441 18 36 36 2.132821
1320 441 27 36 36 2.999597
1320 450 0 36 36 0.345953
1320 450 18 36 36 1.619812
1320 450 27 36 36 3.346604
1320 459 18 36 36 0.377849
1320 459 27 36 36 3.503078
1320 0 16 32 32 1.815907
1320 8 16 32 32 1.936051
1320 8 24 32 32 0.385604
1320 16 16 32 32 1.393956
1320 16 24 32 32 0.551556
1320 24 16 32 32 1.299409
1320 128 16 32 32 0.552952
1320 128 24 32 32 3.916229
1320 136 16 32 32 0.098222
1320 136 24 32 32 3.949640
1320 144 24 32 32 3.360649
1320 176 16 32 32 0.132438
1320 176 24 32 32 2.852637
1320 192 24 32 32 2.375054
1320 384 24 32 32 0.452336
1320 400 24 32 32 0.102163
1320 112 224 28 28 2.697515
1320 119 224 28 28 1.976095
1320 224 224 28 28 10.724249
1320 224 231 28 28 8.041282
1320 224 238 28 28 3.374667
1320 231 224 28 28 0.956621
1320 231 231 28 28 0.569719
1320 448 21 28 28 0.129099
1320 455 14 28 28 0.036027
1320 455 21 28 28 0.939144
1320 462 14 28 28 0.702509
1320 462 21 28 28 0.350108
1320 469 14 28 28 0.581101
1320 469 21 28 28 0.267027
1320 288 84 24 24 1.487804
1320 294 84 24 24 0.836763
1320 300 84 24 24 0.586557
1320 306 84 24 24 0.152867
1350 408 204 48 48 1.854286
1350 408 204 48 48 1.854286
1350 220 20 40 40 0.369238
1350 240 20 40 40 0.423521
1350 320 0 40 40 1.456328
1350 330 0 40 40 1.335153
1350 340 0 40 40 0.116614
1350 18 9 36 36 0.523389
1350 18 18 36 36 1.724162
1350 144 9 36 36 0.113433
1350 198 9 36 36 1.088542
1350 198 18 36 36 0.070253
1350 198 27 36 36 1.080076
1350 216 27 36 36 1.036202
1350 306 9 36 36 0.441541
1350 315 9 36 36 1.899591
1350 24 24 32 32 2.412429
1350 128 24 32 32 0.094118
1350 136 24 32 32 0.218477
1350 144 24 32 32 0.513210
1350 176 280 32 32 0.597336
1350 400 24 32 32 1.272534
1350 408 16 32 32 0.867103
1350 408 24 32 32 1.382695
1350 14 126 28 28 1.151293
1350 14 133 28 28 1.063813
1350 21 119 28 28 0.891921
1350 21 126 28 28 2.941483
1350 224 21 28 28 0.601599
1350 231 21 28 28 0.633700
1350 343 21 28 28 0.905772
1350 350 21 28 28 2.171001
1350 357 21 28 28 1.958134
1350 357 119 28 28 2.657585
1350 0 96 24 24 1.503033
1350 0 210 24 24 0.406859
1350 6 192 24 24 0.131859
1350 96 0 24 24 0.821847
1350 102 0 24 24 0.557800
1350 108 0 24 24 0.648019
1380 0 168 48 48 4.808929
1380 0 168 48 48 4.808929
1380 0 154 44 44 7.244806
1380 0 176 44 44 0.448976
1380 11 154 44 44 3.269126
1380 11 176 44 44 1.676865
1380 22 154 44 44 0.310246
1380 33 154 44 44 1.159404
1380 10 160 40 40 3.846982
1380 10 170 40 40 3.001807
1380 10 190 40 40 1.112161
1380 20 160 40 40 2.717625
1380 20 170 40 40 1.270196
1380 27 171 36 36 0.853451
1380 432 9 36 36 1.218820
1380 441 9 36 36 1.540725
1380 450 9 36 36 1.894907
1380 450 18 36 36 0.126077
1380 459 9 36 36 2.057735
1380 459 18 36 36 0.251425
1380 128 112 32 32 0.335423
1380 136 112 32 32 0.091281
1380 384 16 32 32 0.752621
1380 384 24 32 32 1.476596
1380 392 16 32 32 0.589308
1380 392 24 32 32 1.470497
1380 400 16 32 32 0.364474
1380 400 24 32 32 1.458651
1380 408 16 32 32 0.246385
1380 408 24 32 32 1.210702
1380 21 231 28 28 0.822607
1380 168 126 28 28 2.550695
1380 0 18 24 24 0.390593
1380 132 84 24 24 1.180396
1380 132 192 24 24 5.406349
1380 132 198 24 24 0.388162
1410 0 168 48 48 2.459897
1410 12 168 48 48 5.073665
1410 24 168 48 48 1.167738
1410 0 168 48 48 2.459897
1410 12 168 48 48 5.073665
1410 24 168 48 48 1.167738
1410 0 154 44 44 0.558369
1410 11 154 44 44 6.960364
1410 11 176 44 44 1.106897
1410 22 154 44 44 4.658112
1410 22 176 44 44 3.745484
1410 22 187 44 44 0.529707
1410 33 154 44 44 2.464873
1410 33 176 44 44 0.020150
1410 20 160 40 40 2.002939
1410 20 170 40 40 3.080219
1410 20 190 40 40 1.228335
1410 30 160 40 40 3.913876
1410 30 170 40 40 3.599935
1410 30 180 40 40 0.637192
1410 30 190 40 40 1.738645
1410 27 171 36 36 0.021973
1410 432 9 36 36 1.085577
1410 441 9 36 36 1.023454
1410 450 9 36 36 1.154217
1410 459 9 36 36 1.412389
1410 128 152 32 32 0.144491
1410 144 112 32 32 2.036736
1410 384 16 32 32 1.675078
1410 384 24 32 32 1.052669
1410 392 16 32 32 1.393527
1410 392 24 32 32 0.897324
1410 400 16 32 32 0.559559
1410 400 24 32 32 0.548514
1410 408 16 32 32 0.421892
1410 408 24 32 32 0.525509
1410 154 112 28 28 2.405418
1410 154 119 28 28 4.388618
1410 0 18 24 24 0.031047
1410 6 18 24 24 0.056010
1410 12 18 24 24 0.402934
1410 18 18 24 24 0.428098
1410 144 84 24 24 8.414453
1410 144 192 24 24 4.209829
1440 0 168 48 48 3.306468
1440 12 168 48 48 5.656120
1440 24 168 48 48 1.685101
1440 0 168 48 48 3.306468
1440 12 168 48 48 5.656120
1440 24 168 48 48 1.685101
1440 0 154 44 44 0.492087
1440 0 176 44 44 0.310804
1440 11 154 44 44 6.271016
1440 11 176 44 44 1.508720
1440 22 154 44 44 3.295181
1440 22 176 44 44 4.080587
1440 22 187 44 44 0.668328
1440 33 154 44 44 1.855464
1440 20 160 40 40 1.193497
1440 20 170 40 40 3.533374
1440 20 190 40 40 1.291272
1440 30 160 40 40 3.397946
1440 30 170 40 40 3.573657
1440 30 180 40 40 0.942592
1440 30 190 40 40 1.969435
1440 432 9 36 36 1.000818
1440 441 9 36 36 1.045189
1440 450 9 36 36 1.229791
1440 459 9 36 36 1.580658
1440 128 152 32 32 0.265325
1440 144 112 32 32 1.994516
1440 384 16 32 32 1.073003
1440 384 24 32 32 1.504646
1440 392 16 32 32 0.755839
1440 392 24 32 32 1.743914
1440 400 16 32 32 0.306269
1440 400 24 32 32 1.384895
1440 408 16 32 32 0.131522
1440 408 24 32 32 1.381219
1440 154 112 28 28 1.059166
1440 154 119 28 28 4.869243
1440 154 126 28 28 0.999606
1440 168 112 28 28 0.769480
1440 0 18 24 24 0.421352
1440 6 18 24 24 0.350195
1440 12 18 24 24 0.190815
1440 18 18 24 24 0.033546
1440 144 84 24 24 9.125677
1440 144 192 24 24 4.292059
1470 0 168 48 48 3.200852
1470 12 168 48 48 5.579670
1470 24 168 48 48 1.668658
1470 0 168 48 48 3.200852
1470 12 168 48 48 5.579670
1470 24 168 48 48 1.668658
1470 0 154 44 44 0.446142
1470 0 176 44 44 0.174259
1470 11 154 44 44 6.502818
1470 11 176 44 44 1.393981
1470 22 154 44 44 3.248338
1470 22 176 44 44 3.994554
1470 22 187 44 44 0.258055
1470 33 154 44 44 1.851970
1470 20 160 40 40 1.544232
1470 20 170 40 40 4.170785
1470 20 190 40 40 1.092887
1470 30 160 40 40 3.357474
1470 30 170 40 40 4.343935
1470 30 180 40 40 1.315057
1470 30 190 40 40 1.852233
1470 27 171 36 36 0.328932
1470 432 9 36 36 1.129609
1470 441 9 36 36 1.231878
1470 450 9 36 36 1.485469
1470 459 9 36 36 1.888504
1470 459 18 36 36 0.100882
1470 144 112 32 32 2.111483
1470 384 16 32 32 1.122025
1470 384 24 32 32 1.343778
1470 392 16 32 32 0.488251
1470 392 24 32 32 1.523659
1470 400 24 32 32 1.149512
1470 408 24 32 32 1.043669
1470 154 112 28 28 0.635378
1470 154 119 28 28 4.541809
1470 154 126 28 28 0.842643
1470 168 112 28 28 0.671736
1470 0 18 24 24 0.170546
1470 12 18 24 24 0.055225
1470 144 84 24 24 8.969456
1470 144 192 24 24 4.119090
1500 0 168 48 48 3.006827
1500 12 168 48 48 5.432175
1500 24 168 48 48 1.844462
1500 0 168 48 48 3.006827
1500 12 168 48 48 5.432175
1500 24 168 48 48 1.844462
1500 0 154 44 44 0.135262
1500 11 154 44 44 6.122571
1500 11 176 44 44 1.151372
1500 22 154 44 44 3.242692
1500 22 176 44 44 3.990057
1500 22 187 44 44 0.076031
1500 33 154 44 44 2.021018
1500 20 160 40 40 2.001410
1500 20 170 40 40 4.653672
1500 20 190 40 40 0.847478
1500 30 160 40 40 3.493597
1500 30 170 40 40 5.302485
1500 30 180 40 40 2.102725
1500 30 190 40 40 1.924107
1500 27 171 36 36 0.038808
1500 432 9 36 36 1.515038
1500 441 9 36 36 1.617974
1500 441 18 36 36 0.088599
1500 450 9 36 36 1.891089
1500 450 18 36 36 0.166218
1500 459 9 36 36 2.312398
1500 459 18 36 36 0.297957
1500 144 112 32 32 2.000764
1500 384 16 32 32 1.033046
1500 384 24 32 32 1.024916
1500 392 16 32 32 0.306629
1500 392 24 32 32 1.132278
1500 400 24 32 32 0.806118
1500 408 24 32 32 0.694775
1500 154 112 28 28 0.469879
1500 154 119 28 28 5.168475
1500 154 126 28 28 1.675242
1500 168 112 28 28 1.051657
1500 448 21 28 28 0.102560
1500 0 18 24 24 0.744421
1500 6 18 24 24 0.435160
1500 12 18 24 24 0.339917
1500 132 84 24 24 0.151325
1500 144 84 24 24 8.906459
1500 144 192 24 24 3.404234
1530 0 168 48 48 3.029040
1530 12 168 48 48 3.757942
1530 24 168 48 48 2.957567
1530 0 168 48 48 3.029040
1530 12 168 48 48 3.757942
1530 24 168 48 48 2.957567
1530 0 198 44 44 2.123572
1530 11 154 44 44 1.998388
1530 22 154 44 44 5.939402
1530 22 176 44 44 3.142176
1530 22 187 44 44 0.892488
1530 33 154 44 44 1.675371
1530 33 176 44 44 2.032822
1530 20 170 40 40 0.762825
1530 30 160 40 40 0.507575
1530 30 170 40 40 4.425654
1530 30 180 40 40 1.053048
1530 30 190 40 40 0.075864
1530 432 9 36 36 1.339455
1530 441 9 36 36 2.018312
1530 441 18 36 36 0.134272
1530 450 9 36 36 2.143034
1530 450 18 36 36 0.239009
1530 459 9 36 36 2.360197
1530 459 18 36 36 0.340005
1530 384 24 32 32 0.841282
1530 392 16 32 32 0.756150
1530 392 24 32 32 1.368519
1530 400 16 32 32 0.174513
1530 400 24 32 32 1.717508
1530 408 24 32 32 1.444470
1530 154 119 28 28 0.243716
1530 154 126 28 28 2.059545
1530 168 119 28 28 1.144304
1530 0 18 24 24 0.508481
1530 144 84 24 24 2.758003
1530 144 96 24 24 0.959759
1560 24 192 48 48 0.239095
1560 24 204 48 48 0.032263
1560 36 168 48 48 2.043901
1560 36 192 48 48 1.298986
1560 192 36 48 48 1.695837
1560 24 192 48 48 0.239095
1560 24 204 48 48 0.032263
1560 36 168 48 48 2.043901
1560 36 192 48 48 1.298986
1560 192 36 48 48 1.695837
1560 33 209 44 44 0.744674
1560 160 160 40 40 2.027701
1560 160 170 40 40 3.295026
1560 160 180 40 40 2.853785
1560 160 190 40 40 3.122533
1560 170 170 40 40 1.578263
1560 170 180 40 40 2.690638
1560 170 190 40 40 1.138982
1560 162 171 36 36 0.604689
1560 459 9 36 36 0.445282
1560 408 24 32 32 0.240034
1560 238 126 28 28 3.646333
1560 238 133 28 28 0.717739
1560 245 119 28 28 1.477414
1560 245 126 28 28 0.214569
1560 192 84 24 24 6.165194
1560 192 96 24 24 1.104235
1560 198 84 24 24 6.156815
1560 198 192 24 24 3.070732
1560 198 198 24 24 1.188021
1560 204 192 24 24 2.230947
1560 204 198 24 24 0.127423
1590 192 192 48 48 0.022094
1590 192 204 48 48 2.998153
1590 192 216 48 48 0.868814
1590 204 168 48 48 2.187839
1590 216 168 48 48 1.760484
1590 216 192 48 48 1.712292
1590 192 192 48 48 0.022094
1590 192 204 48 48 2.998153
1590 192 216 48 48 0.868814
1590 204 168 48 48 2.187839
1590 216 168 48 48 1.760484
1590 216 192 48 48 1.712292
1590 187 209 44 44 1.517389
1590 198 209 44 44 4.515726
1590 264 176 44 44 1.267550
1590 240 170 40 40 1.379012
1590 240 180 40 40 1.178567
1590 330 160 40 40 3.514929
1590 330 170 40 40 4.027806
1590 330 180 40 40 3.709855
1590 330 190 40 40 1.424817
1590 340 160 40 40 3.753079
1590 340 170 40 40 3.750331
1590 340 180 40 40 3.718666
1590 340 190 40 40 3.782135
1590 350 160 40 40 3.926879
1590 350 170 40 40 3.471741
1590 350 180 40 40 4.691746
1590 350 190 40 40 3.111951
1590 384 112 32 32 4.299739
1590 384 128 32 32 1.232095
1590 392 112 32 32 5.110803
1590 400 112 32 32 2.307973
1590 408 112 32 32 1.628468
1590 112 7 28 28 1.916942
1590 119 7 28 28 1.444571
1590 126 7 28 28 0.608191
1590 245 224 28 28 1.141779
1590 448 133 28 28 1.643082
1590 12 12 24 24 0.367288
1590 18 12 24 24 0.343817
1590 96 12 24 24 3.400758
1590 96 18 24 24 1.067696
1590 102 0 24 24 0.302827
1590 102 12 24 24 2.973378
1590 102 18 24 24 1.865273
1590 108 0 24 24 0.919010
1590 108 12 24 24 2.406242
1590 108 18 24 24 2.541717
1590 132 18 24 24 2.876974
1590 144 18 24 24 2.318230
1590 384 204 24 24 3.126011
1590 384 210 24 24 3.980611
1590 390 210 24 24 1.022487
1590 402 114 24 24 0.922445
1620 224 7 28 28 1.553302
1620 231 7 28 28 1.323141
1620 238 7 28 28 0.769590
1620 245 0 28 28 0.298242
1620 245 7 28 28 0.008809
1620 210 12 24 24 0.411038
1620 288 6 24 24 0.100615
1620 294 6 24 24 1.258567
1620 300 6 24 24 1.915452
1620 306 6 24 24 1.103083
1620 480 0 24 24 0.423512
1620 486 0 24 24 0.403489
1620 492 0 24 24 0.416960
1620 498 0 24 24 0.273300
1620 498 6 24 24 0.193276
1650 0 0 40 40 0.921438
1650 0 0 36 36 2.582925
1650 0 9 36 36 2.917741
1650 0 126 36 36 0.676578
1650 9 0 36 36 1.080736
1650 9 9 36 36 1.352975
1650 0 8 32 32 1.487363
1650 0 16 32 32 3.356741
1650 0 24 32 32 1.211818
1650 0 128 32 32 4.972740
1650 0 136 32 32 1.479119
1650 8 8 32 32 1.768778
1650 8 16 32 32 3.954999
1650 8 24 32 32 0.417759
1650 8 128 32 32 2.420868
1650 8 136 32 32 1.251135
1650 16 8 32 32 0.652937
1650 16 16 32 32 2.051117
1650 16 128 32 32 0.791310
1650 0 21 28 28 0.408667
1650 7 14 28 28 0.280975
1650 7 21 28 28 0.900291
1650 14 14 28 28 0.304366
1650 14 21 28 28 1.891565
1650 21 14 28 28 1.023449
1650 21 21 28 28 1.746337
1680 20 140 40 40 1.593341
1680 30 140 40 40 1.099943
1680 144 18 36 36 0.163278
1680 144 27 36 36 0.568271
1680 153 18 36 36 2.617598
1680 162 18 36 36 0.767035
1680 198 126 36 36 3.741923
1680 192 136 32 32 0.954363
1680 192 144 32 32 1.313765
1710 242 0 44 44 1.511964
1710 264 0 44 44 0.747415
1710 20 0 40 40 0.789441
1710 30 0 40 40 1.251306
1710 240 10 40 40 0.415895
1710 330 140 40 40 2.471270
1710 340 140 40 40 1.084026
1710 0 126 36 36 2.105983
1710 9 126 36 36 5.170212
1710 18 126 36 36 0.852153
1710 144 18 36 36 0.286344
1710 144 27 36 36 0.606078
1710 144 144 36 36 5.028052
1710 144 153 36 36 2.714641
1710 153 144 36 36 0.403191
1710 153 153 36 36 0.890946
1710 8 128 32 32 3.649572
1710 8 136 32 32 3.421438
1710 16 128 32 32 8.091146
1710 16 136 32 32 5.665070
1710 24 128 32 32 5.433011
1710 24 136 32 32 3.756480
1710 144 24 32 32 1.632261
1710 192 136 32 32 1.376409
1710 192 144 32 32 0.169366
1710 14 133 28 28 0.327798
1710 21 133 28 28 5.224804
1710 119 14 28 28 0.014398
1710 126 14 28 28 0.049948
1740 16 48 64 64 0.695482
1740 48 48 64 64 1.089870
1740 220 0 40 40 1.639795
1740 220 140 40 40 0.788285
1740 240 0 40 40 0.855444
1740 340 0 40 40 1.672000
1740 350 0 40 40 0.339162
1740 144 153 36 36 0.264421
1740 153 144 36 36 0.097002
1740 153 153 36 36 2.718516
1740 162 144 36 36 0.638982
1740 162 153 36 36 1.973155
1740 216 144 36 36 0.195018
1740 216 153 36 36 1.961704
1740 288 144 36 36 0.553887
1740 297 126 36 36 0.232504
1740 297 144 36 36 0.410432
1740 0 136 32 32 5.587124
1740 0 144 32 32 6.109049
1740 0 152 32 32 1.949674
1740 8 136 32 32 3.024288
1740 8 144 32 32 2.655945
1740 16 144 32 32 0.686084
1740 24 144 32 32 2.232507
1740 128 16 32 32 3.213645
1740 136 16 32 32 2.037563
1740 256 16 32 32 1.176552
1740 126 133 28 28 4.800887
1770 18 144 36 36 1.735499
1770 27 126 36 36 3.071257
1770 27 144 36 36 5.115352
1770 144 126 36 36 1.692642
1770 153 126 36 36 2.236023
1770 162 126 36 36 2.436365
1770 288 9 36 36 0.285961
1770 432 144 36 36 1.356424
1770 24 144 32 32 2.141380
1770 128 144 32 32 0.513714
1770 136 136 32 32 3.701158
1770 136 144 32 32 3.720430
1770 144 136 32 32 4.317473
1770 144 144 32 32 5.291072
1770 144 152 32 32 0.697303
1770 192 18 24 24 0.723915
1770 306 6 24 24 2.024915
1770 306 12 24 24 1.597321
1770 306 18 24 24 0.018468
1800 0 140 40 40 4.411656
1800 10 140 40 40 5.499468
1800 20 140 40 40 4.194975
1800 30 140 40 40 2.857571
1800 9 144 36 36 5.176328
1800 9 153 36 36 3.656892
1800 18 144 36 36 7.112725
1800 18 153 36 36 5.988050
1800 27 144 36 36 5.831748
1800 27 153 36 36 3.320669
1800 144 144 36 36 2.063423
1800 153 126 36 36 0.607805
1800 162 126 36 36 4.907010
1800 8 24 32 32 0.533274
1800 16 24 32 32 0.148230
1800 16 144 32 32 4.644265
1800 16 152 32 32 4.562958
1800 24 144 32 32 7.323988
1800 24 152 32 32 6.730498
1800 136 152 32 32 0.033870
1800 144 144 32 32 2.085326
1800 144 152 32 32 6.494085
1800 176 112 32 32 0.132266
1800 176 136 32 32 0.678264
1800 408 136 32 32 2.802289
1830 32 48 64 64 0.901997
1830 48 48 64 64 3.166439
1830 0 170 40 40 0.852143
1830 0 162 36 36 0.803671
1830 0 171 36 36 1.613531
1830 9 171 36 36 0.109652
1830 306 171 36 36 0.124332
1830 400 136 32 32 0.889116
1830 400 144 32 32 0.921256
1830 408 136 32 32 6.313768
1830 408 144 32 32 2.207592
1830 0 204 24 24 0.825919
1830 6 192 24 24 1.063926
1830 6 198 24 24 8.030942
1830 6 204 24 24 4.704181
1830 12 192 24 24 7.148821
1830 12 198 24 24 8.112529
1830 12 204 24 24 6.418014
1830 18 192 24 24 0.941425
1830 18 198 24 24 1.185133
