30 16 16 64 64 0.822590
30 16 32 64 64 0.536959
30 32 16 64 64 2.032609
30 48 16 64 64 0.571256
30 352 16 64 64 0.987451
30 352 32 64 64 0.289235
30 396 12 48 48 0.584724
30 408 24 48 48 3.099519
30 396 12 48 48 0.584724
30 408 24 48 48 3.099519
30 11 0 44 44 2.036852
30 242 33 44 44 0.739809
30 20 0 40 40 0.170549
30 20 10 40 40 0.011171
30 0 126 36 36 1.653977
30 198 144 36 36 1.317434
30 0 112 32 32 3.096907
30 0 128 32 32 5.389417
30 0 136 32 32 6.293138
30 0 144 32 32 4.713871
30 8 112 32 32 0.187283
30 8 128 32 32 2.604718
30 8 136 32 32 3.787420
30 8 144 32 32 0.139561
30 192 144 32 32 1.491403
30 192 152 32 32 0.623703
30 256 144 32 32 0.996497
30 384 8 32 32 3.822231
30 384 16 32 32 0.559501
30 392 112 32 32 5.689256
30 392 128 32 32 0.557908
30 392 136 32 32 0.196576
30 400 112 32 32 6.291659
30 0 119 28 28 1.215522
30 0 133 28 28 2.954275
30 7 119 28 28 2.148036
30 14 119 28 28 1.150571
30 336 112 28 28 2.468196
30 336 119 28 28 0.603475
30 448 98 28 28 2.284646
30 448 119 28 28 3.045182
30 448 126 28 28 1.254593
30 455 119 28 28 7.074402
30 455 126 28 28 0.672047
30 462 119 28 28 3.535114
30 6 0 24 24 0.827090
30 12 0 24 24 3.896711
30 384 6 24 24 0.358912
30 492 96 24 24 0.314181
30 492 102 24 24 2.435462
30 498 96 24 24 1.629806
30 498 102 24 24 3.467480
60 16 16 64 64 0.800493
60 16 32 64 64 0.477197
60 32 16 64 64 2.219076
60 48 16 64 64 0.611394
60 352 16 64 64 1.105094
60 352 32 64 64 0.427590
60 396 12 48 48 0.742431
60 408 24 48 48 3.114098
60 396 12 48 48 0.742431
60 408 24 48 48 3.114098
60 11 0 44 44 1.983263
60 242 33 44 44 1.017370
60 363 33 44 44 1.242447
60 20 0 40 40 0.264352
60 0 126 36 36 2.055333
60 198 144 36 36 1.049919
60 0 112 32 32 3.280566
60 0 128 32 32 5.329458
60 0 136 32 32 6.032034
60 0 144 32 32 4.373364
60 8 112 32 32 0.552150
60 8 128 32 32 2.575400
60 8 136 32 32 3.746907
60 8 144 32 32 0.072988
60 16 128 32 32 0.358821
60 16 136 32 32 0.168481
60 192 144 32 32 1.135647
60 256 144 32 32 1.390402
60 384 0 32 32 0.244521
60 384 8 32 32 3.742317
60 384 16 32 32 0.492722
60 392 112 32 32 5.278543
60 400 112 32 32 7.068779
60 0 119 28 28 1.761503
60 0 133 28 28 3.046041
60 7 119 28 28 2.493122
60 14 119 28 28 1.636636
60 21 133 28 28 1.051197
60 336 98 28 28 3.303380
60 336 112 28 28 0.845119
60 448 98 28 28 2.242903
60 448 119 28 28 2.923985
60 448 126 28 28 1.102078
60 455 119 28 28 6.601206
60 455 126 28 28 0.627479
60 462 119 28 28 3.108304
60 6 0 24 24 1.257556
60 6 6 24 24 0.379831
60 12 0 24 24 3.759413
60 12 6 24 24 0.026958
60 384 6 24 24 0.177237
60 486 102 24 24 0.103975
60 492 96 24 24 0.287664
60 492 102 24 24 2.332138
60 498 96 24 24 1.475310
60 498 102 24 24 3.102365
90 32 16 64 64 1.893768
90 48 16 64 64 2.275919
90 352 16 64 64 0.990187
90 352 32 64 64 0.172799
90 396 12 48 48 0.766668
90 408 12 48 48 0.467898
90 408 24 48 48 3.520492
90 396 12 48 48 0.766668
90 408 12 48 48 0.467898
90 408 24 48 48 3.520492
90 11 0 44 44 1.546355
90 242 33 44 44 0.949362
90 20 0 40 40 0.339777
90 20 10 40 40 0.053176
90 0 126 36 36 1.737355
90 198 144 36 36 2.607656
90 0 112 32 32 3.402253
90 0 128 32 32 5.571698
90 0 136 32 32 6.130322
90 0 144 32 32 4.495732
90 8 112 32 32 0.684779
90 8 128 32 32 2.852272
90 8 136 32 32 3.679483
90 16 128 32 32 0.404773
90 192 144 32 32 0.133049
90 256 144 32 32 1.402371
90 384 0 32 32 0.589590
90 384 8 32 32 4.353563
90 384 16 32 32 0.681082
90 384 112 32 32 0.234077
90 392 112 32 32 5.920670
90 392 128 32 32 0.869084
90 392 136 32 32 0.293684
90 400 112 32 32 6.586025
90 400 136 32 32 0.119410
90 0 119 28 28 1.796045
90 0 133 28 28 3.326825
90 7 119 28 28 2.383541
90 14 119 28 28 1.567225
90 21 126 28 28 0.387216
90 21 133 28 28 1.717690
90 336 112 28 28 3.128916
90 336 119 28 28 2.011556
90 448 98 28 28 2.527400
90 448 119 28 28 2.608558
90 448 126 28 28 0.663845
90 455 119 28 28 6.483417
90 455 126 28 28 0.171080
90 462 119 28 28 3.243501
90 6 0 24 24 0.996323
90 6 6 24 24 0.048553
90 12 0 24 24 3.852948
90 486 102 24 24 0.295398
90 492 96 24 24 0.932913
90 492 102 24 24 2.573198
90 498 96 24 24 1.950751
90 498 102 24 24 4.136240
120 16 16 64 64 0.642013
120 16 32 64 64 0.227586
120 32 16 64 64 2.116065
120 48 16 64 64 0.750119
120 352 16 64 64 1.237300
120 352 32 64 64 0.314329
120 396 12 48 48 0.369901
120 408 24 48 48 3.688231
120 396 12 48 48 0.369901
120 408 24 48 48 3.688231
120 11 0 44 44 2.190677
120 242 33 44 44 0.579182
120 20 0 40 40 1.025485
120 20 10 40 40 0.520491
120 0 126 36 36 1.075429
120 198 144 36 36 2.072263
120 0 112 32 32 3.318667
120 0 128 32 32 5.036597
120 0 136 32 32 6.039473
120 0 144 32 32 5.312236
120 8 112 32 32 0.708748
120 8 128 32 32 2.062282
120 8 136 32 32 3.144303
120 8 144 32 32 1.629360
120 16 128 32 32 0.828993
120 16 136 32 32 0.091696
120 256 144 32 32 0.814410
120 384 8 32 32 4.105770
120 384 16 32 32 0.584368
120 392 112 32 32 5.644615
120 392 128 32 32 1.163067
120 392 136 32 32 1.032021
120 400 112 32 32 6.109750
120 400 128 32 32 0.463472
120 400 136 32 32 0.869424
120 0 119 28 28 1.300936
120 0 133 28 28 2.240161
120 7 112 28 28 0.080511
120 7 119 28 28 1.745882
120 14 119 28 28 1.355986
120 21 133 28 28 0.341680
120 336 112 28 28 2.153551
120 336 119 28 28 1.036038
120 448 98 28 28 2.879036
120 448 119 28 28 2.957207
120 448 126 28 28 1.201514
120 455 119 28 28 6.845316
120 455 126 28 28 0.420686
120 462 119 28 28 3.168175
120 6 0 24 24 1.581829
120 6 6 24 24 0.588824
120 12 0 24 24 3.773573
120 12 6 24 24 0.366372
120 384 6 24 24 0.220178
120 492 96 24 24 0.004994
120 492 102 24 24 1.871929
120 498 96 24 24 1.296054
120 498 102 24 24 3.302639
150 0 32 64 64 0.041694
150 16 16 64 64 0.785092
150 16 32 64 64 0.748319
150 32 16 64 64 1.798234
150 48 16 64 64 0.483284
150 352 16 64 64 1.352633
150 352 32 64 64 0.927825
150 396 12 48 48 1.461060
150 408 12 48 48 1.238466
150 408 24 48 48 4.174042
150 420 24 48 48 1.018264
150 396 12 48 48 1.461060
150 408 12 48 48 1.238466
150 408 24 48 48 4.174042
150 420 24 48 48 1.018264
150 11 0 44 44 1.890375
150 242 33 44 44 0.454958
150 20 0 40 40 0.238772
150 20 10 40 40 0.649216
150 0 126 36 36 3.668380
150 198 144 36 36 2.543373
150 0 128 32 32 4.569337
150 0 136 32 32 5.111325
150 0 144 32 32 5.805302
150 8 128 32 32 3.715224
150 8 136 32 32 5.114052
150 8 144 32 32 0.630113
150 16 128 32 32 2.205928
150 16 136 32 32 0.644099
150 192 144 32 32 0.970722
150 192 152 32 32 0.209814
150 256 144 32 32 0.404898
150 384 8 32 32 3.460233
150 384 16 32 32 0.161889
150 392 112 32 32 5.391883
150 392 128 32 32 1.406286
150 392 136 32 32 1.149088
150 400 112 32 32 5.886021
150 400 128 32 32 0.634013
150 400 136 32 32 1.217777
150 0 133 28 28 4.262331
150 21 133 28 28 0.376142
150 336 112 28 28 0.862915
150 448 98 28 28 3.668841
150 448 119 28 28 2.888649
150 448 126 28 28 1.282858
150 455 119 28 28 6.017313
150 462 119 28 28 3.100810
150 6 0 24 24 1.031997
150 12 0 24 24 3.971287
150 384 6 24 24 0.767895
150 492 96 24 24 0.472433
150 492 102 24 24 2.077314
150 498 96 24 24 1.995528
150 498 102 24 24 3.421648
180 16 16 64 64 0.718531
180 16 32 64 64 0.564530
180 32 16 64 64 2.024965
180 48 16 64 64 0.833880
180 352 16 64 64 1.592043
180 352 32 64 64 1.136937
180 396 12 48 48 1.828915
180 408 12 48 48 1.880000
180 408 24 48 48 4.426516
180 420 24 48 48 1.506842
180 396 12 48 48 1.828915
180 408 12 48 48 1.880000
180 408 24 48 48 4.426516
180 420 24 48 48 1.506842
180 11 0 44 44 1.892129
180 20 0 40 40 0.129408
180 20 10 40 40 0.007009
180 0 126 36 36 1.448057
180 198 144 36 36 2.153520
180 0 112 32 32 1.026924
180 0 128 32 32 5.694885
180 0 136 32 32 6.849209
180 0 144 32 32 6.206561
180 8 128 32 32 2.965075
180 8 136 32 32 2.401999
180 8 144 32 32 2.170441
180 192 144 32 32 0.898685
180 192 152 32 32 0.217738
180 256 144 32 32 0.275869
180 384 8 32 32 3.065483
180 392 112 32 32 5.033602
180 392 128 32 32 1.566649
180 392 136 32 32 1.647736
180 400 112 32 32 4.919835
180 400 128 32 32 0.549957
180 400 136 32 32 1.213525
180 0 133 28 28 0.694050
180 336 112 28 28 0.387588
180 336 119 28 28 0.124885
180 448 98 28 28 3.630272
180 448 119 28 28 3.554139
180 448 126 28 28 2.586603
180 455 119 28 28 6.815928
180 455 126 28 28 0.278388
180 462 119 28 28 3.048485
180 6 0 24 24 0.868782
180 12 0 24 24 3.822823
180 384 6 24 24 0.024266
180 492 102 24 24 2.155974
180 498 96 24 24 1.300422
180 498 102 24 24 3.544822
210 32 16 64 64 1.909707
210 48 16 64 64 0.679217
210 352 16 64 64 1.754098
210 352 32 64 64 1.070602
210 396 12 48 48 1.851297
210 408 12 48 48 1.893267
210 408 24 48 48 4.458128
210 420 24 48 48 1.721194
210 396 12 48 48 1.851297
210 408 12 48 48 1.893267
210 408 24 48 48 4.458128
210 420 24 48 48 1.721194
210 11 0 44 44 1.885954
210 242 33 44 44 0.413359
210 20 0 40 40 0.447695
210 20 10 40 40 0.252048
210 0 126 36 36 3.516338
210 198 144 36 36 2.264018
210 0 112 32 32 1.399274
210 0 128 32 32 4.570392
210 0 136 32 32 6.529714
210 0 144 32 32 6.667841
210 8 128 32 32 2.823728
210 8 136 32 32 4.604731
210 8 144 32 32 5.132611
210 16 128 32 32 1.446064
210 16 136 32 32 2.660322
210 192 144 32 32 0.921113
210 192 152 32 32 0.043749
210 384 8 32 32 3.092745
210 384 16 32 32 0.165124
210 392 112 32 32 4.909820
210 392 128 32 32 1.371149
210 392 136 32 32 1.131110
210 400 112 32 32 5.521592
210 400 128 32 32 0.449511
210 400 136 32 32 0.260455
210 0 133 28 28 2.754549
210 7 133 28 28 0.024658
210 336 112 28 28 1.065272
210 336 119 28 28 0.343243
210 448 98 28 28 3.917944
210 448 119 28 28 3.800816
210 448 126 28 28 2.444443
210 455 98 28 28 0.454415
210 455 119 28 28 6.526921
210 455 126 28 28 0.056651
210 462 119 28 28 2.613342
210 6 0 24 24 1.092141
210 12 0 24 24 3.666415
210 492 96 24 24 0.336819
210 492 102 24 24 2.311747
210 498 96 24 24 1.983431
210 498 102 24 24 3.672179
240 0 32 64 64 0.710269
240 16 16 64 64 0.258529
240 16 32 64 64 0.204785
240 32 16 64 64 1.631936
240 48 16 64 64 0.242656
240 352 16 64 64 1.634604
240 352 32 64 64 0.946105
240 396 12 48 48 1.580474
240 408 12 48 48 1.259909
240 408 24 48 48 4.354837
240 408 36 48 48 0.092746
240 420 24 48 48 1.637760
240 396 12 48 48 1.580474
240 408 12 48 48 1.259909
240 408 24 48 48 4.354837
240 408 36 48 48 0.092746
240 420 24 48 48 1.637760
240 11 0 44 44 2.095666
240 242 33 44 44 0.301030
240 363 33 44 44 0.158264
240 20 0 40 40 0.548416
240 20 10 40 40 0.471935
240 0 126 36 36 5.121757
240 9 126 36 36 3.176374
240 198 144 36 36 2.307972
240 0 112 32 32 2.578229
240 0 128 32 32 4.501887
240 0 136 32 32 6.648470
240 0 144 32 32 4.745314
240 8 112 32 32 0.103155
240 8 128 32 32 2.563791
240 8 136 32 32 7.115176
240 8 144 32 32 5.164280
240 16 128 32 32 1.720139
240 16 136 32 32 7.025733
240 16 144 32 32 6.091318
240 24 136 32 32 0.968946
240 24 144 32 32 0.467512
240 192 144 32 32 1.294259
240 192 152 32 32 0.048591
240 256 144 32 32 0.395031
240 384 0 32 32 0.232364
240 384 8 32 32 2.994444
240 392 112 32 32 5.416919
240 392 128 32 32 1.344965
240 392 136 32 32 0.631552
240 400 112 32 32 6.115753
240 400 128 32 32 0.361166
240 0 119 28 28 0.042317
240 0 133 28 28 0.660627
240 7 119 28 28 0.280050
240 336 112 28 28 1.396285
240 336 119 28 28 1.158529
240 448 98 28 28 3.358167
240 448 119 28 28 4.143764
240 448 126 28 28 2.852470
240 455 119 28 28 7.254565
240 455 126 28 28 0.591807
240 462 119 28 28 2.762042
240 6 0 24 24 0.381619
240 12 0 24 24 3.524225
240 294 96 24 24 0.214751
240 492 96 24 24 0.264948
240 492 102 24 24 1.818460
240 498 96 24 24 2.460211
240 498 102 24 24 3.929900
270 0 32 64 64 0.863802
270 32 16 64 64 0.816289
270 352 16 64 64 1.520437
270 352 32 64 64 1.603406
270 396 12 48 48 1.960376
270 408 12 48 48 0.780060
270 408 24 48 48 4.061538
270 408 36 48 48 0.743330
270 420 24 48 48 1.149119
270 396 12 48 48 1.960376
270 408 12 48 48 0.780060
270 408 24 48 48 4.061538
270 408 36 48 48 0.743330
270 420 24 48 48 1.149119
270 11 0 44 44 1.806174
270 242 33 44 44 0.754904
270 363 33 44 44 0.258334
270 20 10 40 40 0.071173
270 0 126 36 36 3.116687
270 27 126 36 36 0.348048
270 198 144 36 36 3.271451
270 0 112 32 32 1.679671
270 0 128 32 32 5.865844
270 0 136 32 32 6.725750
270 0 144 32 32 4.099998
270 8 128 32 32 4.267109
270 8 136 32 32 5.258986
270 8 144 32 32 0.235871
270 16 128 32 32 0.789216
270 16 136 32 32 3.609148
270 192 144 32 32 0.411907
270 256 144 32 32 0.970054
270 384 0 32 32 0.057113
270 384 8 32 32 3.066312
270 384 16 32 32 0.629538
270 384 112 32 32 0.088997
270 384 128 32 32 0.357402
270 392 112 32 32 4.869138
270 392 128 32 32 2.448145
270 392 136 32 32 1.428428
270 400 112 32 32 4.314406
270 400 128 32 32 1.035669
270 400 136 32 32 1.597168
270 0 119 28 28 0.024820
270 0 133 28 28 1.431656
270 7 119 28 28 1.451449
270 336 112 28 28 2.265154
270 336 119 28 28 0.768593
270 448 98 28 28 3.564547
270 448 119 28 28 2.648137
270 448 126 28 28 3.747419
270 455 119 28 28 7.315571
270 455 126 28 28 3.342824
270 462 119 28 28 2.157433
270 6 0 24 24 1.450716
270 6 6 24 24 1.183311
270 12 0 24 24 4.275502
270 12 6 24 24 2.361387
270 492 102 24 24 0.420815
270 498 96 24 24 0.886563
270 498 102 24 24 2.965023
300 0 32 64 64 1.492090
300 16 16 64 64 0.076115
300 16 48 64 64 0.120215
300 32 16 64 64 0.664541
300 352 16 64 64 1.248523
300 352 32 64 64 1.631138
300 396 12 48 48 1.966665
300 396 24 48 48 0.234424
300 408 12 48 48 0.753906
300 408 24 48 48 4.086407
300 408 36 48 48 1.095217
300 420 24 48 48 1.278015
300 396 12 48 48 1.966665
300 396 24 48 48 0.234424
300 408 12 48 48 0.753906
300 408 24 48 48 4.086407
300 408 36 48 48 1.095217
300 420 24 48 48 1.278015
300 11 0 44 44 1.752722
300 242 33 44 44 0.119300
300 363 33 44 44 0.627953
300 20 10 40 40 0.288816
300 0 126 36 36 3.893512
300 9 126 36 36 0.597993
300 27 126 36 36 1.522892
300 0 112 32 32 3.151195
300 0 128 32 32 5.881342
300 0 136 32 32 6.965824
300 0 144 32 32 5.971815
300 8 112 32 32 0.937635
300 8 128 32 32 3.520977
300 8 136 32 32 5.426350
300 8 144 32 32 1.910529
300 16 128 32 32 1.882222
300 16 136 32 32 4.687801
300 256 144 32 32 0.312305
300 384 8 32 32 3.252784
300 384 16 32 32 1.466486
300 384 128 32 32 0.684101
300 392 112 32 32 4.719179
300 392 128 32 32 2.629738
300 392 136 32 32 1.094415
300 400 112 32 32 4.425131
300 400 128 32 32 1.327376
300 400 136 32 32 1.439206
300 0 119 28 28 0.276471
300 0 133 28 28 2.396352
300 7 119 28 28 1.811885
300 7 126 28 28 0.411976
300 14 119 28 28 0.041276
300 336 112 28 28 2.338391
300 448 98 28 28 4.105498
300 448 119 28 28 2.555636
300 448 126 28 28 3.946600
300 455 98 28 28 0.311750
300 455 119 28 28 7.278422
300 455 126 28 28 3.592522
300 462 119 28 28 2.088150
300 462 126 28 28 0.102453
300 6 0 24 24 0.323233
300 12 0 24 24 3.672273
300 12 6 24 24 0.738235
300 288 96 24 24 0.855543
300 294 96 24 24 0.865030
300 498 96 24 24 0.816484
300 498 102 24 24 2.581118
330 0 32 64 64 1.591718
330 16 16 64 64 0.432806
330 16 32 64 64 0.103465
330 16 48 64 64 0.573323
330 32 16 64 64 0.353806
330 352 16 64 64 1.363133
330 352 32 64 64 1.674434
330 396 12 48 48 2.137435
330 396 24 48 48 0.521015
330 408 12 48 48 1.497584
330 408 24 48 48 4.441087
330 408 36 48 48 1.520625
330 420 24 48 48 1.942503
330 396 12 48 48 2.137435
330 396 24 48 48 0.521015
330 408 12 48 48 1.497584
330 408 24 48 48 4.441087
330 408 36 48 48 1.520625
330 420 24 48 48 1.942503
330 11 0 44 44 1.918148
330 242 33 44 44 0.426362
330 363 33 44 44 0.654268
330 20 10 40 40 0.416383
330 0 126 36 36 4.019275
330 9 126 36 36 0.890243
330 27 126 36 36 0.352185
330 0 112 32 32 2.764035
330 0 128 32 32 6.353259
330 0 136 32 32 7.290046
330 0 144 32 32 6.022304
330 8 112 32 32 0.709364
330 8 128 32 32 3.614068
330 8 136 32 32 5.557716
330 8 144 32 32 2.312941
330 16 128 32 32 2.582389
330 16 136 32 32 4.048847
330 136 136 32 32 1.328162
330 144 136 32 32 0.397165
330 256 144 32 32 0.608569
330 384 8 32 32 2.598498
330 384 16 32 32 1.017749
330 384 128 32 32 0.557621
330 392 112 32 32 4.608611
330 392 128 32 32 3.079917
330 392 136 32 32 1.743379
330 400 112 32 32 4.017396
330 400 128 32 32 1.594342
330 400 136 32 32 2.184549
330 0 133 28 28 3.194400
330 7 119 28 28 0.564761
330 7 126 28 28 0.350942
330 336 112 28 28 2.382760
330 448 98 28 28 3.985163
330 448 119 28 28 2.784655
330 448 126 28 28 4.267370
330 455 98 28 28 0.461102
330 455 119 28 28 7.479437
330 455 126 28 28 3.709542
330 462 119 28 28 2.512409
330 462 126 28 28 0.649972
330 6 0 24 24 1.050949
330 6 6 24 24 0.750313
330 12 0 24 24 4.078408
330 12 6 24 24 1.855253
330 288 96 24 24 1.882070
330 294 96 24 24 0.769092
330 498 96 24 24 0.884198
330 498 102 24 24 2.442502
360 0 32 64 64 1.240256
360 16 32 64 64 0.081742
360 32 32 64 64 1.059557
360 288 0 64 64 0.161646
360 352 16 64 64 1.090820
360 352 32 64 64 1.950481
360 396 12 48 48 1.798421
360 396 24 48 48 1.176213
360 408 12 48 48 0.637618
360 408 24 48 48 4.664417
360 408 36 48 48 1.965927
360 420 24 48 48 2.911755
360 396 12 48 48 1.798421
360 396 24 48 48 1.176213
360 408 12 48 48 0.637618
360 408 24 48 48 4.664417
360 408 36 48 48 1.965927
360 420 24 48 48 2.911755
360 11 0 44 44 2.234600
360 363 33 44 44 0.016690
360 20 10 40 40 0.462126
360 0 126 36 36 3.874433
360 9 126 36 36 1.998766
360 0 112 32 32 2.228549
360 0 128 32 32 5.674889
360 0 136 32 32 7.029286
360 0 144 32 32 7.600997
360 8 112 32 32 0.922261
360 8 128 32 32 2.864505
360 8 136 32 32 4.876206
360 8 144 32 32 4.076891
360 16 128 32 32 2.933211
360 16 136 32 32 3.362590
360 16 144 32 32 0.047413
360 384 8 32 32 1.924930
360 384 16 32 32 2.936873
360 384 128 32 32 0.501210
360 392 112 32 32 2.740312
360 392 128 32 32 3.036935
360 392 136 32 32 1.116336
360 400 112 32 32 1.276039
360 400 128 32 32 2.474221
360 400 136 32 32 2.816182
360 0 0 28 28 0.390662
360 0 133 28 28 0.430424
360 7 119 28 28 0.979557
360 336 112 28 28 1.474274
360 357 112 28 28 0.212448
360 448 98 28 28 3.789324
360 448 126 28 28 4.824952
360 455 119 28 28 4.121665
360 455 126 28 28 4.918850
360 462 119 28 28 0.098033
360 462 126 28 28 1.702238
360 6 0 24 24 0.399579
360 6 6 24 24 1.913332
360 12 0 24 24 3.585336
360 12 6 24 24 3.826144
360 198 108 24 24 0.253949
360 288 96 24 24 0.117307
360 300 102 24 24 0.301681
360 498 102 24 24 0.612576
390 0 32 64 64 3.162255
390 0 48 64 64 1.507114
390 16 32 64 64 1.414172
390 32 32 64 64 0.993962
390 272 16 64 64 0.647013
390 288 0 64 64 1.280248
390 288 16 64 64 2.676439
390 352 0 64 64 0.530061
390 352 16 64 64 1.667212
390 352 32 64 64 1.716999
390 396 12 48 48 1.827691
390 396 24 48 48 2.287122
390 408 24 48 48 3.129174
390 408 36 48 48 1.730961
390 396 12 48 48 1.827691
390 396 24 48 48 2.287122
390 408 24 48 48 3.129174
390 408 36 48 48 1.730961
390 11 0 44 44 2.552379
390 20 10 40 40 0.392777
390 0 126 36 36 2.303853
390 306 126 36 36 2.738287
390 0 128 32 32 4.757338
390 0 136 32 32 6.254340
390 0 144 32 32 7.236612
390 0 152 32 32 0.420096
390 8 128 32 32 1.865149
390 8 136 32 32 3.161027
390 8 144 32 32 4.122670
390 16 128 32 32 0.740944
390 16 136 32 32 0.823907
390 384 8 32 32 0.673920
390 384 16 32 32 3.899624
390 392 16 32 32 0.263193
390 392 112 32 32 1.425019
390 392 128 32 32 3.831361
390 392 136 32 32 0.344034
390 400 112 32 32 0.510314
390 400 128 32 32 3.375692
390 0 0 28 28 3.029222
390 0 119 28 28 0.392674
390 0 126 28 28 0.441018
390 7 119 28 28 0.002810
390 336 112 28 28 2.251836
390 336 119 28 28 0.969240
390 343 112 28 28 1.489918
390 357 112 28 28 1.791864
390 448 98 28 28 3.080296
390 448 126 28 28 4.050251
390 455 119 28 28 2.521013
390 455 126 28 28 4.234716
390 462 126 28 28 1.727829
390 6 6 24 24 1.559030
390 12 6 24 24 3.832985
390 288 102 24 24 0.463958
420 0 32 64 64 1.869522
420 0 48 64 64 4.068773
420 16 32 64 64 3.286883
420 16 48 64 64 3.704326
420 32 32 64 64 1.525589
420 48 32 64 64 0.405714
420 272 16 64 64 0.135746
420 288 0 64 64 0.862557
420 288 16 64 64 3.791224
420 352 0 64 64 1.333129
420 352 16 64 64 2.453203
420 352 32 64 64 2.630198
420 352 48 64 64 0.156162
420 0 0 48 48 2.127405
420 24 0 48 48 0.138009
420 396 24 48 48 0.338982
420 408 24 48 48 1.052240
420 408 36 48 48 3.188040
420 0 0 48 48 2.127405
420 24 0 48 48 0.138009
420 396 24 48 48 0.338982
420 408 24 48 48 1.052240
420 408 36 48 48 3.188040
420 11 0 44 44 2.373004
420 11 11 44 44 1.483720
420 352 0 44 44 0.580564
420 20 0 40 40 0.170829
420 20 20 40 40 0.976664
420 0 126 36 36 3.668961
420 441 126 36 36 0.184554
420 0 128 32 32 0.640199
420 0 136 32 32 3.874267
420 0 144 32 32 5.794162
420 0 152 32 32 6.579001
420 8 136 32 32 2.384678
420 8 144 32 32 3.162641
420 8 152 32 32 2.418194
420 144 144 32 32 0.145589
420 384 16 32 32 1.642395
420 384 24 32 32 4.587022
420 392 24 32 32 0.366101
420 392 128 32 32 6.060684
420 392 136 32 32 3.951308
420 392 144 32 32 0.819044
420 400 128 32 32 8.134440
420 400 136 32 32 3.682210
420 400 144 32 32 0.345583
420 408 128 32 32 0.907859
420 0 0 28 28 1.053563
420 0 7 28 28 2.884827
420 0 119 28 28 0.126682
420 0 126 28 28 2.096858
420 0 133 28 28 2.229800
420 7 126 28 28 1.678986
420 7 133 28 28 1.877590
420 14 126 28 28 0.214757
420 14 133 28 28 1.158698
420 154 21 28 28 0.292991
420 448 98 28 28 0.204145
420 448 112 28 28 3.500247
420 448 133 28 28 2.512254
420 455 126 28 28 0.408850
420 455 133 28 28 4.346624
420 462 133 28 28 2.181061
420 6 12 24 24 3.317569
420 6 18 24 24 1.958110
420 6 84 24 24 2.143970
420 12 12 24 24 3.992808
420 12 18 24 24 1.467438
420 108 0 24 24 0.639565
420 390 0 24 24 0.223313
450 48 0 64 64 1.240482
450 272 0 64 64 0.145984
450 288 0 64 64 2.080670
450 288 16 64 64 3.161017
450 288 32 64 64 0.777445
450 352 16 64 64 1.170080
450 396 24 48 48 0.842946
450 396 36 48 48 0.029750
450 408 24 48 48 1.566809
450 408 36 48 48 4.196113
450 420 36 48 48 3.377773
450 396 24 48 48 0.842946
450 396 36 48 48 0.029750
450 408 24 48 48 1.566809
450 408 36 48 48 4.196113
450 420 36 48 48 3.377773
450 22 154 44 44 3.510705
450 33 154 44 44 1.407354
450 30 160 40 40 0.800775
450 30 170 40 40 1.701186
450 0 126 36 36 1.466480
450 441 126 36 36 1.678698
450 450 126 36 36 0.363264
450 0 128 32 32 1.354060
450 0 136 32 32 1.070768
450 0 144 32 32 3.127420
450 0 152 32 32 4.921126
450 8 144 32 32 0.772445
450 8 152 32 32 2.482794
450 192 128 32 32 1.329675
450 384 16 32 32 2.044181
450 384 24 32 32 5.046357
450 392 24 32 32 1.763826
450 392 128 32 32 4.671644
450 392 136 32 32 3.798132
450 400 128 32 32 5.753771
450 400 136 32 32 4.804800
450 0 133 28 28 1.491171
450 7 133 28 28 2.539814
450 14 133 28 28 0.280590
450 154 21 28 28 0.359853
450 336 119 28 28 2.534553
450 336 126 28 28 2.413384
450 343 126 28 28 0.945224
450 448 112 28 28 3.320556
450 448 119 28 28 1.285379
450 448 133 28 28 1.672614
450 455 112 28 28 1.288206
450 455 119 28 28 0.325241
450 455 133 28 28 3.757981
450 462 133 28 28 1.126348
450 0 6 24 24 1.523367
450 0 12 24 24 5.686891
450 0 18 24 24 1.223871
450 0 84 24 24 2.073204
450 6 6 24 24 0.092804
450 6 12 24 24 5.074932
450 6 18 24 24 0.448689
450 102 0 24 24 1.489829
450 144 198 24 24 0.894451
450 390 0 24 24 0.854097
480 0 32 64 64 2.519195
480 0 48 64 64 1.794255
480 16 16 64 64 0.778737
480 16 32 64 64 3.358572
480 32 16 64 64 3.273080
480 32 32 64 64 6.429583
480 32 48 64 64 0.007889
480 48 16 64 64 2.064379
480 48 32 64 64 4.554545
480 256 0 64 64 1.562280
480 256 16 64 64 1.519845
480 272 0 64 64 1.421737
480 272 16 64 64 3.430550
480 288 0 64 64 3.885444
480 288 16 64 64 6.586519
480 288 32 64 64 0.246600
480 420 24 48 48 1.681232
480 420 36 48 48 3.261542
480 420 24 48 48 1.681232
480 420 36 48 48 3.261542
480 9 144 36 36 2.359866
480 18 126 36 36 1.023921
480 18 144 36 36 4.930401
480 27 144 36 36 3.844462
480 450 126 36 36 1.837034
480 450 144 36 36 2.138370
480 450 153 36 36 1.537948
480 459 126 36 36 1.625298
480 459 144 36 36 3.488774
480 16 144 32 32 0.000140
480 16 152 32 32 2.862909
480 24 128 32 32 1.383650
480 24 136 32 32 0.880304
480 24 152 32 32 5.465732
480 128 128 32 32 0.527962
480 176 112 32 32 2.112999
480 384 16 32 32 0.200857
480 384 128 32 32 1.422350
480 392 128 32 32 1.861566
480 400 128 32 32 2.680778
480 154 14 28 28 0.047496
480 336 119 28 28 1.568146
480 336 126 28 28 2.001534
480 448 126 28 28 0.325010
480 448 133 28 28 3.384259
480 455 126 28 28 0.112049
480 455 133 28 28 2.992872
480 462 133 28 28 2.786657
480 469 133 28 28 0.297898
480 390 12 24 24 0.697440
480 390 18 24 24 0.232374
480 480 198 24 24 0.704932
480 486 204 24 24 0.993519
510 0 16 64 64 0.030288
510 0 32 64 64 4.678866
510 0 48 64 64 3.785006
510 16 16 64 64 1.630697
510 16 32 64 64 4.922783
510 16 48 64 64 1.856869
510 32 16 64 64 5.339083
510 32 32 64 64 6.014224
510 32 48 64 64 1.505690
510 48 16 64 64 0.149314
510 48 32 64 64 0.936586
510 256 16 64 64 1.958946
510 352 16 64 64 0.622629
510 352 32 64 64 3.819925
510 352 48 64 64 0.297604
510 0 33 44 44 0.541767
510 11 0 44 44 1.231969
510 22 0 44 44 3.360140
510 30 0 40 40 0.628627
510 30 10 40 40 2.220597
510 0 126 36 36 4.318325
510 9 126 36 36 0.162315
510 18 18 36 36 0.374756
510 18 27 36 36 1.664026
510 0 128 32 32 3.358150
510 0 136 32 32 1.271902
510 0 144 32 32 0.691276
510 0 152 32 32 0.472195
510 8 128 32 32 4.388224
510 8 136 32 32 5.779492
510 8 144 32 32 2.337347
510 16 128 32 32 3.133570
510 16 136 32 32 3.614415
510 16 144 32 32 2.331347
510 24 136 32 32 2.817526
510 24 144 32 32 1.413934
510 176 112 32 32 1.483341
510 384 0 32 32 1.231741
510 384 112 32 32 7.576192
510 384 128 32 32 5.044341
510 384 136 32 32 0.462329
510 392 0 32 32 1.806604
510 392 112 32 32 3.445315
510 392 128 32 32 2.136118
510 400 112 32 32 2.558333
510 408 128 32 32 0.640406
510 112 133 28 28 2.493268
510 119 126 28 28 1.068364
510 119 133 28 28 4.164923
510 126 133 28 28 2.223485
510 336 112 28 28 5.227742
510 336 119 28 28 6.130844
510 343 112 28 28 3.887423
510 343 119 28 28 5.296494
510 350 119 28 28 1.587862
510 455 98 28 28 2.596184
510 455 112 28 28 2.842398
510 12 96 24 24 1.664889
510 12 102 24 24 0.816193
510 18 96 24 24 0.626788
510 18 102 24 24 1.532207
510 384 0 24 24 3.185757
510 384 6 24 24 2.008140
510 396 6 24 24 1.329696
510 402 6 24 24 1.734224
540 0 16 64 64 3.606058
540 0 32 64 64 6.306960
540 0 48 64 64 2.137988
540 16 0 64 64 1.212612
540 16 16 64 64 6.088792
540 16 32 64 64 4.763570
540 32 16 64 64 3.634407
540 32 32 64 64 1.394251
540 48 16 64 64 0.107241
540 256 0 64 64 0.316982
540 272 16 64 64 0.585531
540 288 16 64 64 0.282181
540 352 32 64 64 1.725041
540 352 48 64 64 1.301482
540 176 154 44 44 1.219095
540 198 144 36 36 0.768340
540 198 153 36 36 0.214901
540 198 171 36 36 0.322154
540 0 128 32 32 1.008004
540 0 136 32 32 1.174707
540 0 144 32 32 2.277282
540 384 112 32 32 2.397735
540 384 128 32 32 10.478065
540 384 136 32 32 3.586829
540 392 112 32 32 7.897070
540 392 128 32 32 10.526769
540 392 136 32 32 3.238524
540 400 112 32 32 6.779010
540 400 128 32 32 10.971230
540 400 136 32 32 3.770833
540 408 128 32 32 2.973051
540 336 112 28 28 5.489190
540 343 112 28 28 5.200496
540 343 119 28 28 1.617775
540 448 98 28 28 1.930155
540 448 112 28 28 1.807543
540 455 98 28 28 0.959166
540 455 112 28 28 0.483591
540 462 98 28 28 3.149938
540 144 6 24 24 0.630311
570 272 0 64 64 1.016305
570 352 0 64 64 1.086633
570 352 16 64 64 2.777429
570 352 32 64 64 1.893068
570 384 36 48 48 4.605066
570 396 36 48 48 0.191794
570 420 24 48 48 1.895916
570 420 36 48 48 4.119284
570 384 36 48 48 4.605066
570 396 36 48 48 0.191794
570 420 24 48 48 1.895916
570 420 36 48 48 4.119284
570 0 0 36 36 5.712812
570 0 9 36 36 1.761818
570 9 0 36 36 2.159556
570 9 144 36 36 2.265881
570 18 0 36 36 0.140457
570 18 144 36 36 0.628280
570 0 0 32 32 1.607093
570 0 8 32 32 7.463796
570 0 16 32 32 4.506371
570 0 24 32 32 0.130337
570 8 0 32 32 2.463315
570 8 8 32 32 6.675712
570 8 16 32 32 4.391238
570 16 0 32 32 2.107794
570 16 8 32 32 6.537508
570 16 16 32 32 2.973134
570 24 0 32 32 1.292392
570 24 8 32 32 1.852333
570 24 128 32 32 0.327774
570 24 136 32 32 2.177625
570 24 144 32 32 4.423150
570 24 152 32 32 2.191218
570 392 112 32 32 3.456304
570 400 112 32 32 6.977405
570 400 128 32 32 0.812308
570 408 112 32 32 7.002036
570 0 14 28 28 0.542845
570 0 21 28 28 1.718210
570 7 0 28 28 0.012844
570 7 7 28 28 0.681149
570 7 14 28 28 1.077631
570 7 21 28 28 1.280489
570 14 14 28 28 1.409361
570 14 21 28 28 1.100142
570 21 7 28 28 0.542040
570 21 14 28 28 5.367093
570 21 21 28 28 6.493842
570 231 133 28 28 0.124640
570 238 119 28 28 0.558206
570 336 98 28 28 0.787079
570 343 98 28 28 2.803777
570 455 98 28 28 10.290651
570 455 112 28 28 3.203472
570 462 98 28 28 7.354373
570 462 112 28 28 0.164324
570 469 98 28 28 3.744331
570 469 112 28 28 0.648042
570 469 133 28 28 0.686742
570 6 12 24 24 0.987424
570 12 6 24 24 2.913093
570 12 12 24 24 2.016041
570 402 114 24 24 1.647699
570 480 108 24 24 3.874658
570 480 114 24 24 4.178653
570 486 108 24 24 0.154779
570 486 114 24 24 0.502717
600 272 0 64 64 1.530958
600 288 0 64 64 4.608062
600 352 0 64 64 2.596953
600 384 36 48 48 1.733495
600 384 36 48 48 1.733495
600 0 9 36 36 0.712279
600 9 126 36 36 2.056244
600 18 126 36 36 1.074284
600 216 144 36 36 1.861395
600 441 126 36 36 1.979241
600 450 126 36 36 2.266467
600 16 128 32 32 3.316395
600 16 136 32 32 0.701435
600 24 128 32 32 3.616775
600 24 136 32 32 1.813977
600 400 112 32 32 0.709116
600 408 112 32 32 4.721894
600 21 133 28 28 1.111741
600 357 119 28 28 0.092644
600 455 133 28 28 0.424716
600 462 98 28 28 2.074089
600 462 112 28 28 4.115676
600 462 119 28 28 6.738062
600 462 126 28 28 4.327616
600 462 133 28 28 3.168424
600 469 98 28 28 0.379704
600 486 96 24 24 2.857948
600 486 102 24 24 1.779724
630 272 0 64 64 5.491517
630 288 0 64 64 3.843739
630 352 0 64 64 1.612190
630 408 12 48 48 4.295941
630 420 12 48 48 2.113954
630 408 12 48 48 4.295941
630 420 12 48 48 2.113954
630 27 162 36 36 0.073883
630 432 9 36 36 0.337774
630 432 18 36 36 1.307938
630 112 119 28 28 2.726445
630 231 133 28 28 3.268817
630 336 112 28 28 0.787502
630 343 112 28 28 4.404756
630 350 112 28 28 2.326844
630 350 119 28 28 0.330592
630 357 112 28 28 3.946702
630 357 119 28 28 5.164292
630 448 98 28 28 0.972712
630 448 112 28 28 7.878792
630 448 119 28 28 7.486807
630 448 126 28 28 0.178337
630 455 112 28 28 4.791715
630 455 119 28 28 1.219946
630 210 102 24 24 0.123059
630 486 96 24 24 0.490504
630 486 102 24 24 1.192458
630 486 108 24 24 1.571560
660 0 16 64 64 3.582822
660 16 16 64 64 0.124356
660 272 0 64 64 4.128616
660 288 0 64 64 5.992624
660 352 0 64 64 4.493671
660 408 112 32 32 1.449535
660 0 98 28 28 0.302218
660 336 112 28 28 0.799139
660 343 112 28 28 4.322234
660 343 119 28 28 0.416798
660 350 112 28 28 5.928817
660 350 119 28 28 5.579194
660 357 119 28 28 3.819462
660 448 119 28 28 1.467900
660 455 119 28 28 2.309141
660 462 112 28 28 2.103951
660 462 119 28 28 4.277867
660 462 126 28 28 0.566726
660 469 112 28 28 8.501379
660 469 119 28 28 7.703345
660 469 126 28 28 1.930618
660 0 102 24 24 0.320388
660 0 108 24 24 1.707257
660 6 102 24 24 2.879340
660 6 108 24 24 3.727388
660 12 102 24 24 3.101205
660 12 108 24 24 2.751832
660 18 108 24 24 0.445123
660 480 114 24 24 0.379344
690 352 0 64 64 6.870989
690 20 0 40 40 1.106967
690 20 10 40 40 0.373191
690 384 112 32 32 0.294974
690 392 112 32 32 3.145092
690 400 112 32 32 2.210767
690 408 112 32 32 0.485249
690 21 126 28 28 3.574001
690 21 133 28 28 1.016689
690 357 112 28 28 6.657899
690 357 119 28 28 1.158093
690 448 112 28 28 0.982143
690 448 119 28 28 1.229240
690 455 119 28 28 0.635455
690 455 126 28 28 0.505003
720 352 0 64 64 0.263525
720 352 16 64 64 1.018743
720 0 136 32 32 2.669018
720 0 144 32 32 2.982891
720 16 112 32 32 0.049722
720 400 112 32 32 0.978398
720 0 133 28 28 1.554241
720 168 133 28 28 0.077681
720 336 98 28 28 1.872868
720 336 112 28 28 4.399659
720 336 119 28 28 2.125732
720 448 133 28 28 2.613889
720 462 112 28 28 2.129621
720 462 119 28 28 2.268387
720 462 126 28 28 2.669913
720 469 112 28 28 3.169064
720 469 119 28 28 4.787601
720 469 126 28 28 3.493537
720 384 84 24 24 0.638644
720 480 12 24 24 2.415229
720 480 18 24 24 0.694126
720 480 114 24 24 0.115645
720 486 12 24 24 0.316521
750 441 9 36 36 0.904019
750 450 9 36 36 1.559089
750 459 144 36 36 1.136503
750 176 112 32 32 1.360587
750 384 112 32 32 3.208823
750 392 112 32 32 3.264826
750 400 112 32 32 3.322647
750 119 133 28 28 5.163033
750 126 133 28 28 2.714742
750 238 119 28 28 1.102564
750 245 119 28 28 3.300174
750 245 126 28 28 2.040349
750 336 112 28 28 2.253025
750 336 119 28 28 1.270544
750 343 112 28 28 3.661411
750 350 112 28 28 2.714023
750 357 112 28 28 1.683316
750 357 119 28 28 1.250030
750 448 133 28 28 0.865259
750 462 133 28 28 1.351930
750 198 114 24 24 0.649828
750 294 0 24 24 4.163938
750 300 6 24 24 0.168764
750 402 18 24 24 0.108323
750 498 12 24 24 0.946094
780 352 16 64 64 1.681499
780 18 126 36 36 2.422977
780 27 126 36 36 5.655941
780 450 0 36 36 1.648112
780 459 0 36 36 4.364823
780 24 136 32 32 1.997262
780 24 144 32 32 2.319946
780 128 128 32 32 1.404784
780 136 128 32 32 1.682514
780 192 128 32 32 2.644025
780 384 112 32 32 2.602813
780 392 112 32 32 3.028824
780 400 112 32 32 0.042633
780 408 112 32 32 2.789844
780 336 112 28 28 2.484911
780 336 119 28 28 1.235942
780 343 112 28 28 3.664630
780 343 119 28 28 3.426468
780 350 98 28 28 3.172590
780 350 112 28 28 3.067389
780 350 119 28 28 3.486835
780 357 98 28 28 0.241207
780 357 112 28 28 1.776613
780 357 119 28 28 1.583745
780 448 133 28 28 0.371950
780 455 133 28 28 2.909650
780 469 21 28 28 0.842726
780 96 114 24 24 0.025518
780 384 84 24 24 0.473801
810 352 0 64 64 0.659371
810 352 16 64 64 2.665883
810 9 18 36 36 1.021133
810 450 126 36 36 0.654781
810 459 126 36 36 2.625511
810 384 112 32 32 2.068109
810 392 112 32 32 2.494812
810 400 112 32 32 0.592534
810 343 133 28 28 0.835162
810 350 98 28 28 4.220088
810 350 112 28 28 1.941633
810 357 98 28 28 1.673892
810 357 112 28 28 1.712748
810 469 133 28 28 0.828585
810 96 198 24 24 0.400457
810 96 204 24 24 0.006616
810 132 192 24 24 1.094278
810 306 102 24 24 1.733128
810 306 108 24 24 1.265028
840 16 16 64 64 1.228942
840 16 32 64 64 1.289589
840 32 16 64 64 1.801425
840 352 16 64 64 2.563373
840 9 153 36 36 0.553252
840 18 144 36 36 0.375535
840 24 152 32 32 3.609359
840 144 112 32 32 3.106883
840 154 119 28 28 1.258313
840 154 126 28 28 1.036100
840 154 133 28 28 1.970522
840 168 112 28 28 3.704821
840 336 98 28 28 2.143383
840 343 98 28 28 5.881451
840 350 98 28 28 1.996698
840 448 112 28 28 2.818296
840 448 119 28 28 5.625598
840 448 126 28 28 8.377231
840 448 133 28 28 9.715305
840 455 126 28 28 1.036479
840 455 133 28 28 0.763358
840 0 192 24 24 2.241900
840 0 198 24 24 4.667862
840 492 96 24 24 1.089938
840 498 96 24 24 0.248948
870 352 0 64 64 0.272848
870 352 16 64 64 3.454378
870 384 36 48 48 1.623306
870 384 36 48 48 1.623306
870 0 140 40 40 3.856179
870 10 140 40 40 4.353173
870 20 140 40 40 0.021290
870 0 153 36 36 1.428182
870 9 144 36 36 4.499547
870 9 153 36 36 4.886773
870 18 126 36 36 1.774737
870 18 144 36 36 3.472779
870 18 153 36 36 3.422276
870 27 144 36 36 0.808851
870 27 153 36 36 2.025718
870 16 144 32 32 1.974998
870 16 152 32 32 4.483518
870 24 136 32 32 0.632921
870 24 144 32 32 3.457136
870 24 152 32 32 4.669046
870 112 119 28 28 0.134795
870 112 126 28 28 3.180579
870 119 126 28 28 2.484296
870 119 133 28 28 1.104233
870 126 126 28 28 2.785267
870 126 133 28 28 0.734508
870 168 98 28 28 0.239484
870 168 112 28 28 2.587225
870 336 98 28 28 2.922212
870 343 98 28 28 0.649975
900 256 0 64 64 0.394825
900 256 16 64 64 0.387183
900 30 140 40 40 0.953614
900 0 153 36 36 0.949213
900 7 0 28 28 2.752220
900 14 0 28 28 3.028285
900 154 98 28 28 0.744402
900 168 112 28 28 1.380597
900 168 119 28 28 2.048923
900 469 126 28 28 0.031818
900 469 133 28 28 3.051908
900 18 192 24 24 2.314974
900 18 198 24 24 2.567804
900 384 114 24 24 2.056287
900 390 102 24 24 1.086736
900 390 114 24 24 4.809473
900 396 114 24 24 0.363705
900 480 84 24 24 2.230868
900 480 114 24 24 2.137155
900 486 84 24 24 0.933791
930 48 0 64 64 1.035797
930 256 0 64 64 3.987241
930 256 16 64 64 2.312573
930 272 0 64 64 1.160877
930 384 36 48 48 2.938667
930 396 36 48 48 1.575967
930 384 36 48 48 2.938667
930 396 36 48 48 1.575967
930 0 112 28 28 6.390181
930 0 119 28 28 4.051296
930 7 112 28 28 0.924606
930 126 98 28 28 3.246923
930 126 112 28 28 2.804964
930 126 119 28 28 2.818204
930 126 126 28 28 1.480456
930 154 98 28 28 0.306520
930 357 112 28 28 0.279801
930 132 108 24 24 1.290733
930 132 114 24 24 4.046965
930 144 108 24 24 0.726739
930 144 114 24 24 3.184406
930 198 108 24 24 0.513039
930 204 108 24 24 2.261494
930 210 108 24 24 0.572849
930 210 114 24 24 2.989707
930 402 114 24 24 3.368500
960 0 0 64 64 6.697520
960 0 16 64 64 2.763535
960 16 0 64 64 4.948257
960 16 16 64 64 0.915822
960 32 0 64 64 3.626721
960 48 0 64 64 1.658415
960 256 0 64 64 1.386345
960 272 0 64 64 0.687899
960 288 0 64 64 2.539651
960 352 0 64 64 1.864581
960 384 36 48 48 1.421762
960 384 36 48 48 1.421762
960 264 33 44 44 0.354646
960 112 98 28 28 6.283419
960 112 112 28 28 5.717756
960 112 119 28 28 3.746094
960 112 126 28 28 2.328065
960 119 98 28 28 3.292762
960 119 112 28 28 4.427714
960 119 119 28 28 2.705278
960 119 126 28 28 1.124768
960 126 112 28 28 3.074823
960 126 119 28 28 1.943022
960 168 98 28 28 0.199525
960 462 126 28 28 2.729107
960 469 126 28 28 2.764588
960 96 108 24 24 0.444301
960 96 114 24 24 1.794853
960 108 114 24 24 2.952383
960 132 114 24 24 3.174301
960 144 114 24 24 1.530154
960 192 102 24 24 0.178870
960 192 108 24 24 4.708221
960 192 114 24 24 4.271820
960 198 108 24 24 2.453243
960 198 114 24 24 3.390401
960 204 108 24 24 0.265719
960 384 96 24 24 1.232846
960 384 102 24 24 0.947423
960 384 108 24 24 0.663343
960 390 96 24 24 5.592854
960 390 102 24 24 4.004037
960 390 108 24 24 2.639539
960 396 84 24 24 1.760144
960 396 96 24 24 5.681939
960 396 102 24 24 2.566719
960 498 114 24 24 0.027458
990 0 0 64 64 5.760901
990 0 16 64 64 3.670022
990 16 0 64 64 4.442828
990 16 16 64 64 2.895586
990 32 0 64 64 1.464942
990 288 0 64 64 3.090635
990 352 0 64 64 4.921520
990 396 36 48 48 1.734908
990 408 24 48 48 1.787773
990 408 36 48 48 1.353455
990 420 24 48 48 0.279544
990 396 36 48 48 1.734908
990 408 24 48 48 1.787773
990 408 36 48 48 1.353455
990 420 24 48 48 0.279544
990 264 22 44 44 0.994207
990 352 22 44 44 0.286162
990 363 11 44 44 0.123541
990 363 22 44 44 2.885962
990 374 11 44 44 1.375757
990 374 22 44 44 1.547709
990 385 11 44 44 0.923186
990 256 128 32 32 0.640879
990 264 8 32 32 0.595601
990 272 8 32 32 2.888019
990 272 16 32 32 0.195275
990 280 0 32 32 0.615617
990 280 8 32 32 1.606445
990 14 112 28 28 0.473575
990 154 98 28 28 2.106421
990 168 98 28 28 2.596782
990 96 18 24 24 0.013332
990 288 18 24 24 0.574723
990 300 18 24 24 0.190355
990 384 96 24 24 0.966247
990 396 108 24 24 1.209975
1020 32 0 64 64 1.103135
1020 0 12 48 48 3.273624
1020 0 24 48 48 0.754164
1020 0 36 48 48 0.557873
1020 12 12 48 48 0.767086
1020 264 12 48 48 0.801976
1020 384 0 48 48 1.837449
1020 420 36 48 48 1.109024
1020 0 12 48 48 3.273624
1020 0 24 48 48 0.754164
1020 0 36 48 48 0.557873
1020 12 12 48 48 0.767086
1020 264 12 48 48 0.801976
1020 384 0 48 48 1.837449
1020 420 36 48 48 1.109024
1020 0 22 44 44 1.234981
1020 11 22 44 44 0.225001
1020 242 0 44 44 0.210875
1020 242 11 44 44 0.140249
1020 374 0 44 44 3.579345
1020 385 0 44 44 4.729898
1020 10 20 40 40 0.592538
1020 20 10 40 40 1.443078
1020 20 20 40 40 1.371255
1020 18 18 36 36 0.214449
1020 27 18 36 36 4.448967
1020 27 27 36 36 2.865259
1020 432 27 36 36 1.982835
1020 441 27 36 36 0.213170
1020 24 112 32 32 1.888463
1020 24 128 32 32 2.140352
1020 462 112 28 28 3.172308
1020 469 112 28 28 2.376231
1020 12 18 24 24 2.729597
1020 96 114 24 24 0.587208
1020 102 96 24 24 4.658017
1020 102 102 24 24 3.363719
1020 102 108 24 24 1.746175
1020 102 114 24 24 3.293343
1020 132 96 24 24 0.402173
1020 192 108 24 24 4.658515
1020 192 114 24 24 1.401573
1020 198 108 24 24 4.026945
1020 198 114 24 24 0.528712
1020 204 96 24 24 1.023470
1020 204 102 24 24 1.269247
1020 204 108 24 24 0.125430
1020 210 84 24 24 0.337712
1020 210 96 24 24 1.580927
1020 390 96 24 24 1.018925
1050 24 36 48 48 1.049073
1050 216 0 48 48 0.345557
1050 24 36 48 48 1.049073
1050 216 0 48 48 0.345557
1050 240 20 40 40 1.293957
1050 392 128 32 32 0.673703
1050 0 98 28 28 0.246988
1050 0 112 28 28 0.239634
1050 7 98 28 28 7.322934
1050 14 98 28 28 4.459416
1050 14 112 28 28 0.582200
1050 126 21 28 28 2.979755
1050 154 112 28 28 0.835499
1050 154 119 28 28 1.285701
1050 238 0 28 28 2.477609
1050 245 0 28 28 3.222905
1050 12 114 24 24 2.026114
1050 18 114 24 24 2.919091
1050 192 84 24 24 0.961269
1050 390 192 24 24 0.351189
1080 256 16 64 64 2.143065
1080 272 16 64 64 0.056039
1080 216 0 48 48 0.797397
1080 216 0 48 48 0.797397
1080 242 0 44 44 2.261267
1080 374 11 44 44 2.636475
1080 240 10 40 40 2.871519
1080 128 112 32 32 1.336586
1080 128 128 32 32 1.378846
1080 136 112 32 32 1.152945
1080 136 128 32 32 4.906905
1080 136 136 32 32 3.278160
1080 144 112 32 32 1.678685
1080 144 128 32 32 2.195519
1080 144 136 32 32 3.571619
1080 192 112 32 32 0.068209
1080 0 112 28 28 2.836015
1080 21 112 28 28 0.163424
1080 119 7 28 28 2.078249
1080 119 14 28 28 2.056508
1080 126 7 28 28 2.350631
1080 126 14 28 28 4.160689
1080 154 126 28 28 0.963488
1080 154 133 28 28 3.540189
1080 168 112 28 28 0.146278
1080 336 112 28 28 0.528873
1080 343 112 28 28 4.059916
1080 343 119 28 28 3.376156
1080 343 133 28 28 1.180790
1080 288 0 24 24 0.779724
1080 288 6 24 24 2.165833
1080 294 6 24 24 2.386014
1110 272 48 64 64 2.219226
1110 288 48 64 64 0.982416
1110 216 0 48 48 1.920246
1110 216 12 48 48 0.042345
1110 264 36 48 48 0.718531
1110 384 0 48 48 1.343427
1110 216 0 48 48 1.920246
1110 216 12 48 48 0.042345
1110 264 36 48 48 0.718531
1110 384 0 48 48 1.343427
1110 242 11 44 44 5.787759
1110 242 22 44 44 1.163455
1110 240 20 40 40 2.232688
1110 240 30 40 40 2.137315
1110 432 144 36 36 0.665126
1110 441 144 36 36 1.152551
1110 0 112 32 32 0.968331
1110 8 112 32 32 3.576829
1110 8 128 32 32 2.263400
1110 16 112 32 32 0.614718
1110 136 112 32 32 1.930595
1110 14 112 28 28 4.063238
1110 14 119 28 28 0.490088
1110 14 126 28 28 0.336581
1110 21 112 28 28 0.336051
1110 21 119 28 28 0.042256
1110 21 126 28 28 0.016398
1110 112 14 28 28 1.855624
1110 112 21 28 28 3.239299
1110 119 14 28 28 2.408121
1110 119 21 28 28 1.213045
1110 126 14 28 28 0.193265
1110 126 21 28 28 0.381611
1110 168 126 28 28 0.681573
1110 336 112 28 28 1.788211
1110 336 119 28 28 0.249375
1110 336 126 28 28 3.453101
1110 343 112 28 28 0.179200
1110 469 245 28 28 0.008482
1110 18 0 24 24 2.122924
1110 18 114 24 24 3.667248
1110 192 108 24 24 0.392491
1110 192 114 24 24 2.408750
1110 198 102 24 24 0.003272
1110 198 108 24 24 3.454392
1110 198 114 24 24 3.217859
1110 204 84 24 24 0.566546
1110 204 108 24 24 2.900195
1110 204 114 24 24 1.951722
1110 210 84 24 24 1.716192
1110 294 0 24 24 1.235399
1110 294 12 24 24 0.325145
1110 294 18 24 24 2.706609
1110 300 0 24 24 1.420164
1110 300 12 24 24 3.600776
1110 300 18 24 24 5.762779
1110 300 84 24 24 1.161968
1110 306 84 24 24 1.300268
1140 256 0 64 64 8.830998
1140 256 16 64 64 4.477001
1140 272 0 64 64 5.535937
1140 272 16 64 64 2.307413
1140 288 12 48 48 0.033786
1140 288 12 48 48 0.033786
1140 385 154 44 44 2.735818
1140 0 140 40 40 1.654729
1140 10 140 40 40 0.106268
1140 170 170 40 40 2.458100
1140 170 180 40 40 0.683800
1140 180 170 40 40 1.077981
1140 180 180 40 40 1.769321
1140 0 144 36 36 1.456787
1140 0 153 36 36 1.943171
1140 9 144 36 36 0.787492
1140 9 153 36 36 0.503956
1140 18 153 36 36 0.421245
1140 144 0 36 36 3.353765
1140 144 9 36 36 0.906367
1140 432 162 36 36 0.454615
1140 432 171 36 36 1.672548
1140 8 144 32 32 2.143192
1140 8 152 32 32 0.785546
1140 16 136 32 32 0.728340
1140 16 144 32 32 2.410150
1140 16 152 32 32 0.147792
1140 24 144 32 32 1.018563
1140 144 16 32 32 3.535211
1140 176 128 32 32 0.547752
1140 392 112 32 32 0.764091
1140 392 128 32 32 0.575953
1140 392 152 32 32 1.035105
1140 400 112 32 32 2.016782
1140 400 152 32 32 0.533368
1140 126 21 28 28 0.096138
1140 154 21 28 28 1.345153
1140 168 14 28 28 1.049271
1140 168 21 28 28 1.324113
1140 224 112 28 28 0.317961
1140 343 14 28 28 2.778369
1140 350 14 28 28 1.637769
1140 448 112 28 28 1.672123
1140 448 119 28 28 1.490494
1140 294 0 24 24 0.754305
1140 300 6 24 24 1.839084
1140 300 12 24 24 4.777785
1140 300 18 24 24 0.450981
1140 306 6 24 24 0.756751
1140 306 12 24 24 2.929153
1140 384 114 24 24 0.911689
1140 390 114 24 24 3.262637
1140 396 114 24 24 2.333750
1170 32 0 64 64 0.663174
1170 32 32 64 64 2.641841
1170 48 32 64 64 2.659562
1170 352 0 64 64 0.814220
1170 242 154 44 44 0.994216
1170 363 154 44 44 0.580774
1170 374 154 44 44 1.176234
1170 240 170 40 40 0.043138
1170 144 0 36 36 1.839722
1170 153 0 36 36 3.152325
1170 162 0 36 36 2.382993
1170 198 0 36 36 0.203418
1170 198 126 36 36 0.349563
1170 216 126 36 36 2.125090
1170 192 0 32 32 4.222518
1170 192 8 32 32 2.157654
1170 256 136 32 32 0.139349
1170 256 144 32 32 1.731948
1170 264 144 32 32 3.575163
1170 264 152 32 32 2.835509
1170 272 112 32 32 2.316453
1170 272 144 32 32 2.543284
1170 280 112 32 32 3.859654
1170 112 119 28 28 2.710285
1170 112 126 28 28 4.161559
1170 112 133 28 28 1.112408
1170 119 119 28 28 2.380832
1170 119 126 28 28 4.741733
1170 119 133 28 28 0.702627
1170 126 119 28 28 0.972914
1170 126 126 28 28 2.389911
1170 168 14 28 28 2.114898
1170 168 21 28 28 5.161121
1170 448 112 28 28 3.932205
1170 455 112 28 28 6.154401
1170 462 112 28 28 4.678135
1170 462 119 28 28 1.976245
1170 469 112 28 28 4.565529
1170 469 119 28 28 2.997527
1170 96 96 24 24 1.620093
1170 210 12 24 24 1.136679
1170 210 18 24 24 1.824986
1170 384 0 24 24 2.391545
1170 390 0 24 24 8.927835
1170 390 6 24 24 0.770798
1170 396 0 24 24 6.285143
1170 402 0 24 24 5.987191
1170 402 6 24 24 1.523910
1170 498 210 24 24 3.310315
1200 272 0 64 64 0.479090
1200 385 154 44 44 0.149460
1200 0 153 36 36 0.727356
1200 0 162 36 36 0.872064
1200 9 162 36 36 0.875971
1200 18 162 36 36 1.227800
1200 144 144 36 36 3.175828
1200 162 144 36 36 0.050234
1200 0 136 32 32 2.785441
1200 0 144 32 32 0.481765
1200 136 152 32 32 2.721869
1200 0 119 28 28 0.560753
1200 0 133 28 28 0.617037
1200 7 133 28 28 0.883656
1200 154 0 28 28 1.444736
1200 154 98 28 28 3.385579
1200 231 112 28 28 3.327356
1200 231 119 28 28 4.428876
1200 238 112 28 28 1.763868
1200 238 119 28 28 3.366494
1200 238 126 28 28 0.881029
1200 245 112 28 28 0.621859
1200 245 119 28 28 2.561836
1200 448 119 28 28 3.478869
1200 448 126 28 28 2.265212
1200 455 119 28 28 7.251680
1200 455 126 28 28 6.744529
1200 455 133 28 28 3.091087
1200 462 119 28 28 6.298327
1200 462 126 28 28 7.216622
1200 462 133 28 28 1.325439
1200 469 126 28 28 2.297856
1200 6 84 24 24 0.509414
1200 96 0 24 24 3.886579
1200 96 6 24 24 0.241783
1200 96 96 24 24 2.071879
1200 144 6 24 24 0.676061
1200 192 192 24 24 3.524377
1200 192 198 24 24 0.790145
1200 198 192 24 24 1.172005
1200 384 102 24 24 0.764756
1200 396 96 24 24 0.622026
1200 402 96 24 24 0.995691
1230 32 32 64 64 1.536095
1230 0 168 48 48 1.994697
1230 12 168 48 48 1.951400
1230 0 168 48 48 1.994697
1230 12 168 48 48 1.951400
1230 0 176 44 44 0.597880
1230 11 176 44 44 1.836733
1230 22 154 44 44 1.669019
1230 22 176 44 44 2.314427
1230 20 160 40 40 0.782249
1230 20 190 40 40 0.666553
1230 30 160 40 40 4.160309
1230 30 170 40 40 1.670452
1230 30 180 40 40 3.234281
1230 30 190 40 40 1.371857
1230 27 171 36 36 0.965225
1230 216 306 36 36 0.598685
1230 128 112 32 32 0.580691
1230 128 128 32 32 1.418702
1230 144 112 32 32 2.955657
1230 392 112 32 32 3.117107
1230 400 112 32 32 7.168322
1230 408 112 32 32 6.892526
1230 126 126 28 28 0.731986
1230 126 133 28 28 4.804084
1230 154 112 28 28 4.624199
1230 154 119 28 28 6.652404
1230 154 126 28 28 0.123683
1230 168 112 28 28 4.539443
1230 168 119 28 28 5.121979
1230 168 126 28 28 2.576150
1230 168 133 28 28 0.301177
1230 448 119 28 28 5.380820
1230 448 126 28 28 2.542580
1230 455 119 28 28 0.600944
1230 455 126 28 28 0.746495
1230 462 126 28 28 0.844166
1230 469 126 28 28 0.968403
1230 192 108 24 24 1.565895
1230 198 102 24 24 2.012011
1230 198 108 24 24 3.178339
1230 204 108 24 24 1.162827
1230 210 108 24 24 1.300687
1230 306 18 24 24 0.142365
1230 306 96 24 24 1.129383
1260 0 0 64 64 3.929418
1260 0 16 64 64 1.928528
1260 16 0 64 64 5.189725
1260 16 16 64 64 1.343783
1260 32 0 64 64 1.240110
1260 48 0 64 64 0.234556
1260 272 16 64 64 2.745548
1260 272 32 64 64 1.871925
1260 288 0 64 64 0.995989
1260 288 16 64 64 2.358056
1260 288 32 64 64 3.333493
1260 352 0 64 64 1.062791
1260 352 16 64 64 0.308197
1260 192 12 48 48 2.816635
1260 192 24 48 48 3.875976
1260 204 24 48 48 0.240126
1260 192 12 48 48 2.816635
1260 192 24 48 48 3.875976
1260 204 24 48 48 0.240126
1260 198 22 44 44 1.535130
1260 198 33 44 44 1.151173
1260 0 126 36 36 0.327920
1260 0 128 32 32 1.999808
1260 8 128 32 32 1.276649
1260 16 128 32 32 1.500472
1260 384 112 32 32 2.458981
1260 392 112 32 32 0.636536
1260 0 133 28 28 2.507129
1260 7 133 28 28 1.611172
1260 112 98 28 28 1.688033
1260 336 119 28 28 5.206623
1260 336 126 28 28 7.815706
1260 343 119 28 28 2.522154
1260 343 126 28 28 3.766232
1260 102 102 24 24 1.100491
1260 108 96 24 24 0.656819
1260 108 102 24 24 2.869478
1260 108 108 24 24 2.654132
1260 132 108 24 24 2.026851
1260 132 294 24 24 0.616272
1260 288 114 24 24 0.154602
1260 492 108 24 24 2.441408
1260 492 114 24 24 1.076181
1290 16 0 64 64 0.968658
1290 16 16 64 64 1.474796
1290 272 16 64 64 0.671483
1290 288 16 64 64 3.077896
1290 352 16 64 64 4.652864
1290 352 32 64 64 4.763158
1290 352 48 64 64 0.128878
1290 204 24 48 48 4.263882
1290 204 36 48 48 0.878674
1290 204 24 48 48 4.263882
1290 204 36 48 48 0.878674
1290 0 112 32 32 0.463692
1290 0 128 32 32 2.909774
1290 8 112 32 32 1.331153
1290 8 128 32 32 2.163757
1290 16 112 32 32 3.310230
1290 16 128 32 32 0.618155
1290 392 128 32 32 4.108138
1290 392 136 32 32 5.188988
1290 392 144 32 32 0.815627
1290 400 128 32 32 4.738632
1290 400 136 32 32 7.399970
1290 400 144 32 32 4.794977
1290 408 112 32 32 1.671594
1290 408 128 32 32 3.637197
1290 408 136 32 32 5.406720
1290 408 144 32 32 2.670406
1290 0 7 28 28 2.688491
1290 0 14 28 28 1.301466
1290 0 126 28 28 1.816634
1290 0 133 28 28 2.268047
1290 7 126 28 28 4.070297
1290 7 133 28 28 6.433256
1290 14 119 28 28 0.509417
1290 14 126 28 28 3.873819
1290 14 133 28 28 5.160295
1290 21 126 28 28 1.705585
1290 238 14 28 28 0.550322
1290 238 21 28 28 4.565621
1290 238 98 28 28 0.454157
1290 245 14 28 28 0.691557
1290 245 21 28 28 4.924136
1290 336 119 28 28 1.378358
1290 336 126 28 28 3.391878
1290 343 126 28 28 3.111249
1290 350 119 28 28 0.890074
1290 350 126 28 28 5.724239
1290 350 133 28 28 1.178798
1290 357 119 28 28 1.520409
1290 357 126 28 28 6.323907
1290 357 133 28 28 2.262766
1290 448 126 28 28 0.924383
1290 448 133 28 28 5.475542
1290 455 133 28 28 0.580469
1290 0 12 24 24 1.302989
1290 0 18 24 24 8.389253
1290 6 18 24 24 7.993192
1290 12 18 24 24 1.519391
1290 96 96 24 24 0.722057
1290 96 102 24 24 4.748311
1290 96 108 24 24 5.154665
1290 102 96 24 24 3.137492
1290 102 102 24 24 6.808771
1290 102 108 24 24 5.528512
1290 108 102 24 24 2.181782
1290 108 108 24 24 2.891887
1320 256 0 64 64 3.283527
1320 272 0 64 64 2.411433
1320 288 0 64 64 4.320833
1320 36 36 48 48 0.862574
1320 36 36 48 48 0.862574
1320 0 126 36 36 2.175886
1320 0 128 32 32 1.604136
1320 0 136 32 32 0.398596
1320 0 152 32 32 3.930938
1320 16 128 32 32 0.685047
1320 24 112 32 32 0.192756
1320 112 98 28 28 1.815401
1320 112 112 28 28 1.076934
1320 112 119 28 28 0.016647
1320 119 98 28 28 3.379982
1320 119 112 28 28 0.570102
1320 119 133 28 28 1.815484
1320 126 98 28 28 4.012515
1320 126 133 28 28 0.893974
1320 154 98 28 28 2.116134
1320 343 112 28 28 2.693040
1320 343 119 28 28 3.929542
1320 350 119 28 28 2.318985
1320 350 126 28 28 0.927659
1320 357 119 28 28 1.257965
1320 96 102 24 24 0.801441
1320 108 108 24 24 1.646466
1320 108 114 24 24 1.911446
1320 132 102 24 24 0.508154
1320 132 108 24 24 3.874267
1320 132 114 24 24 2.100605
1320 144 108 24 24 0.688558
1320 294 114 24 24 0.408059
1350 0 48 64 64 1.164651
1350 16 0 64 64 1.275066
1350 16 16 64 64 2.980086
1350 16 32 64 64 1.564668
1350 16 48 64 64 3.404577
1350 32 32 64 64 1.249482
1350 32 48 64 64 4.610073
1350 256 16 64 64 1.269232
1350 272 0 64 64 2.145981
1350 272 16 64 64 0.996576
1350 288 0 64 64 1.900199
1350 288 16 64 64 1.031330
1350 352 16 64 64 0.717822
1350 0 12 48 48 3.045578
1350 0 24 48 48 5.015848
1350 0 36 48 48 5.248719
1350 0 12 48 48 3.045578
1350 0 24 48 48 5.015848
1350 0 36 48 48 5.248719
1350 0 11 44 44 0.140342
1350 0 22 44 44 6.926236
1350 0 33 44 44 5.646654
1350 11 22 44 44 0.120055
1350 11 33 44 44 2.540337
1350 264 33 44 44 0.650053
1350 0 30 40 40 4.468429
1350 10 30 40 40 4.182512
1350 0 144 36 36 0.795712
1350 459 126 36 36 3.539772
1350 8 152 32 32 1.551798
1350 384 112 32 32 3.510680
1350 392 112 32 32 1.872888
1350 400 112 32 32 3.992419
1350 400 128 32 32 3.119591
1350 408 112 32 32 4.365740
1350 408 128 32 32 3.598396
1350 7 112 28 28 0.277384
1350 7 119 28 28 2.511188
1350 14 112 28 28 0.958817
1350 14 119 28 28 0.941305
1350 112 98 28 28 0.816791
1350 119 98 28 28 1.287038
1350 126 98 28 28 0.173460
1350 126 112 28 28 1.427299
1350 126 126 28 28 1.086796
1350 126 133 28 28 1.035325
1350 168 126 28 28 1.466522
1350 343 119 28 28 0.702743
1350 350 119 28 28 2.902704
1350 350 126 28 28 3.368541
1350 18 114 24 24 0.014643
1350 96 108 24 24 0.136216
1350 96 114 24 24 0.723066
1350 102 108 24 24 2.845107
1350 102 114 24 24 6.475794
1350 108 114 24 24 2.618565
1350 144 114 24 24 0.344701
1350 192 114 24 24 1.422292
1350 198 114 24 24 0.179011
1350 204 114 24 24 1.319424
1350 294 0 24 24 2.265163
1350 384 114 24 24 0.152404
1380 0 16 64 64 1.094407
1380 0 32 64 64 4.510260
1380 0 48 64 64 1.883165
1380 16 0 64 64 1.280433
1380 16 16 64 64 5.349758
1380 16 32 64 64 10.527896
1380 16 48 64 64 12.835242
1380 32 16 64 64 4.115120
1380 32 32 64 64 10.460938
1380 32 48 64 64 10.799562
1380 48 32 64 64 0.920873
1380 48 48 64 64 1.260461
1380 352 0 64 64 2.204402
1380 352 16 64 64 2.857951
1380 0 36 48 48 0.653703
1380 12 36 48 48 2.531543
1380 288 12 48 48 1.020899
1380 0 36 48 48 0.653703
1380 12 36 48 48 2.531543
1380 288 12 48 48 1.020899
1380 352 11 44 44 1.484881
1380 30 0 40 40 2.486083
1380 30 10 40 40 0.689089
1380 0 153 36 36 1.476119
1380 0 162 36 36 2.479648
1380 9 153 36 36 1.029436
1380 9 162 36 36 1.207073
1380 24 16 32 32 0.631574
1380 24 112 32 32 1.273880
1380 136 128 32 32 4.791176
1380 144 128 32 32 0.876415
1380 384 8 32 32 1.225598
1380 384 112 32 32 5.793087
1380 392 0 32 32 0.646857
1380 392 8 32 32 2.026256
1380 392 112 32 32 3.580388
1380 400 0 32 32 0.672809
1380 400 8 32 32 0.781135
1380 400 16 32 32 0.477335
1380 400 112 32 32 6.441925
1380 408 112 32 32 4.651107
1380 224 7 28 28 0.314384
1380 336 14 28 28 1.269447
1380 336 21 28 28 2.377461
1380 336 119 28 28 0.789172
1380 336 126 28 28 2.831418
1380 448 119 28 28 1.284626
1380 455 119 28 28 1.649489
1380 455 126 28 28 0.570259
1380 462 119 28 28 4.545968
1380 462 126 28 28 2.870368
1380 469 119 28 28 0.783764
1380 469 126 28 28 2.664421
1380 469 133 28 28 0.335529
1380 12 192 24 24 6.897964
1380 12 198 24 24 2.471055
1380 18 192 24 24 4.544518
1380 18 198 24 24 3.282868
1380 204 114 24 24 0.417811
1380 210 114 24 24 4.148817
1380 390 12 24 24 0.890732
1380 492 18 24 24 1.651418
1380 492 192 24 24 0.352399
1380 498 192 24 24 2.389967
1410 0 48 64 64 0.085115
1410 16 32 64 64 0.677449
1410 32 32 64 64 1.034980
1410 32 48 64 64 0.441050
1410 48 32 64 64 0.264972
1410 256 0 64 64 1.558045
1410 256 16 64 64 3.030229
1410 36 36 48 48 1.363720
1410 264 12 48 48 0.320938
1410 264 24 48 48 1.353244
1410 264 36 48 48 2.352739
1410 36 36 48 48 1.363720
1410 264 12 48 48 0.320938
1410 264 24 48 48 1.353244
1410 264 36 48 48 2.352739
1410 352 0 44 44 0.535637
1410 352 11 44 44 2.562783
1410 0 0 40 40 2.069948
1410 0 0 36 36 1.682850
1410 0 9 36 36 2.805303
1410 9 0 36 36 3.354929
1410 9 9 36 36 3.292194
1410 18 0 36 36 2.876541
1410 18 9 36 36 3.106901
1410 153 0 36 36 0.527434
1410 432 0 36 36 0.350022
1410 8 16 32 32 1.352498
1410 8 112 32 32 0.818439
1410 16 16 32 32 0.582843
1410 16 112 32 32 0.619929
1410 24 8 32 32 1.634884
1410 24 24 32 32 0.680154
1410 392 0 32 32 1.177658
1410 392 8 32 32 1.319840
1410 400 0 32 32 2.053066
1410 408 144 32 32 0.524339
1410 0 21 28 28 4.290388
1410 7 21 28 28 2.397706
1410 14 21 28 28 3.092507
1410 14 126 28 28 0.024071
1410 21 21 28 28 3.951085
1410 21 126 28 28 2.270519
1410 112 133 28 28 1.217755
1410 119 126 28 28 0.723371
1410 119 133 28 28 2.027060
1410 154 126 28 28 2.065071
1410 154 133 28 28 1.397004
1410 336 0 28 28 0.424516
1410 336 98 28 28 1.058182
1410 336 112 28 28 4.698460
1410 336 119 28 28 4.171391
1410 336 126 28 28 4.481471
1410 343 0 28 28 0.053312
1410 343 98 28 28 3.537706
1410 343 112 28 28 2.920842
1410 343 133 28 28 0.616100
1410 350 98 28 28 0.391252
1410 448 0 28 28 0.034840
1410 448 7 28 28 0.817223
1410 448 14 28 28 1.654822
1410 448 21 28 28 2.028242
1410 455 14 28 28 1.859933
1410 455 21 28 28 0.775096
1410 18 192 24 24 0.892959
1410 192 0 24 24 3.192402
1410 198 0 24 24 6.369122
1410 198 6 24 24 0.521717
1410 198 114 24 24 4.276027
1410 204 0 24 24 5.517119
1410 204 108 24 24 1.053219
1410 204 114 24 24 8.984166
1410 210 114 24 24 4.122619
1410 480 96 24 24 5.871792
1410 486 96 24 24 1.467611
1440 32 16 64 64 1.330802
1440 32 32 64 64 0.175252
1440 256 0 64 64 0.344271
1440 256 16 64 64 4.402491
1440 272 0 64 64 0.303038
1440 272 16 64 64 4.985404
1440 288 16 64 64 0.392925
1440 0 24 48 48 1.221331
1440 192 36 48 48 4.296510
1440 204 36 48 48 5.114061
1440 216 36 48 48 2.560137
1440 0 24 48 48 1.221331
1440 192 36 48 48 4.296510
1440 204 36 48 48 5.114061
1440 216 36 48 48 2.560137
1440 0 22 44 44 5.566858
1440 0 33 44 44 7.432817
1440 11 22 44 44 3.189311
1440 11 33 44 44 1.861750
1440 0 30 40 40 7.520689
1440 10 30 40 40 2.439490
1440 20 30 40 40 2.912262
1440 9 153 36 36 0.145017
1440 136 112 32 32 0.684302
1440 144 112 32 32 0.896129
1440 0 119 28 28 2.403517
1440 7 119 28 28 1.227055
1440 119 133 28 28 2.654041
1440 126 126 28 28 0.006421
1440 126 133 28 28 3.444194
1440 154 112 28 28 1.313657
1440 224 112 28 28 1.149075
1440 231 112 28 28 3.094426
1440 336 112 28 28 1.910854
1440 343 98 28 28 2.607254
1440 350 112 28 28 1.206791
1440 350 119 28 28 2.241892
1440 357 98 28 28 2.873189
1440 357 112 28 28 1.897799
1440 357 119 28 28 1.919103
1440 0 6 24 24 1.409180
1440 0 12 24 24 4.137093
1440 0 18 24 24 1.747338
1440 0 198 24 24 0.995957
1440 0 204 24 24 4.120818
1440 0 210 24 24 1.902507
1440 6 18 24 24 1.188021
1440 144 114 24 24 1.047920
1440 210 114 24 24 2.200205
1440 384 102 24 24 4.189740
1440 384 108 24 24 3.536483
1440 384 114 24 24 0.650351
1440 390 102 24 24 3.302625
1440 390 108 24 24 5.070337
1440 390 114 24 24 1.224294
1440 396 102 24 24 1.382145
1440 396 108 24 24 4.357629
1440 396 114 24 24 3.691486
1440 402 108 24 24 3.487521
1440 402 114 24 24 4.305164
1470 0 0 64 64 0.416041
1470 0 16 64 64 3.389639
1470 0 32 64 64 4.067297
1470 0 48 64 64 1.658648
1470 16 0 64 64 3.580157
1470 256 16 64 64 2.848574
1470 272 16 64 64 2.684053
1470 272 32 64 64 5.210951
1470 288 16 64 64 2.629194
1470 288 32 64 64 7.292936
1470 288 48 64 64 0.255764
1470 192 36 48 48 3.168463
1470 204 36 48 48 0.610558
1470 216 36 48 48 1.522989
1470 192 36 48 48 3.168463
1470 204 36 48 48 0.610558
1470 216 36 48 48 1.522989
1470 18 126 36 36 2.640137
1470 27 126 36 36 4.775923
1470 27 144 36 36 0.758993
1470 459 171 36 36 0.976509
1470 24 144 32 32 3.237985
1470 24 152 32 32 3.574505
1470 128 128 32 32 0.177301
1470 112 98 28 28 3.426488
1470 224 112 28 28 3.726825
1470 336 98 28 28 0.360144
1470 336 112 28 28 1.027030
1470 343 98 28 28 1.256079
1470 343 112 28 28 0.628878
1470 6 84 24 24 4.925076
1470 12 84 24 24 5.458706
1470 390 108 24 24 2.331986
1470 396 108 24 24 0.022236
1470 480 198 24 24 0.004619
1470 480 204 24 24 0.110809
1470 492 210 24 24 2.166026
1470 498 210 24 24 0.780710
1500 16 0 64 64 0.742214
1500 16 32 64 64 3.215356
1500 32 32 64 64 1.654783
1500 48 32 64 64 0.939783
1500 256 16 64 64 1.104806
1500 352 16 64 64 1.257663
1500 352 32 64 64 1.220375
1500 0 0 40 40 0.170368
1500 10 30 40 40 3.275318
1500 320 30 40 40 2.501620
1500 330 30 40 40 0.647191
1500 9 0 36 36 0.495262
1500 9 9 36 36 1.893232
1500 18 9 36 36 3.732638
1500 18 18 36 36 1.778092
1500 27 9 36 36 0.747814
1500 24 16 32 32 0.871123
1500 24 24 32 32 2.375381
1500 192 112 32 32 1.661660
1500 384 112 32 32 0.453210
1500 384 128 32 32 0.805139
1500 384 136 32 32 1.366103
1500 384 144 32 32 3.811953
1500 384 152 32 32 1.634537
1500 0 14 28 28 1.964050
1500 0 126 28 28 1.730900
1500 0 133 28 28 1.842265
1500 357 98 28 28 0.039771
1500 0 18 24 24 1.835029
1500 96 0 24 24 1.431019
1500 96 6 24 24 0.371180
1500 198 102 24 24 0.648822
1500 210 114 24 24 0.403809
1500 294 6 24 24 2.461034
1500 300 0 24 24 0.138007
1500 300 6 24 24 3.714105
1500 306 0 24 24 0.169591
1500 306 6 24 24 1.243200
1500 384 108 24 24 0.679347
1500 384 114 24 24 5.369024
1500 390 114 24 24 1.275914
1500 396 102 24 24 2.668994
1530 272 0 64 64 0.819028
1530 272 16 64 64 1.372378
1530 288 0 64 64 3.325726
1530 288 16 64 64 3.628031
1530 288 32 64 64 3.037052
1530 352 0 64 64 0.778962
1530 352 16 64 64 2.940805
1530 352 32 64 64 1.966486
1530 352 48 64 64 3.413002
1530 0 0 48 48 2.687888
1530 12 0 48 48 3.076821
1530 24 0 48 48 5.846035
1530 36 0 48 48 5.198459
1530 204 36 48 48 0.112780
1530 396 36 48 48 1.475910
1530 408 12 48 48 0.869336
1530 408 24 48 48 4.420409
1530 408 36 48 48 3.063562
1530 0 0 48 48 2.687888
1530 12 0 48 48 3.076821
1530 24 0 48 48 5.846035
1530 36 0 48 48 5.198459
1530 204 36 48 48 0.112780
1530 396 36 48 48 1.475910
1530 408 12 48 48 0.869336
1530 408 24 48 48 4.420409
1530 408 36 48 48 3.063562
1530 0 11 44 44 1.085165
1530 0 22 44 44 0.653591
1530 11 0 44 44 1.084060
1530 11 11 44 44 1.806020
1530 33 0 44 44 2.024004
1530 33 11 44 44 4.209307
1530 0 30 40 40 1.310440
1530 10 20 40 40 2.531630
1530 10 30 40 40 3.247010
1530 20 20 40 40 3.463832
1530 20 30 40 40 0.084578
1530 30 20 40 40 0.800388
1530 0 162 36 36 3.702565
1530 0 171 36 36 1.498312
1530 27 27 36 36 1.408868
1530 343 98 28 28 2.457250
1530 350 98 28 28 3.686705
1530 350 119 28 28 2.078528
1530 357 112 28 28 5.053507
1530 357 119 28 28 4.548951
1530 357 126 28 28 3.875362
1530 357 133 28 28 2.280896
1530 462 0 28 28 0.929773
1530 469 7 28 28 1.475510
1530 469 14 28 28 3.998924
1530 469 119 28 28 0.730545
1530 469 133 28 28 0.306360
1530 18 84 24 24 0.627712
1530 18 198 24 24 1.115697
1530 18 204 24 24 1.572556
1530 132 192 24 24 0.461573
1530 192 114 24 24 0.995669
1530 198 114 24 24 1.513800
1530 204 114 24 24 2.969719
1530 396 108 24 24 0.577891
1530 402 96 24 24 0.042326
1530 402 108 24 24 0.013158
1530 480 18 24 24 1.857053
1530 486 18 24 24 3.718858
1530 492 18 24 24 3.894499
1530 498 18 24 24 2.187519
1560 256 0 64 64 4.044358
1560 272 0 64 64 0.557966
1560 272 16 64 64 0.631514
1560 288 16 64 64 0.953217
1560 352 0 64 64 0.736701
1560 352 16 64 64 0.840507
1560 0 12 48 48 0.891430
1560 0 24 48 48 3.386004
1560 12 24 48 48 1.122620
1560 0 12 48 48 0.891430
1560 0 24 48 48 3.386004
1560 12 24 48 48 1.122620
1560 0 22 44 44 1.015174
1560 0 33 44 44 3.749091
1560 11 33 44 44 2.247196
1560 352 33 44 44 0.543653
1560 363 33 44 44 0.489522
1560 459 9 36 36 1.840867
1560 459 18 36 36 1.153919
1560 0 144 32 32 0.322351
1560 0 152 32 32 4.245809
1560 384 16 32 32 1.016534
1560 392 8 32 32 1.211950
1560 392 16 32 32 5.163788
1560 392 24 32 32 2.509810
1560 400 16 32 32 4.539108
1560 400 24 32 32 0.831696
1560 238 119 28 28 2.660947
1560 238 126 28 28 1.023466
1560 336 119 28 28 1.712316
1560 336 133 28 28 2.052369
1560 357 98 28 28 1.035664
1560 448 0 28 28 1.868587
1560 0 102 24 24 1.539292
1560 192 102 24 24 2.423765
1560 198 102 24 24 0.077863
1560 402 108 24 24 1.383908
1560 402 114 24 24 4.354585
1590 352 0 64 64 4.196219
1590 352 16 64 64 1.742206
1590 384 24 48 48 1.772053
1590 384 36 48 48 2.412864
1590 384 24 48 48 1.772053
1590 384 36 48 48 2.412864
1590 374 33 44 44 3.920925
1590 385 33 44 44 6.088790
1590 408 0 32 32 2.880492
1590 408 8 32 32 4.939372
1590 408 16 32 32 2.285575
1590 224 119 28 28 1.080863
1590 108 102 24 24 3.449910
1590 108 108 24 24 2.146838
1590 402 0 24 24 0.474802
1590 402 6 24 24 1.454590
1620 288 0 64 64 0.107416
1620 352 0 64 64 1.034284
1620 384 12 48 48 1.181467
1620 384 24 48 48 3.403320
1620 384 36 48 48 2.001524
1620 396 12 48 48 2.436172
1620 396 24 48 48 4.889549
1620 396 36 48 48 0.475908
1620 408 12 48 48 1.887228
1620 408 24 48 48 6.538384
1620 408 36 48 48 3.264755
1620 420 24 48 48 1.813946
1620 420 36 48 48 0.548560
1620 384 12 48 48 1.181467
1620 384 24 48 48 3.403320
1620 384 36 48 48 2.001524
1620 396 12 48 48 2.436172
1620 396 24 48 48 4.889549
1620 396 36 48 48 0.475908
1620 408 12 48 48 1.887228
1620 408 24 48 48 6.538384
1620 408 36 48 48 3.264755
1620 420 24 48 48 1.813946
1620 420 36 48 48 0.548560
1620 352 33 44 44 0.014761
1620 441 144 36 36 0.177768
1620 128 112 32 32 1.150999
1620 357 98 28 28 0.683099
1620 448 14 28 28 1.996186
1620 448 21 28 28 2.309217
1620 192 198 24 24 0.033383
1650 32 16 64 64 0.520537
1650 352 0 64 64 0.940611
1650 420 0 48 48 3.486943
1650 420 0 48 48 3.486943
1650 352 11 44 44 3.215577
1650 352 22 44 44 5.151351
1650 363 22 44 44 3.314214
1650 340 20 40 40 0.910116
1650 340 30 40 40 3.649246
1650 350 20 40 40 0.983813
1650 350 30 40 40 4.586048
1650 459 18 36 36 0.723825
1650 128 136 32 32 6.792550
1650 128 144 32 32 6.839252
1650 112 126 28 28 0.739366
1650 112 133 28 28 4.966074
1650 119 112 28 28 2.277398
1650 119 126 28 28 2.719216
1650 119 133 28 28 4.199360
1650 126 112 28 28 0.785690
1650 126 126 28 28 2.231159
1650 126 133 28 28 3.547970
1650 12 0 24 24 0.486913
1650 18 0 24 24 0.753724
1650 96 84 24 24 0.199958
1650 132 114 24 24 0.397816
1650 486 18 24 24 1.044350
1650 492 0 24 24 0.807988
1650 492 6 24 24 2.204793
1650 492 12 24 24 4.029037
1650 492 18 24 24 1.732155
1650 498 12 24 24 3.391013
1650 498 18 24 24 4.894012
1680 0 48 64 64 0.143363
1680 352 0 64 64 0.625690
1680 352 16 64 64 0.565687
1680 408 24 48 48 0.148253
1680 420 24 48 48 2.318797
1680 408 24 48 48 0.148253
1680 420 24 48 48 2.318797
1680 352 33 44 44 2.286309
1680 363 33 44 44 1.152128
1680 0 140 40 40 16.137072
1680 0 160 40 40 2.140415
1680 10 140 40 40 6.695220
1680 20 140 40 40 0.614950
1680 0 126 36 36 5.696474
1680 0 144 36 36 16.932871
1680 0 153 36 36 13.961638
1680 0 162 36 36 6.906095
1680 0 171 36 36 3.395979
1680 9 126 36 36 1.580720
1680 9 144 36 36 10.367054
1680 9 153 36 36 8.136151
1680 9 162 36 36 5.723619
1680 18 144 36 36 3.642306
1680 18 153 36 36 3.172365
1680 18 162 36 36 2.388091
1680 27 144 36 36 0.023947
1680 27 162 36 36 0.853125
1680 0 128 32 32 1.228784
1680 0 136 32 32 6.561838
1680 0 144 32 32 7.712445
1680 0 152 32 32 5.750958
1680 8 128 32 32 2.821998
1680 8 136 32 32 8.297415
1680 8 144 32 32 12.140186
1680 8 152 32 32 11.119453
1680 16 136 32 32 5.174399
1680 16 144 32 32 9.491109
1680 16 152 32 32 7.562169
1680 24 152 32 32 2.650834
1680 7 133 28 28 0.959018
1680 14 133 28 28 2.965454
1680 21 133 28 28 0.298284
1680 336 119 28 28 0.028527
1680 343 126 28 28 0.058059
1680 343 133 28 28 0.889832
1680 462 133 28 28 3.684439
1680 469 133 28 28 0.092007
1680 6 192 24 24 0.413887
1680 6 198 24 24 1.003196
1680 12 192 24 24 7.088941
1680 12 198 24 24 8.338409
1680 12 204 24 24 2.488498
1680 18 192 24 24 13.881541
1680 18 198 24 24 11.161496
1680 18 204 24 24 4.593368
1680 96 96 24 24 1.190863
1680 96 102 24 24 0.927779
1680 288 84 24 24 3.503652
1680 384 114 24 24 2.095830
1680 390 114 24 24 4.743190
1680 396 114 24 24 0.657931
1710 352 16 64 64 2.560093
1710 352 22 44 44 0.916227
1710 352 33 44 44 1.632584
1710 363 33 44 44 0.330901
1710 340 30 40 40 0.899578
1710 340 140 40 40 1.546534
1710 340 160 40 40 0.870579
1710 350 30 40 40 1.257989
1710 350 140 40 40 2.211901
1710 350 160 40 40 4.104970
1710 264 136 32 32 0.006638
1710 336 126 28 28 2.343513
1710 336 133 28 28 4.114483
1710 448 126 28 28 2.889785
1710 288 84 24 24 3.657927
1710 384 96 24 24 3.897522
1710 384 102 24 24 8.605643
1710 384 192 24 24 2.207094
1710 384 198 24 24 1.653868
1710 390 96 24 24 2.543534
1710 390 102 24 24 6.100639
1710 396 96 24 24 2.693838
1710 396 102 24 24 4.896579
1710 402 96 24 24 0.135932
1710 402 102 24 24 3.828088
1740 0 32 64 64 4.086048
1740 288 32 64 64 0.530589
1740 408 36 48 48 0.461437
1740 420 36 48 48 1.494967
1740 408 36 48 48 0.461437
1740 420 36 48 48 1.494967
1740 352 33 44 44 5.110246
1740 363 33 44 44 1.981827
1740 374 33 44 44 2.020384
1740 350 160 40 40 2.823992
1740 350 170 40 40 0.322732
1740 336 126 28 28 4.762551
1740 336 133 28 28 5.096442
1740 343 126 28 28 1.858784
1740 343 133 28 28 3.003037
1740 384 96 24 24 7.489059
1740 384 102 24 24 6.025219
1740 384 108 24 24 0.723644
1740 390 96 24 24 6.287977
1740 390 102 24 24 10.302938
1740 390 108 24 24 0.502785
1740 396 102 24 24 5.670055
1740 402 102 24 24 4.290400
1740 402 108 24 24 2.834677
1770 288 16 64 64 0.378882
1770 288 32 64 64 2.154761
1770 352 16 64 64 0.249879
1770 340 160 40 40 1.378711
1770 350 30 40 40 0.077186
1770 350 170 40 40 1.041748
1770 256 144 32 32 0.516544
1770 264 144 32 32 2.213384
1770 336 126 28 28 1.403302
1770 336 133 28 28 2.778480
1770 343 126 28 28 0.822018
1770 343 133 28 28 0.633588
1770 288 96 24 24 5.406834
1770 384 96 24 24 2.913049
1770 384 204 24 24 4.221818
1770 384 210 24 24 1.243914
1770 390 96 24 24 0.116927
1770 390 102 24 24 0.260226
1770 390 108 24 24 0.764453
1770 390 204 24 24 0.826764
