30 0 0 64 64 0.685382
30 0 16 64 64 3.341847
30 0 32 64 64 2.151964
30 0 48 64 64 2.758795
30 16 16 64 64 0.657733
30 32 0 64 64 0.744804
30 48 0 64 64 1.748939
30 48 16 64 64 1.333913
30 24 24 48 48 0.831684
30 36 12 48 48 3.564678
30 36 24 48 48 3.424898
30 24 24 48 48 0.831684
30 36 12 48 48 3.564678
30 36 24 48 48 3.424898
30 33 22 44 44 0.589220
30 0 112 32 32 4.134103
30 8 112 32 32 3.861405
30 16 112 32 32 6.155420
30 24 112 32 32 7.184677
30 128 152 32 32 0.527808
30 0 98 28 28 1.628467
30 0 112 28 28 3.436044
30 0 119 28 28 1.819398
30 7 98 28 28 8.391449
30 7 112 28 28 3.668557
30 7 119 28 28 4.602833
30 14 98 28 28 7.757078
30 14 112 28 28 2.429430
30 14 119 28 28 3.993386
30 21 98 28 28 2.982752
30 21 112 28 28 2.394898
30 21 119 28 28 4.020636
30 112 112 28 28 0.837425
30 112 133 28 28 0.518936
30 119 112 28 28 2.738132
30 231 126 28 28 0.082405
30 350 98 28 28 1.091839
30 357 98 28 28 5.512773
30 469 126 28 28 2.902380
30 0 108 24 24 0.621717
30 6 108 24 24 3.913046
30 6 114 24 24 3.324897
30 12 96 24 24 3.159696
30 12 102 24 24 5.155802
30 12 108 24 24 7.210250
30 12 114 24 24 4.438418
30 18 96 24 24 7.653088
30 18 102 24 24 8.794615
30 18 108 24 24 8.971265
30 18 114 24 24 5.509651
30 96 12 24 24 0.833622
30 132 12 24 24 3.200174
30 192 108 24 24 6.166696
30 192 114 24 24 4.552670
30 198 114 24 24 2.231950
30 306 96 24 24 0.084362
30 384 102 24 24 3.282481
30 384 108 24 24 4.847963
30 390 108 24 24 0.342534
30 396 108 24 24 2.222330
30 402 102 24 24 3.174480
30 402 108 24 24 6.441451
30 402 114 24 24 3.478948
30 498 114 24 24 1.162481
60 16 0 64 64 4.538759
60 32 48 64 64 1.312750
60 48 48 64 64 4.483340
60 24 24 48 48 1.205646
60 24 36 48 48 8.434938
60 36 24 48 48 1.547815
60 36 36 48 48 5.457704
60 24 24 48 48 1.205646
60 24 36 48 48 8.434938
60 36 24 48 48 1.547815
60 36 36 48 48 5.457704
60 22 33 44 44 1.636031
60 33 33 44 44 3.217111
60 198 18 36 36 1.773834
60 136 136 32 32 2.285552
60 136 144 32 32 1.445570
60 144 136 32 32 1.465071
60 144 144 32 32 0.139631
60 112 98 28 28 0.054954
60 154 98 28 28 0.359370
60 224 119 28 28 1.547087
60 224 126 28 28 1.762221
60 231 98 28 28 1.267080
60 231 112 28 28 1.061883
60 238 98 28 28 4.292357
60 238 112 28 28 0.224526
60 245 98 28 28 3.645433
60 350 98 28 28 1.124116
60 357 98 28 28 3.652581
60 0 108 24 24 0.177064
60 0 114 24 24 6.123268
60 18 12 24 24 0.024868
60 96 12 24 24 0.606670
60 96 18 24 24 3.926255
60 96 114 24 24 5.535420
60 102 114 24 24 2.059901
60 108 114 24 24 0.682280
60 108 192 24 24 1.618989
60 108 198 24 24 1.934207
60 294 84 24 24 1.019616
60 300 84 24 24 2.301820
60 384 102 24 24 2.889764
60 384 108 24 24 7.866793
60 384 114 24 24 3.173273
60 390 108 24 24 5.822474
60 480 114 24 24 3.967520
60 486 108 24 24 0.305967
60 486 114 24 24 3.524750
60 492 114 24 24 2.210992
90 0 0 64 64 3.111121
90 0 16 64 64 2.879541
90 16 0 64 64 5.306836
90 16 16 64 64 3.925881
90 16 32 64 64 0.164970
90 32 0 64 64 6.500066
90 32 16 64 64 3.013150
90 48 0 64 64 4.452093
90 192 24 48 48 0.218366
90 192 24 48 48 0.218366
90 198 33 44 44 0.712222
90 0 190 40 40 0.366646
90 162 18 36 36 3.072586
90 144 128 32 32 0.531968
90 144 136 32 32 2.143656
90 176 24 32 32 2.347616
90 192 112 32 32 4.587868
90 192 128 32 32 0.862790
90 21 224 28 28 1.658696
90 224 98 28 28 1.120087
90 224 112 28 28 2.862500
90 231 98 28 28 1.582495
90 231 112 28 28 1.966724
90 238 98 28 28 1.348155
90 245 98 28 28 0.547696
90 350 98 28 28 4.428882
90 357 98 28 28 7.208065
90 0 108 24 24 1.037729
90 0 114 24 24 0.241517
90 96 18 24 24 1.211087
90 108 102 24 24 0.314096
90 384 108 24 24 1.248057
90 384 114 24 24 4.868955
90 390 108 24 24 2.093549
90 390 114 24 24 6.204207
120 352 0 64 64 4.737880
120 204 24 48 48 0.241917
120 384 36 48 48 2.040776
120 204 24 48 48 0.241917
120 384 36 48 48 2.040776
120 144 9 36 36 3.783654
120 153 9 36 36 1.145883
120 162 126 36 36 2.468422
120 136 24 32 32 0.542710
120 144 16 32 32 6.047492
120 144 24 32 32 6.548178
120 192 112 32 32 3.204356
120 231 98 28 28 3.248988
120 231 112 28 28 1.583040
120 238 98 28 28 3.188331
120 238 112 28 28 4.703734
120 238 119 28 28 1.093769
120 245 98 28 28 1.464844
120 245 112 28 28 2.396015
120 357 98 28 28 1.049180
120 448 133 28 28 3.330327
120 455 133 28 28 4.570051
120 210 18 24 24 0.305919
120 384 114 24 24 2.087416
120 390 114 24 24 3.351787
120 396 114 24 24 4.532252
120 402 114 24 24 6.559680
150 0 0 64 64 0.695004
150 16 48 64 64 0.340723
150 32 0 64 64 0.082546
150 352 0 64 64 4.659625
150 0 36 48 48 2.462271
150 12 0 48 48 0.971628
150 12 12 48 48 1.887535
150 12 24 48 48 1.150540
150 12 36 48 48 4.634505
150 24 0 48 48 3.907944
150 24 12 48 48 4.304530
150 24 24 48 48 4.039607
150 24 36 48 48 4.079753
150 36 0 48 48 0.610949
150 36 12 48 48 4.014965
150 36 24 48 48 0.822853
150 36 36 48 48 2.902842
150 192 24 48 48 0.292724
150 204 24 48 48 3.005549
150 204 36 48 48 2.020446
150 216 24 48 48 0.277913
150 384 36 48 48 1.902952
150 396 36 48 48 0.503870
150 0 36 48 48 2.462271
150 12 0 48 48 0.971628
150 12 12 48 48 1.887535
150 12 24 48 48 1.150540
150 12 36 48 48 4.634505
150 24 0 48 48 3.907944
150 24 12 48 48 4.304530
150 24 24 48 48 4.039607
150 24 36 48 48 4.079753
150 36 0 48 48 0.610949
150 36 12 48 48 4.014965
150 36 24 48 48 0.822853
150 36 36 48 48 2.902842
150 192 24 48 48 0.292724
150 204 24 48 48 3.005549
150 204 36 48 48 2.020446
150 216 24 48 48 0.277913
150 384 36 48 48 1.902952
150 396 36 48 48 0.503870
150 11 33 44 44 1.406667
150 22 33 44 44 1.911772
150 33 11 44 44 1.156092
150 33 22 44 44 2.117188
150 33 33 44 44 4.060388
150 144 0 36 36 1.948525
150 144 9 36 36 3.924122
150 153 0 36 36 0.811035
150 153 9 36 36 2.983046
150 153 144 36 36 0.175519
150 24 0 32 32 0.026024
150 24 16 32 32 0.101494
150 24 24 32 32 0.037634
150 128 0 32 32 0.167863
150 128 8 32 32 5.822147
150 128 16 32 32 3.685278
150 136 16 32 32 0.538213
150 136 152 32 32 2.455032
150 144 16 32 32 1.602693
150 144 144 32 32 1.507642
150 144 152 32 32 1.651314
150 192 128 32 32 2.926879
150 112 14 28 28 1.893299
150 112 21 28 28 0.920174
150 119 7 28 28 0.580164
150 119 14 28 28 1.903000
150 126 14 28 28 2.344658
150 126 21 28 28 3.649711
150 154 21 28 28 2.106534
150 168 21 28 28 1.306165
150 224 98 28 28 5.266725
150 224 112 28 28 0.609498
150 231 98 28 28 5.419891
150 231 112 28 28 2.447818
150 231 119 28 28 2.982929
150 231 126 28 28 0.396020
150 238 98 28 28 4.302599
150 238 112 28 28 3.630909
150 238 119 28 28 4.503559
150 238 126 28 28 4.611761
150 238 133 28 28 3.904567
150 245 98 28 28 2.927015
150 245 112 28 28 4.372465
150 245 119 28 28 2.577906
150 336 98 28 28 2.959303
150 343 98 28 28 4.471245
150 350 98 28 28 5.524594
150 357 98 28 28 4.297834
150 448 112 28 28 5.832187
150 448 119 28 28 1.673265
150 455 112 28 28 4.710522
150 462 112 28 28 9.556050
150 469 112 28 28 6.012536
150 469 119 28 28 3.661885
150 469 126 28 28 2.030336
150 469 133 28 28 0.529182
150 0 198 24 24 4.981552
150 0 204 24 24 3.168241
150 0 210 24 24 0.653622
150 6 192 24 24 0.310691
150 6 198 24 24 4.745488
150 6 204 24 24 2.143272
150 6 210 24 24 1.306376
150 144 6 24 24 0.673932
150 144 12 24 24 0.481873
150 390 114 24 24 0.139286
150 396 114 24 24 0.464809
150 402 114 24 24 2.217600
180 0 0 48 48 1.028107
180 0 12 48 48 1.826800
180 204 24 48 48 1.358032
180 384 36 48 48 2.689390
180 396 36 48 48 1.596182
180 420 36 48 48 0.149518
180 0 0 48 48 1.028107
180 0 12 48 48 1.826800
180 204 24 48 48 1.358032
180 384 36 48 48 2.689390
180 396 36 48 48 1.596182
180 420 36 48 48 0.149518
180 0 11 44 44 3.041513
180 0 22 44 44 6.801698
180 0 33 44 44 2.834829
180 11 11 44 44 4.496965
180 11 22 44 44 6.123285
180 11 33 44 44 0.296063
180 33 154 44 44 2.303450
180 0 30 40 40 5.241560
180 10 20 40 40 0.514938
180 10 30 40 40 5.684479
180 20 30 40 40 6.016338
180 30 140 40 40 0.365817
180 144 126 36 36 7.764351
180 153 126 36 36 1.252630
180 216 126 36 36 1.239645
180 450 171 36 36 1.325420
180 24 8 32 32 0.761854
180 24 16 32 32 1.114068
180 24 24 32 32 0.525816
180 128 0 32 32 2.766633
180 136 0 32 32 9.087064
180 136 8 32 32 6.497760
180 144 0 32 32 1.322179
180 144 144 32 32 1.424310
180 112 0 28 28 2.548772
180 154 21 28 28 0.122915
180 168 126 28 28 2.124357
180 168 133 28 28 1.235567
180 224 98 28 28 3.630936
180 224 119 28 28 1.070579
180 231 98 28 28 3.642950
180 231 112 28 28 3.094147
180 231 119 28 28 2.144464
180 231 126 28 28 1.769176
180 231 133 28 28 0.805415
180 238 112 28 28 4.504466
180 238 119 28 28 4.331050
180 238 126 28 28 4.928593
180 238 133 28 28 6.152349
180 245 112 28 28 5.906403
180 245 119 28 28 3.716889
180 245 126 28 28 4.184814
180 245 133 28 28 4.696728
180 350 98 28 28 0.796749
180 357 98 28 28 0.783998
180 448 98 28 28 3.774342
180 448 112 28 28 2.140234
180 448 119 28 28 4.473476
180 448 126 28 28 1.049601
180 455 98 28 28 6.618037
180 455 119 28 28 2.642858
180 462 98 28 28 5.101449
180 469 98 28 28 2.790697
180 0 96 24 24 1.147888
180 0 102 24 24 1.207271
180 0 108 24 24 0.368028
180 12 0 24 24 0.888952
180 96 204 24 24 1.486588
180 96 210 24 24 2.616997
180 102 210 24 24 1.881576
180 132 0 24 24 3.021641
180 132 6 24 24 1.524517
180 204 114 24 24 0.132758
180 210 108 24 24 1.138743
180 210 114 24 24 0.693672
180 402 114 24 24 0.378558
180 480 84 24 24 4.160860
180 480 108 24 24 0.021200
180 480 114 24 24 2.728335
180 486 84 24 24 5.956919
180 492 84 24 24 4.027843
180 492 108 24 24 2.032037
180 492 114 24 24 2.553967
180 498 84 24 24 3.157455
180 498 108 24 24 0.794317
180 498 114 24 24 0.459025
210 272 32 64 64 1.127308
210 352 16 64 64 1.477186
210 352 32 64 64 3.931670
210 192 36 48 48 0.631604
210 264 24 48 48 0.144469
210 288 36 48 48 2.902672
210 384 36 48 48 1.131303
210 192 36 48 48 0.631604
210 264 24 48 48 0.144469
210 288 36 48 48 2.902672
210 384 36 48 48 1.131303
210 11 154 44 44 0.459249
210 22 154 44 44 3.476301
210 33 154 44 44 2.786287
210 30 140 40 40 0.365405
210 30 160 40 40 0.286069
210 128 112 32 32 1.771725
210 136 112 32 32 2.551375
210 112 112 28 28 1.612864
210 112 119 28 28 0.062536
210 119 98 28 28 3.284374
210 119 112 28 28 4.452781
210 119 119 28 28 2.006460
210 119 126 28 28 1.070192
210 126 21 28 28 1.030013
210 126 112 28 28 1.461937
210 168 21 28 28 1.016618
210 168 98 28 28 1.033557
210 224 98 28 28 2.526602
210 224 112 28 28 0.416823
210 238 126 28 28 1.139591
210 238 133 28 28 2.299230
210 245 126 28 28 1.114386
210 245 133 28 28 1.110723
210 357 98 28 28 3.486544
210 469 119 28 28 0.470370
210 96 108 24 24 0.000761
210 96 114 24 24 1.251001
210 108 114 24 24 1.399520
210 132 108 24 24 2.368075
210 132 114 24 24 3.508505
210 144 12 24 24 0.182576
210 144 108 24 24 1.584177
210 144 114 24 24 4.179755
210 198 108 24 24 0.283024
210 204 102 24 24 4.000802
210 204 108 24 24 5.566072
210 210 84 24 24 0.602422
210 210 102 24 24 0.139404
210 210 108 24 24 5.775867
210 306 96 24 24 0.102169
210 486 96 24 24 0.351214
210 492 84 24 24 2.544579
210 498 84 24 24 5.483266
240 256 16 64 64 0.839831
240 256 32 64 64 0.876345
240 352 32 64 64 2.385179
240 352 48 64 64 1.575002
240 0 36 48 48 5.276240
240 288 36 48 48 4.731122
240 396 36 48 48 0.105308
240 0 36 48 48 5.276240
240 288 36 48 48 4.731122
240 396 36 48 48 0.105308
240 176 33 44 44 2.734488
240 187 33 44 44 2.222013
240 198 33 44 44 2.409925
240 27 126 36 36 1.250078
240 8 112 32 32 0.011849
240 16 112 32 32 1.891236
240 24 112 32 32 3.857429
240 24 128 32 32 0.182311
240 136 0 32 32 0.098412
240 400 128 32 32 1.774744
240 408 128 32 32 2.999990
240 408 136 32 32 5.320121
240 408 144 32 32 2.958604
240 408 152 32 32 4.660353
240 21 112 28 28 2.450496
240 21 119 28 28 4.564268
240 21 126 28 28 1.413078
240 168 112 28 28 0.802087
240 245 112 28 28 3.147414
240 245 126 28 28 0.238952
240 245 133 28 28 1.155372
240 343 98 28 28 0.125525
240 350 98 28 28 0.127798
240 357 98 28 28 3.681689
240 108 6 24 24 3.812623
240 108 114 24 24 1.050312
240 144 114 24 24 0.003569
240 192 114 24 24 3.390144
240 204 114 24 24 2.714370
240 210 96 24 24 0.407766
240 210 102 24 24 3.461268
240 210 108 24 24 4.830156
240 210 114 24 24 5.863716
240 300 84 24 24 0.973649
240 300 96 24 24 0.645565
240 306 84 24 24 3.125514
240 306 96 24 24 0.660383
240 480 84 24 24 3.055346
240 486 84 24 24 4.373670
240 492 84 24 24 0.766111
270 256 0 64 64 4.109707
270 256 16 64 64 7.169107
270 272 0 64 64 1.364457
270 272 16 64 64 4.437388
270 288 36 48 48 4.681666
270 420 12 48 48 2.604467
270 420 24 48 48 1.835053
270 288 36 48 48 4.681666
270 420 12 48 48 2.604467
270 420 24 48 48 1.835053
270 176 22 44 44 4.353966
270 176 33 44 44 3.858016
270 187 22 44 44 1.637519
270 187 33 44 44 2.883362
270 198 33 44 44 1.608240
270 160 30 40 40 2.019254
270 170 30 40 40 1.101986
270 180 30 40 40 1.734175
270 153 126 36 36 3.075048
270 176 112 32 32 6.811814
270 176 128 32 32 0.663797
270 384 136 32 32 2.533710
270 384 144 32 32 5.667456
270 384 152 32 32 2.121414
270 392 112 32 32 0.779650
270 392 128 32 32 2.763520
270 392 136 32 32 3.190888
270 392 144 32 32 8.671043
270 392 152 32 32 8.049493
270 400 112 32 32 0.827411
270 400 136 32 32 0.335455
270 400 144 32 32 3.269238
270 400 152 32 32 5.113406
270 112 112 28 28 1.087663
270 119 112 28 28 1.875781
270 154 112 28 28 2.722034
270 168 112 28 28 4.743207
270 168 119 28 28 6.483875
270 168 126 28 28 6.380204
270 168 133 28 28 4.660842
270 238 112 28 28 0.768209
270 238 133 28 28 1.516934
270 357 112 28 28 5.114937
270 192 96 24 24 0.210801
270 192 108 24 24 0.271565
270 192 114 24 24 3.855882
270 198 96 24 24 1.241453
270 204 84 24 24 1.265333
270 204 96 24 24 1.060993
270 210 84 24 24 0.427164
270 210 96 24 24 1.310405
270 210 102 24 24 1.930511
270 288 96 24 24 2.402743
270 294 84 24 24 0.843944
270 294 96 24 24 5.738193
270 294 102 24 24 2.044303
270 300 96 24 24 4.322900
270 300 102 24 24 2.065576
270 306 96 24 24 1.149669
270 480 84 24 24 2.339936
270 480 96 24 24 4.189702
270 486 96 24 24 5.661391
270 492 96 24 24 7.426605
270 492 102 24 24 3.941994
270 498 96 24 24 6.062072
270 498 102 24 24 4.098230
270 498 108 24 24 3.585791
270 498 114 24 24 0.104516
300 0 0 64 64 2.586116
300 0 16 64 64 2.388649
300 16 0 64 64 5.936834
300 16 16 64 64 3.489956
300 32 0 64 64 5.481443
300 32 16 64 64 0.315189
300 48 0 64 64 6.570732
300 48 16 64 64 1.097580
300 256 0 64 64 5.618854
300 256 16 64 64 5.114804
300 272 0 64 64 3.467152
300 272 16 64 64 2.379247
300 128 112 32 32 7.628375
300 128 128 32 32 5.923985
300 128 136 32 32 3.215266
300 136 112 32 32 7.735700
300 136 128 32 32 6.790241
300 136 136 32 32 3.493412
300 144 112 32 32 5.725563
300 144 128 32 32 6.587675
300 144 136 32 32 2.269759
300 384 112 32 32 1.219009
300 384 128 32 32 0.844636
300 384 136 32 32 4.623614
300 384 144 32 32 4.131660
300 392 112 32 32 2.852219
300 400 112 32 32 1.598605
300 112 112 28 28 4.208986
300 112 119 28 28 5.245102
300 112 126 28 28 1.842776
300 119 112 28 28 3.352367
300 119 119 28 28 0.776674
300 126 112 28 28 1.218997
300 126 119 28 28 0.023233
300 154 126 28 28 6.048349
300 154 133 28 28 6.293787
300 224 112 28 28 0.131561
300 224 119 28 28 0.890290
300 224 126 28 28 0.438242
300 224 133 28 28 3.448274
300 231 112 28 28 1.657531
300 231 133 28 28 2.125781
300 238 98 28 28 0.522255
300 238 112 28 28 2.003464
300 357 98 28 28 0.873019
300 469 98 28 28 1.503135
300 198 84 24 24 1.007419
300 198 96 24 24 2.608625
300 198 102 24 24 1.932027
300 204 96 24 24 1.752034
300 204 102 24 24 3.740497
300 210 102 24 24 4.220707
300 210 108 24 24 5.111921
300 210 114 24 24 3.397271
300 294 96 24 24 0.180331
300 480 96 24 24 4.262891
300 480 102 24 24 0.453902
300 480 108 24 24 1.514973
300 480 114 24 24 0.228461
300 486 108 24 24 3.392487
300 486 114 24 24 2.496599
300 492 108 24 24 3.611378
300 492 114 24 24 4.071913
300 498 108 24 24 0.008751
300 498 114 24 24 0.341682
330 0 16 64 64 2.438235
330 0 32 64 64 3.165895
330 0 48 64 64 3.184451
330 16 0 64 64 2.433821
330 16 16 64 64 5.092365
330 16 32 64 64 6.425528
330 16 48 64 64 6.608778
330 32 0 64 64 1.396597
330 32 16 64 64 3.951666
330 32 32 64 64 3.706190
330 32 48 64 64 5.112076
330 256 0 64 64 2.453350
330 272 0 64 64 1.328049
330 288 0 64 64 1.222629
330 288 48 64 64 2.426546
330 352 33 44 44 1.241398
330 363 33 44 44 1.273246
330 288 126 36 36 0.113605
330 0 112 32 32 0.502315
330 192 112 32 32 2.950879
330 0 126 28 28 0.783478
330 7 119 28 28 0.962918
330 168 98 28 28 9.766444
330 168 112 28 28 8.632581
330 224 112 28 28 0.047857
330 231 119 28 28 1.073426
330 238 133 28 28 1.454838
330 336 98 28 28 0.019610
330 350 98 28 28 0.396792
330 357 98 28 28 1.406084
330 448 98 28 28 2.486264
330 448 112 28 28 8.113424
330 448 119 28 28 3.232899
330 455 98 28 28 1.163870
330 455 112 28 28 6.908429
330 455 119 28 28 5.106350
330 462 98 28 28 1.591719
330 462 112 28 28 3.804384
330 462 119 28 28 2.647448
330 469 98 28 28 0.667169
330 469 112 28 28 0.410280
330 469 126 28 28 0.652300
330 192 96 24 24 3.624333
330 192 114 24 24 3.786896
330 198 96 24 24 0.603099
330 198 114 24 24 1.376822
330 204 114 24 24 0.533830
330 492 108 24 24 1.035006
330 498 102 24 24 1.387386
360 16 0 64 64 0.319593
360 32 0 64 64 2.406259
360 48 48 64 64 0.163793
360 396 36 48 48 2.583224
360 396 36 48 48 2.583224
360 432 297 36 36 0.376871
360 432 306 36 36 0.536218
360 441 306 36 36 2.181366
360 450 306 36 36 1.723650
360 459 306 36 36 1.057897
360 112 119 28 28 2.264879
360 119 112 28 28 0.963960
360 126 112 28 28 1.133832
360 154 98 28 28 1.403683
360 168 133 28 28 0.791605
360 224 119 28 28 3.489133
360 224 126 28 28 4.137056
360 231 112 28 28 1.227730
360 231 119 28 28 4.756715
360 231 126 28 28 3.209763
360 231 133 28 28 1.174536
360 357 98 28 28 0.217721
360 357 112 28 28 1.205868
360 357 119 28 28 1.440896
360 357 126 28 28 0.426898
360 357 133 28 28 0.734121
360 448 112 28 28 1.320980
360 448 119 28 28 1.098140
360 455 98 28 28 5.377670
360 455 112 28 28 7.098007
360 455 119 28 28 5.689412
360 462 98 28 28 2.375299
360 462 112 28 28 6.265538
360 462 119 28 28 2.300462
360 469 98 28 28 1.063206
360 469 112 28 28 3.157436
360 132 84 24 24 0.342944
360 132 114 24 24 0.137731
360 144 84 24 24 1.475376
360 144 114 24 24 5.431689
360 198 84 24 24 2.005923
360 384 114 24 24 3.653112
360 390 114 24 24 1.900186
360 480 96 24 24 0.811173
360 480 102 24 24 2.861554
360 480 108 24 24 2.398668
360 486 96 24 24 2.678763
360 486 102 24 24 5.708965
360 486 108 24 24 6.028124
360 492 96 24 24 2.037845
360 492 102 24 24 3.139319
360 492 108 24 24 2.761914
360 498 96 24 24 0.797288
360 498 102 24 24 2.097869
390 32 0 64 64 2.586189
390 32 16 64 64 0.084907
390 48 0 64 64 2.670714
390 48 16 64 64 1.403176
390 48 32 64 64 0.664787
390 0 12 48 48 0.183398
390 0 24 48 48 4.720737
390 0 36 48 48 7.615727
390 12 24 48 48 2.371802
390 12 36 48 48 6.060703
390 408 24 48 48 0.269878
390 408 36 48 48 0.558023
390 0 12 48 48 0.183398
390 0 24 48 48 4.720737
390 0 36 48 48 7.615727
390 12 24 48 48 2.371802
390 12 36 48 48 6.060703
390 408 24 48 48 0.269878
390 408 36 48 48 0.558023
390 0 33 44 44 0.863641
390 11 33 44 44 3.343304
390 22 33 44 44 0.942946
390 20 20 40 40 0.446055
390 20 30 40 40 0.397656
390 30 140 40 40 0.725535
390 0 126 36 36 2.555889
390 18 126 36 36 0.752899
390 27 126 36 36 2.390417
390 0 112 32 32 2.095817
390 0 128 32 32 4.699105
390 0 136 32 32 0.446473
390 8 112 32 32 3.571804
390 8 128 32 32 4.452982
390 8 136 32 32 5.076484
390 8 144 32 32 1.300078
390 16 136 32 32 1.061761
390 408 112 32 32 3.060743
390 7 133 28 28 2.889506
390 14 126 28 28 1.328913
390 14 133 28 28 3.599432
390 112 119 28 28 0.400813
390 119 7 28 28 0.444557
390 119 112 28 28 0.173898
390 119 119 28 28 2.027340
390 126 7 28 28 0.257681
390 154 7 28 28 1.300936
390 168 14 28 28 5.326531
390 168 21 28 28 1.417449
390 336 133 28 28 1.324610
390 343 112 28 28 3.034933
390 343 119 28 28 3.583709
390 343 126 28 28 3.154038
390 343 133 28 28 6.596692
390 350 112 28 28 3.541351
390 350 126 28 28 1.937693
390 350 133 28 28 4.379914
390 469 112 28 28 1.402314
390 469 119 28 28 3.319040
390 469 126 28 28 2.942836
390 96 96 24 24 2.126049
390 102 0 24 24 2.543485
390 132 6 24 24 0.194598
390 210 84 24 24 0.533155
390 306 102 24 24 0.007110
390 306 108 24 24 1.778291
390 396 114 24 24 0.182432
390 402 108 24 24 0.624482
390 402 114 24 24 7.014356
390 498 102 24 24 1.135332
390 498 108 24 24 3.013629
390 498 114 24 24 2.843702
420 352 0 64 64 0.161577
420 352 16 64 64 0.393997
420 0 154 44 44 3.457523
420 30 0 40 40 2.503616
420 30 10 40 40 1.472565
420 30 20 40 40 1.541914
420 8 0 32 32 0.723176
420 16 112 32 32 0.563424
420 24 112 32 32 4.542147
420 128 112 32 32 0.175584
420 128 136 32 32 3.485284
420 128 144 32 32 3.792743
420 136 112 32 32 2.036819
420 136 136 32 32 2.396620
420 136 144 32 32 4.543060
420 136 152 32 32 0.140363
420 144 0 32 32 0.404135
420 144 112 32 32 2.151623
420 144 144 32 32 1.919240
420 176 112 32 32 1.553228
420 192 112 32 32 3.986455
420 400 112 32 32 1.176394
420 408 112 32 32 6.584783
420 0 112 28 28 0.025007
420 0 119 28 28 3.141574
420 0 126 28 28 4.395909
420 0 133 28 28 0.506851
420 7 224 28 28 1.194093
420 14 224 28 28 4.265377
420 21 112 28 28 2.379097
420 21 119 28 28 2.334373
420 21 126 28 28 0.043727
420 154 0 28 28 1.491665
420 154 7 28 28 2.053014
420 154 119 28 28 1.266254
420 168 7 28 28 0.469428
420 350 133 28 28 1.651541
420 448 112 28 28 7.321081
420 448 119 28 28 9.342844
420 448 126 28 28 0.473413
420 455 112 28 28 1.029884
420 455 119 28 28 8.371336
420 455 126 28 28 2.209188
420 462 119 28 28 6.634563
420 462 126 28 28 1.667595
420 469 119 28 28 0.997335
420 0 84 24 24 0.367679
420 0 96 24 24 0.544419
420 12 210 24 24 0.381420
420 18 96 24 24 3.066001
420 18 102 24 24 3.518064
420 18 108 24 24 2.571015
420 132 0 24 24 1.524129
420 288 84 24 24 0.975548
420 294 84 24 24 4.867240
420 294 96 24 24 2.712281
420 300 84 24 24 2.279645
420 396 96 24 24 1.577028
420 402 96 24 24 1.733778
450 48 0 64 64 0.468614
450 48 16 64 64 1.330071
450 288 0 64 64 0.151582
450 10 140 40 40 0.132569
450 20 140 40 40 0.383472
450 0 162 36 36 2.979569
450 176 112 32 32 0.468054
450 384 112 32 32 2.886362
450 392 112 32 32 1.322344
450 400 112 32 32 0.351686
450 408 112 32 32 2.479448
450 112 98 28 28 0.328334
450 112 126 28 28 1.315755
450 112 133 28 28 5.824863
450 119 98 28 28 2.047335
450 119 126 28 28 2.315802
450 119 133 28 28 3.147468
450 126 119 28 28 1.005734
450 126 126 28 28 3.230667
450 126 133 28 28 2.453315
450 343 98 28 28 4.647862
450 350 98 28 28 4.781662
450 357 98 28 28 4.674377
450 357 112 28 28 5.935793
450 357 119 28 28 2.910758
450 357 126 28 28 0.905613
450 448 119 28 28 2.939917
450 448 126 28 28 2.951977
450 12 198 24 24 6.201782
450 12 204 24 24 5.742285
450 12 210 24 24 2.175366
450 18 192 24 24 2.960189
450 18 198 24 24 6.115822
450 18 204 24 24 4.992028
450 18 210 24 24 2.638016
450 96 0 24 24 8.253329
450 102 0 24 24 2.234995
450 102 96 24 24 1.535238
450 108 12 24 24 1.385024
450 108 96 24 24 1.618924
450 108 114 24 24 1.034593
450 132 102 24 24 1.870577
450 204 102 24 24 1.376964
450 210 96 24 24 1.377595
450 210 102 24 24 3.058755
450 288 108 24 24 0.248213
450 306 102 24 24 0.267057
450 498 18 24 24 2.689503
480 0 0 64 64 2.270189
480 0 16 64 64 0.610072
480 256 0 64 64 3.442562
480 256 16 64 64 0.955159
480 272 0 64 64 0.863641
480 11 22 44 44 0.212223
480 20 30 40 40 0.905708
480 16 112 32 32 1.216839
480 16 128 32 32 1.427635
480 24 112 32 32 2.225436
480 24 128 32 32 2.622077
480 384 112 32 32 4.754481
480 384 128 32 32 0.133171
480 392 112 32 32 8.849605
480 392 128 32 32 0.311373
480 400 112 32 32 11.867546
480 400 128 32 32 3.824825
480 408 112 32 32 6.879263
480 0 112 28 28 6.370826
480 0 133 28 28 1.085422
480 7 112 28 28 1.921935
480 7 119 28 28 0.817136
480 14 112 28 28 1.044835
480 14 119 28 28 1.710468
480 21 126 28 28 0.848672
480 21 133 28 28 0.651040
480 119 126 28 28 1.062846
480 168 112 28 28 1.019221
480 224 112 28 28 0.571732
480 224 119 28 28 0.366847
480 224 126 28 28 0.890638
480 0 114 24 24 1.324132
480 6 114 24 24 2.474648
480 12 114 24 24 4.125439
480 144 96 24 24 2.081524
480 144 102 24 24 2.055434
480 198 84 24 24 1.666105
480 288 108 24 24 2.575376
480 288 114 24 24 4.469618
480 294 102 24 24 1.341313
480 294 108 24 24 3.720507
480 294 114 24 24 4.903299
480 300 108 24 24 1.052709
480 300 114 24 24 2.908432
480 306 114 24 24 1.810266
480 492 114 24 24 0.047338
510 396 12 48 48 3.818910
510 396 24 48 48 3.543349
510 408 0 48 48 2.867778
510 408 12 48 48 9.319136
510 408 24 48 48 1.695621
510 408 168 48 48 0.623606
510 420 0 48 48 5.222920
510 420 12 48 48 9.081046
510 420 168 48 48 3.049351
510 420 192 48 48 2.874762
510 396 12 48 48 3.818910
510 396 24 48 48 3.543349
510 408 0 48 48 2.867778
510 408 12 48 48 9.319136
510 408 24 48 48 1.695621
510 408 168 48 48 0.623606
510 420 0 48 48 5.222920
510 420 12 48 48 9.081046
510 420 168 48 48 3.049351
510 420 192 48 48 2.874762
510 176 33 44 44 4.344558
510 187 33 44 44 2.891330
510 432 171 36 36 1.591791
510 272 112 32 32 1.722512
510 272 128 32 32 0.353202
510 280 112 32 32 2.285522
510 384 128 32 32 3.606317
510 384 136 32 32 0.953654
510 245 98 28 28 1.218855
510 245 112 28 28 0.455180
510 343 126 28 28 2.591609
510 343 133 28 28 2.068934
510 350 126 28 28 4.348374
510 350 133 28 28 4.516784
510 357 126 28 28 1.207700
510 357 133 28 28 0.831623
510 455 245 28 28 2.387050
510 462 238 28 28 1.994027
510 462 245 28 28 4.408350
510 96 96 24 24 2.126806
510 288 96 24 24 0.514502
510 288 108 24 24 0.483311
510 294 96 24 24 3.026443
510 294 102 24 24 0.623348
510 294 108 24 24 0.016401
510 294 114 24 24 2.469243
510 300 96 24 24 4.202558
510 300 102 24 24 3.414233
510 300 108 24 24 1.621127
510 306 96 24 24 0.770967
510 384 84 24 24 1.053921
510 390 84 24 24 3.153058
510 480 84 24 24 5.635722
510 486 84 24 24 0.034613
510 492 84 24 24 1.937387
510 492 96 24 24 0.212209
510 498 84 24 24 3.817643
510 498 96 24 24 4.109369
510 498 102 24 24 1.400053
540 264 0 48 48 8.885822
540 264 12 48 48 7.218844
540 264 168 48 48 1.153997
540 264 192 48 48 4.387722
540 264 204 48 48 3.926121
540 288 192 48 48 7.163284
540 288 204 48 48 5.469954
540 288 216 48 48 2.382722
540 396 168 48 48 2.348898
540 408 168 48 48 4.448362
540 264 0 48 48 8.885822
540 264 12 48 48 7.218844
540 264 168 48 48 1.153997
540 264 192 48 48 4.387722
540 264 204 48 48 3.926121
540 288 192 48 48 7.163284
540 288 204 48 48 5.469954
540 288 216 48 48 2.382722
540 396 168 48 48 2.348898
540 408 168 48 48 4.448362
540 242 11 44 44 0.123727
540 242 22 44 44 6.605283
540 242 176 44 44 2.387050
540 242 187 44 44 2.104193
540 264 11 44 44 6.696239
540 264 22 44 44 3.136835
540 264 176 44 44 3.138015
540 264 187 44 44 3.694862
540 264 198 44 44 4.804620
540 264 209 44 44 3.512303
540 374 154 44 44 2.048925
540 374 176 44 44 0.499729
540 374 198 44 44 0.211886
540 240 30 40 40 2.269257
540 240 180 40 40 0.347619
540 320 190 40 40 0.405049
540 330 0 40 40 0.392172
540 330 190 40 40 6.530860
540 340 0 40 40 2.913303
540 340 180 40 40 1.329349
540 340 190 40 40 7.157002
540 350 0 40 40 6.366843
540 350 10 40 40 2.921174
540 315 0 36 36 1.189893
540 432 153 36 36 3.712239
540 432 162 36 36 3.490247
540 432 171 36 36 4.244950
540 441 162 36 36 0.225294
540 441 171 36 36 3.900058
540 16 112 32 32 0.344322
540 384 24 32 32 1.038993
540 384 256 32 32 0.309738
540 384 272 32 32 1.578610
540 384 280 32 32 3.239775
540 408 136 32 32 0.069851
540 7 98 28 28 6.508963
540 14 98 28 28 7.627587
540 14 112 28 28 2.677375
540 21 98 28 28 4.293638
540 21 112 28 28 1.503897
540 21 119 28 28 2.027091
540 224 98 28 28 0.017623
540 224 112 28 28 1.480822
540 336 21 28 28 0.651812
540 343 21 28 28 3.407629
540 350 14 28 28 0.830030
540 350 21 28 28 7.467093
540 357 7 28 28 1.601852
540 357 14 28 28 6.008294
540 357 21 28 28 11.588423
540 448 224 28 28 2.393457
540 448 231 28 28 1.047710
540 455 224 28 28 4.253105
540 462 224 28 28 1.245602
540 18 108 24 24 3.811284
540 18 114 24 24 6.491138
540 96 102 24 24 4.012245
540 96 108 24 24 7.095346
540 96 114 24 24 2.992353
540 102 102 24 24 1.841258
540 102 108 24 24 4.560149
540 102 114 24 24 3.128425
540 108 102 24 24 3.064610
540 108 108 24 24 2.619844
540 108 114 24 24 1.533285
540 192 102 24 24 0.917514
540 192 108 24 24 1.479213
540 192 114 24 24 3.386178
540 198 102 24 24 1.546544
540 198 108 24 24 1.223341
540 198 114 24 24 0.744191
540 204 96 24 24 0.335855
540 210 96 24 24 1.903946
540 288 84 24 24 6.502131
540 294 84 24 24 6.546130
540 300 84 24 24 3.978615
540 306 84 24 24 8.192328
540 390 306 24 24 0.138171
540 396 18 24 24 0.307693
570 187 154 44 44 2.052687
570 198 154 44 44 2.805276
570 160 160 40 40 1.163332
570 160 170 40 40 3.568764
570 160 180 40 40 1.993268
570 198 153 36 36 1.075538
570 198 162 36 36 2.463693
570 198 171 36 36 1.019147
570 216 144 36 36 4.977890
570 216 153 36 36 7.467824
570 216 162 36 36 7.716065
570 216 171 36 36 4.490687
570 432 171 36 36 0.861163
570 441 171 36 36 0.169346
570 0 98 28 28 0.734532
570 0 112 28 28 1.767503
570 7 119 28 28 0.622537
570 154 98 28 28 2.011006
570 168 224 28 28 0.764460
570 0 114 24 24 1.348339
570 6 114 24 24 0.747323
570 96 102 24 24 1.952023
570 96 108 24 24 2.324775
570 102 96 24 24 1.059359
570 102 102 24 24 1.163034
570 144 96 24 24 0.600062
570 210 192 24 24 1.664197
570 210 198 24 24 0.303959
570 210 204 24 24 0.609956
570 390 306 24 24 0.479569
570 396 306 24 24 0.266028
570 402 306 24 24 0.300811
600 0 16 64 64 2.081467
600 16 16 64 64 0.598397
600 16 32 64 64 0.960335
600 385 154 44 44 2.800048
600 0 112 28 28 0.401250
600 14 126 28 28 0.579976
600 96 102 24 24 0.190634
600 96 108 24 24 4.510397
600 96 114 24 24 8.878983
600 102 108 24 24 1.503914
600 102 114 24 24 7.711388
600 144 192 24 24 2.724936
600 144 198 24 24 0.874683
600 144 210 24 24 1.015593
600 486 96 24 24 0.081287
600 486 102 24 24 2.793326
600 486 108 24 24 1.039481
600 492 102 24 24 1.107663
630 352 154 44 44 4.010251
630 363 154 44 44 2.508223
630 374 154 44 44 0.676864
630 385 154 44 44 1.352449
630 297 162 36 36 0.398809
630 0 112 32 32 1.821028
630 384 152 32 32 3.089536
630 0 112 28 28 10.154098
630 0 119 28 28 7.238190
630 7 112 28 28 2.704307
630 7 119 28 28 5.908858
630 14 119 28 28 2.001001
630 14 126 28 28 1.652063
630 6 114 24 24 1.500667
630 96 198 24 24 1.532841
630 102 192 24 24 4.903803
630 102 198 24 24 3.248797
630 102 204 24 24 3.317412
630 102 210 24 24 2.050573
630 108 192 24 24 3.307245
630 108 198 24 24 5.541335
630 108 204 24 24 4.781156
630 108 210 24 24 0.327780
630 384 192 24 24 1.281536
630 384 198 24 24 4.123690
630 384 204 24 24 3.832678
630 390 192 24 24 4.874892
630 390 198 24 24 6.790569
630 390 204 24 24 6.303987
630 390 210 24 24 0.637091
630 396 192 24 24 6.092396
630 396 198 24 24 7.561003
630 396 204 24 24 5.163082
630 402 192 24 24 5.494198
630 402 198 24 24 5.920780
630 402 204 24 24 4.137793
660 384 192 48 48 1.914020
660 384 204 48 48 0.103966
660 396 192 48 48 0.281257
660 384 192 48 48 1.914020
660 384 204 48 48 0.103966
660 396 192 48 48 0.281257
660 11 209 44 44 0.143078
660 33 154 44 44 0.569803
660 352 154 44 44 0.489446
660 363 154 44 44 8.156603
660 374 154 44 44 5.705544
660 385 154 44 44 3.759988
660 385 187 44 44 0.415668
660 385 198 44 44 1.412854
660 385 209 44 44 0.148449
660 27 126 36 36 1.998792
660 162 306 36 36 0.482859
660 0 112 32 32 2.545410
660 16 112 32 32 0.513812
660 24 112 32 32 1.691929
660 392 152 32 32 4.712303
660 0 112 28 28 5.222618
660 0 119 28 28 4.941261
660 7 112 28 28 5.511695
660 7 119 28 28 6.942284
660 14 119 28 28 1.100123
660 21 112 28 28 1.044050
660 21 119 28 28 8.131681
660 21 126 28 28 2.032297
660 448 112 28 28 0.563227
660 455 112 28 28 2.908439
660 462 112 28 28 1.590127
660 462 119 28 28 0.433697
660 396 204 24 24 2.260455
660 396 210 24 24 4.361729
660 402 204 24 24 3.120723
660 402 210 24 24 4.185271
690 384 168 48 48 4.271763
690 396 168 48 48 3.425929
690 384 168 48 48 4.271763
690 396 168 48 48 3.425929
690 0 154 44 44 3.808519
690 0 176 44 44 1.247885
690 385 154 44 44 5.698762
690 385 176 44 44 2.892759
690 0 140 40 40 2.963976
690 0 160 40 40 1.768058
690 0 170 40 40 2.264474
690 0 180 40 40 3.432506
690 0 190 40 40 3.029831
690 10 140 40 40 2.900643
690 10 160 40 40 3.781963
690 10 170 40 40 4.400840
690 10 180 40 40 4.114682
690 10 190 40 40 3.550953
690 9 144 36 36 2.992929
690 9 153 36 36 1.697396
690 9 171 36 36 2.546158
690 18 144 36 36 1.311294
690 18 153 36 36 1.707043
690 18 162 36 36 2.826080
690 18 171 36 36 5.122524
690 24 152 32 32 2.649493
690 0 119 28 28 0.608467
690 0 126 28 28 0.169732
690 0 224 28 28 0.959972
690 0 204 24 24 0.519350
690 0 210 24 24 2.038436
690 480 96 24 24 4.975707
690 480 102 24 24 4.235822
720 384 168 48 48 1.933624
720 396 168 48 48 6.870814
720 408 168 48 48 4.451999
720 420 168 48 48 3.057513
720 384 168 48 48 1.933624
720 396 168 48 48 6.870814
720 408 168 48 48 4.451999
720 420 168 48 48 3.057513
720 385 187 44 44 0.419886
720 0 190 40 40 1.049703
720 0 171 36 36 0.392411
720 432 153 36 36 2.049524
720 7 224 28 28 2.393059
720 7 231 28 28 2.344168
720 14 224 28 28 4.311390
720 14 231 28 28 4.371328
720 14 238 28 28 0.710890
720 21 224 28 28 2.436145
720 21 231 28 28 0.787391
720 448 224 28 28 4.328226
720 448 231 28 28 2.648076
720 448 238 28 28 1.954344
720 455 224 28 28 3.166052
720 455 231 28 28 3.521743
720 455 238 28 28 3.258974
720 455 245 28 28 0.632496
720 12 192 24 24 1.795742
720 18 192 24 24 1.460777
720 18 198 24 24 2.424928
720 18 204 24 24 0.085234
720 306 198 24 24 0.246070
750 384 168 48 48 3.058650
750 396 168 48 48 7.456277
750 396 192 48 48 0.224398
750 408 168 48 48 6.338872
750 408 192 48 48 3.479243
750 420 168 48 48 4.817291
750 420 192 48 48 2.063606
750 384 168 48 48 3.058650
750 396 168 48 48 7.456277
750 396 192 48 48 0.224398
750 408 168 48 48 6.338872
750 408 192 48 48 3.479243
750 420 168 48 48 4.817291
750 420 192 48 48 2.063606
750 432 153 36 36 2.352570
750 432 171 36 36 3.089334
750 441 153 36 36 0.355803
750 0 224 28 28 0.507047
750 0 231 28 28 4.525035
750 0 238 28 28 5.496635
750 7 231 28 28 4.146650
750 7 238 28 28 5.129216
750 7 245 28 28 0.219677
750 14 224 28 28 1.583052
750 14 231 28 28 2.778432
750 14 238 28 28 1.033021
750 21 231 28 28 0.361558
750 21 238 28 28 1.021989
750 448 224 28 28 3.973129
750 448 231 28 28 2.517572
750 448 238 28 28 2.099675
750 448 245 28 28 1.283165
750 455 224 28 28 2.848948
750 455 231 28 28 2.154024
750 455 238 28 28 1.869533
750 455 245 28 28 2.927353
750 462 224 28 28 1.069475
750 462 231 28 28 1.233565
750 462 238 28 28 2.387912
750 462 245 28 28 3.315992
750 6 192 24 24 1.486261
750 6 198 24 24 0.614933
750 6 204 24 24 0.148080
750 12 204 24 24 0.310135
750 306 204 24 24 0.590980
780 396 168 48 48 2.194783
780 396 192 48 48 3.009069
780 408 168 48 48 5.606332
780 408 192 48 48 3.568547
780 408 204 48 48 2.454283
780 420 168 48 48 3.353535
780 420 192 48 48 3.492656
780 396 168 48 48 2.194783
780 396 192 48 48 3.009069
780 408 168 48 48 5.606332
780 408 192 48 48 3.568547
780 408 204 48 48 2.454283
780 420 168 48 48 3.353535
780 420 192 48 48 3.492656
780 0 224 28 28 2.393090
780 0 231 28 28 0.952845
780 0 238 28 28 3.582113
780 0 245 28 28 4.804111
780 7 224 28 28 1.891420
780 7 231 28 28 2.671285
780 7 238 28 28 2.554999
780 14 245 28 28 0.045296
780 448 224 28 28 3.617228
780 448 231 28 28 4.387383
780 448 238 28 28 3.366717
780 448 245 28 28 2.047346
780 455 224 28 28 3.310612
780 455 231 28 28 3.813818
780 455 238 28 28 0.718985
780 462 238 28 28 0.010712
780 462 245 28 28 0.283241
780 469 245 28 28 1.586768
780 0 204 24 24 0.917331
780 0 210 24 24 0.983969
780 12 210 24 24 0.437397
780 306 210 24 24 0.195036
810 396 168 48 48 3.310300
810 396 192 48 48 2.270695
810 396 204 48 48 0.845302
810 408 168 48 48 6.857858
810 408 192 48 48 4.784903
810 408 204 48 48 3.962923
810 420 168 48 48 5.817141
810 420 192 48 48 4.708155
810 420 204 48 48 3.606766
810 396 168 48 48 3.310300
810 396 192 48 48 2.270695
810 396 204 48 48 0.845302
810 408 168 48 48 6.857858
810 408 192 48 48 4.784903
810 408 204 48 48 3.962923
810 420 168 48 48 5.817141
810 420 192 48 48 4.708155
810 420 204 48 48 3.606766
810 441 153 36 36 0.701873
810 0 231 28 28 1.220236
810 0 238 28 28 2.154181
810 448 224 28 28 3.488009
810 448 231 28 28 4.318452
810 448 238 28 28 4.574676
810 448 245 28 28 4.301366
810 455 224 28 28 0.230763
810 455 231 28 28 3.150605
810 455 238 28 28 2.071783
810 455 245 28 28 0.814551
810 462 231 28 28 3.336293
810 462 238 28 28 3.534247
810 462 245 28 28 0.769912
810 469 245 28 28 1.977476
810 0 204 24 24 1.174372
840 396 192 48 48 3.365240
840 396 204 48 48 1.656564
840 408 168 48 48 4.288726
840 408 192 48 48 5.821166
840 408 204 48 48 4.355286
840 420 168 48 48 4.362246
840 420 192 48 48 4.702496
840 420 204 48 48 4.032922
840 396 192 48 48 3.365240
840 396 204 48 48 1.656564
840 408 168 48 48 4.288726
840 408 192 48 48 5.821166
840 408 204 48 48 4.355286
840 420 168 48 48 4.362246
840 420 192 48 48 4.702496
840 420 204 48 48 4.032922
840 0 231 28 28 2.077800
840 0 238 28 28 2.239697
840 0 245 28 28 0.964813
840 7 245 28 28 0.179108
840 448 224 28 28 2.621227
840 448 231 28 28 4.172493
840 448 238 28 28 4.574547
840 448 245 28 28 4.647002
840 455 231 28 28 2.453569
840 455 238 28 28 2.187904
840 455 245 28 28 0.808832
840 462 231 28 28 2.308223
840 462 238 28 28 2.862048
840 462 245 28 28 1.106021
840 469 245 28 28 2.884722
870 396 168 48 48 3.199561
870 396 192 48 48 2.938600
870 396 204 48 48 2.438375
870 408 168 48 48 5.435423
870 408 192 48 48 6.438378
870 408 204 48 48 4.874588
870 420 168 48 48 5.595172
870 420 192 48 48 5.405484
870 420 204 48 48 4.768343
870 396 168 48 48 3.199561
870 396 192 48 48 2.938600
870 396 204 48 48 2.438375
870 408 168 48 48 5.435423
870 408 192 48 48 6.438378
870 408 204 48 48 4.874588
870 420 168 48 48 5.595172
870 420 192 48 48 5.405484
870 420 204 48 48 4.768343
870 441 162 36 36 0.277935
870 0 231 28 28 2.223479
870 0 238 28 28 1.759056
870 0 245 28 28 1.699039
870 7 245 28 28 0.107302
870 448 224 28 28 2.568053
870 448 231 28 28 4.658066
870 448 238 28 28 4.496827
870 448 245 28 28 3.915023
870 455 231 28 28 1.920866
870 455 238 28 28 2.259359
870 455 245 28 28 0.233330
870 462 231 28 28 0.937081
870 462 238 28 28 2.107141
870 462 245 28 28 0.631047
870 469 245 28 28 1.747339
870 0 288 24 24 1.768863
870 6 288 24 24 0.367818
900 396 192 48 48 3.708508
900 396 204 48 48 3.025578
900 408 168 48 48 3.532049
900 408 192 48 48 6.520460
900 408 204 48 48 4.986685
900 420 168 48 48 4.443216
900 420 192 48 48 5.092144
900 420 204 48 48 4.686509
900 396 192 48 48 3.708508
900 396 204 48 48 3.025578
900 408 168 48 48 3.532049
900 408 192 48 48 6.520460
900 408 204 48 48 4.986685
900 420 168 48 48 4.443216
900 420 192 48 48 5.092144
900 420 204 48 48 4.686509
900 0 231 28 28 2.830667
900 0 238 28 28 2.380870
900 0 245 28 28 1.959216
900 7 245 28 28 0.518935
900 448 224 28 28 2.868747
900 448 231 28 28 4.813438
900 448 238 28 28 4.806020
900 448 245 28 28 4.135856
900 455 231 28 28 2.503382
900 455 238 28 28 2.556197
900 455 245 28 28 0.618725
900 462 231 28 28 1.446930
900 462 238 28 28 2.530342
900 462 245 28 28 1.175852
900 469 245 28 28 1.630692
900 0 288 24 24 1.284155
930 396 168 48 48 1.819409
930 396 192 48 48 2.436236
930 396 204 48 48 3.069365
930 408 168 48 48 4.545720
930 408 192 48 48 5.765439
930 408 204 48 48 4.842368
930 408 216 48 48 0.267098
930 420 168 48 48 4.874090
930 420 192 48 48 4.902474
930 420 204 48 48 4.609047
930 396 168 48 48 1.819409
930 396 192 48 48 2.436236
930 396 204 48 48 3.069365
930 408 168 48 48 4.545720
930 408 192 48 48 5.765439
930 408 204 48 48 4.842368
930 408 216 48 48 0.267098
930 420 168 48 48 4.874090
930 420 192 48 48 4.902474
930 420 204 48 48 4.609047
930 432 162 36 36 1.465203
930 441 153 36 36 0.523864
930 441 162 36 36 2.375528
930 0 231 28 28 2.952195
930 0 238 28 28 2.400706
930 0 245 28 28 1.965297
930 7 245 28 28 0.377842
930 448 224 28 28 2.758247
930 448 231 28 28 4.768636
930 448 238 28 28 4.761818
930 448 245 28 28 4.465031
930 455 231 28 28 2.342641
930 455 238 28 28 2.861967
930 455 245 28 28 1.509563
930 462 231 28 28 1.065541
930 462 238 28 28 3.245574
930 462 245 28 28 3.038463
930 469 245 28 28 2.096274
930 0 288 24 24 2.131064
930 6 288 24 24 1.151045
960 396 192 48 48 2.999134
960 396 204 48 48 3.531980
960 408 168 48 48 2.609334
960 408 192 48 48 5.863668
960 408 204 48 48 4.911511
960 420 168 48 48 3.372939
960 420 192 48 48 4.634810
960 420 204 48 48 4.585480
960 396 192 48 48 2.999134
960 396 204 48 48 3.531980
960 408 168 48 48 2.609334
960 408 192 48 48 5.863668
960 408 204 48 48 4.911511
960 420 168 48 48 3.372939
960 420 192 48 48 4.634810
960 420 204 48 48 4.585480
960 441 162 36 36 0.048518
960 0 231 28 28 2.799364
960 0 238 28 28 2.583861
960 0 245 28 28 2.033855
960 7 245 28 28 0.184695
960 448 224 28 28 2.288139
960 448 231 28 28 4.708480
960 448 238 28 28 4.614888
960 448 245 28 28 4.372040
960 455 231 28 28 2.284500
960 455 238 28 28 2.852176
960 455 245 28 28 1.188058
960 462 231 28 28 1.010058
960 462 238 28 28 3.106989
960 462 245 28 28 2.797260
960 469 245 28 28 1.960257
960 0 288 24 24 2.245581
960 6 288 24 24 1.235358
990 396 168 48 48 2.452545
990 396 192 48 48 2.619230
990 396 204 48 48 3.229841
990 408 168 48 48 4.717984
990 408 192 48 48 5.978870
990 408 204 48 48 4.934822
990 408 216 48 48 0.133140
990 420 168 48 48 4.916862
990 420 192 48 48 4.951554
990 420 204 48 48 4.526328
990 396 168 48 48 2.452545
990 396 192 48 48 2.619230
990 396 204 48 48 3.229841
990 408 168 48 48 4.717984
990 408 192 48 48 5.978870
990 408 204 48 48 4.934822
990 408 216 48 48 0.133140
990 420 168 48 48 4.916862
990 420 192 48 48 4.951554
990 420 204 48 48 4.526328
990 432 162 36 36 1.862467
990 441 153 36 36 0.545788
990 441 162 36 36 2.577901
990 0 231 28 28 2.488177
990 0 238 28 28 2.173900
990 0 245 28 28 1.989925
990 448 224 28 28 2.496952
990 448 231 28 28 4.706780
990 448 238 28 28 4.645605
990 448 245 28 28 4.391538
990 455 231 28 28 1.970695
990 455 238 28 28 2.720620
990 455 245 28 28 1.361313
990 462 231 28 28 0.848417
990 462 238 28 28 3.046538
990 462 245 28 28 2.995831
990 469 245 28 28 1.803737
990 0 288 24 24 2.436276
990 6 288 24 24 1.463016
1020 396 192 48 48 3.033521
1020 396 204 48 48 3.435175
1020 408 168 48 48 3.119354
1020 408 192 48 48 5.982510
1020 408 204 48 48 4.999029
1020 420 168 48 48 3.867692
1020 420 192 48 48 4.520978
1020 420 204 48 48 4.518614
1020 396 192 48 48 3.033521
1020 396 204 48 48 3.435175
1020 408 168 48 48 3.119354
1020 408 192 48 48 5.982510
1020 408 204 48 48 4.999029
1020 420 168 48 48 3.867692
1020 420 192 48 48 4.520978
1020 420 204 48 48 4.518614
1020 0 231 28 28 2.472733
1020 0 238 28 28 2.394547
1020 0 245 28 28 1.936796
1020 448 224 28 28 2.521963
1020 448 231 28 28 4.927919
1020 448 238 28 28 4.741039
1020 448 245 28 28 4.345629
1020 455 231 28 28 1.989099
1020 455 238 28 28 2.660886
1020 455 245 28 28 1.068560
1020 462 231 28 28 0.535469
1020 462 238 28 28 2.686105
1020 462 245 28 28 2.538667
1020 469 245 28 28 1.910191
1020 0 288 24 24 2.318834
1020 6 288 24 24 1.205430
1050 396 168 48 48 1.934737
1050 396 192 48 48 2.484921
1050 396 204 48 48 3.112833
1050 408 168 48 48 4.420114
1050 408 192 48 48 5.932728
1050 408 204 48 48 4.935232
1050 420 168 48 48 4.962028
1050 420 192 48 48 4.786574
1050 420 204 48 48 4.503109
1050 396 168 48 48 1.934737
1050 396 192 48 48 2.484921
1050 396 204 48 48 3.112833
1050 408 168 48 48 4.420114
1050 408 192 48 48 5.932728
1050 408 204 48 48 4.935232
1050 420 168 48 48 4.962028
1050 420 192 48 48 4.786574
1050 420 204 48 48 4.503109
1050 432 162 36 36 1.617335
1050 441 153 36 36 0.271429
1050 441 162 36 36 2.443428
1050 0 231 28 28 2.137494
1050 0 238 28 28 1.943233
1050 0 245 28 28 1.663875
1050 448 224 28 28 2.395345
1050 448 231 28 28 4.891002
1050 448 238 28 28 4.693806
1050 448 245 28 28 4.078452
1050 455 231 28 28 1.772482
1050 455 238 28 28 2.540192
1050 455 245 28 28 1.159911
1050 462 231 28 28 0.661434
1050 462 238 28 28 2.759206
1050 462 245 28 28 2.627424
1050 469 245 28 28 1.987746
1050 0 210 24 24 0.187556
1050 0 288 24 24 2.380910
1050 6 288 24 24 1.444488
1080 396 192 48 48 2.970851
1080 396 204 48 48 3.447534
1080 408 168 48 48 3.030548
1080 408 192 48 48 5.949775
1080 408 204 48 48 4.937972
1080 420 168 48 48 4.117309
1080 420 192 48 48 4.466888
1080 420 204 48 48 4.549971
1080 396 192 48 48 2.970851
1080 396 204 48 48 3.447534
1080 408 168 48 48 3.030548
1080 408 192 48 48 5.949775
1080 408 204 48 48 4.937972
1080 420 168 48 48 4.117309
1080 420 192 48 48 4.466888
1080 420 204 48 48 4.549971
1080 0 231 28 28 2.157910
1080 0 238 28 28 2.065575
1080 0 245 28 28 1.750534
1080 448 224 28 28 2.301770
1080 448 231 28 28 4.755648
1080 448 238 28 28 4.709687
1080 448 245 28 28 4.446959
1080 455 231 28 28 2.026697
1080 455 238 28 28 2.737674
1080 455 245 28 28 1.400049
1080 462 231 28 28 0.599901
1080 462 238 28 28 2.914191
1080 462 245 28 28 2.725896
1080 469 245 28 28 1.970151
1080 0 210 24 24 0.182646
1080 0 288 24 24 2.521745
1080 6 288 24 24 1.462630
1110 396 168 48 48 1.858330
1110 396 192 48 48 2.066970
1110 396 204 48 48 2.835601
1110 408 168 48 48 4.300372
1110 408 192 48 48 5.582341
1110 408 204 48 48 4.723496
1110 420 168 48 48 4.917305
1110 420 192 48 48 4.566237
1110 420 204 48 48 4.309340
1110 396 168 48 48 1.858330
1110 396 192 48 48 2.066970
1110 396 204 48 48 2.835601
1110 408 168 48 48 4.300372
1110 408 192 48 48 5.582341
1110 408 204 48 48 4.723496
1110 420 168 48 48 4.917305
1110 420 192 48 48 4.566237
1110 420 204 48 48 4.309340
1110 432 162 36 36 1.413050
1110 441 153 36 36 0.185069
1110 441 162 36 36 2.331808
1110 0 231 28 28 1.938738
1110 0 238 28 28 2.032989
1110 0 245 28 28 1.834840
1110 448 224 28 28 2.369764
1110 448 231 28 28 4.854073
1110 448 238 28 28 4.835403
1110 448 245 28 28 4.413846
1110 455 231 28 28 2.257481
1110 455 238 28 28 2.778645
1110 455 245 28 28 1.276844
1110 462 231 28 28 0.969918
1110 462 238 28 28 3.078305
1110 462 245 28 28 2.917451
1110 469 245 28 28 2.097542
1110 0 288 24 24 2.186623
1110 6 288 24 24 1.222047
1140 396 192 48 48 2.940864
1140 396 204 48 48 3.845411
1140 408 168 48 48 3.990087
1140 408 192 48 48 6.217299
1140 408 204 48 48 5.258899
1140 420 168 48 48 3.889181
1140 420 192 48 48 4.397956
1140 420 204 48 48 4.230815
1140 396 192 48 48 2.940864
1140 396 204 48 48 3.845411
1140 408 168 48 48 3.990087
1140 408 192 48 48 6.217299
1140 408 204 48 48 5.258899
1140 420 168 48 48 3.889181
1140 420 192 48 48 4.397956
1140 420 204 48 48 4.230815
1140 0 231 28 28 3.228074
1140 0 238 28 28 1.473886
1140 0 245 28 28 0.116633
1140 448 224 28 28 1.662276
1140 448 231 28 28 3.416297
1140 448 238 28 28 4.583879
1140 448 245 28 28 3.895936
1140 455 238 28 28 1.526509
1140 455 245 28 28 0.502267
1140 469 245 28 28 0.559001
1140 0 288 24 24 1.562657
1140 6 288 24 24 1.864359
1170 384 168 48 48 9.816003
1170 384 192 48 48 5.372845
1170 396 168 48 48 5.533351
1170 396 192 48 48 3.075483
1170 408 168 48 48 2.201453
1170 384 168 48 48 9.816003
1170 384 192 48 48 5.372845
1170 396 168 48 48 5.533351
1170 396 192 48 48 3.075483
1170 408 168 48 48 2.201453
1170 0 176 44 44 3.559677
1170 0 187 44 44 5.654323
1170 0 198 44 44 5.061794
1170 385 176 44 44 5.905716
1170 385 187 44 44 5.343677
1170 385 198 44 44 4.548670
1170 0 160 40 40 3.543477
1170 0 170 40 40 4.508730
1170 0 180 40 40 6.046210
1170 0 190 40 40 6.784132
1170 10 170 40 40 0.374477
1170 10 180 40 40 2.738272
1170 10 190 40 40 4.446818
1170 0 162 36 36 2.171949
1170 0 171 36 36 1.862692
1170 9 162 36 36 4.667626
1170 9 171 36 36 4.163491
1170 21 224 28 28 0.033581
1170 21 231 28 28 0.404007
1170 0 288 24 24 1.895347
1170 480 96 24 24 2.137355
1170 492 96 24 24 0.634681
1170 498 0 24 24 3.132520
1170 498 6 24 24 1.214996
1200 24 168 48 48 0.994452
1200 36 168 48 48 1.074915
1200 24 168 48 48 0.994452
1200 36 168 48 48 1.074915
1200 33 176 44 44 3.451545
1200 33 187 44 44 2.301383
1200 352 176 44 44 3.829477
1200 363 154 44 44 2.060170
1200 363 176 44 44 6.805965
1200 363 187 44 44 3.872792
1200 374 176 44 44 2.371214
1200 385 11 44 44 0.259081
1200 0 126 36 36 1.227928
1200 8 136 32 32 0.113171
1200 469 133 28 28 0.205994
1200 396 198 24 24 0.898034
1200 402 192 24 24 0.534994
1200 402 198 24 24 1.391647
1200 402 204 24 24 1.114062
1200 402 210 24 24 2.678277
1200 498 12 24 24 1.678070
1200 498 18 24 24 3.521712
1230 0 154 44 44 0.133985
1230 352 154 44 44 3.995074
1230 352 176 44 44 0.523752
1230 363 154 44 44 2.805059
1230 374 154 44 44 0.256377
1230 16 136 32 32 2.047419
1230 16 144 32 32 0.962801
1230 14 126 28 28 2.627416
1230 14 133 28 28 5.085200
1230 21 133 28 28 4.210369
1230 245 0 28 28 3.412144
1230 384 210 24 24 0.598865
1230 390 192 24 24 0.077305
1230 390 198 24 24 1.754562
1230 390 204 24 24 4.701059
1230 390 210 24 24 4.237661
1230 396 192 24 24 1.628347
1230 396 198 24 24 4.941966
1230 396 204 24 24 6.167632
1230 396 210 24 24 3.167900
1230 402 198 24 24 0.940651
1230 402 204 24 24 1.567029
1230 402 210 24 24 1.175541
1260 363 154 44 44 2.560805
1260 374 154 44 44 8.226950
1260 385 154 44 44 5.792769
1260 24 112 32 32 0.035091
1260 0 133 28 28 2.353279
1260 7 133 28 28 2.026741
1260 7 224 28 28 2.501945
1260 14 133 28 28 2.482197
1260 14 224 28 28 0.394758
1260 21 126 28 28 1.307414
1260 21 133 28 28 3.909458
1260 108 204 24 24 1.318863
1260 108 210 24 24 1.267482
1260 132 192 24 24 2.785586
1260 132 198 24 24 1.458606
1260 132 204 24 24 1.211687
1260 132 210 24 24 1.017696
1260 144 198 24 24 0.922631
1260 144 204 24 24 2.079255
1260 144 210 24 24 1.961722
1260 402 210 24 24 3.580684
1290 32 32 64 64 0.165142
1290 48 32 64 64 3.542525
1290 396 168 48 48 0.648910
1290 408 168 48 48 1.609761
1290 396 168 48 48 0.648910
1290 408 168 48 48 1.609761
1290 0 180 40 40 0.291061
1290 144 153 36 36 1.012756
1290 144 162 36 36 7.240203
1290 144 171 36 36 5.127903
1290 432 162 36 36 1.990775
1290 432 171 36 36 4.586614
1290 441 171 36 36 3.385093
1290 450 162 36 36 1.660759
1290 450 171 36 36 3.726264
1290 459 162 36 36 2.466793
1290 459 171 36 36 0.295955
1290 0 133 28 28 1.280341
1290 21 119 28 28 1.353129
1290 21 126 28 28 1.630254
1290 112 119 28 28 1.781208
1290 112 126 28 28 3.847214
1290 154 21 28 28 0.088818
1290 469 231 28 28 0.769780
1290 108 114 24 24 0.999914
1290 144 192 24 24 0.978896
1290 144 198 24 24 4.588470
1290 144 204 24 24 4.395224
1290 144 210 24 24 5.046808
1290 480 198 24 24 0.179527
1320 48 0 64 64 1.751250
1320 198 171 36 36 2.483610
1320 8 128 32 32 0.768193
1320 16 128 32 32 3.690461
1320 24 112 32 32 4.306128
1320 24 128 32 32 4.412685
1320 7 126 28 28 0.643766
1320 7 133 28 28 3.806332
1320 14 126 28 28 0.209560
1320 14 133 28 28 1.250413
1320 21 126 28 28 0.939873
1320 21 133 28 28 2.182693
1320 112 126 28 28 0.880461
1320 119 126 28 28 0.457116
1320 126 119 28 28 2.233104
1320 154 112 28 28 0.430120
1320 154 119 28 28 0.021700
1320 357 0 28 28 6.536808
1320 204 198 24 24 0.078540
1320 204 204 24 24 4.176273
1320 204 210 24 24 5.169548
1320 210 192 24 24 0.265443
1320 210 198 24 24 1.439663
1320 210 204 24 24 2.630013
1320 210 210 24 24 4.622365
1320 486 210 24 24 0.729993
1320 492 204 24 24 1.568285
1320 492 210 24 24 3.848251
1320 498 192 24 24 0.747304
1320 498 198 24 24 0.618077
1320 498 204 24 24 4.578467
1320 498 210 24 24 5.527946
1350 32 0 64 64 0.762735
1350 48 0 64 64 0.938060
1350 0 126 36 36 5.191610
1350 9 126 36 36 6.489254
1350 18 126 36 36 3.272398
1350 288 162 36 36 0.579590
1350 297 162 36 36 1.426444
1350 0 136 32 32 1.345724
1350 8 112 32 32 1.581123
1350 8 128 32 32 2.942886
1350 8 136 32 32 3.566865
1350 16 112 32 32 4.359221
1350 16 128 32 32 6.275175
1350 16 136 32 32 3.170519
1350 24 128 32 32 3.886798
1350 24 136 32 32 0.122838
1350 14 119 28 28 1.478161
1350 21 112 28 28 2.524607
1350 21 119 28 28 8.342438
1350 21 126 28 28 7.954679
1350 21 133 28 28 5.964250
1350 112 126 28 28 1.021709
1350 112 133 28 28 3.071835
1350 119 126 28 28 3.558465
1350 119 133 28 28 1.989381
1350 126 112 28 28 0.227427
1350 126 126 28 28 0.437622
1350 154 126 28 28 1.054794
1350 102 84 24 24 0.765626
1350 294 204 24 24 0.944183
1350 300 204 24 24 1.927356
1350 306 204 24 24 2.168235
1350 480 294 24 24 0.593228
1350 486 294 24 24 0.560673
1350 492 294 24 24 0.320480
1380 32 0 64 64 0.444490
1380 256 0 64 64 4.559060
1380 256 16 64 64 2.880759
1380 272 0 64 64 4.606635
1380 272 16 64 64 4.723380
1380 288 0 64 64 2.265691
1380 288 16 64 64 0.906108
1380 352 16 64 64 0.657861
1380 264 36 48 48 0.381501
1380 288 36 48 48 2.491948
1380 264 36 48 48 0.381501
1380 288 36 48 48 2.491948
1380 432 144 36 36 0.311063
1380 432 153 36 36 0.542610
1380 432 162 36 36 1.918918
1380 432 171 36 36 0.594322
1380 441 144 36 36 2.338747
1380 441 153 36 36 2.732384
1380 441 162 36 36 1.303874
1380 0 112 32 32 2.447387
1380 0 128 32 32 1.801738
1380 8 128 32 32 1.942684
1380 24 128 32 32 0.134205
1380 256 112 32 32 1.645245
1380 256 128 32 32 1.941724
1380 264 112 32 32 0.656752
1380 264 128 32 32 1.902470
1380 384 112 32 32 3.826581
1380 384 128 32 32 4.037237
1380 392 112 32 32 5.411455
1380 392 128 32 32 0.832793
1380 400 112 32 32 2.044063
1380 0 112 28 28 5.050332
1380 0 119 28 28 7.944742
1380 0 126 28 28 7.991137
1380 0 133 28 28 4.209232
1380 7 112 28 28 0.023001
1380 7 119 28 28 4.286565
1380 7 126 28 28 4.198345
1380 14 126 28 28 0.092791
1380 112 112 28 28 3.692862
1380 112 119 28 28 2.498737
1380 0 114 24 24 0.415173
1380 6 114 24 24 4.186069
1380 12 114 24 24 2.195287
1380 204 108 24 24 2.015122
1380 210 108 24 24 3.638582
1380 288 96 24 24 0.950484
1380 288 102 24 24 4.693890
1380 288 108 24 24 1.836082
1380 294 102 24 24 1.154274
1380 300 96 24 24 2.461796
1380 300 102 24 24 6.343257
1380 300 108 24 24 2.775309
1380 306 96 24 24 0.843945
1380 306 102 24 24 7.126647
1380 306 108 24 24 7.024461
1410 256 0 64 64 0.489252
1410 272 0 64 64 0.774996
1410 272 16 64 64 1.423980
1410 288 0 64 64 2.539379
1410 288 16 64 64 1.860859
1410 204 24 48 48 2.572706
1410 204 36 48 48 5.437768
1410 216 24 48 48 0.596145
1410 216 36 48 48 4.590821
1410 264 36 48 48 3.955198
1410 204 24 48 48 2.572706
1410 204 36 48 48 5.437768
1410 216 24 48 48 0.596145
1410 216 36 48 48 4.590821
1410 264 36 48 48 3.955198
1410 0 112 32 32 3.988531
1410 8 112 32 32 3.973733
1410 16 112 32 32 2.183399
1410 24 112 32 32 0.221921
1410 392 0 32 32 0.905795
1410 0 133 28 28 0.132073
1410 14 126 28 28 0.943464
1410 21 126 28 28 4.296576
1410 168 98 28 28 0.131945
1410 224 133 28 28 2.252556
1410 231 112 28 28 2.316754
1410 231 126 28 28 0.885290
1410 231 133 28 28 4.669934
1410 238 133 28 28 3.250100
1410 336 119 28 28 3.247875
1410 343 112 28 28 2.750381
1410 343 119 28 28 11.591999
1410 343 126 28 28 9.633425
1410 350 112 28 28 3.931587
1410 350 119 28 28 17.440525
1410 350 126 28 28 17.601557
1410 350 133 28 28 1.260756
1410 357 119 28 28 8.620850
1410 357 126 28 28 9.123260
1410 357 133 28 28 0.805537
1410 448 119 28 28 0.896432
1410 448 126 28 28 1.299633
1410 455 119 28 28 4.695127
1410 462 112 28 28 2.631356
1410 462 119 28 28 4.544522
1410 469 112 28 28 3.436826
1410 469 119 28 28 2.372035
1410 12 114 24 24 0.055606
1410 288 102 24 24 1.186642
1410 288 108 24 24 1.538507
1410 300 108 24 24 0.774379
1410 300 114 24 24 1.089007
1440 256 16 64 64 4.203499
1440 256 32 64 64 2.912141
1440 272 16 64 64 0.342110
1440 306 126 36 36 1.291335
1440 315 126 36 36 0.675554
1440 0 112 32 32 3.829761
1440 8 112 32 32 6.288136
1440 16 112 32 32 7.238288
1440 24 112 32 32 2.963132
1440 192 128 32 32 4.553260
1440 192 136 32 32 0.905229
1440 256 128 32 32 0.688208
1440 0 126 28 28 3.192136
1440 7 126 28 28 3.791407
1440 14 119 28 28 3.022322
1440 14 126 28 28 4.121552
1440 21 119 28 28 8.034293
1440 21 126 28 28 5.592074
1440 231 98 28 28 2.200159
1440 238 98 28 28 3.712516
1440 245 98 28 28 4.585742
1440 336 119 28 28 1.619270
1440 336 126 28 28 5.728956
1440 336 133 28 28 2.578631
1440 343 119 28 28 2.049297
1440 343 126 28 28 5.212667
1440 343 133 28 28 2.533696
1440 350 119 28 28 1.113750
1440 350 126 28 28 4.886283
1440 350 133 28 28 1.019560
1440 448 112 28 28 1.580611
1440 448 119 28 28 2.531087
1440 448 126 28 28 1.489709
1440 455 119 28 28 2.285195
1440 455 126 28 28 2.655971
1440 144 102 24 24 4.184525
1440 144 108 24 24 4.347160
1440 204 96 24 24 2.269389
1440 210 96 24 24 2.618619
1440 210 102 24 24 0.059337
1440 384 6 24 24 0.891385
1440 384 12 24 24 0.881275
1440 390 12 24 24 0.997923
1470 352 16 64 64 2.946333
1470 144 126 36 36 1.903598
1470 216 126 36 36 2.077291
1470 288 126 36 36 4.749991
1470 297 126 36 36 4.173966
1470 16 112 32 32 2.352037
1470 24 112 32 32 2.177326
1470 272 128 32 32 4.335532
1470 280 112 32 32 4.566301
1470 280 128 32 32 12.956317
1470 280 136 32 32 0.850008
1470 0 112 28 28 0.475875
1470 0 126 28 28 1.832223
1470 7 119 28 28 2.455083
1470 7 126 28 28 4.427562
1470 14 119 28 28 2.891313
1470 14 126 28 28 1.622411
1470 21 119 28 28 3.314620
1470 21 126 28 28 3.394718
1470 112 98 28 28 2.785569
1470 224 112 28 28 1.550256
1470 224 119 28 28 0.283809
1470 224 133 28 28 0.075733
1470 102 114 24 24 0.548418
1470 108 108 24 24 3.143144
1470 108 114 24 24 3.079222
1470 192 102 24 24 0.733685
1470 198 96 24 24 3.729205
1470 198 102 24 24 6.183156
1470 204 102 24 24 2.039123
1470 210 102 24 24 2.115863
1470 210 108 24 24 2.801352
1500 32 32 64 64 2.630557
1500 32 48 64 64 1.000194
1500 48 0 64 64 0.348024
1500 48 16 64 64 2.958157
1500 48 32 64 64 4.413961
1500 48 48 64 64 4.203595
1500 256 32 64 64 1.590493
1500 352 16 64 64 0.040393
1500 24 36 48 48 0.516134
1500 24 36 48 48 0.516134
1500 153 126 36 36 7.795508
1500 162 126 36 36 13.761161
1500 198 126 36 36 2.603313
1500 441 126 36 36 0.062585
1500 450 126 36 36 3.773339
1500 459 126 36 36 3.800450
1500 176 128 32 32 11.500202
1500 176 136 32 32 9.160312
1500 192 128 32 32 4.925258
1500 192 136 32 32 2.980934
1500 192 144 32 32 2.067527
1500 408 128 32 32 5.920041
1500 408 136 32 32 2.656193
1500 0 98 28 28 1.580299
1500 112 112 28 28 4.682506
1500 112 119 28 28 2.708102
1500 119 112 28 28 0.612415
1500 119 119 28 28 1.518786
1500 126 126 28 28 0.812604
1500 168 133 28 28 0.919025
1500 448 133 28 28 2.184888
1500 455 133 28 28 3.204402
1500 462 133 28 28 0.602574
1500 469 133 28 28 1.403439
1500 0 114 24 24 3.078309
1500 6 108 24 24 2.298794
1500 6 114 24 24 4.529901
1500 12 114 24 24 2.194416
1500 18 114 24 24 0.534724
1500 102 114 24 24 1.595207
1500 108 114 24 24 1.703264
1500 480 108 24 24 0.196142
1530 160 140 40 40 0.860151
1530 330 160 40 40 0.141397
1530 0 144 36 36 0.082414
1530 144 126 36 36 0.392645
1530 144 144 36 36 5.421711
1530 144 153 36 36 4.447990
1530 153 144 36 36 4.706283
1530 153 153 36 36 4.838901
1530 162 144 36 36 1.401736
1530 162 153 36 36 4.430467
1530 162 162 36 36 0.783027
1530 198 153 36 36 0.356055
1530 198 171 36 36 0.025910
1530 216 153 36 36 1.600247
1530 216 162 36 36 1.322710
1530 0 144 32 32 0.434721
1530 0 152 32 32 0.241362
1530 128 144 32 32 0.472477
1530 128 152 32 32 4.639912
1530 136 144 32 32 1.348365
1530 136 152 32 32 4.806914
1530 144 144 32 32 2.676457
1530 144 152 32 32 5.334094
1530 112 112 28 28 0.290036
1530 126 112 28 28 1.242961
1530 245 0 28 28 0.331962
1530 6 192 24 24 0.839344
1530 96 192 24 24 0.615636
1530 102 192 24 24 1.341014
1530 144 114 24 24 0.423462
1530 198 108 24 24 0.531542
1530 204 192 24 24 0.222565
1530 210 192 24 24 3.866858
1530 288 198 24 24 0.370465
1530 288 204 24 24 0.742154
1530 480 192 24 24 1.999051
1530 486 204 24 24 0.102306
1560 272 32 64 64 0.644334
1560 272 48 64 64 1.954362
1560 288 32 64 64 2.115377
1560 288 48 64 64 4.456022
1560 396 36 48 48 0.043029
1560 408 36 48 48 1.282452
1560 420 36 48 48 0.246455
1560 396 36 48 48 0.043029
1560 408 36 48 48 1.282452
1560 420 36 48 48 0.246455
1560 0 170 40 40 0.417759
1560 160 140 40 40 0.264309
1560 170 140 40 40 3.287053
1560 180 140 40 40 0.909809
1560 0 162 36 36 0.756260
1560 198 0 36 36 0.220275
1560 176 152 32 32 4.324484
1560 192 144 32 32 2.985673
1560 192 152 32 32 5.612445
1560 343 112 28 28 0.302840
1560 343 126 28 28 0.732381
1560 343 133 28 28 2.542724
1560 455 112 28 28 0.266614
1560 462 112 28 28 0.261488
1560 132 192 24 24 3.382329
1560 132 198 24 24 1.936250
1560 132 210 24 24 1.955455
1560 144 108 24 24 2.295902
1560 144 114 24 24 4.963335
1590 32 32 64 64 0.675245
1590 32 48 64 64 3.003345
1590 48 0 64 64 0.076320
1590 48 32 64 64 0.150860
1590 48 48 64 64 4.795034
1590 256 0 64 64 0.757683
1590 256 16 64 64 4.977108
1590 256 32 64 64 4.093099
1590 272 0 64 64 1.892768
1590 272 16 64 64 5.415061
1590 272 32 64 64 3.926826
1590 288 0 64 64 1.414185
1590 288 16 64 64 5.990094
1590 288 32 64 64 6.750258
1590 288 48 64 64 1.694592
1590 352 32 64 64 1.728168
1590 0 24 48 48 2.785576
1590 0 36 48 48 1.059626
1590 12 36 48 48 1.468801
1590 24 36 48 48 3.465001
1590 36 36 48 48 0.160187
1590 192 24 48 48 2.086974
1590 192 36 48 48 3.731257
1590 204 24 48 48 0.455540
1590 0 24 48 48 2.785576
1590 0 36 48 48 1.059626
1590 12 36 48 48 1.468801
1590 24 36 48 48 3.465001
1590 36 36 48 48 0.160187
1590 192 24 48 48 2.086974
1590 192 36 48 48 3.731257
1590 204 24 48 48 0.455540
1590 0 33 44 44 0.501605
1590 198 33 44 44 4.003440
1590 220 140 40 40 2.470250
1590 216 126 36 36 2.094038
1590 216 144 36 36 2.732310
1590 297 0 36 36 0.226702
1590 176 128 32 32 0.426009
1590 192 128 32 32 6.185468
1590 192 136 32 32 2.235225
1590 21 98 28 28 1.721402
1590 154 98 28 28 4.524017
1590 231 133 28 28 0.094389
1590 238 98 28 28 0.076919
1590 245 0 28 28 0.395090
1590 350 112 28 28 0.265970
1590 350 119 28 28 2.274113
1590 350 126 28 28 1.352341
1590 357 98 28 28 2.754476
1590 357 112 28 28 4.487713
1590 357 119 28 28 3.679468
1590 469 98 28 28 0.740718
1590 0 18 24 24 1.087494
1590 96 114 24 24 1.231441
1590 384 114 24 24 2.220941
1590 390 84 24 24 5.078619
1590 396 84 24 24 1.585487
1620 0 16 64 64 5.074637
1620 0 32 64 64 8.707319
1620 0 48 64 64 9.705032
1620 16 16 64 64 4.590748
1620 16 32 64 64 7.079011
1620 16 48 64 64 5.210134
1620 32 16 64 64 1.990527
1620 32 32 64 64 2.162380
1620 32 48 64 64 3.121217
1620 48 48 64 64 2.181615
1620 256 16 64 64 0.099350
1620 144 126 36 36 0.090019
1620 153 126 36 36 0.738701
1620 162 126 36 36 2.022519
1620 0 0 32 32 0.097679
1620 0 8 32 32 2.478548
1620 8 0 32 32 0.856326
1620 8 8 32 32 2.701918
1620 16 0 32 32 0.889626
1620 128 144 32 32 3.188948
1620 128 152 32 32 1.804803
1620 136 136 32 32 1.305059
1620 136 144 32 32 7.144596
1620 136 152 32 32 0.959719
1620 144 136 32 32 2.222097
1620 144 144 32 32 2.369059
1620 144 152 32 32 0.758259
1620 176 136 32 32 3.610309
1620 192 136 32 32 0.581917
1620 7 21 28 28 0.845319
1620 154 98 28 28 0.015548
1620 245 133 28 28 0.769856
1620 448 133 28 28 1.339972
1620 455 133 28 28 0.760268
1620 96 114 24 24 0.548119
1620 108 114 24 24 2.128202
1620 396 96 24 24 1.950568
1620 480 102 24 24 0.631185
1620 486 102 24 24 1.400939
1620 486 108 24 24 3.184607
1650 272 32 64 64 2.863403
1650 9 126 36 36 0.520200
1650 18 126 36 36 0.930664
1650 18 144 36 36 0.074771
1650 27 144 36 36 1.434171
1650 144 126 36 36 8.773417
1650 153 126 36 36 1.680335
1650 16 136 32 32 2.724221
1650 16 144 32 32 6.774038
1650 16 152 32 32 1.836941
1650 24 144 32 32 5.061597
1650 24 152 32 32 2.659682
1650 136 144 32 32 4.705740
1650 136 152 32 32 1.417167
1650 144 136 32 32 5.963451
1650 144 144 32 32 7.433898
1650 144 152 32 32 4.573730
1650 400 136 32 32 3.231451
1650 408 128 32 32 0.068289
1650 408 136 32 32 3.658976
1650 408 144 32 32 1.521268
1650 144 84 24 24 1.054935
1650 390 84 24 24 2.537531
1650 498 96 24 24 1.221886
1680 272 0 64 64 1.109674
1680 204 24 48 48 2.930613
1680 216 12 48 48 0.431568
1680 216 24 48 48 7.573956
1680 216 36 48 48 2.198443
1680 288 36 48 48 0.850644
1680 384 36 48 48 2.896837
1680 396 36 48 48 2.644253
1680 408 36 48 48 2.420331
1680 420 36 48 48 1.255005
1680 204 24 48 48 2.930613
1680 216 12 48 48 0.431568
1680 216 24 48 48 7.573956
1680 216 36 48 48 2.198443
1680 288 36 48 48 0.850644
1680 384 36 48 48 2.896837
1680 396 36 48 48 2.644253
1680 408 36 48 48 2.420331
1680 420 36 48 48 1.255005
1680 352 22 44 44 1.849099
1680 352 33 44 44 1.693924
1680 459 144 36 36 1.886932
1680 136 128 32 32 0.696859
1680 144 128 32 32 3.303663
1680 0 0 28 28 2.252574
1680 0 7 28 28 1.727545
1680 14 133 28 28 4.021649
1680 21 133 28 28 1.978301
1680 154 126 28 28 4.458230
1680 154 133 28 28 3.028599
1680 224 112 28 28 0.837693
1680 245 98 28 28 0.651029
1680 350 112 28 28 0.230036
1680 350 119 28 28 0.054034
1680 357 112 28 28 2.885236
1680 357 119 28 28 1.122836
1680 455 14 28 28 0.054281
1680 0 12 24 24 2.241912
1680 0 108 24 24 0.825974
1680 0 114 24 24 2.582951
1680 6 12 24 24 4.041962
1680 6 114 24 24 0.270104
1680 12 12 24 24 0.641311
1680 102 84 24 24 1.524073
1680 108 84 24 24 4.500403
1680 492 84 24 24 0.057568
1680 498 84 24 24 6.631287
1710 0 0 64 64 4.209000
1710 16 0 64 64 3.706664
1710 396 12 48 48 0.060784
1710 408 12 48 48 0.205066
1710 420 12 48 48 2.008279
1710 420 24 48 48 4.091621
1710 420 36 48 48 0.470665
1710 396 12 48 48 0.060784
1710 408 12 48 48 0.205066
1710 420 12 48 48 2.008279
1710 420 24 48 48 4.091621
1710 420 36 48 48 0.470665
1710 363 33 44 44 0.893411
1710 374 22 44 44 1.345732
1710 374 33 44 44 3.903530
1710 385 33 44 44 0.987160
1710 176 112 32 32 3.428312
1710 392 112 32 32 0.938507
1710 245 98 28 28 1.095127
1710 448 98 28 28 0.639281
1710 18 114 24 24 1.385164
1710 108 114 24 24 2.601657
1710 192 96 24 24 1.378376
1710 192 102 24 24 3.524486
1710 198 102 24 24 2.245195
1710 204 102 24 24 0.258998
1710 210 102 24 24 0.613280
1710 210 108 24 24 0.396885
1710 294 0 24 24 1.450370
1710 294 96 24 24 0.504236
1710 300 102 24 24 0.219451
1740 352 0 64 64 4.251306
1740 352 16 64 64 0.971701
1740 352 32 64 64 1.572309
1740 352 48 64 64 2.415114
1740 408 0 48 48 1.858993
1740 420 0 48 48 2.187585
1740 408 0 48 48 1.858993
1740 420 0 48 48 2.187585
1740 0 22 44 44 2.595006
1740 11 176 44 44 0.184520
1740 20 190 40 40 1.062895
1740 30 160 40 40 0.904039
1740 27 171 36 36 0.261808
1740 384 112 32 32 2.558089
1740 392 112 32 32 4.009460
1740 400 112 32 32 3.683254
1740 400 128 32 32 3.721003
1740 408 128 32 32 2.800406
1740 408 136 32 32 1.335400
1740 0 133 28 28 1.430456
1740 0 224 28 28 3.515338
1740 0 231 28 28 2.815318
1740 7 224 28 28 3.735533
1740 7 231 28 28 2.360641
1740 168 98 28 28 2.463562
1740 231 98 28 28 0.520716
1740 238 98 28 28 0.642918
1740 245 98 28 28 1.862132
1740 336 98 28 28 2.314318
1740 448 98 28 28 0.679495
1740 448 112 28 28 0.980202
1740 0 84 24 24 4.391930
1740 0 210 24 24 0.405791
1740 6 210 24 24 0.395606
1740 192 108 24 24 3.822196
1740 192 114 24 24 3.182812
1740 198 108 24 24 3.187811
1740 198 114 24 24 2.875483
1740 294 84 24 24 2.692732
1740 300 84 24 24 1.673094
1740 384 0 24 24 1.807274
1740 390 0 24 24 4.625836
1740 390 6 24 24 1.279021
1740 396 0 24 24 1.045443
1740 396 6 24 24 2.466382
1740 396 96 24 24 0.180222
1740 402 96 24 24 4.266934
1740 402 102 24 24 1.146739
1740 492 114 24 24 1.689804
1740 498 12 24 24 0.075664
1740 498 114 24 24 0.019837
1770 0 0 64 64 2.765211
1770 16 0 64 64 0.478130
1770 352 16 64 64 1.410868
1770 352 32 64 64 3.754553
1770 352 48 64 64 0.264890
1770 204 36 48 48 0.068694
1770 408 0 48 48 0.636492
1770 204 36 48 48 0.068694
1770 408 0 48 48 0.636492
1770 242 33 44 44 0.043167
1770 27 126 36 36 0.609458
1770 432 9 36 36 1.573515
1770 432 18 36 36 1.947008
1770 432 126 36 36 6.566915
1770 441 9 36 36 1.645903
1770 441 18 36 36 5.736735
1770 450 9 36 36 4.331060
1770 450 18 36 36 4.958624
1770 450 27 36 36 0.735079
1770 459 0 36 36 2.205150
1770 459 9 36 36 4.544824
1770 459 18 36 36 3.891514
1770 16 112 32 32 2.574897
1770 24 112 32 32 1.025729
1770 384 112 32 32 0.001307
1770 384 128 32 32 3.885507
1770 392 128 32 32 3.112274
1770 400 112 32 32 0.325571
1770 112 112 28 28 3.432927
1770 112 119 28 28 1.150539
1770 112 126 28 28 0.950440
1770 119 112 28 28 0.926160
1770 119 119 28 28 0.337012
1770 119 126 28 28 0.240113
1770 168 98 28 28 1.944595
1770 224 98 28 28 1.515361
1770 231 98 28 28 2.129603
1770 238 98 28 28 1.588616
1770 245 98 28 28 0.127261
1770 336 98 28 28 5.458256
1770 343 98 28 28 1.481841
1770 357 112 28 28 0.022953
1770 144 102 24 24 0.741500
1770 480 12 24 24 2.316038
1770 486 12 24 24 2.224526
1800 352 0 64 64 0.401600
1800 352 16 64 64 1.439017
1800 192 36 48 48 0.948096
1800 204 24 48 48 1.443753
1800 204 36 48 48 1.867573
1800 216 36 48 48 0.958642
1800 264 24 48 48 1.308097
1800 384 36 48 48 1.098053
1800 396 36 48 48 1.169696
1800 420 24 48 48 0.578075
1800 192 36 48 48 0.948096
1800 204 24 48 48 1.443753
1800 204 36 48 48 1.867573
1800 216 36 48 48 0.958642
1800 264 24 48 48 1.308097
1800 384 36 48 48 1.098053
1800 396 36 48 48 1.169696
1800 420 24 48 48 0.578075
1800 432 126 36 36 4.481134
1800 441 126 36 36 3.710419
1800 450 126 36 36 1.099681
1800 154 119 28 28 1.832377
1800 336 98 28 28 1.156836
1800 343 98 28 28 0.369813
1800 357 98 28 28 1.430631
1800 448 98 28 28 6.994609
1800 455 98 28 28 3.828515
1800 462 98 28 28 3.311087
1800 204 96 24 24 2.447697
1800 210 96 24 24 2.953281
1800 210 102 24 24 5.735853
1800 210 108 24 24 2.846233
1800 384 96 24 24 1.142329
1800 384 102 24 24 4.999699
1800 384 108 24 24 6.039590
1800 390 102 24 24 0.220948
1800 402 108 24 24 0.530303
1830 48 0 64 64 1.692555
1830 192 24 48 48 4.054860
1830 204 24 48 48 3.946794
1830 216 12 48 48 1.041461
1830 216 24 48 48 2.101961
1830 288 36 48 48 2.772371
1830 396 36 48 48 1.205273
1830 408 36 48 48 3.120565
1830 420 36 48 48 4.304574
1830 192 24 48 48 4.054860
1830 204 24 48 48 3.946794
1830 216 12 48 48 1.041461
1830 216 24 48 48 2.101961
1830 288 36 48 48 2.772371
1830 396 36 48 48 1.205273
1830 408 36 48 48 3.120565
1830 420 36 48 48 4.304574
1830 176 33 44 44 0.064840
1830 198 33 44 44 3.618354
1830 0 10 40 40 1.608295
1830 10 10 40 40 0.638390
1830 20 10 40 40 2.022328
1830 9 18 36 36 1.118135
1830 18 18 36 36 0.467603
1830 18 27 36 36 1.257066
1830 27 18 36 36 0.446529
1830 112 98 28 28 0.009228
1830 112 112 28 28 2.717335
1830 112 119 28 28 2.837337
1830 119 98 28 28 4.607062
1830 119 112 28 28 4.264391
1830 119 119 28 28 3.038312
1830 126 98 28 28 4.873652
1830 126 112 28 28 2.250335
1830 126 119 28 28 1.367062
1830 154 98 28 28 3.944916
1830 357 98 28 28 1.962414
1830 448 112 28 28 3.997047
1830 448 119 28 28 3.445004
1830 448 126 28 28 2.970704
1830 448 133 28 28 0.925567
1830 455 112 28 28 3.799188
1830 455 119 28 28 4.014161
1830 455 126 28 28 2.217409
1830 455 133 28 28 0.239410
1830 0 108 24 24 0.809681
1830 96 102 24 24 0.031023
1830 132 108 24 24 0.319971
1830 132 114 24 24 3.627885
1830 144 102 24 24 1.818776
1830 144 108 24 24 7.376110
1830 144 114 24 24 5.885182
1830 384 108 24 24 3.927804
1830 384 114 24 24 1.937176
1830 390 102 24 24 2.994235
1830 390 108 24 24 5.045187
1830 390 114 24 24 1.361616
1830 396 102 24 24 2.120455
1830 396 108 24 24 5.489377
1830 480 84 24 24 0.974649
1830 486 84 24 24 0.787122
1830 486 96 24 24 1.394065
1830 486 102 24 24 1.332109
