30 256 32 64 64 1.480419
30 256 48 64 64 3.062031
30 272 32 64 64 2.282417
30 272 48 64 64 2.745764
30 288 32 64 64 1.559666
30 288 48 64 64 1.581907
30 18 126 36 36 1.229765
30 27 126 36 36 2.892991
30 24 128 32 32 2.544789
30 128 144 32 32 1.184157
30 136 128 32 32 2.381498
30 256 128 32 32 6.822858
30 264 128 32 32 1.770185
30 272 128 32 32 0.171927
30 280 136 32 32 0.644798
30 280 144 32 32 0.446332
30 119 133 28 28 1.040594
30 126 133 28 28 4.423628
30 168 126 28 28 1.180601
30 168 133 28 28 1.190068
30 224 126 28 28 2.303069
30 224 133 28 28 1.410672
30 231 126 28 28 2.550945
30 231 133 28 28 1.170161
30 192 0 24 24 4.783998
30 192 6 24 24 2.419398
30 198 0 24 24 2.503351
30 198 6 24 24 0.245907
30 210 0 24 24 2.653411
60 0 32 64 64 0.640692
60 272 16 64 64 1.381591
60 352 198 44 44 0.486018
60 352 209 44 44 2.598732
60 363 198 44 44 6.713440
60 363 209 44 44 7.740066
60 374 198 44 44 2.172997
60 374 209 44 44 3.048206
60 9 126 36 36 0.160305
60 18 126 36 36 3.344654
60 27 126 36 36 2.718730
60 144 288 36 36 2.531222
60 144 297 36 36 0.884841
60 153 288 36 36 2.657261
60 432 126 36 36 2.366336
60 441 126 36 36 1.498778
60 450 126 36 36 3.257602
60 459 126 36 36 3.938354
60 24 128 32 32 0.809969
60 24 136 32 32 2.430101
60 128 280 32 32 1.875349
60 136 280 32 32 0.504679
60 256 128 32 32 0.573576
60 256 136 32 32 0.531057
60 264 136 32 32 0.889440
60 272 136 32 32 0.555318
60 392 256 32 32 1.718070
60 400 256 32 32 2.564696
60 238 133 28 28 0.225920
60 245 133 28 28 2.388390
60 343 133 28 28 0.084766
60 132 288 24 24 1.706302
60 132 294 24 24 0.081716
60 132 300 24 24 2.244958
60 132 306 24 24 2.210742
60 144 306 24 24 1.638828
60 204 0 24 24 1.961853
90 256 32 64 64 3.535618
90 256 48 64 64 4.142748
90 272 32 64 64 4.660045
90 272 48 64 64 2.857658
90 288 32 64 64 3.986697
90 288 48 64 64 1.761695
90 0 126 36 36 0.340484
90 9 126 36 36 2.427955
90 18 126 36 36 4.001506
90 27 126 36 36 3.556559
90 288 126 36 36 8.787727
90 297 126 36 36 0.259083
90 432 126 36 36 0.100101
90 16 128 32 32 1.885146
90 16 136 32 32 2.375611
90 24 112 32 32 1.629930
90 24 128 32 32 3.654186
90 24 136 32 32 3.429388
90 392 112 32 32 0.659151
90 392 128 32 32 4.141037
90 392 136 32 32 6.317353
90 392 144 32 32 3.429402
90 400 128 32 32 4.492746
90 400 136 32 32 4.200338
90 400 144 32 32 4.385676
90 408 112 32 32 1.589221
90 408 144 32 32 1.250466
90 112 126 28 28 4.988128
90 112 133 28 28 7.744423
90 119 126 28 28 2.662776
90 119 133 28 28 4.377867
90 126 126 28 28 2.755366
90 126 133 28 28 4.082006
90 168 126 28 28 6.791179
90 168 133 28 28 3.366083
90 245 126 28 28 0.967324
90 245 133 28 28 1.563666
90 0 0 24 24 0.310815
90 198 0 24 24 2.127600
90 498 84 24 24 0.553927
120 32 32 64 64 0.032425
120 48 32 64 64 0.955730
120 256 32 64 64 0.689018
120 256 48 64 64 2.038739
120 272 48 64 64 0.470642
120 420 12 48 48 0.936839
120 420 12 48 48 0.936839
120 306 126 36 36 4.331062
120 315 126 36 36 6.184975
120 315 144 36 36 2.457139
120 128 112 32 32 2.799356
120 128 128 32 32 1.672547
120 136 112 32 32 1.075813
120 264 128 32 32 0.706582
120 264 136 32 32 4.810454
120 264 144 32 32 4.714447
120 264 152 32 32 2.101103
120 272 128 32 32 1.346338
120 272 136 32 32 5.004799
120 272 144 32 32 4.180651
120 272 152 32 32 1.567870
120 384 112 32 32 0.794763
120 119 126 28 28 1.041426
120 119 133 28 28 3.018322
120 126 126 28 28 3.803431
120 126 133 28 28 5.726986
120 154 133 28 28 0.511024
120 0 114 24 24 1.525354
120 6 114 24 24 0.850209
120 144 0 24 24 1.227523
120 498 18 24 24 1.907280
150 16 48 64 64 3.197368
150 242 22 44 44 1.911265
150 264 11 44 44 0.834455
150 0 126 36 36 4.137409
150 0 144 36 36 4.118186
150 9 126 36 36 2.070198
150 144 126 36 36 0.852661
150 144 144 36 36 2.812817
150 144 153 36 36 3.097155
150 144 162 36 36 3.548532
150 153 126 36 36 4.794110
150 153 144 36 36 2.099473
150 162 126 36 36 0.619259
150 162 144 36 36 0.524088
150 297 0 36 36 2.268641
150 306 0 36 36 1.727032
150 0 144 32 32 2.776381
150 8 128 32 32 4.159071
150 8 136 32 32 4.769241
150 8 144 32 32 8.023941
150 8 152 32 32 6.185679
150 16 128 32 32 3.621972
150 16 136 32 32 2.720735
150 16 144 32 32 4.697286
150 16 152 32 32 1.918067
150 128 152 32 32 3.169367
150 136 152 32 32 1.727435
150 144 152 32 32 0.715658
150 14 126 28 28 1.504885
150 14 133 28 28 1.928225
150 21 133 28 28 0.591247
150 96 204 24 24 0.686862
150 288 84 24 24 0.638430
150 294 84 24 24 0.044135
150 384 12 24 24 0.411128
150 384 18 24 24 2.965479
150 384 102 24 24 0.119053
150 384 108 24 24 0.343891
150 384 114 24 24 0.372182
150 390 12 24 24 2.938622
150 390 18 24 24 3.738672
150 396 12 24 24 0.863741
150 396 18 24 24 4.165638
150 492 96 24 24 0.349548
150 498 96 24 24 0.802765
180 272 48 64 64 0.173441
180 288 48 64 64 0.066655
180 0 192 48 48 2.716068
180 12 192 48 48 0.176377
180 0 192 48 48 2.716068
180 12 192 48 48 0.176377
180 11 198 44 44 0.540125
180 288 162 36 36 0.232402
180 288 171 36 36 0.101884
180 144 112 32 32 1.080232
180 0 112 28 28 0.120787
180 0 126 28 28 0.141941
180 7 112 28 28 0.039297
180 7 126 28 28 0.450546
180 112 119 28 28 0.644190
180 119 119 28 28 0.995990
180 126 119 28 28 0.816091
180 154 112 28 28 1.924701
180 154 119 28 28 3.040362
180 168 112 28 28 1.400380
180 168 119 28 28 0.572119
180 245 112 28 28 1.170039
180 96 0 24 24 0.890817
180 132 210 24 24 0.147556
180 390 192 24 24 0.249788
180 396 192 24 24 0.062729
210 216 126 36 36 0.150672
210 231 133 28 28 2.202076
210 0 198 24 24 0.266916
210 0 204 24 24 0.655774
240 288 0 64 64 2.514229
240 0 128 32 32 0.860985
240 343 98 28 28 0.229471
240 350 112 28 28 1.251363
240 448 119 28 28 4.653133
240 448 126 28 28 3.585769
240 448 133 28 28 2.189162
270 256 0 64 64 3.409866
270 352 0 64 64 3.074666
270 0 144 36 36 2.392390
270 9 144 36 36 1.798138
270 18 144 36 36 1.299739
270 16 128 32 32 2.321252
270 16 152 32 32 0.944874
270 128 136 32 32 1.890509
270 280 112 32 32 0.424794
270 224 112 28 28 0.781668
270 448 133 28 28 5.154254
270 462 133 28 28 0.161323
300 20 140 40 40 4.401506
300 30 140 40 40 4.143184
300 27 144 36 36 4.726261
300 27 153 36 36 3.023294
300 384 112 32 32 1.725438
300 224 126 28 28 1.354889
300 336 112 28 28 1.041615
300 448 126 28 28 4.205463
300 448 133 28 28 7.312932
300 455 126 28 28 3.263779
300 455 133 28 28 3.187897
330 264 36 48 48 1.574155
330 264 36 48 48 1.574155
330 0 128 32 32 2.093366
330 0 144 32 32 0.187716
330 176 112 32 32 1.305658
330 7 133 28 28 0.125041
330 238 112 28 28 2.637685
330 245 112 28 28 5.726496
330 357 119 28 28 1.121671
330 357 126 28 28 0.530915
330 288 114 24 24 0.570645
330 294 108 24 24 3.828313
330 294 114 24 24 3.810775
360 264 24 48 48 0.515000
360 264 36 48 48 2.441885
360 264 24 48 48 0.515000
360 264 36 48 48 2.441885
360 392 112 32 32 2.260468
360 400 112 32 32 3.583159
360 224 98 28 28 2.964345
360 231 98 28 28 3.389682
360 238 98 28 28 0.023937
360 0 204 24 24 0.150749
360 6 204 24 24 0.017646
360 288 102 24 24 1.648518
360 288 108 24 24 0.303243
360 396 96 24 24 0.797626
390 352 16 64 64 3.995642
390 264 36 48 48 0.285606
390 288 36 48 48 2.178414
390 264 36 48 48 0.285606
390 288 36 48 48 2.178414
390 432 126 36 36 0.333292
390 400 112 32 32 3.308882
390 231 98 28 28 6.072527
390 238 98 28 28 5.311354
390 245 98 28 28 0.282469
390 448 119 28 28 0.256656
390 455 119 28 28 1.083795
390 455 126 28 28 2.620999
390 455 133 28 28 1.511617
390 288 108 24 24 0.761011
390 498 84 24 24 1.325727
420 288 24 48 48 0.063413
420 288 36 48 48 1.607765
420 288 24 48 48 0.063413
420 288 36 48 48 1.607765
420 242 33 44 44 1.247156
420 231 98 28 28 2.629654
420 238 98 28 28 3.976436
420 245 98 28 28 4.334696
420 336 98 28 28 8.694144
420 343 98 28 28 7.940073
420 350 98 28 28 4.430045
420 448 133 28 28 2.873448
420 455 133 28 28 0.720174
420 288 96 24 24 2.166772
420 288 102 24 24 4.109522
420 294 102 24 24 0.021821
450 14 98 28 28 1.911038
450 224 119 28 28 1.446988
450 224 126 28 28 1.256731
450 231 98 28 28 1.872585
450 231 119 28 28 0.047451
450 238 98 28 28 3.693713
450 245 98 28 28 3.952537
450 448 112 28 28 7.804119
450 448 119 28 28 7.238994
450 448 126 28 28 3.191329
450 455 112 28 28 8.604245
450 455 119 28 28 9.248068
450 455 126 28 28 5.589929
450 462 112 28 28 8.736570
450 462 119 28 28 4.977660
450 469 112 28 28 6.407211
450 18 108 24 24 1.498111
450 18 114 24 24 0.071045
450 288 96 24 24 1.303011
450 288 102 24 24 1.956384
450 306 96 24 24 0.755950
450 384 114 24 24 4.186041
450 390 114 24 24 0.012806
450 480 114 24 24 0.367657
480 192 36 48 48 0.099634
480 384 24 48 48 0.248280
480 384 36 48 48 1.735173
480 192 36 48 48 0.099634
480 384 24 48 48 0.248280
480 384 36 48 48 1.735173
480 385 22 44 44 0.325763
480 10 140 40 40 2.139764
480 20 140 40 40 0.647396
480 0 144 36 36 0.142222
480 9 126 36 36 1.392140
480 9 144 36 36 3.987897
480 18 126 36 36 3.071599
480 18 144 36 36 2.925068
480 18 153 36 36 0.783373
480 27 126 36 36 2.032542
480 27 144 36 36 3.259921
480 27 153 36 36 1.115750
480 16 136 32 32 2.680064
480 16 144 32 32 3.779917
480 16 152 32 32 5.072268
480 24 136 32 32 3.093099
480 24 144 32 32 4.772776
480 24 152 32 32 3.625274
480 288 96 24 24 6.057981
480 288 102 24 24 4.412243
480 294 96 24 24 6.595232
480 294 102 24 24 1.046150
480 300 96 24 24 4.417437
480 306 96 24 24 3.438243
510 352 33 44 44 2.656554
510 448 112 28 28 3.546380
510 448 119 28 28 5.268460
510 448 126 28 28 3.640711
510 455 112 28 28 4.087523
510 455 119 28 28 4.747303
510 455 126 28 28 2.800861
510 462 112 28 28 4.662396
510 462 119 28 28 1.852842
510 462 126 28 28 1.244616
510 288 84 24 24 0.302273
510 288 96 24 24 9.643847
510 288 102 24 24 2.693007
510 294 96 24 24 6.263653
510 300 96 24 24 1.517813
510 306 96 24 24 1.864296
510 390 114 24 24 4.700672
510 492 114 24 24 0.219926
540 242 33 44 44 1.476044
540 0 0 32 32 2.257619
540 8 0 32 32 2.381074
540 0 7 28 28 0.625887
540 7 7 28 28 3.074443
540 14 7 28 28 1.665897
540 14 14 28 28 1.569766
540 21 7 28 28 3.646050
540 21 14 28 28 0.853254
540 224 112 28 28 2.205689
540 224 119 28 28 0.595597
540 350 98 28 28 1.629754
540 12 12 24 24 1.912449
540 12 114 24 24 2.556991
540 18 12 24 24 3.343907
540 18 18 24 24 1.511586
540 18 108 24 24 0.250698
540 18 114 24 24 3.827292
540 288 84 24 24 9.735497
540 288 96 24 24 7.804150
540 294 96 24 24 1.130829
540 402 114 24 24 0.407272
570 192 36 48 48 1.894734
570 396 36 48 48 1.875471
570 192 36 48 48 1.894734
570 396 36 48 48 1.875471
570 18 126 36 36 0.326204
570 27 126 36 36 1.518668
570 216 171 36 36 0.311581
570 432 27 36 36 0.010101
570 24 144 32 32 0.034009
570 231 112 28 28 2.538292
570 238 112 28 28 0.812397
570 0 108 24 24 2.293208
570 0 114 24 24 2.741246
570 6 114 24 24 0.873730
570 288 96 24 24 2.716019
570 294 84 24 24 6.531038
570 294 96 24 24 2.138885
570 300 84 24 24 11.420033
570 300 96 24 24 0.849091
570 306 12 24 24 0.222394
570 306 84 24 24 2.160409
570 384 108 24 24 1.533342
600 192 36 48 48 5.148528
600 288 24 48 48 0.277086
600 192 36 48 48 5.148528
600 288 24 48 48 0.277086
600 264 33 44 44 0.826040
600 16 112 32 32 1.325891
600 24 112 32 32 2.240793
600 176 128 32 32 1.592181
600 0 0 28 28 0.126465
600 0 7 28 28 0.019568
600 0 14 28 28 0.828517
600 7 0 28 28 0.446426
600 7 7 28 28 2.473790
600 14 7 28 28 2.578270
600 231 112 28 28 1.125817
600 238 112 28 28 5.327662
600 245 112 28 28 2.486491
600 462 119 28 28 0.998662
600 462 126 28 28 2.824738
600 462 133 28 28 3.657858
600 0 18 24 24 0.725512
600 0 192 24 24 0.716444
600 0 198 24 24 1.780183
600 6 18 24 24 0.797204
600 6 192 24 24 2.076162
600 6 198 24 24 0.559618
600 12 12 24 24 0.181781
600 12 18 24 24 0.015649
600 12 192 24 24 3.057868
600 12 198 24 24 2.136972
600 18 12 24 24 0.129941
600 18 18 24 24 2.218776
600 18 192 24 24 1.519566
600 288 96 24 24 3.772425
600 294 96 24 24 5.342666
600 294 102 24 24 2.050332
600 300 84 24 24 2.493489
600 300 96 24 24 0.486542
600 306 84 24 24 3.186458
600 306 96 24 24 0.877541
600 384 102 24 24 4.653912
600 384 108 24 24 5.143609
600 390 102 24 24 0.129634
600 390 108 24 24 0.602062
600 390 114 24 24 0.138532
600 396 108 24 24 0.442330
600 396 114 24 24 0.635014
600 402 102 24 24 0.830345
600 402 108 24 24 0.793107
630 192 36 48 48 3.581026
630 192 36 48 48 3.581026
630 153 126 36 36 1.924684
630 162 126 36 36 0.001698
630 459 126 36 36 1.198175
630 231 112 28 28 2.234259
630 231 119 28 28 1.828577
630 238 112 28 28 4.766843
630 238 119 28 28 1.089927
630 0 6 24 24 2.361148
630 0 204 24 24 2.060693
630 6 198 24 24 0.624673
630 6 204 24 24 0.694445
630 12 198 24 24 1.110991
630 18 198 24 24 1.705960
630 288 96 24 24 2.008188
630 300 84 24 24 0.451501
630 306 84 24 24 0.452069
630 384 102 24 24 0.422241
630 384 108 24 24 3.154908
630 402 108 24 24 2.049747
660 192 36 48 48 0.993907
660 264 36 48 48 2.076395
660 192 36 48 48 0.993907
660 264 36 48 48 2.076395
660 264 33 44 44 0.027480
660 352 33 44 44 0.079057
660 144 126 36 36 2.578770
660 7 98 28 28 1.671769
660 14 98 28 28 2.714134
660 21 98 28 28 1.942927
660 224 112 28 28 1.889578
660 231 112 28 28 2.417347
660 0 198 24 24 1.172844
660 6 198 24 24 0.770187
660 18 108 24 24 1.518726
660 18 114 24 24 1.650910
660 288 96 24 24 0.249371
660 294 108 24 24 3.229050
660 294 114 24 24 3.204896
660 300 108 24 24 1.401642
660 300 114 24 24 4.648945
660 306 96 24 24 0.063585
660 384 102 24 24 2.278179
660 384 108 24 24 5.258692
660 384 114 24 24 1.846857
660 390 108 24 24 0.448825
660 402 102 24 24 1.076557
660 402 108 24 24 1.451333
690 264 112 32 32 2.757846
690 272 112 32 32 0.044812
690 392 112 32 32 2.740634
690 400 112 32 32 4.068854
690 408 112 32 32 1.198331
690 343 112 28 28 3.914378
690 350 112 28 28 0.069698
690 288 114 24 24 0.049216
690 300 108 24 24 2.499018
690 306 108 24 24 3.241542
690 306 114 24 24 4.680852
690 384 300 24 24 1.368060
720 400 112 32 32 3.495984
720 408 112 32 32 5.183260
720 343 112 28 28 5.188740
720 294 108 24 24 3.107457
720 294 114 24 24 0.962760
720 300 108 24 24 3.418347
720 300 114 24 24 3.715613
720 306 108 24 24 3.368379
720 306 114 24 24 1.069437
750 256 0 64 64 0.011546
750 352 0 64 64 3.958623
750 352 16 64 64 1.027677
750 264 36 48 48 2.910581
750 264 36 48 48 2.910581
750 242 33 44 44 0.310451
750 128 136 32 32 2.563499
750 128 144 32 32 4.950645
750 128 152 32 32 0.539170
750 136 144 32 32 0.984832
750 384 112 32 32 0.083680
750 336 112 28 28 1.890481
750 343 112 28 28 1.619573
750 288 108 24 24 3.357343
750 294 102 24 24 4.197145
750 294 108 24 24 6.201107
750 294 114 24 24 1.487870
750 300 102 24 24 1.271010
750 300 108 24 24 0.638870
750 306 108 24 24 0.816097
750 306 114 24 24 0.819509
750 384 114 24 24 1.081620
780 352 0 64 64 1.999386
780 216 12 48 48 0.197617
780 216 24 48 48 9.656409
780 216 36 48 48 1.691415
780 216 12 48 48 0.197617
780 216 24 48 48 9.656409
780 216 36 48 48 1.691415
780 242 33 44 44 4.785681
780 264 33 44 44 0.232562
780 8 112 32 32 1.923822
780 392 112 32 32 5.176542
780 400 112 32 32 1.119824
780 21 126 28 28 0.240292
780 336 98 28 28 2.002216
780 448 133 28 28 2.033471
780 455 119 28 28 0.188420
780 455 126 28 28 0.167141
780 455 133 28 28 2.799120
780 132 192 24 24 2.030481
780 132 198 24 24 3.305191
780 132 204 24 24 1.615981
780 288 96 24 24 4.119749
780 288 102 24 24 4.008861
780 294 96 24 24 4.098384
780 300 114 24 24 3.047371
780 306 102 24 24 1.495051
780 306 108 24 24 0.886050
780 306 114 24 24 0.665856
780 384 96 24 24 1.231311
780 384 102 24 24 3.995213
780 384 108 24 24 3.884776
780 384 114 24 24 8.160093
780 390 114 24 24 4.243471
780 396 114 24 24 3.994372
780 402 114 24 24 2.892334
810 352 0 64 64 2.199489
810 216 24 48 48 1.419871
810 264 24 48 48 0.134782
810 216 24 48 48 1.419871
810 264 24 48 48 0.134782
810 242 22 44 44 5.442571
810 242 33 44 44 6.277527
810 264 33 44 44 0.826834
810 400 112 32 32 0.444197
810 408 112 32 32 5.749113
810 288 96 24 24 1.484196
810 294 96 24 24 4.163069
810 294 102 24 24 3.168112
810 300 96 24 24 4.382307
810 306 114 24 24 1.392537
810 390 96 24 24 0.791200
810 396 96 24 24 2.911898
810 396 102 24 24 2.440015
810 396 108 24 24 0.617143
810 396 114 24 24 3.048248
810 402 102 24 24 0.491727
810 402 108 24 24 0.142928
810 402 114 24 24 0.604932
840 264 24 48 48 0.696780
840 264 24 48 48 0.696780
840 242 33 44 44 3.893482
840 288 102 24 24 0.015289
840 294 96 24 24 0.656640
840 294 102 24 24 3.126705
840 300 96 24 24 3.179802
840 300 102 24 24 2.719447
840 384 102 24 24 0.251197
840 396 96 24 24 0.538047
840 402 96 24 24 4.415640
840 402 102 24 24 3.084662
870 0 162 36 36 1.732126
870 432 126 36 36 0.198107
870 432 144 36 36 3.053078
870 441 126 36 36 1.003091
870 441 144 36 36 4.016811
870 400 112 32 32 1.816615
870 400 128 32 32 3.664919
870 400 136 32 32 2.993445
870 408 128 32 32 6.226778
870 408 136 32 32 4.640510
870 350 119 28 28 1.202880
870 350 126 28 28 1.800091
870 357 119 28 28 0.999975
870 357 126 28 28 3.056303
870 357 133 28 28 3.204066
870 300 114 24 24 1.035554
870 306 114 24 24 0.085260
900 352 32 64 64 2.927671
900 357 119 28 28 0.259573
900 448 112 28 28 1.416656
900 448 119 28 28 5.609983
900 448 126 28 28 3.147591
900 455 119 28 28 1.515270
900 455 126 28 28 2.288514
900 300 114 24 24 2.161756
900 306 108 24 24 1.631491
900 306 114 24 24 4.532688
900 402 108 24 24 0.020167
900 402 114 24 24 3.110837
930 459 126 36 36 3.830491
930 462 98 28 28 3.436980
930 469 98 28 28 2.419899
930 6 198 24 24 0.698593
930 12 198 24 24 2.556884
930 12 204 24 24 0.736554
930 18 198 24 24 2.160852
930 300 114 24 24 0.970595
930 306 108 24 24 0.729108
930 306 114 24 24 2.645833
930 480 108 24 24 2.038424
930 486 108 24 24 0.502386
960 16 16 64 64 1.973771
960 32 32 64 64 2.984750
960 32 48 64 64 0.035782
960 256 0 64 64 0.101288
960 264 36 48 48 1.927930
960 264 36 48 48 1.927930
960 392 112 32 32 2.570227
960 400 112 32 32 2.371686
960 126 133 28 28 1.270186
960 224 98 28 28 0.201337
960 245 98 28 28 2.335234
960 108 0 24 24 1.526412
960 288 114 24 24 0.582390
960 300 108 24 24 0.013578
960 300 114 24 24 1.560813
960 306 114 24 24 3.745980
960 384 114 24 24 4.071207
960 402 108 24 24 3.807448
960 402 114 24 24 2.054100
960 498 108 24 24 2.556555
990 256 0 64 64 1.760799
990 272 0 64 64 3.607392
990 288 0 64 64 0.406266
990 288 36 48 48 0.460034
990 288 36 48 48 0.460034
990 0 140 40 40 0.458062
990 10 140 40 40 5.230662
990 20 140 40 40 4.060583
990 9 153 36 36 0.634014
990 18 126 36 36 0.553725
990 18 144 36 36 5.532574
990 18 153 36 36 3.575994
990 27 144 36 36 4.746556
990 24 144 32 32 2.370316
990 24 152 32 32 2.906313
990 245 98 28 28 1.366325
990 336 112 28 28 0.550346
990 336 119 28 28 2.085482
990 336 126 28 28 2.701273
990 448 112 28 28 0.464310
990 448 119 28 28 2.198494
990 448 126 28 28 0.594637
990 455 112 28 28 2.487653
990 455 119 28 28 1.963032
990 455 133 28 28 2.220111
990 288 102 24 24 3.126456
990 288 108 24 24 4.644912
990 306 108 24 24 1.162709
990 402 108 24 24 4.127994
990 402 114 24 24 5.454616
1020 256 0 64 64 3.609027
1020 256 16 64 64 0.882094
1020 272 0 64 64 1.910855
1020 288 0 64 64 2.642810
1020 288 16 64 64 1.095719
1020 352 0 64 64 3.500039
1020 352 16 64 64 1.776995
1020 192 36 48 48 2.202601
1020 384 36 48 48 2.784858
1020 396 36 48 48 2.846768
1020 192 36 48 48 2.202601
1020 384 36 48 48 2.784858
1020 396 36 48 48 2.846768
1020 0 140 40 40 0.593168
1020 0 144 36 36 3.736966
1020 0 153 36 36 0.934428
1020 9 144 36 36 1.614531
1020 18 144 36 36 0.190149
1020 0 152 32 32 1.394845
1020 8 152 32 32 0.826812
1020 126 133 28 28 0.380013
1020 336 119 28 28 0.588586
1020 336 126 28 28 1.571727
1020 343 119 28 28 0.818663
1020 343 126 28 28 2.832906
1020 469 119 28 28 0.806556
1020 469 126 28 28 3.923021
1020 469 133 28 28 4.045293
1020 6 192 24 24 1.193998
1020 12 192 24 24 3.579483
1020 12 198 24 24 1.194574
1020 18 192 24 24 3.394403
1020 18 198 24 24 1.541455
1020 288 108 24 24 0.867825
1020 306 114 24 24 1.098278
1020 384 96 24 24 1.100502
1020 384 102 24 24 3.502579
1020 390 96 24 24 0.658754
1020 390 102 24 24 3.319119
1020 396 102 24 24 4.844443
1020 396 108 24 24 0.290447
1020 402 102 24 24 2.838813
1020 402 108 24 24 2.536305
1050 272 0 64 64 1.720113
1050 272 16 64 64 0.787694
1050 288 0 64 64 3.545713
1050 288 16 64 64 2.422904
1050 384 24 48 48 1.676788
1050 384 36 48 48 2.295123
1050 384 24 48 48 1.676788
1050 384 36 48 48 2.295123
1050 374 33 44 44 0.273357
1050 24 144 32 32 0.303921
1050 400 24 32 32 0.659590
1050 245 98 28 28 1.965339
1050 343 126 28 28 0.693045
1050 343 133 28 28 1.624358
1050 350 119 28 28 3.473000
1050 350 126 28 28 5.600918
1050 350 133 28 28 3.414469
1050 357 126 28 28 0.986686
1050 357 133 28 28 1.714969
1050 462 119 28 28 4.176574
1050 462 126 28 28 3.198624
1050 469 112 28 28 1.970158
1050 469 119 28 28 7.313052
1050 469 126 28 28 7.861529
1050 469 133 28 28 5.881071
1050 306 108 24 24 2.292774
1050 306 114 24 24 0.918723
1050 384 102 24 24 1.440650
1080 352 0 64 64 4.968541
1080 384 24 48 48 3.283915
1080 384 36 48 48 4.547162
1080 384 24 48 48 3.283915
1080 384 36 48 48 4.547162
1080 374 33 44 44 2.820230
1080 385 33 44 44 3.474838
1080 0 0 32 32 1.755751
1080 0 8 32 32 3.566313
1080 7 0 28 28 0.876918
1080 7 7 28 28 2.243450
1080 7 14 28 28 3.048381
1080 14 14 28 28 0.792332
1080 245 98 28 28 2.387816
1080 336 98 28 28 0.631640
1080 12 12 24 24 0.271971
1080 132 0 24 24 1.508219
1080 288 108 24 24 0.057805
1080 294 114 24 24 0.211551
1080 306 108 24 24 1.162134
1080 306 114 24 24 0.288321
1080 390 18 24 24 0.049574
1080 390 96 24 24 0.975280
1080 492 0 24 24 0.624797
1080 498 0 24 24 5.086247
1110 352 0 64 64 3.088218
1110 352 16 64 64 3.484753
1110 352 32 64 64 3.518191
1110 352 48 64 64 3.367387
1110 384 12 48 48 0.023115
1110 384 24 48 48 2.120375
1110 396 12 48 48 2.242830
1110 396 24 48 48 4.238248
1110 384 12 48 48 0.023115
1110 384 24 48 48 2.120375
1110 396 12 48 48 2.242830
1110 396 24 48 48 4.238248
1110 385 22 44 44 1.076132
1110 385 33 44 44 2.794689
1110 432 0 36 36 2.526716
1110 448 14 28 28 1.659956
1110 448 21 28 28 1.375824
1110 288 108 24 24 3.841885
1110 288 114 24 24 1.378409
1110 294 114 24 24 0.306568
1110 300 108 24 24 0.428784
1110 306 108 24 24 1.887839
1110 390 102 24 24 1.324488
1110 396 96 24 24 2.684341
1110 396 102 24 24 0.469476
1110 402 96 24 24 4.289125
1110 402 102 24 24 3.865633
1110 402 108 24 24 1.737461
1110 402 114 24 24 2.698365
1140 352 0 64 64 0.534499
1140 396 24 48 48 3.322196
1140 408 12 48 48 0.372163
1140 408 24 48 48 2.429163
1140 420 24 48 48 1.275519
1140 420 36 48 48 0.093451
1140 396 24 48 48 3.322196
1140 408 12 48 48 0.372163
1140 408 24 48 48 2.429163
1140 420 24 48 48 1.275519
1140 420 36 48 48 0.093451
1140 14 98 28 28 0.739655
1140 350 98 28 28 1.920665
1140 357 98 28 28 1.041493
1140 448 98 28 28 2.221116
1140 462 119 28 28 0.237393
1140 12 114 24 24 0.057080
1140 204 108 24 24 0.595234
1140 288 108 24 24 2.949033
1140 288 114 24 24 0.916174
1140 300 108 24 24 1.451174
1140 306 108 24 24 2.999549
1140 480 102 24 24 0.177503
1170 336 98 28 28 2.661721
1170 343 98 28 28 0.158001
1170 288 114 24 24 1.144739
1170 300 108 24 24 0.318954
1170 300 114 24 24 0.888887
1170 306 108 24 24 0.959580
1170 306 114 24 24 1.703050
1170 480 114 24 24 3.214140
1170 486 114 24 24 3.117322
1170 492 114 24 24 2.560834
1170 498 114 24 24 2.791044
1200 408 36 48 48 0.977721
1200 408 36 48 48 0.977721
1200 336 98 28 28 7.373012
1200 343 98 28 28 5.428856
1200 350 98 28 28 1.480459
1200 448 98 28 28 0.378631
1200 102 114 24 24 0.465062
1200 294 108 24 24 0.551217
1200 300 108 24 24 0.813445
1200 306 108 24 24 0.118610
1200 306 114 24 24 3.280606
1200 492 114 24 24 0.948439
1200 498 114 24 24 2.279796
1230 336 98 28 28 1.238744
1230 343 98 28 28 3.231495
1230 350 98 28 28 3.826441
1230 357 98 28 28 0.365900
1230 462 98 28 28 0.228767
1230 469 98 28 28 3.761149
1230 300 114 24 24 1.233618
1230 306 108 24 24 1.717153
1230 306 114 24 24 2.500005
1230 480 108 24 24 0.194659
1230 486 108 24 24 0.805565
1260 16 136 32 32 1.336449
1260 24 112 32 32 1.027851
1260 24 136 32 32 0.064351
1260 14 7 28 28 2.835469
1260 21 0 28 28 0.021641
1260 21 7 28 28 2.308839
1260 336 98 28 28 1.269608
1260 18 12 24 24 0.252481
1260 18 18 24 24 0.711306
1260 204 0 24 24 1.028590
1260 204 6 24 24 2.491997
1260 204 12 24 24 0.894528
1260 204 18 24 24 0.611679
1260 210 0 24 24 2.808675
1260 210 6 24 24 3.981304
1260 288 114 24 24 0.407175
1260 384 114 24 24 2.440058
1260 390 114 24 24 2.856832
1260 396 114 24 24 2.563267
1260 402 114 24 24 1.070539
1260 486 108 24 24 0.011812
1260 492 108 24 24 4.553685
1260 492 114 24 24 1.895479
1260 498 108 24 24 3.855258
1260 498 114 24 24 4.572598
1290 352 0 64 64 0.376506
1290 24 36 48 48 0.814053
1290 24 36 48 48 0.814053
1290 432 153 36 36 0.768508
1290 432 162 36 36 3.168181
1290 441 153 36 36 0.394881
1290 441 162 36 36 3.136428
1290 450 162 36 36 1.709812
1290 192 0 32 32 4.030828
1290 192 8 32 32 0.725899
1290 7 0 28 28 0.067132
1290 336 98 28 28 0.197547
1290 448 112 28 28 1.473056
1290 455 112 28 28 0.601192
1290 12 0 24 24 0.195977
1290 12 6 24 24 0.313243
1290 18 6 24 24 0.994034
1290 204 6 24 24 0.106123
1290 204 12 24 24 1.421044
1290 204 18 24 24 3.229134
1290 210 12 24 24 0.239386
1290 210 18 24 24 0.950576
1290 288 108 24 24 2.604325
1290 288 114 24 24 2.538251
1290 294 114 24 24 0.178986
1290 390 114 24 24 0.529421
1320 459 171 36 36 0.316012
1320 192 0 32 32 5.041479
1320 224 238 28 28 0.254555
1320 336 98 28 28 0.041318
1320 448 112 28 28 3.854150
1320 448 119 28 28 1.731844
1320 198 18 24 24 0.698281
1320 204 0 24 24 1.755273
1320 204 6 24 24 2.079672
1320 204 12 24 24 1.246366
1320 204 18 24 24 1.316552
1320 210 0 24 24 3.225164
1320 210 6 24 24 2.401490
1320 210 12 24 24 0.009391
1320 288 114 24 24 3.472137
1320 294 114 24 24 0.264934
1320 384 114 24 24 3.970388
1320 390 114 24 24 0.746587
1350 352 32 64 64 3.035733
1350 352 22 44 44 1.296312
1350 350 30 40 40 0.507029
1350 176 16 32 32 4.206620
1350 176 24 32 32 3.017140
1350 192 8 32 32 0.627726
1350 192 16 32 32 3.512829
1350 264 112 32 32 0.782945
1350 392 128 32 32 1.113940
1350 400 128 32 32 0.924774
1350 408 128 32 32 2.386658
1350 204 18 24 24 1.845718
1380 352 16 64 64 4.105944
1380 352 32 64 64 2.843861
1380 153 9 36 36 0.199988
1380 162 9 36 36 0.407203
1380 176 16 32 32 2.756276
1380 256 112 32 32 1.482082
1380 408 128 32 32 2.515547
1380 168 21 28 28 0.257659
1380 18 18 24 24 1.498285
1380 198 18 24 24 0.070998
1410 256 16 64 64 2.438327
1410 256 32 64 64 2.337714
1410 272 16 64 64 3.060930
1410 272 32 64 64 0.882421
1410 288 16 64 64 1.978186
1410 288 32 64 64 2.228395
1410 352 16 64 64 2.672678
1410 352 32 64 64 0.311085
1410 27 126 36 36 0.472807
1410 136 8 32 32 0.017166
1410 256 112 32 32 2.155166
1410 280 112 32 32 1.195377
1410 245 126 28 28 0.643147
1440 256 32 64 64 0.863768
1440 288 16 64 64 1.316714
1440 280 112 32 32 1.875535
1440 168 0 28 28 3.523106
1440 245 112 28 28 0.650249
1440 245 119 28 28 0.898077
1440 96 114 24 24 1.213582
1440 102 114 24 24 0.402149
1470 16 16 64 64 1.859113
1470 256 16 64 64 1.141273
1470 256 32 64 64 2.954283
1470 352 0 64 64 0.958777
1470 352 16 64 64 0.660375
1470 9 126 36 36 1.845912
1470 9 144 36 36 0.689100
1470 18 126 36 36 0.945031
1470 18 144 36 36 0.553877
1470 432 126 36 36 2.860134
1470 16 128 32 32 1.320882
1470 16 152 32 32 0.252619
1470 24 112 32 32 1.644828
1470 24 128 32 32 4.035349
1470 24 136 32 32 1.548643
1470 24 152 32 32 0.780637
1470 21 133 28 28 2.998151
1470 238 112 28 28 0.846779
1470 238 119 28 28 0.460759
1470 245 112 28 28 3.613629
1470 245 119 28 28 2.275570
1470 448 119 28 28 0.823455
1470 448 126 28 28 4.404572
1470 448 133 28 28 4.597055
1470 455 126 28 28 1.909677
1470 455 133 28 28 3.295166
1500 256 16 64 64 1.539259
1500 256 32 64 64 3.285792
1500 272 32 64 64 0.057819
1500 352 0 64 64 4.803943
1500 450 126 36 36 3.907555
1500 450 144 36 36 2.214942
1500 0 128 32 32 1.444759
1500 384 112 32 32 0.212427
1500 384 136 32 32 2.064942
1500 0 133 28 28 2.611414
1500 7 133 28 28 1.591374
1500 238 112 28 28 3.302019
1500 245 112 28 28 3.469559
1500 455 7 28 28 0.594621
1500 462 126 28 28 3.567594
1500 462 133 28 28 5.076745
1500 469 126 28 28 2.706402
1500 469 133 28 28 2.124695
1530 256 32 64 64 2.686806
1530 256 48 64 64 5.957652
1530 272 48 64 64 2.858623
1530 288 48 64 64 0.874521
1530 315 144 36 36 3.115659
1530 256 112 32 32 1.831213
1530 280 112 32 32 1.819684
1530 384 152 32 32 0.605905
1530 245 119 28 28 0.755813
1530 245 126 28 28 1.936839
1530 462 126 28 28 0.273786
1530 462 133 28 28 0.789217
1530 469 126 28 28 3.026924
1530 469 133 28 28 3.754222
1560 288 32 64 64 1.896174
1560 288 48 64 64 2.789508
1560 340 140 40 40 2.970751
1560 350 140 40 40 6.258578
1560 432 162 36 36 1.091433
1560 441 153 36 36 0.828333
1560 441 162 36 36 2.110616
1560 0 128 32 32 0.217883
1560 264 112 32 32 0.462664
1560 272 112 32 32 4.874286
1560 280 112 32 32 5.203629
1560 384 192 24 24 1.389712
1560 390 192 24 24 3.083376
1560 486 198 24 24 1.605855
1590 352 0 64 64 0.554772
1590 385 154 44 44 4.049918
1590 432 171 36 36 0.306625
1590 384 112 32 32 0.311122
1590 231 126 28 28 0.578628
1590 238 126 28 28 1.551004
1590 245 126 28 28 2.051842
1590 336 112 28 28 0.937217
1590 336 119 28 28 4.249284
1590 336 126 28 28 4.489518
1590 336 133 28 28 1.735470
1590 343 119 28 28 2.220764
1590 343 126 28 28 2.940638
1590 455 112 28 28 3.142392
1590 455 119 28 28 3.219989
1590 455 126 28 28 0.715343
1590 455 133 28 28 0.553951
1590 462 112 28 28 0.486223
1620 10 140 40 40 2.688626
1620 9 144 36 36 3.141217
1620 18 126 36 36 0.624409
1620 18 144 36 36 4.466676
1620 27 144 36 36 0.579578
1620 16 128 32 32 1.690354
1620 16 136 32 32 0.730314
1620 16 152 32 32 1.870955
1620 24 128 32 32 3.860133
1620 24 136 32 32 2.979602
1620 24 152 32 32 3.662559
1620 128 128 32 32 1.397660
1620 136 128 32 32 1.201981
1620 384 112 32 32 3.229696
1620 400 152 32 32 3.062205
1620 408 152 32 32 1.713962
1620 119 126 28 28 0.688095
1620 119 133 28 28 0.917353
1620 126 126 28 28 2.018187
1620 126 133 28 28 2.781457
1620 231 119 28 28 1.932452
1620 231 126 28 28 0.621497
1620 238 119 28 28 0.692013
1620 336 112 28 28 1.207326
1620 336 119 28 28 1.747925
1620 336 126 28 28 3.015569
1620 455 21 28 28 0.258032
1620 462 21 28 28 4.243724
1620 469 21 28 28 4.670982
1620 144 114 24 24 0.167908
1620 306 114 24 24 1.202524
1650 0 0 64 64 4.868600
1650 0 16 64 64 1.860957
1650 288 16 64 64 0.453480
1650 288 32 64 64 0.815112
1650 288 48 64 64 0.242305
1650 352 0 64 64 0.405417
1650 192 36 48 48 0.495031
1650 204 36 48 48 3.281874
1650 216 36 48 48 0.265887
1650 420 168 48 48 2.781718
1650 192 36 48 48 0.495031
1650 204 36 48 48 3.281874
1650 216 36 48 48 0.265887
1650 420 168 48 48 2.781718
1650 374 0 44 44 3.504492
1650 374 11 44 44 2.873576
1650 374 22 44 44 2.319579
1650 385 0 44 44 4.694494
1650 385 11 44 44 3.817025
1650 385 22 44 44 3.949603
1650 27 126 36 36 0.664037
1650 192 112 32 32 2.672236
1650 126 126 28 28 0.932726
1650 168 119 28 28 1.012896
1650 448 224 28 28 4.377933
1650 448 231 28 28 0.950212
1650 455 224 28 28 7.130574
1650 455 231 28 28 4.164678
1650 455 238 28 28 0.750163
1650 462 224 28 28 5.473896
1650 462 231 28 28 3.954982
1650 462 238 28 28 0.126922
1650 462 245 28 28 0.537893
1650 469 7 28 28 1.005195
1650 469 224 28 28 1.141396
1650 306 114 24 24 0.032142
1680 0 48 64 64 0.714570
1680 256 32 64 64 0.829628
1680 272 32 64 64 3.366346
1680 288 32 64 64 2.605034
1680 352 32 64 64 1.195823
1680 352 0 44 44 0.911756
1680 352 11 44 44 0.751122
1680 363 0 44 44 0.822315
1680 363 11 44 44 2.162179
1680 385 0 44 44 1.443893
1680 144 112 32 32 0.388585
1680 272 112 32 32 2.569376
1680 280 112 32 32 0.054135
1680 384 128 32 32 0.379294
1680 154 112 28 28 6.686352
1680 154 119 28 28 4.334214
1680 154 133 28 28 0.654206
1680 231 98 28 28 0.911387
1680 231 112 28 28 1.394052
1680 231 119 28 28 0.584983
1680 238 98 28 28 2.700449
1680 238 112 28 28 3.018587
1680 238 119 28 28 3.745214
1680 238 126 28 28 0.549473
1680 245 119 28 28 0.005819
1680 350 119 28 28 1.615602
1680 357 119 28 28 1.385780
1680 455 0 28 28 1.483859
1710 272 16 64 64 0.519835
1710 288 0 64 64 4.975762
1710 288 16 64 64 4.926429
1710 363 0 44 44 0.558873
1710 136 24 32 32 2.592928
1710 392 0 32 32 1.011312
1710 392 8 32 32 0.369060
1710 400 112 32 32 5.398561
1710 408 112 32 32 2.105105
1710 112 98 28 28 5.536553
1710 119 98 28 28 8.925816
1710 119 112 28 28 4.601536
1710 126 98 28 28 7.332733
1710 126 112 28 28 6.955615
1710 126 119 28 28 3.018570
1710 154 98 28 28 3.512050
1710 224 98 28 28 3.048562
1710 224 112 28 28 4.142158
1710 224 119 28 28 1.772966
1710 231 98 28 28 3.732475
1710 231 112 28 28 5.132491
1710 231 119 28 28 1.873234
1710 238 112 28 28 2.097040
1710 336 98 28 28 1.208028
1710 357 112 28 28 1.885658
1710 132 96 24 24 6.139762
1710 132 102 24 24 6.963340
1710 132 108 24 24 8.983474
1710 132 114 24 24 5.990513
1710 144 108 24 24 1.285384
1710 144 114 24 24 0.641204
1710 384 12 24 24 1.384900
1740 32 0 64 64 3.438738
1740 48 0 64 64 3.008342
1740 288 0 64 64 1.632697
1740 192 36 48 48 2.327304
1740 264 36 48 48 0.837138
1740 192 36 48 48 2.327304
1740 264 36 48 48 0.837138
1740 264 33 44 44 1.131205
1740 8 112 32 32 0.223216
1740 8 136 32 32 1.307093
1740 384 112 32 32 0.107683
1740 384 128 32 32 3.540648
1740 384 136 32 32 0.959670
1740 14 112 28 28 1.961270
1740 14 119 28 28 2.382541
1740 14 133 28 28 0.359897
1740 126 98 28 28 1.289362
1740 224 98 28 28 1.008599
1740 231 98 28 28 4.480070
1740 231 112 28 28 1.656819
1740 238 98 28 28 3.648393
1740 238 112 28 28 0.590822
1740 245 98 28 28 3.600868
1740 462 112 28 28 1.328432
1740 462 119 28 28 3.104887
1740 462 126 28 28 2.248819
1740 462 133 28 28 2.951957
1740 469 112 28 28 1.711707
1740 469 119 28 28 3.104025
1740 469 126 28 28 0.988450
1740 469 133 28 28 2.823546
1740 96 96 24 24 3.349177
1740 102 96 24 24 3.808418
1740 102 102 24 24 2.421172
1740 108 96 24 24 0.173787
1740 108 102 24 24 0.506123
1740 294 114 24 24 1.566887
1740 390 114 24 24 3.524900
1740 396 108 24 24 0.180750
1740 396 114 24 24 5.095815
1770 48 0 64 64 1.905218
1770 288 0 64 64 1.337335
1770 352 0 64 64 4.383527
1770 352 16 64 64 3.461238
1770 352 32 64 64 0.860134
1770 0 24 48 48 2.686463
1770 0 36 48 48 2.908952
1770 12 24 48 48 1.683164
1770 12 36 48 48 3.708378
1770 24 36 48 48 1.543426
1770 36 24 48 48 1.205693
1770 36 36 48 48 2.860169
1770 384 36 48 48 2.166422
1770 0 24 48 48 2.686463
1770 0 36 48 48 2.908952
1770 12 24 48 48 1.683164
1770 12 36 48 48 3.708378
1770 24 36 48 48 1.543426
1770 36 24 48 48 1.205693
1770 36 36 48 48 2.860169
1770 384 36 48 48 2.166422
1770 0 33 44 44 0.499012
1770 11 33 44 44 2.769648
1770 408 112 32 32 2.975534
1770 112 98 28 28 0.847629
1770 154 98 28 28 1.657718
1770 224 98 28 28 0.591406
1770 224 112 28 28 1.223527
1770 350 98 28 28 3.066329
1770 357 98 28 28 2.575654
1770 462 0 28 28 0.453455
1770 469 0 28 28 0.148499
1770 402 102 24 24 0.447948
1770 480 6 24 24 2.047675
1800 32 0 64 64 0.935465
1800 48 0 64 64 2.514389
1800 48 16 64 64 1.273264
1800 272 0 64 64 2.305804
1800 288 0 64 64 2.005794
1800 288 16 64 64 0.020012
1800 352 0 64 64 2.498937
1800 0 24 48 48 0.334976
1800 0 36 48 48 1.185585
1800 12 36 48 48 0.625479
1800 24 36 48 48 1.866475
1800 36 36 48 48 2.371660
1800 288 12 48 48 0.825932
1800 420 36 48 48 0.543659
1800 0 24 48 48 0.334976
1800 0 36 48 48 1.185585
1800 12 36 48 48 0.625479
1800 24 36 48 48 1.866475
1800 36 36 48 48 2.371660
1800 288 12 48 48 0.825932
1800 420 36 48 48 0.543659
1800 11 33 44 44 1.771898
1800 22 33 44 44 0.161296
1800 33 33 44 44 1.817606
1800 352 33 44 44 0.362708
1800 363 33 44 44 1.175842
1800 374 33 44 44 0.603616
1800 112 98 28 28 1.763453
1800 154 98 28 28 0.410899
1800 336 119 28 28 0.573667
1800 462 98 28 28 0.812069
1800 469 98 28 28 2.181165
1800 108 102 24 24 1.966603
1800 192 84 24 24 1.285345
1800 288 84 24 24 1.303268
1800 288 96 24 24 2.196114
1800 288 102 24 24 2.990454
1800 390 84 24 24 3.115513
1800 396 84 24 24 3.041454
1800 402 84 24 24 0.354190
1800 480 108 24 24 0.039092
1830 0 0 64 64 0.680028
1830 0 16 64 64 0.849815
1830 16 0 64 64 0.348093
1830 16 16 64 64 0.072132
1830 32 0 64 64 1.211000
1830 48 0 64 64 0.359648
1830 256 0 64 64 3.064977
1830 272 0 64 64 0.247834
1830 0 24 48 48 0.425543
1830 0 36 48 48 1.498377
1830 12 36 48 48 0.609181
1830 24 36 48 48 0.188111
1830 36 24 48 48 3.023086
1830 36 36 48 48 0.979081
1830 264 24 48 48 0.252814
1830 0 24 48 48 0.425543
1830 0 36 48 48 1.498377
1830 12 36 48 48 0.609181
1830 24 36 48 48 0.188111
1830 36 24 48 48 3.023086
1830 36 36 48 48 0.979081
1830 264 24 48 48 0.252814
1830 0 98 28 28 2.909415
1830 7 98 28 28 1.083726
1830 112 112 28 28 2.253035
1830 119 112 28 28 2.922348
1830 126 98 28 28 0.793587
1830 126 112 28 28 2.936097
1830 6 102 24 24 2.119981
1830 6 108 24 24 2.901831
1830 6 114 24 24 0.282507
1830 12 102 24 24 1.461694
1830 12 108 24 24 3.340185
1830 18 108 24 24 1.547295
1830 96 108 24 24 0.041772
1830 102 114 24 24 2.465703
1830 108 114 24 24 2.936015
1830 132 108 24 24 1.967182
1830 132 114 24 24 5.970963
1830 144 114 24 24 1.174515
1830 288 96 24 24 5.137605
