30 288 36 48 48 0.291404
30 288 36 48 48 0.291404
30 168 112 28 28 2.742111
30 336 98 28 28 1.363129
30 343 98 28 28 3.729877
30 350 98 28 28 1.071173
60 336 98 28 28 0.616800
90 352 0 64 64 4.095901
90 384 24 48 48 5.136257
90 384 36 48 48 4.569685
90 396 24 48 48 4.707549
90 396 36 48 48 5.948613
90 408 24 48 48 0.525953
90 408 36 48 48 3.181302
90 384 24 48 48 5.136257
90 384 36 48 48 4.569685
90 396 24 48 48 4.707549
90 396 36 48 48 5.948613
90 408 24 48 48 0.525953
90 408 36 48 48 3.181302
90 385 33 44 44 0.022615
90 384 108 24 24 1.802677
90 384 114 24 24 2.436021
120 0 112 32 32 1.420570
120 7 119 28 28 0.759474
120 469 98 28 28 0.866835
120 396 108 24 24 0.099214
120 402 102 24 24 0.591737
120 402 108 24 24 0.899637
120 402 114 24 24 0.843744
120 480 108 24 24 0.819024
120 480 114 24 24 1.402305
120 492 114 24 24 0.157153
120 498 114 24 24 1.586433
150 448 98 28 28 4.607641
150 448 112 28 28 2.619681
150 455 98 28 28 2.565134
150 462 112 28 28 2.042803
150 469 112 28 28 2.334903
150 469 119 28 28 2.662441
180 192 24 48 48 0.587541
180 192 36 48 48 2.136007
180 192 24 48 48 0.587541
180 192 36 48 48 2.136007
180 7 98 28 28 1.362138
180 14 98 28 28 4.197259
180 21 98 28 28 4.185728
180 119 98 28 28 1.882092
180 126 98 28 28 2.971598
180 12 102 24 24 0.171987
180 18 102 24 24 3.191233
180 18 108 24 24 1.034280
180 18 114 24 24 0.094730
180 132 108 24 24 1.201435
180 480 114 24 24 5.213715
180 486 108 24 24 1.156441
180 486 114 24 24 4.867476
180 492 114 24 24 3.754308
210 136 112 32 32 0.984158
210 21 112 28 28 0.981468
210 402 18 24 24 1.092801
240 441 0 36 36 0.595868
240 450 0 36 36 1.505037
240 459 0 36 36 0.983590
240 112 112 28 28 3.806026
240 119 112 28 28 2.452471
240 154 112 28 28 0.498270
240 154 119 28 28 2.162441
270 144 112 32 32 0.864130
270 400 112 32 32 2.519066
270 112 112 28 28 1.495088
270 154 112 28 28 2.842510
270 154 119 28 28 2.475241
270 168 126 28 28 4.869135
270 168 133 28 28 4.462868
270 224 126 28 28 0.334497
270 448 126 28 28 1.944089
270 448 133 28 28 0.476855
270 455 119 28 28 0.920512
270 455 126 28 28 5.858062
270 455 133 28 28 4.068769
270 462 119 28 28 1.742485
270 462 126 28 28 6.446915
270 462 133 28 28 5.514983
270 469 126 28 28 4.191928
270 469 133 28 28 4.424469
300 0 36 48 48 1.370704
300 0 36 48 48 1.370704
300 392 144 32 32 0.614932
300 400 144 32 32 0.344422
300 408 152 32 32 1.131304
300 119 112 28 28 0.589370
300 126 112 28 28 6.676300
300 168 126 28 28 4.492637
300 168 133 28 28 4.707241
300 231 126 28 28 1.381972
330 0 0 64 64 0.422047
330 0 16 64 64 1.814110
330 16 16 64 64 3.034986
330 36 36 48 48 0.801942
330 36 36 48 48 0.801942
330 128 112 32 32 1.207942
330 336 133 28 28 0.118549
330 343 133 28 28 3.357377
330 350 126 28 28 0.070646
330 350 133 28 28 6.798514
330 357 133 28 28 2.911921
330 132 114 24 24 1.197362
330 480 114 24 24 2.843202
330 486 114 24 24 6.439677
330 492 114 24 24 7.198758
330 498 114 24 24 4.084428
360 220 140 40 40 2.123774
360 240 140 40 40 2.109728
360 198 126 36 36 3.136775
360 198 144 36 36 2.795820
360 216 126 36 36 2.035400
360 216 144 36 36 6.231351
360 216 153 36 36 1.367905
360 288 144 36 36 0.020527
360 288 153 36 36 0.487129
360 297 144 36 36 2.346182
360 306 144 36 36 1.342040
360 144 128 32 32 0.335846
360 176 128 32 32 0.188811
360 176 136 32 32 1.597869
360 176 144 32 32 5.141900
360 256 152 32 32 0.114106
360 264 152 32 32 1.648396
360 272 152 32 32 0.698753
360 280 152 32 32 0.366897
360 154 133 28 28 0.265974
390 144 144 36 36 0.208611
390 469 112 28 28 3.591872
390 469 119 28 28 1.022867
390 96 192 24 24 0.755275
390 102 192 24 24 0.211998
390 108 192 24 24 0.018471
390 480 114 24 24 4.097109
390 486 114 24 24 2.344896
390 498 114 24 24 1.536203
420 10 140 40 40 0.424516
420 20 140 40 40 1.416394
420 30 140 40 40 1.022935
420 18 144 36 36 2.093231
420 27 144 36 36 2.127334
420 27 153 36 36 1.430784
420 24 152 32 32 2.728054
420 126 119 28 28 0.671650
420 126 126 28 28 1.285731
450 126 112 28 28 1.361111
450 384 114 24 24 0.498749
450 480 114 24 24 1.954588
480 448 98 28 28 0.240308
480 144 102 24 24 0.803741
480 144 108 24 24 0.239813
480 300 102 24 24 0.368449
510 256 16 64 64 2.768969
510 272 16 64 64 1.683959
510 216 36 48 48 0.170396
510 288 36 48 48 1.299586
510 216 36 48 48 0.170396
510 288 36 48 48 1.299586
510 126 112 28 28 2.993333
510 126 119 28 28 2.172904
510 336 112 28 28 1.630354
510 336 119 28 28 3.292961
510 343 112 28 28 1.152187
510 343 119 28 28 3.512688
510 350 112 28 28 1.008727
510 357 112 28 28 3.076483
510 469 98 28 28 0.730417
510 144 108 24 24 0.095930
510 294 114 24 24 1.011537
510 300 114 24 24 3.175942
510 306 114 24 24 0.838964
510 486 114 24 24 0.593815
510 492 114 24 24 1.713326
510 498 114 24 24 0.891354
540 272 16 64 64 3.491431
540 288 16 64 64 4.107126
540 126 112 28 28 1.408403
540 336 119 28 28 6.350004
540 336 126 28 28 5.018054
540 343 119 28 28 6.753721
540 343 126 28 28 4.975794
540 350 119 28 28 5.303718
540 350 126 28 28 3.486972
540 357 119 28 28 2.097741
540 357 126 28 28 1.065306
540 288 114 24 24 1.842536
540 294 114 24 24 1.482372
540 492 114 24 24 1.752419
540 498 114 24 24 4.253485
570 288 16 64 64 3.048450
570 256 112 32 32 0.444153
570 264 112 32 32 1.168848
570 119 98 28 28 1.463610
570 119 112 28 28 3.302765
570 119 119 28 28 3.905097
570 336 119 28 28 1.382006
570 336 126 28 28 3.164659
570 336 133 28 28 1.262590
570 462 112 28 28 0.024213
570 469 112 28 28 0.244917
570 480 114 24 24 0.757187
600 256 128 32 32 0.113181
600 336 112 28 28 1.605330
600 336 119 28 28 3.812519
600 336 126 28 28 1.966815
600 343 112 28 28 0.927129
600 343 119 28 28 2.707098
600 18 102 24 24 1.152273
600 486 114 24 24 1.285284
630 168 224 28 28 0.940745
630 238 119 28 28 0.255988
630 245 112 28 28 1.014778
630 245 119 28 28 4.046355
630 336 112 28 28 0.592319
630 350 126 28 28 0.343279
630 350 133 28 28 6.102279
630 357 133 28 28 4.444632
630 12 102 24 24 1.383746
660 441 144 36 36 2.297481
660 441 153 36 36 2.194661
660 441 162 36 36 0.453224
660 450 144 36 36 0.483274
660 450 153 36 36 0.637361
660 459 153 36 36 0.254428
660 176 136 32 32 0.217762
660 112 126 28 28 0.165152
660 112 133 28 28 2.618413
660 119 133 28 28 0.214268
660 231 112 28 28 0.725567
660 357 119 28 28 0.826248
660 96 114 24 24 1.772641
690 352 16 64 64 1.022955
690 112 126 28 28 3.327360
690 112 133 28 28 3.756526
690 224 98 28 28 1.808761
690 224 112 28 28 5.054052
690 224 119 28 28 4.169859
690 231 112 28 28 1.748086
690 448 112 28 28 1.229815
690 448 119 28 28 1.565008
690 448 126 28 28 1.948137
690 96 108 24 24 0.678457
690 102 114 24 24 0.670360
690 402 114 24 24 2.470620
720 352 0 64 64 1.067028
720 408 36 48 48 0.551339
720 408 36 48 48 0.551339
720 238 119 28 28 3.297130
720 238 126 28 28 4.961416
720 245 98 28 28 2.867333
720 245 112 28 28 1.567599
720 245 119 28 28 4.396256
720 245 126 28 28 4.172508
720 448 112 28 28 2.783963
720 455 112 28 28 6.635744
720 462 112 28 28 9.698997
720 462 119 28 28 1.616917
720 469 112 28 28 7.005530
720 469 119 28 28 2.913592
750 245 119 28 28 1.735094
750 245 126 28 28 5.847271
750 245 133 28 28 0.700542
750 448 98 28 28 2.158428
750 448 112 28 28 3.815556
780 0 144 32 32 0.330071
780 256 112 32 32 3.223288
780 469 112 28 28 4.687918
780 480 114 24 24 4.710124
780 486 114 24 24 0.205742
810 0 136 32 32 1.677923
810 0 144 32 32 0.680662
810 128 128 32 32 1.468199
810 128 136 32 32 3.198353
810 128 144 32 32 1.951839
810 256 112 32 32 3.340493
810 264 112 32 32 2.822709
810 455 119 28 28 0.639140
840 18 126 36 36 1.034465
840 27 126 36 36 1.911200
840 24 128 32 32 1.985734
840 128 128 32 32 2.120517
840 128 136 32 32 3.301287
840 128 144 32 32 2.953257
840 136 136 32 32 0.195321
840 256 112 32 32 3.524263
840 112 133 28 28 0.390779
870 128 128 32 32 4.797653
870 128 136 32 32 4.013366
870 128 144 32 32 0.812403
870 136 128 32 32 2.848924
870 136 136 32 32 3.034554
870 136 144 32 32 0.458305
870 256 112 32 32 2.063638
870 112 133 28 28 0.123871
870 119 133 28 28 0.716201
900 128 128 32 32 4.541536
900 128 136 32 32 1.343100
900 136 128 32 32 0.863349
900 136 136 32 32 0.449087
900 256 112 32 32 1.086733
900 272 112 32 32 0.521678
900 154 133 28 28 0.442327
900 245 126 28 28 3.069037
930 128 128 32 32 4.165476
930 128 136 32 32 1.094326
930 136 128 32 32 0.067833
930 144 112 32 32 0.045006
930 119 133 28 28 1.744827
930 126 133 28 28 5.075076
930 245 112 28 28 1.082316
930 245 119 28 28 3.329181
930 245 126 28 28 1.148602
930 448 112 28 28 2.676190
930 448 119 28 28 3.265562
930 455 112 28 28 3.263784
930 455 119 28 28 4.734046
930 462 112 28 28 1.085970
930 462 119 28 28 3.772006
960 128 136 32 32 1.206181
960 112 133 28 28 2.613374
960 119 133 28 28 3.671033
960 126 133 28 28 2.179593
960 245 98 28 28 1.133015
960 245 112 28 28 1.260281
960 245 119 28 28 3.466016
960 245 126 28 28 3.769617
960 469 119 28 28 0.421729
960 486 114 24 24 2.230518
960 492 114 24 24 2.860651
960 498 114 24 24 0.197616
990 238 112 28 28 1.013269
990 238 119 28 28 2.571626
990 238 126 28 28 5.923582
990 238 133 28 28 3.775334
990 245 112 28 28 2.198897
990 245 119 28 28 3.210185
990 245 126 28 28 5.984956
990 245 133 28 28 4.031296
990 455 119 28 28 1.644075
990 462 119 28 28 2.244715
990 210 114 24 24 2.186455
990 306 114 24 24 0.124262
1020 264 112 32 32 2.206368
1020 238 112 28 28 0.925719
1020 238 119 28 28 1.587829
1020 238 126 28 28 4.419381
1020 238 133 28 28 2.840391
1020 245 112 28 28 3.590848
1020 245 119 28 28 3.964535
1020 245 126 28 28 5.994400
1020 245 133 28 28 4.428528
1020 455 112 28 28 0.006785
1020 455 119 28 28 1.262569
1020 462 119 28 28 0.223446
1020 469 119 28 28 1.510226
1020 210 114 24 24 2.930759
1050 224 112 28 28 3.088943
1050 224 119 28 28 5.693542
1050 224 126 28 28 5.517931
1050 224 133 28 28 2.162470
1050 231 112 28 28 2.582278
1050 231 119 28 28 5.082000
1050 231 126 28 28 6.521786
1050 231 133 28 28 1.750452
1050 238 112 28 28 1.164785
1050 238 119 28 28 3.723939
1050 238 126 28 28 4.255424
1050 245 119 28 28 1.624989
1050 245 126 28 28 3.770048
1050 12 84 24 24 1.353268
1080 0 32 64 64 0.134703
1080 0 48 64 64 2.113186
1080 16 48 64 64 0.760431
1080 18 126 36 36 0.237987
1080 144 126 36 36 0.448919
1080 153 126 36 36 0.998686
1080 16 136 32 32 0.324369
1080 24 136 32 32 1.400643
1080 256 112 32 32 4.869071
1080 224 119 28 28 0.721399
1080 238 119 28 28 2.259469
1110 0 48 64 64 3.153241
1110 0 126 36 36 3.860547
1110 9 126 36 36 1.488993
1110 144 144 36 36 2.607464
1110 0 128 32 32 0.048192
1110 0 136 32 32 4.494146
1110 0 144 32 32 0.878159
1110 8 136 32 32 4.055288
1110 16 136 32 32 3.681618
1110 24 136 32 32 0.160704
1110 128 136 32 32 0.228405
1110 136 144 32 32 0.946326
1110 136 152 32 32 2.974267
1110 144 144 32 32 0.024231
1110 144 152 32 32 4.390734
1110 192 108 24 24 0.515649
1110 192 114 24 24 4.560664
1110 198 114 24 24 3.965254
1110 204 114 24 24 1.374405
1110 384 114 24 24 1.477889
1140 10 140 40 40 3.426773
1140 20 140 40 40 2.799475
1140 30 140 40 40 3.082388
1140 9 144 36 36 0.039292
1140 18 144 36 36 1.724245
1140 18 153 36 36 2.988290
1140 27 144 36 36 1.602131
1140 27 153 36 36 2.109926
1140 128 152 32 32 2.975407
1140 168 126 28 28 0.011173
1140 396 114 24 24 1.266992
1140 402 114 24 24 0.163684
1170 0 140 40 40 0.752200
1170 0 144 36 36 2.254219
1170 0 153 36 36 1.606638
1170 9 144 36 36 1.778992
1170 9 153 36 36 0.983923
1170 18 144 36 36 1.875157
1170 8 152 32 32 0.835498
1170 16 144 32 32 0.379204
1170 16 152 32 32 1.685582
1170 24 144 32 32 0.510818
1170 24 152 32 32 0.981912
1170 154 119 28 28 0.378427
1170 154 126 28 28 3.722874
1170 154 133 28 28 1.772968
1200 0 152 32 32 2.378791
1200 154 126 28 28 3.022551
1200 154 133 28 28 0.466903
1200 168 112 28 28 2.489653
1200 168 119 28 28 0.316667
1200 168 126 28 28 0.606416
1230 9 126 36 36 3.234042
1230 18 126 36 36 4.416628
1230 27 126 36 36 3.171694
1230 8 144 32 32 0.933358
1230 16 144 32 32 3.765808
1230 24 136 32 32 3.416882
1230 24 144 32 32 4.304914
1230 24 152 32 32 1.387960
1230 112 133 28 28 0.408109
1230 154 112 28 28 0.862156
1230 168 112 28 28 0.320797
1230 168 126 28 28 0.697923
1230 224 126 28 28 0.988852
1230 455 0 28 28 0.097037
1230 12 12 24 24 1.392014
1230 12 18 24 24 2.296642
1230 18 12 24 24 0.009162
1230 18 18 24 24 3.368721
1230 96 12 24 24 1.161307
1230 132 6 24 24 3.521097
1230 132 12 24 24 2.444972
1230 144 6 24 24 4.495121
1230 204 114 24 24 0.076821
1230 210 114 24 24 1.041360
1230 402 0 24 24 1.560875
1230 402 6 24 24 2.738395
1230 486 6 24 24 2.188980
1230 492 0 24 24 2.559984
1230 492 6 24 24 5.595719
1230 492 12 24 24 0.666263
1230 498 12 24 24 0.039754
1260 0 126 36 36 3.165442
1260 9 126 36 36 3.985215
1260 0 136 32 32 2.540111
1260 0 144 32 32 2.686037
1260 0 152 32 32 0.214820
1260 8 136 32 32 2.735468
1260 8 144 32 32 0.138757
1260 16 136 32 32 0.836158
1260 154 112 28 28 0.816507
1260 154 119 28 28 2.209930
1260 154 126 28 28 2.077757
1260 448 112 28 28 0.969487
1290 0 16 64 64 3.406018
1290 0 32 64 64 4.225981
1290 16 16 64 64 3.512410
1290 16 32 64 64 5.258138
1290 32 16 64 64 1.132738
1290 32 32 64 64 1.926414
1290 144 112 32 32 1.931921
1290 154 98 28 28 2.185929
1290 154 112 28 28 0.469749
1290 154 119 28 28 2.948411
1290 154 126 28 28 0.999636
1290 469 112 28 28 4.734199
1290 480 108 24 24 2.127854
1290 480 114 24 24 7.208362
1290 486 114 24 24 4.734594
1290 498 114 24 24 0.146855
1320 0 0 64 64 1.048310
1320 0 36 48 48 1.748811
1320 12 36 48 48 1.151095
1320 0 36 48 48 1.748811
1320 12 36 48 48 1.151095
1320 176 33 44 44 0.723454
1320 24 112 32 32 0.113797
1320 144 84 24 24 1.183939
1320 144 114 24 24 1.086427
1320 480 102 24 24 3.811353
1320 480 108 24 24 6.567304
1320 486 96 24 24 1.487226
1320 486 102 24 24 5.519641
1320 486 108 24 24 5.517450
1320 492 102 24 24 3.219604
1320 492 108 24 24 0.319294
1350 10 10 40 40 0.106861
1350 14 112 28 28 0.644057
1350 21 112 28 28 2.891288
1350 112 98 28 28 2.014542
1350 119 98 28 28 4.458500
1350 126 98 28 28 2.351308
1350 0 114 24 24 1.955919
1350 132 84 24 24 5.780947
1350 144 96 24 24 1.569479
1350 144 102 24 24 0.678236
1350 192 96 24 24 0.380133
1350 192 102 24 24 0.851837
1350 192 108 24 24 0.431740
1350 384 84 24 24 0.001267
1350 384 96 24 24 2.176217
1350 492 108 24 24 1.798450
1350 498 108 24 24 1.304626
1380 0 126 28 28 0.396686
1380 0 133 28 28 2.969499
1380 7 133 28 28 0.634121
1380 14 133 28 28 0.168113
1380 112 98 28 28 0.753316
1380 112 112 28 28 2.065911
1380 119 98 28 28 0.354187
1380 119 112 28 28 0.026181
1380 154 98 28 28 0.763304
1380 168 98 28 28 0.518467
1380 469 98 28 28 0.505408
1380 102 96 24 24 2.298798
1380 102 102 24 24 0.999992
1380 108 96 24 24 0.217485
1380 108 102 24 24 3.282095
1380 132 108 24 24 0.692991
1380 132 114 24 24 3.724384
1380 384 108 24 24 2.594251
1380 390 108 24 24 3.374261
1380 390 114 24 24 0.418392
1380 480 108 24 24 1.029634
1380 486 108 24 24 3.488782
1380 492 108 24 24 2.174311
1410 112 112 28 28 0.601770
1410 112 126 28 28 0.801773
1410 119 112 28 28 2.752779
1410 119 119 28 28 0.768581
1410 126 112 28 28 1.259604
1410 154 112 28 28 0.700147
1410 168 112 28 28 2.115051
1410 108 114 24 24 2.228091
1410 132 114 24 24 1.707231
1440 112 98 28 28 1.400537
1440 112 126 28 28 1.798542
1440 119 112 28 28 1.545697
1440 119 119 28 28 0.536826
1440 126 112 28 28 0.781211
1440 154 98 28 28 0.868356
1440 154 112 28 28 0.585901
1440 168 112 28 28 1.692233
1440 462 126 28 28 3.632736
1440 462 133 28 28 3.083486
1440 469 119 28 28 0.355939
1440 469 126 28 28 2.267761
1440 469 133 28 28 0.749199
1440 108 108 24 24 1.050264
1440 108 114 24 24 0.540044
1440 144 114 24 24 0.637275
1470 16 128 32 32 2.539944
1470 16 136 32 32 1.168996
1470 24 128 32 32 0.813778
1470 24 136 32 32 0.739085
1470 112 112 28 28 1.023753
1470 112 126 28 28 3.321090
1470 119 112 28 28 1.151189
1470 119 119 28 28 1.140404
1470 119 126 28 28 0.705488
1470 154 98 28 28 1.245466
1470 154 112 28 28 1.005801
1470 108 102 24 24 0.831194
1470 108 108 24 24 1.217577
1470 108 114 24 24 2.385562
1470 132 114 24 24 0.569867
1470 144 108 24 24 0.509438
1470 144 114 24 24 1.442116
1470 498 114 24 24 1.074329
1500 8 136 32 32 1.998138
1500 8 144 32 32 1.565159
1500 16 136 32 32 1.626266
1500 16 144 32 32 2.435894
1500 112 112 28 28 0.641823
1500 112 126 28 28 0.087126
1500 119 112 28 28 1.452329
1500 119 119 28 28 0.558607
1500 126 112 28 28 1.126603
1500 126 119 28 28 0.728251
1500 154 98 28 28 0.203741
1500 154 112 28 28 1.525000
1500 168 112 28 28 0.239583
1500 168 119 28 28 2.336503
1500 168 126 28 28 0.457706
1500 132 114 24 24 3.914637
1530 0 152 32 32 1.370258
1530 8 152 32 32 0.928192
1530 112 126 28 28 1.528799
1530 119 112 28 28 1.845712
1530 119 119 28 28 0.072754
1530 126 112 28 28 1.087337
1530 126 119 28 28 1.658959
1530 126 126 28 28 0.454218
1530 154 112 28 28 0.741182
1530 168 119 28 28 1.032610
1530 168 126 28 28 0.599788
1530 132 114 24 24 0.793200
1560 0 144 32 32 1.881234
1560 0 152 32 32 0.454670
1560 8 144 32 32 0.284601
1560 16 144 32 32 0.298946
1560 112 98 28 28 3.354302
1560 112 112 28 28 1.036213
1560 112 126 28 28 0.964154
1560 119 98 28 28 2.704061
1560 119 112 28 28 2.937524
1560 119 119 28 28 0.878609
1560 126 98 28 28 1.181842
1560 126 112 28 28 1.889740
1560 126 119 28 28 2.101234
1560 154 98 28 28 1.261265
1560 168 119 28 28 0.101262
1560 132 114 24 24 1.930451
1590 112 98 28 28 0.101186
1590 112 112 28 28 1.835607
1590 154 112 28 28 0.396079
1590 448 112 28 28 7.310694
1590 448 119 28 28 4.490901
1590 455 112 28 28 2.901948
1590 455 119 28 28 1.388016
1590 462 119 28 28 1.548246
1590 469 119 28 28 2.468242
1590 96 102 24 24 1.715692
1590 96 108 24 24 0.265592
1590 102 102 24 24 2.758780
1590 102 108 24 24 4.164584
1590 108 102 24 24 3.299473
1590 108 108 24 24 3.200979
1590 108 114 24 24 0.124671
1590 144 96 24 24 1.230730
1590 144 102 24 24 2.860141
1620 128 112 32 32 0.756192
1620 18 102 24 24 0.888542
1620 102 114 24 24 0.470317
1620 144 114 24 24 0.268768
1650 16 16 64 64 0.004568
1650 8 112 32 32 3.420429
1650 16 112 32 32 4.138695
1650 24 112 32 32 3.730059
1650 24 128 32 32 1.068449
1650 14 112 28 28 1.207294
1650 21 98 28 28 1.740598
1650 21 112 28 28 1.553231
1650 21 126 28 28 1.200833
1680 392 16 32 32 1.835348
1680 462 112 28 28 0.501548
1680 96 96 24 24 3.133919
1680 96 102 24 24 1.838546
1680 102 84 24 24 0.030045
1680 102 96 24 24 2.145999
1680 102 102 24 24 2.346564
1680 492 114 24 24 1.757207
1680 498 114 24 24 4.015144
1710 0 0 64 64 0.306937
1710 24 36 48 48 1.483873
1710 36 36 48 48 2.899343
1710 24 36 48 48 1.483873
1710 36 36 48 48 2.899343
1710 400 8 32 32 0.160874
1710 400 16 32 32 0.348808
1710 400 24 32 32 0.252089
1710 0 126 28 28 0.235169
1710 455 119 28 28 1.026610
1740 24 112 32 32 3.982087
1740 448 119 28 28 0.356921
1740 455 126 28 28 3.573429
1740 455 133 28 28 2.062984
1740 462 126 28 28 4.192973
1740 462 133 28 28 4.100491
1740 469 119 28 28 0.771321
1740 469 126 28 28 3.081527
1740 469 133 28 28 2.370840
1770 0 24 48 48 2.881732
1770 0 24 48 48 2.881732
1770 0 33 44 44 2.405177
1770 11 33 44 44 2.881917
1770 0 112 32 32 3.360517
1770 8 112 32 32 2.442360
1770 16 112 32 32 1.644504
1770 7 98 28 28 1.278325
1770 14 98 28 28 0.771554
1770 14 133 28 28 1.645782
1770 21 126 28 28 1.715325
1770 21 133 28 28 0.989162
1770 469 119 28 28 1.630603
1770 12 102 24 24 0.619060
1770 18 114 24 24 0.709864
1800 0 27 36 36 2.100731
1830 459 144 36 36 0.149562
1830 392 128 32 32 4.007208
1830 392 136 32 32 1.658863
1830 400 128 32 32 2.640019
1830 400 136 32 32 0.547555
