30 448 126 28 28 4.551751
30 448 133 28 28 2.980153
30 455 126 28 28 4.742449
30 455 133 28 28 6.112051
30 462 126 28 28 1.801214
30 462 133 28 28 4.308551
30 469 133 28 28 1.056808
60 112 133 28 28 3.379674
60 168 133 28 28 2.405482
60 238 126 28 28 0.843594
60 238 133 28 28 2.082923
60 448 126 28 28 0.951315
60 448 133 28 28 0.200109
60 455 126 28 28 3.693215
60 455 133 28 28 2.016370
60 462 126 28 28 0.837394
60 300 114 24 24 1.718238
60 306 114 24 24 1.590169
90 112 119 28 28 1.749857
90 119 119 28 28 0.060766
90 168 119 28 28 0.391236
90 238 112 28 28 2.168933
90 462 112 28 28 0.409745
90 462 119 28 28 3.686010
90 469 112 28 28 1.807658
90 469 119 28 28 5.935449
90 210 96 24 24 2.545541
90 300 102 24 24 0.270197
120 176 112 32 32 0.756617
120 119 133 28 28 0.422612
120 126 133 28 28 1.477393
120 448 119 28 28 2.666001
120 448 126 28 28 3.614760
120 455 119 28 28 0.815512
120 455 126 28 28 3.630910
120 462 119 28 28 1.415541
120 462 126 28 28 0.591054
120 210 108 24 24 0.246761
150 469 126 28 28 0.371538
180 136 128 32 32 1.181561
180 14 112 28 28 2.629705
180 448 112 28 28 2.271634
180 448 119 28 28 0.816360
180 455 112 28 28 1.853014
180 455 119 28 28 0.291409
180 455 133 28 28 0.587898
180 462 133 28 28 1.166136
180 18 96 24 24 3.931828
180 18 102 24 24 0.751272
180 18 108 24 24 0.285620
180 18 114 24 24 2.625004
210 144 128 32 32 1.972556
210 12 84 24 24 1.039778
240 126 112 28 28 0.307765
240 154 119 28 28 0.797147
240 168 119 28 28 0.005879
240 455 119 28 28 2.040468
240 462 112 28 28 0.632098
240 462 119 28 28 3.334933
240 469 112 28 28 2.469556
240 469 119 28 28 5.010867
270 16 0 64 64 0.433486
270 16 16 64 64 1.871236
270 32 0 64 64 1.080003
270 462 119 28 28 0.983343
270 469 119 28 28 0.502617
270 198 108 24 24 1.486432
300 0 16 64 64 0.995767
300 272 128 32 32 0.344108
300 154 112 28 28 0.612994
300 462 119 28 28 0.091897
330 168 112 28 28 2.975332
330 168 119 28 28 0.342971
330 238 98 28 28 0.357774
330 0 6 24 24 0.586071
330 6 0 24 24 0.703687
330 6 6 24 24 2.320708
330 192 0 24 24 0.077043
330 384 0 24 24 1.292208
360 0 22 44 44 4.017207
360 0 33 44 44 4.996894
360 10 30 40 40 0.755093
360 392 24 32 32 0.264563
360 168 112 28 28 1.182955
360 238 98 28 28 3.112477
360 245 98 28 28 2.104574
360 204 96 24 24 0.000183
360 204 102 24 24 0.387246
390 0 30 40 40 1.455459
390 392 8 32 32 0.684763
390 392 16 32 32 1.803824
390 154 98 28 28 2.743397
420 16 280 32 32 0.627312
420 24 280 32 32 0.622221
420 128 280 32 32 1.101551
420 136 280 32 32 1.063313
420 144 280 32 32 1.127485
420 176 280 32 32 0.879441
420 192 280 32 32 0.370751
420 384 280 32 32 0.147096
420 0 300 24 24 0.137579
420 6 192 24 24 0.307496
420 96 300 24 24 1.171124
420 96 306 24 24 0.202311
420 102 300 24 24 1.417526
420 102 306 24 24 0.389460
420 108 96 24 24 3.804121
420 108 300 24 24 1.506498
420 108 306 24 24 0.472288
420 132 300 24 24 1.831361
420 132 306 24 24 1.169106
420 144 300 24 24 1.876656
420 144 306 24 24 1.510098
420 192 300 24 24 0.754577
420 192 306 24 24 1.605751
420 198 300 24 24 0.753626
420 198 306 24 24 1.701790
420 204 300 24 24 0.271805
420 204 306 24 24 1.399399
420 210 306 24 24 1.101223
420 288 306 24 24 1.198341
420 294 306 24 24 1.384586
420 300 306 24 24 1.700819
420 306 114 24 24 1.570775
420 306 306 24 24 1.622175
420 384 300 24 24 0.131110
420 384 306 24 24 1.351049
420 390 300 24 24 0.159979
420 390 306 24 24 1.388902
420 396 300 24 24 0.406688
420 396 306 24 24 1.262093
420 402 300 24 24 0.354191
420 402 306 24 24 1.424505
420 480 288 24 24 0.179083
450 27 144 36 36 0.873156
450 469 112 28 28 2.302945
450 469 119 28 28 4.231426
450 0 198 24 24 1.498186
450 0 204 24 24 3.041142
450 0 210 24 24 2.899283
450 6 192 24 24 0.005033
450 6 198 24 24 2.323864
450 6 204 24 24 3.715850
450 6 210 24 24 2.349151
450 12 192 24 24 0.152578
450 12 198 24 24 3.243647
450 12 204 24 24 3.366965
450 96 108 24 24 2.736116
450 144 102 24 24 0.271866
450 192 102 24 24 0.797829
450 480 114 24 24 1.240618
480 10 160 40 40 1.397796
480 30 140 40 40 0.403590
480 18 153 36 36 2.346246
480 18 162 36 36 2.979775
480 18 171 36 36 0.455352
480 27 153 36 36 2.732689
480 27 162 36 36 1.675792
480 448 112 28 28 1.705800
480 448 119 28 28 0.304168
480 455 112 28 28 1.768262
480 455 119 28 28 2.256372
480 462 119 28 28 3.530957
480 462 126 28 28 2.547035
480 469 112 28 28 2.745388
480 469 119 28 28 4.180899
480 469 126 28 28 1.620921
480 469 133 28 28 2.046609
480 198 96 24 24 1.370576
480 204 96 24 24 0.640838
480 210 96 24 24 1.781994
480 210 102 24 24 3.336538
480 210 108 24 24 0.299978
510 238 98 28 28 0.075728
510 469 119 28 28 1.358542
510 469 126 28 28 0.042133
540 297 126 36 36 0.081321
540 384 128 32 32 0.092709
540 245 98 28 28 0.005177
540 462 112 28 28 2.660868
540 462 119 28 28 0.992735
540 469 112 28 28 0.490550
540 469 119 28 28 0.739744
540 192 108 24 24 1.726375
540 192 114 24 24 0.084931
570 136 128 32 32 0.796557
570 144 128 32 32 0.675164
570 168 133 28 28 0.475183
570 204 96 24 24 1.263822
600 128 128 32 32 1.650766
600 128 136 32 32 0.917105
630 0 198 44 44 1.387617
630 136 128 32 32 1.074362
630 136 136 32 32 0.218044
630 7 119 28 28 3.102343
630 14 238 28 28 0.277267
630 14 245 28 28 0.055306
630 21 231 28 28 2.936971
630 21 238 28 28 4.186369
630 21 245 28 28 3.855808
630 343 98 28 28 0.548328
630 350 98 28 28 0.032165
660 224 98 28 28 0.108357
660 231 98 28 28 1.138104
660 238 98 28 28 1.716104
660 245 98 28 28 1.183203
660 108 198 24 24 1.696839
660 108 204 24 24 3.128040
660 108 210 24 24 1.203659
690 128 128 32 32 0.907139
690 136 128 32 32 1.665062
690 119 133 28 28 0.725996
690 126 98 28 28 2.029953
690 231 98 28 28 1.705143
690 238 98 28 28 1.114795
690 448 119 28 28 3.137401
690 108 198 24 24 0.167504
690 132 96 24 24 0.880274
690 132 102 24 24 2.772824
690 132 108 24 24 1.309990
720 224 98 28 28 1.584090
720 231 98 28 28 2.520504
720 462 119 28 28 1.601923
720 462 126 28 28 0.128020
720 469 119 28 28 2.422943
720 469 126 28 28 1.873904
720 96 198 24 24 4.151875
720 96 204 24 24 4.203642
720 96 210 24 24 0.121246
750 224 98 28 28 1.083828
750 96 192 24 24 3.241763
750 96 198 24 24 3.472715
750 102 192 24 24 0.776957
780 32 16 64 64 0.125048
780 32 48 64 64 0.202157
780 119 126 28 28 1.102688
780 126 126 28 28 1.017937
780 224 98 28 28 2.624612
780 231 98 28 28 3.597184
780 238 98 28 28 0.984029
780 462 119 28 28 0.436160
780 0 198 24 24 0.453914
780 6 198 24 24 1.795646
780 96 114 24 24 0.269929
780 96 192 24 24 3.410857
780 102 114 24 24 0.832300
780 102 192 24 24 3.025358
780 108 114 24 24 0.226737
810 176 0 44 44 4.127022
810 176 11 44 44 0.218720
810 180 10 40 40 1.264166
810 231 98 28 28 3.197541
810 238 98 28 28 1.871281
810 18 198 24 24 0.000420
810 108 192 24 24 0.116006
810 210 96 24 24 0.519947
840 10 140 40 40 0.760440
840 18 144 36 36 3.305963
840 27 144 36 36 0.333360
840 0 112 32 32 1.771598
840 8 112 32 32 2.166320
840 16 112 32 32 1.385810
840 24 112 32 32 2.288208
840 24 152 32 32 2.527458
840 136 136 32 32 0.124538
840 136 144 32 32 1.164590
840 144 144 32 32 2.119990
840 0 119 28 28 2.804764
840 0 126 28 28 4.903332
840 0 133 28 28 3.152190
840 7 119 28 28 3.310662
840 7 126 28 28 3.001355
840 238 98 28 28 3.326984
840 245 98 28 28 0.930512
870 144 126 36 36 0.967524
870 153 126 36 36 0.132100
870 144 136 32 32 3.574909
870 144 144 32 32 0.765346
870 0 112 28 28 1.721307
870 448 126 28 28 2.232975
870 448 133 28 28 0.673302
870 455 126 28 28 4.027947
870 455 133 28 28 1.908709
870 132 84 24 24 0.287788
900 0 32 64 64 1.001095
900 0 48 64 64 3.494381
900 16 48 64 64 1.047577
900 0 112 32 32 2.992244
900 0 136 32 32 0.614924
900 0 144 32 32 0.724319
900 8 136 32 32 1.025837
900 8 144 32 32 2.750789
900 7 126 28 28 2.707087
900 7 133 28 28 1.565176
900 14 126 28 28 0.892966
900 12 102 24 24 0.182164
930 0 32 64 64 0.694995
930 16 32 64 64 2.382671
930 16 48 64 64 1.065065
930 32 48 64 64 2.595019
930 0 136 32 32 1.034244
930 455 119 28 28 0.500572
930 462 119 28 28 0.718204
960 0 16 64 64 1.018847
960 0 32 64 64 2.008317
960 16 32 64 64 3.098807
960 16 48 64 64 0.092318
960 32 48 64 64 0.149429
960 245 112 28 28 1.722991
990 0 32 64 64 2.179698
990 16 32 64 64 4.227329
990 32 32 64 64 1.439277
990 400 8 32 32 0.090369
990 336 112 28 28 0.712273
990 336 126 28 28 0.730641
990 343 112 28 28 2.305106
990 343 119 28 28 0.435653
990 350 112 28 28 1.217802
990 448 126 28 28 3.606340
990 455 126 28 28 1.272668
990 300 114 24 24 1.905948
1020 16 112 32 32 0.126116
1020 176 136 32 32 0.244178
1020 400 136 32 32 0.491766
1020 21 126 28 28 0.814188
1020 336 112 28 28 0.639348
1020 350 119 28 28 0.203561
1020 357 119 28 28 0.814157
1020 357 126 28 28 1.058004
1020 357 133 28 28 0.270816
1020 294 108 24 24 0.325035
1020 306 108 24 24 1.183274
1050 432 153 36 36 1.491877
1050 432 162 36 36 5.767809
1050 432 171 36 36 0.598609
1050 441 162 36 36 2.464532
1050 441 171 36 36 1.231527
1050 450 171 36 36 1.300481
1050 459 144 36 36 1.624018
1050 459 153 36 36 1.481162
1050 459 162 36 36 0.949739
1050 459 171 36 36 0.523908
1050 384 112 32 32 2.752839
1050 384 128 32 32 4.005168
1050 392 112 32 32 0.775840
1050 392 128 32 32 4.074818
1050 392 136 32 32 1.448132
1050 400 112 32 32 2.119589
1050 400 128 32 32 4.374287
1050 400 136 32 32 2.053106
1050 408 112 32 32 0.797839
1050 408 128 32 32 3.841114
1050 408 136 32 32 3.021873
1050 408 144 32 32 2.113621
1050 350 112 28 28 1.903882
1050 350 119 28 28 2.235322
1050 357 112 28 28 0.255181
1050 357 119 28 28 1.425812
1050 306 102 24 24 2.850580
1050 306 108 24 24 2.325254
1080 352 32 64 64 0.752923
1080 352 48 64 64 3.510304
1080 9 126 36 36 0.295821
1080 441 144 36 36 0.649658
1080 450 144 36 36 5.232197
1080 450 153 36 36 1.708067
1080 459 144 36 36 0.703555
1080 459 153 36 36 0.739541
1080 128 112 32 32 1.741359
1080 136 112 32 32 1.060261
1080 392 128 32 32 2.844868
1080 392 136 32 32 8.964515
1080 392 144 32 32 4.550214
1080 400 128 32 32 5.242162
1080 400 136 32 32 14.757430
1080 400 144 32 32 11.331466
1080 400 152 32 32 1.179466
1080 408 128 32 32 2.635095
1080 408 136 32 32 10.465341
1080 408 144 32 32 7.259548
1080 408 152 32 32 0.213537
1080 245 112 28 28 1.667183
1080 245 119 28 28 1.070787
1080 245 126 28 28 1.317549
1080 357 126 28 28 1.905269
1110 432 126 36 36 0.585375
1110 450 171 36 36 1.412923
1110 459 171 36 36 7.349177
1110 408 136 32 32 0.676478
1110 126 126 28 28 2.139575
1110 126 133 28 28 0.651933
1110 231 126 28 28 0.680310
1110 343 126 28 28 0.806838
1110 343 133 28 28 1.895228
1110 350 126 28 28 1.184031
1110 350 133 28 28 4.008449
1110 357 133 28 28 0.935419
1110 480 210 24 24 8.838428
1110 486 210 24 24 1.459160
1110 492 210 24 24 5.550298
1110 498 210 24 24 4.507689
1140 128 112 32 32 1.837141
1140 136 112 32 32 0.268942
1140 136 128 32 32 0.822326
1140 384 128 32 32 1.444888
1140 384 136 32 32 3.175535
1140 384 144 32 32 0.504787
1140 392 144 32 32 1.284106
1140 392 152 32 32 0.131961
1140 126 126 28 28 0.504159
1140 231 126 28 28 1.642052
1140 231 133 28 28 3.408973
1140 238 133 28 28 0.836721
1140 96 114 24 24 1.156186
1140 102 114 24 24 0.733464
1170 432 144 36 36 0.959960
1170 432 153 36 36 1.321297
1170 432 162 36 36 0.682566
1170 441 144 36 36 0.353875
1170 441 153 36 36 0.690403
1170 441 162 36 36 1.366577
1170 441 171 36 36 0.152832
1170 450 144 36 36 3.173565
1170 450 153 36 36 2.539346
1170 450 162 36 36 3.620424
1170 450 171 36 36 2.485574
1170 459 153 36 36 0.225551
1170 459 162 36 36 2.496545
1170 459 171 36 36 3.093036
1170 136 112 32 32 1.899069
1170 144 112 32 32 3.504950
1170 192 112 32 32 5.495082
1170 154 119 28 28 2.078101
1170 154 126 28 28 3.142457
1170 154 133 28 28 0.794761
1170 231 133 28 28 0.405561
1170 357 119 28 28 0.371613
1170 357 126 28 28 2.183318
1170 384 108 24 24 0.619330
1170 480 192 24 24 2.584541
1170 480 198 24 24 1.881210
1170 486 192 24 24 0.516042
1170 486 198 24 24 3.082976
1170 486 204 24 24 0.430327
1170 492 198 24 24 2.917185
1170 492 204 24 24 2.994266
1170 498 198 24 24 0.636207
1170 498 204 24 24 3.633906
1200 128 112 32 32 2.989790
1200 136 112 32 32 2.503155
1200 144 112 32 32 0.144459
1200 126 119 28 28 2.830335
1200 154 126 28 28 1.378130
1230 352 32 64 64 0.648179
1230 384 136 32 32 3.317054
1230 384 144 32 32 3.718446
1230 392 136 32 32 2.538362
1230 392 144 32 32 6.013221
1230 392 152 32 32 3.555921
1230 400 144 32 32 4.695330
1230 400 152 32 32 3.063259
1230 408 144 32 32 0.361527
1230 408 152 32 32 2.805401
1230 154 126 28 28 0.496337
1230 154 133 28 28 3.089757
1260 352 48 64 64 1.613411
1260 432 153 36 36 1.355382
1260 432 162 36 36 4.236812
1260 441 153 36 36 2.690945
1260 441 162 36 36 3.966263
1260 441 171 36 36 4.139538
1260 450 144 36 36 0.342326
1260 450 153 36 36 3.823037
1260 450 162 36 36 5.455019
1260 450 171 36 36 2.908755
1260 459 153 36 36 3.413042
1260 459 162 36 36 1.639923
1260 459 171 36 36 1.012173
1260 136 128 32 32 0.215073
1260 408 112 32 32 1.540871
1290 352 32 64 64 2.161336
1290 16 112 32 32 1.788211
1290 24 112 32 32 0.344462
1290 176 112 32 32 0.411052
1290 176 144 32 32 0.357600
1290 7 21 28 28 0.553597
1290 126 126 28 28 0.771466
1290 126 133 28 28 2.691946
1290 231 21 28 28 0.818164
1290 238 21 28 28 0.886105
1290 448 112 28 28 1.450988
1290 455 112 28 28 0.640138
1290 480 192 24 24 1.126786
1320 256 32 64 64 1.177256
1320 144 144 36 36 0.015098
1320 144 153 36 36 0.629183
1320 128 112 32 32 1.780516
1320 126 119 28 28 2.250516
1320 231 7 28 28 1.765564
1320 231 14 28 28 2.938523
1320 238 14 28 28 3.059079
1320 245 14 28 28 1.850477
1320 0 18 24 24 3.629657
1320 6 18 24 24 3.594747
1320 12 18 24 24 2.469418
1320 18 18 24 24 2.150991
1320 96 18 24 24 3.564569
1320 102 18 24 24 0.515242
1320 210 18 24 24 0.708808
1350 160 10 40 40 3.582499
1350 160 20 40 40 3.097443
1350 170 10 40 40 1.289534
1350 170 20 40 40 0.861225
1350 144 27 36 36 1.617735
1350 153 27 36 36 3.783348
1350 162 18 36 36 1.452594
1350 162 27 36 36 6.063751
1350 315 126 36 36 1.294878
1350 128 128 32 32 4.587199
1350 136 128 32 32 3.483014
1350 136 136 32 32 1.505668
1350 256 128 32 32 3.243733
1350 256 136 32 32 2.181543
1350 280 144 32 32 0.238514
1350 0 7 28 28 1.193815
1350 7 98 28 28 0.493268
1350 14 0 28 28 1.238203
1350 21 0 28 28 1.624772
1350 126 0 28 28 0.581911
1350 224 0 28 28 0.997185
1350 224 7 28 28 0.619671
1350 231 0 28 28 2.947360
1350 231 7 28 28 1.643045
1350 238 0 28 28 2.429262
1350 245 0 28 28 0.343849
1350 336 126 28 28 0.945055
1350 336 133 28 28 2.559808
1350 0 12 24 24 0.582470
1350 18 12 24 24 1.425584
1350 96 6 24 24 1.167661
1350 96 12 24 24 2.349013
1350 102 6 24 24 1.855499
1350 132 6 24 24 0.712784
1350 144 6 24 24 1.497225
1350 204 6 24 24 2.017380
1350 210 0 24 24 0.132710
1350 210 6 24 24 8.103089
1350 210 12 24 24 0.288702
1380 160 10 40 40 0.414677
1380 160 20 40 40 2.498465
1380 160 30 40 40 2.004052
1380 144 18 36 36 1.846314
1380 144 27 36 36 4.829181
1380 153 27 36 36 2.812404
1380 162 18 36 36 2.039566
1380 162 27 36 36 3.132002
1380 256 144 32 32 2.706721
1380 264 144 32 32 0.212796
1380 264 152 32 32 0.394973
1380 272 144 32 32 1.541101
1380 272 152 32 32 4.916280
1380 280 144 32 32 4.162132
1380 280 152 32 32 4.354582
1380 0 0 28 28 5.255521
1380 0 7 28 28 0.078691
1380 0 98 28 28 2.352632
1380 7 0 28 28 2.979751
1380 7 98 28 28 4.086202
1380 14 0 28 28 4.656570
1380 14 7 28 28 0.456123
1380 21 0 28 28 6.388842
1380 112 98 28 28 1.208055
1380 126 0 28 28 1.132741
1380 224 0 28 28 6.425630
1380 224 7 28 28 3.714681
1380 231 0 28 28 4.258474
1380 238 0 28 28 1.657673
1380 357 133 28 28 0.173432
1380 0 6 24 24 2.282828
1380 0 12 24 24 6.048639
1380 0 18 24 24 2.532542
1380 6 6 24 24 4.113282
1380 6 12 24 24 6.888546
1380 6 18 24 24 2.534468
1380 12 6 24 24 4.194722
1380 12 12 24 24 6.230668
1380 12 18 24 24 1.287912
1380 12 108 24 24 1.006185
1380 18 6 24 24 2.497577
1380 18 12 24 24 5.848028
1380 18 18 24 24 0.961352
1380 132 0 24 24 1.169245
1380 132 6 24 24 3.066609
1380 192 6 24 24 2.242532
1380 198 0 24 24 0.039635
1380 198 6 24 24 4.787264
1380 198 12 24 24 1.829658
1380 204 0 24 24 2.188964
1380 204 6 24 24 2.881534
1410 264 209 44 44 0.025334
1410 0 0 32 32 3.067282
1410 272 152 32 32 2.799877
1410 280 152 32 32 1.955007
1410 0 0 28 28 5.264041
1410 0 7 28 28 5.250665
1410 0 112 28 28 2.271051
1410 7 0 28 28 7.084780
1410 7 7 28 28 5.655346
1410 14 0 28 28 7.085532
1410 14 7 28 28 4.399179
1410 21 0 28 28 7.036390
1410 21 7 28 28 5.517744
1410 112 0 28 28 6.088305
1410 119 0 28 28 4.114745
1410 224 0 28 28 3.397961
1410 224 7 28 28 1.687499
1410 231 0 28 28 1.247043
1410 231 7 28 28 1.903840
1410 238 0 28 28 2.754852
1410 0 6 24 24 2.318571
1410 0 12 24 24 7.232841
1410 0 18 24 24 4.689712
1410 6 6 24 24 1.460016
1410 6 12 24 24 5.538287
1410 6 18 24 24 4.827891
1410 12 12 24 24 5.390734
1410 12 18 24 24 2.513988
1410 18 6 24 24 2.227242
1410 18 12 24 24 5.992757
1410 18 18 24 24 3.393988
1410 108 6 24 24 0.491974
1410 192 6 24 24 0.190779
1410 192 84 24 24 3.134559
1410 192 288 24 24 0.063596
1410 198 6 24 24 0.983840
1410 198 12 24 24 0.110190
1410 198 18 24 24 1.474898
1410 198 288 24 24 0.169392
1410 204 6 24 24 1.092301
1410 288 6 24 24 1.791145
1410 288 192 24 24 0.255905
1410 294 6 24 24 1.006374
1410 300 6 24 24 0.076985
1410 480 114 24 24 0.637152
1410 486 114 24 24 3.207068
1440 0 0 32 32 4.611632
1440 8 0 32 32 1.036301
1440 408 0 32 32 1.898700
1440 0 7 28 28 4.894392
1440 0 14 28 28 1.274514
1440 7 0 28 28 0.396569
1440 7 7 28 28 5.542417
1440 7 14 28 28 3.100029
1440 14 7 28 28 2.516358
1440 112 0 28 28 3.010041
1440 112 7 28 28 6.432998
1440 154 7 28 28 0.781446
1440 224 0 28 28 2.701532
1440 224 7 28 28 6.281723
1440 231 7 28 28 3.470581
1440 231 14 28 28 0.001043
1440 336 7 28 28 2.366576
1440 343 0 28 28 0.949382
1440 343 7 28 28 2.831944
1440 350 7 28 28 3.724377
1440 357 7 28 28 2.795232
1440 0 18 24 24 2.777410
1440 6 18 24 24 3.754723
1440 12 18 24 24 3.615552
1440 18 18 24 24 4.131182
1440 96 12 24 24 1.713985
1440 102 12 24 24 5.004017
1440 108 12 24 24 3.641907
1440 108 18 24 24 4.174387
1440 144 18 24 24 1.563137
1440 192 6 24 24 1.323643
1440 192 12 24 24 5.008312
1440 192 18 24 24 3.789312
1440 198 12 24 24 4.407218
1440 198 18 24 24 0.638421
1440 204 12 24 24 0.069521
1440 288 18 24 24 2.064789
1440 294 18 24 24 5.091681
1440 300 12 24 24 3.903216
1440 300 18 24 24 7.001927
1440 306 12 24 24 1.234933
1440 306 18 24 24 5.325448
1470 198 0 36 36 2.769958
1470 315 18 36 36 1.579801
1470 315 27 36 36 2.737956
1470 8 0 32 32 0.374995
1470 16 0 32 32 1.017367
1470 24 0 32 32 3.155917
1470 144 144 32 32 0.331111
1470 0 7 28 28 1.201576
1470 7 7 28 28 0.478711
1470 21 7 28 28 3.358148
1470 21 14 28 28 1.575250
1470 224 0 28 28 1.879971
1470 224 7 28 28 4.665978
1470 231 7 28 28 0.608062
1470 245 7 28 28 0.664486
1470 336 7 28 28 1.199268
1470 343 7 28 28 1.823684
1470 350 7 28 28 4.192920
1470 357 7 28 28 4.526269
1470 448 7 28 28 1.039206
1470 448 14 28 28 1.333611
1470 455 14 28 28 0.053722
1470 455 133 28 28 3.559541
1470 462 14 28 28 0.692977
1470 462 126 28 28 0.098339
1470 462 133 28 28 2.046646
1470 0 18 24 24 3.813175
1470 6 18 24 24 1.748390
1470 18 18 24 24 1.132028
1470 96 12 24 24 4.958485
1470 96 18 24 24 4.465939
1470 102 12 24 24 5.728652
1470 102 18 24 24 4.850298
1470 108 12 24 24 3.774723
1470 108 18 24 24 2.714295
1470 144 18 24 24 3.208908
1470 192 6 24 24 1.726218
1470 192 12 24 24 6.059967
1470 192 18 24 24 4.546619
1470 198 12 24 24 2.680360
1470 198 18 24 24 0.216095
1470 288 12 24 24 2.340337
1470 288 18 24 24 3.531459
1470 294 18 24 24 4.746566
1470 300 18 24 24 3.710535
1470 306 12 24 24 3.118633
1470 306 18 24 24 5.287802
1500 176 22 44 44 0.583608
1500 176 33 44 44 1.338067
1500 187 22 44 44 0.674147
1500 187 33 44 44 0.826115
1500 352 154 44 44 0.294710
1500 170 0 40 40 1.182693
1500 340 10 40 40 0.941844
1500 144 0 36 36 1.344878
1500 144 18 36 36 0.132551
1500 153 171 36 36 0.955176
1500 8 0 32 32 0.111816
1500 7 0 28 28 2.097097
1500 14 0 28 28 7.196987
1500 14 7 28 28 0.921090
1500 21 0 28 28 9.005840
1500 21 7 28 28 4.103307
1500 0 6 24 24 1.932859
1500 0 12 24 24 2.313417
1500 0 18 24 24 0.409376
1500 18 6 24 24 1.769243
1500 102 12 24 24 0.351183
1500 108 6 24 24 0.873731
1500 108 12 24 24 3.670766
1500 108 18 24 24 2.898719
1500 144 6 24 24 1.171100
1500 144 12 24 24 1.573930
1500 198 0 24 24 1.214793
1500 198 6 24 24 2.245912
1500 204 0 24 24 2.208040
1500 204 6 24 24 2.590928
1500 204 12 24 24 3.685834
1500 204 18 24 24 4.746607
1500 204 96 24 24 0.422522
1500 210 18 24 24 1.256095
1500 210 96 24 24 4.426412
1500 210 102 24 24 3.501493
1500 306 0 24 24 4.324988
1500 306 6 24 24 5.882028
1500 306 12 24 24 4.246656
1500 384 12 24 24 1.082681
1500 384 18 24 24 0.369033
1500 390 12 24 24 0.070245
1500 390 18 24 24 1.361942
1500 396 12 24 24 1.118922
1500 402 18 24 24 0.725615
1500 492 18 24 24 1.974658
1530 170 160 40 40 0.495373
1530 180 160 40 40 2.379308
1530 350 190 40 40 2.248195
1530 198 162 36 36 2.036711
1530 408 0 32 32 0.887535
1530 7 0 28 28 1.547985
1530 21 0 28 28 0.150549
1530 21 7 28 28 0.313579
1530 154 7 28 28 0.167866
1530 168 0 28 28 0.218398
1530 12 0 24 24 7.133600
1530 12 6 24 24 6.265891
1530 18 0 24 24 6.878738
1530 18 6 24 24 4.991757
1530 96 0 24 24 1.063190
1530 102 0 24 24 5.828547
1530 108 0 24 24 5.077419
1530 384 0 24 24 4.984588
1530 390 0 24 24 3.465691
1530 396 0 24 24 6.748184
1530 396 6 24 24 2.430078
1530 402 0 24 24 7.005673
1530 402 6 24 24 2.915368
1560 0 16 64 64 1.866310
1560 204 36 48 48 0.360724
1560 204 36 48 48 0.360724
1560 240 140 40 40 2.790424
1560 18 126 36 36 1.590981
1560 27 126 36 36 0.415483
1560 24 128 32 32 1.650931
1560 24 136 32 32 1.732912
1560 176 112 32 32 3.849943
1560 176 128 32 32 0.517568
1560 256 152 32 32 1.496200
1560 224 98 28 28 0.813651
1560 224 112 28 28 1.867353
1560 231 112 28 28 3.687584
1560 231 119 28 28 1.592260
1560 238 112 28 28 1.859563
1560 238 119 28 28 2.753649
1560 448 0 28 28 0.370019
1560 455 0 28 28 0.208023
1560 204 108 24 24 1.646391
1560 486 96 24 24 2.958798
1560 492 96 24 24 3.873090
1560 498 96 24 24 1.963164
1590 176 112 32 32 0.582865
1590 256 136 32 32 2.164243
1590 256 144 32 32 0.951694
1590 256 152 32 32 4.901083
1590 264 152 32 32 3.816700
1590 168 112 28 28 0.661137
1590 168 119 28 28 5.751180
1590 168 126 28 28 7.203876
1590 168 133 28 28 3.128922
1590 224 112 28 28 1.721358
1590 231 112 28 28 3.027844
1620 408 112 32 32 0.805706
1620 154 98 28 28 4.486521
1620 168 98 28 28 4.204700
1620 231 98 28 28 1.802024
1620 231 133 28 28 0.047443
1620 238 98 28 28 1.569285
1620 448 133 28 28 0.046149
1620 455 133 28 28 1.112829
1620 144 114 24 24 1.883774
1620 204 102 24 24 3.582443
1620 204 108 24 24 0.302375
1650 128 16 32 32 1.566720
1650 126 98 28 28 0.193341
1650 154 98 28 28 1.851380
1650 224 112 28 28 0.770594
1650 224 126 28 28 2.666428
1650 448 112 28 28 5.420364
1650 448 119 28 28 3.485532
1650 455 112 28 28 2.213416
1650 455 119 28 28 2.495226
1650 144 102 24 24 1.979841
1650 144 108 24 24 1.737291
1650 144 114 24 24 3.209906
1650 204 96 24 24 0.024826
1680 0 0 64 64 1.511946
1680 12 36 48 48 0.251035
1680 12 36 48 48 0.251035
1680 154 98 28 28 4.744502
1680 168 98 28 28 4.029733
1680 231 133 28 28 1.598741
1680 336 119 28 28 1.850984
1680 192 84 24 24 1.945214
1710 0 98 28 28 2.165594
1710 168 98 28 28 4.705488
1710 168 112 28 28 4.109377
1710 238 119 28 28 0.186441
1710 350 126 28 28 0.306791
1710 357 126 28 28 0.975789
1710 357 133 28 28 1.467860
1710 6 96 24 24 3.438829
1710 6 102 24 24 1.875688
1710 6 108 24 24 1.067539
1710 192 108 24 24 2.620015
1710 192 114 24 24 2.088816
1740 288 16 64 64 0.412066
1740 352 32 64 64 0.912044
1740 36 0 48 48 0.274461
1740 36 0 48 48 0.274461
1740 384 128 32 32 1.900530
1740 384 136 32 32 2.412516
1740 384 144 32 32 5.645539
1740 384 152 32 32 5.435939
1740 392 128 32 32 0.297315
1740 392 136 32 32 0.946869
1740 392 144 32 32 4.144084
1740 392 152 32 32 3.050920
1740 400 152 32 32 2.904825
1740 408 144 32 32 2.534120
1740 408 152 32 32 2.242761
1740 245 98 28 28 0.132922
1740 357 119 28 28 1.048624
1740 192 108 24 24 4.831926
1740 192 114 24 24 6.887041
1740 198 108 24 24 3.222633
1740 198 114 24 24 4.879624
1770 256 16 64 64 2.315605
1770 256 32 64 64 0.575848
1770 272 16 64 64 3.712671
1770 272 32 64 64 3.516484
1770 288 16 64 64 2.980400
1770 288 32 64 64 1.949011
1770 396 168 48 48 1.984512
1770 408 168 48 48 4.110734
1770 420 168 48 48 2.183005
1770 396 168 48 48 1.984512
1770 408 168 48 48 4.110734
1770 420 168 48 48 2.183005
1770 432 153 36 36 1.048200
1770 432 162 36 36 1.056952
1770 432 171 36 36 2.379425
1770 168 98 28 28 0.462153
1770 168 112 28 28 2.674644
1770 192 114 24 24 4.501843
1800 0 16 64 64 2.025694
1800 16 0 64 64 0.280846
1800 16 16 64 64 1.585809
1800 288 48 64 64 0.484887
1800 24 36 48 48 3.836261
1800 36 24 48 48 1.956980
1800 36 36 48 48 6.686366
1800 24 36 48 48 3.836261
1800 36 24 48 48 1.956980
1800 36 36 48 48 6.686366
1800 33 33 44 44 1.673932
1800 374 154 44 44 1.315047
1800 385 154 44 44 0.192882
1800 10 30 40 40 2.756416
1800 340 140 40 40 0.613346
1800 432 162 36 36 0.157136
1800 432 171 36 36 1.493043
1800 400 152 32 32 2.209922
1800 408 144 32 32 0.991276
1800 408 152 32 32 3.508060
1800 288 18 24 24 0.852700
1800 390 192 24 24 0.824112
1800 396 198 24 24 2.298678
1800 402 198 24 24 2.288530
1800 402 204 24 24 3.016888
1830 0 0 64 64 2.880354
1830 0 16 64 64 3.639204
1830 0 32 64 64 0.255028
1830 0 0 48 48 1.037475
1830 0 12 48 48 1.436736
1830 0 24 48 48 1.830294
1830 0 36 48 48 0.012296
1830 12 0 48 48 3.478947
1830 12 12 48 48 4.823254
1830 12 24 48 48 5.727188
1830 12 36 48 48 6.365938
1830 24 0 48 48 0.092784
1830 24 12 48 48 1.959145
1830 24 24 48 48 2.631033
1830 24 36 48 48 0.947715
1830 384 168 48 48 1.005927
1830 396 168 48 48 1.189070
1830 420 168 48 48 0.212452
1830 0 0 48 48 1.037475
1830 0 12 48 48 1.436736
1830 0 24 48 48 1.830294
1830 0 36 48 48 0.012296
1830 12 0 48 48 3.478947
1830 12 12 48 48 4.823254
1830 12 24 48 48 5.727188
1830 12 36 48 48 6.365938
1830 24 0 48 48 0.092784
1830 24 12 48 48 1.959145
1830 24 24 48 48 2.631033
1830 24 36 48 48 0.947715
1830 384 168 48 48 1.005927
1830 396 168 48 48 1.189070
1830 420 168 48 48 0.212452
1830 11 0 44 44 1.892911
1830 11 11 44 44 2.750121
1830 11 22 44 44 2.490746
1830 11 33 44 44 2.493545
1830 22 0 44 44 3.907414
1830 22 11 44 44 4.219737
1830 22 22 44 44 5.542364
1830 22 33 44 44 5.027182
1830 33 11 44 44 0.852955
1830 33 22 44 44 1.909342
1830 33 33 44 44 1.509868
1830 176 33 44 44 0.708529
1830 10 20 40 40 1.183079
1830 10 30 40 40 2.346270
1830 20 10 40 40 2.702930
1830 20 20 40 40 3.856758
1830 20 30 40 40 4.525428
1830 30 0 40 40 2.332321
1830 30 10 40 40 5.175129
1830 30 20 40 40 5.520932
1830 30 30 40 40 6.467837
1830 27 18 36 36 0.185130
1830 27 27 36 36 2.102642
1830 245 98 28 28 1.022201
1830 300 0 24 24 1.624571
1830 306 0 24 24 3.731522
1830 306 6 24 24 0.480497
1830 396 0 24 24 3.618810
1830 402 0 24 24 4.039364
1860 0 0 48 48 3.712644
1860 0 12 48 48 3.953897
1860 0 24 48 48 2.461711
1860 12 0 48 48 5.793828
1860 12 12 48 48 5.763083
1860 12 24 48 48 2.190117
1860 24 0 48 48 3.257583
1860 24 12 48 48 4.021390
1860 24 24 48 48 2.535836
1860 36 0 48 48 5.756719
1860 36 12 48 48 2.711756
1860 0 0 48 48 3.712644
1860 0 12 48 48 3.953897
1860 0 24 48 48 2.461711
1860 12 0 48 48 5.793828
1860 12 12 48 48 5.763083
1860 12 24 48 48 2.190117
1860 24 0 48 48 3.257583
1860 24 12 48 48 4.021390
1860 24 24 48 48 2.535836
1860 36 0 48 48 5.756719
1860 36 12 48 48 2.711756
1860 11 0 44 44 2.067335
1860 11 11 44 44 3.159984
1860 11 22 44 44 3.495754
1860 11 33 44 44 1.572338
1860 22 11 44 44 2.173343
1860 22 22 44 44 3.133597
1860 22 33 44 44 1.430148
1860 33 22 44 44 0.164946
1860 20 10 40 40 1.195028
1860 20 20 40 40 1.410465
1860 20 30 40 40 1.531422
1860 30 10 40 40 0.090248
1860 30 30 40 40 0.975219
1860 27 18 36 36 0.810060
1860 27 27 36 36 0.017120
1860 126 231 28 28 1.380671
1860 126 238 28 28 1.378753
1890 0 0 64 64 0.329715
1890 16 0 64 64 1.347353
1890 36 0 48 48 3.516077
1890 36 12 48 48 1.271604
1890 36 0 48 48 3.516077
1890 36 12 48 48 1.271604
1890 240 160 40 40 0.963096
1890 198 102 24 24 0.322133
1890 198 108 24 24 2.328374
1890 204 108 24 24 1.672210
1920 12 36 48 48 1.442386
1920 12 36 48 48 1.442386
1920 220 30 40 40 0.095256
1920 0 192 24 24 1.179171
1920 6 192 24 24 0.438051
1950 0 24 48 48 0.234709
1950 0 24 48 48 0.234709
1950 11 11 44 44 0.590223
1950 11 22 44 44 2.766372
1950 11 33 44 44 3.176768
1950 20 20 40 40 1.343328
1950 20 30 40 40 2.332259
1950 168 119 28 28 0.767390
1980 16 0 64 64 0.852974
1980 16 16 64 64 3.075598
1980 32 0 64 64 1.911500
1980 32 16 64 64 2.185197
1980 48 0 64 64 2.187166
1980 48 16 64 64 1.547625
1980 180 30 40 40 0.556576
1980 112 126 28 28 0.007012
2010 192 36 48 48 2.458958
2010 204 36 48 48 4.413513
2010 216 36 48 48 2.654175
2010 192 36 48 48 2.458958
2010 204 36 48 48 4.413513
2010 216 36 48 48 2.654175
2010 14 112 28 28 0.001530
2040 36 12 48 48 0.120614
2040 36 24 48 48 5.041208
2040 36 36 48 48 3.063415
2040 192 0 48 48 2.844289
2040 192 12 48 48 3.520858
2040 192 36 48 48 5.410874
2040 204 36 48 48 3.370837
2040 36 12 48 48 0.120614
2040 36 24 48 48 5.041208
2040 36 36 48 48 3.063415
2040 192 0 48 48 2.844289
2040 192 12 48 48 3.520858
2040 192 36 48 48 5.410874
2040 204 36 48 48 3.370837
2040 176 22 44 44 0.292931
2040 187 11 44 44 1.418287
2040 198 11 44 44 1.690123
2040 198 22 44 44 1.914175
2040 198 33 44 44 3.266390
2040 170 30 40 40 0.777233
2040 180 20 40 40 0.793286
2040 180 30 40 40 1.408691
2070 0 24 48 48 0.744392
2070 12 24 48 48 2.967152
2070 204 0 48 48 3.594041
2070 204 12 48 48 0.861570
2070 216 0 48 48 2.302199
2070 216 12 48 48 5.011137
2070 216 24 48 48 0.957473
2070 0 24 48 48 0.744392
2070 12 24 48 48 2.967152
2070 204 0 48 48 3.594041
2070 204 12 48 48 0.861570
2070 216 0 48 48 2.302199
2070 216 12 48 48 5.011137
2070 216 24 48 48 0.957473
2070 11 33 44 44 1.376978
2070 22 22 44 44 1.384580
2070 22 33 44 44 1.197297
2070 242 22 44 44 0.755028
2070 160 10 40 40 2.590971
2070 160 20 40 40 1.395773
2070 170 10 40 40 1.853763
2070 170 20 40 40 1.639478
2070 220 10 40 40 0.963514
2070 220 20 40 40 0.821230
2070 192 16 32 32 1.901724
2070 192 24 32 32 2.788518
2100 192 0 48 48 0.638994
2100 192 36 48 48 1.809874
2100 192 0 48 48 0.638994
2100 192 36 48 48 1.809874
2100 297 0 36 36 1.735266
2100 297 9 36 36 0.825431
2100 306 0 36 36 3.195276
2100 306 9 36 36 0.882268
2100 459 126 36 36 0.002503
2100 486 84 24 24 0.812705
2100 492 84 24 24 3.198129
2130 264 0 48 48 0.486182
2130 264 0 48 48 0.486182
2130 450 0 36 36 1.409549
2130 459 0 36 36 2.964813
2130 459 9 36 36 1.799962
