30 192 24 48 48 0.325214
30 192 36 48 48 1.765000
30 192 24 48 48 0.325214
30 192 36 48 48 1.765000
30 357 112 28 28 3.394109
30 357 119 28 28 2.618667
60 432 144 36 36 0.931519
60 119 98 28 28 0.052092
60 119 119 28 28 0.142523
60 343 119 28 28 0.005966
60 132 84 24 24 1.583151
60 132 102 24 24 1.623442
60 204 114 24 24 0.043991
60 210 114 24 24 1.690707
90 384 128 32 32 2.818575
90 392 128 32 32 0.477362
90 392 136 32 32 1.685137
90 400 136 32 32 4.127522
90 400 144 32 32 3.149621
90 408 136 32 32 1.974027
90 408 144 32 32 2.710731
90 408 152 32 32 0.885868
90 102 96 24 24 4.394885
90 102 102 24 24 1.952754
90 108 96 24 24 5.566434
90 108 102 24 24 4.190569
90 198 108 24 24 0.694794
90 198 114 24 24 5.610055
90 204 108 24 24 1.002357
90 204 114 24 24 4.909467
90 210 114 24 24 4.231905
120 352 0 64 64 1.463446
120 352 16 64 64 0.578975
120 432 144 36 36 2.617044
120 432 153 36 36 2.649495
120 441 144 36 36 1.497163
120 450 144 36 36 0.861495
120 0 112 32 32 2.216456
120 8 112 32 32 3.357902
120 384 112 32 32 2.430189
120 392 112 32 32 2.159563
120 400 112 32 32 3.821270
120 0 112 28 28 6.697133
120 0 119 28 28 2.493419
120 7 112 28 28 5.495830
120 7 119 28 28 2.691650
120 14 112 28 28 5.441920
120 14 119 28 28 3.962016
120 21 112 28 28 5.916404
120 21 119 28 28 0.601654
120 192 102 24 24 0.795305
120 192 108 24 24 6.916932
120 192 114 24 24 6.232892
120 198 102 24 24 0.357646
120 198 108 24 24 7.035202
120 198 114 24 24 6.570769
120 204 108 24 24 3.512587
120 204 114 24 24 5.360751
120 210 108 24 24 2.994731
120 210 114 24 24 4.792378
150 392 112 32 32 0.445494
150 400 112 32 32 1.395543
150 0 21 28 28 1.581668
150 168 98 28 28 4.219206
150 6 102 24 24 1.108329
150 6 108 24 24 0.870341
150 12 102 24 24 1.804219
150 12 108 24 24 1.839852
150 96 18 24 24 2.229658
150 102 18 24 24 0.908631
150 192 114 24 24 3.926518
150 198 108 24 24 2.529036
150 198 114 24 24 5.535831
150 204 108 24 24 3.254855
150 204 114 24 24 5.684145
150 210 114 24 24 3.103296
180 352 0 64 64 1.396579
180 352 32 64 64 1.851588
180 352 48 64 64 1.553016
180 24 112 32 32 1.237476
180 176 112 32 32 1.503472
180 408 112 32 32 1.354958
180 168 112 28 28 3.071470
180 168 119 28 28 2.514105
180 231 7 28 28 0.648741
180 245 133 28 28 2.486557
180 350 133 28 28 1.175196
180 192 114 24 24 1.667743
180 198 114 24 24 1.983999
180 204 114 24 24 4.703382
180 210 114 24 24 9.259803
210 352 32 64 64 0.050062
210 315 126 36 36 1.025879
210 16 112 32 32 0.668239
210 24 112 32 32 3.736600
210 21 112 28 28 4.709982
210 21 119 28 28 0.362942
210 154 119 28 28 1.711441
210 168 98 28 28 3.327491
210 168 112 28 28 4.788721
210 168 119 28 28 2.823675
210 238 112 28 28 0.432795
210 336 112 28 28 1.043018
210 336 133 28 28 0.143202
210 343 133 28 28 0.075200
210 350 133 28 28 2.029038
210 192 108 24 24 1.157340
210 192 114 24 24 6.454424
210 198 108 24 24 0.401411
210 198 114 24 24 4.626895
210 204 108 24 24 1.762015
210 204 114 24 24 4.884273
240 136 112 32 32 1.241914
240 144 112 32 32 4.177554
240 119 112 28 28 4.314722
240 119 119 28 28 1.922771
240 126 112 28 28 6.935194
240 126 119 28 28 4.766418
240 154 98 28 28 0.402845
240 154 112 28 28 6.261927
240 154 119 28 28 4.136226
240 154 126 28 28 2.812357
240 357 133 28 28 0.266992
240 448 112 28 28 0.509329
240 448 119 28 28 0.141090
240 455 112 28 28 0.777225
240 455 119 28 28 0.677538
240 192 102 24 24 1.296257
240 192 108 24 24 1.712002
240 192 114 24 24 2.596095
240 198 108 24 24 2.885463
240 198 114 24 24 1.690934
240 204 108 24 24 0.740256
270 352 187 44 44 0.829816
270 352 198 44 44 1.355789
270 363 187 44 44 0.008557
270 363 198 44 44 0.175394
270 192 112 32 32 1.080305
270 256 152 32 32 1.972174
270 264 152 32 32 1.955460
270 272 136 32 32 1.433044
270 272 144 32 32 0.890646
270 280 136 32 32 0.758823
270 280 144 32 32 0.407097
270 112 112 28 28 4.597743
270 112 126 28 28 0.528211
270 112 133 28 28 1.603052
270 119 112 28 28 2.433707
270 119 126 28 28 1.095036
270 119 133 28 28 1.572888
270 126 112 28 28 0.819871
270 336 98 28 28 5.854908
270 343 98 28 28 2.527812
270 357 98 28 28 0.200969
270 132 114 24 24 0.965585
270 198 96 24 24 0.491141
270 198 102 24 24 1.024170
300 220 140 40 40 0.768463
300 7 98 28 28 5.159791
300 14 98 28 28 7.475191
300 14 112 28 28 1.424861
300 21 98 28 28 5.256766
300 21 112 28 28 1.434616
300 112 98 28 28 9.043266
300 112 112 28 28 5.276712
300 112 119 28 28 0.154465
300 119 98 28 28 3.966746
300 168 98 28 28 1.461735
300 343 98 28 28 2.912688
300 350 98 28 28 2.209223
300 448 119 28 28 4.177208
300 448 126 28 28 4.963926
300 448 133 28 28 2.898004
300 455 126 28 28 0.826784
300 455 133 28 28 2.185799
300 18 108 24 24 2.289354
300 18 114 24 24 6.023628
300 96 18 24 24 1.095489
300 102 114 24 24 0.956373
300 108 108 24 24 2.711870
300 108 114 24 24 5.241836
300 144 108 24 24 2.493719
300 192 102 24 24 2.255231
330 288 126 36 36 3.381357
330 297 126 36 36 1.830523
330 306 126 36 36 0.207515
330 24 112 32 32 0.689973
330 192 136 32 32 0.033541
330 280 152 32 32 1.303421
330 112 98 28 28 2.258934
330 168 98 28 28 5.047892
330 350 98 28 28 0.991993
330 357 98 28 28 5.792084
330 462 133 28 28 1.339034
330 469 126 28 28 0.188329
330 469 133 28 28 1.050315
330 96 18 24 24 0.557364
330 132 114 24 24 1.495168
330 192 114 24 24 2.416970
330 390 102 24 24 1.280360
330 396 102 24 24 0.954074
330 396 108 24 24 2.771709
330 396 114 24 24 2.557863
330 402 114 24 24 0.682162
330 480 6 24 24 2.924950
330 480 192 24 24 3.141960
330 480 198 24 24 0.712984
330 486 6 24 24 0.070670
330 486 114 24 24 3.467165
330 486 192 24 24 0.949266
330 498 114 24 24 3.298886
360 160 140 40 40 3.077299
360 170 140 40 40 1.727820
360 220 140 40 40 3.743714
360 162 144 36 36 3.036037
360 216 144 36 36 0.759244
360 216 153 36 36 0.252058
360 288 144 36 36 1.816203
360 288 153 36 36 0.427308
360 297 144 36 36 2.364482
360 297 153 36 36 0.315660
360 306 144 36 36 1.488207
360 176 144 32 32 2.099512
360 176 152 32 32 3.961118
360 264 272 32 32 1.784418
360 264 280 32 32 2.041786
360 272 272 32 32 3.001981
360 272 280 32 32 1.893410
360 280 272 32 32 4.503748
360 280 280 32 32 3.652632
360 154 112 28 28 9.039174
360 357 98 28 28 2.569011
360 288 288 24 24 1.393036
360 288 294 24 24 2.004618
360 300 288 24 24 2.987778
360 300 294 24 24 1.238583
360 384 96 24 24 0.559282
360 390 96 24 24 0.504252
360 396 96 24 24 1.469854
360 396 114 24 24 0.338853
360 402 108 24 24 0.668812
360 402 114 24 24 2.574950
360 480 204 24 24 2.733315
360 480 210 24 24 2.984487
390 198 154 44 44 2.095676
390 242 154 44 44 5.157367
390 264 154 44 44 4.242680
390 220 160 40 40 1.936802
390 220 170 40 40 3.031335
390 240 160 40 40 4.195468
390 240 170 40 40 2.101892
390 18 126 36 36 2.681225
390 27 126 36 36 1.759755
390 216 171 36 36 1.140206
390 288 162 36 36 3.893976
390 288 171 36 36 2.758964
390 297 153 36 36 0.974364
390 297 162 36 36 2.712969
390 297 171 36 36 2.492526
390 306 153 36 36 1.425671
390 306 162 36 36 4.146477
390 306 171 36 36 4.330304
390 315 153 36 36 0.695935
390 315 162 36 36 3.280119
390 315 171 36 36 3.244852
390 0 128 32 32 2.459737
390 8 128 32 32 1.188558
390 24 128 32 32 1.923976
390 24 136 32 32 0.482992
390 144 112 32 32 2.540534
390 154 112 28 28 7.891570
390 154 119 28 28 2.481762
390 168 133 28 28 1.143669
390 357 98 28 28 0.791881
390 6 108 24 24 1.855006
420 192 168 48 48 2.053326
420 204 168 48 48 4.454352
420 216 168 48 48 1.859854
420 192 168 48 48 2.053326
420 204 168 48 48 4.454352
420 216 168 48 48 1.859854
420 198 176 44 44 2.434065
420 242 176 44 44 2.624896
420 240 180 40 40 1.226993
420 144 144 36 36 1.916566
420 306 153 36 36 0.026897
420 128 112 32 32 0.095387
420 128 136 32 32 0.208500
420 192 128 32 32 0.936645
420 224 231 28 28 0.270525
420 469 119 28 28 0.532980
420 102 114 24 24 1.051311
450 0 16 64 64 1.012371
450 16 16 64 64 1.045208
450 306 162 36 36 1.555177
450 192 256 32 32 4.907763
450 192 264 32 32 5.256090
450 192 272 32 32 1.616477
450 272 264 32 32 0.099033
450 272 272 32 32 1.510308
450 272 280 32 32 1.454058
450 168 126 28 28 0.541601
450 168 133 28 28 2.292198
450 192 288 24 24 0.846029
450 198 288 24 24 4.408774
450 204 108 24 24 1.378212
450 204 288 24 24 3.338401
450 210 102 24 24 1.357303
450 210 108 24 24 5.053848
450 210 288 24 24 4.584799
480 144 297 36 36 1.816129
480 144 306 36 36 5.578918
480 153 288 36 36 1.977562
480 153 297 36 36 8.090910
480 153 306 36 36 6.864984
480 162 288 36 36 3.705276
480 162 297 36 36 9.036438
480 162 306 36 36 9.416273
480 198 297 36 36 3.774010
480 198 306 36 36 2.190847
480 216 306 36 36 1.007220
480 306 162 36 36 0.484938
480 306 171 36 36 0.287411
480 136 144 32 32 0.604633
480 144 136 32 32 0.642454
480 144 144 32 32 3.538568
480 112 231 28 28 0.649246
480 204 108 24 24 2.382442
480 204 114 24 24 1.212774
510 12 204 48 48 1.363070
510 24 204 48 48 2.296890
510 36 204 48 48 0.642779
510 12 204 48 48 1.363070
510 24 204 48 48 2.296890
510 36 204 48 48 0.642779
510 22 209 44 44 2.408455
510 33 209 44 44 1.663873
510 0 140 40 40 1.546547
510 0 144 36 36 0.523424
510 9 144 36 36 2.393306
510 297 171 36 36 0.345111
510 306 171 36 36 0.631995
510 8 144 32 32 0.666321
510 16 144 32 32 0.351716
510 128 144 32 32 0.497243
510 128 152 32 32 3.242520
510 136 152 32 32 1.926690
510 144 152 32 32 0.552813
510 384 136 32 32 0.906607
510 14 0 28 28 0.511285
510 21 0 28 28 2.590176
510 357 98 28 28 0.126177
510 357 112 28 28 2.923338
510 357 119 28 28 3.324820
510 192 108 24 24 0.756346
510 192 114 24 24 2.405435
510 198 108 24 24 2.418079
510 198 114 24 24 3.608098
540 187 154 44 44 0.093174
540 297 171 36 36 0.645373
540 432 126 36 36 2.556149
540 441 126 36 36 0.133738
540 128 152 32 32 1.289639
540 136 152 32 32 1.824677
540 384 136 32 32 1.047527
540 384 144 32 32 1.477993
540 392 136 32 32 1.034322
540 392 144 32 32 1.337677
540 350 119 28 28 1.473856
540 350 126 28 28 2.374897
540 357 119 28 28 7.033762
540 357 126 28 28 7.899167
540 357 133 28 28 3.978665
540 448 126 28 28 1.021315
540 448 133 28 28 7.222745
540 455 119 28 28 0.758764
540 455 126 28 28 1.524678
540 455 133 28 28 7.058990
540 462 133 28 28 1.254449
540 0 0 24 24 0.582019
540 192 114 24 24 2.162454
570 187 154 44 44 0.423058
570 264 154 44 44 0.557657
570 30 140 40 40 0.423525
570 170 170 40 40 1.075699
570 180 170 40 40 0.514875
570 0 144 36 36 0.800048
570 27 153 36 36 3.467999
570 27 162 36 36 2.910692
570 0 144 32 32 6.845311
570 0 152 32 32 9.405674
570 128 152 32 32 2.717688
570 136 152 32 32 2.189417
570 144 136 32 32 1.337146
570 144 144 32 32 2.174601
570 144 152 32 32 3.634971
570 384 128 32 32 0.694987
570 392 128 32 32 5.175435
570 392 136 32 32 2.226996
570 400 112 32 32 0.344059
570 400 128 32 32 2.844709
570 400 136 32 32 3.212184
570 408 112 32 32 2.172988
570 408 128 32 32 3.931597
570 408 136 32 32 3.390980
570 408 144 32 32 1.427877
570 154 133 28 28 1.305256
570 357 112 28 28 1.980576
570 144 192 24 24 1.095010
570 192 114 24 24 1.810476
570 198 114 24 24 0.839034
600 176 154 44 44 2.615654
600 170 170 40 40 3.171449
600 180 160 40 40 2.561883
600 180 170 40 40 6.708894
600 180 180 40 40 1.007164
600 144 162 36 36 3.530705
600 153 162 36 36 0.080122
600 216 171 36 36 1.228454
600 288 171 36 36 0.394681
600 192 210 24 24 0.210386
600 198 114 24 24 0.753820
600 198 210 24 24 0.526208
630 192 168 48 48 0.763192
630 204 168 48 48 1.584427
630 216 168 48 48 1.678539
630 264 168 48 48 0.712376
630 192 168 48 48 0.763192
630 204 168 48 48 1.584427
630 216 168 48 48 1.678539
630 264 168 48 48 0.712376
630 198 176 44 44 0.201243
630 242 176 44 44 0.143452
630 264 176 44 44 1.723472
630 264 187 44 44 0.419816
630 220 180 40 40 2.117751
630 220 190 40 40 0.939951
630 330 190 40 40 0.297958
630 340 190 40 40 0.323585
630 441 126 36 36 0.886070
630 450 126 36 36 1.570591
630 459 126 36 36 3.781017
630 459 144 36 36 0.722200
630 384 112 32 32 2.096336
630 392 112 32 32 1.731340
630 112 119 28 28 0.346452
630 112 126 28 28 3.720351
630 357 224 28 28 0.110780
630 357 231 28 28 0.620982
630 357 238 28 28 0.420324
630 462 133 28 28 0.860715
630 462 224 28 28 0.891623
630 462 231 28 28 0.737620
630 469 224 28 28 0.223898
630 469 231 28 28 2.379101
630 469 238 28 28 0.061780
630 18 0 24 24 0.415991
630 198 12 24 24 0.132147
630 198 18 24 24 0.148852
630 402 18 24 24 0.518990
660 264 204 48 48 0.197989
660 264 204 48 48 0.197989
660 352 209 44 44 3.922501
660 144 126 36 36 3.458503
660 198 171 36 36 2.835814
660 306 171 36 36 0.073844
660 315 171 36 36 1.703647
660 459 126 36 36 1.225019
660 136 144 32 32 0.530580
660 144 128 32 32 1.842486
660 144 136 32 32 2.436067
660 144 144 32 32 1.068320
660 176 256 32 32 0.576592
660 384 256 32 32 2.356681
660 392 256 32 32 0.913929
660 154 126 28 28 1.390680
660 224 126 28 28 0.749405
660 18 0 24 24 3.671492
660 18 6 24 24 4.990120
660 198 108 24 24 1.993105
660 204 108 24 24 2.545444
660 402 18 24 24 0.311398
690 32 16 64 64 1.108006
690 352 209 44 44 0.855665
690 363 209 44 44 0.990530
690 198 126 36 36 0.584937
690 297 153 36 36 0.239714
690 297 162 36 36 2.297484
690 136 112 32 32 2.899797
690 136 128 32 32 1.341665
690 144 112 32 32 2.564291
690 154 112 28 28 1.192820
690 154 119 28 28 5.601235
690 154 126 28 28 2.921550
690 154 133 28 28 0.537184
690 96 114 24 24 0.152840
690 210 18 24 24 0.824980
690 396 12 24 24 0.396351
690 402 12 24 24 2.060810
720 32 16 64 64 1.048511
720 352 48 64 64 3.529583
720 384 192 48 48 3.553851
720 384 204 48 48 0.111227
720 396 192 48 48 2.049972
720 408 192 48 48 2.706400
720 420 192 48 48 1.316181
720 420 204 48 48 1.692809
720 384 192 48 48 3.553851
720 384 204 48 48 0.111227
720 396 192 48 48 2.049972
720 408 192 48 48 2.706400
720 420 192 48 48 1.316181
720 420 204 48 48 1.692809
720 352 198 44 44 0.128441
720 352 209 44 44 1.929814
720 288 144 36 36 0.033719
720 432 126 36 36 0.467193
720 432 144 36 36 0.342337
720 128 112 32 32 0.524605
720 136 112 32 32 3.443721
720 136 128 32 32 0.916384
720 144 112 32 32 3.219326
720 384 256 32 32 1.731163
720 384 264 32 32 1.625547
720 392 256 32 32 1.008814
720 154 112 28 28 0.783341
720 154 119 28 28 5.913142
720 154 126 28 28 3.211542
720 224 126 28 28 0.378120
720 224 133 28 28 3.811051
720 448 224 28 28 0.328732
720 455 224 28 28 1.457283
720 455 245 28 28 0.570872
720 462 238 28 28 0.017396
720 18 0 24 24 0.149591
720 210 12 24 24 0.504981
720 210 18 24 24 0.959820
720 402 6 24 24 0.657313
720 402 12 24 24 0.294979
750 32 16 64 64 1.017580
750 242 198 44 44 1.252099
750 128 112 32 32 0.118029
750 136 112 32 32 3.135257
750 136 128 32 32 2.398968
750 144 112 32 32 3.035355
750 154 112 28 28 2.739161
750 154 119 28 28 5.645915
750 154 126 28 28 2.835671
750 18 0 24 24 2.233091
750 18 6 24 24 0.315259
750 144 114 24 24 2.512989
750 210 18 24 24 0.150434
780 32 16 64 64 0.182174
780 11 154 44 44 0.725554
780 22 154 44 44 1.650863
780 33 154 44 44 1.468007
780 20 170 40 40 1.716449
780 20 180 40 40 0.851608
780 30 140 40 40 1.545493
780 30 170 40 40 2.248147
780 30 180 40 40 1.869514
780 450 144 36 36 0.577778
780 459 144 36 36 0.591986
780 8 256 32 32 0.982852
780 8 264 32 32 1.072354
780 16 256 32 32 0.589056
780 128 112 32 32 1.107566
780 136 112 32 32 3.634202
780 136 128 32 32 1.771700
780 144 112 32 32 3.379285
780 154 112 28 28 1.341659
780 154 119 28 28 6.498644
780 154 126 28 28 3.350321
780 224 133 28 28 0.784193
780 18 6 24 24 2.776980
780 144 114 24 24 0.633140
810 32 16 64 64 1.764219
810 450 144 36 36 0.601538
810 128 112 32 32 1.155425
810 136 112 32 32 3.359121
810 136 128 32 32 0.306272
810 136 136 32 32 0.288267
810 144 112 32 32 3.413884
810 176 112 32 32 0.492247
810 21 0 28 28 0.193903
810 154 119 28 28 6.655306
810 154 126 28 28 3.437405
810 18 6 24 24 2.623251
810 402 12 24 24 0.396602
840 450 144 36 36 3.998638
840 459 144 36 36 3.683102
840 128 112 32 32 1.386097
840 136 112 32 32 3.317112
840 136 128 32 32 0.331206
840 136 136 32 32 0.026490
840 144 112 32 32 3.753168
840 176 112 32 32 0.975531
840 21 0 28 28 0.815599
840 154 119 28 28 6.767267
840 154 126 28 28 3.637929
840 18 6 24 24 3.218550
840 402 6 24 24 0.224571
840 402 12 24 24 1.341787
840 402 18 24 24 1.342187
870 32 16 64 64 0.386943
870 32 32 64 64 2.024500
870 48 32 64 64 1.115633
870 384 228 48 48 1.402497
870 384 228 48 48 1.402497
870 432 126 36 36 1.352140
870 128 112 32 32 3.823653
870 128 128 32 32 1.461610
870 128 136 32 32 1.353807
870 136 112 32 32 4.296228
870 136 128 32 32 0.968322
870 136 136 32 32 0.711443
870 144 112 32 32 4.285522
870 154 119 28 28 7.266949
870 154 126 28 28 4.041168
870 448 119 28 28 2.248545
870 448 126 28 28 8.891927
870 448 133 28 28 5.554462
870 455 126 28 28 3.516704
870 455 133 28 28 3.931052
870 12 0 24 24 0.323846
870 18 0 24 24 0.133333
870 144 114 24 24 1.675261
870 402 6 24 24 0.143113
870 402 12 24 24 1.262871
870 402 18 24 24 2.330764
900 459 144 36 36 2.860719
900 128 112 32 32 7.620611
900 128 128 32 32 2.016896
900 128 136 32 32 2.658124
900 136 112 32 32 5.472414
900 136 128 32 32 0.935447
900 144 112 32 32 3.814097
900 154 119 28 28 5.906301
900 154 126 28 28 3.845296
900 448 126 28 28 4.238262
900 448 133 28 28 3.445316
900 455 126 28 28 2.088493
900 455 133 28 28 3.271904
900 462 126 28 28 1.643077
900 462 133 28 28 4.029274
900 0 0 24 24 1.052467
900 144 114 24 24 1.578121
930 0 128 32 32 0.681762
930 8 128 32 32 4.893835
930 128 112 32 32 5.715635
930 136 112 32 32 3.761478
930 144 112 32 32 2.603439
930 14 133 28 28 0.558321
930 21 133 28 28 1.456364
930 119 112 28 28 0.258515
930 119 133 28 28 1.527737
930 126 112 28 28 3.104000
930 126 119 28 28 4.636518
930 126 126 28 28 5.614702
930 126 133 28 28 4.831062
930 154 119 28 28 3.708743
930 154 126 28 28 3.302820
930 448 133 28 28 3.958852
930 455 126 28 28 5.098397
930 455 133 28 28 6.504088
930 462 126 28 28 7.903323
930 462 133 28 28 6.580339
930 0 0 24 24 0.159147
930 6 0 24 24 1.290101
930 132 114 24 24 0.140729
930 210 6 24 24 0.139399
960 48 32 64 64 0.728914
960 0 144 32 32 1.856959
960 8 136 32 32 0.665506
960 8 144 32 32 1.856137
960 16 136 32 32 1.751663
960 16 144 32 32 4.686918
960 24 136 32 32 0.322647
960 24 144 32 32 2.004808
960 176 112 32 32 1.422717
960 21 98 28 28 3.287661
960 112 112 28 28 0.437305
960 112 119 28 28 1.523852
960 112 126 28 28 1.679099
960 112 133 28 28 2.260662
960 119 112 28 28 3.118504
960 119 119 28 28 1.876463
960 119 126 28 28 1.231914
960 119 133 28 28 3.079551
960 126 112 28 28 1.835909
960 126 119 28 28 1.936945
960 126 126 28 28 1.773443
960 126 133 28 28 0.437886
960 168 119 28 28 3.027611
960 455 133 28 28 1.286300
960 462 133 28 28 3.768690
960 469 126 28 28 0.589549
960 469 133 28 28 4.126620
960 210 0 24 24 0.420644
990 48 0 64 64 0.575773
990 192 36 48 48 5.137620
990 192 36 48 48 5.137620
990 119 112 28 28 5.768860
990 119 119 28 28 0.123643
990 126 112 28 28 3.004222
990 168 112 28 28 4.551050
990 168 119 28 28 3.064116
990 343 126 28 28 1.141642
1020 32 0 64 64 1.395683
1020 32 32 64 64 1.762915
1020 192 36 48 48 6.431639
1020 204 36 48 48 2.731852
1020 192 36 48 48 6.431639
1020 204 36 48 48 2.731852
1020 432 306 36 36 0.059437
1020 154 112 28 28 1.304914
1020 168 112 28 28 4.350606
1020 168 119 28 28 3.277348
1050 0 16 64 64 0.441004
1050 0 32 64 64 3.537781
1050 0 48 64 64 1.911701
1050 16 32 64 64 4.022436
1050 16 48 64 64 0.536497
1050 32 0 64 64 1.134250
1050 32 32 64 64 0.319816
1050 192 36 48 48 4.951037
1050 204 36 48 48 0.816204
1050 192 36 48 48 4.951037
1050 204 36 48 48 0.816204
1050 136 112 32 32 0.713962
1050 144 112 32 32 3.811021
1050 384 152 32 32 1.120355
1050 154 112 28 28 2.173747
1050 154 119 28 28 3.417277
1050 168 119 28 28 0.566067
1050 238 14 28 28 0.758561
1050 402 18 24 24 0.082516
1050 480 192 24 24 1.795154
1050 486 108 24 24 0.418761
1050 492 108 24 24 0.416662
1080 0 32 64 64 3.002032
1080 48 16 64 64 0.559241
1080 48 32 64 64 2.738262
1080 128 112 32 32 1.439043
1080 126 98 28 28 0.307390
1080 126 119 28 28 2.292861
1080 238 0 28 28 1.884756
1080 462 98 28 28 0.920295
1080 469 98 28 28 1.694193
1080 132 84 24 24 2.378564
1080 132 102 24 24 3.201455
1080 132 108 24 24 1.484562
1080 480 108 24 24 3.324408
1080 480 114 24 24 0.317224
1110 0 16 64 64 0.158875
1110 0 32 64 64 1.068948
1110 16 0 64 64 0.255974
1110 16 16 64 64 3.588599
1110 32 0 64 64 3.174490
1110 32 16 64 64 3.662060
1110 450 126 36 36 0.067533
1110 459 126 36 36 4.593956
1110 8 112 32 32 0.016540
1110 16 112 32 32 0.169944
1110 384 128 32 32 0.839672
1110 384 136 32 32 4.020121
1110 384 144 32 32 2.580678
1110 14 126 28 28 0.711891
1110 21 119 28 28 0.202689
1110 21 126 28 28 1.667667
1110 245 98 28 28 3.016639
1110 469 133 28 28 0.883349
1110 96 96 24 24 3.185040
1110 96 102 24 24 1.178348
1110 204 114 24 24 0.399404
1110 210 114 24 24 0.645550
1140 459 162 36 36 0.113004
1140 384 136 32 32 0.630932
1140 238 98 28 28 0.323533
1140 343 119 28 28 1.146592
1140 350 112 28 28 2.200500
1170 192 36 48 48 2.113828
1170 192 36 48 48 2.113828
1170 343 112 28 28 0.842181
1170 357 112 28 28 2.308330
1170 204 6 24 24 0.616689
1170 480 210 24 24 0.127177
1200 192 36 48 48 2.667802
1200 192 36 48 48 2.667802
1200 441 9 36 36 0.622805
1200 245 98 28 28 0.404598
1200 357 112 28 28 0.376455
1200 448 119 28 28 1.905237
1200 448 126 28 28 4.459583
1200 455 119 28 28 0.228738
1200 455 126 28 28 3.159202
1200 455 133 28 28 0.665490
1230 192 36 48 48 2.130294
1230 192 36 48 48 2.130294
1230 168 112 28 28 3.855206
1230 168 119 28 28 9.054610
1230 168 126 28 28 2.183936
1230 336 119 28 28 0.011567
1230 343 112 28 28 0.464008
1230 343 119 28 28 0.182746
1230 350 112 28 28 0.848298
1230 350 119 28 28 0.929252
1230 357 112 28 28 2.129214
1230 357 119 28 28 2.990701
1230 448 119 28 28 2.077675
1230 448 126 28 28 2.436728
1230 455 119 28 28 2.561490
1230 455 126 28 28 3.306961
1230 455 133 28 28 1.888048
1230 462 119 28 28 3.099987
1230 462 126 28 28 4.343660
1230 462 133 28 28 3.537414
1230 469 119 28 28 0.124413
1230 469 126 28 28 0.726524
1230 469 133 28 28 3.825688
1260 136 112 32 32 1.829494
1260 144 112 32 32 4.974610
1260 21 0 28 28 1.922318
1260 154 112 28 28 0.142146
1260 154 119 28 28 5.350617
1260 154 126 28 28 4.387243
1260 168 112 28 28 1.706978
1260 168 119 28 28 5.636116
1260 168 126 28 28 2.258347
1260 336 119 28 28 4.642638
1260 343 112 28 28 0.930396
1260 343 119 28 28 5.253362
1260 350 119 28 28 4.204084
1260 350 126 28 28 1.101517
1260 357 119 28 28 1.179451
1260 448 119 28 28 4.406844
1260 448 126 28 28 4.671651
1260 448 133 28 28 0.205813
1260 210 114 24 24 5.513341
1290 198 288 36 36 4.238733
1290 198 297 36 36 6.312385
1290 198 306 36 36 4.691619
1290 216 288 36 36 0.884823
1290 216 297 36 36 4.632984
1290 216 306 36 36 3.421970
1290 288 297 36 36 1.584190
1290 288 306 36 36 0.983423
1290 297 297 36 36 3.445874
1290 297 306 36 36 2.952772
1290 306 297 36 36 0.345328
1290 306 306 36 36 2.151758
1290 315 297 36 36 0.290336
1290 315 306 36 36 2.184823
1290 128 112 32 32 4.115961
1290 136 112 32 32 2.599380
1290 144 112 32 32 1.083314
1290 408 112 32 32 0.055203
1290 336 119 28 28 3.706655
1290 343 119 28 28 4.995743
1290 343 126 28 28 0.216766
1290 350 112 28 28 1.910593
1290 350 119 28 28 7.595995
1290 350 126 28 28 2.379885
1290 357 112 28 28 0.400048
1290 357 119 28 28 6.729187
1290 357 126 28 28 1.991558
1290 455 119 28 28 0.890820
1290 455 126 28 28 2.469790
1290 455 133 28 28 0.273707
1290 462 119 28 28 0.406551
1290 462 126 28 28 7.791851
1290 462 133 28 28 2.593118
1290 469 126 28 28 6.860010
1290 469 133 28 28 4.375868
1290 198 114 24 24 0.176726
1290 204 114 24 24 2.996810
1290 210 114 24 24 0.067257
1290 294 306 24 24 0.196770
1290 300 306 24 24 0.569203
1320 32 16 64 64 1.102489
1320 176 112 32 32 2.285016
1320 192 0 32 32 0.244974
1320 21 0 28 28 0.268612
1320 343 119 28 28 1.841636
1320 343 126 28 28 2.758307
1320 350 119 28 28 4.163081
1320 350 126 28 28 4.818856
1320 357 119 28 28 3.151008
1320 357 126 28 28 6.001129
1320 357 133 28 28 3.043093
1320 448 133 28 28 2.738355
1320 455 126 28 28 3.381103
1320 455 133 28 28 15.927877
1320 462 126 28 28 5.784276
1320 462 133 28 28 17.197067
1320 469 126 28 28 2.208683
1320 469 133 28 28 9.632029
1320 204 12 24 24 0.966892
1320 204 18 24 24 1.886402
1320 210 18 24 24 2.004224
1320 402 6 24 24 0.169478
1350 288 32 64 64 0.247708
1350 0 126 36 36 6.535727
1350 0 144 36 36 1.491766
1350 9 126 36 36 2.577692
1350 9 144 36 36 2.060523
1350 0 136 32 32 3.177816
1350 0 144 32 32 4.782629
1350 0 152 32 32 3.018119
1350 8 128 32 32 1.156351
1350 8 136 32 32 9.877855
1350 8 144 32 32 6.321432
1350 8 152 32 32 2.259859
1350 16 128 32 32 0.719690
1350 16 136 32 32 7.037479
1350 16 144 32 32 5.377242
1350 16 152 32 32 3.864120
1350 24 136 32 32 4.990458
1350 24 144 32 32 3.697879
1350 128 112 32 32 0.992510
1350 126 112 28 28 4.400712
1350 126 119 28 28 5.732780
1350 126 126 28 28 5.167465
1350 168 112 28 28 3.183107
1350 168 119 28 28 0.089581
1350 336 126 28 28 0.155340
1350 357 126 28 28 1.651489
1350 469 126 28 28 1.583560
1350 469 133 28 28 4.052596
1350 192 0 24 24 0.821731
1350 210 114 24 24 1.134131
1380 176 112 32 32 3.333998
1380 400 136 32 32 2.907641
1380 400 144 32 32 1.232368
1380 408 136 32 32 2.888524
1380 408 144 32 32 3.819023
1380 112 119 28 28 0.643207
1380 119 112 28 28 0.585005
1380 119 119 28 28 4.038837
1380 126 119 28 28 0.094476
1380 168 112 28 28 4.174269
1380 168 119 28 28 5.289381
1380 168 126 28 28 4.353284
1410 16 0 64 64 2.102899
1410 352 198 44 44 0.798414
1410 352 209 44 44 0.221371
1410 363 209 44 44 2.880758
1410 441 144 36 36 0.504290
1410 450 144 36 36 4.047308
1410 459 126 36 36 3.911727
1410 459 144 36 36 5.045167
1410 459 153 36 36 2.847441
1410 136 112 32 32 0.789268
1410 144 112 32 32 5.542088
1410 392 152 32 32 1.098837
1410 112 112 28 28 6.211683
1410 112 119 28 28 2.582497
1410 154 112 28 28 9.560366
1410 154 119 28 28 6.508294
1410 154 126 28 28 4.052711
1410 154 133 28 28 0.685472
1410 168 112 28 28 1.628558
1410 168 119 28 28 0.041234
1410 224 7 28 28 1.658108
1410 231 7 28 28 1.020682
1410 238 119 28 28 0.029398
1410 238 126 28 28 0.394091
1410 108 114 24 24 2.239249
1410 204 114 24 24 0.002127
1410 210 114 24 24 0.388747
1410 480 192 24 24 4.901932
1410 480 198 24 24 8.495518
1410 498 192 24 24 0.019038
1440 48 0 64 64 1.601218
1440 48 16 64 64 2.228776
1440 432 162 36 36 2.303126
1440 441 153 36 36 5.564061
1440 441 162 36 36 6.636610
1440 441 171 36 36 2.834749
1440 450 153 36 36 5.258430
1440 450 162 36 36 4.621389
1440 459 162 36 36 2.767477
1440 128 112 32 32 4.291268
1440 136 112 32 32 5.429802
1440 144 112 32 32 4.322482
1440 14 133 28 28 0.423948
1440 119 126 28 28 2.158176
1440 119 133 28 28 1.662515
1440 126 112 28 28 4.071532
1440 126 119 28 28 4.386025
1440 126 126 28 28 4.201533
1440 126 133 28 28 2.239020
1440 154 112 28 28 4.378084
1440 154 119 28 28 2.415582
1440 154 126 28 28 1.010505
1440 238 112 28 28 0.665060
1440 245 112 28 28 1.408188
1440 245 119 28 28 1.917928
1440 144 108 24 24 4.346557
1440 144 114 24 24 11.392894
1440 192 114 24 24 0.891780
1440 198 114 24 24 0.560605
1440 210 0 24 24 1.182525
1440 384 114 24 24 1.709654
1440 390 114 24 24 2.749023
1440 402 192 24 24 0.283324
1440 402 300 24 24 0.365065
1440 402 306 24 24 1.818780
1440 480 210 24 24 0.364214
1440 486 210 24 24 0.903404
1470 32 0 64 64 2.550705
1470 32 16 64 64 1.009371
1470 48 0 64 64 1.827038
1470 48 16 64 64 2.562808
1470 192 36 48 48 0.533247
1470 204 36 48 48 0.015744
1470 192 36 48 48 0.533247
1470 204 36 48 48 0.015744
1470 459 126 36 36 0.030191
1470 128 112 32 32 3.013990
1470 384 112 32 32 0.533836
1470 112 126 28 28 0.253463
1470 119 112 28 28 1.306499
1470 119 119 28 28 1.953140
1470 119 126 28 28 1.496434
1470 126 112 28 28 12.459029
1470 126 119 28 28 4.708372
1470 231 112 28 28 2.922979
1470 238 112 28 28 5.055331
1470 238 119 28 28 0.244430
1470 245 112 28 28 2.068038
1470 245 119 28 28 2.329274
1470 455 133 28 28 2.605949
1470 462 133 28 28 1.536287
1470 469 119 28 28 0.690403
1470 469 133 28 28 0.501872
1470 132 108 24 24 0.344960
1470 132 114 24 24 4.895845
1470 144 114 24 24 1.755886
1470 192 114 24 24 3.338794
1470 198 114 24 24 3.872045
1470 390 114 24 24 1.831399
1500 352 0 64 64 3.468995
1500 192 36 48 48 4.052606
1500 204 36 48 48 2.777580
1500 192 36 48 48 4.052606
1500 204 36 48 48 2.777580
1500 0 245 28 28 0.276959
1500 112 112 28 28 0.469933
1500 168 112 28 28 4.741138
1500 231 21 28 28 0.117558
1500 448 126 28 28 1.475593
1500 455 126 28 28 3.282139
1500 462 126 28 28 0.775293
1500 108 102 24 24 0.355091
1500 108 108 24 24 0.294601
1500 108 114 24 24 0.428842
1530 352 0 64 64 2.308198
1530 119 112 28 28 0.282883
1530 119 119 28 28 0.355588
1530 126 112 28 28 4.311204
1530 126 133 28 28 0.081477
1530 224 112 28 28 0.066811
1530 455 119 28 28 1.194012
1530 455 126 28 28 2.043545
1530 462 119 28 28 3.723501
1530 462 126 28 28 3.916140
1530 462 133 28 28 3.268968
1530 469 119 28 28 3.840029
1530 469 126 28 28 5.057131
1530 469 133 28 28 4.527802
1530 198 6 24 24 0.616207
1530 210 18 24 24 1.448302
1530 210 114 24 24 1.472458
1560 16 0 64 64 1.358945
1560 32 0 64 64 0.042943
1560 192 112 32 32 1.817410
1560 357 112 28 28 2.047616
1560 357 119 28 28 1.123549
1560 96 96 24 24 0.606851
1560 192 0 24 24 2.282371
1560 192 6 24 24 1.042223
1560 198 114 24 24 1.647574
1560 204 0 24 24 0.664187
1590 0 16 64 64 1.616342
1590 0 32 64 64 0.626406
1590 176 33 44 44 1.545254
1590 176 112 32 32 0.406595
1590 192 112 32 32 2.052259
1590 119 119 28 28 1.478704
1590 119 126 28 28 3.891135
1590 119 133 28 28 3.761251
1590 126 119 28 28 0.542441
1590 126 126 28 28 1.161750
1590 0 114 24 24 0.820802
1590 198 102 24 24 0.800198
1590 204 102 24 24 0.184225
1590 204 114 24 24 1.941467
1590 210 114 24 24 2.411428
1620 352 0 64 64 1.156853
1620 22 198 44 44 1.667124
1620 22 209 44 44 0.909606
1620 136 128 32 32 1.634717
1620 136 136 32 32 0.946893
1620 176 112 32 32 0.962620
1620 192 112 32 32 2.546033
1620 392 128 32 32 2.271098
1620 392 136 32 32 0.269741
1620 154 126 28 28 4.535129
1620 154 133 28 28 4.728371
1620 168 126 28 28 2.531222
1620 168 133 28 28 4.863373
1620 455 119 28 28 0.147827
1620 0 108 24 24 1.981146
1620 0 114 24 24 3.117748
1620 6 114 24 24 2.226310
1620 12 114 24 24 1.248192
1650 22 198 44 44 0.517375
1650 21 231 28 28 0.849496
1650 21 238 28 28 1.138582
1650 168 112 28 28 1.421019
1650 168 119 28 28 2.991207
1650 168 126 28 28 0.078015
1650 231 119 28 28 6.282150
1650 231 126 28 28 4.259698
1650 231 133 28 28 2.006399
1650 238 112 28 28 1.001512
1650 238 119 28 28 7.644685
1650 238 126 28 28 4.952331
1650 238 133 28 28 1.645371
1650 245 119 28 28 0.576671
1650 245 126 28 28 1.623550
1650 0 108 24 24 2.793690
1650 0 114 24 24 6.611995
1650 0 210 24 24 0.002731
1650 6 108 24 24 2.176867
1650 6 114 24 24 6.197793
1650 12 114 24 24 1.337140
1650 198 12 24 24 0.568536
1650 204 6 24 24 0.044333
1650 204 12 24 24 1.988329
1650 204 18 24 24 0.400833
1650 204 114 24 24 0.666165
1650 210 12 24 24 1.739095
1650 210 18 24 24 0.307653
1650 210 108 24 24 1.401811
1650 210 114 24 24 2.729696
1650 498 114 24 24 0.119156
1680 33 198 44 44 0.304947
1680 315 126 36 36 2.219957
1680 408 112 32 32 2.600724
1680 0 224 28 28 2.008354
1680 0 231 28 28 1.251036
1680 7 224 28 28 0.040471
1680 168 112 28 28 2.091728
1680 336 112 28 28 7.848732
1680 336 119 28 28 11.672372
1680 336 126 28 28 3.457620
1680 336 133 28 28 0.772267
1680 343 112 28 28 7.265000
1680 343 119 28 28 9.960841
1680 343 126 28 28 3.966977
1680 343 133 28 28 2.338815
1680 350 112 28 28 6.707941
1680 350 119 28 28 7.435684
1680 350 126 28 28 3.501247
1680 350 133 28 28 3.475477
1680 357 112 28 28 0.756179
1680 357 119 28 28 1.219734
1680 357 133 28 28 1.739926
1680 455 126 28 28 0.225230
1680 455 133 28 28 0.945869
1680 462 119 28 28 2.626806
1680 462 126 28 28 0.572374
1680 0 108 24 24 3.595409
1680 0 114 24 24 3.876878
1680 6 108 24 24 0.595110
1680 6 114 24 24 2.600519
1680 12 108 24 24 0.883723
1680 12 114 24 24 2.930799
1680 12 210 24 24 0.112817
1680 18 114 24 24 1.574429
1680 198 108 24 24 2.363688
1680 204 108 24 24 6.819605
1680 204 114 24 24 5.433128
1680 210 102 24 24 2.542579
1680 210 108 24 24 10.172684
1680 210 114 24 24 7.592105
1680 384 114 24 24 2.294461
1710 0 192 48 48 1.972367
1710 0 204 48 48 0.402102
1710 0 192 48 48 1.972367
1710 0 204 48 48 0.402102
1710 0 176 44 44 1.547020
1710 0 187 44 44 2.389221
1710 0 198 44 44 2.529625
1710 0 209 44 44 0.015098
1710 11 198 44 44 0.613620
1710 0 170 40 40 0.380343
1710 10 170 40 40 2.238553
1710 10 180 40 40 3.079109
1710 10 190 40 40 2.784521
1710 21 224 28 28 0.399830
1710 168 112 28 28 3.331069
1710 168 119 28 28 0.822059
1710 448 112 28 28 2.601011
1710 448 119 28 28 8.644262
1710 448 126 28 28 7.968576
1710 455 119 28 28 8.045693
1710 455 126 28 28 7.289289
1710 455 133 28 28 2.464604
1710 462 119 28 28 1.433995
1710 462 126 28 28 2.078899
1710 462 133 28 28 3.630835
1710 469 133 28 28 6.031218
1710 102 192 24 24 1.672956
1710 204 108 24 24 0.236368
1710 204 114 24 24 3.259960
1710 210 108 24 24 1.700913
1710 210 114 24 24 4.346801
1710 402 114 24 24 1.462879
1740 12 168 48 48 1.936965
1740 216 168 48 48 0.918728
1740 12 168 48 48 1.936965
1740 216 168 48 48 0.918728
1740 22 176 44 44 4.023403
1740 22 187 44 44 3.968189
1740 33 187 44 44 1.905066
1740 242 176 44 44 1.178263
1740 30 170 40 40 1.166265
1740 30 180 40 40 4.521075
1740 30 190 40 40 4.850747
1740 340 190 40 40 0.473790
1740 153 306 36 36 2.644768
1740 162 297 36 36 0.996294
1740 162 306 36 36 4.308519
1740 198 297 36 36 1.673517
1740 198 306 36 36 4.306221
1740 216 306 36 36 0.648791
1740 0 144 32 32 0.192063
1740 8 144 32 32 1.177385
1740 16 144 32 32 2.294122
1740 400 112 32 32 1.678625
1740 400 128 32 32 1.353432
1740 408 128 32 32 0.067404
1740 154 112 28 28 2.724189
1740 154 133 28 28 1.764740
1740 462 112 28 28 1.551405
1740 462 119 28 28 0.022112
1740 469 119 28 28 0.165626
1740 204 114 24 24 1.853955
1740 210 114 24 24 2.661360
1770 8 152 32 32 0.459847
1770 16 144 32 32 0.550357
1770 16 152 32 32 0.200527
1770 24 144 32 32 1.871305
1770 126 98 28 28 0.475811
1770 132 96 24 24 1.113337
1770 132 102 24 24 1.424155
1770 198 114 24 24 1.837740
1770 204 0 24 24 0.939600
1770 204 6 24 24 0.669927
1770 204 114 24 24 2.925792
1770 210 6 24 24 2.893550
1800 48 0 64 64 0.762326
1800 48 16 64 64 0.546641
1800 10 140 40 40 3.854374
1800 20 140 40 40 1.967109
1800 18 162 36 36 1.893857
1800 245 98 28 28 2.099916
1800 469 7 28 28 3.260737
1800 96 96 24 24 1.460575
1800 102 96 24 24 4.384791
1800 108 96 24 24 3.166500
1800 192 114 24 24 3.263843
1800 198 114 24 24 5.838604
1800 204 114 24 24 0.105415
1800 396 192 24 24 3.159583
1800 396 198 24 24 2.323181
1800 396 204 24 24 1.899836
1800 396 210 24 24 1.249547
1800 402 210 24 24 1.829723
1830 16 16 64 64 1.088231
1830 32 16 64 64 1.900672
1830 420 192 48 48 0.867406
1830 420 192 48 48 0.867406
1830 288 288 36 36 1.280138
1830 297 288 36 36 1.166555
1830 297 297 36 36 0.272523
1830 306 288 36 36 1.027782
1830 306 297 36 36 0.511201
1830 315 288 36 36 0.347212
1830 315 297 36 36 1.724372
1830 315 306 36 36 0.280337
1830 408 112 32 32 0.510230
1830 245 98 28 28 0.734877
1830 192 114 24 24 9.930186
1830 198 114 24 24 7.038172
1860 297 288 36 36 1.907124
1860 315 288 36 36 0.914766
1860 432 126 36 36 1.548298
1860 16 112 32 32 0.387033
1860 16 128 32 32 1.092655
1860 24 128 32 32 0.905263
1860 256 280 32 32 3.541082
1860 168 98 28 28 3.516598
1860 168 112 28 28 2.030504
1860 448 112 28 28 3.008291
1860 448 119 28 28 2.681036
1860 448 126 28 28 4.815007
1860 448 133 28 28 10.853181
1860 455 112 28 28 3.775937
1860 455 119 28 28 1.488581
1860 455 126 28 28 5.246820
1860 455 133 28 28 11.466745
1860 462 119 28 28 1.008233
1860 462 126 28 28 3.500504
1860 462 133 28 28 4.798913
1890 450 162 36 36 1.692510
1890 459 126 36 36 1.142668
1890 459 144 36 36 0.265027
1890 0 128 32 32 2.401406
1890 0 152 32 32 3.300050
1890 0 126 28 28 3.009772
1890 0 133 28 28 1.268235
1890 7 126 28 28 2.247858
1890 7 133 28 28 5.151938
1890 154 98 28 28 1.411364
1890 154 112 28 28 6.464507
1890 231 98 28 28 1.491233
1890 238 98 28 28 3.598401
1890 245 98 28 28 3.394873
1890 469 133 28 28 3.096678
1890 210 114 24 24 4.662014
1920 32 0 64 64 1.239110
1920 32 16 64 64 0.592115
1920 32 32 64 64 3.026715
1920 48 16 64 64 1.387438
1920 48 32 64 64 1.805819
1920 48 48 64 64 1.748175
1920 126 98 28 28 0.996710
1920 126 112 28 28 4.580235
1920 168 224 28 28 0.643740
1920 224 98 28 28 0.061932
1920 238 98 28 28 2.702321
1920 245 98 28 28 7.070492
1920 336 126 28 28 1.977576
1920 336 133 28 28 0.211743
1920 462 119 28 28 1.541101
1920 462 133 28 28 0.189297
1920 132 102 24 24 0.276350
1920 132 108 24 24 0.588767
