30 408 128 32 32 0.522871
30 6 114 24 24 0.888185
30 12 114 24 24 0.542753
60 459 126 36 36 1.027619
90 432 126 36 36 1.200663
90 408 128 32 32 3.476407
120 288 32 64 64 0.623983
120 154 126 28 28 1.708098
120 154 133 28 28 1.065470
150 450 126 36 36 1.833942
150 459 126 36 36 2.508992
150 392 144 32 32 5.290673
150 392 152 32 32 0.485176
150 400 144 32 32 4.852119
150 400 152 32 32 2.077979
150 408 144 32 32 5.068890
150 408 152 32 32 2.555151
150 112 126 28 28 1.334078
150 119 126 28 28 1.144984
150 294 192 24 24 0.274211
180 432 144 36 36 2.650849
180 432 153 36 36 1.351073
180 441 144 36 36 2.312664
180 441 153 36 36 2.157351
180 450 144 36 36 0.223043
180 450 153 36 36 1.206352
180 168 119 28 28 1.768162
210 9 126 36 36 3.263810
210 18 126 36 36 2.616539
210 27 126 36 36 1.413703
210 8 144 32 32 1.840644
210 16 136 32 32 2.361090
210 16 144 32 32 3.110670
210 16 152 32 32 0.214188
210 24 136 32 32 1.396157
210 24 144 32 32 1.400859
210 24 152 32 32 1.996144
210 455 126 28 28 0.670898
210 462 126 28 28 1.299833
210 469 126 28 28 2.096614
210 469 133 28 28 0.944268
210 192 114 24 24 0.535795
240 32 32 64 64 0.341908
240 0 136 32 32 1.735382
240 0 144 32 32 1.740620
240 8 144 32 32 0.813856
240 112 112 28 28 3.262570
240 119 112 28 28 2.090370
270 32 32 64 64 1.103986
270 315 144 36 36 0.241087
270 24 128 32 32 0.551707
270 343 126 28 28 1.469439
270 469 126 28 28 2.621959
270 469 133 28 28 3.924232
300 272 48 64 64 1.239873
300 24 168 48 48 2.793686
300 24 168 48 48 2.793686
300 33 154 44 44 3.224701
300 33 176 44 44 3.003326
300 30 180 40 40 0.880150
300 384 144 32 32 1.127798
300 350 133 28 28 0.591680
300 357 126 28 28 0.460004
300 357 133 28 28 2.138168
330 385 154 44 44 0.340850
330 10 140 40 40 5.340772
330 20 140 40 40 5.925217
330 30 140 40 40 4.938070
330 9 144 36 36 0.338638
330 18 144 36 36 3.901004
330 18 153 36 36 2.811142
330 27 144 36 36 6.032141
330 27 153 36 36 4.873663
330 432 153 36 36 2.960727
330 0 128 32 32 1.734090
330 8 112 32 32 0.078866
330 136 128 32 32 0.320577
330 136 136 32 32 1.431369
330 0 126 28 28 3.495038
330 0 133 28 28 4.603808
330 7 126 28 28 3.203872
330 7 133 28 28 7.856387
330 14 126 28 28 2.745876
330 14 133 28 28 3.678591
330 21 133 28 28 1.213359
330 132 192 24 24 1.634503
330 144 192 24 24 0.928928
360 0 32 64 64 1.120687
360 16 32 64 64 1.505488
360 16 48 64 64 4.247674
360 32 32 64 64 0.099446
360 32 48 64 64 5.236242
360 144 126 36 36 0.960508
360 432 153 36 36 0.827462
360 392 144 32 32 0.481669
360 400 144 32 32 1.444153
360 408 144 32 32 2.224012
360 408 152 32 32 2.350135
390 128 128 32 32 0.003234
390 128 136 32 32 1.849175
390 128 144 32 32 0.159445
390 176 128 32 32 0.162106
390 392 24 32 32 1.011249
390 126 133 28 28 2.745054
390 480 204 24 24 2.251962
390 486 198 24 24 1.269327
390 486 204 24 24 5.734833
390 486 210 24 24 3.832062
390 492 198 24 24 0.247705
390 492 204 24 24 3.100279
390 492 210 24 24 2.848241
390 498 198 24 24 1.099875
390 498 204 24 24 2.768390
390 498 210 24 24 3.733755
420 374 0 44 44 0.035973
420 385 0 44 44 0.551132
420 136 112 32 32 0.330076
420 136 128 32 32 4.477721
420 144 112 32 32 1.278310
420 144 128 32 32 5.600719
420 144 136 32 32 2.823017
420 154 133 28 28 2.588292
450 385 0 44 44 0.326510
450 128 112 32 32 2.326368
450 136 112 32 32 0.418795
480 128 112 32 32 2.933683
480 136 112 32 32 4.268782
480 154 112 28 28 3.099707
480 154 119 28 28 2.094651
480 462 119 28 28 1.710775
480 462 126 28 28 0.543054
510 128 112 32 32 2.672514
510 136 112 32 32 2.240537
510 144 112 32 32 0.695484
510 21 98 28 28 0.233770
510 154 112 28 28 3.720850
510 154 119 28 28 0.612199
540 126 112 28 28 1.367678
540 6 102 24 24 0.078501
540 18 96 24 24 0.404842
570 448 126 28 28 0.735086
600 192 112 32 32 0.150078
600 154 112 28 28 0.528916
600 455 126 28 28 0.451051
600 462 126 28 28 1.429612
600 469 119 28 28 2.022308
600 469 126 28 28 2.688590
630 448 126 28 28 2.565472
630 448 133 28 28 1.200171
630 455 126 28 28 2.388993
630 132 84 24 24 0.340419
660 459 126 36 36 0.334933
660 469 133 28 28 2.279656
660 108 102 24 24 1.135606
660 108 108 24 24 1.671180
690 0 7 28 28 3.645891
690 0 14 28 28 3.298416
690 7 7 28 28 1.582425
690 112 7 28 28 0.998007
690 119 7 28 28 1.231902
690 224 0 28 28 5.814507
690 224 7 28 28 4.495468
690 224 14 28 28 0.404213
690 231 0 28 28 3.508661
690 231 7 28 28 2.431460
690 231 14 28 28 0.808930
690 238 0 28 28 1.265342
690 238 7 28 28 1.420733
690 245 0 28 28 1.107708
690 245 7 28 28 1.626057
690 336 0 28 28 5.251243
690 336 7 28 28 2.902755
690 343 0 28 28 0.453588
690 455 0 28 28 3.283548
690 455 126 28 28 0.904674
690 455 133 28 28 0.290839
690 462 0 28 28 3.683161
690 462 126 28 28 2.126409
690 469 0 28 28 0.087877
690 0 18 24 24 7.682349
690 6 18 24 24 6.348035
690 12 18 24 24 3.142795
690 132 12 24 24 2.544296
690 132 18 24 24 0.024419
690 144 12 24 24 3.985198
690 144 18 24 24 2.030047
690 192 12 24 24 0.404346
690 198 12 24 24 2.398176
690 204 12 24 24 2.206951
690 204 18 24 24 0.155062
690 492 12 24 24 0.467810
690 498 12 24 24 2.095661
720 48 0 64 64 2.060949
720 448 119 28 28 4.652814
720 448 126 28 28 7.432261
720 448 133 28 28 5.033260
720 455 119 28 28 6.406938
720 455 126 28 28 8.625518
720 455 133 28 28 5.691717
720 462 119 28 28 5.962471
720 462 126 28 28 4.762384
720 469 119 28 28 0.286797
750 280 112 32 32 0.075677
750 455 112 28 28 1.788664
750 462 119 28 28 1.917124
750 144 114 24 24 0.490495
780 14 98 28 28 0.449009
780 21 98 28 28 1.563809
780 126 98 28 28 0.387799
780 18 96 24 24 0.587804
780 18 102 24 24 0.560592
780 192 114 24 24 1.651140
780 198 108 24 24 1.935066
780 198 114 24 24 2.953939
780 498 114 24 24 3.485182
810 280 128 32 32 0.636135
810 0 119 28 28 0.457789
810 462 98 28 28 1.063609
810 469 98 28 28 3.082830
810 144 84 24 24 4.368088
810 480 102 24 24 1.041713
810 480 108 24 24 4.349370
810 480 114 24 24 1.978143
810 486 108 24 24 2.032598
810 486 114 24 24 2.040997
810 492 108 24 24 2.219334
840 12 24 48 48 0.425752
840 12 36 48 48 0.015781
840 24 24 48 48 0.224649
840 36 36 48 48 0.644707
840 12 24 48 48 0.425752
840 12 36 48 48 0.015781
840 24 24 48 48 0.224649
840 36 36 48 48 0.644707
840 7 112 28 28 0.524799
840 0 84 24 24 0.373808
840 492 96 24 24 1.648938
840 498 96 24 24 2.027343
840 498 102 24 24 0.704496
870 22 154 44 44 0.371261
870 20 170 40 40 1.336759
870 20 180 40 40 1.798768
870 30 170 40 40 1.824255
870 30 180 40 40 2.212590
870 224 98 28 28 5.488997
870 231 98 28 28 7.249151
870 238 98 28 28 4.988254
870 245 98 28 28 2.441963
870 210 102 24 24 2.297378
870 210 108 24 24 2.668225
900 288 32 64 64 0.190155
900 288 48 64 64 2.878031
900 11 33 44 44 0.883520
900 20 30 40 40 0.425017
900 392 136 32 32 0.285101
900 408 144 32 32 2.268951
900 408 152 32 32 2.489969
900 231 98 28 28 0.307604
900 231 112 28 28 2.961824
900 238 98 28 28 2.910966
900 238 112 28 28 1.008064
900 245 98 28 28 0.072523
900 102 192 24 24 1.876296
900 102 198 24 24 3.523403
900 102 204 24 24 2.370639
900 108 192 24 24 5.444744
900 108 198 24 24 5.989225
900 108 204 24 24 3.496817
900 192 108 24 24 0.282867
900 192 114 24 24 0.859469
900 198 108 24 24 4.004081
900 198 114 24 24 2.751683
900 204 108 24 24 4.975268
900 204 114 24 24 4.531853
900 210 108 24 24 1.501189
900 384 108 24 24 2.081477
900 390 108 24 24 3.248044
900 390 114 24 24 2.555014
900 396 108 24 24 2.399421
900 396 114 24 24 1.173403
900 480 192 24 24 0.631983
930 288 48 64 64 2.270874
930 352 48 64 64 0.034086
930 144 126 36 36 0.560569
930 432 144 36 36 2.684761
930 432 153 36 36 0.922989
930 441 144 36 36 3.083559
930 441 153 36 36 0.315099
930 441 162 36 36 1.068218
930 441 171 36 36 3.483779
930 450 144 36 36 0.126244
930 450 171 36 36 1.399396
930 224 112 28 28 2.605925
930 231 112 28 28 3.822786
930 238 112 28 28 2.573915
930 238 119 28 28 0.155835
930 245 112 28 28 1.402650
930 448 112 28 28 0.974325
930 455 112 28 28 0.385774
930 210 96 24 24 1.147273
930 384 114 24 24 1.404777
930 390 114 24 24 2.904080
930 396 114 24 24 2.599221
930 480 198 24 24 1.522618
930 480 204 24 24 1.418711
930 498 204 24 24 0.169954
960 0 0 64 64 1.866200
960 272 48 64 64 0.034441
960 288 48 64 64 1.639707
960 162 126 36 36 3.298972
960 176 112 32 32 1.815178
960 176 128 32 32 8.084734
960 176 136 32 32 3.637162
960 264 144 32 32 0.264093
960 264 152 32 32 1.035638
960 357 98 28 28 0.776731
960 455 119 28 28 1.799521
960 462 119 28 28 2.235867
960 469 112 28 28 1.667992
960 469 119 28 28 3.818447
960 192 108 24 24 2.568542
960 192 114 24 24 0.811973
960 198 114 24 24 0.143023
990 256 32 64 64 1.812205
990 256 48 64 64 1.430067
990 272 48 64 64 0.817217
990 168 112 28 28 2.290529
990 336 112 28 28 2.083337
990 343 112 28 28 0.129961
990 448 119 28 28 0.888103
990 455 119 28 28 0.700756
990 144 84 24 24 0.299059
990 144 96 24 24 0.832902
990 144 102 24 24 2.636564
990 144 108 24 24 1.709210
990 198 114 24 24 0.270346
1020 256 0 64 64 2.058922
1020 256 16 64 64 3.677465
1020 256 32 64 64 0.660538
1020 272 16 64 64 2.196697
1020 272 32 64 64 0.745953
1020 288 36 48 48 1.352360
1020 288 36 48 48 1.352360
1020 112 112 28 28 1.500701
1020 112 119 28 28 2.705356
1020 154 112 28 28 1.634178
1020 357 119 28 28 2.350012
1020 357 126 28 28 2.819414
1020 448 119 28 28 1.949484
1020 448 126 28 28 3.858019
1020 448 133 28 28 4.415107
1020 96 102 24 24 4.035243
1020 96 108 24 24 5.508665
1020 96 114 24 24 6.546487
1020 102 102 24 24 1.953262
1020 102 108 24 24 4.583768
1020 102 114 24 24 6.591665
1020 108 108 24 24 0.226440
1020 108 114 24 24 1.783743
1050 0 0 64 64 2.674518
1050 0 16 64 64 1.653631
1050 16 0 64 64 0.908668
1050 16 16 64 64 2.439986
1050 32 0 64 64 5.557576
1050 32 16 64 64 5.289967
1050 48 0 64 64 6.640752
1050 48 16 64 64 5.198981
1050 48 32 64 64 0.374945
1050 256 0 64 64 5.753482
1050 256 16 64 64 4.255129
1050 272 0 64 64 4.042589
1050 272 16 64 64 4.190364
1050 288 0 64 64 2.480873
1050 288 16 64 64 2.354668
1050 0 36 48 48 0.712859
1050 12 36 48 48 4.411082
1050 24 36 48 48 4.414534
1050 36 36 48 48 2.597906
1050 288 36 48 48 5.770278
1050 0 36 48 48 0.712859
1050 12 36 48 48 4.411082
1050 24 36 48 48 4.414534
1050 36 36 48 48 2.597906
1050 288 36 48 48 5.770278
1050 450 126 36 36 1.865595
1050 459 126 36 36 0.250933
1050 128 112 32 32 1.956673
1050 136 112 32 32 1.731339
1050 280 112 32 32 2.750031
1050 7 98 28 28 0.285097
1050 119 112 28 28 0.508211
1050 126 112 28 28 0.556473
1050 126 119 28 28 3.067852
1050 168 112 28 28 2.074283
1050 343 119 28 28 0.226905
1050 343 126 28 28 0.922869
1050 350 126 28 28 7.465218
1050 350 133 28 28 4.984632
1050 357 126 28 28 7.990265
1050 357 133 28 28 6.724550
1050 448 126 28 28 2.650133
1050 448 133 28 28 1.945489
1050 455 119 28 28 0.285400
1050 455 126 28 28 5.355659
1050 455 133 28 28 6.566103
1050 462 126 28 28 4.310839
1050 462 133 28 28 7.634243
1050 469 126 28 28 3.815571
1050 469 133 28 28 7.282835
1080 0 16 64 64 1.083530
1080 0 32 64 64 3.629760
1080 0 48 64 64 4.163731
1080 16 48 64 64 0.014687
1080 32 48 64 64 3.751969
1080 48 48 64 64 3.773898
1080 256 16 64 64 0.933371
1080 272 16 64 64 0.390922
1080 288 0 64 64 2.422077
1080 288 16 64 64 3.486052
1080 352 16 64 64 1.827365
1080 352 32 64 64 3.388904
1080 176 112 32 32 4.116307
1080 192 112 32 32 4.192499
1080 384 112 32 32 5.567247
1080 384 128 32 32 5.841740
1080 384 136 32 32 1.872909
1080 392 112 32 32 3.020493
1080 392 128 32 32 4.176015
1080 392 136 32 32 0.601886
1080 400 112 32 32 3.063643
1080 400 128 32 32 6.233942
1080 400 136 32 32 0.267377
1080 408 112 32 32 5.737441
1080 408 128 32 32 5.242793
1080 408 136 32 32 1.692237
1080 112 98 28 28 0.961919
1080 119 98 28 28 3.128777
1080 126 98 28 28 0.483504
1080 168 98 28 28 1.125400
1080 168 112 28 28 2.212002
1080 336 119 28 28 1.708541
1080 336 126 28 28 1.302424
1080 448 133 28 28 0.346707
1080 192 102 24 24 2.582607
1080 192 108 24 24 3.410505
1080 396 18 24 24 0.198140
1110 0 48 64 64 0.863486
1110 32 0 64 64 0.110045
1110 32 16 64 64 0.392013
1110 32 32 64 64 0.779483
1110 48 0 64 64 1.815588
1110 352 0 64 64 0.501077
1110 352 16 64 64 2.648671
1110 0 126 36 36 2.161904
1110 9 126 36 36 1.405363
1110 0 128 32 32 2.943564
1110 0 136 32 32 4.789491
1110 8 136 32 32 2.150332
1110 16 136 32 32 1.804240
1110 24 144 32 32 0.148753
1110 256 112 32 32 2.575360
1110 264 112 32 32 2.058629
1110 272 112 32 32 2.510364
1110 272 128 32 32 1.667945
1110 280 112 32 32 0.351487
1110 280 128 32 32 1.157088
1110 384 112 32 32 4.857052
1110 392 112 32 32 6.130512
1110 400 112 32 32 5.802446
1110 408 112 32 32 4.023904
1110 408 128 32 32 5.103899
1110 0 112 28 28 2.512165
1110 154 119 28 28 3.477803
1110 168 112 28 28 0.322137
1110 168 119 28 28 5.341617
1110 168 126 28 28 1.569296
1110 224 112 28 28 1.114843
1110 224 119 28 28 2.147000
1110 224 126 28 28 1.353009
1110 231 112 28 28 2.722107
1110 231 119 28 28 3.570998
1110 231 126 28 28 2.679141
1110 231 133 28 28 2.873871
1110 238 112 28 28 3.243122
1110 238 119 28 28 5.648013
1110 238 126 28 28 3.381535
1110 238 133 28 28 2.085843
1110 245 112 28 28 1.336578
1110 245 119 28 28 2.042336
1110 144 84 24 24 0.881050
1110 192 0 24 24 1.105049
1110 192 6 24 24 0.458598
1110 192 114 24 24 1.953750
1110 198 0 24 24 4.644912
1110 198 6 24 24 1.545887
1110 204 0 24 24 3.475002
1110 204 6 24 24 1.060153
1110 480 84 24 24 0.561983
1110 492 96 24 24 1.085442
1140 256 16 64 64 2.806149
1140 256 32 64 64 2.778336
1140 272 0 64 64 3.813281
1140 272 16 64 64 9.118836
1140 272 32 64 64 6.335212
1140 272 48 64 64 2.413066
1140 288 16 64 64 5.277664
1140 288 32 64 64 3.045473
1140 352 32 64 64 2.002256
1140 0 126 36 36 2.248558
1140 450 126 36 36 0.134135
1140 0 136 32 32 3.497162
1140 8 136 32 32 0.388337
1140 128 112 32 32 5.485469
1140 256 112 32 32 2.490578
1140 264 112 32 32 6.131710
1140 264 128 32 32 0.100615
1140 272 112 32 32 7.703949
1140 272 128 32 32 0.710755
1140 280 112 32 32 5.256943
1140 384 112 32 32 1.248670
1140 384 128 32 32 2.862509
1140 408 112 32 32 2.139565
1140 126 112 28 28 1.721456
1140 126 119 28 28 7.836275
1140 126 126 28 28 9.356069
1140 154 119 28 28 5.660089
1140 154 126 28 28 4.400863
1140 168 119 28 28 2.961443
1140 224 126 28 28 4.526118
1140 224 133 28 28 0.654571
1140 231 119 28 28 0.889480
1140 231 126 28 28 4.590908
1140 238 119 28 28 2.789984
1140 238 126 28 28 5.867448
1140 238 133 28 28 3.257414
1140 245 119 28 28 4.499377
1140 245 126 28 28 4.961430
1140 245 133 28 28 1.929060
1140 336 133 28 28 2.442593
1140 357 126 28 28 0.141817
1140 357 133 28 28 4.377353
1140 6 84 24 24 1.571353
1140 12 84 24 24 2.064977
1140 18 84 24 24 2.736972
1140 294 84 24 24 0.269488
1140 384 84 24 24 0.473504
1140 384 96 24 24 4.212776
1140 384 102 24 24 2.408850
1140 390 102 24 24 2.773505
1140 492 84 24 24 2.932240
1140 492 96 24 24 0.079569
1140 498 84 24 24 1.771191
1170 272 32 64 64 2.207012
1170 288 16 64 64 1.228521
1170 288 32 64 64 1.328513
1170 0 126 36 36 1.047949
1170 9 126 36 36 1.078249
1170 18 126 36 36 1.339167
1170 441 126 36 36 2.501016
1170 450 126 36 36 4.223404
1170 459 126 36 36 4.956508
1170 192 112 32 32 8.167803
1170 272 112 32 32 11.220531
1170 280 112 32 32 14.761040
1170 384 112 32 32 6.443347
1170 384 128 32 32 3.240923
1170 392 112 32 32 3.084754
1170 392 128 32 32 2.678961
1170 400 112 32 32 0.480504
1170 400 128 32 32 1.906823
1170 408 112 32 32 0.887505
1170 408 128 32 32 1.577791
1170 231 119 28 28 1.560515
1170 336 126 28 28 3.180974
1170 336 133 28 28 0.313770
1170 343 119 28 28 1.121381
1170 343 126 28 28 4.719388
1170 343 133 28 28 1.058378
1170 350 119 28 28 5.940034
1170 350 126 28 28 7.696670
1170 350 133 28 28 3.546446
1170 357 119 28 28 5.165474
1170 357 126 28 28 4.147935
1170 357 133 28 28 0.721512
1170 448 21 28 28 1.570376
1170 448 126 28 28 3.158859
1170 448 133 28 28 2.524635
1170 455 126 28 28 0.985311
1170 455 133 28 28 1.325671
1170 462 126 28 28 1.617834
1170 462 133 28 28 4.010415
1170 469 133 28 28 3.694304
1170 480 96 24 24 0.343069
1200 256 16 64 64 2.632288
1200 256 32 64 64 2.674011
1200 272 16 64 64 7.313227
1200 272 32 64 64 8.147108
1200 272 48 64 64 2.321386
1200 288 16 64 64 1.216769
1200 288 32 64 64 3.422949
1200 204 0 48 48 1.630572
1200 204 12 48 48 0.877613
1200 204 0 48 48 1.630572
1200 204 12 48 48 0.877613
1200 220 20 40 40 3.273802
1200 220 30 40 40 3.702173
1200 432 126 36 36 8.769413
1200 441 126 36 36 10.451417
1200 450 126 36 36 7.196967
1200 459 126 36 36 1.872334
1200 16 144 32 32 0.675082
1200 336 119 28 28 3.319272
1200 336 126 28 28 11.128709
1200 336 133 28 28 11.298239
1200 343 119 28 28 3.916685
1200 343 126 28 28 7.105642
1200 343 133 28 28 6.836370
1200 350 126 28 28 4.049523
1200 350 133 28 28 6.190048
1200 357 126 28 28 0.751002
1200 357 133 28 28 6.563474
1200 448 126 28 28 0.890046
1200 448 133 28 28 6.622423
1200 455 126 28 28 0.740293
1200 455 133 28 28 10.298995
1200 462 133 28 28 4.964921
1230 385 11 44 44 0.021943
1230 0 144 36 36 0.318109
1230 0 144 32 32 0.269710
1230 198 84 24 24 1.003811
1230 204 84 24 24 4.956701
1230 210 84 24 24 4.068116
1230 486 84 24 24 2.310646
1230 492 84 24 24 4.531855
1230 498 84 24 24 4.366710
1260 330 30 40 40 1.372357
1260 136 112 32 32 3.938579
1260 144 112 32 32 0.067542
1260 112 119 28 28 3.332541
1260 112 126 28 28 1.783403
1260 119 112 28 28 2.507883
1260 119 119 28 28 4.132036
1260 126 112 28 28 0.216709
1260 126 119 28 28 0.179194
1260 154 112 28 28 3.063094
1260 154 119 28 28 2.767779
1260 154 126 28 28 1.320914
1260 350 133 28 28 2.403162
1260 357 133 28 28 3.060695
1260 204 84 24 24 0.045555
1260 384 84 24 24 0.800679
1290 256 0 64 64 1.142125
1290 128 112 32 32 3.790021
1290 128 128 32 32 2.029095
1290 136 112 32 32 1.389879
1290 144 112 32 32 0.512553
1290 264 112 32 32 2.183819
1290 272 112 32 32 8.359566
1290 280 112 32 32 4.496041
1290 119 98 28 28 2.164687
1290 126 126 28 28 1.735455
1290 154 119 28 28 0.358525
1290 154 126 28 28 1.587460
1290 132 108 24 24 2.183326
1290 132 114 24 24 1.866478
1290 144 108 24 24 3.528335
1290 144 114 24 24 2.618427
1290 198 84 24 24 3.408048
1290 204 84 24 24 0.475080
1290 288 114 24 24 1.013304
1320 256 0 64 64 0.624793
1320 256 16 64 64 0.576356
1320 272 0 64 64 1.929975
1320 272 16 64 64 2.505255
1320 176 128 32 32 2.909499
1320 154 126 28 28 2.231908
1320 154 133 28 28 0.585347
1320 168 126 28 28 3.413808
1320 168 133 28 28 3.198691
1320 336 112 28 28 3.593349
1320 336 119 28 28 2.505060
1320 336 126 28 28 2.378345
1320 336 133 28 28 1.435575
1320 343 112 28 28 4.019876
1320 343 119 28 28 4.398693
1320 343 126 28 28 2.015892
1320 350 112 28 28 2.662040
1320 350 119 28 28 2.947176
1320 350 126 28 28 1.158189
1320 357 119 28 28 0.126997
1350 256 32 64 64 2.987538
1350 256 48 64 64 2.430943
1350 352 48 64 64 3.143885
1350 315 144 36 36 0.269413
1350 154 112 28 28 4.105870
1350 168 112 28 28 3.951815
1350 402 192 24 24 6.552394
1350 480 102 24 24 1.486297
1350 480 108 24 24 0.146517
1350 486 102 24 24 2.776576
1350 486 108 24 24 0.121946
1380 176 112 32 32 1.498010
1380 192 112 32 32 1.684475
1380 256 112 32 32 0.007966
1380 264 112 32 32 1.462335
1380 272 112 32 32 2.964178
1380 280 112 32 32 1.689767
1380 14 126 28 28 0.306606
1380 224 112 28 28 2.191008
1380 224 119 28 28 3.091495
1380 224 126 28 28 0.560630
1380 231 112 28 28 1.932227
1380 231 119 28 28 1.966248
1380 238 112 28 28 0.216262
1380 245 112 28 28 2.967770
1380 245 119 28 28 0.662014
1380 0 198 24 24 2.311436
1380 6 198 24 24 2.565126
1380 6 204 24 24 0.939453
1380 288 108 24 24 0.534148
1380 294 114 24 24 0.307751
1380 498 192 24 24 0.546623
1410 0 16 64 64 0.858110
1410 16 0 64 64 0.412963
1410 16 16 64 64 3.125105
1410 32 16 64 64 2.454509
1410 384 128 32 32 3.243933
1410 392 128 32 32 2.591597
1410 400 128 32 32 2.266934
1410 408 136 32 32 0.276001
1410 224 133 28 28 1.805477
1410 231 133 28 28 2.299738
1410 238 133 28 28 0.837215
1410 245 133 28 28 0.591489
1410 336 119 28 28 0.117459
1410 336 126 28 28 1.376414
1410 336 133 28 28 1.988644
1410 343 119 28 28 4.070209
1410 343 126 28 28 4.025649
1410 343 133 28 28 3.099534
1410 350 119 28 28 2.159608
1410 350 126 28 28 2.922200
1410 350 133 28 28 3.453651
1410 357 119 28 28 1.673737
1410 357 126 28 28 3.087405
1410 357 133 28 28 1.841066
1440 352 48 64 64 0.805732
1440 297 126 36 36 3.420973
1440 306 126 36 36 4.071987
1440 315 126 36 36 5.547110
1440 441 126 36 36 0.172821
1440 408 152 32 32 3.052305
1440 455 133 28 28 2.261783
1470 170 160 40 40 0.562114
1470 180 30 40 40 0.063554
1470 384 128 32 32 0.818323
1470 384 136 32 32 3.988471
1470 384 152 32 32 1.719654
1470 192 198 24 24 1.807751
1470 390 192 24 24 0.427435
1470 390 198 24 24 0.809229
1470 396 192 24 24 4.593294
1470 396 198 24 24 5.307422
1470 396 204 24 24 1.520560
1470 402 192 24 24 4.567651
1470 402 198 24 24 5.655972
1470 402 204 24 24 2.287210
1500 420 168 48 48 2.915042
1500 420 168 48 48 2.915042
1500 180 140 40 40 3.435843
1500 198 153 36 36 2.944618
1500 198 162 36 36 1.343207
1500 450 126 36 36 0.396413
1500 450 144 36 36 1.228765
1500 0 152 32 32 1.647694
1500 8 152 32 32 0.961179
1500 357 119 28 28 0.150532
1500 455 119 28 28 0.383073
1500 455 126 28 28 2.654538
1500 455 231 28 28 1.909914
1500 462 119 28 28 2.479720
1500 462 126 28 28 4.318636
1500 462 133 28 28 2.381890
1500 462 224 28 28 1.508863
1500 462 231 28 28 0.355715
1500 469 133 28 28 1.027203
1500 469 224 28 28 4.519882
1500 469 231 28 28 2.535754
1500 480 204 24 24 1.962335
1500 480 210 24 24 2.740232
1530 216 153 36 36 1.421036
1530 400 112 32 32 0.928827
1530 448 133 28 28 5.175705
1530 455 133 28 28 4.342350
1530 462 126 28 28 2.483819
1530 462 133 28 28 2.477315
1530 469 126 28 28 1.941382
1530 198 114 24 24 0.894850
1530 204 114 24 24 0.751373
1560 220 140 40 40 0.948193
1560 136 128 32 32 0.617572
1560 384 112 32 32 1.183631
1560 392 112 32 32 2.452844
1560 119 133 28 28 3.470233
1560 126 133 28 28 2.168983
1560 224 112 28 28 2.465103
1560 231 112 28 28 0.309807
1560 238 112 28 28 1.160071
1560 469 133 28 28 3.431529
1560 198 114 24 24 0.014640
1560 204 114 24 24 0.274011
