30 352 0 64 64 1.240877
30 352 16 64 64 2.240380
30 192 36 48 48 0.264987
30 192 204 48 48 2.030348
30 204 204 48 48 3.621505
30 204 216 48 48 3.251696
30 216 204 48 48 2.225508
30 216 216 48 48 0.541661
30 192 36 48 48 0.264987
30 192 204 48 48 2.030348
30 204 204 48 48 3.621505
30 204 216 48 48 3.251696
30 216 204 48 48 2.225508
30 216 216 48 48 0.541661
30 198 209 44 44 1.139609
30 352 198 44 44 1.590422
30 352 209 44 44 1.839229
30 363 198 44 44 1.098850
30 363 209 44 44 0.121114
30 0 126 36 36 9.100962
30 9 126 36 36 3.486381
30 0 128 32 32 14.404417
30 0 136 32 32 14.339658
30 0 144 32 32 1.649621
30 8 128 32 32 11.778919
30 8 136 32 32 8.341040
30 16 128 32 32 2.935089
30 16 136 32 32 3.655634
30 24 128 32 32 0.270729
30 24 136 32 32 1.030977
30 272 112 32 32 1.655997
30 384 256 32 32 0.503058
30 0 133 28 28 4.115300
30 7 133 28 28 2.222507
30 14 133 28 28 0.450718
30 154 119 28 28 2.007773
30 154 126 28 28 1.419708
30 231 133 28 28 1.429022
30 448 126 28 28 3.442001
30 448 133 28 28 0.841574
30 455 126 28 28 3.527825
30 455 133 28 28 1.917585
30 462 126 28 28 7.967607
30 462 133 28 28 4.886654
30 469 119 28 28 1.639365
30 469 126 28 28 9.236761
30 469 133 28 28 5.865736
30 192 114 24 24 1.335922
30 198 114 24 24 3.733766
30 204 114 24 24 1.811706
30 402 108 24 24 1.054065
60 224 98 28 28 0.294134
60 448 119 28 28 0.645746
60 448 126 28 28 5.127918
60 455 112 28 28 0.529220
60 455 119 28 28 3.030276
60 455 126 28 28 7.022927
60 462 119 28 28 3.569448
60 462 126 28 28 7.988170
60 462 133 28 28 3.255672
60 469 119 28 28 3.727054
60 469 126 28 28 11.744077
60 469 133 28 28 11.115174
60 96 18 24 24 1.006325
60 192 114 24 24 3.127548
60 198 114 24 24 0.248936
60 396 102 24 24 0.172956
60 402 96 24 24 0.733311
90 264 112 32 32 0.435198
90 112 119 28 28 1.628598
90 112 126 28 28 3.227731
90 112 133 28 28 2.557671
90 119 119 28 28 0.360823
90 119 126 28 28 2.020992
90 119 133 28 28 1.384391
90 168 112 28 28 2.011796
90 168 119 28 28 3.411442
90 448 98 28 28 0.511024
90 448 112 28 28 0.399552
90 455 98 28 28 0.491752
90 462 119 28 28 0.151108
90 204 0 24 24 0.615221
90 210 0 24 24 1.375158
120 16 48 64 64 0.062683
120 0 126 36 36 1.028834
120 9 126 36 36 0.066916
120 8 136 32 32 1.611051
120 16 136 32 32 1.755698
120 144 112 32 32 2.061486
120 256 112 32 32 3.064417
120 264 112 32 32 2.008049
120 154 112 28 28 0.515365
120 154 119 28 28 5.022806
120 154 126 28 28 1.115944
120 168 112 28 28 5.491805
120 168 119 28 28 6.684804
120 462 112 28 28 1.140657
120 18 0 24 24 2.235539
150 128 112 32 32 1.806854
150 136 112 32 32 4.417839
150 144 112 32 32 5.596210
150 256 112 32 32 3.462098
150 264 112 32 32 3.716221
150 392 144 32 32 1.355981
150 408 152 32 32 3.509398
150 112 126 28 28 1.019638
150 112 133 28 28 0.822660
150 154 112 28 28 2.560164
150 154 119 28 28 6.122948
150 154 126 28 28 4.094587
150 154 133 28 28 0.845576
150 0 0 24 24 0.327644
150 210 114 24 24 0.822383
180 176 33 44 44 1.285889
180 198 297 36 36 2.348727
180 198 306 36 36 2.261733
180 432 126 36 36 0.758681
180 8 112 32 32 1.525506
180 16 112 32 32 5.268208
180 16 128 32 32 2.570493
180 24 112 32 32 1.036703
180 24 128 32 32 3.932784
180 136 112 32 32 2.714955
180 256 112 32 32 2.059466
180 264 112 32 32 3.272120
180 0 133 28 28 0.454430
180 14 126 28 28 4.639832
180 14 133 28 28 2.736220
180 21 126 28 28 9.675287
180 21 133 28 28 8.506019
180 126 112 28 28 2.352036
180 224 7 28 28 1.513095
180 224 14 28 28 0.526596
180 132 96 24 24 0.458163
180 132 102 24 24 2.999277
180 132 108 24 24 0.166122
180 198 114 24 24 2.876852
180 204 114 24 24 4.093969
180 210 108 24 24 2.206611
180 210 114 24 24 3.674874
180 396 18 24 24 0.727046
180 402 18 24 24 0.137747
210 48 16 64 64 1.412426
210 153 306 36 36 0.237401
210 162 306 36 36 0.603933
210 198 288 36 36 4.363161
210 198 297 36 36 9.032203
210 198 306 36 36 9.434399
210 216 297 36 36 5.015627
210 216 306 36 36 6.205245
210 288 306 36 36 0.285583
210 297 297 36 36 4.303187
210 297 306 36 36 4.637231
210 306 297 36 36 2.599291
210 306 306 36 36 4.204541
210 315 297 36 36 3.083433
210 315 306 36 36 4.282991
210 264 112 32 32 0.215375
210 112 112 28 28 2.047715
210 112 119 28 28 3.046793
210 119 119 28 28 0.084900
210 119 126 28 28 0.673873
210 126 119 28 28 2.045252
210 126 126 28 28 0.365539
210 126 133 28 28 1.103690
210 448 98 28 28 2.918332
210 108 96 24 24 1.713728
210 192 108 24 24 0.142602
210 192 114 24 24 7.676186
210 198 108 24 24 1.930100
210 198 114 24 24 8.479090
210 204 108 24 24 1.215196
210 204 114 24 24 5.547179
210 210 0 24 24 0.725753
210 210 6 24 24 1.283444
210 210 108 24 24 0.758437
210 210 114 24 24 4.268493
210 294 300 24 24 3.447106
210 294 306 24 24 2.243653
210 300 300 24 24 1.560347
210 300 306 24 24 2.236648
210 306 306 24 24 0.406715
210 402 12 24 24 0.551984
210 498 12 24 24 0.450663
240 32 16 64 64 1.356038
240 32 32 64 64 0.801241
240 48 16 64 64 0.515638
240 0 126 36 36 0.032305
240 0 136 32 32 5.750767
240 0 144 32 32 2.920448
240 8 136 32 32 3.850833
240 8 144 32 32 1.937948
240 16 136 32 32 3.257230
240 176 112 32 32 4.379647
240 264 112 32 32 1.979749
240 96 96 24 24 7.696143
240 96 102 24 24 1.601599
240 102 96 24 24 2.157158
240 192 114 24 24 5.914364
240 198 114 24 24 6.038356
240 204 114 24 24 5.197005
240 210 114 24 24 3.317286
270 0 16 64 64 0.639798
270 0 32 64 64 4.177426
270 0 48 64 64 4.864633
270 16 16 64 64 0.645191
270 16 32 64 64 1.268390
270 315 126 36 36 0.763299
270 176 112 32 32 4.626343
270 192 114 24 24 5.476165
270 198 114 24 24 5.127860
270 204 114 24 24 3.029852
270 210 114 24 24 4.832398
270 498 192 24 24 7.661507
270 498 198 24 24 2.014580
300 0 140 40 40 0.008614
300 0 144 36 36 0.072288
300 0 153 36 36 1.328331
300 9 153 36 36 0.008472
300 176 112 32 32 3.282359
300 272 112 32 32 0.769839
300 112 112 28 28 4.322800
300 112 119 28 28 5.541092
300 119 112 28 28 1.370039
300 119 119 28 28 1.567983
300 168 112 28 28 5.242855
300 168 119 28 28 7.309061
300 168 126 28 28 5.162976
300 168 133 28 28 1.176676
300 0 96 24 24 2.469867
300 0 102 24 24 3.493532
300 6 84 24 24 1.948653
300 6 96 24 24 3.756691
300 6 102 24 24 3.248764
300 12 84 24 24 2.932640
300 12 96 24 24 0.506053
300 192 108 24 24 0.902517
300 192 114 24 24 7.265063
300 198 114 24 24 5.788896
300 204 114 24 24 3.435627
300 210 114 24 24 2.457994
330 48 16 64 64 0.544623
330 288 168 48 48 1.668193
330 288 192 48 48 1.845764
330 288 168 48 48 1.668193
330 288 192 48 48 1.845764
330 330 180 40 40 0.653322
330 340 180 40 40 1.159252
330 340 190 40 40 2.706701
330 384 144 32 32 0.398342
330 384 152 32 32 1.075412
330 400 144 32 32 2.090878
330 112 112 28 28 2.093937
330 154 112 28 28 4.032968
330 154 119 28 28 2.302888
330 154 126 28 28 2.007035
330 154 133 28 28 0.509790
330 168 112 28 28 4.777101
330 168 119 28 28 3.087803
330 224 0 28 28 0.213642
330 231 0 28 28 1.179824
330 238 0 28 28 0.109480
330 238 7 28 28 0.043193
330 245 0 28 28 0.163256
330 245 7 28 28 0.504711
330 192 114 24 24 5.819297
330 198 114 24 24 5.617724
330 204 114 24 24 4.654747
330 210 114 24 24 3.198024
330 402 192 24 24 0.705596
360 32 0 64 64 0.054290
360 32 16 64 64 2.940863
360 48 0 64 64 0.728216
360 48 16 64 64 3.208248
360 352 48 64 64 2.656501
360 374 154 44 44 0.030239
360 432 144 36 36 3.301530
360 432 153 36 36 3.581916
360 432 162 36 36 2.375779
360 432 171 36 36 1.945700
360 441 126 36 36 1.386745
360 441 144 36 36 9.492401
360 441 153 36 36 5.916554
360 441 162 36 36 4.893415
360 441 171 36 36 4.373067
360 450 171 36 36 0.510041
360 144 112 32 32 1.897508
360 154 112 28 28 4.088865
360 154 119 28 28 5.616787
360 154 126 28 28 2.728870
360 168 112 28 28 6.760837
360 168 119 28 28 5.384583
360 168 126 28 28 0.617504
360 224 0 28 28 1.909254
360 231 0 28 28 1.388161
360 238 0 28 28 1.527373
360 96 18 24 24 1.831976
360 210 114 24 24 1.288368
360 480 204 24 24 1.193316
360 492 108 24 24 0.323170
360 498 102 24 24 0.168842
360 498 108 24 24 6.007071
360 498 114 24 24 3.334606
390 32 0 64 64 0.840182
390 32 16 64 64 0.653150
390 459 171 36 36 1.253727
390 144 112 32 32 3.063842
390 176 112 32 32 0.253728
390 154 112 28 28 2.100902
390 154 119 28 28 6.606795
390 154 126 28 28 5.026594
390 154 133 28 28 2.111124
390 168 112 28 28 7.928408
390 168 119 28 28 7.542287
390 168 126 28 28 3.295131
390 469 224 28 28 1.632831
420 16 112 32 32 3.461326
420 24 112 32 32 0.408856
420 128 112 32 32 1.411117
420 144 112 32 32 4.460795
420 21 119 28 28 2.305450
420 21 126 28 28 1.122772
420 112 14 28 28 0.040302
420 154 112 28 28 0.603267
420 154 119 28 28 5.592448
420 154 126 28 28 6.310694
420 154 133 28 28 2.740207
420 168 112 28 28 8.181977
420 168 119 28 28 7.920320
450 8 112 32 32 2.132594
450 8 128 32 32 1.045929
450 16 112 32 32 2.929324
450 16 128 32 32 2.501816
450 24 112 32 32 9.550396
450 24 128 32 32 0.998470
450 128 112 32 32 0.901264
450 128 128 32 32 3.845809
450 136 112 32 32 4.142978
450 136 128 32 32 5.144625
450 144 112 32 32 6.229683
450 144 128 32 32 6.810891
450 192 112 32 32 1.642557
450 264 280 32 32 0.976459
450 21 126 28 28 1.427641
450 21 133 28 28 2.037632
450 126 126 28 28 3.687017
450 126 133 28 28 3.966026
450 154 112 28 28 3.232551
450 154 119 28 28 7.242730
450 154 126 28 28 9.856607
450 154 133 28 28 7.937208
450 168 112 28 28 3.971581
450 168 119 28 28 7.864482
450 168 126 28 28 4.734603
450 96 12 24 24 1.509199
450 102 6 24 24 0.998524
450 102 12 24 24 5.734667
450 102 18 24 24 3.246473
450 108 12 24 24 6.979805
450 108 18 24 24 2.972809
450 396 300 24 24 1.226529
450 396 306 24 24 0.523822
450 402 306 24 24 0.373670
480 16 16 64 64 1.582727
480 32 16 64 64 4.126896
480 32 32 64 64 4.327394
480 48 16 64 64 6.085188
480 48 32 64 64 3.287798
480 459 126 36 36 1.657066
480 128 112 32 32 5.478689
480 136 112 32 32 2.462626
480 176 112 32 32 2.435542
480 400 144 32 32 0.349978
480 112 119 28 28 2.150900
480 112 126 28 28 11.704220
480 112 133 28 28 9.358723
480 119 112 28 28 0.000551
480 119 119 28 28 6.269380
480 119 126 28 28 8.923942
480 119 133 28 28 6.295603
480 126 112 28 28 8.057710
480 126 119 28 28 6.231276
480 126 126 28 28 5.541591
480 126 133 28 28 2.783726
480 168 112 28 28 5.945199
480 168 119 28 28 5.471156
480 168 126 28 28 4.508527
480 168 133 28 28 4.270486
480 210 114 24 24 0.317187
510 0 0 64 64 0.304496
510 0 16 64 64 0.290734
510 16 0 64 64 0.991364
510 16 16 64 64 4.360281
510 16 32 64 64 1.860247
510 32 16 64 64 2.743031
510 32 32 64 64 0.373942
510 48 0 64 64 1.143738
510 48 16 64 64 3.308592
510 198 288 36 36 0.004399
510 198 297 36 36 5.511111
510 198 306 36 36 5.483822
510 216 297 36 36 4.308004
510 216 306 36 36 4.802433
510 288 306 36 36 0.259545
510 297 306 36 36 2.091155
510 306 306 36 36 2.840983
510 315 297 36 36 2.272091
510 315 306 36 36 3.679772
510 128 112 32 32 6.018116
510 128 128 32 32 0.583651
510 136 112 32 32 4.622182
510 144 112 32 32 2.880585
510 384 136 32 32 5.123540
510 384 144 32 32 0.116216
510 392 136 32 32 3.758400
510 392 144 32 32 1.062188
510 400 144 32 32 0.763476
510 112 126 28 28 2.366123
510 112 133 28 28 2.270201
510 119 112 28 28 2.427908
510 119 119 28 28 1.847397
510 119 126 28 28 2.439476
510 119 133 28 28 3.311683
510 126 112 28 28 4.439806
510 126 119 28 28 7.478171
510 126 126 28 28 6.072381
510 126 133 28 28 1.291961
510 154 126 28 28 1.255006
510 144 108 24 24 2.141879
510 144 114 24 24 2.258917
510 294 300 24 24 0.651105
510 300 300 24 24 3.609911
510 300 306 24 24 3.184777
510 306 306 24 24 1.383660
510 402 18 24 24 0.701992
510 402 102 24 24 1.390596
540 0 16 64 64 2.136360
540 0 32 64 64 0.579585
540 16 16 64 64 2.851844
540 32 0 64 64 3.277064
540 32 16 64 64 4.756878
540 32 32 64 64 0.113662
540 48 0 64 64 4.486193
540 48 16 64 64 4.877442
540 48 32 64 64 1.498957
540 0 126 36 36 3.517845
540 9 126 36 36 5.468369
540 18 126 36 36 4.326165
540 27 126 36 36 1.872044
540 8 112 32 32 2.932623
540 8 128 32 32 13.827886
540 8 136 32 32 1.688621
540 16 128 32 32 12.169182
540 16 136 32 32 3.672896
540 24 128 32 32 6.224773
540 24 136 32 32 2.419524
540 128 112 32 32 1.343013
540 384 136 32 32 0.453891
540 392 112 32 32 1.370520
540 392 128 32 32 2.568841
540 392 136 32 32 4.864890
540 392 144 32 32 1.195736
540 400 112 32 32 2.810621
540 400 128 32 32 1.368582
540 400 136 32 32 1.335009
540 14 119 28 28 3.829889
540 14 126 28 28 10.030195
540 14 133 28 28 15.146079
540 21 119 28 28 3.328938
540 21 126 28 28 11.170761
540 21 133 28 28 20.982929
540 112 119 28 28 0.874019
540 119 112 28 28 0.479765
540 12 0 24 24 1.722696
540 18 0 24 24 1.441326
540 132 102 24 24 2.341895
540 132 108 24 24 4.602514
540 132 114 24 24 1.142378
540 402 102 24 24 0.312050
540 402 108 24 24 0.886922
540 402 114 24 24 2.531742
570 0 16 64 64 5.903592
570 16 0 64 64 0.191286
570 16 16 64 64 4.761792
570 16 32 64 64 1.785230
570 32 0 64 64 3.540342
570 32 16 64 64 3.380035
570 32 32 64 64 1.247078
570 420 192 48 48 0.548555
570 420 192 48 48 0.548555
570 0 126 36 36 2.066628
570 9 126 36 36 3.215657
570 18 126 36 36 1.230741
570 432 126 36 36 0.016405
570 0 128 32 32 0.552940
570 8 128 32 32 7.861516
570 8 136 32 32 2.812119
570 16 128 32 32 6.137081
570 16 136 32 32 3.483091
570 24 112 32 32 0.961404
570 24 128 32 32 6.243973
570 400 112 32 32 1.796185
570 408 112 32 32 2.669843
570 408 128 32 32 0.764034
570 14 126 28 28 4.621603
570 14 133 28 28 11.166567
570 21 126 28 28 4.599904
570 21 133 28 28 9.042218
570 112 98 28 28 2.231728
570 469 231 28 28 0.274119
570 469 238 28 28 0.111860
570 102 102 24 24 0.177426
570 108 102 24 24 1.868563
570 204 18 24 24 0.758335
570 210 18 24 24 0.286764
570 396 6 24 24 0.324439
570 396 12 24 24 1.451705
570 396 18 24 24 2.312880
570 402 6 24 24 1.543259
570 402 12 24 24 1.832860
570 402 18 24 24 0.871509
570 492 114 24 24 2.351335
600 0 16 64 64 1.732528
600 0 32 64 64 0.340729
600 16 0 64 64 4.694226
600 16 16 64 64 2.510624
600 16 32 64 64 2.060729
600 448 119 28 28 2.904768
600 448 126 28 28 4.204181
600 448 133 28 28 5.997314
600 455 126 28 28 0.798139
600 455 133 28 28 4.174798
600 462 126 28 28 0.217678
600 462 133 28 28 3.719310
600 469 133 28 28 0.531752
600 18 96 24 24 1.395537
600 96 96 24 24 5.875715
600 96 102 24 24 10.062869
600 96 108 24 24 1.863827
600 102 102 24 24 3.348913
600 192 0 24 24 1.355865
600 198 0 24 24 1.762366
600 198 6 24 24 1.578611
600 210 0 24 24 0.237456
630 0 0 64 64 1.863185
630 0 16 64 64 4.514679
630 0 32 64 64 2.626570
630 0 48 64 64 2.179165
630 16 16 64 64 1.010500
630 10 140 40 40 4.471251
630 20 140 40 40 2.655686
630 9 126 36 36 2.072156
630 18 126 36 36 9.456822
630 18 144 36 36 5.742614
630 18 153 36 36 1.128305
630 27 126 36 36 4.276696
630 27 144 36 36 1.964223
630 27 153 36 36 1.424024
630 441 126 36 36 1.576144
630 450 126 36 36 2.387097
630 459 126 36 36 1.423337
630 16 128 32 32 0.360934
630 24 128 32 32 8.651555
630 24 136 32 32 7.550239
630 24 144 32 32 4.098008
630 24 152 32 32 4.445059
630 400 152 32 32 1.046588
630 154 119 28 28 1.759586
630 154 126 28 28 1.215021
630 448 126 28 28 1.556722
630 448 133 28 28 3.607964
630 455 126 28 28 2.100175
630 455 133 28 28 2.291651
630 462 126 28 28 2.250346
630 462 133 28 28 3.014825
630 469 126 28 28 1.056282
630 469 133 28 28 3.811506
660 0 126 36 36 3.432760
660 297 171 36 36 0.323354
660 315 171 36 36 1.817316
660 450 126 36 36 3.132835
660 459 126 36 36 1.306759
660 0 128 32 32 10.261734
660 0 136 32 32 8.923571
660 0 144 32 32 4.267461
660 8 128 32 32 4.666758
660 8 136 32 32 4.846361
660 0 133 28 28 7.643515
660 7 126 28 28 0.179152
660 7 133 28 28 12.197334
660 14 133 28 28 5.371725
660 462 133 28 28 1.037338
660 469 133 28 28 3.829486
660 300 210 24 24 1.001300
660 306 210 24 24 0.186708
690 264 168 48 48 0.461200
690 288 168 48 48 2.041762
690 264 168 48 48 0.461200
690 288 168 48 48 2.041762
690 385 198 44 44 0.064439
690 240 190 40 40 1.338665
690 330 190 40 40 2.044639
690 340 190 40 40 3.514096
690 350 190 40 40 0.168045
690 432 126 36 36 2.434768
690 441 126 36 36 0.062951
690 459 126 36 36 0.180026
690 0 98 28 28 2.975237
690 343 224 28 28 0.608357
690 350 224 28 28 3.590331
690 350 231 28 28 1.177682
690 350 238 28 28 0.313529
690 357 224 28 28 3.813909
690 357 231 28 28 3.062626
690 357 238 28 28 2.071169
690 448 224 28 28 0.611352
690 448 231 28 28 3.034776
690 448 238 28 28 0.932127
690 469 133 28 28 2.173634
690 6 102 24 24 3.631675
690 6 108 24 24 2.021232
720 0 0 64 64 0.343698
720 450 144 36 36 0.726627
720 119 133 28 28 0.301086
720 448 119 28 28 0.103708
720 204 18 24 24 1.687053
720 210 18 24 24 0.174780
720 384 18 24 24 0.784254
750 16 0 32 32 0.123957
750 192 0 32 32 0.030570
750 462 112 28 28 0.811585
750 462 119 28 28 0.783455
750 192 12 24 24 0.811502
750 198 12 24 24 2.412609
750 198 18 24 24 1.513226
750 204 12 24 24 0.647509
750 204 18 24 24 1.776203
750 210 12 24 24 0.080856
750 210 18 24 24 0.212134
750 384 6 24 24 1.098061
750 384 12 24 24 0.584702
750 390 0 24 24 0.778151
750 390 6 24 24 2.557371
750 498 114 24 24 0.642495
780 0 16 64 64 1.078084
780 0 32 64 64 3.465178
780 288 192 48 48 0.145391
780 288 204 48 48 0.179567
780 288 192 48 48 0.145391
780 288 204 48 48 0.179567
780 363 209 44 44 0.588079
780 392 152 32 32 0.690718
780 7 112 28 28 0.817546
780 14 0 28 28 1.428940
780 14 7 28 28 0.557073
780 14 112 28 28 3.109930
780 18 12 24 24 0.255569
780 18 18 24 24 0.069764
780 192 6 24 24 1.662047
780 192 12 24 24 1.152694
780 198 6 24 24 1.181962
780 198 12 24 24 1.263856
780 390 0 24 24 1.919392
780 396 0 24 24 3.548033
780 402 0 24 24 2.545026
780 480 18 24 24 1.122080
810 0 16 64 64 0.489105
810 0 32 64 64 0.767946
810 16 128 32 32 1.795745
810 24 112 32 32 0.841880
810 24 128 32 32 0.613737
810 408 152 32 32 0.992854
810 0 112 28 28 1.616744
810 0 119 28 28 1.524122
810 14 126 28 28 1.017086
810 14 133 28 28 4.732378
810 21 133 28 28 3.779673
810 192 0 24 24 0.245232
810 396 0 24 24 0.769876
810 402 192 24 24 1.292292
810 492 6 24 24 1.354659
840 385 154 44 44 0.202017
840 0 126 36 36 2.165522
840 432 171 36 36 0.944533
840 0 128 32 32 6.786371
840 0 136 32 32 3.442880
840 0 144 32 32 0.601392
840 8 128 32 32 4.641648
840 8 136 32 32 3.559233
840 16 128 32 32 1.204886
840 0 126 28 28 4.031523
840 0 133 28 28 8.189645
840 7 133 28 28 7.357095
840 14 133 28 28 8.416390
840 21 133 28 28 7.271501
870 432 126 36 36 3.281746
870 384 128 32 32 0.411501
870 0 133 28 28 5.438159
870 448 119 28 28 6.141904
870 448 126 28 28 5.027591
870 455 119 28 28 5.597579
870 455 126 28 28 8.430960
870 462 126 28 28 1.949702
870 498 198 24 24 1.615041
870 498 204 24 24 2.376727
900 392 152 32 32 0.079834
930 384 152 32 32 1.125628
930 408 144 32 32 0.965322
930 408 152 32 32 1.288363
930 154 126 28 28 0.616699
930 396 192 24 24 1.262904
960 441 144 36 36 0.846156
960 441 171 36 36 0.988980
960 450 153 36 36 0.187885
960 459 162 36 36 0.723652
960 224 224 28 28 1.477018
990 126 119 28 28 0.404476
990 126 126 28 28 0.706560
990 336 133 28 28 0.773220
990 455 14 28 28 0.531354
990 469 133 28 28 0.700325
1020 192 228 48 48 1.852142
1020 192 228 48 48 1.852142
1020 408 128 32 32 2.500467
1020 119 126 28 28 4.428146
1020 224 231 28 28 1.327121
1020 336 133 28 28 0.541282
1020 343 133 28 28 1.620828
1020 192 294 24 24 0.578412
1020 192 300 24 24 2.863207
1020 402 18 24 24 0.077314
1020 492 0 24 24 2.513144
1020 492 6 24 24 4.555751
1020 492 12 24 24 2.825680
1020 492 18 24 24 2.780980
1020 498 0 24 24 3.769567
1020 498 6 24 24 4.870902
1020 498 12 24 24 3.555406
1020 498 18 24 24 1.206480
1020 498 204 24 24 1.298846
1020 498 210 24 24 3.878629
1050 231 224 28 28 1.252938
1050 343 126 28 28 0.516164
1050 343 133 28 28 2.814446
1080 492 0 24 24 2.461965
1080 492 6 24 24 3.376301
1080 498 6 24 24 0.088406
1110 0 48 64 64 0.296478
1110 0 136 32 32 1.798768
1110 8 136 32 32 0.187874
1110 119 231 28 28 0.381812
1110 119 238 28 28 1.063285
1110 119 245 28 28 0.556705
1110 126 224 28 28 0.396058
1110 448 126 28 28 4.532663
1110 448 133 28 28 2.389247
1110 455 126 28 28 7.984180
1110 455 133 28 28 3.344916
1110 462 126 28 28 3.735710
1110 462 133 28 28 1.572714
1110 132 192 24 24 1.132866
1140 408 216 48 48 0.073449
1140 408 216 48 48 0.073449
1140 176 209 44 44 0.301057
1140 187 209 44 44 1.676081
1140 162 297 36 36 0.294415
1140 144 280 32 32 0.400527
1140 176 280 32 32 1.505056
1140 192 280 32 32 1.906329
1140 256 280 32 32 0.329154
1140 264 280 32 32 0.404722
1140 392 128 32 32 0.432368
1140 12 96 24 24 1.812483
1140 12 102 24 24 1.501546
1140 192 294 24 24 3.071699
1140 192 300 24 24 2.887148
1140 192 306 24 24 1.614486
1140 198 294 24 24 2.740632
1140 198 300 24 24 3.592520
1140 198 306 24 24 1.260841
1140 204 294 24 24 3.262972
1140 204 300 24 24 4.356561
1140 204 306 24 24 3.013081
1140 210 294 24 24 3.180114
1140 210 300 24 24 3.271137
1140 210 306 24 24 2.973623
1140 300 288 24 24 0.716890
1170 272 32 64 64 0.841681
1170 272 48 64 64 1.152127
1170 240 180 40 40 0.028261
1170 240 190 40 40 1.258559
1170 448 133 28 28 0.916672
1170 455 133 28 28 3.766771
1200 432 162 36 36 2.865654
1200 21 245 28 28 1.135743
1200 96 210 24 24 1.611168
1200 102 210 24 24 0.017487
1200 108 210 24 24 0.637470
1200 402 84 24 24 0.329895
1230 306 192 24 24 3.295787
1230 306 198 24 24 1.336181
1260 363 187 44 44 1.204527
1260 374 187 44 44 1.128734
1260 432 126 36 36 3.253697
1260 432 144 36 36 2.172091
1260 441 126 36 36 1.131276
1260 176 112 32 32 8.533610
1260 6 108 24 24 0.986494
1260 6 114 24 24 0.510286
1260 18 84 24 24 0.441405
1260 192 114 24 24 0.412791
1260 198 114 24 24 1.044437
1260 390 108 24 24 0.324330
1260 390 114 24 24 1.748388
1260 396 108 24 24 1.933006
1260 396 114 24 24 2.626761
1260 492 108 24 24 0.018433
1260 492 114 24 24 2.587645
1260 498 114 24 24 0.231865
1290 420 168 48 48 0.590739
1290 420 192 48 48 2.825562
1290 420 204 48 48 2.268126
1290 420 168 48 48 0.590739
1290 420 192 48 48 2.825562
1290 420 204 48 48 2.268126
1290 455 224 28 28 0.240543
1290 462 224 28 28 2.738553
1290 462 231 28 28 2.492782
1290 469 231 28 28 1.510906
1290 144 204 24 24 1.146963
1320 420 192 48 48 0.786171
1320 420 192 48 48 0.786171
1350 187 11 44 44 1.420370
1350 198 27 36 36 0.083722
1350 343 126 28 28 0.108210
1350 343 133 28 28 5.506276
1350 350 133 28 28 3.196016
1350 144 198 24 24 0.046879
1350 204 108 24 24 2.835993
1350 204 114 24 24 2.793933
1350 210 108 24 24 2.897106
1350 210 114 24 24 3.292084
1380 264 0 48 48 3.911425
1380 264 0 48 48 3.911425
1380 264 0 44 44 2.371412
1380 264 11 44 44 5.664390
1380 288 27 36 36 0.842881
1380 306 27 36 36 0.253462
1380 280 16 32 32 1.076174
1380 168 238 28 28 0.092950
1380 336 21 28 28 2.059266
1380 343 21 28 28 2.489871
1380 350 21 28 28 1.916204
1380 357 14 28 28 1.321393
1380 357 21 28 28 2.813522
1380 288 108 24 24 0.979571
1380 288 114 24 24 3.214574
1380 306 84 24 24 0.761046
1380 480 84 24 24 1.537773
1380 486 84 24 24 3.415359
1410 264 216 48 48 0.295743
1410 264 216 48 48 0.295743
1410 352 0 44 44 2.273437
1410 352 11 44 44 7.622800
1410 352 22 44 44 1.186589
1410 363 11 44 44 3.807240
1410 363 22 44 44 1.038134
1410 385 11 44 44 4.657888
1410 340 30 40 40 0.053075
1410 350 20 40 40 1.088621
1410 350 30 40 40 2.151962
1410 216 162 36 36 0.087140
1410 432 0 36 36 1.450623
1410 441 0 36 36 3.615375
1410 450 0 36 36 0.446465
1410 272 112 32 32 0.764406
1410 272 144 32 32 0.794289
1410 400 8 32 32 0.908314
1410 408 8 32 32 0.766379
1410 0 98 28 28 3.845016
1410 7 98 28 28 1.501730
1410 7 112 28 28 2.562995
1410 14 98 28 28 3.156086
1410 14 112 28 28 2.528265
1410 21 112 28 28 2.086043
1410 21 126 28 28 0.489950
1410 224 98 28 28 1.745412
1410 455 14 28 28 1.267491
1410 462 14 28 28 9.014621
1410 462 21 28 28 5.547916
1410 462 112 28 28 0.723532
1410 462 119 28 28 1.321142
1410 469 14 28 28 8.573122
1410 469 21 28 28 3.212414
1410 0 102 24 24 0.064666
1410 0 108 24 24 2.016085
1410 6 102 24 24 6.705562
1410 6 108 24 24 8.713411
1410 6 114 24 24 1.462181
1410 12 102 24 24 5.585292
1410 12 108 24 24 5.696740
1410 12 114 24 24 1.265346
1410 18 102 24 24 4.763960
1410 18 108 24 24 8.492021
1410 18 114 24 24 1.861418
1410 396 84 24 24 7.309235
1410 402 84 24 24 7.255868
1440 450 0 36 36 0.750784
1440 459 0 36 36 0.231118
1440 384 128 32 32 3.615332
1440 384 136 32 32 1.947978
1440 384 144 32 32 1.366893
1440 462 98 28 28 1.176874
1440 294 12 24 24 0.299542
1440 294 114 24 24 2.944143
1440 300 114 24 24 2.600037
1440 306 102 24 24 0.073062
1440 306 114 24 24 0.515248
1440 486 108 24 24 0.511417
1440 498 6 24 24 0.502585
1440 498 84 24 24 2.056372
1470 330 160 40 40 0.520300
1470 340 170 40 40 2.525431
1470 450 18 36 36 0.228029
1470 459 18 36 36 2.366547
1470 459 27 36 36 0.040376
1470 408 112 32 32 0.264783
1470 0 119 28 28 1.004185
1470 0 114 24 24 2.716318
1470 192 108 24 24 1.279466
1470 384 0 24 24 1.785102
1470 390 0 24 24 3.137035
1470 396 0 24 24 2.346068
1470 402 84 24 24 2.439406
1470 402 96 24 24 1.524976
1470 480 12 24 24 0.763858
1500 192 24 48 48 0.918387
1500 204 24 48 48 4.388654
1500 216 24 48 48 2.615563
1500 192 24 48 48 0.918387
1500 204 24 48 48 4.388654
1500 216 24 48 48 2.615563
1500 198 33 44 44 0.099385
1500 352 176 44 44 0.014274
1500 160 180 40 40 1.288767
1500 160 190 40 40 0.172818
1500 459 126 36 36 1.280663
1500 7 112 28 28 0.767179
1500 14 112 28 28 1.863538
1500 14 119 28 28 1.768477
1500 231 98 28 28 4.911522
1500 238 98 28 28 7.927940
1500 245 98 28 28 7.094017
1500 288 102 24 24 0.843199
1500 288 108 24 24 4.563238
1500 288 114 24 24 3.307842
1500 390 192 24 24 0.493590
1530 288 24 48 48 0.302892
1530 408 168 48 48 0.194815
1530 288 24 48 48 0.302892
1530 408 168 48 48 0.194815
1530 170 180 40 40 0.250730
1530 170 190 40 40 0.461496
1530 14 98 28 28 2.214392
1530 21 98 28 28 1.491820
1530 336 98 28 28 4.161615
1530 350 98 28 28 2.585265
1530 357 98 28 28 0.693434
1530 384 102 24 24 0.286470
1530 384 108 24 24 2.139267
1530 396 114 24 24 0.114557
1560 306 18 36 36 1.595695
1560 315 18 36 36 0.705527
1560 350 126 28 28 1.591602
1560 455 112 28 28 0.611574
1560 462 112 28 28 2.293604
1560 462 119 28 28 0.421389
1560 469 98 28 28 0.850651
1560 469 112 28 28 2.104910
1560 132 192 24 24 1.218858
1560 192 84 24 24 3.978741
1560 198 84 24 24 0.812592
1560 198 114 24 24 2.404231
1560 204 108 24 24 3.626864
1560 204 114 24 24 7.042723
1560 210 102 24 24 1.295816
1560 210 108 24 24 7.029877
1560 210 114 24 24 6.294049
1590 352 0 44 44 0.291822
1590 385 0 44 44 1.233270
1590 160 190 40 40 1.159639
1590 350 20 40 40 0.865482
1590 432 9 36 36 0.173027
1590 432 18 36 36 1.556230
1590 0 112 32 32 0.146662
1590 8 112 32 32 2.112160
1590 16 112 32 32 0.461868
1590 24 112 32 32 1.986632
1590 264 112 32 32 1.835339
1590 272 136 32 32 0.911429
1590 272 144 32 32 2.479753
1590 272 152 32 32 0.457718
1590 7 112 28 28 0.043602
1590 7 119 28 28 1.083734
1590 14 112 28 28 3.740630
1590 14 119 28 28 4.120239
1590 14 126 28 28 2.979335
1590 21 112 28 28 3.851205
1590 21 119 28 28 1.414543
1590 21 126 28 28 0.858939
1590 224 112 28 28 9.959324
1590 224 119 28 28 9.103786
1590 224 126 28 28 0.729122
1590 231 112 28 28 3.778432
1590 231 119 28 28 4.480564
1590 469 112 28 28 0.461426
1590 469 119 28 28 0.464967
1590 132 192 24 24 1.166587
1590 288 108 24 24 0.666777
1590 288 114 24 24 4.780350
1590 294 108 24 24 1.968711
1590 294 114 24 24 6.696497
1590 300 108 24 24 5.811209
1590 300 114 24 24 11.406567
1590 306 108 24 24 1.069041
1590 306 114 24 24 6.749910
1590 480 108 24 24 0.930146
1590 480 114 24 24 0.098511
1590 486 108 24 24 1.411900
1590 486 114 24 24 1.776273
1620 256 16 64 64 1.289893
1620 272 0 64 64 0.444458
1620 272 16 64 64 1.070963
1620 363 154 44 44 0.067443
1620 363 176 44 44 1.509908
1620 363 187 44 44 0.638090
1620 374 176 44 44 0.500839
1620 160 190 40 40 1.199751
1620 256 112 32 32 10.926436
1620 256 128 32 32 4.851553
1620 264 112 32 32 4.140927
1620 264 128 32 32 3.271164
1620 272 128 32 32 1.337384
1620 384 112 32 32 4.546945
1620 392 112 32 32 4.622055
1620 400 112 32 32 1.127156
1620 21 112 28 28 1.333415
1620 245 112 28 28 0.179113
1620 245 119 28 28 1.863243
1620 245 126 28 28 2.621230
1620 350 119 28 28 1.793065
1620 350 126 28 28 1.493961
1620 357 119 28 28 4.617122
1620 357 126 28 28 4.672114
1620 132 84 24 24 2.481854
1620 132 198 24 24 0.684188
1620 390 114 24 24 4.881173
1620 396 204 24 24 0.420926
1620 402 192 24 24 1.591560
1620 402 198 24 24 2.326179
1620 402 204 24 24 1.958875
1620 402 210 24 24 0.306996
1650 256 16 64 64 6.345375
1650 256 32 64 64 4.670375
1650 272 16 64 64 2.271137
1650 272 32 64 64 8.276020
1650 272 48 64 64 2.880451
1650 288 48 64 64 2.096349
1650 384 144 32 32 0.158876
1650 384 152 32 32 0.747190
1650 392 136 32 32 0.456592
1650 392 152 32 32 2.483135
1650 400 112 32 32 1.244950
1650 400 128 32 32 5.051893
1650 400 136 32 32 6.013448
1650 400 144 32 32 3.327888
1650 400 152 32 32 2.944602
1650 408 112 32 32 2.241485
1650 408 128 32 32 6.280103
1650 408 136 32 32 4.869244
1650 408 144 32 32 0.697944
1650 224 119 28 28 2.818552
1650 224 126 28 28 6.154913
1650 224 133 28 28 5.456189
1650 231 126 28 28 2.660326
1650 231 133 28 28 0.792141
1650 336 126 28 28 5.612524
1650 336 133 28 28 4.710851
1650 343 126 28 28 3.799047
1650 343 133 28 28 7.014735
1650 350 119 28 28 0.380952
1650 350 126 28 28 0.902850
1650 350 133 28 28 3.709355
1650 357 126 28 28 0.180952
1650 357 133 28 28 0.086899
1650 462 119 28 28 0.628516
1650 132 204 24 24 2.518733
1650 132 210 24 24 2.024943
1650 192 102 24 24 0.599258
1680 352 32 64 64 2.626560
1680 352 48 64 64 2.442361
1680 0 198 44 44 0.074536
1680 441 126 36 36 4.516890
1680 441 144 36 36 4.138438
1680 450 126 36 36 5.444480
1680 450 144 36 36 6.536743
1680 450 153 36 36 2.674516
1680 459 126 36 36 0.675710
1680 459 144 36 36 0.306732
1680 256 112 32 32 2.456671
1680 280 128 32 32 0.844763
1680 384 128 32 32 6.541865
1680 384 136 32 32 2.650684
1680 392 128 32 32 16.177181
1680 392 136 32 32 16.767927
1680 392 144 32 32 1.003485
1680 400 112 32 32 5.479730
1680 400 128 32 32 20.996284
1680 400 136 32 32 19.791489
1680 400 144 32 32 5.649957
1680 408 128 32 32 15.976645
1680 408 136 32 32 11.095263
1680 231 119 28 28 2.505837
1680 231 126 28 28 3.328485
1680 238 112 28 28 2.000437
1680 238 119 28 28 5.076493
1680 238 126 28 28 5.579997
1680 238 133 28 28 2.782075
1680 245 112 28 28 2.623085
1680 245 119 28 28 4.788128
1680 245 126 28 28 4.912525
1680 245 133 28 28 2.387365
1680 448 119 28 28 0.222094
1680 132 210 24 24 0.116339
1710 256 16 64 64 1.896221
1710 272 16 64 64 0.983088
1710 272 32 64 64 1.507331
1710 288 32 64 64 2.036241
1710 288 48 64 64 0.859196
1710 220 140 40 40 0.778524
1710 384 136 32 32 3.395063
1710 384 144 32 32 2.826967
1710 384 152 32 32 1.184689
1710 392 128 32 32 8.788921
1710 392 136 32 32 12.370781
1710 392 144 32 32 8.138816
1710 392 152 32 32 1.533700
1710 400 128 32 32 8.493041
1710 400 136 32 32 8.121642
1710 400 144 32 32 4.043082
1710 400 152 32 32 0.963426
1710 408 128 32 32 3.008953
1710 408 136 32 32 1.545532
1710 231 119 28 28 0.532186
1710 238 126 28 28 0.289113
1710 245 126 28 28 4.307601
1710 245 133 28 28 3.557386
1710 336 112 28 28 2.871750
1710 336 119 28 28 3.952979
1710 336 126 28 28 4.281866
1710 336 133 28 28 4.875551
1710 343 112 28 28 1.191273
1710 343 119 28 28 3.767466
1710 343 126 28 28 3.794929
1710 343 133 28 28 3.777485
1710 492 96 24 24 2.776160
1710 492 102 24 24 0.584687
1710 498 96 24 24 1.629405
1740 256 16 64 64 1.250095
1740 204 192 48 48 0.152045
1740 204 192 48 48 0.152045
1740 315 126 36 36 2.090231
1740 432 126 36 36 4.733870
1740 432 144 36 36 0.869848
1740 441 126 36 36 2.806750
1740 441 144 36 36 1.674523
1740 0 112 32 32 6.782136
1740 8 112 32 32 0.125382
1740 280 112 32 32 1.220154
1740 392 112 32 32 0.443529
1740 408 112 32 32 1.933200
1740 408 128 32 32 1.992083
1740 0 112 28 28 0.377981
1740 0 119 28 28 2.614468
1740 0 126 28 28 3.352446
1740 7 112 28 28 4.068154
1740 7 119 28 28 10.190992
1740 7 126 28 28 6.559942
1740 7 133 28 28 0.682808
1740 14 112 28 28 1.639750
1740 14 119 28 28 5.204820
1740 14 126 28 28 2.250183
1740 336 133 28 28 4.635933
1740 448 126 28 28 1.778562
1740 448 133 28 28 1.390326
1740 455 126 28 28 3.966751
1740 455 133 28 28 1.347488
1740 469 119 28 28 0.054986
1770 144 297 36 36 0.814684
1770 0 112 32 32 6.189415
1770 384 128 32 32 6.331928
1770 384 136 32 32 4.213452
1770 392 128 32 32 1.148306
1770 400 128 32 32 4.100964
1770 400 136 32 32 1.908426
1770 408 128 32 32 6.296349
1770 408 136 32 32 3.763083
1770 0 112 28 28 3.623751
1770 0 119 28 28 8.982482
1770 0 126 28 28 9.372046
1770 0 133 28 28 7.163269
1770 7 112 28 28 0.648328
1770 7 119 28 28 5.213187
1770 7 126 28 28 5.224084
1770 7 133 28 28 0.836138
1770 343 133 28 28 0.280944
1770 350 133 28 28 2.373414
1770 357 133 28 28 5.749173
1770 6 114 24 24 0.843886
1800 0 16 64 64 0.002774
1800 432 126 36 36 2.285580
1800 441 126 36 36 3.133836
1800 450 126 36 36 2.856445
1800 459 126 36 36 1.190302
1800 8 128 32 32 3.484938
1800 16 112 32 32 9.558745
1800 16 128 32 32 4.910704
1800 24 112 32 32 7.242944
1800 24 128 32 32 1.035923
1800 14 133 28 28 4.426473
1800 21 119 28 28 0.064144
1800 21 126 28 28 4.203991
1800 21 133 28 28 8.225060
1800 455 133 28 28 1.964491
1800 462 112 28 28 1.598241
1800 462 119 28 28 2.233467
1800 462 126 28 28 1.242399
1800 469 112 28 28 1.413425
1800 486 114 24 24 0.065572
1830 192 204 48 48 1.339249
1830 204 228 48 48 1.200532
1830 192 204 48 48 1.339249
1830 204 228 48 48 1.200532
1830 144 288 36 36 3.208372
1830 144 297 36 36 2.180807
1830 153 288 36 36 3.510437
1830 153 297 36 36 3.521614
1830 162 288 36 36 5.247645
1830 162 297 36 36 2.802219
1830 216 288 36 36 2.835975
1830 288 288 36 36 3.479667
1830 288 297 36 36 1.298794
1830 297 288 36 36 1.225525
1830 450 126 36 36 6.655500
1830 450 144 36 36 0.911628
1830 459 126 36 36 8.602942
1830 459 144 36 36 0.127236
1830 136 152 32 32 0.309140
1830 0 231 28 28 0.257617
1830 112 119 28 28 2.158242
1830 112 126 28 28 2.387037
1830 119 119 28 28 1.462096
1830 119 126 28 28 0.926298
1830 462 133 28 28 1.963178
1830 469 133 28 28 5.726985
1830 204 294 24 24 1.912216
1830 204 300 24 24 4.116375
1830 204 306 24 24 4.195179
1830 210 306 24 24 1.603383
1860 48 16 64 64 0.539434
1860 119 126 28 28 0.656488
1890 128 112 32 32 2.966706
1890 128 128 32 32 1.607912
1890 128 136 32 32 2.175402
1890 119 224 28 28 0.342670
1890 224 119 28 28 3.383066
1890 224 126 28 28 4.076647
1890 224 133 28 28 0.494372
1890 231 119 28 28 0.033257
1890 245 119 28 28 1.256921
1890 144 108 24 24 0.351770
