30 0 32 64 64 1.540319
30 352 16 64 64 4.595820
30 352 32 64 64 1.857838
30 27 126 36 36 3.356275
30 256 112 32 32 0.210150
30 256 144 32 32 1.628273
30 264 144 32 32 0.237109
30 384 112 32 32 0.821856
30 408 128 32 32 5.428867
30 408 136 32 32 6.284414
30 168 133 28 28 1.123236
30 224 133 28 28 3.367154
30 350 119 28 28 3.670212
30 350 126 28 28 7.360001
30 357 119 28 28 5.093484
30 357 126 28 28 5.278788
30 448 126 28 28 0.802555
30 448 133 28 28 3.320280
60 352 16 64 64 0.804330
60 352 32 64 64 1.993058
60 9 126 36 36 4.093711
60 18 126 36 36 3.367617
60 27 126 36 36 1.621516
60 162 126 36 36 5.010498
60 297 126 36 36 0.026689
60 432 126 36 36 0.163569
60 8 128 32 32 0.634639
60 16 128 32 32 2.524525
60 16 136 32 32 0.208687
60 24 128 32 32 5.047031
60 24 136 32 32 1.927828
60 24 144 32 32 2.972745
60 176 128 32 32 5.889647
60 176 136 32 32 4.825792
60 176 144 32 32 0.330757
60 256 128 32 32 2.170573
60 256 136 32 32 0.738074
60 384 112 32 32 5.502456
60 392 112 32 32 1.930777
60 400 112 32 32 0.507124
60 408 112 32 32 0.529441
60 21 133 28 28 0.990154
60 343 126 28 28 0.312519
60 350 119 28 28 3.045660
60 350 126 28 28 5.640162
60 357 119 28 28 4.146760
60 357 126 28 28 4.255497
60 448 119 28 28 1.479261
90 32 48 64 64 0.659361
90 288 16 64 64 0.630125
90 352 0 64 64 2.198624
90 352 16 64 64 1.815534
90 0 0 44 44 1.940000
90 11 0 44 44 1.297474
90 10 10 40 40 2.332828
90 20 10 40 40 1.954676
90 30 10 40 40 2.235780
90 18 18 36 36 1.581572
90 27 18 36 36 2.070583
90 27 27 36 36 0.798358
90 432 126 36 36 6.287091
90 441 126 36 36 3.338882
90 256 112 32 32 1.147774
90 384 112 32 32 0.493384
90 168 126 28 28 0.741707
90 336 119 28 28 0.587747
90 343 119 28 28 0.292053
90 343 126 28 28 1.818375
90 350 119 28 28 1.235603
90 350 126 28 28 4.325327
90 357 119 28 28 5.295835
90 357 126 28 28 6.385909
90 357 133 28 28 0.905380
90 448 119 28 28 2.041553
90 96 198 24 24 0.445032
90 108 108 24 24 0.407123
90 108 198 24 24 0.961479
90 132 114 24 24 0.049141
90 384 102 24 24 0.292035
120 0 32 64 64 2.246975
120 352 0 64 64 0.127695
120 352 16 64 64 3.565353
120 18 126 36 36 0.268735
120 432 126 36 36 3.479684
120 441 126 36 36 5.844287
120 450 126 36 36 5.140820
120 459 126 36 36 0.911185
120 256 112 32 32 3.426537
120 264 112 32 32 0.188478
120 384 112 32 32 3.115225
120 336 119 28 28 0.700436
120 343 119 28 28 0.303259
120 350 119 28 28 0.193922
120 350 126 28 28 1.925377
120 357 126 28 28 1.661535
120 448 119 28 28 0.915667
120 469 7 28 28 0.830503
120 210 114 24 24 1.351572
120 498 0 24 24 4.310327
150 48 16 64 64 0.481180
150 48 48 64 64 0.002126
150 0 140 40 40 2.467118
150 10 140 40 40 1.285238
150 0 126 36 36 2.265325
150 0 144 36 36 3.905948
150 0 153 36 36 2.354352
150 9 126 36 36 3.130909
150 9 144 36 36 3.857140
150 9 153 36 36 2.052907
150 18 126 36 36 4.893095
150 18 144 36 36 4.795452
150 18 153 36 36 0.572302
150 27 126 36 36 0.766128
150 27 144 36 36 3.876214
150 0 152 32 32 1.008114
150 8 136 32 32 0.957671
150 8 144 32 32 3.091126
150 8 152 32 32 3.509398
150 16 136 32 32 0.907827
150 16 144 32 32 3.303642
150 16 152 32 32 2.959463
150 24 136 32 32 4.679615
150 24 144 32 32 5.054962
150 24 152 32 32 3.043487
150 192 136 32 32 0.555483
150 272 112 32 32 0.663979
150 119 7 28 28 1.131352
150 126 7 28 28 1.460249
150 455 126 28 28 2.336881
150 462 126 28 28 3.667476
150 469 119 28 28 0.566763
150 469 126 28 28 5.030516
150 469 133 28 28 0.484662
150 132 18 24 24 1.116988
150 132 192 24 24 1.223877
150 390 12 24 24 2.267261
150 396 18 24 24 1.215851
180 32 48 64 64 0.923943
180 220 140 40 40 0.292569
180 18 162 36 36 0.161181
180 18 171 36 36 0.924900
180 27 171 36 36 1.728375
180 432 126 36 36 1.647785
180 432 144 36 36 1.746832
180 441 126 36 36 4.625705
180 441 144 36 36 1.801042
180 441 153 36 36 0.841704
180 441 162 36 36 0.880077
180 450 126 36 36 3.182662
180 450 144 36 36 2.749446
180 450 153 36 36 2.331925
180 450 162 36 36 2.792640
180 459 144 36 36 2.993114
180 459 153 36 36 2.825450
180 459 162 36 36 2.716779
180 343 119 28 28 0.899303
180 343 126 28 28 0.585510
180 350 119 28 28 0.492965
180 455 133 28 28 1.285339
180 462 112 28 28 0.723494
180 462 126 28 28 0.206069
180 462 133 28 28 1.594326
180 469 98 28 28 1.367527
180 469 112 28 28 1.852870
180 469 119 28 28 0.656919
180 469 126 28 28 2.133789
180 469 133 28 28 1.618872
180 96 198 24 24 1.653522
180 102 192 24 24 1.832529
180 102 198 24 24 1.196794
180 108 192 24 24 2.874164
180 108 198 24 24 1.264733
180 192 96 24 24 1.159653
180 192 102 24 24 1.294527
180 192 108 24 24 0.466203
180 198 96 24 24 0.506944
180 198 102 24 24 0.743618
180 198 108 24 24 0.719815
180 210 204 24 24 0.334301
180 486 108 24 24 1.961729
180 486 114 24 24 0.780208
180 486 192 24 24 0.044954
210 48 32 64 64 3.019982
210 48 48 64 64 0.003897
210 256 48 64 64 2.213931
210 420 36 48 48 1.648502
210 420 36 48 48 1.648502
210 216 126 36 36 0.770502
210 128 128 32 32 2.879870
210 128 136 32 32 2.536856
210 128 144 32 32 0.552411
210 136 136 32 32 0.313565
210 294 192 24 24 1.297546
210 300 192 24 24 0.094779
210 486 102 24 24 0.371253
210 486 108 24 24 0.006267
240 32 16 64 64 0.797362
240 48 16 64 64 1.486904
240 288 16 64 64 0.562052
240 352 0 64 64 0.702818
240 352 16 64 64 1.120922
240 384 112 32 32 4.071915
240 392 112 32 32 1.717794
240 245 112 28 28 1.249355
240 462 126 28 28 2.311731
240 462 133 28 28 0.931526
240 469 0 28 28 1.089820
240 469 126 28 28 0.058369
240 469 133 28 28 0.198695
240 210 114 24 24 0.268731
240 396 114 24 24 2.929250
240 480 6 24 24 0.336871
240 480 12 24 24 0.854792
240 492 6 24 24 0.632489
270 32 16 64 64 0.241657
270 32 32 64 64 0.883464
270 48 16 64 64 2.366587
270 48 32 64 64 3.274720
270 0 11 44 44 0.041979
270 0 10 40 40 0.289996
270 0 20 40 40 2.026334
270 0 160 40 40 0.282316
270 10 20 40 40 0.796772
270 0 162 36 36 0.991556
270 0 171 36 36 1.886000
270 9 27 36 36 0.635218
270 9 171 36 36 2.157999
270 153 9 36 36 1.503973
270 24 8 32 32 1.213031
270 14 119 28 28 0.210742
270 21 119 28 28 0.801252
270 231 112 28 28 0.017049
270 231 119 28 28 2.910882
270 336 112 28 28 5.751263
270 336 119 28 28 5.352627
270 336 126 28 28 0.133384
270 343 112 28 28 3.458736
270 343 119 28 28 0.535553
270 462 112 28 28 2.573444
270 469 112 28 28 3.328942
270 469 119 28 28 3.687311
270 18 198 24 24 5.162100
270 18 204 24 24 0.926005
300 0 16 64 64 1.929471
300 0 32 64 64 3.388696
300 0 48 64 64 1.353849
300 16 32 64 64 0.266795
300 0 30 40 40 0.261532
300 136 16 32 32 0.489315
300 7 98 28 28 0.140192
300 14 98 28 28 1.636472
300 224 119 28 28 1.944721
300 224 126 28 28 1.175719
300 231 119 28 28 1.360061
300 231 126 28 28 0.811984
300 336 112 28 28 3.008876
300 336 119 28 28 6.077511
300 336 126 28 28 2.115900
300 343 112 28 28 0.656449
300 18 108 24 24 0.063031
330 128 144 32 32 1.489889
330 128 152 32 32 1.654063
330 0 98 28 28 2.464057
330 224 119 28 28 1.951589
330 224 126 28 28 3.602520
330 224 133 28 28 0.125909
330 231 119 28 28 0.958853
330 231 126 28 28 1.367606
330 336 112 28 28 0.733432
330 336 119 28 28 3.884189
330 336 126 28 28 0.207854
330 343 119 28 28 0.136045
330 0 0 24 24 2.726993
330 6 102 24 24 2.436143
330 12 102 24 24 4.037366
330 12 108 24 24 1.261351
330 96 192 24 24 2.153709
330 96 198 24 24 2.160496
330 102 198 24 24 2.186976
330 144 6 24 24 1.099549
360 30 140 40 40 0.734215
360 224 119 28 28 3.752126
360 224 126 28 28 2.157464
360 231 119 28 28 3.649893
360 231 126 28 28 4.008381
360 238 126 28 28 1.717989
360 245 126 28 28 1.763158
360 245 133 28 28 2.504225
360 336 112 28 28 5.575125
360 336 119 28 28 7.192329
360 343 112 28 28 6.386791
360 343 119 28 28 6.086287
360 350 112 28 28 7.153066
360 350 119 28 28 3.337120
360 357 112 28 28 3.839929
360 96 192 24 24 3.297893
360 96 198 24 24 2.207872
360 102 192 24 24 2.859938
390 176 22 44 44 0.283493
390 187 22 44 44 1.841913
390 10 160 40 40 0.065222
390 20 160 40 40 1.193641
390 27 171 36 36 1.942356
390 198 18 36 36 0.415857
390 128 136 32 32 0.995896
390 128 144 32 32 4.045626
390 128 152 32 32 1.571947
390 136 136 32 32 2.414994
390 136 144 32 32 3.713126
390 136 152 32 32 1.022101
390 144 136 32 32 0.819841
390 144 144 32 32 2.773360
390 0 112 28 28 1.610297
390 0 119 28 28 1.195503
390 7 112 28 28 3.695264
390 7 119 28 28 1.636409
390 14 112 28 28 1.997304
390 224 119 28 28 8.432949
390 224 126 28 28 4.507933
390 231 119 28 28 2.557054
390 231 126 28 28 1.458390
390 336 112 28 28 4.344284
390 343 112 28 28 3.648684
390 350 112 28 28 2.309012
390 357 112 28 28 2.778647
390 448 126 28 28 1.903487
390 448 133 28 28 3.911606
390 455 119 28 28 1.918882
390 455 126 28 28 3.289198
390 455 133 28 28 1.589135
390 6 114 24 24 0.791070
390 18 114 24 24 0.114085
390 204 96 24 24 0.990623
390 210 96 24 24 0.614011
420 20 140 40 40 1.123642
420 30 140 40 40 2.583076
420 18 162 36 36 0.223112
420 27 153 36 36 0.703156
420 27 162 36 36 0.890473
420 192 112 32 32 3.592150
420 469 119 28 28 0.793185
420 469 126 28 28 1.083887
420 469 133 28 28 3.618529
420 0 210 24 24 0.378719
420 6 210 24 24 0.343283
450 272 16 64 64 0.361085
450 0 0 36 36 2.083860
450 0 8 32 32 2.915323
450 8 8 32 32 1.666648
450 8 16 32 32 0.065502
450 176 112 32 32 1.221554
450 192 112 32 32 1.196599
450 280 112 32 32 0.108733
450 0 0 28 28 0.430132
450 0 14 28 28 0.353148
450 0 21 28 28 0.486329
450 231 119 28 28 1.411312
450 231 126 28 28 2.199389
450 238 119 28 28 2.244601
450 238 126 28 28 3.490138
450 245 126 28 28 2.188521
450 350 112 28 28 1.058071
450 350 119 28 28 0.903582
450 357 112 28 28 4.442603
450 0 6 24 24 1.453149
450 6 6 24 24 0.507543
450 198 18 24 24 0.206816
450 204 18 24 24 1.228691
480 272 16 64 64 1.619391
480 288 0 64 64 1.043265
480 288 16 64 64 4.832196
480 352 0 64 64 2.105355
480 352 16 64 64 1.531622
480 0 176 44 44 0.213825
480 0 180 40 40 1.532963
480 10 170 40 40 0.357762
480 10 180 40 40 1.294237
480 20 180 40 40 1.047961
480 18 171 36 36 1.697092
480 224 112 28 28 4.820247
480 224 119 28 28 3.970197
480 336 112 28 28 1.669406
480 448 119 28 28 0.088578
480 448 126 28 28 1.228370
480 448 133 28 28 1.832121
480 192 12 24 24 4.133857
480 192 18 24 24 0.078460
480 198 12 24 24 0.766912
480 492 300 24 24 0.292200
480 498 306 24 24 0.220122
510 33 154 44 44 0.869464
510 126 133 28 28 1.389753
510 224 119 28 28 2.038653
510 231 112 28 28 2.631746
510 231 119 28 28 4.055899
510 238 112 28 28 4.633743
510 238 119 28 28 5.164141
510 448 119 28 28 3.192861
510 448 126 28 28 1.856670
510 455 119 28 28 2.841541
510 455 126 28 28 3.104348
510 455 133 28 28 0.141829
510 462 126 28 28 1.588739
510 96 210 24 24 1.569869
510 102 204 24 24 0.472319
510 102 210 24 24 2.673565
510 108 192 24 24 1.325596
510 108 198 24 24 1.075912
510 108 204 24 24 0.042446
510 108 210 24 24 1.241341
510 204 6 24 24 0.737685
540 32 16 64 64 2.295541
540 48 16 64 64 1.360695
540 352 16 64 64 1.528828
540 396 36 48 48 6.706472
540 396 36 48 48 6.706472
540 352 33 44 44 0.610766
540 0 153 36 36 0.482471
540 0 128 32 32 1.185748
540 8 128 32 32 0.131515
540 128 112 32 32 4.404622
540 136 112 32 32 1.019520
540 176 112 32 32 0.213235
540 0 0 28 28 2.139548
540 0 7 28 28 2.213143
540 7 0 28 28 0.440877
540 7 7 28 28 1.711853
540 7 14 28 28 0.301957
540 14 7 28 28 1.013989
540 112 126 28 28 1.268792
540 112 133 28 28 1.751103
540 119 126 28 28 1.126773
540 126 119 28 28 2.898518
540 126 126 28 28 3.169966
540 231 112 28 28 2.141924
540 231 119 28 28 1.802264
540 238 112 28 28 4.850872
540 238 119 28 28 4.604205
540 245 112 28 28 0.924272
540 245 119 28 28 2.055335
540 469 112 28 28 0.939136
540 469 119 28 28 2.316105
540 469 126 28 28 2.173633
540 0 0 24 24 3.888840
540 0 6 24 24 5.472603
540 0 12 24 24 3.925615
540 6 6 24 24 1.122863
540 6 12 24 24 3.840284
540 6 18 24 24 3.507310
540 12 12 24 24 0.995263
540 12 18 24 24 1.667424
540 18 0 24 24 2.335337
540 18 6 24 24 1.327147
540 18 12 24 24 0.765104
540 18 18 24 24 1.666398
540 18 288 24 24 0.785916
570 16 16 64 64 2.898404
570 32 0 64 64 0.627201
570 32 16 64 64 3.160983
570 32 32 64 64 0.844234
570 288 0 64 64 2.299045
570 288 16 64 64 0.070344
570 396 36 48 48 0.002218
570 408 36 48 48 1.300640
570 396 36 48 48 0.002218
570 408 36 48 48 1.300640
570 352 33 44 44 3.899657
570 441 9 36 36 0.092283
570 441 18 36 36 0.076705
570 128 112 32 32 0.288465
570 14 126 28 28 1.009261
570 21 126 28 28 0.085245
570 112 119 28 28 1.683255
570 112 126 28 28 0.541799
570 112 133 28 28 1.380965
570 119 119 28 28 3.197499
570 119 126 28 28 1.245078
570 119 133 28 28 1.609641
570 126 119 28 28 0.226808
570 168 21 28 28 2.696670
570 231 98 28 28 0.535037
570 231 112 28 28 6.243054
570 231 119 28 28 0.551026
570 238 112 28 28 5.621361
570 498 18 24 24 0.963134
600 0 0 64 64 4.490380
600 0 16 64 64 2.635679
600 16 0 64 64 4.810478
600 16 16 64 64 2.717899
600 32 0 64 64 0.128069
600 32 16 64 64 1.993209
600 408 36 48 48 1.792752
600 420 36 48 48 0.163939
600 408 36 48 48 1.792752
600 420 36 48 48 0.163939
600 352 22 44 44 0.687986
600 352 33 44 44 6.482129
600 363 33 44 44 1.853863
600 0 128 32 32 0.848902
600 8 128 32 32 0.237353
600 0 126 28 28 0.427844
600 0 133 28 28 1.080285
600 7 133 28 28 3.143389
600 14 133 28 28 3.356787
600 21 133 28 28 0.903132
600 112 126 28 28 1.416399
600 231 98 28 28 4.359409
600 231 112 28 28 3.413539
600 238 98 28 28 2.018659
600 390 114 24 24 0.389073
630 0 0 64 64 2.433543
630 0 16 64 64 3.440419
630 16 16 64 64 2.077013
630 288 0 64 64 2.605878
630 420 36 48 48 1.902230
630 420 36 48 48 1.902230
630 352 33 44 44 1.135958
630 20 0 40 40 0.813180
630 27 0 36 36 1.310023
630 27 9 36 36 3.013058
630 24 8 32 32 0.128307
630 24 16 32 32 0.841774
630 136 0 32 32 2.200157
630 144 0 32 32 2.686321
630 400 112 32 32 0.577947
630 154 7 28 28 1.147805
630 154 14 28 28 2.216125
630 168 7 28 28 1.376782
630 168 14 28 28 2.908532
630 224 98 28 28 5.104340
630 224 112 28 28 2.295178
630 231 98 28 28 4.136105
630 231 112 28 28 2.008195
630 343 119 28 28 1.059984
630 350 112 28 28 0.045813
630 350 119 28 28 0.788571
630 469 112 28 28 0.299953
630 192 6 24 24 0.960487
630 204 102 24 24 0.172376
630 210 102 24 24 2.357745
630 390 114 24 24 1.986336
660 0 16 64 64 1.467190
660 16 16 64 64 0.385054
660 288 0 64 64 1.549677
660 352 33 44 44 1.055622
660 9 0 36 36 1.623035
660 9 27 36 36 0.423238
660 459 297 36 36 0.354034
660 8 8 32 32 0.737553
660 16 0 32 32 3.346808
660 16 8 32 32 1.475807
660 24 0 32 32 0.882205
660 136 0 32 32 0.026961
660 21 7 28 28 2.134551
660 21 14 28 28 2.330299
660 154 7 28 28 0.568206
660 168 7 28 28 2.914692
660 168 14 28 28 0.624283
660 224 98 28 28 5.956286
660 224 112 28 28 4.482253
660 231 98 28 28 4.124330
660 231 112 28 28 2.333360
660 462 21 28 28 0.837969
660 469 21 28 28 0.481877
660 210 102 24 24 0.482555
660 384 114 24 24 0.298228
660 390 114 24 24 1.132409
660 396 114 24 24 0.235923
690 0 16 64 64 0.222447
690 288 0 64 64 1.188157
690 352 33 44 44 1.887888
690 0 0 36 36 0.996959
690 0 27 36 36 0.521670
690 8 0 32 32 1.441764
690 8 24 32 32 1.377415
690 128 0 32 32 1.796772
690 128 8 32 32 1.688773
690 136 0 32 32 1.801839
690 136 144 32 32 0.328199
690 14 0 28 28 0.219869
690 14 7 28 28 2.228604
690 21 0 28 28 1.035495
690 21 7 28 28 1.150659
690 154 7 28 28 1.220173
690 154 14 28 28 0.378614
690 168 0 28 28 0.857278
690 168 7 28 28 4.282419
690 168 14 28 28 0.784210
690 224 98 28 28 5.752113
690 224 112 28 28 4.285284
690 231 98 28 28 3.976558
690 231 112 28 28 1.097638
690 469 21 28 28 2.195017
690 18 12 24 24 1.483934
690 144 6 24 24 0.199134
690 144 12 24 24 1.605727
690 144 18 24 24 1.042229
690 198 96 24 24 0.276124
690 198 102 24 24 0.638402
690 204 96 24 24 0.145968
690 204 102 24 24 0.895110
690 210 102 24 24 0.611071
720 0 16 64 64 1.123157
720 288 0 64 64 1.185987
720 352 33 44 44 1.658682
720 0 0 36 36 0.036370
720 0 27 36 36 0.780457
720 27 126 36 36 0.049999
720 8 0 32 32 2.708168
720 16 0 32 32 0.518673
720 128 0 32 32 0.834914
720 128 8 32 32 1.753033
720 136 0 32 32 2.181114
720 136 8 32 32 0.314676
720 136 144 32 32 0.889201
720 144 0 32 32 0.213656
720 408 112 32 32 0.592068
720 14 0 28 28 1.793191
720 14 7 28 28 3.261242
720 21 0 28 28 1.248682
720 21 7 28 28 1.666023
720 154 7 28 28 0.276667
720 168 7 28 28 3.126873
720 224 98 28 28 5.176425
720 224 112 28 28 3.903352
720 224 119 28 28 0.353593
720 231 98 28 28 4.401679
720 231 112 28 28 1.778845
720 469 21 28 28 1.677193
720 18 12 24 24 3.305576
720 18 18 24 24 0.342309
720 144 12 24 24 0.692354
720 192 0 24 24 0.314479
720 198 102 24 24 0.124246
720 204 102 24 24 1.802512
720 210 102 24 24 1.654506
720 390 114 24 24 1.287113
720 396 114 24 24 1.687277
750 288 0 64 64 2.401648
750 0 24 48 48 0.606257
750 0 36 48 48 0.106867
750 0 168 48 48 4.024577
750 12 24 48 48 3.674659
750 12 36 48 48 0.992950
750 12 168 48 48 3.458930
750 12 192 48 48 0.392619
750 24 24 48 48 4.254992
750 24 36 48 48 1.115172
750 24 168 48 48 1.826503
750 36 24 48 48 1.957457
750 36 36 48 48 0.399868
750 0 24 48 48 0.606257
750 0 36 48 48 0.106867
750 0 168 48 48 4.024577
750 12 24 48 48 3.674659
750 12 36 48 48 0.992950
750 12 168 48 48 3.458930
750 12 192 48 48 0.392619
750 24 24 48 48 4.254992
750 24 36 48 48 1.115172
750 24 168 48 48 1.826503
750 36 24 48 48 1.957457
750 36 36 48 48 0.399868
750 0 176 44 44 2.656648
750 0 198 44 44 0.103710
750 11 176 44 44 4.400748
750 11 187 44 44 2.863344
750 11 198 44 44 0.458848
750 22 33 44 44 1.564596
750 22 176 44 44 4.008218
750 22 187 44 44 4.530102
750 22 198 44 44 1.114967
750 33 33 44 44 3.270241
750 33 176 44 44 2.364391
750 33 187 44 44 3.819447
750 33 198 44 44 0.346007
750 352 33 44 44 0.511849
750 10 170 40 40 2.507904
750 10 180 40 40 4.165150
750 20 170 40 40 4.644218
750 20 180 40 40 4.723924
750 20 190 40 40 3.567556
750 30 170 40 40 3.808479
750 30 180 40 40 4.898741
750 30 190 40 40 5.018257
750 0 0 36 36 0.395604
750 0 27 36 36 0.715806
750 8 0 32 32 2.982638
750 16 0 32 32 0.763798
750 128 8 32 32 2.181924
750 136 0 32 32 0.852030
750 136 8 32 32 1.904275
750 408 112 32 32 0.722378
750 14 0 28 28 1.159544
750 14 7 28 28 3.027503
750 21 7 28 28 1.495678
750 21 224 28 28 0.463501
750 168 7 28 28 0.988751
750 168 14 28 28 1.613126
750 168 133 28 28 0.229684
750 224 98 28 28 2.629495
750 224 112 28 28 3.461738
750 224 119 28 28 1.888594
750 231 98 28 28 1.636238
750 231 112 28 28 4.090918
750 245 224 28 28 0.609345
750 469 21 28 28 0.776204
750 18 12 24 24 1.837663
750 18 18 24 24 1.495238
750 96 102 24 24 0.499293
750 96 108 24 24 0.156386
750 96 114 24 24 1.640711
750 102 102 24 24 0.263530
750 102 114 24 24 0.852213
750 144 114 24 24 0.535828
750 198 102 24 24 0.982253
750 198 108 24 24 0.581144
750 204 102 24 24 1.824910
750 210 102 24 24 0.025630
780 0 16 64 64 2.524308
780 16 16 64 64 1.023848
780 288 0 64 64 3.581258
780 352 33 44 44 0.626134
780 0 0 36 36 0.123327
780 0 27 36 36 1.048915
780 8 0 32 32 2.266660
780 8 24 32 32 0.024302
780 16 0 32 32 0.948517
780 128 8 32 32 0.635388
780 136 0 32 32 0.153720
780 136 8 32 32 0.789568
780 408 112 32 32 0.085130
780 14 0 28 28 1.213503
780 14 7 28 28 2.889832
780 21 7 28 28 1.244980
780 168 14 28 28 1.099707
780 224 98 28 28 3.077791
780 224 112 28 28 4.122112
780 224 119 28 28 0.872656
780 231 98 28 28 2.538811
780 231 112 28 28 6.035235
780 238 112 28 28 0.529154
780 469 21 28 28 1.147090
780 18 12 24 24 1.583060
780 18 18 24 24 1.059812
780 198 102 24 24 1.161260
780 204 102 24 24 1.755132
780 210 102 24 24 0.597973
810 0 16 64 64 1.509106
810 16 16 64 64 0.398715
810 288 0 64 64 3.343016
810 352 33 44 44 0.504005
810 0 0 36 36 0.042694
810 8 0 32 32 2.347037
810 16 0 32 32 0.832130
810 128 8 32 32 1.573273
810 136 0 32 32 0.965378
810 136 8 32 32 2.477425
810 144 0 32 32 0.319343
810 408 112 32 32 0.578133
810 14 0 28 28 1.634552
810 14 7 28 28 2.875948
810 21 7 28 28 1.069768
810 168 14 28 28 0.418106
810 224 98 28 28 3.012967
810 224 112 28 28 4.179875
810 224 119 28 28 1.137005
810 231 98 28 28 2.450679
810 231 112 28 28 5.325305
810 238 112 28 28 0.547796
810 469 21 28 28 1.064402
810 18 12 24 24 2.326891
810 18 18 24 24 1.231189
810 198 102 24 24 1.145663
810 204 102 24 24 1.989293
810 210 102 24 24 1.214898
840 0 16 64 64 1.656199
840 16 16 64 64 0.634172
840 288 0 64 64 3.189116
840 352 33 44 44 0.193427
840 0 0 40 40 0.219647
840 0 0 36 36 0.625311
840 0 0 32 32 0.030993
840 8 0 32 32 2.701093
840 8 8 32 32 0.454031
840 16 0 32 32 0.469713
840 128 8 32 32 2.022124
840 128 144 32 32 0.380076
840 136 0 32 32 1.183898
840 136 8 32 32 1.948401
840 144 0 32 32 0.387249
840 408 112 32 32 0.446931
840 14 0 28 28 0.702121
840 14 7 28 28 2.107491
840 21 7 28 28 0.734273
840 168 7 28 28 0.995107
840 168 14 28 28 2.036863
840 224 98 28 28 2.747600
840 224 112 28 28 4.175478
840 224 119 28 28 2.088931
840 231 98 28 28 0.757908
840 231 112 28 28 5.154130
840 469 21 28 28 0.367698
840 18 12 24 24 1.649894
840 18 18 24 24 1.820770
840 198 102 24 24 1.121290
840 204 102 24 24 2.363331
840 210 102 24 24 0.840960
870 0 16 64 64 1.214066
870 288 0 64 64 2.674738
870 352 33 44 44 0.211691
870 0 0 36 36 0.457129
870 0 0 32 32 0.180015
870 8 0 32 32 2.908294
870 8 8 32 32 0.530825
870 16 0 32 32 0.960757
870 128 8 32 32 1.874952
870 128 144 32 32 0.203486
870 136 0 32 32 1.043678
870 136 8 32 32 1.888291
870 144 0 32 32 0.212918
870 408 112 32 32 0.656182
870 14 0 28 28 1.132904
870 14 7 28 28 2.771663
870 14 14 28 28 0.715903
870 21 7 28 28 1.743362
870 168 7 28 28 1.529951
870 168 14 28 28 2.639261
870 224 98 28 28 2.610804
870 224 112 28 28 4.396451
870 224 119 28 28 2.571539
870 231 98 28 28 0.745480
870 231 112 28 28 5.097479
870 238 112 28 28 0.224130
870 469 21 28 28 0.665617
870 18 12 24 24 1.358704
870 18 18 24 24 2.389088
870 144 12 24 24 0.324050
870 192 6 24 24 0.007708
870 198 102 24 24 0.791053
870 204 102 24 24 1.809930
870 210 102 24 24 0.854645
900 0 16 64 64 1.066388
900 16 16 64 64 0.290136
900 288 0 64 64 2.558335
900 352 33 44 44 0.125838
900 0 0 40 40 0.315030
900 0 0 36 36 0.895266
900 0 0 32 32 0.350826
900 0 8 32 32 0.014994
900 8 0 32 32 2.940281
900 8 8 32 32 0.419221
900 16 0 32 32 1.191418
900 128 8 32 32 2.022135
900 128 144 32 32 0.439461
900 136 0 32 32 1.419434
900 136 8 32 32 1.779289
900 144 0 32 32 1.085880
900 408 112 32 32 1.155398
900 14 0 28 28 0.583270
900 14 7 28 28 2.699814
900 14 14 28 28 0.729938
900 21 7 28 28 1.774187
900 168 7 28 28 1.142437
900 168 14 28 28 2.809598
900 224 98 28 28 2.336944
900 224 112 28 28 3.951487
900 224 119 28 28 2.197250
900 231 98 28 28 0.275012
900 231 112 28 28 4.945543
900 469 21 28 28 0.320030
900 18 12 24 24 0.725891
900 18 18 24 24 2.016682
900 198 102 24 24 0.585953
900 204 102 24 24 1.323619
900 210 102 24 24 0.838866
930 0 16 64 64 1.151617
930 288 0 64 64 2.626919
930 352 33 44 44 0.144159
930 0 0 36 36 0.478444
930 0 0 32 32 0.147672
930 0 8 32 32 0.003916
930 8 0 32 32 2.643659
930 8 8 32 32 0.078639
930 16 0 32 32 0.707925
930 128 8 32 32 1.672547
930 128 144 32 32 0.171501
930 136 0 32 32 0.352364
930 136 8 32 32 0.672980
930 408 112 32 32 1.472659
930 14 0 28 28 0.441293
930 14 7 28 28 2.392875
930 14 14 28 28 0.475465
930 21 7 28 28 1.442333
930 168 7 28 28 2.134208
930 168 14 28 28 3.284376
930 224 98 28 28 2.542351
930 224 112 28 28 3.818276
930 224 119 28 28 2.059606
930 231 98 28 28 0.120586
930 231 112 28 28 4.449283
930 469 21 28 28 0.562808
930 18 12 24 24 0.661644
930 18 18 24 24 1.944551
930 144 12 24 24 0.097300
930 204 102 24 24 1.350299
930 210 102 24 24 0.690871
960 0 16 64 64 1.918405
960 0 32 64 64 1.502557
960 288 0 64 64 2.489143
960 352 33 44 44 0.226583
960 0 0 36 36 3.044256
960 0 9 36 36 2.156474
960 8 0 32 32 0.352047
960 8 24 32 32 1.004129
960 128 8 32 32 1.773237
960 128 144 32 32 0.378169
960 136 0 32 32 0.054441
960 136 8 32 32 1.525417
960 408 112 32 32 1.017710
960 14 0 28 28 0.517424
960 14 7 28 28 1.992295
960 21 7 28 28 1.005165
960 168 7 28 28 0.711407
960 168 14 28 28 1.977144
960 224 98 28 28 2.653527
960 224 112 28 28 5.005516
960 224 119 28 28 3.747009
960 231 98 28 28 0.652987
960 231 112 28 28 6.163677
960 238 112 28 28 0.693493
960 469 21 28 28 0.448228
960 18 12 24 24 0.848729
960 18 18 24 24 2.333546
960 198 102 24 24 0.308560
960 204 102 24 24 1.093576
960 210 102 24 24 0.770318
990 0 16 64 64 2.833115
990 0 32 64 64 2.411806
990 288 0 64 64 2.969834
990 0 0 36 36 2.483952
990 27 126 36 36 0.703261
990 450 126 36 36 1.096352
990 128 8 32 32 2.413390
990 136 0 32 32 0.609091
990 136 8 32 32 2.092456
990 144 0 32 32 0.470371
990 400 112 32 32 0.370551
990 408 112 32 32 0.628573
990 7 7 28 28 1.033576
990 14 0 28 28 2.039880
990 14 7 28 28 2.186970
990 154 7 28 28 1.298020
990 154 14 28 28 1.013359
990 168 7 28 28 1.788395
990 168 14 28 28 3.250410
990 168 21 28 28 0.776432
990 224 98 28 28 2.091393
990 224 112 28 28 5.766619
990 224 119 28 28 4.006771
990 231 98 28 28 0.037142
990 231 112 28 28 7.091316
990 238 112 28 28 1.490711
990 469 21 28 28 0.192657
990 12 12 24 24 0.599893
990 12 18 24 24 0.503832
990 18 0 24 24 0.004644
990 18 6 24 24 0.668423
990 18 12 24 24 4.079429
990 18 18 24 24 3.548309
990 144 12 24 24 1.531905
990 144 18 24 24 0.649425
990 192 6 24 24 0.605610
990 198 108 24 24 0.683726
990 204 108 24 24 0.359246
990 210 108 24 24 0.108048
1020 288 0 64 64 2.055119
1020 9 126 36 36 0.857456
1020 144 0 36 36 0.882760
1020 432 126 36 36 0.850904
1020 128 8 32 32 0.718430
1020 136 0 32 32 1.097451
1020 136 8 32 32 1.783579
1020 144 0 32 32 1.739766
1020 144 8 32 32 0.694471
1020 400 112 32 32 3.266527
1020 408 112 32 32 4.391492
1020 0 0 28 28 3.909072
1020 0 7 28 28 0.912308
1020 154 7 28 28 2.026605
1020 154 14 28 28 2.745053
1020 154 21 28 28 0.079874
1020 168 14 28 28 0.974043
1020 224 112 28 28 5.650718
1020 224 119 28 28 3.901504
1020 224 126 28 28 3.229493
1020 231 112 28 28 7.251155
1020 231 119 28 28 5.653326
1020 238 112 28 28 2.396525
1020 336 119 28 28 0.207235
1020 0 0 24 24 0.372752
1020 0 6 24 24 2.777930
1020 0 12 24 24 2.434119
1020 6 6 24 24 3.221730
1020 6 12 24 24 3.112510
1020 192 6 24 24 0.595281
1020 198 108 24 24 1.416899
1020 198 114 24 24 1.816068
1020 204 108 24 24 2.953651
1020 210 108 24 24 2.142481
1020 210 114 24 24 1.117793
1050 352 0 64 64 7.905545
1050 352 16 64 64 1.140437
1050 384 36 48 48 4.150942
1050 396 36 48 48 0.205235
1050 384 36 48 48 4.150942
1050 396 36 48 48 0.205235
1050 385 33 44 44 0.255409
1050 144 8 32 32 0.059794
1050 192 0 32 32 0.028580
1050 256 112 32 32 4.542098
1050 264 112 32 32 0.138500
1050 154 21 28 28 1.522508
1050 245 14 28 28 0.040054
1050 448 119 28 28 0.361483
1050 455 119 28 28 3.454213
1050 462 119 28 28 3.997765
1050 462 126 28 28 2.814651
1050 462 133 28 28 0.541685
1050 469 126 28 28 2.727493
1050 469 133 28 28 1.825591
1050 192 12 24 24 1.675757
1050 192 18 24 24 2.489603
1080 32 48 64 64 0.354796
1080 48 32 64 64 1.064100
1080 48 48 64 64 3.715850
1080 256 0 64 64 5.819956
1080 256 16 64 64 7.062178
1080 256 32 64 64 5.012931
1080 256 48 64 64 4.897126
1080 272 0 64 64 2.713671
1080 272 16 64 64 5.016120
1080 272 32 64 64 1.890831
1080 272 48 64 64 2.007011
1080 288 16 64 64 3.836732
1080 288 32 64 64 0.440594
1080 160 140 40 40 1.983684
1080 170 140 40 40 3.638323
1080 180 140 40 40 3.443257
1080 320 170 40 40 0.286972
1080 198 144 36 36 1.213704
1080 288 306 36 36 0.514089
1080 297 297 36 36 0.786374
1080 297 306 36 36 0.656756
1080 306 297 36 36 0.788023
1080 306 306 36 36 0.277931
1080 315 27 36 36 0.401602
1080 392 136 32 32 0.380903
1080 400 112 32 32 1.107496
1080 400 128 32 32 0.996732
1080 400 136 32 32 1.033102
1080 408 112 32 32 2.587075
1080 408 128 32 32 0.382724
1080 336 7 28 28 3.367898
1080 336 14 28 28 1.177648
1080 357 133 28 28 1.003678
1080 108 198 24 24 0.188402
1080 384 294 24 24 0.130384
1080 390 294 24 24 0.626794
1080 396 294 24 24 0.559284
1080 492 0 24 24 0.306912
1080 498 0 24 24 1.935459
1080 498 6 24 24 0.616174
1110 0 48 64 64 0.271486
1110 272 32 64 64 2.112037
1110 272 48 64 64 5.199761
1110 288 32 64 64 2.054341
1110 288 48 64 64 7.628839
1110 0 168 48 48 6.125126
1110 12 168 48 48 6.105409
1110 24 168 48 48 2.332843
1110 36 168 48 48 1.336548
1110 192 168 48 48 1.813251
1110 192 192 48 48 0.197145
1110 204 168 48 48 1.442155
1110 204 192 48 48 0.658812
1110 216 168 48 48 2.815233
1110 216 192 48 48 1.779512
1110 264 0 48 48 0.459352
1110 264 12 48 48 1.242079
1110 264 192 48 48 0.939780
1110 264 204 48 48 0.183113
1110 396 216 48 48 0.256977
1110 420 36 48 48 0.061510
1110 0 168 48 48 6.125126
1110 12 168 48 48 6.105409
1110 24 168 48 48 2.332843
1110 36 168 48 48 1.336548
1110 192 168 48 48 1.813251
1110 192 192 48 48 0.197145
1110 204 168 48 48 1.442155
1110 204 192 48 48 0.658812
1110 216 168 48 48 2.815233
1110 216 192 48 48 1.779512
1110 264 0 48 48 0.459352
1110 264 12 48 48 1.242079
1110 264 192 48 48 0.939780
1110 264 204 48 48 0.183113
1110 396 216 48 48 0.256977
1110 420 36 48 48 0.061510
1110 0 154 44 44 3.687825
1110 11 154 44 44 4.681024
1110 11 176 44 44 3.544360
1110 22 154 44 44 4.706254
1110 22 176 44 44 4.796860
1110 22 187 44 44 0.044171
1110 33 154 44 44 4.789793
1110 33 176 44 44 1.676762
1110 33 187 44 44 0.081488
1110 176 176 44 44 2.694043
1110 176 187 44 44 3.654833
1110 176 198 44 44 0.800803
1110 176 209 44 44 1.311710
1110 187 154 44 44 1.019263
1110 187 176 44 44 4.728384
1110 187 187 44 44 2.785133
1110 187 198 44 44 1.509379
1110 187 209 44 44 0.339581
1110 198 176 44 44 1.889127
1110 198 187 44 44 2.386410
1110 242 176 44 44 2.969590
1110 242 187 44 44 2.492798
1110 242 198 44 44 1.873504
1110 242 209 44 44 1.949108
1110 264 11 44 44 0.182308
1110 264 176 44 44 0.973587
1110 264 187 44 44 1.271274
1110 264 198 44 44 1.447213
1110 0 160 40 40 3.938960
1110 10 160 40 40 5.547953
1110 10 170 40 40 1.884044
1110 20 160 40 40 6.143624
1110 20 170 40 40 3.441726
1110 20 180 40 40 2.262422
1110 20 190 40 40 0.015741
1110 30 160 40 40 5.394246
1110 30 170 40 40 3.249249
1110 30 180 40 40 3.245339
1110 160 190 40 40 3.699036
1110 170 190 40 40 1.766588
1110 180 190 40 40 3.379350
1110 220 190 40 40 1.402644
1110 240 170 40 40 0.783879
1110 240 180 40 40 1.163743
1110 240 190 40 40 1.870573
1110 350 140 40 40 0.625415
1110 9 153 36 36 0.198473
1110 9 162 36 36 4.051006
1110 9 171 36 36 1.385596
1110 18 162 36 36 4.307380
1110 18 171 36 36 3.871251
1110 27 162 36 36 2.590616
1110 27 171 36 36 6.025411
1110 441 126 36 36 1.791162
1110 450 126 36 36 0.215591
1110 112 112 28 28 1.477788
1110 112 133 28 28 0.010598
1110 119 112 28 28 0.176792
1110 119 119 28 28 1.287911
1110 224 98 28 28 3.741718
1110 231 98 28 28 0.998017
1110 231 112 28 28 0.738785
1110 455 133 28 28 0.002037
1110 96 198 24 24 0.356956
1110 102 198 24 24 1.427285
1110 132 210 24 24 1.295777
1110 198 114 24 24 2.411491
1110 204 114 24 24 3.625701
1110 210 108 24 24 2.442392
1110 210 114 24 24 2.833817
1110 492 18 24 24 0.215089
1110 498 12 24 24 0.358400
1110 498 18 24 24 0.142594
1140 0 32 64 64 1.207569
1140 0 48 64 64 1.560774
1140 16 48 64 64 0.439025
1140 256 0 64 64 1.872525
1140 192 36 48 48 1.630674
1140 204 12 48 48 1.918867
1140 204 24 48 48 3.384318
1140 204 36 48 48 4.286750
1140 216 36 48 48 1.895989
1140 288 12 48 48 1.153310
1140 192 36 48 48 1.630674
1140 204 12 48 48 1.918867
1140 204 24 48 48 3.384318
1140 204 36 48 48 4.286750
1140 216 36 48 48 1.895989
1140 288 12 48 48 1.153310
1140 176 33 44 44 5.275325
1140 187 33 44 44 3.632311
1140 198 33 44 44 0.202105
1140 220 30 40 40 1.712565
1140 240 20 40 40 0.836589
1140 240 30 40 40 3.329791
1140 176 112 32 32 0.232384
1140 176 128 32 32 0.188551
1140 192 112 32 32 0.526138
1140 272 112 32 32 0.227128
1140 224 98 28 28 0.016937
1140 231 98 28 28 0.777566
1140 238 98 28 28 0.230445
1140 245 98 28 28 2.284517
1140 96 108 24 24 1.147835
1140 96 114 24 24 1.131060
1140 102 114 24 24 1.770307
1140 108 114 24 24 0.020404
1140 204 84 24 24 0.767324
1140 204 102 24 24 0.326375
1140 210 84 24 24 1.068851
1140 210 96 24 24 0.545254
1140 210 102 24 24 1.671839
1140 210 108 24 24 2.486268
1140 210 114 24 24 2.387409
1140 288 114 24 24 0.360873
1140 294 114 24 24 3.840318
1140 300 114 24 24 4.478336
1140 306 114 24 24 1.585617
1140 498 108 24 24 1.327974
1170 16 32 64 64 3.126215
1170 16 48 64 64 0.500375
1170 32 32 64 64 8.374835
1170 32 48 64 64 4.372482
1170 48 16 64 64 2.065594
1170 48 32 64 64 6.308463
1170 48 48 64 64 2.931122
1170 0 128 32 32 3.767895
1170 8 128 32 32 6.829092
1170 8 136 32 32 0.049316
1170 176 112 32 32 0.387053
1170 384 128 32 32 0.413842
1170 14 133 28 28 0.600446
1170 126 126 28 28 2.112199
1170 154 126 28 28 2.062943
1170 154 133 28 28 0.209194
1170 168 126 28 28 1.653551
1170 168 133 28 28 1.175375
1170 231 112 28 28 2.369103
1170 231 119 28 28 0.063481
1170 238 112 28 28 0.933152
1170 336 133 28 28 1.851478
1170 343 133 28 28 0.878557
1170 350 133 28 28 0.970316
1170 357 133 28 28 1.204979
1170 455 126 28 28 4.496264
1170 455 133 28 28 2.667459
1170 462 126 28 28 3.298937
1170 462 133 28 28 3.689508
1170 12 0 24 24 2.716159
1170 18 0 24 24 1.168093
1170 18 6 24 24 0.125838
1170 396 102 24 24 2.106027
1170 396 108 24 24 0.356516
1170 402 96 24 24 2.123761
1170 402 102 24 24 1.526063
1200 0 16 64 64 4.166517
1200 0 32 64 64 3.946831
1200 16 0 64 64 1.213380
1200 16 16 64 64 2.695203
1200 32 0 64 64 1.617492
1200 32 16 64 64 5.436069
1200 48 0 64 64 0.875765
1200 48 16 64 64 6.404700
1200 48 32 64 64 1.611464
1200 216 36 48 48 1.421170
1200 216 36 48 48 1.421170
1200 432 144 36 36 0.198705
1200 0 128 32 32 0.096945
1200 128 112 32 32 4.233853
1200 136 112 32 32 0.315222
1200 144 112 32 32 2.340654
1200 392 144 32 32 0.410681
1200 400 144 32 32 2.277019
1200 400 152 32 32 2.565342
1200 408 144 32 32 3.354773
1200 408 152 32 32 2.980443
1200 0 133 28 28 2.832113
1200 7 133 28 28 2.330837
1200 126 112 28 28 2.342904
1200 126 119 28 28 1.365746
1200 154 112 28 28 5.122642
1200 154 119 28 28 5.226656
1200 168 112 28 28 0.925564
1200 168 119 28 28 0.674457
1200 224 98 28 28 1.201112
1200 224 112 28 28 0.181673
1200 245 98 28 28 0.407711
1200 343 119 28 28 0.061038
1200 343 126 28 28 4.141428
1200 343 133 28 28 2.093393
1200 350 119 28 28 0.888656
1200 350 126 28 28 5.525954
1200 350 133 28 28 3.118274
1200 357 119 28 28 2.552562
1200 357 126 28 28 4.827971
1200 357 133 28 28 5.183820
1200 6 0 24 24 0.581852
1200 12 0 24 24 5.045280
1200 18 0 24 24 4.991529
1200 288 114 24 24 3.218511
1200 294 108 24 24 0.386635
1200 294 114 24 24 4.530881
1200 300 114 24 24 3.243359
1200 306 114 24 24 6.627311
1230 0 0 64 64 3.485524
1230 16 0 64 64 3.545759
1230 32 0 64 64 2.549636
1230 32 16 64 64 1.762534
1230 48 0 64 64 3.262618
1230 48 16 64 64 2.584549
1230 192 24 48 48 1.792430
1230 204 24 48 48 2.728476
1230 192 24 48 48 1.792430
1230 204 24 48 48 2.728476
1230 198 33 44 44 0.269203
1230 432 144 36 36 1.834454
1230 432 153 36 36 1.454357
1230 112 98 28 28 2.054822
1230 119 98 28 28 2.536336
1230 126 98 28 28 1.771258
1230 336 112 28 28 2.938371
1230 336 119 28 28 4.788651
1230 343 112 28 28 0.008909
1230 343 119 28 28 2.654230
1230 102 114 24 24 1.589233
1230 108 114 24 24 2.496283
1230 204 102 24 24 0.276563
1230 210 102 24 24 0.165934
1230 288 96 24 24 1.070551
1230 300 108 24 24 0.728140
1230 300 114 24 24 0.050202
1230 498 96 24 24 0.325788
1260 0 0 64 64 0.243186
1260 352 32 64 64 2.561484
1260 352 48 64 64 1.442900
1260 0 36 48 48 5.258685
1260 12 36 48 48 3.855150
1260 24 36 48 48 1.657518
1260 36 36 48 48 1.244129
1260 192 12 48 48 4.969350
1260 192 24 48 48 5.057436
1260 204 24 48 48 1.592721
1260 264 24 48 48 3.467655
1260 264 36 48 48 2.689455
1260 384 36 48 48 3.120407
1260 0 36 48 48 5.258685
1260 12 36 48 48 3.855150
1260 24 36 48 48 1.657518
1260 36 36 48 48 1.244129
1260 192 12 48 48 4.969350
1260 192 24 48 48 5.057436
1260 204 24 48 48 1.592721
1260 264 24 48 48 3.467655
1260 264 36 48 48 2.689455
1260 384 36 48 48 3.120407
1260 176 33 44 44 0.528634
1260 187 22 44 44 3.346812
1260 187 33 44 44 2.382028
1260 198 11 44 44 0.078492
1260 198 22 44 44 6.801735
1260 198 33 44 44 6.700243
1260 242 33 44 44 0.663482
1260 264 33 44 44 3.456529
1260 220 30 40 40 0.140967
1260 432 144 36 36 2.420326
1260 432 153 36 36 3.985751
1260 432 162 36 36 1.603535
1260 408 144 32 32 2.984585
1260 408 152 32 32 2.843646
1260 0 112 28 28 1.936498
1260 14 98 28 28 0.772438
1260 21 98 28 28 4.927634
1260 126 98 28 28 0.188831
1260 336 98 28 28 1.830892
1260 336 112 28 28 2.604924
1260 336 119 28 28 3.219353
1260 350 98 28 28 0.503470
1260 0 114 24 24 6.522758
1260 6 108 24 24 4.401915
1260 6 114 24 24 7.451218
1260 12 108 24 24 2.752720
1260 12 114 24 24 7.550450
1260 18 108 24 24 1.112416
1260 18 114 24 24 3.581400
1260 96 102 24 24 0.422650
1260 102 102 24 24 0.809391
1260 102 108 24 24 2.098985
1260 108 102 24 24 2.787105
1260 108 108 24 24 2.389580
1260 132 108 24 24 1.483323
1260 144 102 24 24 3.393632
1260 144 108 24 24 5.335564
1260 144 114 24 24 4.420240
1260 198 96 24 24 1.541637
1260 204 96 24 24 0.652363
1260 210 96 24 24 0.867811
1260 294 84 24 24 0.982434
1260 300 84 24 24 2.494939
1260 300 96 24 24 1.457481
1260 300 102 24 24 4.540028
1260 300 108 24 24 2.720279
1260 306 96 24 24 1.484650
1260 306 102 24 24 4.514353
1260 306 108 24 24 4.932342
1260 306 114 24 24 1.141028
1260 384 102 24 24 0.402891
1260 384 108 24 24 0.720145
1260 384 114 24 24 0.013527
1260 390 84 24 24 1.716141
1260 390 96 24 24 1.272310
1260 390 102 24 24 2.791486
1260 390 108 24 24 4.085930
1260 390 114 24 24 2.844943
1260 396 114 24 24 1.004753
1290 352 32 64 64 0.531996
1290 0 36 48 48 0.475893
1290 12 36 48 48 0.954161
1290 24 36 48 48 2.453421
1290 36 36 48 48 2.423108
1290 192 0 48 48 7.811661
1290 192 12 48 48 12.931166
1290 192 24 48 48 7.131982
1290 204 0 48 48 2.717342
1290 204 12 48 48 8.751311
1290 204 24 48 48 3.135979
1290 216 12 48 48 5.212186
1290 288 12 48 48 1.216745
1290 0 36 48 48 0.475893
1290 12 36 48 48 0.954161
1290 24 36 48 48 2.453421
1290 36 36 48 48 2.423108
1290 192 0 48 48 7.811661
1290 192 12 48 48 12.931166
1290 192 24 48 48 7.131982
1290 204 0 48 48 2.717342
1290 204 12 48 48 8.751311
1290 204 24 48 48 3.135979
1290 216 12 48 48 5.212186
1290 288 12 48 48 1.216745
1290 11 33 44 44 0.776660
1290 176 11 44 44 2.666348
1290 176 22 44 44 7.157990
1290 176 33 44 44 3.440760
1290 187 11 44 44 5.694149
1290 187 22 44 44 11.144292
1290 187 33 44 44 4.941617
1290 198 11 44 44 6.505579
1290 198 22 44 44 12.056143
1290 198 33 44 44 6.921246
1290 242 22 44 44 0.323483
1290 180 30 40 40 0.431807
1290 220 30 40 40 4.158771
1290 240 30 40 40 0.256568
1290 441 144 36 36 0.477564
1290 7 98 28 28 0.757383
1290 7 112 28 28 1.870095
1290 7 133 28 28 0.693005
1290 14 98 28 28 3.406617
1290 14 112 28 28 3.503562
1290 21 98 28 28 4.633082
1290 21 112 28 28 5.847793
1290 21 126 28 28 0.417999
1290 21 133 28 28 0.678687
1290 119 119 28 28 0.110429
1290 343 98 28 28 0.534480
1290 0 114 24 24 1.017274
1290 6 108 24 24 1.793947
1290 6 114 24 24 5.859003
1290 18 96 24 24 0.226722
1290 18 114 24 24 2.257434
1290 132 96 24 24 2.359174
1290 132 102 24 24 0.032328
1290 144 96 24 24 2.747620
1290 144 102 24 24 6.126367
1290 192 84 24 24 1.525769
1290 198 84 24 24 2.142805
1290 204 210 24 24 0.271271
1290 210 84 24 24 1.025186
1290 210 210 24 24 0.429940
1290 288 84 24 24 4.634583
1290 306 102 24 24 1.361316
1290 384 192 24 24 1.101646
1290 390 192 24 24 1.054716
1290 396 192 24 24 1.279043
1290 402 192 24 24 0.678418
1320 256 0 64 64 0.356651
1320 272 0 64 64 0.507620
1320 288 0 64 64 3.747108
1320 0 36 48 48 3.932701
1320 192 0 48 48 0.390742
1320 192 12 48 48 4.992305
1320 192 24 48 48 0.278902
1320 216 12 48 48 2.000054
1320 288 24 48 48 0.925199
1320 288 36 48 48 0.691515
1320 408 24 48 48 0.862341
1320 420 24 48 48 1.404421
1320 420 36 48 48 1.670030
1320 0 36 48 48 3.932701
1320 192 0 48 48 0.390742
1320 192 12 48 48 4.992305
1320 192 24 48 48 0.278902
1320 216 12 48 48 2.000054
1320 288 24 48 48 0.925199
1320 288 36 48 48 0.691515
1320 408 24 48 48 0.862341
1320 420 24 48 48 1.404421
1320 420 36 48 48 1.670030
1320 176 22 44 44 4.934983
1320 176 33 44 44 2.593577
1320 187 11 44 44 2.100352
1320 187 22 44 44 7.645611
1320 187 33 44 44 3.483715
1320 198 22 44 44 6.596934
1320 198 33 44 44 0.355502
1320 242 22 44 44 0.889211
1320 160 30 40 40 4.438472
1320 170 30 40 40 5.269565
1320 180 30 40 40 3.137986
1320 16 112 32 32 1.962188
1320 24 112 32 32 1.972448
1320 384 128 32 32 0.139689
1320 384 136 32 32 2.377618
1320 392 136 32 32 2.949216
1320 392 144 32 32 0.806555
1320 400 136 32 32 1.241682
1320 400 144 32 32 0.444584
1320 408 136 32 32 1.576402
1320 21 98 28 28 0.713907
1320 21 119 28 28 2.409888
1320 21 126 28 28 1.364688
1320 21 133 28 28 0.149821
1320 224 0 28 28 0.244495
1320 336 98 28 28 0.661454
1320 357 126 28 28 0.660419
1320 0 102 24 24 1.730281
1320 0 108 24 24 3.468555
1320 0 114 24 24 0.687666
1320 108 96 24 24 0.548110
1320 144 96 24 24 0.917282
1320 144 102 24 24 0.496482
1320 144 114 24 24 1.443925
1320 192 12 24 24 0.458829
1320 210 84 24 24 3.954562
1320 288 84 24 24 0.302365
1320 306 102 24 24 0.159753
1320 396 84 24 24 0.830370
1320 396 96 24 24 0.280108
1320 396 108 24 24 0.561889
1350 272 16 64 64 0.156391
1350 352 0 64 64 2.381416
1350 352 16 64 64 3.385067
1350 352 32 64 64 2.639408
1350 352 48 64 64 0.329702
1350 0 24 48 48 3.038611
1350 0 36 48 48 3.634374
1350 192 0 48 48 7.317578
1350 192 12 48 48 3.593609
1350 0 24 48 48 3.038611
1350 0 36 48 48 3.634374
1350 192 0 48 48 7.317578
1350 192 12 48 48 3.593609
1350 0 33 44 44 0.097504
1350 11 33 44 44 2.295891
1350 176 11 44 44 4.218531
1350 176 22 44 44 1.013536
1350 187 11 44 44 5.608748
1350 187 22 44 44 4.535833
1350 198 11 44 44 4.838326
1350 198 22 44 44 1.071350
1350 242 0 44 44 1.180987
1350 242 11 44 44 2.844776
1350 264 11 44 44 1.882138
1350 264 22 44 44 2.466846
1350 160 20 40 40 1.194026
1350 160 30 40 40 3.721484
1350 170 30 40 40 2.967296
1350 450 153 36 36 0.475767
1350 384 112 32 32 1.384172
1350 400 112 32 32 3.316155
1350 400 128 32 32 0.828853
1350 408 112 32 32 2.506816
1350 408 128 32 32 0.835264
1350 0 98 28 28 3.964025
1350 0 112 28 28 4.367973
1350 7 98 28 28 1.310506
1350 7 112 28 28 1.123392
1350 119 98 28 28 1.261388
1350 336 112 28 28 0.201695
1350 448 98 28 28 0.703038
1350 455 98 28 28 3.921635
1350 462 98 28 28 3.312184
1350 6 96 24 24 2.882228
1350 6 102 24 24 5.917449
1350 6 108 24 24 2.373711
1350 6 114 24 24 2.897572
1350 12 96 24 24 1.725054
1350 12 102 24 24 2.261460
1350 12 108 24 24 2.245064
1350 12 114 24 24 3.831317
1350 18 96 24 24 1.328757
1350 18 102 24 24 3.896579
1350 18 108 24 24 3.471803
1350 18 114 24 24 2.177975
1350 96 96 24 24 0.178045
1350 102 84 24 24 0.853065
1350 102 96 24 24 6.135400
1350 102 102 24 24 2.292401
1350 108 96 24 24 1.394019
1350 132 96 24 24 1.123982
1350 288 84 24 24 1.669303
1350 390 18 24 24 1.417451
1350 480 102 24 24 2.212190
1350 492 0 24 24 0.287375
1350 498 0 24 24 0.676839
1380 256 16 64 64 1.138519
1380 256 32 64 64 2.616819
1380 256 48 64 64 0.252175
1380 272 32 64 64 1.310894
1380 272 48 64 64 3.719115
1380 288 48 64 64 3.532169
1380 176 22 44 44 0.923162
1380 242 22 44 44 1.057889
1380 242 33 44 44 0.382772
1380 264 22 44 44 1.124722
1380 264 33 44 44 0.155769
1380 180 30 40 40 0.307749
1380 441 153 36 36 0.601245
1380 392 16 32 32 0.124909
1380 400 16 32 32 4.051255
1380 400 24 32 32 3.314180
1380 408 16 32 32 0.793817
1380 408 24 32 32 0.910027
1380 336 112 28 28 2.500496
1380 336 119 28 28 0.137523
1380 336 133 28 28 0.381383
1380 343 112 28 28 0.574216
1380 0 0 24 24 3.596878
1380 0 6 24 24 2.050900
1380 0 102 24 24 3.723738
1380 0 108 24 24 2.914732
1380 0 114 24 24 0.510678
1380 6 0 24 24 4.063128
1380 6 6 24 24 2.683824
1380 6 102 24 24 1.201462
1380 6 108 24 24 1.779655
1380 12 0 24 24 5.336234
1380 12 6 24 24 2.277253
1380 12 102 24 24 2.295030
1380 18 0 24 24 0.801388
1380 18 96 24 24 0.636032
1380 96 102 24 24 3.374791
1380 198 84 24 24 4.355080
1380 204 84 24 24 3.829502
1380 210 84 24 24 4.499592
1380 306 84 24 24 0.210915
1380 492 102 24 24 0.017027
1380 498 96 24 24 4.317118
1380 498 102 24 24 3.829480
1380 498 108 24 24 2.074123
1380 498 114 24 24 0.517580
1410 272 16 64 64 4.339687
1410 272 32 64 64 3.375958
1410 288 0 64 64 1.381648
1410 288 16 64 64 7.172544
1410 288 32 64 64 8.049502
1410 288 48 64 64 6.295483
1410 0 36 48 48 0.625212
1410 12 36 48 48 1.633759
1410 264 0 48 48 1.667726
1410 264 12 48 48 7.468121
1410 264 24 48 48 1.403956
1410 0 36 48 48 0.625212
1410 12 36 48 48 1.633759
1410 264 0 48 48 1.667726
1410 264 12 48 48 7.468121
1410 264 24 48 48 1.403956
1410 11 22 44 44 1.191692
1410 11 33 44 44 0.959911
1410 22 22 44 44 2.963269
1410 22 33 44 44 1.906488
1410 33 22 44 44 1.497074
1410 176 22 44 44 3.339891
1410 176 33 44 44 1.546099
1410 242 11 44 44 0.976961
1410 242 22 44 44 3.475370
1410 264 11 44 44 1.035570
1410 264 22 44 44 4.809989
1410 363 154 44 44 1.198187
1410 30 30 40 40 0.001405
1410 180 30 40 40 4.013752
1410 220 190 40 40 1.463461
1410 240 30 40 40 2.357735
1410 240 190 40 40 0.405189
1410 441 18 36 36 1.968839
1410 450 18 36 36 2.154731
1410 459 9 36 36 0.509453
1410 459 18 36 36 5.234229
1410 384 16 32 32 2.025874
1410 392 16 32 32 1.260952
1410 0 231 28 28 0.000274
1410 7 98 28 28 2.197292
1410 7 231 28 28 0.326967
1410 14 231 28 28 1.757316
1410 21 231 28 28 3.161098
1410 343 98 28 28 2.671727
1410 343 112 28 28 1.951960
1410 343 119 28 28 4.707921
1410 343 126 28 28 2.033456
1410 350 98 28 28 3.322335
1410 357 98 28 28 0.051396
1410 12 84 24 24 0.474642
1410 12 96 24 24 0.929623
1410 12 102 24 24 2.994681
1410 12 108 24 24 0.865214
1410 12 114 24 24 1.074355
1410 18 84 24 24 1.276801
1410 18 96 24 24 1.947359
1410 18 102 24 24 3.710142
1410 18 108 24 24 0.195561
1410 102 6 24 24 1.824789
1410 108 6 24 24 0.216286
1410 144 96 24 24 1.063083
1410 198 96 24 24 2.797451
1410 204 96 24 24 7.724052
1410 210 84 24 24 3.183893
1410 210 96 24 24 8.037669
1410 480 18 24 24 0.028587
1440 352 16 64 64 0.576919
1440 352 32 64 64 0.681100
1440 352 48 64 64 2.432493
1440 12 12 48 48 1.082239
1440 24 12 48 48 5.128069
1440 36 12 48 48 0.657144
1440 216 24 48 48 3.064407
1440 216 36 48 48 1.983069
1440 264 12 48 48 0.329999
1440 264 24 48 48 1.504816
1440 288 12 48 48 1.552469
1440 288 24 48 48 3.214945
1440 12 12 48 48 1.082239
1440 24 12 48 48 5.128069
1440 36 12 48 48 0.657144
1440 216 24 48 48 3.064407
1440 216 36 48 48 1.983069
1440 264 12 48 48 0.329999
1440 264 24 48 48 1.504816
1440 288 12 48 48 1.552469
1440 288 24 48 48 3.214945
1440 242 22 44 44 2.332445
1440 242 33 44 44 2.349323
1440 264 33 44 44 0.001976
1440 352 33 44 44 0.606973
1440 240 30 40 40 0.371224
1440 408 16 32 32 0.642509
1440 0 98 28 28 3.038166
1440 0 112 28 28 3.840038
1440 0 119 28 28 1.104637
1440 0 126 28 28 3.093078
1440 0 133 28 28 2.907415
1440 462 126 28 28 1.402314
1440 462 133 28 28 1.627488
1440 469 126 28 28 4.796423
1440 469 133 28 28 4.815553
1440 0 114 24 24 2.778126
1440 6 114 24 24 1.913998
1440 12 84 24 24 1.446835
1440 12 96 24 24 2.019180
1440 12 114 24 24 0.350708
1440 102 0 24 24 0.802354
1440 132 96 24 24 2.735885
1440 144 102 24 24 0.379355
1440 144 108 24 24 0.053366
1440 192 84 24 24 3.076160
1440 198 84 24 24 3.649806
1440 198 108 24 24 1.672005
1440 204 84 24 24 1.945073
1440 204 108 24 24 1.689662
1440 210 84 24 24 0.323412
1470 48 0 64 64 1.806819
1470 216 24 48 48 2.425856
1470 216 36 48 48 1.453025
1470 288 12 48 48 0.114401
1470 420 0 48 48 1.479907
1470 420 12 48 48 3.041886
1470 420 24 48 48 2.757725
1470 420 36 48 48 1.895454
1470 216 24 48 48 2.425856
1470 216 36 48 48 1.453025
1470 288 12 48 48 0.114401
1470 420 0 48 48 1.479907
1470 420 12 48 48 3.041886
1470 420 24 48 48 2.757725
1470 420 36 48 48 1.895454
1470 176 33 44 44 1.134981
1470 242 22 44 44 1.438266
1470 242 33 44 44 3.950674
1470 441 0 36 36 1.806603
1470 450 0 36 36 5.937740
1470 0 98 28 28 1.278737
1470 7 98 28 28 1.939749
1470 14 98 28 28 1.229167
1470 21 98 28 28 2.855075
1470 469 14 28 28 1.540626
1470 469 21 28 28 0.978475
1470 469 112 28 28 4.293670
1470 469 119 28 28 7.092381
1470 469 126 28 28 1.475475
1470 0 96 24 24 4.690348
1470 0 102 24 24 0.410738
1470 0 108 24 24 3.159979
1470 0 114 24 24 7.827760
1470 6 96 24 24 0.920632
1470 6 108 24 24 0.393837
1470 6 114 24 24 5.958779
1470 12 114 24 24 0.984362
1470 18 114 24 24 2.651790
1470 108 96 24 24 1.291542
1470 108 102 24 24 3.409025
1470 192 84 24 24 1.511272
1470 204 108 24 24 3.736727
1470 210 102 24 24 0.958646
1470 210 108 24 24 2.870094
1470 288 102 24 24 2.993704
1470 306 84 24 24 2.515200
1470 480 18 24 24 1.854024
1500 32 0 64 64 1.433769
1500 32 16 64 64 0.561304
1500 216 24 48 48 1.508083
1500 216 36 48 48 2.589076
1500 216 24 48 48 1.508083
1500 216 36 48 48 2.589076
1500 242 33 44 44 1.152748
1500 352 33 44 44 0.520624
1500 363 22 44 44 2.318642
1500 363 33 44 44 3.706085
1500 374 22 44 44 0.266875
1500 374 33 44 44 3.307100
1500 14 98 28 28 4.093295
1500 21 98 28 28 5.855039
1500 350 98 28 28 0.112514
1500 357 98 28 28 0.793693
1500 198 102 24 24 0.675418
1500 198 108 24 24 1.404461
1500 198 114 24 24 2.933833
1500 204 96 24 24 2.775814
1500 204 102 24 24 4.082472
1500 204 108 24 24 4.009826
1500 204 114 24 24 2.974598
1500 210 102 24 24 2.164956
1500 210 108 24 24 1.475696
1500 210 114 24 24 2.265343
1530 16 0 64 64 1.360395
1530 16 16 64 64 0.832793
1530 32 0 64 64 0.062575
1530 216 24 48 48 2.850457
1530 216 36 48 48 7.098154
1530 384 24 48 48 2.298684
1530 384 36 48 48 0.094349
1530 216 24 48 48 2.850457
1530 216 36 48 48 7.098154
1530 384 24 48 48 2.298684
1530 384 36 48 48 0.094349
1530 242 33 44 44 1.998859
1530 374 33 44 44 2.957487
1530 385 33 44 44 4.101295
1530 0 112 28 28 1.469517
1530 7 112 28 28 2.356163
1530 14 98 28 28 1.101209
1530 357 98 28 28 0.042902
1530 12 114 24 24 0.951112
1530 18 114 24 24 2.522970
1530 96 108 24 24 0.911472
1530 132 102 24 24 0.217847
1530 144 102 24 24 0.241501
1530 192 114 24 24 0.960555
1530 198 114 24 24 2.876703
1530 204 102 24 24 0.898990
1530 204 108 24 24 0.525528
1530 204 114 24 24 2.457255
1530 402 294 24 24 0.262461
1560 0 0 64 64 2.923701
1560 16 0 64 64 1.287937
1560 24 36 48 48 0.694080
1560 36 36 48 48 0.260139
1560 204 24 48 48 0.176763
1560 204 36 48 48 4.386036
1560 216 24 48 48 6.705586
1560 216 36 48 48 9.469500
1560 384 24 48 48 0.874622
1560 24 36 48 48 0.694080
1560 36 36 48 48 0.260139
1560 204 24 48 48 0.176763
1560 204 36 48 48 4.386036
1560 216 24 48 48 6.705586
1560 216 36 48 48 9.469500
1560 384 24 48 48 0.874622
1560 242 33 44 44 3.919467
1560 385 33 44 44 2.146570
1560 238 98 28 28 1.170654
1560 6 96 24 24 0.202164
1560 12 96 24 24 0.396133
1560 132 96 24 24 0.008694
1560 192 6 24 24 1.321140
1560 192 12 24 24 1.836590
1560 192 108 24 24 2.881043
1560 192 114 24 24 4.576624
1560 198 102 24 24 1.635510
1560 198 108 24 24 2.738931
1560 198 114 24 24 2.997435
1560 294 114 24 24 2.675562
1560 384 84 24 24 2.129103
1560 384 102 24 24 1.879410
1560 384 108 24 24 1.531709
1560 384 114 24 24 1.553398
1590 0 0 64 64 0.391546
1590 48 0 64 64 3.416272
1590 192 36 48 48 0.870017
1590 204 24 48 48 1.725020
1590 204 36 48 48 6.970174
1590 216 24 48 48 8.066792
1590 216 36 48 48 9.310075
1590 288 24 48 48 0.788674
1590 192 36 48 48 0.870017
1590 204 24 48 48 1.725020
1590 204 36 48 48 6.970174
1590 216 24 48 48 8.066792
1590 216 36 48 48 9.310075
1590 288 24 48 48 0.788674
1590 242 33 44 44 2.733537
1590 231 98 28 28 0.144140
1590 6 96 24 24 0.264539
1590 6 102 24 24 0.859606
1590 144 108 24 24 1.281809
1590 144 114 24 24 2.195095
1590 192 114 24 24 0.381548
1590 198 96 24 24 2.126559
1590 204 96 24 24 0.333365
1590 390 108 24 24 0.014542
1590 390 114 24 24 0.996006
1590 396 108 24 24 0.402855
1590 396 114 24 24 1.245178
1620 48 0 64 64 2.854043
1620 192 36 48 48 0.076074
1620 204 24 48 48 2.966549
1620 204 36 48 48 7.442273
1620 216 24 48 48 8.255753
1620 216 36 48 48 9.986514
1620 288 24 48 48 1.406197
1620 396 24 48 48 0.495474
1620 396 36 48 48 0.089425
1620 192 36 48 48 0.076074
1620 204 24 48 48 2.966549
1620 204 36 48 48 7.442273
1620 216 24 48 48 8.255753
1620 216 36 48 48 9.986514
1620 288 24 48 48 1.406197
1620 396 24 48 48 0.495474
1620 396 36 48 48 0.089425
1620 242 33 44 44 3.043128
1620 126 98 28 28 2.468054
1620 126 112 28 28 1.456244
1620 231 98 28 28 0.812752
1620 238 98 28 28 1.134115
1620 336 98 28 28 1.323105
1620 343 98 28 28 0.465230
1620 0 96 24 24 0.434624
1620 0 102 24 24 1.866728
1620 132 108 24 24 0.093124
1620 132 114 24 24 1.439793
1620 198 96 24 24 0.345821
1620 384 108 24 24 1.944520
1620 390 108 24 24 0.460518
1650 32 0 64 64 0.750386
1650 48 0 64 64 3.223267
1650 48 16 64 64 0.370488
1650 192 36 48 48 0.607940
1650 204 36 48 48 6.965254
1650 216 24 48 48 5.893974
1650 216 36 48 48 9.641617
1650 396 24 48 48 0.024170
1650 396 36 48 48 1.530870
1650 420 36 48 48 0.283943
1650 192 36 48 48 0.607940
1650 204 36 48 48 6.965254
1650 216 24 48 48 5.893974
1650 216 36 48 48 9.641617
1650 396 24 48 48 0.024170
1650 396 36 48 48 1.530870
1650 420 36 48 48 0.283943
1650 242 33 44 44 1.874012
1650 119 98 28 28 0.278757
1650 119 112 28 28 0.321327
1650 126 98 28 28 1.493940
1650 126 112 28 28 1.949615
1650 231 98 28 28 0.926087
1650 238 98 28 28 3.717863
1650 336 98 28 28 0.129462
1650 0 102 24 24 0.519814
1650 132 114 24 24 1.843952
1650 198 96 24 24 0.466007
1650 198 102 24 24 1.502081
1650 384 84 24 24 2.075855
1650 384 114 24 24 0.218545
1650 390 84 24 24 0.020929
1680 16 0 64 64 1.434514
1680 32 0 64 64 2.146983
1680 48 0 64 64 3.799406
1680 48 16 64 64 1.897240
1680 204 36 48 48 5.001134
1680 216 24 48 48 3.461068
1680 216 36 48 48 8.298443
1680 288 36 48 48 0.096851
1680 396 36 48 48 1.083793
1680 408 36 48 48 0.867395
1680 420 36 48 48 0.455019
1680 204 36 48 48 5.001134
1680 216 24 48 48 3.461068
1680 216 36 48 48 8.298443
1680 288 36 48 48 0.096851
1680 396 36 48 48 1.083793
1680 408 36 48 48 0.867395
1680 420 36 48 48 0.455019
1680 242 33 44 44 2.869064
1680 21 112 28 28 0.253650
1680 119 98 28 28 2.425173
1680 119 112 28 28 0.282776
1680 119 119 28 28 0.551610
1680 126 98 28 28 0.100433
1680 126 112 28 28 3.890358
1680 126 119 28 28 2.068548
1680 168 112 28 28 0.055182
1680 168 119 28 28 1.687857
1680 238 98 28 28 5.050024
1680 245 98 28 28 2.462066
1680 336 98 28 28 1.859242
1680 343 98 28 28 1.348598
1680 350 98 28 28 2.154325
1680 455 112 28 28 1.098402
1680 462 112 28 28 1.995796
1680 0 108 24 24 0.374241
1680 132 114 24 24 0.688198
1680 198 102 24 24 0.400481
1680 198 114 24 24 0.148224
1680 384 84 24 24 1.445569
1680 384 114 24 24 1.067281
1680 390 84 24 24 0.209557
1710 16 0 64 64 1.177199
1710 32 0 64 64 2.486907
1710 48 0 64 64 4.114514
1710 48 16 64 64 2.360170
1710 204 36 48 48 4.869483
1710 216 24 48 48 1.352043
1710 216 36 48 48 7.890079
1710 288 36 48 48 0.921511
1710 420 36 48 48 0.283907
1710 204 36 48 48 4.869483
1710 216 24 48 48 1.352043
1710 216 36 48 48 7.890079
1710 288 36 48 48 0.921511
1710 420 36 48 48 0.283907
1710 242 33 44 44 1.301912
1710 21 112 28 28 2.964851
1710 112 98 28 28 0.701672
1710 119 98 28 28 2.544945
1710 119 112 28 28 0.288075
1710 126 98 28 28 0.004638
1710 126 112 28 28 3.536141
1710 126 119 28 28 0.997879
1710 168 7 28 28 2.515907
1710 168 119 28 28 0.464094
1710 238 98 28 28 4.512782
1710 245 98 28 28 4.488212
1710 336 98 28 28 3.864974
1710 343 98 28 28 2.923157
1710 350 98 28 28 3.079004
1710 192 114 24 24 0.116521
1710 198 102 24 24 0.259142
1710 198 108 24 24 1.277987
1710 198 114 24 24 0.653336
1710 384 84 24 24 0.011739
1710 498 114 24 24 1.129539
1740 16 0 64 64 1.011728
1740 32 0 64 64 2.374928
1740 48 0 64 64 4.080688
1740 48 16 64 64 2.788947
1740 204 36 48 48 4.042074
1740 216 24 48 48 0.431735
1740 216 36 48 48 7.611446
1740 288 36 48 48 0.952824
1740 396 36 48 48 0.029064
1740 204 36 48 48 4.042074
1740 216 24 48 48 0.431735
1740 216 36 48 48 7.611446
1740 288 36 48 48 0.952824
1740 396 36 48 48 0.029064
1740 242 33 44 44 0.739262
1740 272 112 32 32 0.005054
1740 21 112 28 28 3.067330
1740 112 98 28 28 0.224036
1740 119 98 28 28 1.649602
1740 126 112 28 28 3.866836
1740 126 119 28 28 1.352709
1740 126 126 28 28 0.055867
1740 168 7 28 28 0.591710
1740 168 119 28 28 0.752787
1740 238 98 28 28 3.459749
1740 245 98 28 28 4.954778
1740 336 98 28 28 3.928460
1740 343 98 28 28 2.692434
1740 350 98 28 28 2.993587
1740 192 114 24 24 0.327548
1740 198 108 24 24 1.776398
1740 198 114 24 24 0.260063
1770 204 36 48 48 3.819666
1770 216 24 48 48 1.622557
1770 216 36 48 48 7.447615
1770 204 36 48 48 3.819666
1770 216 24 48 48 1.622557
1770 216 36 48 48 7.447615
1770 242 33 44 44 2.074541
1770 8 136 32 32 0.551208
1770 16 136 32 32 1.548743
1770 128 128 32 32 0.544989
1770 128 136 32 32 0.405183
1770 168 7 28 28 2.232443
1770 238 98 28 28 1.590894
1770 245 98 28 28 2.034258
1770 336 98 28 28 3.945946
1770 343 98 28 28 2.764283
1770 350 98 28 28 3.123908
1770 132 96 24 24 0.174126
1770 192 108 24 24 0.771242
1770 192 114 24 24 1.053608
1770 198 108 24 24 0.564612
1770 384 84 24 24 1.922835
1800 0 16 64 64 2.511464
1800 16 0 64 64 2.483200
1800 16 16 64 64 2.282136
1800 32 0 64 64 2.476568
1800 48 0 64 64 2.495817
1800 48 16 64 64 0.594460
1800 204 36 48 48 4.124988
1800 216 24 48 48 0.885069
1800 216 36 48 48 8.283494
1800 288 36 48 48 0.743740
1800 396 36 48 48 0.204196
1800 204 36 48 48 4.124988
1800 216 24 48 48 0.885069
1800 216 36 48 48 8.283494
1800 288 36 48 48 0.743740
1800 396 36 48 48 0.204196
1800 242 33 44 44 0.039110
1800 272 112 32 32 1.205841
1800 0 98 28 28 0.507238
1800 21 112 28 28 2.072603
1800 119 98 28 28 0.689440
1800 119 112 28 28 0.294566
1800 119 119 28 28 0.035389
1800 126 112 28 28 3.905512
1800 126 119 28 28 1.368389
1800 168 7 28 28 1.265729
1800 168 119 28 28 0.302056
1800 238 98 28 28 4.287899
1800 245 98 28 28 6.318514
1800 336 98 28 28 3.964414
1800 343 98 28 28 2.898588
1800 350 98 28 28 3.069228
1800 198 102 24 24 0.176418
1800 198 108 24 24 1.404644
1830 16 0 64 64 1.662504
1830 32 0 64 64 2.485691
1830 48 0 64 64 4.328859
1830 48 16 64 64 3.806140
1830 256 0 64 64 2.658515
1830 204 36 48 48 4.257771
1830 216 24 48 48 0.737096
1830 216 36 48 48 8.331428
1830 288 0 48 48 0.956363
1830 288 36 48 48 1.203350
1830 204 36 48 48 4.257771
1830 216 24 48 48 0.737096
1830 216 36 48 48 8.331428
1830 288 0 48 48 0.956363
1830 288 36 48 48 1.203350
1830 352 0 44 44 1.616284
1830 350 10 40 40 3.603494
1830 432 18 36 36 0.763973
1830 441 18 36 36 0.452168
1830 272 112 32 32 1.186616
1830 384 144 32 32 0.084199
1830 384 152 32 32 3.018497
1830 392 152 32 32 2.610212
1830 400 152 32 32 1.000301
1830 408 152 32 32 1.104780
1830 0 98 28 28 0.106408
1830 21 112 28 28 3.136323
1830 112 112 28 28 0.857508
1830 112 119 28 28 4.709799
1830 112 126 28 28 4.861521
1830 112 133 28 28 0.779785
1830 119 112 28 28 2.285976
1830 119 119 28 28 3.926478
1830 119 126 28 28 3.035090
1830 119 133 28 28 2.987734
1830 126 126 28 28 1.802601
1830 126 133 28 28 0.031009
1830 168 7 28 28 0.914641
1830 168 119 28 28 0.068030
1830 238 98 28 28 3.344628
1830 245 98 28 28 5.765023
1830 336 112 28 28 0.165824
1830 336 119 28 28 2.497529
1830 336 126 28 28 2.526963
1830 336 133 28 28 3.334194
1830 102 114 24 24 0.429274
1830 198 102 24 24 0.367053
1830 198 108 24 24 1.358249
1830 204 108 24 24 0.046738
1830 384 102 24 24 1.158080
