30 0 0 64 64 3.335333
30 16 0 64 64 1.334368
30 48 0 64 64 0.233372
30 256 0 64 64 0.154363
30 256 16 64 64 0.110902
30 272 16 64 64 1.280286
30 352 0 64 64 2.288502
30 0 12 48 48 0.113318
30 12 36 48 48 0.354260
30 24 36 48 48 2.231812
30 36 24 48 48 1.024146
30 36 36 48 48 6.847202
30 204 12 48 48 4.426178
30 204 24 48 48 3.132049
30 216 12 48 48 2.000285
30 288 36 48 48 0.757502
30 0 12 48 48 0.113318
30 12 36 48 48 0.354260
30 24 36 48 48 2.231812
30 36 24 48 48 1.024146
30 36 36 48 48 6.847202
30 204 12 48 48 4.426178
30 204 24 48 48 3.132049
30 216 12 48 48 2.000285
30 288 36 48 48 0.757502
30 330 30 40 40 1.245584
30 0 27 36 36 2.306668
30 384 136 32 32 1.146535
30 384 144 32 32 5.178157
30 384 152 32 32 3.058804
30 392 136 32 32 1.048066
30 392 144 32 32 6.703142
30 392 152 32 32 5.203258
30 400 136 32 32 0.081356
30 400 144 32 32 8.063560
30 400 152 32 32 4.935080
30 408 144 32 32 1.326067
30 7 7 28 28 0.164133
30 119 126 28 28 0.104149
30 126 98 28 28 1.639536
30 12 84 24 24 0.302383
30 18 84 24 24 1.638784
30 18 96 24 24 1.670118
30 102 0 24 24 1.862527
30 102 6 24 24 4.547644
30 102 114 24 24 1.622826
30 108 6 24 24 0.260717
30 132 108 24 24 1.032614
30 198 108 24 24 3.002508
30 198 114 24 24 1.517065
30 204 108 24 24 3.111573
30 204 114 24 24 1.771610
30 288 96 24 24 0.632138
30 294 96 24 24 2.340189
30 294 102 24 24 3.420844
30 300 102 24 24 3.465893
30 300 108 24 24 3.495809
30 306 102 24 24 4.886426
30 306 108 24 24 3.072253
30 498 84 24 24 1.014988
30 498 114 24 24 0.261972
60 0 0 64 64 2.054991
60 0 16 64 64 3.724464
60 0 32 64 64 4.261261
60 0 48 64 64 2.232327
60 16 0 64 64 0.383236
60 16 16 64 64 3.285216
60 16 32 64 64 3.358699
60 32 0 64 64 1.347214
60 32 16 64 64 1.098170
60 32 32 64 64 0.802558
60 48 0 64 64 0.798120
60 256 0 64 64 2.749977
60 272 0 64 64 2.970802
60 288 0 64 64 0.527410
60 352 0 64 64 2.778198
60 352 16 64 64 0.273117
60 0 24 48 48 1.206417
60 0 36 48 48 12.600288
60 12 36 48 48 6.538639
60 24 36 48 48 5.317248
60 36 24 48 48 1.637035
60 36 36 48 48 7.462895
60 204 0 48 48 1.006425
60 288 12 48 48 2.419575
60 288 24 48 48 2.987676
60 288 36 48 48 1.241641
60 384 24 48 48 2.307931
60 384 36 48 48 2.656872
60 420 36 48 48 1.851292
60 0 24 48 48 1.206417
60 0 36 48 48 12.600288
60 12 36 48 48 6.538639
60 24 36 48 48 5.317248
60 36 24 48 48 1.637035
60 36 36 48 48 7.462895
60 204 0 48 48 1.006425
60 288 12 48 48 2.419575
60 288 24 48 48 2.987676
60 288 36 48 48 1.241641
60 384 24 48 48 2.307931
60 384 36 48 48 2.656872
60 420 36 48 48 1.851292
60 352 11 44 44 1.094648
60 374 22 44 44 0.431871
60 374 33 44 44 1.130199
60 385 33 44 44 1.457931
60 10 0 40 40 1.393676
60 320 30 40 40 1.271523
60 330 20 40 40 4.777934
60 330 30 40 40 6.333223
60 340 20 40 40 7.503870
60 340 30 40 40 8.032607
60 350 10 40 40 0.029509
60 350 20 40 40 6.451292
60 350 30 40 40 6.113077
60 432 9 36 36 0.800827
60 441 0 36 36 0.265700
60 0 0 32 32 0.008209
60 0 8 32 32 3.227565
60 8 8 32 32 2.595036
60 0 14 28 28 1.148950
60 0 21 28 28 5.748781
60 7 21 28 28 3.644414
60 21 98 28 28 1.565990
60 112 112 28 28 11.385291
60 112 119 28 28 8.176860
60 112 126 28 28 2.958450
60 119 112 28 28 2.674208
60 119 119 28 28 2.724813
60 154 98 28 28 0.648484
60 168 98 28 28 2.911422
60 336 112 28 28 1.143874
60 448 0 28 28 1.531427
60 448 98 28 28 3.592915
60 448 126 28 28 0.231684
60 448 133 28 28 3.036285
60 455 0 28 28 0.614242
60 469 112 28 28 0.496856
60 469 119 28 28 1.699406
60 469 126 28 28 1.085347
60 192 96 24 24 1.149134
60 192 102 24 24 1.338015
60 198 96 24 24 1.166062
60 198 102 24 24 0.525865
60 204 96 24 24 4.669381
60 204 102 24 24 1.096593
60 210 96 24 24 5.779655
60 210 102 24 24 0.063977
60 288 84 24 24 6.878666
60 294 84 24 24 5.527205
60 294 96 24 24 2.842705
60 300 84 24 24 0.292369
60 300 96 24 24 6.958729
60 306 84 24 24 1.762945
60 306 96 24 24 4.614767
60 384 84 24 24 1.643479
60 384 96 24 24 1.035210
60 390 84 24 24 2.538274
60 390 96 24 24 2.377169
60 396 84 24 24 1.034693
60 396 96 24 24 2.808059
60 402 96 24 24 2.401718
60 480 114 24 24 1.281973
90 0 32 64 64 2.142095
90 16 0 64 64 1.195289
90 288 0 64 64 0.104358
90 0 36 48 48 1.794338
90 288 24 48 48 0.143972
90 288 36 48 48 1.206348
90 0 36 48 48 1.794338
90 288 24 48 48 0.143972
90 288 36 48 48 1.206348
90 0 33 44 44 2.096776
90 176 33 44 44 1.296110
90 352 0 44 44 2.901859
90 352 11 44 44 0.718656
90 363 0 44 44 1.987448
90 363 11 44 44 1.958521
90 363 22 44 44 1.210270
90 374 22 44 44 0.087197
90 24 8 32 32 1.680939
90 384 24 32 32 0.841257
90 392 24 32 32 0.413997
90 126 98 28 28 1.668904
90 126 112 28 28 1.329415
90 154 98 28 28 3.857434
90 168 98 28 28 3.136157
90 350 119 28 28 4.930355
90 350 126 28 28 3.036998
90 357 112 28 28 3.262501
90 357 119 28 28 7.430402
90 357 126 28 28 6.242584
90 357 133 28 28 2.580452
90 0 108 24 24 1.837954
90 0 114 24 24 3.303933
90 12 114 24 24 0.019144
90 132 102 24 24 0.139226
90 144 96 24 24 0.428906
90 144 114 24 24 2.300352
90 198 96 24 24 3.760568
90 198 102 24 24 0.076377
90 204 96 24 24 8.395761
90 204 102 24 24 3.127970
90 210 96 24 24 9.785429
90 210 102 24 24 4.211682
90 288 84 24 24 8.730688
90 294 84 24 24 6.033694
90 294 96 24 24 1.666567
90 300 84 24 24 0.328406
90 300 96 24 24 2.391845
90 300 102 24 24 0.453418
90 306 96 24 24 5.749423
90 306 102 24 24 3.320222
90 390 6 24 24 0.262801
90 402 96 24 24 0.457414
90 402 102 24 24 1.650287
90 480 0 24 24 1.778752
90 486 0 24 24 0.055397
120 0 0 64 64 5.003961
120 0 16 64 64 2.334764
120 16 0 64 64 1.605230
120 16 16 64 64 1.292736
120 352 0 64 64 0.439795
120 0 12 48 48 1.950407
120 0 24 48 48 2.203276
120 12 12 48 48 4.268758
120 12 24 48 48 4.206790
120 12 36 48 48 3.474682
120 24 12 48 48 3.456341
120 24 24 48 48 2.874094
120 192 12 48 48 0.510542
120 384 12 48 48 2.367114
120 384 24 48 48 5.431780
120 384 36 48 48 4.112274
120 396 12 48 48 0.644975
120 396 24 48 48 3.384541
120 396 36 48 48 4.652982
120 408 0 48 48 1.227128
120 408 24 48 48 2.336716
120 408 36 48 48 4.408593
120 420 0 48 48 0.252591
120 420 24 48 48 0.737884
120 420 36 48 48 2.618623
120 0 12 48 48 1.950407
120 0 24 48 48 2.203276
120 12 12 48 48 4.268758
120 12 24 48 48 4.206790
120 12 36 48 48 3.474682
120 24 12 48 48 3.456341
120 24 24 48 48 2.874094
120 192 12 48 48 0.510542
120 384 12 48 48 2.367114
120 384 24 48 48 5.431780
120 384 36 48 48 4.112274
120 396 12 48 48 0.644975
120 396 24 48 48 3.384541
120 396 36 48 48 4.652982
120 408 0 48 48 1.227128
120 408 24 48 48 2.336716
120 408 36 48 48 4.408593
120 420 0 48 48 0.252591
120 420 24 48 48 0.737884
120 420 36 48 48 2.618623
120 0 22 44 44 1.759519
120 0 33 44 44 0.637959
120 11 22 44 44 2.246343
120 11 33 44 44 3.074790
120 22 22 44 44 5.645442
120 22 33 44 44 5.613019
120 33 22 44 44 1.811734
120 33 33 44 44 0.764395
120 176 22 44 44 3.740517
120 176 33 44 44 3.802843
120 187 22 44 44 0.373051
120 187 33 44 44 2.102625
120 264 33 44 44 2.557454
120 352 33 44 44 1.878073
120 363 33 44 44 0.885499
120 374 33 44 44 2.239444
120 385 22 44 44 0.354157
120 385 33 44 44 7.204228
120 10 30 40 40 1.022026
120 30 30 40 40 1.834619
120 0 126 36 36 0.066929
120 432 0 36 36 2.458272
120 432 27 36 36 2.827950
120 432 153 36 36 1.048208
120 441 0 36 36 2.676647
120 459 0 36 36 0.021731
120 0 112 32 32 5.390967
120 8 112 32 32 4.211235
120 8 128 32 32 1.529573
120 8 136 32 32 3.188912
120 16 112 32 32 4.022832
120 16 128 32 32 2.550179
120 16 136 32 32 2.548339
120 400 8 32 32 2.043376
120 0 98 28 28 0.225219
120 0 112 28 28 2.504829
120 0 119 28 28 3.051202
120 7 98 28 28 1.047245
120 7 112 28 28 2.580660
120 7 119 28 28 3.286144
120 14 98 28 28 1.104618
120 14 112 28 28 2.619152
120 14 119 28 28 3.330325
120 14 126 28 28 3.291647
120 14 133 28 28 2.429242
120 21 98 28 28 0.384261
120 21 112 28 28 4.528759
120 21 119 28 28 6.135919
120 21 126 28 28 7.570888
120 21 133 28 28 8.810861
120 112 112 28 28 5.489162
120 112 119 28 28 1.312418
120 119 112 28 28 4.536286
120 126 112 28 28 5.599764
120 168 98 28 28 1.438231
120 343 98 28 28 0.150257
120 350 98 28 28 6.628325
120 357 98 28 28 3.450349
120 448 14 28 28 1.319902
120 448 21 28 28 2.506272
120 448 119 28 28 0.786879
120 455 14 28 28 3.396511
120 455 21 28 28 6.864673
120 455 98 28 28 0.306622
120 462 14 28 28 1.046521
120 462 21 28 28 6.839519
120 462 98 28 28 3.175550
120 0 102 24 24 0.822946
120 0 114 24 24 2.390802
120 6 96 24 24 1.479906
120 6 102 24 24 6.558145
120 6 108 24 24 1.770401
120 12 96 24 24 3.488218
120 12 102 24 24 8.535987
120 12 108 24 24 5.058736
120 18 96 24 24 2.393952
120 18 102 24 24 2.010224
120 18 108 24 24 2.778665
120 132 114 24 24 0.379389
120 144 84 24 24 4.050167
120 192 102 24 24 0.444812
120 198 102 24 24 1.426818
120 204 96 24 24 2.508296
120 204 102 24 24 2.102057
120 294 84 24 24 3.565771
120 300 84 24 24 5.847579
120 306 84 24 24 1.437134
120 384 96 24 24 7.669135
120 384 102 24 24 12.704128
120 384 108 24 24 7.333608
120 390 96 24 24 1.748918
120 390 102 24 24 11.437815
120 390 108 24 24 2.945339
120 396 96 24 24 0.074620
120 396 102 24 24 2.746903
120 402 108 24 24 0.873262
120 480 204 24 24 0.038073
120 480 210 24 24 1.345073
150 264 24 48 48 3.572154
150 288 12 48 48 1.875453
150 288 24 48 48 2.256718
150 384 24 48 48 5.173465
150 384 36 48 48 5.521153
150 396 24 48 48 1.118953
150 396 36 48 48 4.814636
150 408 36 48 48 4.469594
150 264 24 48 48 3.572154
150 288 12 48 48 1.875453
150 288 24 48 48 2.256718
150 384 24 48 48 5.173465
150 384 36 48 48 5.521153
150 396 24 48 48 1.118953
150 396 36 48 48 4.814636
150 408 36 48 48 4.469594
150 242 11 44 44 1.556866
150 264 22 44 44 0.371392
150 264 33 44 44 1.928247
150 363 33 44 44 3.720699
150 374 22 44 44 3.474815
150 374 33 44 44 5.269362
150 385 22 44 44 1.193455
150 385 33 44 44 4.020703
150 220 20 40 40 1.648501
150 216 306 36 36 1.774959
150 432 18 36 36 0.421584
150 8 128 32 32 1.272934
150 16 128 32 32 2.532702
150 24 128 32 32 1.969135
150 154 98 28 28 1.120403
150 448 21 28 28 0.260432
150 448 98 28 28 4.093034
150 448 112 28 28 0.160088
150 448 119 28 28 4.030671
150 448 126 28 28 3.519946
150 455 21 28 28 1.695595
150 0 18 24 24 0.385204
150 0 108 24 24 0.224464
150 0 114 24 24 3.236320
150 6 18 24 24 0.312036
150 6 114 24 24 0.913861
150 12 102 24 24 1.194448
150 12 108 24 24 0.495322
150 12 114 24 24 2.177073
150 144 114 24 24 0.234150
150 192 96 24 24 0.697679
150 192 102 24 24 2.561676
150 210 96 24 24 0.361055
150 288 294 24 24 0.266256
150 384 102 24 24 3.042345
150 384 108 24 24 5.705780
150 384 114 24 24 7.086752
150 390 102 24 24 0.795954
150 390 108 24 24 4.873024
150 390 114 24 24 4.568091
150 390 306 24 24 0.813034
150 396 84 24 24 0.897313
150 396 102 24 24 4.262292
150 396 306 24 24 1.739945
150 402 84 24 24 0.302895
150 402 96 24 24 6.541696
150 402 102 24 24 9.114070
150 402 108 24 24 3.862355
150 402 114 24 24 0.069414
150 480 0 24 24 4.277970
150 486 0 24 24 2.961396
150 492 0 24 24 1.961333
150 492 102 24 24 0.024763
150 498 0 24 24 3.486384
150 498 96 24 24 0.577289
150 498 102 24 24 1.108576
180 352 0 64 64 2.817645
180 264 12 48 48 1.078083
180 264 24 48 48 2.892632
180 288 12 48 48 2.004566
180 288 24 48 48 8.323903
180 288 36 48 48 2.112696
180 384 36 48 48 0.967859
180 264 12 48 48 1.078083
180 264 24 48 48 2.892632
180 288 12 48 48 2.004566
180 288 24 48 48 8.323903
180 288 36 48 48 2.112696
180 384 36 48 48 0.967859
180 264 22 44 44 4.257057
180 264 33 44 44 1.132272
180 352 33 44 44 3.701247
180 160 30 40 40 0.430799
180 0 112 32 32 0.879091
180 400 112 32 32 0.555116
180 408 112 32 32 1.377179
180 112 112 28 28 0.834033
180 112 119 28 28 0.324047
180 119 119 28 28 0.200252
180 126 119 28 28 0.810833
180 448 98 28 28 2.129855
180 448 112 28 28 3.825489
180 96 84 24 24 0.742885
180 102 84 24 24 0.877217
180 108 84 24 24 2.995691
180 294 84 24 24 2.780668
180 390 96 24 24 0.287591
180 396 102 24 24 0.211928
180 396 108 24 24 3.743451
180 396 114 24 24 4.464593
180 402 96 24 24 0.566995
180 402 102 24 24 2.938225
180 402 108 24 24 4.162740
180 402 114 24 24 4.102593
180 480 84 24 24 1.599249
180 486 84 24 24 0.926928
210 256 0 64 64 3.567967
210 352 0 64 64 6.501423
210 352 16 64 64 5.984401
210 36 36 48 48 2.074584
210 264 12 48 48 2.347505
210 264 24 48 48 0.193561
210 288 12 48 48 0.888317
210 288 24 48 48 3.099760
210 288 36 48 48 3.801232
210 408 12 48 48 0.733755
210 408 24 48 48 0.471120
210 36 36 48 48 2.074584
210 264 12 48 48 2.347505
210 264 24 48 48 0.193561
210 288 12 48 48 0.888317
210 288 24 48 48 3.099760
210 288 36 48 48 3.801232
210 408 12 48 48 0.733755
210 408 24 48 48 0.471120
210 198 11 44 44 0.271446
210 264 22 44 44 1.326968
210 352 11 44 44 2.899698
210 350 20 40 40 2.681972
210 350 30 40 40 0.785799
210 18 144 36 36 1.799700
210 27 144 36 36 1.203064
210 24 152 32 32 1.703030
210 126 98 28 28 3.511927
210 126 112 28 28 3.596175
210 448 119 28 28 2.143901
210 448 126 28 28 6.769295
210 448 133 28 28 4.877259
210 455 126 28 28 4.698452
210 455 133 28 28 4.347300
210 18 96 24 24 0.254698
210 132 114 24 24 3.182278
210 144 18 24 24 3.673125
210 288 84 24 24 2.344322
210 294 84 24 24 2.240840
210 384 18 24 24 1.018255
210 390 114 24 24 1.804166
210 396 18 24 24 2.002938
210 396 114 24 24 0.369023
240 0 0 64 64 2.342977
240 0 16 64 64 0.444597
240 16 0 64 64 4.621248
240 272 0 64 64 4.491828
240 288 0 64 64 4.213456
240 192 0 48 48 3.002101
240 192 12 48 48 3.499383
240 204 0 48 48 2.292188
240 216 0 48 48 1.938157
240 288 12 48 48 7.749411
240 288 24 48 48 8.972447
240 288 36 48 48 2.765405
240 384 36 48 48 0.287510
240 396 36 48 48 3.919252
240 408 36 48 48 2.069268
240 192 0 48 48 3.002101
240 192 12 48 48 3.499383
240 204 0 48 48 2.292188
240 216 0 48 48 1.938157
240 288 12 48 48 7.749411
240 288 24 48 48 8.972447
240 288 36 48 48 2.765405
240 384 36 48 48 0.287510
240 396 36 48 48 3.919252
240 408 36 48 48 2.069268
240 22 0 44 44 0.396964
240 176 22 44 44 0.484384
240 187 11 44 44 2.576739
240 187 22 44 44 4.030210
240 198 11 44 44 4.081674
240 198 22 44 44 4.775030
240 20 10 40 40 0.834711
240 30 10 40 40 0.677222
240 30 20 40 40 0.662759
240 160 30 40 40 1.436360
240 170 30 40 40 1.216102
240 180 30 40 40 2.702475
240 9 27 36 36 0.543925
240 18 27 36 36 1.228430
240 27 27 36 36 2.677919
240 288 297 36 36 1.894734
240 297 297 36 36 1.707299
240 297 306 36 36 0.894936
240 306 297 36 36 0.025787
240 8 112 32 32 4.100110
240 16 112 32 32 6.401197
240 14 126 28 28 11.742825
240 14 133 28 28 2.559055
240 21 119 28 28 4.110028
240 21 126 28 28 14.389037
240 21 133 28 28 2.727600
240 336 98 28 28 8.330994
240 343 98 28 28 4.935646
240 448 98 28 28 2.725360
240 448 112 28 28 3.187497
240 448 119 28 28 4.214077
240 448 126 28 28 2.225289
240 448 133 28 28 1.859305
240 455 98 28 28 0.383209
240 455 112 28 28 1.700801
240 6 114 24 24 2.251791
240 102 114 24 24 2.743569
240 300 84 24 24 2.729207
240 306 84 24 24 5.536304
240 384 84 24 24 3.607671
240 390 84 24 24 1.402035
270 0 0 64 64 0.845306
270 272 0 64 64 0.319377
270 288 0 64 64 1.177814
270 12 36 48 48 3.923951
270 24 12 48 48 0.552319
270 24 24 48 48 0.108067
270 24 36 48 48 3.949257
270 36 36 48 48 1.942066
270 192 0 48 48 2.532430
270 420 0 48 48 0.147194
270 420 12 48 48 2.587681
270 12 36 48 48 3.923951
270 24 12 48 48 0.552319
270 24 24 48 48 0.108067
270 24 36 48 48 3.949257
270 36 36 48 48 1.942066
270 192 0 48 48 2.532430
270 420 0 48 48 0.147194
270 420 12 48 48 2.587681
270 22 11 44 44 0.786090
270 176 11 44 44 2.222229
270 176 22 44 44 1.201103
270 187 11 44 44 4.631682
270 187 22 44 44 1.858500
270 198 11 44 44 3.210987
270 160 30 40 40 2.804426
270 170 20 40 40 0.431078
270 170 30 40 40 3.255272
270 180 20 40 40 1.875003
270 180 30 40 40 2.116450
270 220 30 40 40 1.349956
270 216 27 36 36 4.843167
270 16 112 32 32 0.276557
270 24 112 32 32 2.136251
270 126 98 28 28 2.128524
270 350 98 28 28 1.801492
270 357 98 28 28 5.928704
270 357 112 28 28 8.334469
270 357 119 28 28 4.057074
270 132 84 24 24 1.668947
270 132 108 24 24 1.559981
270 132 114 24 24 1.984537
270 144 84 24 24 3.762771
270 144 114 24 24 0.817919
270 192 96 24 24 2.473462
270 198 102 24 24 0.091714
270 384 84 24 24 1.024732
270 384 96 24 24 8.382365
270 384 102 24 24 0.775789
270 384 114 24 24 4.527788
270 390 96 24 24 0.339888
270 396 114 24 24 1.054644
270 480 84 24 24 7.271740
270 486 84 24 24 8.078647
270 486 96 24 24 1.412147
270 492 84 24 24 6.576945
270 498 84 24 24 3.715230
300 352 16 64 64 5.986497
300 352 32 64 64 6.592556
300 352 48 64 64 1.174261
300 192 0 48 48 5.405433
300 204 0 48 48 1.389229
300 264 0 48 48 6.978607
300 384 24 48 48 0.118646
300 192 0 48 48 5.405433
300 204 0 48 48 1.389229
300 264 0 48 48 6.978607
300 384 24 48 48 0.118646
300 176 11 44 44 2.785327
300 187 0 44 44 4.630131
300 187 11 44 44 7.000399
300 198 0 44 44 3.920297
300 198 11 44 44 4.749852
300 264 11 44 44 6.516958
300 264 22 44 44 0.531155
300 352 22 44 44 4.305023
300 352 33 44 44 6.220475
300 363 33 44 44 7.880624
300 374 33 44 44 5.229185
300 385 33 44 44 1.963277
300 160 30 40 40 0.249781
300 220 20 40 40 2.349891
300 216 27 36 36 0.259239
300 288 27 36 36 2.899892
300 297 27 36 36 2.441381
300 432 126 36 36 2.264833
300 441 27 36 36 3.531928
300 441 126 36 36 3.871238
300 450 27 36 36 4.110689
300 450 126 36 36 0.469539
300 459 27 36 36 2.887503
300 408 128 32 32 0.592349
300 408 136 32 32 2.607258
300 448 98 28 28 3.266975
300 455 98 28 28 3.009461
300 455 112 28 28 0.009386
300 455 119 28 28 3.392528
300 455 126 28 28 3.757979
300 455 133 28 28 1.902568
300 462 126 28 28 2.305820
300 462 133 28 28 1.305744
300 96 108 24 24 1.505224
300 96 114 24 24 1.142502
300 102 108 24 24 1.102329
300 384 96 24 24 0.444787
300 384 102 24 24 2.987731
300 384 108 24 24 3.579577
300 384 114 24 24 1.516625
300 390 84 24 24 1.752684
300 390 102 24 24 1.464860
300 390 108 24 24 4.648123
300 390 114 24 24 1.542037
330 48 0 64 64 1.827514
330 352 0 64 64 7.237181
330 352 16 64 64 2.968718
330 192 0 48 48 4.913519
330 192 12 48 48 2.307773
330 204 12 48 48 0.209905
330 264 0 48 48 1.769573
330 264 12 48 48 5.211080
330 288 12 48 48 4.791605
330 384 36 48 48 1.202345
330 396 36 48 48 1.797564
330 408 24 48 48 2.872902
330 408 36 48 48 6.105207
330 420 24 48 48 2.201601
330 420 36 48 48 4.937966
330 192 0 48 48 4.913519
330 192 12 48 48 2.307773
330 204 12 48 48 0.209905
330 264 0 48 48 1.769573
330 264 12 48 48 5.211080
330 288 12 48 48 4.791605
330 384 36 48 48 1.202345
330 396 36 48 48 1.797564
330 408 24 48 48 2.872902
330 408 36 48 48 6.105207
330 420 24 48 48 2.201601
330 420 36 48 48 4.937966
330 176 11 44 44 6.151849
330 176 22 44 44 8.086110
330 176 33 44 44 1.862632
330 187 11 44 44 4.694415
330 187 22 44 44 5.848683
330 187 33 44 44 2.308317
330 198 22 44 44 0.149052
330 264 22 44 44 2.741236
330 180 30 40 40 2.166100
330 459 9 36 36 0.286720
330 459 18 36 36 1.466224
330 24 112 32 32 0.609733
330 128 0 32 32 0.695099
330 392 112 32 32 5.007325
330 400 112 32 32 10.944160
330 408 112 32 32 3.594419
330 357 98 28 28 3.276424
330 448 112 28 28 4.418118
330 448 119 28 28 2.887213
330 455 98 28 28 1.281856
330 455 112 28 28 3.374807
330 455 119 28 28 3.328654
330 455 126 28 28 1.842088
330 96 96 24 24 1.412189
330 192 96 24 24 0.777936
330 210 0 24 24 1.296165
330 288 84 24 24 2.309267
330 294 84 24 24 2.643432
330 300 84 24 24 2.449007
330 384 96 24 24 1.630023
330 384 102 24 24 4.089477
330 384 114 24 24 0.402240
330 390 96 24 24 5.359092
330 390 102 24 24 3.281643
330 396 96 24 24 2.754274
330 402 114 24 24 2.923173
360 352 0 64 64 2.343198
360 352 16 64 64 3.436264
360 352 32 64 64 0.088002
360 192 0 48 48 0.547103
360 192 12 48 48 1.106281
360 264 0 48 48 2.935089
360 264 12 48 48 2.864952
360 288 0 48 48 3.498851
360 288 12 48 48 4.196813
360 408 24 48 48 1.074640
360 420 24 48 48 2.653034
360 192 0 48 48 0.547103
360 192 12 48 48 1.106281
360 264 0 48 48 2.935089
360 264 12 48 48 2.864952
360 288 0 48 48 3.498851
360 288 12 48 48 4.196813
360 408 24 48 48 1.074640
360 420 24 48 48 2.653034
360 176 11 44 44 3.636868
360 176 22 44 44 5.064061
360 187 11 44 44 3.218358
360 187 22 44 44 4.114167
360 198 22 44 44 1.255670
360 264 11 44 44 3.830669
360 264 22 44 44 1.775265
360 352 33 44 44 4.967575
360 374 33 44 44 0.754772
360 160 30 40 40 0.741639
360 170 20 40 40 3.574319
360 170 30 40 40 6.282345
360 180 20 40 40 1.553997
360 180 30 40 40 4.263505
360 320 30 40 40 2.116503
360 340 30 40 40 0.253165
360 450 0 36 36 1.751017
360 126 98 28 28 0.512182
360 126 112 28 28 1.673136
360 448 119 28 28 1.149608
360 448 126 28 28 1.251917
360 455 0 28 28 0.453003
360 455 112 28 28 1.033552
360 455 119 28 28 5.333302
360 455 126 28 28 0.983857
360 455 133 28 28 2.016858
360 462 0 28 28 4.344951
360 462 112 28 28 3.727482
360 462 119 28 28 8.942593
360 462 126 28 28 6.189981
360 462 133 28 28 3.644380
360 469 0 28 28 3.647312
360 469 133 28 28 1.941663
360 18 114 24 24 0.269802
360 96 96 24 24 0.694342
360 132 108 24 24 0.706321
360 132 114 24 24 8.956957
360 192 84 24 24 3.656708
360 198 84 24 24 1.230493
360 204 84 24 24 0.978355
360 300 84 24 24 0.025761
360 384 96 24 24 1.144991
360 384 102 24 24 1.995215
360 384 108 24 24 3.895753
360 390 96 24 24 1.242420
360 390 102 24 24 3.515375
360 390 108 24 24 5.124411
360 396 108 24 24 1.438414
360 480 6 24 24 1.530402
360 480 12 24 24 0.503822
390 352 0 64 64 1.512321
390 264 0 48 48 9.096130
390 264 12 48 48 6.355399
390 288 0 48 48 3.227515
390 288 12 48 48 0.067723
390 384 228 48 48 0.327470
390 396 228 48 48 1.126880
390 408 228 48 48 0.911034
390 264 0 48 48 9.096130
390 264 12 48 48 6.355399
390 288 0 48 48 3.227515
390 288 12 48 48 0.067723
390 384 228 48 48 0.327470
390 396 228 48 48 1.126880
390 408 228 48 48 0.911034
390 176 11 44 44 0.357402
390 176 22 44 44 0.943626
390 187 22 44 44 1.687559
390 264 11 44 44 7.108107
390 264 22 44 44 5.061306
390 160 20 40 40 2.589148
390 384 272 32 32 1.264697
390 384 280 32 32 0.599278
390 392 264 32 32 0.414220
390 392 272 32 32 0.842760
390 400 264 32 32 0.787886
390 400 272 32 32 0.842081
390 408 264 32 32 0.481981
390 408 272 32 32 0.061187
390 108 102 24 24 0.023805
390 108 108 24 24 3.549557
390 108 114 24 24 4.754915
390 132 84 24 24 1.236423
390 192 84 24 24 0.897452
390 288 306 24 24 0.150647
390 294 306 24 24 0.169292
390 300 306 24 24 0.773711
390 306 306 24 24 1.238082
390 384 294 24 24 0.652194
390 384 300 24 24 0.820820
390 390 294 24 24 1.096978
390 390 300 24 24 0.793112
390 396 294 24 24 0.605944
390 396 300 24 24 0.209759
390 402 288 24 24 0.048604
390 480 294 24 24 0.012715
390 486 300 24 24 0.588037
390 492 300 24 24 1.104117
390 498 300 24 24 0.892861
420 0 36 48 48 2.046470
420 12 24 48 48 0.808194
420 12 36 48 48 5.134198
420 24 24 48 48 0.172527
420 24 36 48 48 4.824074
420 264 12 48 48 5.858315
420 264 24 48 48 6.117793
420 288 12 48 48 6.521472
420 288 24 48 48 3.592198
420 0 36 48 48 2.046470
420 12 24 48 48 0.808194
420 12 36 48 48 5.134198
420 24 24 48 48 0.172527
420 24 36 48 48 4.824074
420 264 12 48 48 5.858315
420 264 24 48 48 6.117793
420 288 12 48 48 6.521472
420 288 24 48 48 3.592198
420 176 22 44 44 1.216643
420 176 33 44 44 4.131211
420 187 33 44 44 3.928679
420 264 22 44 44 3.222116
420 264 33 44 44 3.494155
420 352 33 44 44 2.273581
420 363 33 44 44 0.291139
420 10 30 40 40 1.501015
420 160 30 40 40 1.031255
420 459 9 36 36 5.213496
420 384 264 32 32 0.750351
420 384 272 32 32 1.734407
420 392 264 32 32 0.724692
420 392 272 32 32 1.737992
420 400 272 32 32 1.841646
420 408 272 32 32 0.997117
420 357 98 28 28 2.311172
420 448 133 28 28 4.166855
420 455 133 28 28 4.733531
420 462 126 28 28 1.099531
420 462 133 28 28 4.788603
420 469 133 28 28 5.523705
420 96 102 24 24 3.991968
420 96 108 24 24 2.059741
420 102 102 24 24 2.782995
420 132 306 24 24 1.427940
420 192 96 24 24 3.646478
420 288 96 24 24 1.456600
420 384 96 24 24 0.578064
420 384 102 24 24 2.201092
420 384 108 24 24 3.388056
420 384 288 24 24 2.752057
420 390 108 24 24 0.520132
420 390 288 24 24 3.359679
420 390 294 24 24 0.330452
420 396 108 24 24 1.841282
420 396 114 24 24 1.331018
420 396 288 24 24 3.906280
420 396 294 24 24 0.711660
420 402 108 24 24 0.150858
420 402 114 24 24 0.104935
420 402 288 24 24 3.781610
420 402 294 24 24 0.928906
420 486 96 24 24 1.254174
420 492 96 24 24 0.887049
450 352 0 64 64 3.885469
450 0 24 48 48 5.105669
450 0 36 48 48 4.263326
450 12 24 48 48 9.251151
450 12 36 48 48 7.036950
450 24 24 48 48 6.661604
450 24 36 48 48 4.926558
450 36 24 48 48 0.003048
450 36 36 48 48 1.873698
450 192 36 48 48 0.124718
450 264 24 48 48 1.153518
450 0 24 48 48 5.105669
450 0 36 48 48 4.263326
450 12 24 48 48 9.251151
450 12 36 48 48 7.036950
450 24 24 48 48 6.661604
450 24 36 48 48 4.926558
450 36 24 48 48 0.003048
450 36 36 48 48 1.873698
450 192 36 48 48 0.124718
450 264 24 48 48 1.153518
450 0 33 44 44 0.173248
450 11 33 44 44 3.752408
450 22 33 44 44 6.153979
450 33 33 44 44 4.263129
450 176 33 44 44 5.044480
450 187 33 44 44 3.131448
450 198 33 44 44 2.087234
450 352 33 44 44 0.240893
450 0 126 36 36 0.380772
450 0 128 32 32 5.151058
450 0 136 32 32 2.004071
450 8 128 32 32 1.643643
450 0 112 28 28 1.410124
450 0 126 28 28 1.992145
450 0 133 28 28 4.166920
450 7 126 28 28 2.961958
450 7 133 28 28 4.515845
450 14 126 28 28 1.295114
450 14 133 28 28 0.649577
450 21 98 28 28 0.006605
450 224 98 28 28 0.951657
450 462 0 28 28 0.033840
450 96 96 24 24 0.882012
450 102 96 24 24 3.147564
450 102 102 24 24 1.770012
450 108 96 24 24 0.074579
450 108 102 24 24 1.070019
450 300 84 24 24 2.627931
450 306 84 24 24 1.849011
450 384 96 24 24 0.890519
450 384 102 24 24 3.275804
480 352 32 64 64 2.502952
480 192 24 48 48 3.095355
480 192 36 48 48 2.129603
480 204 24 48 48 0.947578
480 192 24 48 48 3.095355
480 192 36 48 48 2.129603
480 204 24 48 48 0.947578
480 176 33 44 44 4.037749
480 187 33 44 44 4.360374
480 198 33 44 44 4.140977
480 432 126 36 36 0.796998
480 408 128 32 32 0.664268
480 7 98 28 28 0.816830
480 7 112 28 28 1.662966
480 14 98 28 28 4.023934
480 14 112 28 28 5.148130
480 21 98 28 28 3.110194
480 21 112 28 28 4.319963
480 336 98 28 28 0.322386
480 343 98 28 28 1.150671
480 350 98 28 28 4.651205
480 357 98 28 28 4.623389
480 448 133 28 28 2.183191
480 455 133 28 28 3.601791
480 144 108 24 24 0.229402
480 144 114 24 24 0.282987
480 288 96 24 24 1.033112
480 294 96 24 24 5.507252
480 300 96 24 24 2.588696
480 300 102 24 24 0.695433
480 306 96 24 24 2.503232
480 306 102 24 24 2.779374
480 384 102 24 24 1.054904
480 384 108 24 24 3.305031
480 390 102 24 24 4.897589
480 390 108 24 24 3.666061
480 396 102 24 24 2.428167
480 396 108 24 24 1.176450
480 486 0 24 24 0.314412
480 492 0 24 24 8.116015
480 492 6 24 24 4.268910
480 498 0 24 24 4.951730
480 498 6 24 24 0.815654
510 192 12 48 48 1.996518
510 192 24 48 48 7.013826
510 192 36 48 48 1.270454
510 204 12 48 48 0.639522
510 204 24 48 48 5.191996
510 264 24 48 48 1.757010
510 192 12 48 48 1.996518
510 192 24 48 48 7.013826
510 192 36 48 48 1.270454
510 204 12 48 48 0.639522
510 204 24 48 48 5.191996
510 264 24 48 48 1.757010
510 176 33 44 44 2.452777
510 187 33 44 44 3.449319
510 198 22 44 44 1.913993
510 198 33 44 44 4.798563
510 264 33 44 44 2.716337
510 385 33 44 44 1.522761
510 7 0 28 28 0.144026
510 119 98 28 28 2.374579
510 336 98 28 28 0.956756
510 343 98 28 28 2.804461
510 455 98 28 28 1.133464
510 0 6 24 24 2.576264
510 6 6 24 24 0.604780
510 18 12 24 24 2.154580
510 132 108 24 24 3.009029
510 132 114 24 24 4.418576
510 144 114 24 24 1.523577
510 288 96 24 24 3.832580
510 294 96 24 24 6.531306
510 294 102 24 24 0.643372
510 300 96 24 24 3.400948
510 306 102 24 24 3.214698
510 306 108 24 24 0.432272
510 390 108 24 24 1.436060
510 396 108 24 24 1.976688
510 402 108 24 24 3.030952
540 32 0 64 64 1.952490
540 48 0 64 64 0.042580
540 192 12 48 48 1.898144
540 192 24 48 48 0.661187
540 204 12 48 48 1.464613
540 264 24 48 48 2.516488
540 264 36 48 48 0.665591
540 288 24 48 48 0.818266
540 384 36 48 48 0.307473
540 192 12 48 48 1.898144
540 192 24 48 48 0.661187
540 204 12 48 48 1.464613
540 264 24 48 48 2.516488
540 264 36 48 48 0.665591
540 288 24 48 48 0.818266
540 384 36 48 48 0.307473
540 176 33 44 44 0.539789
540 187 33 44 44 1.344641
540 264 33 44 44 5.231940
540 374 33 44 44 0.243336
540 170 10 40 40 0.361446
540 0 256 32 32 0.351814
540 8 256 32 32 0.597559
540 176 16 32 32 1.851823
540 176 24 32 32 0.101432
540 192 16 32 32 1.943100
540 192 24 32 32 0.846871
540 112 98 28 28 5.000644
540 119 98 28 28 3.800936
540 126 98 28 28 3.653203
540 224 21 28 28 2.873341
540 350 98 28 28 2.861120
540 357 98 28 28 3.501832
540 18 300 24 24 0.102562
540 96 108 24 24 0.668820
540 96 114 24 24 2.403392
540 102 102 24 24 0.766486
540 102 108 24 24 3.444741
540 102 114 24 24 4.083588
540 108 102 24 24 0.231981
540 108 108 24 24 5.088027
540 108 114 24 24 4.274950
540 132 102 24 24 2.197156
540 132 108 24 24 3.208461
540 192 108 24 24 0.000528
540 192 114 24 24 1.490280
540 198 114 24 24 1.976407
540 294 96 24 24 4.642081
540 384 114 24 24 2.167700
540 390 114 24 24 2.527382
540 486 102 24 24 0.095809
570 0 0 64 64 0.490947
570 16 0 64 64 1.729421
570 32 0 64 64 1.917383
570 36 36 48 48 1.295621
570 264 24 48 48 5.179083
570 264 36 48 48 3.237933
570 288 24 48 48 2.962337
570 288 36 48 48 2.279099
570 384 36 48 48 0.345284
570 396 36 48 48 1.562521
570 408 36 48 48 2.793833
570 420 36 48 48 1.792462
570 36 36 48 48 1.295621
570 264 24 48 48 5.179083
570 264 36 48 48 3.237933
570 288 24 48 48 2.962337
570 288 36 48 48 2.279099
570 384 36 48 48 0.345284
570 396 36 48 48 1.562521
570 408 36 48 48 2.793833
570 420 36 48 48 1.792462
570 264 33 44 44 4.171009
570 18 0 36 36 0.597048
570 216 0 36 36 3.146025
570 216 9 36 36 3.216740
570 154 98 28 28 0.722042
570 224 14 28 28 0.124531
570 224 21 28 28 3.773263
570 231 14 28 28 2.620210
570 231 21 28 28 2.912719
570 448 98 28 28 0.966065
570 96 114 24 24 0.937518
570 108 114 24 24 1.177602
570 192 114 24 24 1.758267
570 198 114 24 24 2.806175
570 300 96 24 24 1.944393
570 300 102 24 24 0.135122
570 306 96 24 24 5.146994
570 306 102 24 24 3.505297
570 384 108 24 24 2.243912
570 384 114 24 24 5.384739
570 390 108 24 24 2.131238
570 390 114 24 24 5.229586
570 396 114 24 24 2.322514
570 402 114 24 24 1.110798
600 0 0 64 64 1.458261
600 16 0 64 64 2.743361
600 32 0 64 64 2.101734
600 264 24 48 48 2.825337
600 264 36 48 48 0.676782
600 288 24 48 48 3.091393
600 288 36 48 48 4.125798
600 264 24 48 48 2.825337
600 264 36 48 48 0.676782
600 288 24 48 48 3.091393
600 288 36 48 48 4.125798
600 216 0 36 36 5.192452
600 216 9 36 36 1.889726
600 384 112 32 32 2.663975
600 392 112 32 32 2.039255
600 112 112 28 28 2.392248
600 112 119 28 28 0.685460
600 119 112 28 28 3.374292
600 119 119 28 28 0.610255
600 126 112 28 28 4.604588
600 126 119 28 28 1.744074
600 224 14 28 28 1.251136
600 224 21 28 28 4.348431
600 231 7 28 28 0.482152
600 231 14 28 28 5.665912
600 231 21 28 28 2.801371
600 238 14 28 28 0.347753
600 336 98 28 28 2.614755
600 448 112 28 28 1.715734
600 306 102 24 24 2.027044
600 306 108 24 24 2.647877
600 384 114 24 24 0.221279
600 390 108 24 24 0.709438
600 390 114 24 24 2.801832
600 396 114 24 24 2.872185
600 402 114 24 24 0.887639
630 0 0 64 64 1.276298
630 256 0 64 64 1.110313
630 288 0 64 64 0.471315
630 264 24 48 48 0.909010
630 264 36 48 48 4.379661
630 288 24 48 48 3.304094
630 288 36 48 48 6.616128
630 264 24 48 48 0.909010
630 264 36 48 48 4.379661
630 288 24 48 48 3.304094
630 288 36 48 48 6.616128
630 216 0 36 36 1.890053
630 128 112 32 32 0.431754
630 136 112 32 32 0.298183
630 192 128 32 32 0.146409
630 384 112 32 32 3.127666
630 392 112 32 32 5.472023
630 400 112 32 32 4.986582
630 408 112 32 32 6.098320
630 126 98 28 28 2.458300
630 224 14 28 28 1.317618
630 224 21 28 28 6.125022
630 231 14 28 28 0.578835
630 231 21 28 28 1.695738
630 448 119 28 28 0.318516
630 448 126 28 28 0.429132
630 455 119 28 28 1.051646
630 144 108 24 24 0.008211
630 300 108 24 24 1.766787
630 306 108 24 24 1.795488
630 306 114 24 24 1.846563
630 396 114 24 24 1.859091
660 256 0 64 64 0.857085
660 272 0 64 64 1.368184
660 288 0 64 64 2.083894
660 352 0 64 64 0.583451
660 352 16 64 64 1.633174
660 264 36 48 48 6.476561
660 288 36 48 48 7.022002
660 264 36 48 48 6.476561
660 288 36 48 48 7.022002
660 187 0 44 44 0.486059
660 198 9 36 36 0.104673
660 216 0 36 36 0.076526
660 24 112 32 32 3.073546
660 128 112 32 32 0.143141
660 384 112 32 32 4.122317
660 392 112 32 32 5.527469
660 400 112 32 32 4.568670
660 408 112 32 32 3.334244
660 126 98 28 28 0.418488
660 224 14 28 28 0.572929
660 224 21 28 28 5.768461
660 336 112 28 28 0.911698
660 144 12 24 24 0.215094
660 144 102 24 24 1.325283
660 144 108 24 24 0.318893
660 300 108 24 24 0.784168
660 300 114 24 24 3.267623
660 306 114 24 24 1.965854
690 256 0 64 64 3.141824
690 272 0 64 64 3.551310
690 272 16 64 64 0.325604
690 288 0 64 64 4.157877
690 352 0 64 64 1.250788
690 352 16 64 64 3.024534
690 352 32 64 64 2.274991
690 264 36 48 48 3.850782
690 288 36 48 48 5.404872
690 264 36 48 48 3.850782
690 288 36 48 48 5.404872
690 187 0 44 44 0.441855
690 198 9 36 36 4.654964
690 198 18 36 36 0.366203
690 16 112 32 32 1.222810
690 24 112 32 32 4.205297
690 128 112 32 32 1.702518
690 384 112 32 32 4.135217
690 392 112 32 32 6.146660
690 392 128 32 32 0.021794
690 400 112 32 32 3.242079
690 400 128 32 32 2.693779
690 408 112 32 32 0.100741
690 7 133 28 28 0.259773
690 14 133 28 28 0.366768
690 21 133 28 28 1.049255
690 224 21 28 28 2.333281
690 336 119 28 28 1.804846
690 336 126 28 28 1.271805
690 144 102 24 24 0.615128
690 300 114 24 24 1.148625
690 306 114 24 24 1.144318
720 256 0 64 64 0.377738
720 256 16 64 64 1.371983
720 272 0 64 64 2.060309
720 272 16 64 64 0.203436
720 288 0 64 64 2.189075
720 352 16 64 64 0.482058
720 352 32 64 64 1.607705
720 264 36 48 48 1.423362
720 288 36 48 48 3.622108
720 264 36 48 48 1.423362
720 288 36 48 48 3.622108
720 187 0 44 44 0.192671
720 198 9 36 36 5.129497
720 198 18 36 36 1.832410
720 0 112 32 32 0.232781
720 0 128 32 32 0.046131
720 0 136 32 32 0.971398
720 8 112 32 32 2.613737
720 16 128 32 32 0.846569
720 128 112 32 32 0.962603
720 136 112 32 32 0.047981
720 384 112 32 32 3.525717
720 392 112 32 32 4.351209
720 392 128 32 32 0.920056
720 400 112 32 32 0.510063
720 400 128 32 32 1.916341
720 408 128 32 32 4.187431
720 408 136 32 32 4.281177
720 126 98 28 28 1.807540
720 336 119 28 28 0.639058
720 336 126 28 28 2.486732
720 336 133 28 28 4.064854
720 343 119 28 28 1.483305
720 343 126 28 28 1.691688
720 343 133 28 28 0.273671
720 18 114 24 24 0.422671
720 144 108 24 24 2.808892
750 256 0 64 64 1.428830
750 256 16 64 64 1.474574
750 272 0 64 64 2.317137
750 272 16 64 64 1.915276
750 288 0 64 64 1.991999
750 288 16 64 64 1.149929
750 352 0 64 64 0.273752
750 352 16 64 64 2.542080
750 352 32 64 64 3.757546
750 352 48 64 64 0.039705
750 264 36 48 48 0.142793
750 288 36 48 48 2.541778
750 264 36 48 48 0.142793
750 288 36 48 48 2.541778
750 187 0 44 44 0.164190
750 198 0 36 36 0.192311
750 198 9 36 36 3.628390
750 198 18 36 36 0.830232
750 0 112 32 32 2.126761
750 0 136 32 32 0.492706
750 8 128 32 32 0.876548
750 128 112 32 32 0.299863
750 384 112 32 32 3.386772
750 392 112 32 32 4.739323
750 400 112 32 32 2.825826
750 408 128 32 32 0.122734
750 0 133 28 28 0.757419
750 126 98 28 28 0.814678
750 336 126 28 28 1.764055
750 336 133 28 28 3.713180
750 343 119 28 28 1.548838
750 343 126 28 28 2.538629
750 343 133 28 28 1.040669
750 12 108 24 24 1.251879
750 12 114 24 24 1.106372
750 144 102 24 24 0.840137
750 144 108 24 24 1.763071
780 256 0 64 64 2.076499
780 256 16 64 64 1.034399
780 272 0 64 64 2.702453
780 272 16 64 64 2.834939
780 288 0 64 64 2.964580
780 288 16 64 64 2.231647
780 352 16 64 64 3.351371
780 352 32 64 64 3.749818
780 264 36 48 48 0.918783
780 288 36 48 48 1.298591
780 264 36 48 48 0.918783
780 288 36 48 48 1.298591
780 187 0 44 44 0.657795
780 198 0 36 36 0.416497
780 198 9 36 36 2.950406
780 198 18 36 36 0.836766
780 128 112 32 32 0.115731
780 384 112 32 32 2.554699
780 384 128 32 32 0.899230
780 392 112 32 32 3.998385
780 392 128 32 32 0.034757
780 400 112 32 32 1.005653
780 400 128 32 32 0.659968
780 126 98 28 28 1.241574
780 336 126 28 28 1.245718
780 336 133 28 28 3.478097
780 343 119 28 28 1.285727
780 343 126 28 28 1.495027
780 343 133 28 28 0.776352
780 6 108 24 24 1.592641
780 6 114 24 24 1.891994
780 12 114 24 24 0.673477
810 256 0 64 64 2.531328
810 256 16 64 64 1.840589
810 272 0 64 64 3.789895
810 272 16 64 64 2.863120
810 288 0 64 64 3.679863
810 288 16 64 64 2.316154
810 352 16 64 64 3.627440
810 352 32 64 64 3.233433
810 288 36 48 48 1.543605
810 288 36 48 48 1.543605
810 198 9 36 36 2.593931
810 198 18 36 36 1.169381
810 0 128 32 32 1.463009
810 0 136 32 32 0.883637
810 384 112 32 32 1.876610
810 384 128 32 32 0.723887
810 392 112 32 32 4.213508
810 392 128 32 32 1.757346
810 400 112 32 32 1.907082
810 400 128 32 32 1.502026
810 408 128 32 32 1.156216
810 408 136 32 32 0.277792
810 126 98 28 28 2.084377
810 336 126 28 28 0.666804
810 336 133 28 28 2.539019
810 343 119 28 28 0.716013
810 343 126 28 28 1.923106
810 343 133 28 28 1.368676
810 0 114 24 24 0.069400
810 6 108 24 24 2.370471
810 6 114 24 24 3.232559
810 12 114 24 24 1.205153
810 132 108 24 24 1.532571
810 144 108 24 24 1.290329
840 256 0 64 64 1.484161
840 256 16 64 64 1.448581
840 272 0 64 64 2.977401
840 272 16 64 64 2.551818
840 288 0 64 64 3.099800
840 288 16 64 64 3.142478
840 352 16 64 64 3.497625
840 352 32 64 64 2.978905
840 352 48 64 64 0.485429
840 198 9 36 36 1.868142
840 198 18 36 36 0.450637
840 0 128 32 32 0.804520
840 0 136 32 32 0.261737
840 384 112 32 32 0.914182
840 384 128 32 32 1.290020
840 392 112 32 32 3.907444
840 392 128 32 32 2.298607
840 400 112 32 32 1.742821
840 400 128 32 32 1.900706
840 408 128 32 32 1.354211
840 408 136 32 32 2.039986
840 408 144 32 32 0.165025
840 0 112 28 28 0.628470
840 126 98 28 28 1.985550
840 336 133 28 28 3.243409
840 343 133 28 28 1.721413
840 6 108 24 24 0.960251
840 6 114 24 24 3.370099
840 12 114 24 24 1.624013
840 132 108 24 24 1.035943
840 132 114 24 24 0.031310
870 256 0 64 64 0.551431
870 256 16 64 64 1.295049
870 272 0 64 64 2.359614
870 272 16 64 64 2.228631
870 288 0 64 64 2.371310
870 288 16 64 64 2.549406
870 352 16 64 64 3.687472
870 352 32 64 64 3.374290
870 352 48 64 64 0.698040
870 198 9 36 36 2.517450
870 198 18 36 36 0.510917
870 0 128 32 32 0.776221
870 0 136 32 32 0.732001
870 384 112 32 32 0.225462
870 384 128 32 32 0.300022
870 392 112 32 32 4.349802
870 392 128 32 32 2.441144
870 400 112 32 32 1.925403
870 400 128 32 32 1.211641
870 0 112 28 28 0.728039
870 126 98 28 28 1.000336
870 336 126 28 28 0.361984
870 336 133 28 28 3.229995
870 343 126 28 28 0.555799
870 343 133 28 28 2.130460
870 6 108 24 24 0.702618
870 6 114 24 24 3.211759
870 12 114 24 24 1.048089
870 132 108 24 24 3.076405
870 132 114 24 24 1.805953
870 144 108 24 24 0.076639
900 256 16 64 64 1.605400
900 272 0 64 64 2.096656
900 272 16 64 64 3.566839
900 288 0 64 64 1.465706
900 288 16 64 64 3.617362
900 352 16 64 64 3.170730
900 352 32 64 64 2.636935
900 198 9 36 36 2.241893
900 0 128 32 32 0.090636
900 0 136 32 32 0.403668
900 384 128 32 32 2.136893
900 392 112 32 32 4.060757
900 392 128 32 32 2.917770
900 400 112 32 32 3.650365
900 400 128 32 32 2.214765
900 408 128 32 32 0.198303
900 408 136 32 32 0.359016
900 0 112 28 28 0.604855
900 126 98 28 28 1.160745
900 336 133 28 28 1.405778
900 343 133 28 28 0.756019
900 0 114 24 24 0.699669
900 6 108 24 24 0.890479
900 6 114 24 24 3.336021
900 12 114 24 24 1.338889
900 132 108 24 24 3.245300
900 132 114 24 24 1.295030
900 144 108 24 24 0.475625
930 256 0 64 64 0.796180
930 256 16 64 64 1.569239
930 272 0 64 64 1.266936
930 272 16 64 64 2.674132
930 288 0 64 64 0.983039
930 288 16 64 64 3.319189
930 352 16 64 64 2.825617
930 352 32 64 64 3.812273
930 352 48 64 64 0.865010
930 198 9 36 36 2.899253
930 198 18 36 36 0.205714
930 192 24 32 32 0.865798
930 384 128 32 32 2.999860
930 392 112 32 32 3.259816
930 392 128 32 32 4.842805
930 400 112 32 32 2.747686
930 400 128 32 32 3.579956
930 408 128 32 32 0.742153
930 126 98 28 28 1.970852
930 126 126 28 28 0.788551
930 336 133 28 28 0.705507
930 343 126 28 28 0.895552
930 343 133 28 28 2.486919
930 0 108 24 24 1.401857
930 0 114 24 24 2.671499
930 6 114 24 24 1.107848
930 132 108 24 24 2.523299
930 132 114 24 24 3.218217
930 144 114 24 24 0.911096
960 256 16 64 64 2.635392
960 256 32 64 64 4.254346
960 272 16 64 64 3.123677
960 272 32 64 64 3.787686
960 288 16 64 64 3.184964
960 288 32 64 64 4.859484
960 352 32 64 64 0.360757
960 432 144 36 36 1.949760
960 432 153 36 36 0.954649
960 432 162 36 36 0.089210
960 280 112 32 32 2.187135
960 392 136 32 32 2.869254
960 392 144 32 32 2.981688
960 400 128 32 32 3.861582
960 400 136 32 32 5.137115
960 400 144 32 32 4.988311
960 408 128 32 32 2.830615
960 408 136 32 32 3.485926
960 119 112 28 28 1.768655
960 119 119 28 28 4.190093
960 126 112 28 28 0.691178
960 126 119 28 28 2.717989
960 343 126 28 28 0.121814
960 210 0 24 24 0.961166
990 256 16 64 64 4.115600
990 256 32 64 64 0.068011
990 272 0 64 64 1.331687
990 272 16 64 64 5.020119
990 272 32 64 64 2.740872
990 288 0 64 64 2.217281
990 288 16 64 64 5.965571
990 288 32 64 64 3.914945
990 340 140 40 40 0.562158
990 350 140 40 40 1.333468
990 459 126 36 36 4.884148
990 459 162 36 36 2.284372
990 112 112 28 28 0.323832
990 112 119 28 28 1.542702
990 336 119 28 28 3.679464
990 336 126 28 28 2.094871
990 343 119 28 28 2.996851
990 343 126 28 28 3.284866
990 300 18 24 24 0.278461
990 480 192 24 24 1.411340
990 480 198 24 24 4.641211
990 486 192 24 24 4.098808
990 486 198 24 24 5.978730
990 492 114 24 24 0.620715
990 492 192 24 24 5.012062
990 492 198 24 24 3.919361
990 498 192 24 24 2.128091
990 498 198 24 24 2.636005
1020 0 32 64 64 0.145741
1020 16 16 64 64 0.027406
1020 16 32 64 64 1.231398
1020 32 16 64 64 0.425929
1020 32 32 64 64 1.171052
1020 256 0 64 64 5.754820
1020 256 16 64 64 2.485618
1020 272 0 64 64 3.449368
1020 272 16 64 64 3.329937
1020 288 0 64 64 4.740373
1020 288 16 64 64 3.291079
1020 264 36 48 48 1.783529
1020 288 36 48 48 2.239632
1020 264 36 48 48 1.783529
1020 288 36 48 48 2.239632
1020 441 144 36 36 3.139894
1020 441 153 36 36 2.816037
1020 441 162 36 36 0.423580
1020 450 144 36 36 0.889313
1020 450 153 36 36 1.527994
1020 450 162 36 36 0.102279
1020 384 136 32 32 0.991484
1020 384 144 32 32 4.773631
1020 384 152 32 32 5.238329
1020 392 144 32 32 2.448638
1020 392 152 32 32 2.732558
1020 400 144 32 32 1.888407
1020 400 152 32 32 5.702363
1020 336 112 28 28 5.688998
1020 336 119 28 28 1.120791
1020 343 112 28 28 5.108511
1020 288 114 24 24 2.081025
1020 294 114 24 24 4.512060
1020 300 114 24 24 4.450784
1020 306 114 24 24 4.583921
1020 486 6 24 24 1.074593
1020 492 6 24 24 1.880261
1050 272 0 64 64 0.567496
1050 288 0 64 64 0.413077
1050 352 32 64 64 1.687976
1050 352 48 64 64 4.995352
1050 264 24 48 48 1.204262
1050 264 36 48 48 4.215746
1050 288 24 48 48 0.769755
1050 288 36 48 48 1.143776
1050 408 24 48 48 1.489516
1050 408 36 48 48 2.141374
1050 264 24 48 48 1.204262
1050 264 36 48 48 4.215746
1050 288 24 48 48 0.769755
1050 288 36 48 48 1.143776
1050 408 24 48 48 1.489516
1050 408 36 48 48 2.141374
1050 22 33 44 44 0.611237
1050 33 33 44 44 0.885133
1050 30 30 40 40 1.811047
1050 0 126 36 36 1.128881
1050 9 144 36 36 0.866907
1050 18 144 36 36 1.012908
1050 27 126 36 36 0.764558
1050 432 126 36 36 0.129758
1050 432 144 36 36 0.928519
1050 432 153 36 36 5.991296
1050 432 162 36 36 5.521501
1050 441 153 36 36 1.539713
1050 441 162 36 36 0.477733
1050 450 0 36 36 5.094456
1050 450 9 36 36 4.668382
1050 450 153 36 36 3.471328
1050 450 162 36 36 3.231951
1050 459 0 36 36 1.510413
1050 459 153 36 36 0.067768
1050 459 162 36 36 1.738310
1050 0 144 32 32 0.762052
1050 0 152 32 32 2.111727
1050 8 144 32 32 2.037518
1050 8 152 32 32 2.012947
1050 16 144 32 32 0.428939
1050 16 152 32 32 1.352448
1050 24 144 32 32 1.298087
1050 24 152 32 32 0.732785
1050 408 152 32 32 1.006721
1050 14 112 28 28 1.135254
1050 21 112 28 28 2.302323
1050 119 126 28 28 0.425590
1050 336 98 28 28 2.958955
1050 343 98 28 28 3.601613
1050 350 112 28 28 1.166920
1050 357 98 28 28 1.468575
1050 357 112 28 28 0.573693
1050 448 133 28 28 1.649446
1050 469 7 28 28 1.822157
1050 469 14 28 28 1.601860
1050 288 102 24 24 5.326509
1050 288 108 24 24 8.237719
1050 288 114 24 24 0.049269
1050 294 102 24 24 2.376348
1050 294 108 24 24 6.047501
1050 294 114 24 24 2.798071
1050 300 102 24 24 2.292962
1050 300 108 24 24 5.151491
1050 300 114 24 24 4.997026
1050 306 108 24 24 5.568587
1050 306 114 24 24 5.460816
1050 384 114 24 24 3.075654
1050 402 0 24 24 1.016859
1050 480 84 24 24 0.145965
1050 480 96 24 24 2.289552
1050 486 96 24 24 1.513897
1050 486 102 24 24 1.492575
1050 492 84 24 24 0.167431
1050 492 96 24 24 2.788017
1050 492 102 24 24 1.019123
1050 498 96 24 24 2.731690
1050 498 102 24 24 1.139730
1080 0 0 64 64 1.482887
1080 0 16 64 64 2.963842
1080 0 32 64 64 0.659141
1080 16 16 64 64 2.394778
1080 352 0 64 64 0.388251
1080 0 0 48 48 0.152375
1080 0 12 48 48 1.166027
1080 0 24 48 48 3.514344
1080 0 36 48 48 3.658419
1080 264 12 48 48 4.419019
1080 264 24 48 48 6.276709
1080 384 12 48 48 3.758194
1080 384 24 48 48 2.302058
1080 384 36 48 48 0.991766
1080 396 24 48 48 1.591671
1080 396 36 48 48 2.575642
1080 0 0 48 48 0.152375
1080 0 12 48 48 1.166027
1080 0 24 48 48 3.514344
1080 0 36 48 48 3.658419
1080 264 12 48 48 4.419019
1080 264 24 48 48 6.276709
1080 384 12 48 48 3.758194
1080 384 24 48 48 2.302058
1080 384 36 48 48 0.991766
1080 396 24 48 48 1.591671
1080 396 36 48 48 2.575642
1080 0 11 44 44 1.283783
1080 0 22 44 44 2.101577
1080 0 33 44 44 4.298844
1080 11 22 44 44 2.929664
1080 11 33 44 44 4.861874
1080 264 22 44 44 1.371317
1080 264 33 44 44 4.048892
1080 0 0 40 40 0.346201
1080 0 10 40 40 1.645455
1080 0 20 40 40 2.616940
1080 0 30 40 40 1.342131
1080 10 20 40 40 1.963329
1080 10 30 40 40 3.733940
1080 20 30 40 40 2.050494
1080 0 18 36 36 1.802770
1080 0 27 36 36 2.156022
1080 9 18 36 36 0.799251
1080 9 27 36 36 1.632443
1080 18 27 36 36 1.073448
1080 8 24 32 32 1.818055
1080 112 98 28 28 1.959391
1080 119 98 28 28 1.730301
1080 350 98 28 28 0.086407
1080 357 98 28 28 3.461500
1080 469 112 28 28 0.048314
1080 6 0 24 24 1.473300
1080 6 6 24 24 0.750934
1080 12 0 24 24 0.120664
1080 12 84 24 24 1.018410
1080 18 0 24 24 0.950059
1080 18 96 24 24 3.859832
1080 18 102 24 24 3.475906
1080 288 84 24 24 3.043981
1080 294 96 24 24 2.622327
1080 300 96 24 24 3.222703
1080 300 102 24 24 5.660116
1080 300 108 24 24 0.728016
1080 306 96 24 24 5.436185
1080 306 102 24 24 7.282322
1080 306 108 24 24 5.207538
1080 384 102 24 24 1.158372
1080 384 108 24 24 0.154836
1080 384 114 24 24 0.883691
1080 390 108 24 24 0.658721
1080 390 114 24 24 2.470896
1080 396 108 24 24 3.739913
1080 396 114 24 24 2.352929
1080 402 102 24 24 0.096037
1080 402 108 24 24 1.875121
1080 492 0 24 24 0.132073
1080 492 6 24 24 4.922700
1080 492 12 24 24 7.376113
1080 492 18 24 24 3.158033
1110 352 0 64 64 1.622159
1110 264 24 48 48 3.078498
1110 264 36 48 48 2.415785
1110 384 36 48 48 2.628850
1110 396 36 48 48 1.951647
1110 264 24 48 48 3.078498
1110 264 36 48 48 2.415785
1110 384 36 48 48 2.628850
1110 396 36 48 48 1.951647
1110 0 30 40 40 2.369901
1110 0 153 36 36 0.860529
1110 448 98 28 28 0.006465
1110 455 98 28 28 2.373254
1110 0 0 24 24 2.221705
1110 6 0 24 24 1.450870
1110 144 114 24 24 2.628693
1110 288 96 24 24 2.976872
1110 288 102 24 24 1.432310
1110 294 108 24 24 0.714086
1110 300 102 24 24 1.377646
1110 300 108 24 24 3.443567
1110 300 114 24 24 2.479780
1110 306 108 24 24 2.338692
1110 306 114 24 24 4.503803
1110 402 96 24 24 0.231550
1140 288 36 48 48 0.462507
1140 288 36 48 48 0.462507
1140 16 128 32 32 1.900846
1140 24 112 32 32 0.085743
1140 24 128 32 32 1.539918
1140 21 7 28 28 0.464396
1140 21 14 28 28 0.942798
1140 21 112 28 28 2.221694
1140 21 119 28 28 2.039052
1140 21 126 28 28 1.276513
1140 21 133 28 28 0.154148
1140 112 119 28 28 2.460654
1140 112 126 28 28 2.609297
1140 119 119 28 28 3.277435
1140 343 98 28 28 0.002304
1140 357 98 28 28 0.709336
1140 455 119 28 28 0.391781
1140 455 126 28 28 5.684261
1140 455 133 28 28 0.212832
1140 462 112 28 28 0.311083
1140 462 119 28 28 5.802855
1140 462 126 28 28 8.421698
1140 469 112 28 28 4.295135
1140 469 119 28 28 5.339940
1140 469 126 28 28 6.344799
1140 132 84 24 24 0.818095
1140 192 108 24 24 2.378385
1140 198 108 24 24 1.890685
1140 210 96 24 24 0.853502
1140 210 102 24 24 1.957150
1140 294 108 24 24 0.314903
1140 294 114 24 24 1.032935
1140 306 114 24 24 2.545113
1140 384 102 24 24 2.196232
1140 384 108 24 24 4.687056
1140 480 0 24 24 0.767381
1170 256 0 64 64 0.472425
1170 272 0 64 64 0.150742
1170 272 16 64 64 1.520484
1170 272 32 64 64 0.319198
1170 288 0 64 64 3.223855
1170 288 16 64 64 0.807005
1170 264 24 48 48 0.023771
1170 264 36 48 48 3.466338
1170 264 24 48 48 0.023771
1170 264 36 48 48 3.466338
1170 242 33 44 44 2.276171
1170 264 33 44 44 0.857947
1170 352 0 44 44 2.298442
1170 352 11 44 44 1.172786
1170 363 0 44 44 3.309820
1170 363 11 44 44 3.197634
1170 374 0 44 44 2.532150
1170 374 11 44 44 1.013383
1170 350 10 40 40 0.162247
1170 350 20 40 40 2.340037
1170 198 306 36 36 1.335326
1170 216 306 36 36 0.535427
1170 0 128 32 32 1.828594
1170 0 136 32 32 3.813806
1170 8 128 32 32 1.469970
1170 8 136 32 32 0.874791
1170 400 24 32 32 0.712468
1170 408 24 32 32 2.903613
1170 336 112 28 28 0.153032
1170 336 119 28 28 1.669374
1170 343 119 28 28 1.123504
1170 350 112 28 28 0.628128
1170 350 119 28 28 3.093383
1170 350 126 28 28 0.351927
1170 357 126 28 28 0.129397
1170 0 84 24 24 1.722491
1170 0 102 24 24 3.141460
1170 0 108 24 24 3.599865
1170 6 84 24 24 2.320015
1170 6 102 24 24 2.956416
1170 6 108 24 24 2.835080
1170 132 114 24 24 2.648412
1170 192 96 24 24 1.564867
1170 192 102 24 24 2.324029
1170 198 96 24 24 3.417418
1170 198 102 24 24 2.256012
1170 294 96 24 24 3.052701
1170 300 96 24 24 5.307779
1170 300 102 24 24 3.374774
1170 300 108 24 24 2.910491
1170 306 96 24 24 1.543464
1200 0 16 64 64 0.402120
1200 272 0 64 64 1.060815
1200 288 0 64 64 2.796670
1200 288 16 64 64 1.423511
1200 352 16 64 64 1.034825
1200 352 32 64 64 0.321447
1200 352 48 64 64 0.283568
1200 264 12 48 48 6.572834
1200 264 24 48 48 8.099730
1200 264 36 48 48 0.566701
1200 288 12 48 48 2.754405
1200 288 24 48 48 4.498171
1200 288 36 48 48 1.344805
1200 384 12 48 48 1.112233
1200 396 24 48 48 0.177177
1200 408 0 48 48 0.146755
1200 408 12 48 48 5.358903
1200 408 24 48 48 5.579323
1200 420 12 48 48 4.884643
1200 420 24 48 48 2.895565
1200 264 12 48 48 6.572834
1200 264 24 48 48 8.099730
1200 264 36 48 48 0.566701
1200 288 12 48 48 2.754405
1200 288 24 48 48 4.498171
1200 288 36 48 48 1.344805
1200 384 12 48 48 1.112233
1200 396 24 48 48 0.177177
1200 408 0 48 48 0.146755
1200 408 12 48 48 5.358903
1200 408 24 48 48 5.579323
1200 420 12 48 48 4.884643
1200 420 24 48 48 2.895565
1200 0 22 44 44 0.133791
1200 242 22 44 44 2.275130
1200 242 33 44 44 1.218374
1200 264 22 44 44 4.994344
1200 264 33 44 44 4.376589
1200 240 30 40 40 2.414366
1200 432 27 36 36 0.129889
1200 459 162 36 36 2.878713
1200 459 171 36 36 3.174779
1200 350 112 28 28 2.109424
1200 357 98 28 28 3.715817
1200 357 112 28 28 4.571027
1200 448 98 28 28 0.205232
1200 144 12 24 24 0.983837
1200 144 18 24 24 1.537229
1200 192 96 24 24 2.114794
1200 198 96 24 24 4.537240
1200 198 102 24 24 1.140463
1200 294 84 24 24 0.343150
1200 300 96 24 24 2.305691
1200 306 84 24 24 0.787058
1200 306 96 24 24 4.741797
1200 306 102 24 24 2.940460
1200 390 84 24 24 1.741120
1200 390 96 24 24 0.813509
1200 390 102 24 24 0.773195
1200 396 114 24 24 0.626394
1200 480 96 24 24 2.681689
1200 486 192 24 24 0.400954
1200 486 198 24 24 0.534481
1200 492 198 24 24 3.450001
1200 492 204 24 24 0.801332
1200 492 210 24 24 4.426613
1200 498 192 24 24 0.871517
1200 498 198 24 24 4.648738
1200 498 204 24 24 4.004684
1200 498 210 24 24 0.366486
1230 352 0 64 64 1.036010
1230 352 16 64 64 6.767663
1230 352 32 64 64 3.520957
1230 288 0 48 48 3.053103
1230 288 12 48 48 4.755830
1230 288 24 48 48 4.287414
1230 288 36 48 48 1.793519
1230 384 12 48 48 0.819007
1230 384 24 48 48 3.466586
1230 408 0 48 48 1.277411
1230 420 0 48 48 5.628347
1230 420 12 48 48 1.228580
1230 420 24 48 48 2.041723
1230 420 36 48 48 1.389009
1230 288 0 48 48 3.053103
1230 288 12 48 48 4.755830
1230 288 24 48 48 4.287414
1230 288 36 48 48 1.793519
1230 384 12 48 48 0.819007
1230 384 24 48 48 3.466586
1230 408 0 48 48 1.277411
1230 420 0 48 48 5.628347
1230 420 12 48 48 1.228580
1230 420 24 48 48 2.041723
1230 420 36 48 48 1.389009
1230 374 33 44 44 1.129656
1230 385 22 44 44 1.113207
1230 385 33 44 44 4.110508
1230 0 126 36 36 0.112614
1230 9 126 36 36 0.093117
1230 432 0 36 36 2.096344
1230 0 136 32 32 1.550752
1230 8 128 32 32 0.710120
1230 8 136 32 32 1.216317
1230 8 144 32 32 5.102819
1230 8 152 32 32 0.600120
1230 16 136 32 32 0.523276
1230 16 144 32 32 1.648942
1230 392 128 32 32 3.223514
1230 400 112 32 32 2.036868
1230 400 128 32 32 8.104801
1230 400 136 32 32 1.922935
1230 408 112 32 32 3.687533
1230 408 128 32 32 5.788536
1230 408 136 32 32 2.497509
1230 14 133 28 28 0.799490
1230 336 98 28 28 2.223715
1230 343 98 28 28 5.828870
1230 343 112 28 28 4.213487
1230 350 112 28 28 0.044707
1230 448 7 28 28 4.313646
1230 448 14 28 28 6.970011
1230 448 21 28 28 2.059183
1230 455 7 28 28 5.487083
1230 455 14 28 28 6.211732
1230 462 7 28 28 5.585667
1230 462 14 28 28 4.750189
1230 469 7 28 28 0.596848
1230 469 14 28 28 1.031834
1230 96 18 24 24 1.978433
1230 102 0 24 24 0.050544
1230 144 96 24 24 7.270580
1230 144 102 24 24 4.796016
1230 192 84 24 24 0.751661
1230 192 96 24 24 2.211882
1230 300 84 24 24 0.012873
1230 306 96 24 24 4.309377
1230 384 84 24 24 0.041720
1230 480 18 24 24 1.087107
1230 486 18 24 24 0.861926
1260 352 16 64 64 0.698458
1260 288 24 48 48 0.442253
1260 420 24 48 48 0.604581
1260 288 24 48 48 0.442253
1260 420 24 48 48 0.604581
1260 264 33 44 44 0.598747
1260 160 30 40 40 0.772470
1260 170 30 40 40 1.774170
1260 459 27 36 36 1.172427
1260 8 0 32 32 0.705896
1260 16 0 32 32 4.030891
1260 24 0 32 32 1.948593
1260 384 128 32 32 0.082834
1260 392 128 32 32 1.157694
1260 14 0 28 28 1.668868
1260 14 98 28 28 3.019891
1260 21 0 28 28 4.841300
1260 21 7 28 28 3.765818
1260 21 14 28 28 0.441377
1260 21 98 28 28 0.121490
1260 112 98 28 28 4.406691
1260 119 98 28 28 0.766855
1260 154 98 28 28 2.511573
1260 336 98 28 28 0.533716
1260 343 98 28 28 2.914214
1260 350 98 28 28 1.257238
1260 0 0 24 24 4.926879
1260 0 6 24 24 3.010406
1260 108 108 24 24 1.508521
1260 132 96 24 24 0.778081
1260 132 102 24 24 0.491993
1260 144 96 24 24 5.070422
1260 144 102 24 24 4.889161
1260 288 96 24 24 3.677169
1260 306 96 24 24 2.575387
1260 306 102 24 24 2.441403
1260 384 102 24 24 2.399040
1260 384 108 24 24 5.086544
1260 384 114 24 24 2.494287
1260 390 102 24 24 2.330617
1260 390 108 24 24 6.124447
1260 390 114 24 24 1.628781
1260 402 96 24 24 0.089605
1260 480 0 24 24 1.548253
1260 480 6 24 24 2.736544
1260 480 12 24 24 1.554905
1260 480 96 24 24 6.095528
1260 480 102 24 24 2.928477
1260 486 0 24 24 6.328670
1260 486 6 24 24 8.036597
1260 486 12 24 24 1.004890
1260 486 102 24 24 2.300369
1260 492 0 24 24 0.704100
1290 24 24 48 48 0.094426
1290 24 36 48 48 1.465895
1290 36 36 48 48 0.110182
1290 384 24 48 48 3.056530
1290 384 36 48 48 5.945784
1290 396 24 48 48 1.025679
1290 396 36 48 48 1.647116
1290 408 36 48 48 0.976727
1290 420 36 48 48 3.277603
1290 24 24 48 48 0.094426
1290 24 36 48 48 1.465895
1290 36 36 48 48 0.110182
1290 384 24 48 48 3.056530
1290 384 36 48 48 5.945784
1290 396 24 48 48 1.025679
1290 396 36 48 48 1.647116
1290 408 36 48 48 0.976727
1290 420 36 48 48 3.277603
1290 242 22 44 44 1.372114
1290 264 22 44 44 0.356934
1290 264 33 44 44 0.597478
1290 352 33 44 44 1.785705
1290 363 33 44 44 3.228034
1290 374 33 44 44 2.955808
1290 385 33 44 44 3.735269
1290 160 30 40 40 1.543055
1290 170 30 40 40 0.027451
1290 459 27 36 36 0.283315
1290 7 112 28 28 0.077899
1290 7 119 28 28 0.905519
1290 21 112 28 28 0.622680
1290 112 98 28 28 3.578476
1290 119 98 28 28 5.063417
1290 126 98 28 28 4.631944
1290 336 98 28 28 2.649267
1290 343 98 28 28 3.845243
1290 350 98 28 28 1.952890
1290 448 98 28 28 6.415470
1290 455 98 28 28 8.097680
1290 462 98 28 28 4.092801
1290 469 98 28 28 4.977506
1290 18 114 24 24 0.816607
1290 132 84 24 24 3.381112
1290 132 102 24 24 0.017837
1290 132 108 24 24 0.869103
1290 144 84 24 24 2.786799
1290 210 84 24 24 0.783912
1290 288 84 24 24 0.428948
1290 294 84 24 24 1.831160
1290 384 96 24 24 1.973794
1290 384 102 24 24 0.677284
1290 390 108 24 24 0.277960
1290 390 114 24 24 2.825556
1290 480 108 24 24 2.636967
1290 480 114 24 24 5.721334
1290 486 108 24 24 3.304009
1290 486 114 24 24 1.467810
1290 492 108 24 24 2.907661
1290 492 114 24 24 1.335470
1290 498 12 24 24 0.953649
1290 498 18 24 24 0.297476
1290 498 102 24 24 1.972307
1290 498 108 24 24 3.822071
1320 264 24 48 48 4.475274
1320 420 36 48 48 0.578326
1320 264 24 48 48 4.475274
1320 420 36 48 48 0.578326
1320 264 22 44 44 1.608609
1320 264 33 44 44 5.418324
1320 170 30 40 40 1.473335
1320 180 30 40 40 0.631597
1320 220 30 40 40 0.451076
1320 0 112 28 28 2.882205
1320 0 119 28 28 0.921057
1320 0 126 28 28 0.468592
1320 7 112 28 28 2.334959
1320 14 112 28 28 1.667981
1320 21 112 28 28 0.637871
1320 343 98 28 28 0.682738
1320 350 98 28 28 1.372151
1320 357 98 28 28 3.894455
1320 462 112 28 28 1.884380
1320 462 119 28 28 0.534454
1320 102 84 24 24 2.028113
1320 108 84 24 24 5.545006
1320 144 96 24 24 0.529521
1320 144 108 24 24 0.731705
1320 144 114 24 24 1.362273
1320 288 84 24 24 2.558652
1320 294 84 24 24 2.899805
1320 300 84 24 24 1.600778
1320 306 84 24 24 0.977179
1320 384 96 24 24 1.831878
1320 384 102 24 24 3.001682
1320 384 108 24 24 0.718350
1320 384 114 24 24 0.344460
1320 390 108 24 24 2.060033
1320 390 114 24 24 3.142278
1320 396 108 24 24 2.049627
1320 396 114 24 24 0.317008
1320 480 102 24 24 0.032969
1320 480 108 24 24 1.908879
1320 492 102 24 24 1.275660
1350 0 16 64 64 2.090831
1350 264 24 48 48 1.395818
1350 288 24 48 48 3.003788
1350 288 36 48 48 1.116538
1350 264 24 48 48 1.395818
1350 288 24 48 48 3.003788
1350 288 36 48 48 1.116538
1350 198 33 44 44 0.576040
1350 384 112 32 32 0.060944
1350 392 112 32 32 0.304757
1350 408 112 32 32 2.384151
1350 336 98 28 28 0.347708
1350 336 112 28 28 5.310027
1350 336 119 28 28 0.679519
1350 343 112 28 28 1.500638
1350 448 112 28 28 2.545587
1350 448 133 28 28 1.142265
1350 455 112 28 28 2.339128
1350 462 112 28 28 2.177833
1350 462 119 28 28 0.381631
1350 469 112 28 28 3.081260
1350 300 96 24 24 4.993634
1350 300 102 24 24 0.811136
1350 306 96 24 24 3.593759
1350 306 102 24 24 5.214318
1350 306 108 24 24 2.231548
1380 0 0 64 64 0.731692
1380 16 0 64 64 2.289043
1380 32 0 64 64 1.947487
1380 48 0 64 64 5.420322
1380 48 16 64 64 0.014026
1380 256 0 64 64 4.584028
1380 272 0 64 64 0.231985
1380 288 0 64 64 0.147931
1380 352 0 64 64 0.326838
1380 264 24 48 48 1.938727
1380 288 36 48 48 0.347209
1380 396 24 48 48 0.265871
1380 408 24 48 48 2.614729
1380 408 36 48 48 3.593822
1380 264 24 48 48 1.938727
1380 288 36 48 48 0.347209
1380 396 24 48 48 0.265871
1380 408 24 48 48 2.614729
1380 408 36 48 48 3.593822
1380 459 18 36 36 2.790584
1380 459 27 36 36 5.505045
1380 16 128 32 32 1.440730
1380 16 136 32 32 0.848192
1380 24 128 32 32 1.045334
1380 24 136 32 32 1.105847
1380 112 112 28 28 0.649094
1380 119 98 28 28 0.251580
1380 119 112 28 28 2.984441
1380 126 98 28 28 1.399587
1380 126 112 28 28 2.635207
1380 336 98 28 28 1.167943
1380 343 98 28 28 6.449363
1380 350 98 28 28 3.828148
1380 357 126 28 28 2.645638
1380 455 133 28 28 0.262289
1380 462 98 28 28 4.841558
1380 462 133 28 28 0.847810
1380 132 102 24 24 0.037754
1380 132 108 24 24 2.224115
1380 132 114 24 24 2.407384
1380 300 96 24 24 4.061121
1380 300 102 24 24 4.031618
1380 306 96 24 24 7.324241
1380 306 102 24 24 9.711451
1380 306 108 24 24 4.990881
1380 306 114 24 24 4.500092
1380 396 108 24 24 1.984458
1410 0 0 64 64 1.823347
1410 16 0 64 64 2.178283
1410 32 0 64 64 0.238386
1410 36 36 48 48 1.047101
1410 36 36 48 48 1.047101
1410 176 33 44 44 0.363530
1410 187 33 44 44 0.679897
1410 432 144 36 36 0.979134
1410 450 27 36 36 3.460170
1410 459 27 36 36 0.775854
1410 154 112 28 28 0.119281
1410 448 98 28 28 4.156415
1410 455 98 28 28 3.614634
1410 462 98 28 28 0.971583
1410 102 114 24 24 0.976566
1410 108 102 24 24 1.834842
1410 108 108 24 24 1.328619
1410 108 114 24 24 4.951641
1410 204 102 24 24 1.159020
1410 204 108 24 24 2.076891
1410 210 108 24 24 0.930350
1410 306 96 24 24 7.578934
1410 306 102 24 24 3.239104
1410 396 114 24 24 1.915912
1410 402 114 24 24 1.765685
1440 352 0 64 64 2.587473
1440 352 16 64 64 0.605473
1440 288 24 48 48 0.788952
1440 288 36 48 48 0.313153
1440 384 36 48 48 1.725847
1440 288 24 48 48 0.788952
1440 288 36 48 48 0.313153
1440 384 36 48 48 1.725847
1440 352 33 44 44 1.727777
1440 363 33 44 44 1.125201
1440 18 126 36 36 1.503545
1440 16 128 32 32 1.830334
1440 24 112 32 32 0.130296
1440 408 112 32 32 1.243791
1440 21 133 28 28 1.079484
1440 112 98 28 28 1.823189
1440 112 119 28 28 2.838203
1440 112 126 28 28 3.878051
1440 112 133 28 28 3.990569
1440 119 98 28 28 2.035691
1440 119 119 28 28 3.755023
1440 119 126 28 28 3.563532
1440 119 133 28 28 3.319984
1440 231 7 28 28 1.001022
1440 238 98 28 28 0.524184
1440 336 98 28 28 2.044797
1440 455 98 28 28 0.390218
1440 469 112 28 28 3.004263
1440 469 119 28 28 3.461737
1440 96 84 24 24 1.228810
1440 102 84 24 24 0.039781
1440 132 102 24 24 2.138990
1440 132 108 24 24 2.416414
1440 192 96 24 24 0.870834
1440 192 102 24 24 4.004706
1440 192 108 24 24 1.049566
1440 198 96 24 24 0.557479
1440 198 102 24 24 7.160659
1440 198 108 24 24 6.008710
1440 204 102 24 24 5.280628
1440 204 108 24 24 6.256777
1440 210 102 24 24 3.890795
1440 210 108 24 24 3.362287
1440 300 84 24 24 0.585681
1440 306 84 24 24 5.026983
1440 384 84 24 24 2.134276
1440 384 96 24 24 1.093609
1440 384 102 24 24 2.165104
1440 390 84 24 24 3.636667
1440 390 96 24 24 3.406173
1440 390 102 24 24 5.047400
1440 390 108 24 24 5.775687
1440 390 114 24 24 1.294633
1440 396 84 24 24 2.668977
1440 396 96 24 24 3.624920
1440 396 102 24 24 5.916467
1440 396 108 24 24 7.076586
1440 396 114 24 24 4.303671
1440 402 96 24 24 3.773494
1440 402 102 24 24 8.387350
1440 402 108 24 24 7.413997
1440 402 114 24 24 3.578871
1440 480 84 24 24 2.806196
1440 486 84 24 24 2.861358
1440 492 84 24 24 1.319125
1470 272 0 64 64 1.845253
1470 272 16 64 64 0.300865
1470 288 0 64 64 3.077277
1470 288 16 64 64 2.640008
1470 36 36 48 48 1.583290
1470 264 24 48 48 1.319820
1470 288 12 48 48 2.570088
1470 288 24 48 48 2.374987
1470 396 12 48 48 1.911789
1470 396 24 48 48 0.691703
1470 408 12 48 48 4.925056
1470 408 24 48 48 3.509705
1470 420 12 48 48 2.570754
1470 420 24 48 48 2.927794
1470 420 36 48 48 3.677707
1470 36 36 48 48 1.583290
1470 264 24 48 48 1.319820
1470 288 12 48 48 2.570088
1470 288 24 48 48 2.374987
1470 396 12 48 48 1.911789
1470 396 24 48 48 0.691703
1470 408 12 48 48 4.925056
1470 408 24 48 48 3.509705
1470 420 12 48 48 2.570754
1470 420 24 48 48 2.927794
1470 420 36 48 48 3.677707
1470 363 11 44 44 1.335832
1470 0 30 40 40 0.721630
1470 10 30 40 40 1.070663
1470 330 30 40 40 2.044855
1470 340 20 40 40 0.141537
1470 340 30 40 40 3.331445
1470 27 144 36 36 0.901568
1470 432 27 36 36 1.951309
1470 441 27 36 36 3.372522
1470 450 27 36 36 3.969536
1470 16 24 32 32 1.422938
1470 24 16 32 32 0.450099
1470 24 24 32 32 2.245463
1470 0 14 28 28 0.889628
1470 0 21 28 28 1.952366
1470 168 98 28 28 0.175192
1470 336 98 28 28 5.891853
1470 336 112 28 28 3.813026
1470 343 98 28 28 6.873007
1470 343 112 28 28 3.166361
1470 343 119 28 28 3.055573
1470 343 126 28 28 1.250611
1470 350 98 28 28 4.317704
1470 350 112 28 28 1.593223
1470 350 126 28 28 0.216099
1470 350 133 28 28 1.576100
1470 448 98 28 28 2.008406
1470 288 0 24 24 5.231210
1470 288 6 24 24 4.129136
1470 294 0 24 24 0.363262
1470 294 6 24 24 1.631080
1470 306 18 24 24 1.202950
1470 384 84 24 24 1.679386
1470 384 96 24 24 2.787475
1470 390 96 24 24 0.048360
1470 390 108 24 24 1.266805
1470 486 102 24 24 0.158596
1500 288 0 64 64 0.901225
1500 352 0 64 64 1.731277
1500 288 0 48 48 5.636230
1500 288 12 48 48 5.888294
1500 288 24 48 48 5.623781
1500 288 36 48 48 0.643869
1500 384 36 48 48 1.220759
1500 396 24 48 48 0.564490
1500 396 36 48 48 2.209938
1500 408 0 48 48 0.262934
1500 408 12 48 48 2.928243
1500 408 24 48 48 4.491284
1500 408 36 48 48 2.181302
1500 420 36 48 48 0.727163
1500 288 0 48 48 5.636230
1500 288 12 48 48 5.888294
1500 288 24 48 48 5.623781
1500 288 36 48 48 0.643869
1500 384 36 48 48 1.220759
1500 396 24 48 48 0.564490
1500 396 36 48 48 2.209938
1500 408 0 48 48 0.262934
1500 408 12 48 48 2.928243
1500 408 24 48 48 4.491284
1500 408 36 48 48 2.181302
1500 420 36 48 48 0.727163
1500 176 22 44 44 1.544430
1500 176 33 44 44 1.385207
1500 352 33 44 44 1.898885
1500 363 33 44 44 0.859976
1500 320 30 40 40 2.102648
1500 330 20 40 40 0.170388
1500 340 30 40 40 0.457406
1500 350 30 40 40 0.574053
1500 432 144 36 36 3.069437
1500 432 153 36 36 0.650503
1500 441 144 36 36 1.552656
1500 441 153 36 36 0.833110
1500 450 18 36 36 1.754585
1500 459 9 36 36 2.832343
1500 459 18 36 36 3.995070
1500 408 144 32 32 0.618915
1500 408 152 32 32 1.754896
1500 0 112 28 28 3.167573
1500 0 126 28 28 0.346865
1500 7 112 28 28 4.323837
1500 7 119 28 28 0.139288
1500 7 126 28 28 0.478272
1500 350 98 28 28 8.543247
1500 350 112 28 28 0.453744
1500 357 98 28 28 8.729941
1500 357 112 28 28 5.132380
1500 144 84 24 24 0.108703
1500 390 84 24 24 0.397312
1500 390 96 24 24 0.063205
1500 402 84 24 24 1.694453
1500 480 96 24 24 3.208567
1500 480 102 24 24 5.778007
1500 486 96 24 24 3.314754
1500 486 102 24 24 2.963063
1500 492 96 24 24 6.768316
1500 492 102 24 24 4.246527
1500 498 96 24 24 1.740040
1500 498 102 24 24 3.610512
1530 352 0 64 64 3.976763
1530 352 16 64 64 1.986182
1530 264 24 48 48 1.119658
1530 288 24 48 48 1.839690
1530 384 0 48 48 0.949692
1530 384 12 48 48 2.216049
1530 396 0 48 48 2.583419
1530 396 12 48 48 2.975527
1530 396 36 48 48 0.848554
1530 408 0 48 48 1.722226
1530 408 12 48 48 3.775861
1530 408 24 48 48 2.727461
1530 408 36 48 48 2.934255
1530 420 12 48 48 3.892778
1530 420 24 48 48 4.014375
1530 420 36 48 48 3.995386
1530 264 24 48 48 1.119658
1530 288 24 48 48 1.839690
1530 384 0 48 48 0.949692
1530 384 12 48 48 2.216049
1530 396 0 48 48 2.583419
1530 396 12 48 48 2.975527
1530 396 36 48 48 0.848554
1530 408 0 48 48 1.722226
1530 408 12 48 48 3.775861
1530 408 24 48 48 2.727461
1530 408 36 48 48 2.934255
1530 420 12 48 48 3.892778
1530 420 24 48 48 4.014375
1530 420 36 48 48 3.995386
1530 176 33 44 44 0.093951
1530 352 22 44 44 1.347940
1530 352 33 44 44 1.762098
1530 363 33 44 44 0.795353
1530 374 22 44 44 2.847097
1530 385 22 44 44 0.818330
1530 0 30 40 40 0.799608
1530 330 30 40 40 0.094649
1530 432 27 36 36 0.237292
1530 450 0 36 36 2.039026
1530 459 0 36 36 1.792262
1530 459 9 36 36 1.133400
1530 448 98 28 28 6.664204
1530 455 98 28 28 6.529157
1530 462 98 28 28 2.842849
1530 469 98 28 28 3.284025
1530 384 84 24 24 0.172243
1530 384 96 24 24 7.185380
1530 384 102 24 24 2.489326
1530 384 108 24 24 1.127149
1530 384 114 24 24 7.622590
1530 390 96 24 24 6.656365
1530 390 102 24 24 4.933411
1530 390 108 24 24 3.345080
1530 390 114 24 24 6.998088
1530 396 96 24 24 6.214632
1530 396 102 24 24 4.157145
1530 396 108 24 24 2.357869
1530 396 114 24 24 5.901737
1530 402 96 24 24 3.529389
1530 402 102 24 24 3.836296
1530 402 108 24 24 1.821599
1530 402 114 24 24 4.963822
1530 486 102 24 24 3.680858
1530 492 102 24 24 3.462201
1530 492 108 24 24 2.301758
1560 352 0 64 64 4.055535
1560 352 16 64 64 6.669081
1560 352 32 64 64 4.239865
1560 352 48 64 64 2.710158
1560 264 24 48 48 1.545089
1560 288 24 48 48 1.479955
1560 288 36 48 48 0.262950
1560 384 36 48 48 1.145665
1560 396 36 48 48 1.709123
1560 408 36 48 48 1.728656
1560 420 12 48 48 0.911745
1560 420 24 48 48 0.172581
1560 420 36 48 48 3.918175
1560 264 24 48 48 1.545089
1560 288 24 48 48 1.479955
1560 288 36 48 48 0.262950
1560 384 36 48 48 1.145665
1560 396 36 48 48 1.709123
1560 408 36 48 48 1.728656
1560 420 12 48 48 0.911745
1560 420 24 48 48 0.172581
1560 420 36 48 48 3.918175
1560 264 33 44 44 1.275119
1560 363 33 44 44 5.380400
1560 374 33 44 44 2.222393
1560 384 16 32 32 0.101223
1560 400 112 32 32 0.619854
1560 408 0 32 32 0.846243
1560 408 8 32 32 3.870042
1560 408 112 32 32 7.433858
1560 408 128 32 32 1.018527
1560 0 126 28 28 2.664393
1560 0 133 28 28 3.374983
1560 7 133 28 28 0.891394
1560 357 98 28 28 0.970747
1560 448 98 28 28 1.058577
1560 448 112 28 28 0.506104
1560 96 108 24 24 4.591434
1560 96 114 24 24 2.056222
1560 198 96 24 24 1.139094
1560 384 0 24 24 0.699959
1560 390 0 24 24 1.745750
1560 402 114 24 24 3.444348
1560 486 18 24 24 4.310967
1590 288 0 64 64 0.016536
1590 264 24 48 48 2.352137
1590 288 24 48 48 1.393657
1590 288 36 48 48 1.024483
1590 384 24 48 48 0.902959
1590 384 36 48 48 4.061073
1590 396 36 48 48 2.843664
1590 420 36 48 48 3.281602
1590 264 24 48 48 2.352137
1590 288 24 48 48 1.393657
1590 288 36 48 48 1.024483
1590 384 24 48 48 0.902959
1590 384 36 48 48 4.061073
1590 396 36 48 48 2.843664
1590 420 36 48 48 3.281602
1590 385 33 44 44 2.973343
1590 432 0 36 36 1.122364
1590 441 0 36 36 1.281991
1590 450 0 36 36 2.501499
1590 450 9 36 36 1.142749
1590 459 0 36 36 5.814190
1590 459 9 36 36 3.768766
1590 112 98 28 28 2.918818
1590 336 98 28 28 3.084064
1590 448 21 28 28 6.988214
1590 455 21 28 28 1.044903
1590 462 21 28 28 2.165230
1590 469 21 28 28 2.501024
1590 108 102 24 24 2.790700
1590 108 114 24 24 1.950137
1590 306 96 24 24 0.087662
1590 396 114 24 24 1.792438
1590 402 114 24 24 0.274558
1590 480 108 24 24 0.322788
1590 480 114 24 24 2.639825
1590 486 108 24 24 2.564057
1590 486 114 24 24 5.946324
1590 492 108 24 24 0.914075
1590 492 114 24 24 0.088836
1620 48 16 64 64 0.729260
1620 264 24 48 48 2.029683
1620 288 24 48 48 2.244411
1620 288 36 48 48 0.845980
1620 408 36 48 48 2.724778
1620 420 36 48 48 5.972122
1620 264 24 48 48 2.029683
1620 288 24 48 48 2.244411
1620 288 36 48 48 0.845980
1620 408 36 48 48 2.724778
1620 420 36 48 48 5.972122
1620 264 33 44 44 0.768983
1620 448 112 28 28 2.433043
1620 448 119 28 28 0.602770
1620 455 112 28 28 9.336366
1620 455 119 28 28 1.748104
1620 455 126 28 28 0.684463
1620 462 98 28 28 0.279296
1620 462 112 28 28 5.862750
1620 469 98 28 28 4.036832
1620 469 112 28 28 4.854216
1620 96 114 24 24 0.055988
1650 256 0 64 64 1.108814
1650 272 0 64 64 1.852352
1650 264 12 48 48 0.736338
1650 264 24 48 48 1.837320
1650 288 24 48 48 0.013587
1650 264 12 48 48 0.736338
1650 264 24 48 48 1.837320
1650 288 24 48 48 0.013587
1650 264 33 44 44 2.255351
1650 336 98 28 28 0.150171
1650 343 98 28 28 0.690270
1650 192 108 24 24 0.667941
1650 192 114 24 24 3.695791
1680 264 24 48 48 2.714905
1680 264 24 48 48 2.714905
1680 264 22 44 44 0.402540
1680 264 33 44 44 1.194404
1680 168 98 28 28 3.248253
1680 168 112 28 28 3.020621
1680 168 119 28 28 4.404266
1680 168 126 28 28 3.510191
1680 336 98 28 28 0.135890
1680 343 98 28 28 0.777977
1680 350 98 28 28 0.629462
1680 192 102 24 24 2.329255
1680 192 108 24 24 3.795249
1680 198 102 24 24 4.244641
1680 198 108 24 24 2.075266
1680 204 102 24 24 0.615034
1710 264 12 48 48 0.053736
1710 264 24 48 48 4.060094
1710 264 36 48 48 0.673315
1710 288 24 48 48 1.570770
1710 288 36 48 48 1.221924
1710 384 36 48 48 0.713496
1710 396 192 48 48 0.614572
1710 264 12 48 48 0.053736
1710 264 24 48 48 4.060094
1710 264 36 48 48 0.673315
1710 288 24 48 48 1.570770
1710 288 36 48 48 1.221924
1710 384 36 48 48 0.713496
1710 396 192 48 48 0.614572
1710 264 33 44 44 1.394340
1710 144 112 32 32 1.401063
1710 0 112 28 28 0.572898
1710 7 112 28 28 3.206460
1710 14 112 28 28 1.513470
1710 154 112 28 28 2.749968
1710 154 119 28 28 3.470548
1710 154 126 28 28 3.456755
1710 154 133 28 28 0.070831
1710 168 98 28 28 5.553107
1710 168 119 28 28 1.452139
1710 350 98 28 28 1.162295
1710 448 238 28 28 0.068051
1710 192 102 24 24 1.409606
1710 192 108 24 24 1.378241
1710 198 102 24 24 3.222851
1710 198 108 24 24 1.618598
1710 384 114 24 24 0.297175
1710 390 114 24 24 0.131676
1740 264 24 48 48 3.175014
1740 264 36 48 48 0.907052
1740 288 36 48 48 0.786141
1740 396 192 48 48 0.821610
1740 396 204 48 48 0.218825
1740 408 204 48 48 1.743888
1740 408 216 48 48 0.635432
1740 420 216 48 48 0.583466
1740 264 24 48 48 3.175014
1740 264 36 48 48 0.907052
1740 288 36 48 48 0.786141
1740 396 192 48 48 0.821610
1740 396 204 48 48 0.218825
1740 408 204 48 48 1.743888
1740 408 216 48 48 0.635432
1740 420 216 48 48 0.583466
1740 264 33 44 44 2.447683
1740 0 112 32 32 0.519149
1740 8 112 32 32 0.111488
1740 144 112 32 32 1.811564
1740 144 128 32 32 1.935537
1740 0 112 28 28 1.090873
1740 0 119 28 28 1.491618
1740 7 119 28 28 2.059756
1740 154 112 28 28 0.896977
1740 154 119 28 28 1.860636
1740 154 126 28 28 2.242745
1740 154 133 28 28 3.108889
1740 168 98 28 28 3.568752
1740 168 112 28 28 3.285807
1740 168 126 28 28 1.566943
1740 336 98 28 28 0.226094
1740 192 108 24 24 2.524480
1740 192 114 24 24 2.104326
1740 198 108 24 24 4.461124
1740 198 114 24 24 3.268596
1770 256 0 64 64 0.467792
1770 272 0 64 64 0.297719
1770 264 24 48 48 0.770509
1770 264 36 48 48 4.158971
1770 288 36 48 48 0.870048
1770 396 204 48 48 0.597870
1770 396 216 48 48 0.025648
1770 408 204 48 48 0.380932
1770 408 216 48 48 1.990701
1770 408 228 48 48 0.537779
1770 420 216 48 48 0.838327
1770 420 228 48 48 1.146288
1770 264 24 48 48 0.770509
1770 264 36 48 48 4.158971
1770 288 36 48 48 0.870048
1770 396 204 48 48 0.597870
1770 396 216 48 48 0.025648
1770 408 204 48 48 0.380932
1770 408 216 48 48 1.990701
1770 408 228 48 48 0.537779
1770 420 216 48 48 0.838327
1770 420 228 48 48 1.146288
1770 264 33 44 44 0.580449
1770 144 126 36 36 3.240884
1770 0 112 32 32 2.639761
1770 144 112 32 32 1.758979
1770 144 128 32 32 1.948096
1770 144 136 32 32 2.125176
1770 0 119 28 28 3.205990
1770 0 126 28 28 2.979532
1770 7 119 28 28 0.432818
1770 7 126 28 28 3.708890
1770 154 112 28 28 2.005030
1770 154 119 28 28 1.710486
1770 154 126 28 28 3.323008
1770 154 133 28 28 2.618376
1770 168 112 28 28 5.481336
1770 168 119 28 28 3.169503
1770 168 133 28 28 1.307926
1770 238 98 28 28 0.120945
1770 245 98 28 28 0.654449
1770 350 112 28 28 0.951234
1770 96 96 24 24 0.627583
1770 192 114 24 24 2.288994
1770 198 114 24 24 3.480471
1770 492 288 24 24 0.176715
1800 256 0 64 64 1.083470
1800 272 0 64 64 0.072644
1800 264 36 48 48 4.442494
1800 288 36 48 48 0.711566
1800 408 216 48 48 1.296626
1800 264 36 48 48 4.442494
1800 288 36 48 48 0.711566
1800 408 216 48 48 1.296626
1800 144 126 36 36 3.602251
1800 0 112 32 32 0.404318
1800 8 112 32 32 0.899733
1800 16 112 32 32 1.430876
1800 144 128 32 32 1.120366
1800 144 136 32 32 0.968248
1800 408 112 32 32 1.589667
1800 0 119 28 28 0.160420
1800 0 126 28 28 4.102263
1800 7 126 28 28 1.646948
1800 7 133 28 28 0.591708
1800 154 119 28 28 2.942439
1800 154 126 28 28 1.348292
1800 154 133 28 28 3.400678
1800 168 112 28 28 7.029675
1800 168 119 28 28 2.608004
1800 168 133 28 28 0.562971
1800 245 98 28 28 3.657873
1800 198 114 24 24 1.464235
1830 256 0 64 64 1.084052
1830 264 36 48 48 4.060671
1830 408 216 48 48 1.785258
1830 408 228 48 48 0.268887
1830 420 216 48 48 0.571475
1830 420 228 48 48 0.995259
1830 264 36 48 48 4.060671
1830 408 216 48 48 1.785258
1830 408 228 48 48 0.268887
1830 420 216 48 48 0.571475
1830 420 228 48 48 0.995259
1830 144 126 36 36 3.824683
1830 153 126 36 36 0.188737
1830 16 112 32 32 1.210053
1830 144 112 32 32 2.777233
1830 144 128 32 32 3.065889
1830 144 136 32 32 3.266624
1830 144 144 32 32 0.966735
1830 408 112 32 32 0.599869
1830 0 126 28 28 3.542632
1830 0 133 28 28 2.947652
1830 7 126 28 28 1.647902
1830 7 133 28 28 3.418417
1830 14 133 28 28 0.321502
1830 154 119 28 28 2.547008
1830 154 126 28 28 1.511436
1830 154 133 28 28 4.246775
1830 168 112 28 28 5.995866
1830 168 119 28 28 4.286191
1830 168 126 28 28 2.068029
1830 245 98 28 28 1.831137
1830 336 98 28 28 0.131052
1830 350 119 28 28 0.871572
1830 12 0 24 24 1.718880
1830 96 102 24 24 0.370237
1830 108 96 24 24 1.702517
