30 0 48 64 64 2.684872
30 256 0 64 64 3.322961
30 272 0 64 64 3.142589
30 288 0 64 64 3.322014
30 288 16 64 64 0.125597
30 420 36 48 48 0.051970
30 420 36 48 48 0.051970
30 0 33 44 44 0.597371
30 30 140 40 40 1.939470
30 128 112 32 32 0.469080
30 112 112 28 28 1.789590
30 112 119 28 28 2.249216
30 119 112 28 28 3.426685
30 119 119 28 28 3.870250
30 126 112 28 28 3.877597
30 126 119 28 28 4.790540
30 154 126 28 28 1.560379
30 238 112 28 28 1.965186
30 245 112 28 28 2.105400
30 245 119 28 28 0.711916
30 343 126 28 28 0.181171
30 350 119 28 28 0.475635
30 350 126 28 28 1.995555
30 357 119 28 28 1.968342
30 357 126 28 28 0.116059
30 462 112 28 28 1.022403
30 462 119 28 28 1.596745
30 469 112 28 28 0.710038
30 469 119 28 28 2.093122
30 18 84 24 24 0.138154
30 390 108 24 24 0.596449
30 390 114 24 24 0.355008
30 396 114 24 24 2.853388
60 0 0 64 64 5.553397
60 0 16 64 64 2.623565
60 16 0 64 64 2.063458
60 16 16 64 64 0.911472
60 48 0 64 64 0.088436
60 256 0 64 64 2.051653
60 272 0 64 64 0.236292
60 288 0 64 64 2.005199
60 288 16 64 64 0.107060
60 36 36 48 48 0.427284
60 36 36 48 48 0.427284
60 8 112 32 32 1.299012
60 16 112 32 32 3.877790
60 24 112 32 32 2.580209
60 272 112 32 32 0.475998
60 7 133 28 28 2.375293
60 14 133 28 28 2.050832
60 21 112 28 28 2.775405
60 21 119 28 28 6.167892
60 21 126 28 28 4.324005
60 21 133 28 28 5.612708
60 112 112 28 28 3.131171
60 112 119 28 28 2.946993
60 119 112 28 28 0.859922
60 119 119 28 28 4.145397
60 119 126 28 28 1.109454
60 154 126 28 28 2.023165
60 350 126 28 28 1.257262
60 350 133 28 28 1.326510
60 357 126 28 28 4.962978
60 357 133 28 28 4.371572
60 469 112 28 28 2.103681
60 469 119 28 28 0.944054
60 396 96 24 24 0.141999
60 396 102 24 24 0.740255
90 0 0 64 64 5.236102
90 0 16 64 64 2.128418
90 256 0 64 64 0.471455
90 272 0 64 64 2.330558
90 288 0 64 64 0.536266
90 352 48 64 64 2.671318
90 374 209 44 44 0.969210
90 432 162 36 36 1.712950
90 432 288 36 36 0.627380
90 432 306 36 36 0.495933
90 441 126 36 36 0.905108
90 441 153 36 36 1.485377
90 441 162 36 36 5.418224
90 441 171 36 36 2.255705
90 441 288 36 36 5.736610
90 441 297 36 36 4.199668
90 441 306 36 36 3.130357
90 450 153 36 36 1.395732
90 450 162 36 36 5.809990
90 450 171 36 36 3.198561
90 450 288 36 36 7.732231
90 450 297 36 36 3.840646
90 450 306 36 36 3.209610
90 459 153 36 36 1.605128
90 459 162 36 36 2.293312
90 459 288 36 36 2.829328
90 459 297 36 36 0.776672
90 0 128 32 32 7.621234
90 0 136 32 32 2.665855
90 8 112 32 32 2.393789
90 8 128 32 32 3.629074
90 16 112 32 32 3.621982
90 16 128 32 32 1.177459
90 24 112 32 32 5.812742
90 384 112 32 32 1.531728
90 384 128 32 32 2.902942
90 384 152 32 32 1.011943
90 392 272 32 32 0.399179
90 7 126 28 28 0.070344
90 7 133 28 28 4.895405
90 14 119 28 28 2.403124
90 14 126 28 28 5.830280
90 14 133 28 28 6.197252
90 21 119 28 28 4.332868
90 21 126 28 28 6.019370
90 21 133 28 28 6.689880
90 168 119 28 28 1.192030
90 168 126 28 28 2.155391
90 224 119 28 28 4.418105
90 224 126 28 28 4.363549
90 224 133 28 28 4.116071
90 231 119 28 28 2.731720
90 231 126 28 28 2.595628
90 231 133 28 28 3.580686
90 238 119 28 28 1.139767
90 336 119 28 28 1.934802
90 336 126 28 28 9.051385
90 336 133 28 28 9.531413
90 343 119 28 28 1.906839
90 343 126 28 28 6.953120
90 343 133 28 28 5.621716
90 350 126 28 28 3.837426
90 455 119 28 28 3.749808
90 462 112 28 28 3.397833
90 462 119 28 28 5.069127
90 462 126 28 28 1.418451
90 469 112 28 28 7.051231
90 469 119 28 28 9.124000
90 469 126 28 28 3.684684
90 384 288 24 24 2.410011
90 390 198 24 24 2.895118
90 390 204 24 24 2.911262
90 390 288 24 24 3.115435
90 390 294 24 24 1.234299
90 396 96 24 24 1.035550
90 396 102 24 24 0.170375
90 396 114 24 24 0.936633
90 396 192 24 24 0.527469
90 396 198 24 24 6.619099
90 396 204 24 24 6.479540
90 396 288 24 24 3.194280
90 402 192 24 24 4.581362
90 402 198 24 24 5.766417
90 402 204 24 24 3.853408
90 480 198 24 24 1.243285
90 486 192 24 24 0.606948
120 0 16 64 64 0.886193
120 0 32 64 64 7.919628
120 0 48 64 64 4.096804
120 48 48 64 64 1.170566
120 352 154 44 44 1.271609
120 363 154 44 44 5.476679
120 374 154 44 44 5.213089
120 385 154 44 44 1.888625
120 9 126 36 36 1.653474
120 18 126 36 36 0.029820
120 27 126 36 36 0.517161
120 144 171 36 36 2.191115
120 153 162 36 36 2.025554
120 153 171 36 36 4.353868
120 162 162 36 36 1.299006
120 162 171 36 36 3.327297
120 432 288 36 36 7.544667
120 432 297 36 36 3.705038
120 441 288 36 36 4.652850
120 441 297 36 36 2.890890
120 450 288 36 36 2.566678
120 8 128 32 32 0.282926
120 8 136 32 32 0.209642
120 16 128 32 32 2.290494
120 16 136 32 32 3.290995
120 24 128 32 32 5.441621
120 24 136 32 32 2.158774
120 256 136 32 32 0.260916
120 256 144 32 32 1.657180
120 272 272 32 32 0.311748
120 384 112 32 32 2.924986
120 384 128 32 32 4.619906
120 384 136 32 32 1.499580
120 384 144 32 32 1.086117
120 392 112 32 32 0.894897
120 392 128 32 32 4.545378
120 392 136 32 32 3.807712
120 392 144 32 32 0.442937
120 400 128 32 32 5.403083
120 400 136 32 32 7.912632
120 400 144 32 32 2.975837
120 408 128 32 32 4.198995
120 408 136 32 32 3.620564
120 21 133 28 28 0.000222
120 336 133 28 28 0.959505
120 343 133 28 28 1.611371
120 350 133 28 28 5.310217
120 357 133 28 28 5.626779
120 448 126 28 28 3.751664
120 448 133 28 28 2.899822
120 455 126 28 28 1.875773
120 455 133 28 28 3.598203
120 469 126 28 28 1.132148
120 204 192 24 24 0.072673
120 288 294 24 24 3.543945
120 288 300 24 24 0.117400
120 294 294 24 24 5.087534
120 294 300 24 24 2.070084
120 300 294 24 24 4.146954
120 300 300 24 24 2.455377
120 384 294 24 24 2.282220
120 384 300 24 24 1.856412
120 384 306 24 24 1.300582
120 390 300 24 24 0.742925
120 390 306 24 24 1.824850
120 396 294 24 24 0.176556
120 396 300 24 24 2.111686
120 396 306 24 24 0.891226
120 402 300 24 24 1.378380
150 0 32 64 64 0.287605
150 16 32 64 64 0.936208
150 0 168 48 48 0.995184
150 0 192 48 48 4.980550
150 0 204 48 48 2.918138
150 0 216 48 48 2.504236
150 12 168 48 48 1.798689
150 12 192 48 48 3.514531
150 12 204 48 48 3.157270
150 24 168 48 48 1.808322
150 24 192 48 48 1.592904
150 36 168 48 48 1.098399
150 192 204 48 48 0.066820
150 204 168 48 48 0.256732
150 204 192 48 48 3.093357
150 204 204 48 48 3.902807
150 204 216 48 48 2.138180
150 216 168 48 48 2.847607
150 216 192 48 48 2.195248
150 216 204 48 48 3.785822
150 216 216 48 48 2.858172
150 216 228 48 48 0.217775
150 396 168 48 48 4.088784
150 396 192 48 48 3.788213
150 408 168 48 48 7.254182
150 408 192 48 48 3.540622
150 408 204 48 48 0.811059
150 420 168 48 48 5.660725
150 0 168 48 48 0.995184
150 0 192 48 48 4.980550
150 0 204 48 48 2.918138
150 0 216 48 48 2.504236
150 12 168 48 48 1.798689
150 12 192 48 48 3.514531
150 12 204 48 48 3.157270
150 24 168 48 48 1.808322
150 24 192 48 48 1.592904
150 36 168 48 48 1.098399
150 192 204 48 48 0.066820
150 204 168 48 48 0.256732
150 204 192 48 48 3.093357
150 204 204 48 48 3.902807
150 204 216 48 48 2.138180
150 216 168 48 48 2.847607
150 216 192 48 48 2.195248
150 216 204 48 48 3.785822
150 216 216 48 48 2.858172
150 216 228 48 48 0.217775
150 396 168 48 48 4.088784
150 396 192 48 48 3.788213
150 408 168 48 48 7.254182
150 408 192 48 48 3.540622
150 408 204 48 48 0.811059
150 420 168 48 48 5.660725
150 0 198 44 44 1.657763
150 0 209 44 44 2.116402
150 11 154 44 44 0.013139
150 11 176 44 44 3.097678
150 11 187 44 44 5.851098
150 11 198 44 44 5.677037
150 11 209 44 44 1.864719
150 22 176 44 44 0.865202
150 22 187 44 44 3.163203
150 22 198 44 44 2.321492
150 22 209 44 44 1.367730
150 33 176 44 44 0.328037
150 33 187 44 44 2.162269
150 33 198 44 44 0.354530
150 242 209 44 44 0.647376
150 20 140 40 40 0.256336
150 20 170 40 40 0.095054
150 20 180 40 40 3.306811
150 20 190 40 40 3.156287
150 30 140 40 40 1.324696
150 30 180 40 40 0.168354
150 30 190 40 40 1.447798
150 160 140 40 40 2.515662
150 170 170 40 40 0.833681
150 170 180 40 40 0.297429
150 220 180 40 40 2.464947
150 220 190 40 40 3.672890
150 240 180 40 40 2.025536
150 0 126 36 36 7.850378
150 9 126 36 36 6.970567
150 18 126 36 36 4.376949
150 27 126 36 36 0.073902
150 27 144 36 36 0.405729
150 216 126 36 36 3.200554
150 216 288 36 36 1.773308
150 216 297 36 36 3.075362
150 432 126 36 36 5.017654
150 432 144 36 36 0.324807
150 432 162 36 36 0.423740
150 432 171 36 36 5.383715
150 441 171 36 36 0.200355
150 0 128 32 32 6.543228
150 0 136 32 32 9.575571
150 0 144 32 32 3.685590
150 8 128 32 32 2.737530
150 8 136 32 32 5.207656
150 8 144 32 32 0.639400
150 16 128 32 32 4.360443
150 16 136 32 32 6.659286
150 24 128 32 32 2.137864
150 24 136 32 32 5.726573
150 24 144 32 32 3.675585
150 24 256 32 32 4.102677
150 24 264 32 32 3.713751
150 24 272 32 32 0.152356
150 256 256 32 32 4.035990
150 256 264 32 32 2.530035
150 264 256 32 32 0.026435
150 384 112 32 32 1.714917
150 384 128 32 32 1.112423
150 392 128 32 32 2.916816
150 392 136 32 32 0.947855
150 400 128 32 32 2.638843
150 408 128 32 32 2.362558
150 7 133 28 28 0.254298
150 14 133 28 28 0.040023
150 21 119 28 28 0.623097
150 112 112 28 28 0.448235
150 224 119 28 28 1.698803
150 231 112 28 28 0.762507
150 231 119 28 28 2.031165
150 238 112 28 28 1.068340
150 238 119 28 28 2.481979
150 245 112 28 28 0.145503
150 245 119 28 28 0.212807
150 336 133 28 28 3.086196
150 343 133 28 28 2.043528
150 350 133 28 28 1.432648
150 357 133 28 28 2.126428
150 455 133 28 28 0.272071
150 462 133 28 28 0.869961
150 469 126 28 28 2.422417
150 469 133 28 28 3.775330
150 288 114 24 24 1.944761
150 294 108 24 24 0.144878
150 384 306 24 24 0.042992
150 390 114 24 24 0.807810
150 396 114 24 24 0.287614
180 16 32 64 64 1.078546
180 0 228 48 48 1.236003
180 12 228 48 48 1.302075
180 264 168 48 48 5.386336
180 288 168 48 48 2.841102
180 0 228 48 48 1.236003
180 12 228 48 48 1.302075
180 264 168 48 48 5.386336
180 288 168 48 48 2.841102
180 264 176 44 44 5.102633
180 264 187 44 44 3.921832
180 352 209 44 44 0.755884
180 363 209 44 44 0.487146
180 374 198 44 44 0.423729
180 0 126 36 36 0.260590
180 9 126 36 36 0.783557
180 18 126 36 36 2.558554
180 27 126 36 36 3.790559
180 0 136 32 32 0.593616
180 0 272 32 32 4.952057
180 0 280 32 32 0.022254
180 8 112 32 32 0.012803
180 8 128 32 32 2.431940
180 8 136 32 32 1.361252
180 8 272 32 32 0.644669
180 16 128 32 32 0.480196
180 24 128 32 32 1.499376
180 24 136 32 32 4.097594
180 24 144 32 32 1.822477
180 128 128 32 32 2.880493
180 128 136 32 32 4.669755
180 136 128 32 32 2.275891
180 136 136 32 32 3.596046
180 144 128 32 32 3.992999
180 256 128 32 32 9.194855
180 256 136 32 32 3.985276
180 264 128 32 32 7.369370
180 264 136 32 32 0.852320
180 272 128 32 32 5.118629
180 272 136 32 32 2.535034
180 280 144 32 32 0.071769
180 384 256 32 32 1.932135
180 392 136 32 32 0.997393
180 392 256 32 32 3.434949
180 392 264 32 32 2.504724
180 400 128 32 32 0.477878
180 400 136 32 32 0.439111
180 400 256 32 32 1.666942
180 400 264 32 32 1.592039
180 14 126 28 28 0.069695
180 14 133 28 28 2.136180
180 21 126 28 28 0.848038
180 21 133 28 28 0.850141
180 126 133 28 28 0.386858
180 154 133 28 28 5.361843
180 336 112 28 28 2.165611
180 336 119 28 28 0.233953
180 343 112 28 28 1.906613
180 343 119 28 28 0.141888
180 448 133 28 28 0.261813
180 455 133 28 28 4.465377
180 462 133 28 28 5.646199
180 469 133 28 28 1.792913
180 6 294 24 24 2.431456
180 6 300 24 24 3.419823
180 6 306 24 24 6.009163
180 12 108 24 24 1.739255
180 12 114 24 24 1.258741
180 12 294 24 24 0.516474
180 12 300 24 24 3.225527
180 12 306 24 24 4.536419
180 18 300 24 24 2.090726
180 132 294 24 24 1.211071
180 144 294 24 24 2.450414
180 144 300 24 24 2.370624
180 144 306 24 24 1.734870
210 256 0 64 64 1.137699
210 256 16 64 64 1.380091
210 272 0 64 64 0.216489
210 272 16 64 64 1.290345
210 288 16 64 64 1.940614
210 0 204 48 48 2.561107
210 0 216 48 48 1.861294
210 0 228 48 48 0.104868
210 12 204 48 48 0.319253
210 12 216 48 48 0.102461
210 192 192 48 48 1.543303
210 192 204 48 48 1.628144
210 204 192 48 48 3.923347
210 204 204 48 48 0.003673
210 216 192 48 48 0.189541
210 0 204 48 48 2.561107
210 0 216 48 48 1.861294
210 0 228 48 48 0.104868
210 12 204 48 48 0.319253
210 12 216 48 48 0.102461
210 192 192 48 48 1.543303
210 192 204 48 48 1.628144
210 204 192 48 48 3.923347
210 204 204 48 48 0.003673
210 216 192 48 48 0.189541
210 0 198 44 44 0.844751
210 0 209 44 44 0.748304
210 11 209 44 44 0.411343
210 176 198 44 44 1.831690
210 176 209 44 44 0.168352
210 187 198 44 44 1.980477
210 187 209 44 44 3.817703
210 198 209 44 44 0.552960
210 0 144 36 36 0.174536
210 9 144 36 36 1.227467
210 18 126 36 36 0.194634
210 432 126 36 36 2.946453
210 432 144 36 36 3.150420
210 432 153 36 36 4.775248
210 432 162 36 36 1.179421
210 432 171 36 36 0.586566
210 0 112 32 32 0.798785
210 0 136 32 32 1.164364
210 0 144 32 32 1.462874
210 0 152 32 32 0.354098
210 0 272 32 32 0.914071
210 0 280 32 32 0.432323
210 8 256 32 32 1.027218
210 8 264 32 32 3.744965
210 8 272 32 32 3.433074
210 16 264 32 32 2.619537
210 16 272 32 32 1.303940
210 16 280 32 32 0.662181
210 24 264 32 32 1.242786
210 24 272 32 32 3.442509
210 24 280 32 32 4.657191
210 128 136 32 32 0.787912
210 128 144 32 32 1.175602
210 136 136 32 32 0.011014
210 136 144 32 32 1.080075
210 256 128 32 32 3.249807
210 256 136 32 32 0.253247
210 384 128 32 32 5.268688
210 384 136 32 32 3.206132
210 392 128 32 32 4.453369
210 400 128 32 32 5.832744
210 400 136 32 32 0.979259
210 408 128 32 32 4.280015
210 408 136 32 32 2.176355
210 0 119 28 28 0.732849
210 0 224 28 28 2.116121
210 7 119 28 28 3.067437
210 7 224 28 28 2.547825
210 14 224 28 28 0.665248
210 14 231 28 28 0.248311
210 154 231 28 28 0.155924
210 154 245 28 28 1.998630
210 448 126 28 28 1.544544
210 448 133 28 28 3.296308
210 455 133 28 28 1.115028
210 462 119 28 28 1.653498
210 462 133 28 28 0.980777
210 469 119 28 28 2.020669
210 469 126 28 28 2.829342
210 469 133 28 28 2.152241
210 12 300 24 24 0.075643
210 18 294 24 24 1.189304
210 18 300 24 24 2.387600
210 102 102 24 24 0.341140
210 210 114 24 24 0.332881
210 384 300 24 24 2.934710
210 390 294 24 24 0.887493
210 390 300 24 24 1.460092
210 396 300 24 24 1.590761
210 396 306 24 24 1.783470
210 402 306 24 24 0.307469
240 0 32 64 64 1.263564
240 288 48 64 64 1.328695
240 204 168 48 48 0.748020
240 216 168 48 48 4.399786
240 204 168 48 48 0.748020
240 216 168 48 48 4.399786
240 242 154 44 44 1.769675
240 242 176 44 44 1.478141
240 264 209 44 44 0.303188
240 0 190 40 40 0.791162
240 240 140 40 40 0.543546
240 240 170 40 40 0.755088
240 240 180 40 40 3.095981
240 144 126 36 36 8.505298
240 144 144 36 36 1.515898
240 144 153 36 36 3.270094
240 144 162 36 36 0.720182
240 153 126 36 36 7.203106
240 162 126 36 36 0.996083
240 198 126 36 36 4.320751
240 297 126 36 36 1.206013
240 297 144 36 36 2.082307
240 306 126 36 36 1.388834
240 306 144 36 36 2.323061
240 315 126 36 36 0.787984
240 0 112 32 32 2.152771
240 0 128 32 32 2.260878
240 0 136 32 32 3.576095
240 136 128 32 32 2.747425
240 136 136 32 32 3.178455
240 144 128 32 32 3.894909
240 144 136 32 32 2.457926
240 144 152 32 32 0.316363
240 176 128 32 32 2.555779
240 192 128 32 32 4.064040
240 192 136 32 32 3.690870
240 256 128 32 32 0.804646
240 256 136 32 32 3.455669
240 256 144 32 32 6.225175
240 256 152 32 32 5.336852
240 264 136 32 32 2.437775
240 264 144 32 32 4.394196
240 264 152 32 32 4.584669
240 272 280 32 32 0.368434
240 280 256 32 32 0.509429
240 280 264 32 32 0.264386
240 280 272 32 32 0.603657
240 384 128 32 32 5.065234
240 384 136 32 32 3.758077
240 392 128 32 32 4.042884
240 392 136 32 32 2.141060
240 400 128 32 32 4.325060
240 400 136 32 32 3.827979
240 400 144 32 32 3.844687
240 400 152 32 32 5.560902
240 408 128 32 32 4.207540
240 408 136 32 32 3.109989
240 408 144 32 32 4.336042
240 408 152 32 32 8.312151
240 0 112 28 28 2.940597
240 0 119 28 28 5.166979
240 0 126 28 28 3.851418
240 0 224 28 28 0.404285
240 0 231 28 28 2.055651
240 0 238 28 28 2.153307
240 7 112 28 28 3.100538
240 7 119 28 28 3.781373
240 7 126 28 28 1.934247
240 14 112 28 28 2.184721
240 14 238 28 28 0.384043
240 154 133 28 28 1.474616
240 168 133 28 28 4.118159
240 343 133 28 28 4.430774
240 350 126 28 28 2.739120
240 350 133 28 28 5.670357
240 357 126 28 28 4.004675
240 357 133 28 28 6.308584
240 462 133 28 28 1.586532
240 469 133 28 28 4.941250
240 12 96 24 24 2.395727
240 12 102 24 24 2.906481
240 12 108 24 24 1.044549
240 18 96 24 24 5.346262
240 18 102 24 24 5.026809
240 18 108 24 24 0.298979
240 96 198 24 24 0.886104
240 96 204 24 24 2.250547
240 96 210 24 24 2.216634
240 288 300 24 24 3.528836
240 294 294 24 24 0.123705
240 294 300 24 24 1.958828
240 294 306 24 24 1.429703
240 492 102 24 24 0.391244
270 0 16 64 64 0.763998
270 0 32 64 64 5.928575
270 16 32 64 64 3.233282
270 32 32 64 64 1.981675
270 48 32 64 64 0.831607
270 264 154 44 44 0.335222
270 352 187 44 44 0.875678
270 330 140 40 40 1.104084
270 340 140 40 40 3.521441
270 340 160 40 40 0.537572
270 340 170 40 40 0.063005
270 350 140 40 40 4.852572
270 9 126 36 36 7.281242
270 18 126 36 36 7.427747
270 153 126 36 36 0.474537
270 162 126 36 36 9.016206
270 198 126 36 36 1.530890
270 432 126 36 36 3.218037
270 432 144 36 36 8.628640
270 432 153 36 36 7.197711
270 432 162 36 36 5.882383
270 432 171 36 36 5.921698
270 441 126 36 36 4.091047
270 441 144 36 36 13.515456
270 441 153 36 36 11.295476
270 441 162 36 36 4.515182
270 441 171 36 36 4.597735
270 450 126 36 36 3.191323
270 450 144 36 36 11.500764
270 450 153 36 36 7.768652
270 450 162 36 36 4.986968
270 450 171 36 36 1.210129
270 459 126 36 36 4.924792
270 459 144 36 36 9.701273
270 459 153 36 36 6.068486
270 459 162 36 36 1.768626
270 459 171 36 36 1.297630
270 0 128 32 32 1.164093
270 0 136 32 32 0.359526
270 8 128 32 32 2.537867
270 8 136 32 32 2.050130
270 16 128 32 32 7.112645
270 16 136 32 32 7.065084
270 16 144 32 32 1.807712
270 24 128 32 32 5.835064
270 24 136 32 32 12.019567
270 24 144 32 32 6.910014
270 128 128 32 32 2.469246
270 128 136 32 32 8.786360
270 128 144 32 32 7.154218
270 136 128 32 32 0.671481
270 136 136 32 32 6.559511
270 136 144 32 32 6.583545
270 144 136 32 32 3.167409
270 144 144 32 32 3.073720
270 176 128 32 32 3.413610
270 176 136 32 32 7.012374
270 176 144 32 32 5.188480
270 192 128 32 32 1.013785
270 192 136 32 32 2.944452
270 192 144 32 32 3.740080
270 192 152 32 32 4.255295
270 256 128 32 32 5.352016
270 264 128 32 32 3.712362
270 264 136 32 32 0.531066
270 280 136 32 32 0.315750
270 384 128 32 32 1.709022
270 231 133 28 28 2.921373
270 343 133 28 28 2.790958
270 350 133 28 28 1.895512
270 357 133 28 28 2.477469
270 448 119 28 28 0.500562
270 448 126 28 28 2.194039
270 448 133 28 28 3.062315
270 455 126 28 28 0.335422
270 455 133 28 28 2.809118
270 384 210 24 24 0.176181
270 480 192 24 24 3.503716
300 0 16 64 64 2.669059
300 352 48 64 64 1.485980
300 192 168 48 48 7.533239
300 192 192 48 48 3.510862
300 204 168 48 48 6.192585
300 204 192 48 48 3.115372
300 216 168 48 48 3.676585
300 216 192 48 48 1.285516
300 192 168 48 48 7.533239
300 192 192 48 48 3.510862
300 204 168 48 48 6.192585
300 204 192 48 48 3.115372
300 216 168 48 48 3.676585
300 216 192 48 48 1.285516
300 187 176 44 44 4.106421
300 187 187 44 44 0.918805
300 198 176 44 44 7.175344
300 198 187 44 44 5.404016
300 198 198 44 44 3.202016
300 242 176 44 44 1.691854
300 242 187 44 44 3.756634
300 242 198 44 44 1.161043
300 220 170 40 40 2.290696
300 220 180 40 40 2.197525
300 220 190 40 40 1.642016
300 240 140 40 40 0.271220
300 0 126 36 36 4.597626
300 9 126 36 36 3.796825
300 18 126 36 36 3.395738
300 27 126 36 36 2.044116
300 153 126 36 36 2.114453
300 162 126 36 36 9.182387
300 432 126 36 36 6.888710
300 432 144 36 36 2.205395
300 441 126 36 36 7.007583
300 441 144 36 36 0.911432
300 450 126 36 36 10.425773
300 459 126 36 36 6.322770
300 0 128 32 32 9.647304
300 0 264 32 32 0.939042
300 0 272 32 32 0.917199
300 8 128 32 32 9.911523
300 8 136 32 32 3.004361
300 16 128 32 32 11.344157
300 16 136 32 32 6.706819
300 24 128 32 32 9.098456
300 24 136 32 32 8.296380
300 128 136 32 32 5.947925
300 128 144 32 32 5.600295
300 136 136 32 32 6.013367
300 136 144 32 32 6.255951
300 144 144 32 32 0.856353
300 176 128 32 32 1.773126
300 176 136 32 32 7.804339
300 176 144 32 32 8.478494
300 192 128 32 32 2.528497
300 192 136 32 32 5.647095
300 192 144 32 32 1.945849
300 256 112 32 32 2.304942
300 256 128 32 32 1.867847
300 256 136 32 32 2.271805
300 256 144 32 32 2.309842
300 256 152 32 32 2.299880
300 264 112 32 32 0.181302
300 264 144 32 32 0.305509
300 264 152 32 32 2.143183
300 384 128 32 32 4.249330
300 384 136 32 32 4.797448
300 384 144 32 32 7.809803
300 384 152 32 32 12.828088
300 392 128 32 32 2.191252
300 392 136 32 32 5.658306
300 392 144 32 32 8.519883
300 392 152 32 32 10.676714
300 400 128 32 32 0.268368
300 400 136 32 32 4.571298
300 400 144 32 32 6.588179
300 400 152 32 32 7.318057
300 408 136 32 32 3.108734
300 408 144 32 32 4.686274
300 408 152 32 32 4.077468
300 0 126 28 28 0.860277
300 0 133 28 28 2.534622
300 7 126 28 28 0.657772
300 7 133 28 28 3.622409
300 14 133 28 28 1.267465
300 21 133 28 28 0.978417
300 245 119 28 28 2.652013
300 245 126 28 28 4.291335
300 245 133 28 28 0.821690
300 336 133 28 28 4.256983
300 343 133 28 28 3.023160
300 350 133 28 28 1.718502
300 448 133 28 28 0.439962
300 0 288 24 24 1.515971
300 0 294 24 24 3.036165
300 0 300 24 24 3.393437
300 6 288 24 24 1.282333
300 6 294 24 24 3.817986
300 6 300 24 24 0.936007
300 12 288 24 24 1.014503
300 12 294 24 24 2.757868
300 96 102 24 24 1.084866
300 384 294 24 24 1.986358
300 384 300 24 24 3.803739
300 390 294 24 24 1.654648
300 390 300 24 24 3.479191
300 390 306 24 24 0.136931
300 396 192 24 24 0.396003
300 396 300 24 24 2.713886
300 396 306 24 24 2.762594
300 402 300 24 24 0.595827
300 402 306 24 24 1.013216
330 0 16 64 64 2.566595
330 0 32 64 64 3.589783
330 0 48 64 64 0.260000
330 272 48 64 64 3.681311
330 288 32 64 64 3.109825
330 288 48 64 64 4.661712
330 198 154 44 44 0.848791
330 220 140 40 40 5.333040
330 220 160 40 40 0.965126
330 220 170 40 40 1.484683
330 220 180 40 40 0.453605
330 0 126 36 36 4.871881
330 9 126 36 36 3.866209
330 18 126 36 36 0.879189
330 153 306 36 36 1.137938
330 162 306 36 36 4.060233
330 216 144 36 36 2.280646
330 216 153 36 36 1.985825
330 216 162 36 36 1.786976
330 288 126 36 36 4.168866
330 297 126 36 36 3.784333
330 297 144 36 36 0.353591
330 306 126 36 36 3.365060
330 306 144 36 36 6.435635
330 306 153 36 36 3.235235
330 315 126 36 36 7.592903
330 315 144 36 36 5.295172
330 315 153 36 36 2.287792
330 432 126 36 36 3.536583
330 432 144 36 36 7.425563
330 432 153 36 36 0.611655
330 432 171 36 36 1.822694
330 441 126 36 36 1.831689
330 441 144 36 36 5.645886
330 441 153 36 36 0.805410
330 441 171 36 36 1.355654
330 450 126 36 36 1.917328
330 450 144 36 36 5.305961
330 450 153 36 36 3.341896
330 459 126 36 36 4.235957
330 459 144 36 36 5.781855
330 459 153 36 36 3.990232
330 0 136 32 32 7.653231
330 0 144 32 32 2.781887
330 8 128 32 32 5.301290
330 8 136 32 32 7.985462
330 8 144 32 32 0.064712
330 16 128 32 32 7.980128
330 16 136 32 32 9.035583
330 16 144 32 32 2.359879
330 24 128 32 32 6.672676
330 24 136 32 32 5.335360
330 24 144 32 32 0.491599
330 144 256 32 32 2.530278
330 272 128 32 32 1.293077
330 280 128 32 32 7.201043
330 280 136 32 32 7.120944
330 384 128 32 32 9.238943
330 384 136 32 32 7.332064
330 384 144 32 32 4.867804
330 384 152 32 32 2.958183
330 392 128 32 32 0.686891
330 392 136 32 32 5.108612
330 392 144 32 32 1.259743
330 14 126 28 28 1.645264
330 14 133 28 28 3.329600
330 21 119 28 28 0.034598
330 21 126 28 28 3.996372
330 21 133 28 28 4.869235
330 112 224 28 28 0.026702
330 119 231 28 28 0.620194
330 119 238 28 28 1.071665
330 126 231 28 28 2.897647
330 238 126 28 28 1.349872
330 469 133 28 28 0.268542
330 96 102 24 24 3.888207
330 102 102 24 24 0.405779
330 192 84 24 24 0.078610
330 198 84 24 24 1.952212
330 204 84 24 24 2.569262
330 210 84 24 24 3.917527
330 210 300 24 24 1.938318
330 384 300 24 24 2.881047
330 390 300 24 24 1.658002
330 396 300 24 24 1.475524
330 396 306 24 24 2.378157
330 402 306 24 24 0.259659
360 24 168 48 48 3.609483
360 24 192 48 48 0.893891
360 36 168 48 48 4.540774
360 36 192 48 48 3.196516
360 288 228 48 48 2.608214
360 24 168 48 48 3.609483
360 24 192 48 48 0.893891
360 36 168 48 48 4.540774
360 36 192 48 48 3.196516
360 288 228 48 48 2.608214
360 0 187 44 44 0.417655
360 33 154 44 44 1.575409
360 33 176 44 44 2.504939
360 33 187 44 44 3.591504
360 33 198 44 44 2.930042
360 352 176 44 44 0.556903
360 363 154 44 44 0.257833
360 0 190 40 40 2.120416
360 350 160 40 40 0.865011
360 350 170 40 40 1.421823
360 350 180 40 40 0.965441
360 144 126 36 36 7.757728
360 144 144 36 36 2.624352
360 153 126 36 36 1.609259
360 153 144 36 36 0.734658
360 162 126 36 36 2.903645
360 198 126 36 36 10.084158
360 198 144 36 36 2.062503
360 216 126 36 36 2.491105
360 216 144 36 36 2.272480
360 288 126 36 36 8.232741
360 288 144 36 36 3.000368
360 297 126 36 36 8.025415
360 297 144 36 36 0.547748
360 306 126 36 36 6.750238
360 306 144 36 36 2.373214
360 315 126 36 36 2.094208
360 0 256 32 32 1.804554
360 16 256 32 32 0.190252
360 128 136 32 32 3.633914
360 128 144 32 32 4.554996
360 128 152 32 32 5.800757
360 136 136 32 32 3.433695
360 136 144 32 32 4.304207
360 136 152 32 32 2.783024
360 144 136 32 32 4.198012
360 144 144 32 32 7.229760
360 144 152 32 32 3.970931
360 176 128 32 32 0.554631
360 176 136 32 32 5.692587
360 176 144 32 32 4.599561
360 192 128 32 32 2.197200
360 192 136 32 32 7.108207
360 192 144 32 32 9.290461
360 192 152 32 32 2.964278
360 256 136 32 32 1.094173
360 256 144 32 32 1.160017
360 256 152 32 32 0.022116
360 264 144 32 32 1.686801
360 272 136 32 32 3.558562
360 272 144 32 32 5.323840
360 272 152 32 32 2.278327
360 280 112 32 32 0.065263
360 280 136 32 32 3.930764
360 280 144 32 32 6.273991
360 280 152 32 32 4.560394
360 384 128 32 32 2.274073
360 384 152 32 32 2.852276
360 392 152 32 32 4.264793
360 400 152 32 32 1.990928
360 408 128 32 32 4.902589
360 0 112 28 28 0.502539
360 0 224 28 28 0.533247
360 0 231 28 28 2.781268
360 0 238 28 28 0.386603
360 0 245 28 28 0.169825
360 14 231 28 28 0.912784
360 14 245 28 28 1.471888
360 21 112 28 28 0.002024
360 21 119 28 28 0.178027
360 21 238 28 28 0.700618
360 21 245 28 28 4.848191
360 357 224 28 28 1.601266
360 0 288 24 24 1.362613
360 0 294 24 24 0.899310
360 396 204 24 24 0.766221
360 396 210 24 24 2.993861
360 402 198 24 24 3.753811
360 402 204 24 24 2.723311
360 402 210 24 24 1.253258
390 272 48 64 64 0.979507
390 288 48 64 64 4.836148
390 24 168 48 48 2.733940
390 24 192 48 48 4.153430
390 36 168 48 48 2.906663
390 36 192 48 48 5.601127
390 36 204 48 48 4.159822
390 36 216 48 48 1.061941
390 24 168 48 48 2.733940
390 24 192 48 48 4.153430
390 36 168 48 48 2.906663
390 36 192 48 48 5.601127
390 36 204 48 48 4.159822
390 36 216 48 48 1.061941
390 33 176 44 44 0.335983
390 33 187 44 44 3.816877
390 33 198 44 44 3.136401
390 33 209 44 44 0.560632
390 340 140 40 40 3.634421
390 350 140 40 40 0.361933
390 0 126 36 36 9.331281
390 0 144 36 36 6.666840
390 0 153 36 36 2.745993
390 9 126 36 36 4.277052
390 9 144 36 36 1.522287
390 153 126 36 36 0.929254
390 198 126 36 36 13.315386
390 216 126 36 36 6.007318
390 288 126 36 36 6.043510
390 288 144 36 36 1.870187
390 450 171 36 36 1.340192
390 459 126 36 36 0.520929
390 0 128 32 32 5.154662
390 0 136 32 32 6.762768
390 0 144 32 32 10.914701
390 0 152 32 32 11.410837
390 8 128 32 32 4.312472
390 8 136 32 32 5.277381
390 8 144 32 32 9.830487
390 8 152 32 32 11.369593
390 16 128 32 32 4.561174
390 16 136 32 32 2.559323
390 16 144 32 32 4.784070
390 16 152 32 32 3.952819
390 24 128 32 32 2.324634
390 24 136 32 32 0.326469
390 144 256 32 32 1.993295
390 144 264 32 32 0.635721
390 176 128 32 32 1.344266
390 176 136 32 32 2.936162
390 176 256 32 32 1.354331
390 192 128 32 32 1.699208
390 192 136 32 32 3.443958
390 256 136 32 32 2.567618
390 256 144 32 32 9.509564
390 256 152 32 32 5.122232
390 264 136 32 32 0.263858
390 264 144 32 32 5.948260
390 264 152 32 32 3.334702
390 272 128 32 32 0.967826
390 272 136 32 32 1.531855
390 280 128 32 32 1.447132
390 280 136 32 32 0.151214
390 280 144 32 32 0.625929
390 384 128 32 32 4.200205
390 384 136 32 32 0.253791
390 392 128 32 32 0.171127
390 408 112 32 32 1.185111
390 14 133 28 28 0.369944
390 119 245 28 28 2.706729
390 126 245 28 28 0.524766
390 245 119 28 28 2.135303
390 245 126 28 28 2.774650
390 343 112 28 28 0.350982
390 350 112 28 28 3.841965
390 462 126 28 28 3.389822
390 462 133 28 28 5.385390
390 469 119 28 28 1.200763
390 469 126 28 28 6.321999
390 469 133 28 28 6.351560
390 96 288 24 24 3.831344
390 96 294 24 24 3.644620
390 96 300 24 24 1.039257
390 102 102 24 24 4.207581
390 102 288 24 24 3.825586
390 102 294 24 24 5.058654
390 102 300 24 24 4.806444
390 108 288 24 24 2.973315
390 108 294 24 24 4.693028
390 108 300 24 24 3.991435
390 192 210 24 24 1.061005
390 306 192 24 24 5.065052
390 306 198 24 24 2.860082
390 384 294 24 24 2.840575
390 384 300 24 24 3.905136
390 390 294 24 24 1.265317
390 390 300 24 24 3.148330
390 396 300 24 24 0.587671
390 480 288 24 24 3.442120
390 480 294 24 24 4.504254
390 480 300 24 24 2.389164
390 486 288 24 24 3.923716
390 486 294 24 24 4.252131
390 486 300 24 24 2.668529
390 492 288 24 24 4.672873
390 492 294 24 24 3.521719
390 492 300 24 24 2.759114
420 0 32 64 64 4.095551
420 0 48 64 64 6.077801
420 16 32 64 64 1.686416
420 16 48 64 64 5.028745
420 272 48 64 64 1.433689
420 288 32 64 64 2.638986
420 288 48 64 64 3.959620
420 352 16 64 64 1.343151
420 264 192 48 48 0.970429
420 264 204 48 48 4.445779
420 288 192 48 48 3.666530
420 288 204 48 48 5.737111
420 288 216 48 48 2.434819
420 264 192 48 48 0.970429
420 264 204 48 48 4.445779
420 288 192 48 48 3.666530
420 288 204 48 48 5.737111
420 288 216 48 48 2.434819
420 160 160 40 40 0.131262
420 160 170 40 40 1.596691
420 160 180 40 40 2.090784
420 160 190 40 40 1.318991
420 170 180 40 40 1.319189
420 170 190 40 40 1.832911
420 330 140 40 40 4.355596
420 340 140 40 40 4.364692
420 9 126 36 36 0.592190
420 18 126 36 36 4.567947
420 27 126 36 36 7.127881
420 27 144 36 36 1.728406
420 144 126 36 36 3.500158
420 198 126 36 36 2.439825
420 216 126 36 36 5.811306
420 288 126 36 36 1.898837
420 288 144 36 36 7.104189
420 288 153 36 36 7.383246
420 288 162 36 36 2.511125
420 297 144 36 36 4.673179
420 297 153 36 36 5.126265
420 306 144 36 36 2.176765
420 306 153 36 36 1.336371
420 0 128 32 32 1.245252
420 0 136 32 32 0.988146
420 8 128 32 32 1.895263
420 8 136 32 32 0.866119
420 16 128 32 32 2.617399
420 16 136 32 32 3.597143
420 16 144 32 32 3.484572
420 24 128 32 32 3.113754
420 24 136 32 32 3.837000
420 24 144 32 32 6.923366
420 128 128 32 32 1.932936
420 128 136 32 32 5.029945
420 128 144 32 32 0.512529
420 136 128 32 32 4.014464
420 136 136 32 32 3.556335
420 144 128 32 32 4.547079
420 144 136 32 32 4.663037
420 192 152 32 32 0.070541
420 256 128 32 32 3.142405
420 256 144 32 32 0.158006
420 264 128 32 32 3.043739
420 272 128 32 32 3.528638
420 280 112 32 32 0.332635
420 280 128 32 32 1.378788
420 280 136 32 32 0.872342
420 112 133 28 28 1.030240
420 154 133 28 28 2.224005
420 168 133 28 28 0.106352
420 350 133 28 28 1.430826
420 357 119 28 28 0.064295
420 357 126 28 28 1.795172
420 357 133 28 28 0.403135
420 469 133 28 28 4.408869
420 288 306 24 24 0.987145
420 300 114 24 24 0.431612
450 0 32 64 64 3.254327
450 264 192 48 48 1.310718
450 264 204 48 48 2.193511
450 264 216 48 48 0.883818
450 288 168 48 48 0.052102
450 288 192 48 48 3.489661
450 288 204 48 48 3.409278
450 288 216 48 48 1.380025
450 264 192 48 48 1.310718
450 264 204 48 48 2.193511
450 264 216 48 48 0.883818
450 288 168 48 48 0.052102
450 288 192 48 48 3.489661
450 288 204 48 48 3.409278
450 288 216 48 48 1.380025
450 264 198 44 44 0.277687
450 264 209 44 44 1.804891
450 340 140 40 40 7.602319
450 350 140 40 40 4.725811
450 0 126 36 36 7.165660
450 0 144 36 36 2.901969
450 9 126 36 36 8.635443
450 9 144 36 36 2.650323
450 18 126 36 36 2.154240
450 144 126 36 36 3.828725
450 153 126 36 36 4.372968
450 162 126 36 36 3.395940
450 432 126 36 36 0.049412
450 0 128 32 32 3.145054
450 0 136 32 32 9.403506
450 0 144 32 32 9.428394
450 0 152 32 32 3.608763
450 8 128 32 32 5.106607
450 8 136 32 32 7.101459
450 8 144 32 32 5.794399
450 8 152 32 32 4.499248
450 16 128 32 32 6.827827
450 16 136 32 32 7.246853
450 16 144 32 32 5.130460
450 16 152 32 32 4.534503
450 24 128 32 32 0.496475
450 24 136 32 32 3.379163
450 24 144 32 32 4.418261
450 144 144 32 32 1.397558
450 176 128 32 32 7.565470
450 176 136 32 32 5.883612
450 176 144 32 32 2.982275
450 192 128 32 32 5.240033
450 192 136 32 32 4.476649
450 256 136 32 32 3.386640
450 256 144 32 32 8.820274
450 256 152 32 32 7.948074
450 264 136 32 32 1.474247
450 264 144 32 32 2.488973
450 272 136 32 32 3.134224
450 280 128 32 32 1.041756
450 280 136 32 32 3.788416
450 280 144 32 32 0.635031
450 384 152 32 32 0.304191
450 400 136 32 32 4.274917
450 400 144 32 32 4.040361
450 408 144 32 32 1.039006
450 14 133 28 28 2.845235
450 21 126 28 28 2.551386
450 21 133 28 28 8.598541
450 455 133 28 28 0.615914
450 469 245 28 28 1.801660
450 288 288 24 24 1.191190
450 384 192 24 24 5.353238
450 384 198 24 24 2.579678
450 390 192 24 24 6.077848
450 390 198 24 24 3.823935
450 390 204 24 24 1.215142
450 396 192 24 24 2.590272
450 396 198 24 24 2.766247
450 396 306 24 24 1.122669
450 402 306 24 24 0.170756
480 0 16 64 64 0.590296
480 0 32 64 64 5.002284
480 0 48 64 64 3.677553
480 48 32 64 64 1.051552
480 272 48 64 64 4.257151
480 288 48 64 64 3.215201
480 384 204 48 48 3.298326
480 384 216 48 48 4.737904
480 384 228 48 48 3.004689
480 396 204 48 48 2.016536
480 396 216 48 48 4.051672
480 396 228 48 48 6.615451
480 408 192 48 48 0.443535
480 408 204 48 48 3.453394
480 408 216 48 48 5.218998
480 408 228 48 48 6.166539
480 420 192 48 48 0.776829
480 420 204 48 48 4.261130
480 420 216 48 48 6.751294
480 420 228 48 48 6.278019
480 384 204 48 48 3.298326
480 384 216 48 48 4.737904
480 384 228 48 48 3.004689
480 396 204 48 48 2.016536
480 396 216 48 48 4.051672
480 396 228 48 48 6.615451
480 408 192 48 48 0.443535
480 408 204 48 48 3.453394
480 408 216 48 48 5.218998
480 408 228 48 48 6.166539
480 420 192 48 48 0.776829
480 420 204 48 48 4.261130
480 420 216 48 48 6.751294
480 420 228 48 48 6.278019
480 363 209 44 44 2.791765
480 320 140 40 40 16.471972
480 320 160 40 40 0.427728
480 330 140 40 40 16.773417
480 330 160 40 40 0.545141
480 340 140 40 40 9.817186
480 350 140 40 40 3.378716
480 9 126 36 36 0.523792
480 18 126 36 36 2.953493
480 27 144 36 36 0.755695
480 198 126 36 36 6.983175
480 216 126 36 36 10.625237
480 306 126 36 36 2.578720
480 315 126 36 36 5.745995
480 432 126 36 36 1.692477
480 459 153 36 36 0.205969
480 459 171 36 36 0.880103
480 0 136 32 32 5.176274
480 0 144 32 32 13.006999
480 0 152 32 32 0.586943
480 8 136 32 32 1.148905
480 8 144 32 32 5.031420
480 16 136 32 32 2.255140
480 16 144 32 32 2.792614
480 24 128 32 32 2.706224
480 24 136 32 32 8.752389
480 24 144 32 32 7.439499
480 128 136 32 32 6.890964
480 128 144 32 32 9.517989
480 136 136 32 32 8.211810
480 136 144 32 32 6.783196
480 136 152 32 32 0.899218
480 144 136 32 32 3.880342
480 144 144 32 32 1.749479
480 192 128 32 32 1.892895
480 192 136 32 32 2.995485
480 192 144 32 32 0.071233
480 392 136 32 32 1.370060
480 400 128 32 32 0.483647
480 400 136 32 32 1.772505
480 400 144 32 32 1.220625
480 400 264 32 32 1.958547
480 408 152 32 32 0.582364
480 408 256 32 32 2.392926
480 408 264 32 32 2.235167
480 21 126 28 28 0.704376
480 224 126 28 28 0.422588
480 231 126 28 28 0.329995
480 231 133 28 28 0.343614
480 336 133 28 28 1.967934
480 343 133 28 28 4.290824
480 350 133 28 28 2.051030
480 448 119 28 28 0.559340
480 448 126 28 28 0.267129
480 462 98 28 28 0.363740
480 469 98 28 28 1.124087
480 469 224 28 28 0.666864
480 384 192 24 24 1.365564
480 384 198 24 24 2.372791
480 480 102 24 24 3.371684
480 480 108 24 24 4.966921
480 480 114 24 24 3.992923
480 492 192 24 24 0.940923
480 498 192 24 24 2.576829
480 498 210 24 24 3.507581
510 0 16 64 64 3.303997
510 0 32 64 64 4.031277
510 16 32 64 64 2.493417
510 32 32 64 64 0.444560
510 256 0 64 64 0.287431
510 384 192 48 48 0.199873
510 384 204 48 48 2.949190
510 384 216 48 48 2.964192
510 396 168 48 48 2.405235
510 396 192 48 48 1.570054
510 396 204 48 48 4.983276
510 396 216 48 48 3.889144
510 408 168 48 48 4.095198
510 408 192 48 48 2.983765
510 408 204 48 48 4.195090
510 408 216 48 48 2.802929
510 420 168 48 48 2.851536
510 420 192 48 48 3.335462
510 420 204 48 48 1.890315
510 384 192 48 48 0.199873
510 384 204 48 48 2.949190
510 384 216 48 48 2.964192
510 396 168 48 48 2.405235
510 396 192 48 48 1.570054
510 396 204 48 48 4.983276
510 396 216 48 48 3.889144
510 408 168 48 48 4.095198
510 408 192 48 48 2.983765
510 408 204 48 48 4.195090
510 408 216 48 48 2.802929
510 420 168 48 48 2.851536
510 420 192 48 48 3.335462
510 420 204 48 48 1.890315
510 352 209 44 44 0.898397
510 363 209 44 44 0.812380
510 385 209 44 44 0.854617
510 0 140 40 40 0.369598
510 330 140 40 40 0.493487
510 0 126 36 36 3.729832
510 0 144 36 36 4.931292
510 0 153 36 36 4.193247
510 9 126 36 36 3.085076
510 9 144 36 36 3.193416
510 9 153 36 36 1.963122
510 144 126 36 36 6.399709
510 153 126 36 36 5.368104
510 153 144 36 36 1.979229
510 162 126 36 36 2.995781
510 162 144 36 36 0.038525
510 198 126 36 36 4.416732
510 432 126 36 36 1.915302
510 450 126 36 36 0.374978
510 0 112 32 32 0.945987
510 0 128 32 32 0.454818
510 0 136 32 32 2.569091
510 0 144 32 32 3.536862
510 0 152 32 32 5.810465
510 8 136 32 32 0.596210
510 8 144 32 32 3.052222
510 8 152 32 32 7.123640
510 16 152 32 32 4.397820
510 24 152 32 32 0.431586
510 176 136 32 32 1.272338
510 192 128 32 32 4.218277
510 192 136 32 32 5.765739
510 192 144 32 32 3.598599
510 192 152 32 32 0.635891
510 384 256 32 32 1.425529
510 384 264 32 32 1.227283
510 392 256 32 32 4.631704
510 392 264 32 32 4.140717
510 400 128 32 32 1.408594
510 400 256 32 32 4.203110
510 400 264 32 32 4.695488
510 408 128 32 32 1.674016
510 408 256 32 32 0.508330
510 408 264 32 32 2.135142
510 408 272 32 32 0.569496
510 0 112 28 28 0.741034
510 0 119 28 28 1.131953
510 7 119 28 28 1.684807
510 14 119 28 28 3.276558
510 21 119 28 28 0.944351
510 350 133 28 28 5.948985
510 357 133 28 28 3.547556
510 448 112 28 28 1.189382
510 448 238 28 28 2.748327
510 448 245 28 28 4.403658
510 455 238 28 28 2.480131
510 455 245 28 28 0.446930
510 18 192 24 24 2.585314
510 384 288 24 24 2.727088
510 384 294 24 24 0.080266
510 390 288 24 24 1.431522
510 396 288 24 24 0.845721
510 402 288 24 24 1.250257
510 498 192 24 24 2.055725
540 0 16 64 64 3.812720
540 0 32 64 64 5.791792
540 16 32 64 64 2.012227
540 48 32 64 64 2.459563
540 36 36 48 48 0.111196
540 36 216 48 48 0.081943
540 192 168 48 48 1.661451
540 192 192 48 48 2.411671
540 192 204 48 48 2.143703
540 204 216 48 48 1.112197
540 216 216 48 48 1.794962
540 216 228 48 48 0.242338
540 36 36 48 48 0.111196
540 36 216 48 48 0.081943
540 192 168 48 48 1.661451
540 192 192 48 48 2.411671
540 192 204 48 48 2.143703
540 204 216 48 48 1.112197
540 216 216 48 48 1.794962
540 216 228 48 48 0.242338
540 176 176 44 44 6.706485
540 176 209 44 44 2.422712
540 187 176 44 44 7.384802
540 187 187 44 44 3.935925
540 187 198 44 44 3.352939
540 187 209 44 44 5.338902
540 198 176 44 44 2.239638
540 198 187 44 44 1.749615
540 198 198 44 44 3.008636
540 198 209 44 44 2.793059
540 242 209 44 44 1.694996
540 180 180 40 40 2.650385
540 320 140 40 40 1.544456
540 9 126 36 36 4.191710
540 18 126 36 36 5.714471
540 27 126 36 36 2.325726
540 144 126 36 36 7.203730
540 153 126 36 36 7.993346
540 162 126 36 36 5.137533
540 288 126 36 36 2.461984
540 297 126 36 36 4.474653
540 306 126 36 36 5.633600
540 315 126 36 36 8.121546
540 315 144 36 36 1.883827
540 315 153 36 36 2.256450
540 0 128 32 32 0.933732
540 8 136 32 32 0.093128
540 16 128 32 32 4.220187
540 16 136 32 32 3.872715
540 24 128 32 32 10.320449
540 24 136 32 32 10.030182
540 24 144 32 32 5.341299
540 128 128 32 32 9.539001
540 128 136 32 32 9.837420
540 128 144 32 32 5.163949
540 128 152 32 32 1.444939
540 136 128 32 32 9.758148
540 136 136 32 32 10.147322
540 136 144 32 32 6.926033
540 136 152 32 32 2.459733
540 144 128 32 32 6.824713
540 144 136 32 32 7.475753
540 144 144 32 32 4.129096
540 176 136 32 32 0.513071
540 256 256 32 32 2.520094
540 256 264 32 32 3.191609
540 264 256 32 32 1.026399
540 264 264 32 32 0.965993
540 272 264 32 32 0.021623
540 280 128 32 32 0.295944
540 408 128 32 32 4.230573
540 21 119 28 28 2.108112
540 21 126 28 28 0.818381
540 21 133 28 28 1.292833
540 112 112 28 28 4.269084
540 112 133 28 28 1.255091
540 119 112 28 28 0.078540
540 154 133 28 28 3.542751
540 168 133 28 28 3.067681
540 224 126 28 28 0.074665
540 224 133 28 28 6.334642
540 231 126 28 28 2.953107
540 231 133 28 28 1.093253
540 238 126 28 28 1.870335
540 238 133 28 28 1.836025
540 245 126 28 28 3.138222
540 245 133 28 28 0.589931
540 336 119 28 28 1.847679
540 336 126 28 28 2.417435
540 336 133 28 28 2.952750
540 343 119 28 28 1.738341
540 343 126 28 28 5.763777
540 343 133 28 28 3.756499
540 350 133 28 28 0.641183
540 462 133 28 28 2.516997
540 469 126 28 28 1.111504
540 469 133 28 28 5.797132
540 96 102 24 24 0.847761
540 396 306 24 24 2.259237
540 402 306 24 24 1.381019
570 352 16 64 64 1.355638
570 12 192 48 48 0.360322
570 12 204 48 48 0.323391
570 24 168 48 48 1.543173
570 24 192 48 48 4.858122
570 24 204 48 48 2.906601
570 36 192 48 48 4.389133
570 36 204 48 48 1.695798
570 12 192 48 48 0.360322
570 12 204 48 48 0.323391
570 24 168 48 48 1.543173
570 24 192 48 48 4.858122
570 24 204 48 48 2.906601
570 36 192 48 48 4.389133
570 36 204 48 48 1.695798
570 22 209 44 44 1.214892
570 33 187 44 44 2.080374
570 33 198 44 44 3.830150
570 33 209 44 44 2.910911
570 30 180 40 40 0.071206
570 0 126 36 36 2.256627
570 9 126 36 36 7.704606
570 18 126 36 36 6.793360
570 27 126 36 36 5.690792
570 288 126 36 36 2.133345
570 0 136 32 32 2.507880
570 8 136 32 32 6.465763
570 8 144 32 32 1.839177
570 16 128 32 32 1.042523
570 16 136 32 32 7.448921
570 16 144 32 32 4.735523
570 24 128 32 32 3.095379
570 24 136 32 32 9.809477
570 24 144 32 32 5.401374
570 128 128 32 32 4.087505
570 128 136 32 32 5.164591
570 128 144 32 32 1.611698
570 128 152 32 32 3.079811
570 136 128 32 32 3.322600
570 136 136 32 32 5.751708
570 136 144 32 32 1.406805
570 144 128 32 32 1.190085
570 272 128 32 32 4.356584
570 280 112 32 32 0.711721
570 280 128 32 32 9.641980
570 280 136 32 32 5.593489
570 280 144 32 32 3.357062
570 280 152 32 32 1.414797
570 384 128 32 32 1.092517
570 392 128 32 32 0.090902
570 400 128 32 32 0.180853
570 14 112 28 28 1.502003
570 14 119 28 28 3.505203
570 14 126 28 28 0.254707
570 21 119 28 28 1.890491
570 112 245 28 28 1.315879
570 154 133 28 28 0.379707
570 168 133 28 28 0.593527
570 350 126 28 28 0.857962
570 350 133 28 28 2.331048
570 357 126 28 28 1.850734
570 357 133 28 28 2.622065
570 462 133 28 28 3.748059
570 469 126 28 28 1.481650
570 469 133 28 28 6.002664
570 384 294 24 24 2.120502
570 384 300 24 24 3.236980
570 384 306 24 24 0.381131
570 390 294 24 24 1.569869
570 390 300 24 24 3.002330
570 390 306 24 24 0.527547
570 396 294 24 24 1.264457
570 396 300 24 24 2.949111
570 396 306 24 24 2.303819
570 402 300 24 24 0.734936
570 402 306 24 24 0.403176
600 0 16 64 64 4.378101
600 0 32 64 64 7.246048
600 16 16 64 64 1.403644
600 16 32 64 64 3.712399
600 32 32 64 64 2.548689
600 48 32 64 64 1.833918
600 256 0 64 64 0.256032
600 272 16 64 64 0.099050
600 352 0 64 64 0.053874
600 352 16 64 64 2.342867
600 352 32 64 64 1.474985
600 0 126 36 36 7.511034
600 9 126 36 36 5.259203
600 0 136 32 32 4.261921
600 0 144 32 32 0.909967
600 8 128 32 32 5.682080
600 8 136 32 32 8.758670
600 8 144 32 32 5.210042
600 8 152 32 32 0.256614
600 16 128 32 32 3.870586
600 16 136 32 32 5.250279
600 24 128 32 32 0.953574
600 24 136 32 32 0.324473
600 256 112 32 32 1.543892
600 256 128 32 32 5.626263
600 256 136 32 32 5.934908
600 400 128 32 32 3.081856
600 400 136 32 32 0.795290
600 408 128 32 32 3.616346
600 408 136 32 32 2.113498
600 14 112 28 28 1.401902
600 14 119 28 28 2.449106
600 14 126 28 28 0.372064
600 14 133 28 28 2.186635
600 21 126 28 28 0.852376
600 21 133 28 28 3.344846
600 168 133 28 28 0.214454
600 357 126 28 28 0.076110
600 455 133 28 28 3.027815
600 462 133 28 28 4.789806
600 469 133 28 28 3.999096
600 384 294 24 24 2.364967
600 384 300 24 24 3.259818
600 384 306 24 24 0.422773
600 390 294 24 24 1.871483
600 390 300 24 24 3.112435
600 390 306 24 24 0.477385
600 396 294 24 24 1.306832
600 396 300 24 24 3.090975
600 396 306 24 24 2.374369
600 402 300 24 24 1.068797
600 402 306 24 24 0.090567
630 0 16 64 64 2.958671
630 0 32 64 64 5.826325
630 16 32 64 64 2.292635
630 256 0 64 64 0.550730
630 272 0 64 64 0.386944
630 272 16 64 64 1.047451
630 352 16 64 64 2.944955
630 352 32 64 64 0.812456
630 216 126 36 36 6.355771
630 8 128 32 32 1.455390
630 16 128 32 32 12.034661
630 16 136 32 32 4.882685
630 24 128 32 32 6.160937
630 24 136 32 32 3.230320
630 136 128 32 32 0.924490
630 21 112 28 28 0.071681
630 21 119 28 28 0.890789
630 21 126 28 28 4.257108
630 21 133 28 28 9.432034
630 168 133 28 28 0.830468
630 224 133 28 28 2.225449
630 231 133 28 28 4.898162
630 238 126 28 28 0.155345
630 238 133 28 28 5.113773
630 350 133 28 28 0.829583
630 357 126 28 28 0.332728
630 357 133 28 28 1.007377
630 448 133 28 28 0.528288
630 455 133 28 28 2.606522
630 384 294 24 24 1.550545
630 384 300 24 24 3.767616
630 390 294 24 24 1.292876
630 390 300 24 24 3.272245
630 396 294 24 24 0.583392
630 396 300 24 24 3.161196
630 396 306 24 24 2.378247
630 402 300 24 24 0.316842
630 402 306 24 24 0.130677
660 0 16 64 64 4.162683
660 0 32 64 64 6.858992
660 16 32 64 64 2.913670
660 32 32 64 64 0.589932
660 48 32 64 64 0.965901
660 256 0 64 64 0.488080
660 272 16 64 64 0.358971
660 352 16 64 64 0.853662
660 352 32 64 64 0.920384
660 162 126 36 36 3.748939
660 8 128 32 32 0.573177
660 16 128 32 32 4.662940
660 16 136 32 32 5.286924
660 24 128 32 32 2.445737
660 24 136 32 32 6.196511
660 176 128 32 32 5.391021
660 176 136 32 32 6.565264
660 21 119 28 28 0.584440
660 21 133 28 28 3.714273
660 350 126 28 28 1.888905
660 350 133 28 28 2.959972
660 357 126 28 28 2.772013
660 357 133 28 28 1.990536
660 96 102 24 24 0.642716
660 108 114 24 24 3.023296
660 384 294 24 24 1.111666
660 384 300 24 24 3.299336
660 390 294 24 24 0.265915
660 390 300 24 24 2.935211
660 396 300 24 24 2.795354
660 396 306 24 24 1.864768
660 402 300 24 24 0.358826
690 0 16 64 64 4.407666
690 0 32 64 64 4.013008
690 48 32 64 64 1.282281
690 256 0 64 64 0.350471
690 352 16 64 64 0.250520
690 352 32 64 64 2.255231
690 9 126 36 36 3.179522
690 18 126 36 36 2.224711
690 27 126 36 36 3.746240
690 0 136 32 32 0.471685
690 8 128 32 32 3.790673
690 8 136 32 32 3.032595
690 8 144 32 32 1.309523
690 16 128 32 32 5.788315
690 16 136 32 32 6.608526
690 16 144 32 32 2.409962
690 24 128 32 32 4.950037
690 24 136 32 32 5.617669
690 24 144 32 32 1.462653
690 128 128 32 32 2.579945
690 128 136 32 32 4.279650
690 136 128 32 32 1.474694
690 21 133 28 28 3.655911
690 112 126 28 28 1.378523
690 112 133 28 28 2.716601
690 119 133 28 28 1.036891
690 126 133 28 28 2.826573
690 350 126 28 28 1.531180
690 350 133 28 28 2.551448
690 357 126 28 28 1.602608
690 357 133 28 28 0.380622
690 448 133 28 28 2.126347
690 384 294 24 24 1.489822
690 384 300 24 24 3.822474
690 384 306 24 24 0.003567
690 390 294 24 24 0.617971
690 390 300 24 24 3.180012
690 390 306 24 24 0.059941
690 396 300 24 24 2.867304
690 396 306 24 24 2.627574
690 402 306 24 24 0.003846
720 0 16 64 64 4.240380
720 0 32 64 64 5.154891
720 16 32 64 64 2.424273
720 32 32 64 64 0.121568
720 48 32 64 64 1.020299
720 256 0 64 64 0.144032
720 352 0 64 64 0.633905
720 352 16 64 64 2.469129
720 0 126 36 36 8.815758
720 9 126 36 36 5.492727
720 0 128 32 32 3.909131
720 0 136 32 32 15.486093
720 0 144 32 32 9.037003
720 8 128 32 32 5.804035
720 8 136 32 32 9.853223
720 8 144 32 32 3.123481
720 16 128 32 32 7.627477
720 16 136 32 32 9.879885
720 16 144 32 32 3.398789
720 24 112 32 32 1.755256
720 24 128 32 32 6.297022
720 24 136 32 32 4.216710
720 136 128 32 32 0.875016
720 14 133 28 28 1.360274
720 21 133 28 28 0.668370
720 350 126 28 28 0.438795
720 350 133 28 28 1.424159
720 384 294 24 24 0.943266
720 384 300 24 24 3.483536
720 390 294 24 24 0.508952
720 390 300 24 24 3.146231
720 390 306 24 24 0.694133
720 396 294 24 24 0.205350
720 396 300 24 24 2.741741
720 396 306 24 24 2.607159
720 402 300 24 24 0.447412
720 402 306 24 24 0.524963
750 0 16 64 64 3.611944
750 0 32 64 64 6.454422
750 16 32 64 64 1.963437
750 256 0 64 64 0.171326
750 272 16 64 64 0.404703
750 0 126 36 36 2.675530
750 0 128 32 32 0.768983
750 0 136 32 32 8.621824
750 0 144 32 32 8.333245
750 8 128 32 32 4.053473
750 8 136 32 32 6.880908
750 16 128 32 32 3.136524
750 16 136 32 32 3.722059
750 24 128 32 32 4.607898
750 24 136 32 32 2.486709
750 136 128 32 32 1.523521
750 408 128 32 32 1.534777
750 21 133 28 28 0.593589
750 350 133 28 28 0.963767
750 469 126 28 28 1.865773
750 469 133 28 28 2.064906
750 96 102 24 24 1.817096
750 96 108 24 24 0.632130
750 384 294 24 24 0.513496
750 384 300 24 24 3.767630
750 390 294 24 24 0.496503
750 390 300 24 24 2.020415
750 396 300 24 24 1.719884
750 396 306 24 24 2.768794
750 402 306 24 24 0.670280
780 0 16 64 64 4.039232
780 0 32 64 64 5.433019
780 16 32 64 64 2.089038
780 48 32 64 64 1.005221
780 272 16 64 64 0.218550
780 0 126 36 36 3.621088
780 9 126 36 36 3.816411
780 0 128 32 32 0.097271
780 0 136 32 32 0.283762
780 8 128 32 32 6.848327
780 8 136 32 32 4.072439
780 8 144 32 32 2.108316
780 16 128 32 32 9.337092
780 16 136 32 32 2.634366
780 24 128 32 32 4.834789
780 136 128 32 32 1.053398
780 400 112 32 32 0.444714
780 408 112 32 32 0.695486
780 14 133 28 28 2.802184
780 21 133 28 28 5.112078
780 96 102 24 24 1.350076
780 96 108 24 24 1.860367
780 108 114 24 24 1.319193
780 384 294 24 24 0.145184
780 384 300 24 24 3.879334
780 390 294 24 24 0.919366
780 390 300 24 24 2.461790
780 390 306 24 24 0.540364
780 396 300 24 24 2.086427
780 396 306 24 24 3.017696
780 402 306 24 24 1.024041
810 0 16 64 64 4.658362
810 0 32 64 64 7.327550
810 16 16 64 64 0.120024
810 16 32 64 64 2.308988
810 32 32 64 64 0.970316
810 48 32 64 64 2.026983
810 288 16 64 64 0.274262
810 8 128 32 32 2.475928
810 8 136 32 32 1.269147
810 16 128 32 32 5.077663
810 16 136 32 32 1.991745
810 24 128 32 32 3.845195
810 392 112 32 32 2.263544
810 400 112 32 32 1.964093
810 408 112 32 32 0.977376
810 14 119 28 28 0.186030
810 14 126 28 28 0.043115
810 14 133 28 28 3.995449
810 21 126 28 28 1.428626
810 21 133 28 28 9.246564
810 126 133 28 28 0.418781
810 96 102 24 24 2.224757
810 96 108 24 24 1.809170
810 108 114 24 24 2.607903
810 384 294 24 24 0.369569
810 384 300 24 24 3.847565
810 390 294 24 24 1.000938
810 390 300 24 24 2.123166
810 390 306 24 24 0.297554
810 396 300 24 24 1.926353
810 396 306 24 24 2.871900
810 402 306 24 24 0.648707
840 0 16 64 64 2.660232
840 0 32 64 64 2.309886
840 48 32 64 64 1.876796
840 9 126 36 36 2.984896
840 18 126 36 36 1.294642
840 0 128 32 32 0.441852
840 8 128 32 32 8.383039
840 8 136 32 32 4.122429
840 16 128 32 32 10.034999
840 16 136 32 32 7.898906
840 24 128 32 32 5.316444
840 24 136 32 32 4.176329
840 384 112 32 32 0.567771
840 392 112 32 32 2.491676
840 400 112 32 32 1.689389
840 408 112 32 32 0.551045
840 14 133 28 28 4.086509
840 21 133 28 28 7.110225
840 96 102 24 24 1.769019
840 96 108 24 24 1.431588
840 108 114 24 24 0.191077
840 384 294 24 24 0.700138
840 384 300 24 24 3.876569
840 390 294 24 24 1.589183
840 390 300 24 24 2.735323
840 390 306 24 24 0.662581
840 396 300 24 24 2.528375
840 396 306 24 24 3.243747
840 402 306 24 24 0.898189
870 0 16 64 64 3.792755
870 0 32 64 64 5.536228
870 16 16 64 64 0.746038
870 16 32 64 64 1.859450
870 32 32 64 64 1.029185
870 48 32 64 64 3.586266
870 9 126 36 36 3.390049
870 18 126 36 36 6.033120
870 27 126 36 36 3.559422
870 0 128 32 32 0.765439
870 0 136 32 32 0.114202
870 8 128 32 32 12.478494
870 8 136 32 32 5.500920
870 16 128 32 32 16.184631
870 16 136 32 32 7.460416
870 24 128 32 32 11.435944
870 24 136 32 32 9.645279
870 24 144 32 32 1.697708
870 384 112 32 32 2.954985
870 392 112 32 32 3.083172
870 400 112 32 32 2.381011
870 408 112 32 32 0.855088
870 14 133 28 28 2.877083
870 21 133 28 28 10.337095
870 96 102 24 24 2.289907
870 96 108 24 24 1.376050
870 102 102 24 24 0.016926
870 384 294 24 24 0.237641
870 384 300 24 24 3.631389
870 390 294 24 24 0.497663
870 390 300 24 24 2.100049
870 396 300 24 24 1.879649
870 396 306 24 24 2.968573
870 402 306 24 24 1.211693
900 0 16 64 64 2.364137
900 0 32 64 64 1.834940
900 48 32 64 64 2.886554
900 256 0 64 64 0.689958
900 256 16 64 64 0.339529
900 272 0 64 64 0.637275
900 272 16 64 64 0.506459
900 352 0 64 64 0.061557
900 352 16 64 64 0.720345
900 0 126 36 36 0.618161
900 0 128 32 32 6.002911
900 0 136 32 32 1.016308
900 8 112 32 32 0.390847
900 8 128 32 32 8.737089
900 8 136 32 32 2.527501
900 16 128 32 32 9.218410
900 16 136 32 32 4.701887
900 24 112 32 32 0.379743
900 24 128 32 32 4.755856
900 24 136 32 32 0.800150
900 384 112 32 32 4.151878
900 392 112 32 32 3.449929
900 400 112 32 32 2.314850
900 408 112 32 32 0.180401
900 7 133 28 28 1.632721
900 14 126 28 28 0.671574
900 14 133 28 28 5.467553
900 21 126 28 28 0.530637
900 21 133 28 28 6.689414
900 96 102 24 24 1.274799
900 384 294 24 24 0.648702
900 384 300 24 24 3.926968
900 390 294 24 24 1.499036
900 390 300 24 24 2.720955
900 390 306 24 24 0.392494
900 396 300 24 24 2.423051
900 396 306 24 24 3.234411
900 402 306 24 24 1.047057
930 0 16 64 64 3.385746
930 0 32 64 64 3.416030
930 16 32 64 64 0.509834
930 48 32 64 64 3.193847
930 256 0 64 64 0.490929
930 272 0 64 64 0.912937
930 272 16 64 64 1.048513
930 288 16 64 64 1.416211
930 0 126 36 36 2.278600
930 9 126 36 36 1.739336
930 18 126 36 36 0.220586
930 0 128 32 32 3.216067
930 0 136 32 32 3.531511
930 8 128 32 32 9.601352
930 8 136 32 32 3.206093
930 16 128 32 32 10.672541
930 16 136 32 32 6.303627
930 24 128 32 32 9.030935
930 24 136 32 32 3.793387
930 136 128 32 32 0.263535
930 384 112 32 32 1.330609
930 392 112 32 32 1.189003
930 400 112 32 32 0.676498
930 14 133 28 28 4.646322
930 21 126 28 28 1.533727
930 21 133 28 28 7.470596
930 168 133 28 28 0.263341
930 462 126 28 28 0.219638
930 469 119 28 28 1.694615
930 469 126 28 28 1.779134
930 96 102 24 24 1.439110
930 96 108 24 24 0.467546
930 384 294 24 24 0.364840
930 384 300 24 24 3.697373
930 390 294 24 24 0.836577
930 390 300 24 24 2.529115
930 390 306 24 24 0.637507
930 396 300 24 24 2.397900
930 396 306 24 24 3.138515
930 402 306 24 24 1.078116
960 0 16 64 64 2.787494
960 0 32 64 64 2.258178
960 48 32 64 64 2.334002
960 288 16 64 64 2.224968
960 408 24 48 48 0.265673
960 408 36 48 48 0.244959
960 408 24 48 48 0.265673
960 408 36 48 48 0.244959
960 9 126 36 36 0.275065
960 18 126 36 36 0.754859
960 0 128 32 32 2.039090
960 8 128 32 32 4.820202
960 16 128 32 32 6.355377
960 16 136 32 32 2.788059
960 24 128 32 32 5.997261
960 24 136 32 32 2.108047
960 136 128 32 32 0.439391
960 7 133 28 28 0.269301
960 14 126 28 28 1.501931
960 14 133 28 28 2.122660
960 21 119 28 28 1.836484
960 21 126 28 28 0.798531
960 21 133 28 28 2.133526
960 357 133 28 28 2.506310
960 455 98 28 28 1.954739
960 462 98 28 28 1.352325
960 96 102 24 24 1.637247
960 384 294 24 24 0.740065
960 384 300 24 24 4.029865
960 384 306 24 24 0.377131
960 390 294 24 24 1.532078
960 390 300 24 24 3.023526
960 390 306 24 24 1.091425
960 396 294 24 24 0.218940
960 396 300 24 24 2.649740
960 396 306 24 24 3.189951
960 402 306 24 24 1.169506
990 36 36 48 48 1.861063
990 36 36 48 48 1.861063
990 0 126 36 36 3.246205
990 9 126 36 36 1.583226
990 0 128 32 32 6.566887
990 0 136 32 32 1.763622
990 8 128 32 32 8.387699
990 8 136 32 32 3.557247
990 16 128 32 32 6.043201
990 16 136 32 32 4.249036
990 384 128 32 32 2.862174
990 384 136 32 32 0.345180
990 392 128 32 32 0.373774
990 14 133 28 28 1.727996
990 21 98 28 28 0.045251
990 21 133 28 28 2.637949
990 96 96 24 24 0.836543
990 96 102 24 24 1.929131
990 96 108 24 24 1.263634
990 96 114 24 24 0.809664
990 384 294 24 24 0.400436
990 384 300 24 24 3.794704
990 390 294 24 24 1.275096
990 390 300 24 24 2.840032
990 390 306 24 24 0.601522
990 396 294 24 24 0.089171
990 396 300 24 24 2.652810
990 396 306 24 24 3.238689
990 402 300 24 24 0.082815
990 402 306 24 24 1.335268
1020 0 16 64 64 2.927794
1020 0 32 64 64 4.825389
1020 16 32 64 64 2.003673
1020 32 32 64 64 1.792520
1020 48 32 64 64 4.044042
1020 272 16 64 64 0.473247
1020 288 16 64 64 0.593412
1020 0 112 32 32 1.680685
1020 8 112 32 32 1.924623
1020 24 112 32 32 1.376890
1020 128 136 32 32 0.323685
1020 136 128 32 32 0.119847
1020 384 112 32 32 2.680775
1020 392 112 32 32 0.548197
1020 7 119 28 28 2.778538
1020 7 126 28 28 0.018977
1020 14 112 28 28 1.849148
1020 14 119 28 28 8.013751
1020 14 126 28 28 4.212214
1020 21 112 28 28 3.068833
1020 21 119 28 28 7.220676
1020 21 126 28 28 2.015697
1020 21 133 28 28 0.591044
1020 119 133 28 28 0.786073
1020 126 133 28 28 1.279250
1020 96 102 24 24 3.021655
1020 96 108 24 24 1.548060
1020 102 102 24 24 0.379038
1020 384 294 24 24 1.704637
1020 384 300 24 24 3.896487
1020 390 294 24 24 1.478569
1020 390 300 24 24 3.937187
1020 390 306 24 24 0.714345
1020 396 294 24 24 0.973146
1020 396 300 24 24 3.506939
1020 396 306 24 24 3.009942
1020 402 300 24 24 1.427902
1020 402 306 24 24 0.921078
1020 480 114 24 24 0.419112
1050 0 16 64 64 2.993297
1050 0 32 64 64 2.811430
1050 16 32 64 64 1.331787
1050 32 32 64 64 4.544692
1050 48 32 64 64 6.740398
1050 384 36 48 48 0.293099
1050 396 36 48 48 0.249139
1050 384 36 48 48 0.293099
1050 396 36 48 48 0.249139
1050 220 140 40 40 4.342601
1050 220 160 40 40 0.356738
1050 198 162 36 36 1.312078
1050 198 171 36 36 0.138385
1050 216 153 36 36 1.150994
1050 432 171 36 36 0.338438
1050 441 171 36 36 2.301438
1050 450 171 36 36 1.978922
1050 24 112 32 32 0.169522
1050 128 128 32 32 1.284503
1050 128 136 32 32 5.014592
1050 136 136 32 32 0.909097
1050 7 112 28 28 0.271729
1050 7 119 28 28 0.488698
1050 14 112 28 28 6.307071
1050 14 119 28 28 4.395783
1050 21 112 28 28 2.781027
1050 21 119 28 28 2.228933
1050 96 102 24 24 1.543490
1050 96 108 24 24 0.264442
1050 192 198 24 24 0.923430
1050 384 84 24 24 1.274784
1050 384 300 24 24 3.585982
1050 390 84 24 24 2.744488
1050 390 294 24 24 1.451769
1050 390 300 24 24 2.497383
1050 396 84 24 24 1.227512
1050 396 294 24 24 0.680477
1050 396 300 24 24 2.865870
1050 396 306 24 24 2.696497
1050 402 300 24 24 0.732527
1050 402 306 24 24 1.292112
1050 480 210 24 24 0.603733
1050 486 210 24 24 2.517330
1050 492 210 24 24 1.982363
1080 0 16 64 64 1.652879
1080 0 32 64 64 4.123266
1080 16 32 64 64 1.995099
1080 36 36 48 48 1.212985
1080 36 36 48 48 1.212985
1080 0 126 36 36 4.446342
1080 9 126 36 36 10.192518
1080 18 126 36 36 7.328044
1080 0 128 32 32 3.433545
1080 0 136 32 32 5.778555
1080 8 112 32 32 0.659131
1080 8 128 32 32 7.675276
1080 8 136 32 32 5.397834
1080 16 112 32 32 1.540927
1080 16 128 32 32 13.211273
1080 16 136 32 32 11.319475
1080 24 112 32 32 0.075957
1080 24 128 32 32 11.523549
1080 24 136 32 32 8.206362
1080 256 128 32 32 1.567363
1080 14 119 28 28 0.468865
1080 14 126 28 28 4.660217
1080 14 133 28 28 6.146388
1080 21 119 28 28 0.334853
1080 21 126 28 28 6.768819
1080 21 133 28 28 10.430799
1080 112 112 28 28 4.518021
1080 119 112 28 28 3.046864
1080 224 98 28 28 0.204237
1080 96 102 24 24 1.568452
1080 96 108 24 24 1.968938
1080 108 114 24 24 3.037738
1080 210 96 24 24 0.940407
1080 384 300 24 24 3.164430
1080 390 294 24 24 0.891399
1080 390 300 24 24 2.000209
1080 396 294 24 24 0.451630
1080 396 300 24 24 2.306700
1080 396 306 24 24 2.209200
1080 402 114 24 24 1.168319
1080 402 300 24 24 0.105561
1080 402 306 24 24 0.463926
1080 492 96 24 24 1.406713
1080 498 96 24 24 3.876155
1110 256 16 64 64 0.353063
1110 12 216 48 48 1.300480
1110 24 216 48 48 2.533680
1110 36 216 48 48 2.605937
1110 396 36 48 48 1.709525
1110 408 36 48 48 1.161810
1110 12 216 48 48 1.300480
1110 24 216 48 48 2.533680
1110 36 216 48 48 2.605937
1110 396 36 48 48 1.709525
1110 408 36 48 48 1.161810
1110 198 154 44 44 0.843605
1110 30 160 40 40 0.186486
1110 144 162 36 36 0.940955
1110 153 153 36 36 1.224680
1110 153 162 36 36 1.656886
1110 162 162 36 36 0.805271
1110 198 162 36 36 0.410602
1110 216 162 36 36 0.576824
1110 192 198 24 24 0.293768
1110 192 204 24 24 2.319227
1110 204 192 24 24 0.696515
1110 204 198 24 24 2.632291
1110 210 192 24 24 2.509434
1110 210 198 24 24 4.569851
1110 210 204 24 24 2.047513
1110 384 294 24 24 0.573877
1110 384 300 24 24 3.654978
1110 390 102 24 24 0.234149
1110 390 294 24 24 1.079184
1110 390 300 24 24 2.203714
1110 390 306 24 24 0.037418
1110 396 300 24 24 2.164741
1110 396 306 24 24 2.960913
1110 402 306 24 24 0.467907
1140 0 16 64 64 3.377261
1140 0 32 64 64 3.964613
1140 16 32 64 64 1.301626
1140 32 32 64 64 1.106667
1140 36 36 48 48 0.020599
1140 264 36 48 48 2.069246
1140 408 24 48 48 1.066905
1140 36 36 48 48 0.020599
1140 264 36 48 48 2.069246
1140 408 24 48 48 1.066905
1140 352 33 44 44 0.652419
1140 0 126 36 36 0.770175
1140 9 126 36 36 3.496498
1140 441 27 36 36 0.161807
1140 450 27 36 36 0.863672
1140 459 126 36 36 2.612066
1140 0 128 32 32 5.161681
1140 0 136 32 32 3.451319
1140 8 128 32 32 10.293412
1140 8 136 32 32 4.306835
1140 16 128 32 32 10.267081
1140 16 136 32 32 6.107839
1140 24 128 32 32 4.932489
1140 24 136 32 32 1.238052
1140 14 126 28 28 0.515583
1140 14 133 28 28 3.912006
1140 21 126 28 28 2.940387
1140 21 133 28 28 8.296795
1140 112 112 28 28 0.277942
1140 96 102 24 24 0.781291
1140 96 108 24 24 1.065845
1140 108 114 24 24 2.483623
1140 384 114 24 24 0.190678
1140 384 294 24 24 0.466511
1140 384 300 24 24 3.899714
1140 390 108 24 24 0.447223
1140 390 114 24 24 1.272719
1140 390 294 24 24 1.348825
1140 390 300 24 24 2.480696
1140 390 306 24 24 0.511591
1140 396 108 24 24 1.657617
1140 396 294 24 24 0.256958
1140 396 300 24 24 2.392607
1140 396 306 24 24 3.404291
1140 402 306 24 24 0.981496
1170 24 12 48 48 0.703659
1170 24 24 48 48 2.438620
1170 36 24 48 48 2.003135
1170 36 36 48 48 3.791412
1170 24 12 48 48 0.703659
1170 24 24 48 48 2.438620
1170 36 24 48 48 2.003135
1170 36 36 48 48 3.791412
1170 33 22 44 44 1.477092
1170 33 33 44 44 1.703250
1170 256 128 32 32 0.381506
1170 168 133 28 28 0.926715
1170 96 84 24 24 6.921585
1170 96 96 24 24 0.674650
1170 96 102 24 24 0.772637
1170 102 84 24 24 5.647777
1170 102 96 24 24 1.119295
1170 108 84 24 24 2.672489
1170 108 96 24 24 2.133857
1170 384 300 24 24 3.287269
1170 390 294 24 24 0.938584
1170 390 300 24 24 2.211641
1170 396 114 24 24 1.035341
1170 396 300 24 24 1.984809
1170 396 306 24 24 2.622003
1170 402 108 24 24 0.505119
1170 402 114 24 24 1.721350
1170 402 306 24 24 0.744748
1200 0 16 64 64 3.014813
1200 0 32 64 64 4.576705
1200 16 32 64 64 3.225240
1200 32 32 64 64 0.457779
1200 408 24 48 48 0.269315
1200 408 36 48 48 1.347669
1200 408 24 48 48 0.269315
1200 408 36 48 48 1.347669
1200 176 154 44 44 0.392817
1200 352 33 44 44 2.108621
1200 170 160 40 40 1.132732
1200 180 140 40 40 2.416744
1200 180 160 40 40 2.780176
1200 0 126 36 36 3.694400
1200 0 144 36 36 1.675550
1200 9 126 36 36 8.005528
1200 9 144 36 36 1.256001
1200 18 126 36 36 3.420064
1200 27 126 36 36 1.220437
1200 162 171 36 36 0.011664
1200 198 153 36 36 4.100564
1200 198 162 36 36 3.626205
1200 198 171 36 36 0.524472
1200 297 27 36 36 1.333271
1200 306 27 36 36 1.881598
1200 0 152 32 32 1.826248
1200 8 112 32 32 1.214586
1200 8 136 32 32 1.769341
1200 8 144 32 32 2.263501
1200 8 152 32 32 4.667118
1200 16 128 32 32 4.044018
1200 16 136 32 32 4.576981
1200 16 144 32 32 2.203221
1200 16 152 32 32 4.541351
1200 24 128 32 32 2.368546
1200 24 136 32 32 1.014113
1200 24 144 32 32 0.785549
1200 24 152 32 32 2.576789
1200 128 152 32 32 0.979743
1200 14 119 28 28 2.624056
1200 14 126 28 28 1.043373
1200 21 119 28 28 3.345460
1200 21 126 28 28 4.816324
1200 21 133 28 28 3.317987
1200 469 98 28 28 3.135713
1200 96 102 24 24 1.514528
1200 204 108 24 24 0.191724
1200 204 114 24 24 1.474704
1200 210 114 24 24 0.340804
1200 210 192 24 24 2.034814
1200 210 198 24 24 1.944767
1200 210 210 24 24 0.475373
1200 384 108 24 24 2.021908
1200 384 192 24 24 1.688371
1200 384 204 24 24 0.268670
1200 384 294 24 24 0.417462
1200 384 300 24 24 3.904943
1200 390 102 24 24 1.167890
1200 390 108 24 24 4.878514
1200 390 114 24 24 1.385063
1200 390 192 24 24 0.244557
1200 390 204 24 24 0.357268
1200 390 294 24 24 1.081589
1200 390 300 24 24 2.402776
1200 390 306 24 24 0.152363
1200 396 102 24 24 1.475593
1200 396 108 24 24 5.359962
1200 396 114 24 24 0.920961
1200 396 294 24 24 0.128083
1200 396 300 24 24 2.608099
1200 396 306 24 24 3.022421
1200 402 108 24 24 1.903069
1200 402 306 24 24 0.803343
1200 480 102 24 24 0.409739
1200 480 108 24 24 2.614097
1200 486 108 24 24 1.531437
1200 492 108 24 24 0.441100
1230 0 16 64 64 2.486868
1230 0 32 64 64 2.446928
1230 16 32 64 64 0.615781
1230 32 32 64 64 1.124309
1230 48 32 64 64 3.251215
1230 0 126 36 36 4.937082
1230 9 126 36 36 6.433836
1230 18 126 36 36 2.225532
1230 27 126 36 36 0.029058
1230 288 153 36 36 0.632186
1230 0 128 32 32 0.835635
1230 0 136 32 32 2.691029
1230 8 128 32 32 7.597879
1230 8 136 32 32 4.332665
1230 16 128 32 32 7.020091
1230 16 136 32 32 3.730572
1230 24 128 32 32 3.423655
1230 24 136 32 32 2.146281
1230 128 136 32 32 0.227351
1230 176 144 32 32 2.893986
1230 264 152 32 32 3.831705
1230 272 152 32 32 4.435019
1230 280 152 32 32 4.247072
1230 392 136 32 32 0.109036
1230 400 136 32 32 1.337500
1230 96 102 24 24 0.014463
1230 384 102 24 24 0.184294
1230 384 294 24 24 0.745915
1230 384 300 24 24 3.720321
1230 390 294 24 24 1.088511
1230 390 300 24 24 2.180782
1230 396 102 24 24 0.509387
1230 396 300 24 24 2.390063
1230 396 306 24 24 3.141221
1230 402 306 24 24 1.288811
1230 480 108 24 24 1.315472
1230 480 114 24 24 2.569170
1230 486 108 24 24 0.091391
1230 486 114 24 24 0.020158
1260 0 16 64 64 2.364628
1260 0 32 64 64 2.279975
1260 48 32 64 64 0.744953
1260 256 16 64 64 1.725308
1260 272 0 64 64 1.278240
1260 272 16 64 64 1.673498
1260 288 16 64 64 2.847547
1260 352 16 64 64 1.315350
1260 8 112 32 32 0.660027
1260 16 112 32 32 0.677723
1260 24 112 32 32 2.677171
1260 24 128 32 32 0.576553
1260 7 119 28 28 0.402916
1260 14 112 28 28 1.146811
1260 14 119 28 28 3.543481
1260 14 126 28 28 2.867794
1260 21 112 28 28 2.785161
1260 21 119 28 28 4.100947
1260 21 126 28 28 4.468853
1260 112 112 28 28 0.175345
1260 119 112 28 28 0.301684
1260 469 98 28 28 0.701861
1260 96 102 24 24 2.119478
1260 96 108 24 24 0.119185
1260 384 294 24 24 1.793103
1260 384 300 24 24 3.946575
1260 390 108 24 24 1.488034
1260 390 294 24 24 1.382657
1260 390 300 24 24 3.430797
1260 396 108 24 24 0.423198
1260 396 294 24 24 0.855300
1260 396 300 24 24 3.336720
1260 396 306 24 24 2.852719
1260 402 300 24 24 0.893946
1260 402 306 24 24 0.768774
1260 480 108 24 24 2.550393
1260 480 114 24 24 3.367365
1260 486 108 24 24 1.174317
1260 486 114 24 24 2.234735
1260 492 102 24 24 0.267635
1260 492 108 24 24 1.909921
1260 492 114 24 24 0.478936
1290 0 0 64 64 0.474735
1290 0 16 64 64 0.956272
1290 272 0 64 64 0.021328
1290 24 36 48 48 0.323954
1290 36 36 48 48 3.685361
1290 24 36 48 48 0.323954
1290 36 36 48 48 3.685361
1290 0 126 36 36 0.965595
1290 432 144 36 36 1.424942
1290 432 153 36 36 1.329934
1290 441 144 36 36 1.854968
1290 441 153 36 36 1.553988
1290 441 171 36 36 0.650666
1290 450 144 36 36 3.605763
1290 450 153 36 36 2.962905
1290 450 162 36 36 0.527539
1290 450 171 36 36 1.654326
1290 459 144 36 36 1.025194
1290 459 153 36 36 2.787867
1290 459 162 36 36 1.628884
1290 459 171 36 36 1.160975
1290 0 136 32 32 0.849863
1290 144 144 32 32 1.754017
1290 384 144 32 32 0.650922
1290 14 112 28 28 0.279388
1290 14 119 28 28 2.161544
1290 21 112 28 28 1.772069
1290 21 119 28 28 2.676242
1290 357 133 28 28 0.054415
1290 96 96 24 24 0.187675
1290 96 102 24 24 5.398137
1290 96 108 24 24 1.771704
1290 102 96 24 24 3.085665
1290 102 102 24 24 5.026708
1290 108 96 24 24 1.633153
1290 108 102 24 24 4.030478
1290 384 294 24 24 2.302644
1290 384 300 24 24 4.053833
1290 384 306 24 24 0.093729
1290 390 294 24 24 1.915428
1290 390 300 24 24 3.750763
1290 390 306 24 24 0.729179
1290 396 102 24 24 1.867564
1290 396 108 24 24 2.130647
1290 396 294 24 24 0.641085
1290 396 300 24 24 3.675078
1290 396 306 24 24 3.166783
1290 402 102 24 24 0.660157
1290 402 108 24 24 1.241712
1290 402 300 24 24 1.224138
1290 402 306 24 24 1.157483
1290 480 204 24 24 1.230016
1290 486 204 24 24 1.191674
1290 492 204 24 24 0.624403
1320 0 16 64 64 2.568361
1320 0 32 64 64 2.390116
1320 16 32 64 64 0.353507
1320 32 32 64 64 0.495604
1320 48 32 64 64 2.942731
1320 256 16 64 64 1.518561
1320 272 16 64 64 0.582422
1320 0 126 36 36 7.598013
1320 9 126 36 36 7.298118
1320 18 126 36 36 4.976721
1320 27 126 36 36 2.405362
1320 0 128 32 32 3.665224
1320 0 136 32 32 5.530367
1320 0 144 32 32 2.229030
1320 8 128 32 32 10.924651
1320 8 136 32 32 5.502300
1320 16 128 32 32 10.419928
1320 16 136 32 32 6.326914
1320 24 128 32 32 5.555792
1320 24 136 32 32 4.019513
1320 136 128 32 32 0.705155
1320 256 112 32 32 0.959097
1320 14 133 28 28 3.933800
1320 21 133 28 28 5.836129
1320 119 133 28 28 0.218096
1320 96 102 24 24 1.365537
1320 96 108 24 24 0.105695
1320 108 114 24 24 0.592527
1320 384 294 24 24 1.911271
1320 384 300 24 24 3.928248
1320 390 294 24 24 1.549208
1320 390 300 24 24 3.530257
1320 390 306 24 24 0.313670
1320 396 294 24 24 0.474859
1320 396 300 24 24 3.480826
1320 396 306 24 24 2.879917
1320 402 300 24 24 0.971299
1320 402 306 24 24 0.450941
1320 480 102 24 24 0.427792
1320 480 108 24 24 0.933619
1320 480 114 24 24 0.584045
1320 486 108 24 24 0.383473
1320 486 114 24 24 1.034128
1320 492 102 24 24 0.506624
1350 256 0 64 64 0.163731
1350 352 16 64 64 0.345134
1350 36 36 48 48 2.672716
1350 36 36 48 48 2.672716
1350 0 126 36 36 4.919675
1350 144 126 36 36 1.100968
1350 450 126 36 36 0.354185
1350 459 126 36 36 0.018683
1350 0 128 32 32 0.041695
1350 0 136 32 32 1.666299
1350 8 128 32 32 0.197687
1350 8 136 32 32 3.270087
1350 128 136 32 32 0.554317
1350 136 136 32 32 0.971970
1350 136 144 32 32 0.948136
1350 144 136 32 32 2.691831
1350 144 144 32 32 5.274981
1350 14 112 28 28 0.379635
1350 14 119 28 28 0.494700
1350 21 112 28 28 1.626632
1350 21 119 28 28 0.526335
1350 469 98 28 28 1.209716
1350 96 96 24 24 3.483594
1350 96 102 24 24 4.909482
1350 102 96 24 24 4.324514
1350 102 102 24 24 3.692669
1350 108 96 24 24 2.792136
1350 384 294 24 24 0.423495
1350 384 300 24 24 2.991622
1350 390 294 24 24 1.150029
1350 390 300 24 24 1.790991
1350 396 300 24 24 1.957305
1350 396 306 24 24 2.535300
1350 402 306 24 24 0.473711
1350 480 108 24 24 2.764441
1350 480 114 24 24 1.716933
1350 486 114 24 24 0.108552
1350 492 114 24 24 0.133735
1380 24 36 48 48 1.523063
1380 36 36 48 48 3.277183
1380 24 36 48 48 1.523063
1380 36 36 48 48 3.277183
1380 30 140 40 40 0.033865
1380 30 160 40 40 1.678165
1380 384 112 32 32 2.255436
1380 112 98 28 28 2.121388
1380 154 133 28 28 1.422471
1380 0 192 24 24 0.103214
1380 0 198 24 24 0.963786
1380 6 198 24 24 1.427842
1380 96 102 24 24 3.943316
1380 96 108 24 24 6.469258
1380 96 114 24 24 3.694568
1380 102 102 24 24 2.169610
1380 102 108 24 24 4.240679
1380 102 114 24 24 4.427288
1380 108 108 24 24 3.890235
1380 108 114 24 24 6.475720
1380 384 294 24 24 1.218301
1380 384 300 24 24 3.840693
1380 390 294 24 24 1.864571
1380 390 300 24 24 2.882728
1380 390 306 24 24 0.809614
1380 396 294 24 24 0.409182
1380 396 300 24 24 3.022127
1380 396 306 24 24 3.564678
1380 402 300 24 24 0.231921
1380 402 306 24 24 1.570286
1410 0 16 64 64 4.396054
1410 0 32 64 64 4.712979
1410 16 32 64 64 2.168750
1410 32 32 64 64 2.806161
1410 48 32 64 64 4.328820
1410 0 126 36 36 1.313378
1410 9 126 36 36 1.854257
1410 18 126 36 36 1.774392
1410 216 126 36 36 1.118813
1410 432 27 36 36 0.535568
1410 441 144 36 36 2.105957
1410 441 153 36 36 1.390637
1410 450 153 36 36 2.127957
1410 450 171 36 36 1.113834
1410 459 171 36 36 0.259807
1410 0 128 32 32 0.463989
1410 0 136 32 32 4.013792
1410 8 128 32 32 5.323534
1410 8 136 32 32 4.885292
1410 16 128 32 32 4.604601
1410 16 136 32 32 6.308162
1410 24 128 32 32 5.720144
1410 24 136 32 32 5.890131
1410 384 136 32 32 3.079475
1410 384 144 32 32 3.472914
1410 392 144 32 32 2.935561
1410 400 144 32 32 0.629494
1410 14 133 28 28 2.811353
1410 21 133 28 28 2.379217
1410 112 112 28 28 2.734407
1410 96 102 24 24 1.485833
1410 384 294 24 24 0.602652
1410 384 300 24 24 3.763363
1410 390 294 24 24 1.180081
1410 390 300 24 24 2.437130
1410 390 306 24 24 0.409645
1410 396 300 24 24 2.839422
1410 396 306 24 24 3.359109
1410 402 192 24 24 2.665719
1410 402 300 24 24 0.224704
1410 402 306 24 24 0.985934
1410 480 192 24 24 0.955659
1410 480 198 24 24 0.130982
1410 480 204 24 24 4.118306
1410 480 210 24 24 3.101862
1410 492 210 24 24 0.248727
1440 0 16 64 64 4.578358
1440 0 32 64 64 2.932841
1440 32 32 64 64 0.337028
1440 48 32 64 64 3.215333
1440 330 140 40 40 0.066772
1440 340 30 40 40 0.530231
1440 0 126 36 36 1.772428
1440 9 126 36 36 2.338570
1440 18 126 36 36 0.856854
1440 306 27 36 36 0.673908
1440 0 128 32 32 0.282059
1440 0 136 32 32 4.733391
1440 0 144 32 32 2.001238
1440 8 128 32 32 4.453109
1440 8 136 32 32 4.921456
1440 16 128 32 32 3.862161
1440 16 136 32 32 6.792990
1440 24 128 32 32 4.707440
1440 24 136 32 32 4.666791
1440 14 133 28 28 0.428637
1440 21 133 28 28 0.400349
1440 154 133 28 28 0.832362
1440 96 102 24 24 0.625961
1440 384 300 24 24 3.136978
1440 384 306 24 24 0.647319
1440 390 294 24 24 0.398934
1440 390 300 24 24 1.343521
1440 390 306 24 24 1.018856
1440 396 300 24 24 1.629111
1440 396 306 24 24 3.432209
1440 402 306 24 24 1.594932
1470 0 16 64 64 3.356584
1470 0 32 64 64 1.613034
1470 48 32 64 64 3.186714
1470 27 126 36 36 0.364085
1470 8 128 32 32 2.540687
1470 16 128 32 32 5.080336
1470 24 128 32 32 4.946575
1470 21 126 28 28 0.809708
1470 96 102 24 24 1.331955
1470 96 108 24 24 0.162023
1470 384 300 24 24 3.144577
1470 384 306 24 24 0.595668
1470 390 300 24 24 1.063389
1470 390 306 24 24 1.021847
1470 396 300 24 24 1.534059
1470 396 306 24 24 3.445253
1470 402 306 24 24 1.708699
1500 0 16 64 64 3.325443
1500 0 32 64 64 2.486846
1500 16 32 64 64 0.158654
1500 48 32 64 64 2.811913
1500 0 126 36 36 2.531299
1500 9 126 36 36 2.545303
1500 0 128 32 32 1.691892
1500 0 136 32 32 5.065902
1500 0 144 32 32 2.454928
1500 8 128 32 32 6.959711
1500 8 136 32 32 4.281364
1500 16 128 32 32 4.994967
1500 16 136 32 32 5.119490
1500 24 128 32 32 3.152089
1500 24 136 32 32 2.145119
1500 136 128 32 32 0.610986
1500 400 144 32 32 1.192900
1500 408 136 32 32 4.377788
1500 408 144 32 32 5.048295
1500 14 133 28 28 1.602109
1500 21 133 28 28 0.919268
1500 357 133 28 28 0.380771
1500 96 102 24 24 0.658491
1500 108 114 24 24 0.491852
1500 384 294 24 24 0.052675
1500 384 300 24 24 3.829260
1500 390 108 24 24 0.775807
1500 390 114 24 24 0.926238
1500 390 294 24 24 1.397879
1500 390 300 24 24 2.640936
1500 390 306 24 24 0.501820
1500 396 108 24 24 1.364192
1500 396 114 24 24 0.723058
1500 396 294 24 24 0.579084
1500 396 300 24 24 3.061580
1500 396 306 24 24 3.473433
1500 402 114 24 24 1.777361
1500 402 300 24 24 0.238581
1500 402 306 24 24 1.488215
1530 0 16 64 64 3.796648
1530 0 32 64 64 2.727775
1530 16 32 64 64 0.375115
1530 48 32 64 64 2.500821
1530 0 126 36 36 1.410491
1530 9 126 36 36 3.097696
1530 18 126 36 36 1.149021
1530 0 128 32 32 2.555346
1530 0 136 32 32 5.610017
1530 0 144 32 32 0.515860
1530 8 128 32 32 6.523992
1530 8 136 32 32 3.865552
1530 16 128 32 32 7.191534
1530 16 136 32 32 4.613399
1530 24 128 32 32 5.856516
1530 24 136 32 32 1.738051
1530 136 128 32 32 0.933962
1530 14 119 28 28 0.707362
1530 14 126 28 28 0.627451
1530 14 133 28 28 4.626472
1530 21 119 28 28 1.193174
1530 21 126 28 28 0.161939
1530 21 133 28 28 5.843450
1530 96 102 24 24 1.776957
1530 96 108 24 24 0.170407
1530 384 294 24 24 2.007747
1530 384 300 24 24 3.864396
1530 390 108 24 24 2.751174
1530 390 114 24 24 1.017904
1530 390 294 24 24 1.612211
1530 390 300 24 24 3.584921
1530 390 306 24 24 0.283007
1530 396 108 24 24 2.761751
1530 396 114 24 24 0.571200
1530 396 294 24 24 0.730812
1530 396 300 24 24 3.341638
1530 396 306 24 24 2.546645
1530 402 108 24 24 1.721461
1530 402 300 24 24 0.583277
1530 402 306 24 24 0.338849
1560 0 16 64 64 3.479697
1560 0 32 64 64 2.565770
1560 48 32 64 64 3.296666
1560 9 126 36 36 0.851394
1560 18 126 36 36 1.982827
1560 0 136 32 32 1.146476
1560 8 128 32 32 3.730515
1560 8 136 32 32 1.519727
1560 16 128 32 32 6.790940
1560 16 136 32 32 5.278984
1560 24 128 32 32 6.853068
1560 24 136 32 32 5.076777
1560 136 128 32 32 0.898169
1560 14 119 28 28 2.091939
1560 14 133 28 28 0.686995
1560 21 133 28 28 3.052402
1560 168 133 28 28 0.144179
1560 96 102 24 24 2.411362
1560 96 108 24 24 1.213634
1560 108 114 24 24 0.082703
1560 384 294 24 24 0.731323
1560 384 300 24 24 4.250311
1560 384 306 24 24 0.052136
1560 390 294 24 24 1.169904
1560 390 300 24 24 2.879284
1560 390 306 24 24 1.180561
1560 396 300 24 24 2.429658
1560 396 306 24 24 3.417455
1560 402 306 24 24 1.172050
1590 0 16 64 64 2.995017
1590 0 32 64 64 2.473215
1590 32 16 64 64 0.285759
1590 48 32 64 64 2.384776
1590 264 36 48 48 0.041091
1590 264 36 48 48 0.041091
1590 0 126 36 36 0.568619
1590 9 126 36 36 2.036510
1590 0 128 32 32 2.095967
1590 0 136 32 32 0.686384
1590 8 112 32 32 1.480000
1590 8 128 32 32 6.837014
1590 8 136 32 32 1.439420
1590 16 128 32 32 9.287474
1590 16 136 32 32 4.098203
1590 24 128 32 32 4.788191
1590 24 136 32 32 0.136325
1590 128 128 32 32 1.307603
1590 136 128 32 32 0.777797
1590 14 119 28 28 2.706314
1590 14 126 28 28 2.204222
1590 14 133 28 28 5.225801
1590 21 112 28 28 1.486140
1590 21 119 28 28 3.884706
1590 21 126 28 28 4.059756
1590 21 133 28 28 9.574145
1590 96 102 24 24 1.104087
1590 108 114 24 24 0.362030
1590 384 294 24 24 2.292971
1590 384 300 24 24 3.693118
1590 384 306 24 24 1.491880
1590 390 294 24 24 1.002143
1590 390 300 24 24 3.615741
1590 390 306 24 24 1.609874
1590 396 294 24 24 0.955145
1590 396 300 24 24 3.427405
1590 396 306 24 24 3.384201
1590 402 300 24 24 0.806468
1590 402 306 24 24 0.596093
1620 0 16 64 64 3.506720
1620 0 32 64 64 3.051193
1620 32 16 64 64 0.102242
1620 48 32 64 64 2.930334
1620 0 126 36 36 2.881391
1620 9 126 36 36 1.652789
1620 0 128 32 32 0.617027
1620 0 136 32 32 5.601298
1620 8 112 32 32 1.221157
1620 8 128 32 32 5.732746
1620 8 136 32 32 4.977535
1620 8 144 32 32 0.259597
1620 16 128 32 32 7.768291
1620 16 136 32 32 3.797629
1620 24 128 32 32 3.872771
1620 24 136 32 32 0.232725
1620 136 128 32 32 0.892176
1620 14 112 28 28 0.508492
1620 14 119 28 28 3.791365
1620 14 126 28 28 0.710416
1620 21 112 28 28 1.591063
1620 21 119 28 28 3.970406
1620 21 126 28 28 2.998159
1620 21 133 28 28 4.700120
1620 168 133 28 28 0.282475
1620 96 102 24 24 0.513080
1620 384 294 24 24 2.376334
1620 384 300 24 24 3.751662
1620 384 306 24 24 1.071181
1620 390 294 24 24 1.690467
1620 390 300 24 24 3.648183
1620 390 306 24 24 1.230864
1620 396 294 24 24 1.360366
1620 396 300 24 24 3.551553
1620 396 306 24 24 3.146875
1620 402 300 24 24 1.484640
1620 402 306 24 24 1.168074
1650 374 22 44 44 0.181720
1650 240 160 40 40 0.765798
1650 0 126 36 36 1.538055
1650 144 153 36 36 0.562780
1650 144 162 36 36 0.392491
1650 153 153 36 36 0.456893
1650 153 162 36 36 0.111485
1650 288 171 36 36 0.349539
1650 0 128 32 32 1.303538
1650 0 136 32 32 2.887129
1650 8 136 32 32 2.126366
1650 7 126 28 28 0.567004
1650 96 198 24 24 0.837019
1650 96 204 24 24 0.813252
1650 96 210 24 24 0.362034
1650 288 204 24 24 0.025627
1650 384 294 24 24 2.103773
1650 384 300 24 24 3.910379
1650 390 294 24 24 1.342826
1650 390 300 24 24 3.155697
1650 390 306 24 24 0.103841
1650 396 294 24 24 0.177424
1650 396 300 24 24 2.673808
1650 396 306 24 24 2.226125
1680 0 16 64 64 1.992854
1680 0 32 64 64 1.932305
1680 48 32 64 64 2.944241
1680 0 126 36 36 4.508244
1680 9 126 36 36 1.889960
1680 0 128 32 32 1.445087
1680 0 136 32 32 4.663599
1680 0 144 32 32 0.231587
1680 8 128 32 32 2.194884
1680 8 136 32 32 3.308175
1680 16 128 32 32 4.822959
1680 16 136 32 32 1.238869
1680 24 128 32 32 1.677741
1680 21 126 28 28 0.310970
1680 112 112 28 28 1.344929
1680 96 102 24 24 1.081611
1680 384 294 24 24 0.465508
1680 384 300 24 24 4.018180
1680 390 294 24 24 0.756263
1680 390 300 24 24 2.512540
1680 396 300 24 24 2.172933
1680 396 306 24 24 2.807951
1680 402 306 24 24 0.888696
1680 498 96 24 24 1.078788
1710 0 16 64 64 2.014999
1710 0 32 64 64 1.459741
1710 48 32 64 64 1.992709
1710 0 126 36 36 3.846057
1710 0 144 36 36 3.584550
1710 0 153 36 36 3.007495
1710 0 162 36 36 1.906748
1710 0 171 36 36 1.779358
1710 9 126 36 36 2.934710
1710 0 128 32 32 0.743504
1710 0 152 32 32 1.515397
1710 8 112 32 32 1.330087
1710 8 128 32 32 2.241559
1710 8 136 32 32 3.677958
1710 8 144 32 32 3.805657
1710 8 152 32 32 3.830699
1710 16 128 32 32 3.777744
1710 16 136 32 32 1.461052
1710 24 128 32 32 2.065762
1710 24 136 32 32 0.372257
1710 14 112 28 28 2.410471
1710 14 119 28 28 5.226197
1710 14 126 28 28 1.629046
1710 21 112 28 28 1.639661
1710 21 119 28 28 4.821597
1710 21 126 28 28 4.900486
1710 21 133 28 28 3.737168
1710 112 112 28 28 0.888819
1710 168 133 28 28 0.252980
1710 12 204 24 24 0.334810
1710 96 102 24 24 1.131195
1710 384 294 24 24 0.451817
1710 384 300 24 24 3.663996
1710 390 294 24 24 1.532024
1710 390 300 24 24 2.723565
1710 390 306 24 24 0.048055
1710 396 294 24 24 0.294707
1710 396 300 24 24 2.926158
1710 396 306 24 24 3.292261
1710 402 300 24 24 0.712958
1710 402 306 24 24 1.292377
1710 498 96 24 24 1.386312
1740 0 0 64 64 0.223631
1740 24 36 48 48 1.432250
1740 24 216 48 48 0.724451
1740 36 36 48 48 3.546767
1740 36 216 48 48 1.063325
1740 24 36 48 48 1.432250
1740 24 216 48 48 0.724451
1740 36 36 48 48 3.546767
1740 36 216 48 48 1.063325
1740 160 140 40 40 1.608207
1740 160 180 40 40 0.701995
1740 432 153 36 36 0.001636
1740 112 98 28 28 0.837425
1740 96 102 24 24 1.067868
1740 96 108 24 24 1.306384
1740 96 114 24 24 0.045331
1740 102 114 24 24 0.091835
1740 108 114 24 24 3.990930
1740 108 192 24 24 1.462159
1740 198 204 24 24 0.724988
1740 204 204 24 24 2.145706
1740 210 204 24 24 0.420570
1740 384 294 24 24 0.412991
1740 384 300 24 24 3.774338
1740 390 192 24 24 0.301684
1740 390 294 24 24 0.889027
1740 390 300 24 24 2.311481
1740 390 306 24 24 0.191824
1740 396 300 24 24 2.702041
1740 396 306 24 24 3.227260
1740 402 300 24 24 0.077913
1740 402 306 24 24 1.287824
1740 498 96 24 24 1.198288
1770 0 0 64 64 0.667654
1770 36 168 48 48 0.851206
1770 264 36 48 48 0.173419
1770 36 168 48 48 0.851206
1770 264 36 48 48 0.173419
1770 0 176 44 44 3.107615
1770 11 154 44 44 5.781741
1770 22 154 44 44 7.827433
1770 33 154 44 44 4.096983
1770 0 180 40 40 1.226987
1770 10 180 40 40 4.638049
1770 10 190 40 40 2.333471
1770 20 160 40 40 1.344831
1770 20 170 40 40 7.626368
1770 20 180 40 40 4.269625
1770 30 160 40 40 5.873434
1770 30 170 40 40 5.277901
1770 30 180 40 40 2.282697
1770 160 140 40 40 4.222830
1770 170 140 40 40 3.284415
1770 330 170 40 40 0.047625
1770 0 144 36 36 1.198479
1770 162 144 36 36 1.392535
1770 162 153 36 36 2.536458
1770 176 152 32 32 2.010575
1770 7 119 28 28 1.109958
1770 7 126 28 28 2.146450
1770 7 224 28 28 2.845272
1770 14 119 28 28 0.788337
1770 14 224 28 28 3.574238
1770 21 224 28 28 1.903414
1770 21 231 28 28 0.304616
1770 96 192 24 24 1.301454
1770 198 198 24 24 0.429569
1770 384 300 24 24 3.238327
1770 384 306 24 24 2.190328
1770 390 300 24 24 1.158619
1770 390 306 24 24 2.336588
1770 396 300 24 24 0.983988
1770 396 306 24 24 3.194516
1770 402 306 24 24 1.227348
1770 498 96 24 24 1.807390
1800 0 16 64 64 4.268605
1800 0 32 64 64 4.425881
1800 16 32 64 64 0.946619
1800 32 32 64 64 0.786390
1800 48 32 64 64 4.557654
1800 352 154 44 44 0.372097
1800 363 154 44 44 0.753776
1800 340 160 40 40 3.700732
1800 340 170 40 40 3.593657
1800 350 160 40 40 1.839363
1800 350 170 40 40 2.637979
1800 0 126 36 36 0.567722
1800 9 126 36 36 1.079429
1800 432 171 36 36 4.084003
1800 441 171 36 36 3.671582
1800 450 171 36 36 2.375352
1800 459 171 36 36 3.282437
1800 8 128 32 32 2.367807
1800 16 128 32 32 5.495832
1800 16 136 32 32 1.373278
1800 24 112 32 32 0.453922
1800 24 128 32 32 1.928920
1800 24 136 32 32 0.018376
1800 384 128 32 32 0.184205
1800 384 136 32 32 2.253055
1800 392 112 32 32 0.344338
1800 392 128 32 32 4.822581
1800 392 136 32 32 4.272778
1800 400 128 32 32 3.016069
1800 400 136 32 32 1.355437
1800 7 112 28 28 0.605278
1800 7 119 28 28 0.520132
1800 7 126 28 28 0.567383
1800 14 112 28 28 3.112429
1800 14 119 28 28 3.733464
1800 14 126 28 28 2.131049
1800 21 112 28 28 2.830519
1800 21 119 28 28 3.289682
1800 21 126 28 28 2.398882
1800 21 133 28 28 0.486163
1800 238 133 28 28 0.291675
1800 448 98 28 28 2.236618
1800 448 112 28 28 4.175889
1800 448 119 28 28 1.294870
1800 455 112 28 28 1.925627
1800 469 224 28 28 1.808047
1800 96 102 24 24 0.240540
1800 96 108 24 24 1.322164
1800 384 204 24 24 1.744532
1800 384 300 24 24 3.836738
1800 384 306 24 24 1.097323
1800 390 108 24 24 1.617997
1800 390 300 24 24 1.467857
1800 390 306 24 24 1.428800
1800 396 300 24 24 0.958114
1800 396 306 24 24 2.893962
1800 402 306 24 24 1.016751
1800 480 204 24 24 0.492537
1800 480 210 24 24 5.647268
1800 486 210 24 24 3.069866
1800 492 210 24 24 1.380599
1830 0 0 64 64 1.621982
1830 24 36 48 48 4.551348
1830 36 36 48 48 7.376398
1830 24 36 48 48 4.551348
1830 36 36 48 48 7.376398
1830 112 112 28 28 4.003927
1830 119 112 28 28 0.039592
1830 96 102 24 24 0.957884
1830 96 108 24 24 0.997997
1830 96 114 24 24 3.162225
1830 102 114 24 24 3.366448
1830 102 192 24 24 0.564062
1830 108 114 24 24 4.677053
1830 108 192 24 24 2.059496
1830 384 300 24 24 3.858856
1830 384 306 24 24 1.343308
1830 390 294 24 24 0.029640
1830 390 300 24 24 1.426724
1830 390 306 24 24 1.785857
1830 396 300 24 24 1.367908
1830 396 306 24 24 3.572711
1830 402 306 24 24 2.070599
1830 498 96 24 24 1.501155
