30 264 24 48 48 1.246210
30 264 36 48 48 3.669541
30 264 24 48 48 1.246210
30 264 36 48 48 3.669541
30 264 0 44 44 0.416626
30 264 33 44 44 1.703157
30 288 9 36 36 0.047721
30 288 18 36 36 1.603031
30 441 288 36 36 0.230696
30 231 112 28 28 2.372812
30 231 119 28 28 0.609137
30 238 112 28 28 6.730902
30 238 119 28 28 4.209469
30 245 112 28 28 7.164800
30 245 119 28 28 4.509139
30 448 98 28 28 1.529570
30 462 98 28 28 1.859794
30 469 98 28 28 3.676910
30 0 96 24 24 0.302670
30 192 114 24 24 0.877020
30 198 114 24 24 2.889069
30 204 114 24 24 0.441411
30 294 102 24 24 1.992538
30 300 102 24 24 0.587403
30 480 102 24 24 2.876691
30 480 108 24 24 8.318790
30 480 114 24 24 2.723047
30 486 102 24 24 4.794934
30 486 108 24 24 7.650345
30 486 114 24 24 1.957554
30 492 102 24 24 3.607743
30 492 108 24 24 5.690316
30 492 114 24 24 2.195811
30 498 102 24 24 1.777375
30 498 108 24 24 2.483348
60 256 48 64 64 0.215107
60 192 36 48 48 1.214629
60 204 36 48 48 2.357015
60 216 36 48 48 1.731516
60 192 36 48 48 1.214629
60 204 36 48 48 2.357015
60 216 36 48 48 1.731516
60 242 33 44 44 1.555479
60 320 170 40 40 0.460296
60 350 180 40 40 0.278776
60 8 128 32 32 3.834443
60 16 128 32 32 5.130419
60 24 128 32 32 5.221390
60 14 133 28 28 3.954860
60 21 133 28 28 4.529495
60 112 126 28 28 0.331673
60 119 126 28 28 0.233679
60 168 98 28 28 2.705072
60 224 112 28 28 1.289723
60 231 98 28 28 0.208710
60 231 112 28 28 2.163378
60 231 119 28 28 0.537784
60 238 98 28 28 3.475955
60 238 112 28 28 2.794312
60 238 119 28 28 1.457411
60 238 126 28 28 2.367365
60 245 98 28 28 0.433827
60 245 112 28 28 2.530317
60 455 224 28 28 0.045023
60 462 224 28 28 6.213515
60 462 231 28 28 3.302560
60 469 98 28 28 0.333218
60 469 224 28 28 4.112152
60 469 231 28 28 1.161788
60 198 108 24 24 1.023260
60 198 114 24 24 1.201897
60 390 96 24 24 2.774865
60 480 96 24 24 7.009701
60 480 102 24 24 7.596887
60 486 96 24 24 4.243165
60 486 102 24 24 5.250417
60 492 96 24 24 1.270334
60 492 102 24 24 1.291913
90 192 36 48 48 3.232476
90 204 36 48 48 3.790309
90 216 36 48 48 1.230214
90 192 36 48 48 3.232476
90 204 36 48 48 3.790309
90 216 36 48 48 1.230214
90 0 128 32 32 3.190955
90 8 128 32 32 4.813252
90 16 128 32 32 5.187751
90 24 128 32 32 5.112127
90 7 133 28 28 3.419472
90 14 133 28 28 5.170380
90 21 133 28 28 5.515467
90 112 126 28 28 0.548929
90 168 98 28 28 2.290880
90 238 98 28 28 2.958571
90 245 98 28 28 2.859771
90 245 112 28 28 0.354969
90 455 224 28 28 5.436080
90 455 231 28 28 6.220387
90 455 238 28 28 2.284243
90 462 224 28 28 4.520855
90 462 231 28 28 5.357389
90 462 238 28 28 2.805110
90 469 224 28 28 4.033958
90 469 231 28 28 3.667133
90 192 108 24 24 2.067707
90 192 114 24 24 3.223353
90 198 108 24 24 1.789973
90 198 114 24 24 1.804749
90 210 114 24 24 0.517163
90 390 96 24 24 4.222795
90 396 96 24 24 0.958722
90 402 96 24 24 1.042726
90 480 96 24 24 7.749220
90 480 102 24 24 4.829631
90 486 96 24 24 8.076744
90 486 102 24 24 4.756083
90 492 96 24 24 4.505502
90 492 102 24 24 2.911847
90 498 96 24 24 1.444236
120 192 36 48 48 2.416853
120 204 36 48 48 3.064143
120 216 36 48 48 0.692513
120 192 36 48 48 2.416853
120 204 36 48 48 3.064143
120 216 36 48 48 0.692513
120 264 22 44 44 0.025442
120 264 33 44 44 0.952128
120 288 18 36 36 0.671618
120 8 128 32 32 4.540781
120 16 128 32 32 6.319304
120 24 128 32 32 7.135136
120 14 133 28 28 1.539704
120 21 133 28 28 4.159860
120 112 126 28 28 1.818508
120 119 126 28 28 0.335337
120 224 98 28 28 0.611137
120 238 98 28 28 0.929454
120 245 98 28 28 4.216664
120 198 114 24 24 1.681938
120 204 114 24 24 2.069662
120 288 102 24 24 2.919498
120 402 96 24 24 1.511660
120 402 102 24 24 0.114033
120 486 96 24 24 0.637255
120 486 102 24 24 0.450094
120 492 96 24 24 5.553912
120 492 102 24 24 3.530162
120 498 96 24 24 5.968411
120 498 102 24 24 3.155818
150 192 36 48 48 3.122329
150 204 36 48 48 0.634009
150 192 36 48 48 3.122329
150 204 36 48 48 0.634009
150 264 0 44 44 1.096704
150 363 176 44 44 0.824661
150 9 126 36 36 0.059229
150 18 126 36 36 0.284485
150 288 9 36 36 0.492741
150 288 18 36 36 1.125041
150 0 128 32 32 0.671172
150 8 128 32 32 4.800482
150 8 136 32 32 0.076332
150 16 128 32 32 7.449139
150 24 128 32 32 6.276909
150 256 128 32 32 1.964517
150 256 136 32 32 4.171980
150 14 133 28 28 1.939574
150 21 133 28 28 4.985025
150 112 126 28 28 0.641150
150 119 126 28 28 1.552791
150 126 126 28 28 1.945272
150 224 98 28 28 1.114041
150 245 98 28 28 0.291077
150 192 114 24 24 1.908586
150 198 114 24 24 0.782110
150 288 96 24 24 0.683927
150 288 102 24 24 2.687772
150 396 114 24 24 0.307137
150 498 96 24 24 4.647317
150 498 102 24 24 1.264888
180 32 16 64 64 0.085727
180 272 32 64 64 0.962369
180 420 168 48 48 1.645669
180 420 168 48 48 1.645669
180 0 126 36 36 3.810121
180 9 126 36 36 2.221082
180 198 126 36 36 0.323457
180 0 128 32 32 5.948244
180 0 136 32 32 4.558465
180 8 128 32 32 5.472159
180 8 136 32 32 4.230365
180 16 128 32 32 5.460690
180 16 136 32 32 1.739030
180 24 128 32 32 4.839600
180 192 112 32 32 2.522828
180 192 136 32 32 1.447735
180 192 144 32 32 5.849560
180 7 133 28 28 1.704983
180 14 133 28 28 1.991054
180 21 133 28 28 2.205320
180 112 126 28 28 2.543648
180 119 126 28 28 0.794483
180 168 112 28 28 1.012378
180 238 112 28 28 2.889455
180 245 112 28 28 1.607951
180 390 114 24 24 0.486047
180 498 96 24 24 1.739150
180 498 102 24 24 1.360740
210 16 16 64 64 3.005921
210 16 32 64 64 0.459134
210 32 16 64 64 0.471480
210 32 32 64 64 0.090392
210 192 36 48 48 0.399864
210 216 36 48 48 0.000700
210 192 36 48 48 0.399864
210 216 36 48 48 0.000700
210 242 0 44 44 1.260136
210 242 33 44 44 0.444078
210 363 154 44 44 1.056347
210 374 154 44 44 2.439523
210 385 154 44 44 2.741063
210 350 140 40 40 1.240259
210 144 126 36 36 3.520924
210 144 144 36 36 0.652178
210 153 126 36 36 2.335745
210 0 128 32 32 3.076668
210 0 136 32 32 0.743613
210 8 128 32 32 2.086101
210 16 128 32 32 3.254386
210 16 136 32 32 0.441637
210 24 128 32 32 4.286231
210 136 128 32 32 2.229579
210 136 136 32 32 0.718398
210 136 144 32 32 5.170849
210 136 152 32 32 0.128492
210 144 128 32 32 2.443305
210 144 136 32 32 4.810253
210 144 144 32 32 12.825725
210 144 152 32 32 4.278622
210 384 112 32 32 0.826513
210 126 126 28 28 2.084607
210 154 126 28 28 2.205400
210 154 133 28 28 3.294167
210 168 133 28 28 0.273355
210 224 112 28 28 3.782278
210 231 112 28 28 5.635615
210 238 112 28 28 2.997518
210 336 119 28 28 0.888092
210 350 119 28 28 0.954880
210 498 102 24 24 0.263107
240 0 16 64 64 0.037835
240 0 32 64 64 2.908427
240 16 32 64 64 3.371705
240 16 48 64 64 0.855053
240 32 32 64 64 4.037712
240 32 48 64 64 2.036374
240 204 36 48 48 0.300833
240 216 36 48 48 5.034173
240 204 36 48 48 0.300833
240 216 36 48 48 5.034173
240 242 0 44 44 0.276662
240 242 33 44 44 0.152283
240 240 0 40 40 0.058719
240 320 140 40 40 3.783534
240 330 140 40 40 3.621709
240 340 140 40 40 2.685996
240 340 160 40 40 0.818228
240 315 153 36 36 3.856486
240 315 162 36 36 1.413049
240 441 162 36 36 2.304253
240 441 171 36 36 3.695455
240 450 171 36 36 3.438934
240 264 16 32 32 0.116510
240 0 133 28 28 0.314176
240 7 133 28 28 1.709286
240 154 112 28 28 2.557353
240 154 119 28 28 1.963095
240 168 112 28 28 2.180040
240 168 119 28 28 2.432932
240 224 112 28 28 3.196606
240 231 112 28 28 0.645895
240 245 112 28 28 1.226157
240 245 119 28 28 2.023375
240 245 126 28 28 0.651486
240 448 98 28 28 1.225096
240 96 192 24 24 0.126914
270 256 48 64 64 0.410955
270 216 36 48 48 2.637199
270 216 36 48 48 2.637199
270 242 0 44 44 0.863073
270 242 11 44 44 0.147848
270 242 33 44 44 0.473400
270 0 140 40 40 5.109042
270 10 140 40 40 2.177141
270 30 0 40 40 0.629934
270 0 126 36 36 5.542777
270 0 144 36 36 6.668270
270 0 153 36 36 3.531244
270 0 162 36 36 0.335027
270 9 126 36 36 2.229489
270 9 144 36 36 5.408543
270 9 153 36 36 2.547597
270 27 144 36 36 1.054719
270 288 153 36 36 1.784216
270 288 162 36 36 0.906460
270 297 144 36 36 1.134889
270 297 153 36 36 2.808404
270 297 162 36 36 3.686304
270 306 144 36 36 1.059945
270 306 153 36 36 3.963538
270 306 162 36 36 3.800021
270 306 171 36 36 0.746717
270 315 144 36 36 0.406496
270 315 153 36 36 4.063856
270 315 162 36 36 0.368694
270 8 136 32 32 3.728904
270 8 144 32 32 5.503471
270 8 152 32 32 5.008485
270 16 136 32 32 0.963242
270 16 144 32 32 4.726118
270 16 152 32 32 5.532649
270 154 112 28 28 1.094738
270 154 119 28 28 0.873875
270 168 119 28 28 1.543525
270 224 112 28 28 2.066971
270 224 119 28 28 1.075158
270 224 133 28 28 0.932299
270 231 112 28 28 0.098556
270 231 119 28 28 3.977365
270 231 126 28 28 3.854841
270 231 133 28 28 1.684222
270 238 119 28 28 1.279361
270 238 126 28 28 4.425158
270 238 133 28 28 2.560494
270 245 119 28 28 0.116164
270 245 126 28 28 1.113026
270 448 133 28 28 0.508656
270 306 198 24 24 0.238104
270 384 108 24 24 0.260149
270 390 108 24 24 1.506212
300 0 16 64 64 2.639730
300 0 32 64 64 0.610437
300 16 16 64 64 0.012212
300 192 36 48 48 0.704974
300 204 36 48 48 2.295599
300 216 36 48 48 3.610169
300 192 36 48 48 0.704974
300 204 36 48 48 2.295599
300 216 36 48 48 3.610169
300 242 33 44 44 0.509560
300 10 0 40 40 0.727004
300 20 0 40 40 0.681109
300 18 9 36 36 2.868781
300 27 9 36 36 0.224497
300 288 144 36 36 1.727454
300 288 153 36 36 2.316688
300 0 128 32 32 2.442179
300 8 128 32 32 0.784988
300 24 16 32 32 0.586007
300 24 24 32 32 0.442585
300 136 112 32 32 1.339315
300 144 112 32 32 3.427485
300 392 128 32 32 2.785649
300 392 136 32 32 4.272027
300 400 128 32 32 3.335992
300 400 136 32 32 6.657115
300 408 128 32 32 0.646258
300 408 136 32 32 4.806822
300 408 144 32 32 0.067105
300 112 119 28 28 3.237174
300 154 112 28 28 1.273484
300 154 119 28 28 1.198839
300 224 112 28 28 1.710986
300 224 119 28 28 3.478931
300 224 126 28 28 1.693796
300 224 133 28 28 2.986730
300 231 119 28 28 5.663348
300 231 126 28 28 2.428042
300 238 119 28 28 0.651143
300 245 119 28 28 0.055165
300 357 119 28 28 2.632464
300 448 112 28 28 2.773003
300 455 112 28 28 2.629055
300 288 192 24 24 3.575139
300 288 198 24 24 2.641829
300 294 192 24 24 2.021639
300 294 198 24 24 3.984696
300 294 204 24 24 0.397527
300 300 192 24 24 1.953204
300 300 198 24 24 2.990207
300 300 204 24 24 1.690430
300 306 192 24 24 1.080921
300 306 198 24 24 2.307877
330 48 0 64 64 4.064005
330 192 36 48 48 0.768258
330 204 36 48 48 2.794710
330 216 36 48 48 4.549417
330 192 36 48 48 0.768258
330 204 36 48 48 2.794710
330 216 36 48 48 4.549417
330 240 140 40 40 4.935619
330 240 160 40 40 1.183689
330 0 128 32 32 0.486290
330 8 8 32 32 0.270873
330 8 112 32 32 0.404771
330 8 128 32 32 1.005671
330 128 112 32 32 0.925781
330 136 112 32 32 0.583193
330 176 112 32 32 4.572531
330 192 112 32 32 2.277189
330 256 144 32 32 1.322470
330 264 144 32 32 2.266205
330 408 128 32 32 0.614798
330 0 21 28 28 2.643016
330 0 119 28 28 0.251275
330 7 21 28 28 2.153638
330 14 21 28 28 0.509745
330 112 112 28 28 1.711327
330 112 119 28 28 1.218540
330 119 112 28 28 2.335681
330 119 119 28 28 2.405193
330 126 112 28 28 4.567762
330 126 119 28 28 3.280053
330 224 98 28 28 1.897497
330 224 112 28 28 3.849376
330 224 119 28 28 0.401313
330 231 119 28 28 0.449734
330 238 119 28 28 0.610487
330 469 98 28 28 0.650840
330 96 114 24 24 0.154412
330 132 114 24 24 2.602508
330 144 114 24 24 3.139721
330 204 108 24 24 0.567842
330 204 114 24 24 1.261956
330 210 108 24 24 0.267773
330 210 114 24 24 4.304593
330 480 114 24 24 1.113256
330 486 108 24 24 1.795934
330 486 114 24 24 3.188163
330 492 108 24 24 4.284033
330 492 114 24 24 3.644198
330 498 108 24 24 0.633194
360 16 0 64 64 3.627316
360 32 0 64 64 2.363192
360 32 48 64 64 0.090180
360 48 0 64 64 2.276843
360 48 16 64 64 0.605489
360 48 48 64 64 2.246693
360 264 36 48 48 3.941720
360 288 36 48 48 2.179068
360 384 24 48 48 0.313120
360 384 36 48 48 2.147118
360 396 24 48 48 2.899448
360 396 36 48 48 4.276037
360 408 36 48 48 2.216697
360 420 36 48 48 1.663592
360 264 36 48 48 3.941720
360 288 36 48 48 2.179068
360 384 24 48 48 0.313120
360 384 36 48 48 2.147118
360 396 24 48 48 2.899448
360 396 36 48 48 4.276037
360 408 36 48 48 2.216697
360 420 36 48 48 1.663592
360 216 126 36 36 3.206335
360 24 112 32 32 0.351780
360 272 112 32 32 2.438144
360 280 112 32 32 5.471714
360 408 152 32 32 0.438601
360 0 98 28 28 0.299021
360 0 112 28 28 0.317098
360 7 98 28 28 1.338274
360 7 112 28 28 3.299993
360 14 98 28 28 2.887283
360 14 112 28 28 3.336092
360 21 98 28 28 2.679586
360 21 112 28 28 4.230686
360 21 119 28 28 1.458942
360 336 98 28 28 1.005923
360 336 112 28 28 9.648745
360 336 119 28 28 2.825487
360 336 126 28 28 2.239019
360 343 98 28 28 5.183530
360 343 112 28 28 9.586180
360 343 119 28 28 1.505487
360 343 126 28 28 1.087765
360 350 112 28 28 4.776258
360 357 112 28 28 0.422699
360 448 112 28 28 1.174345
360 455 112 28 28 0.280859
360 12 108 24 24 1.220046
360 12 114 24 24 2.442063
360 18 108 24 24 0.207205
360 18 114 24 24 2.611147
390 0 0 64 64 4.485023
390 16 0 64 64 2.904406
390 256 0 64 64 0.004924
390 352 0 64 64 2.247757
390 24 24 48 48 1.702766
390 36 24 48 48 0.165128
390 192 36 48 48 1.510647
390 204 36 48 48 2.823174
390 216 36 48 48 3.713752
390 264 24 48 48 3.794363
390 264 36 48 48 5.281168
390 384 24 48 48 1.927523
390 384 36 48 48 2.191508
390 384 168 48 48 4.429930
390 396 24 48 48 2.439523
390 396 36 48 48 2.673826
390 396 168 48 48 3.679363
390 408 168 48 48 3.135347
390 420 24 48 48 0.686072
390 420 168 48 48 0.516831
390 24 24 48 48 1.702766
390 36 24 48 48 0.165128
390 192 36 48 48 1.510647
390 204 36 48 48 2.823174
390 216 36 48 48 3.713752
390 264 24 48 48 3.794363
390 264 36 48 48 5.281168
390 384 24 48 48 1.927523
390 384 36 48 48 2.191508
390 384 168 48 48 4.429930
390 396 24 48 48 2.439523
390 396 36 48 48 2.673826
390 396 168 48 48 3.679363
390 408 168 48 48 3.135347
390 420 24 48 48 0.686072
390 420 168 48 48 0.516831
390 242 22 44 44 2.723748
390 242 33 44 44 1.518699
390 363 33 44 44 3.063555
390 374 22 44 44 1.864894
390 374 33 44 44 4.630058
390 374 176 44 44 1.937834
390 385 22 44 44 0.822433
390 385 33 44 44 2.462913
390 385 176 44 44 6.021457
390 385 187 44 44 3.426796
390 240 20 40 40 0.776707
390 240 30 40 40 0.858187
390 162 9 36 36 0.755415
390 216 27 36 36 0.704810
390 288 144 36 36 6.134102
390 288 153 36 36 1.562943
390 297 144 36 36 3.532331
390 264 152 32 32 0.757592
390 272 112 32 32 0.801955
390 224 112 28 28 3.603986
390 224 119 28 28 2.119902
390 231 112 28 28 2.623653
390 231 119 28 28 5.097164
390 238 119 28 28 3.447492
390 245 112 28 28 1.467676
390 198 114 24 24 5.241713
390 204 114 24 24 2.659638
390 210 114 24 24 1.294940
390 288 96 24 24 1.629811
390 288 114 24 24 7.037135
390 294 96 24 24 3.632299
390 294 102 24 24 0.812857
390 294 108 24 24 0.115096
390 294 114 24 24 10.114191
390 300 96 24 24 1.488294
390 300 114 24 24 8.319747
390 300 192 24 24 0.586522
390 306 114 24 24 1.455783
390 306 192 24 24 2.022488
390 402 108 24 24 1.338721
390 498 96 24 24 1.445087
420 48 0 64 64 2.168659
420 256 0 64 64 4.717492
420 256 16 64 64 0.874076
420 272 0 64 64 7.903871
420 272 16 64 64 3.331115
420 288 0 64 64 0.591269
420 24 24 48 48 1.221518
420 264 36 48 48 2.198282
420 288 0 48 48 0.106527
420 288 36 48 48 4.146768
420 384 0 48 48 0.236485
420 384 12 48 48 0.397880
420 396 12 48 48 3.233645
420 24 24 48 48 1.221518
420 264 36 48 48 2.198282
420 288 0 48 48 0.106527
420 288 36 48 48 4.146768
420 384 0 48 48 0.236485
420 384 12 48 48 0.397880
420 396 12 48 48 3.233645
420 242 0 44 44 1.515447
420 352 176 44 44 3.103443
420 352 187 44 44 3.007772
420 352 198 44 44 0.926850
420 352 209 44 44 1.263547
420 363 176 44 44 3.956894
420 363 187 44 44 3.284420
420 363 209 44 44 0.344800
420 374 11 44 44 1.220022
420 385 11 44 44 1.169016
420 320 0 40 40 0.321825
420 320 10 40 40 4.944125
420 320 20 40 40 5.327448
420 320 30 40 40 2.008304
420 320 160 40 40 2.621248
420 330 160 40 40 2.076520
420 350 180 40 40 0.788952
420 450 126 36 36 0.572028
420 459 126 36 36 0.059410
420 224 21 28 28 3.015628
420 231 98 28 28 6.011684
420 238 98 28 28 5.206106
420 245 98 28 28 0.268332
420 245 112 28 28 3.196479
420 96 96 24 24 1.857654
420 96 102 24 24 3.621943
420 96 108 24 24 2.931374
420 102 102 24 24 4.061079
420 102 108 24 24 4.930793
420 102 114 24 24 0.102995
420 108 96 24 24 0.973728
420 108 102 24 24 6.226603
420 108 108 24 24 3.880161
420 306 114 24 24 0.734330
420 492 84 24 24 0.160430
420 498 84 24 24 1.212217
450 12 36 48 48 2.218544
450 24 36 48 48 1.592967
450 192 36 48 48 0.920399
450 264 36 48 48 3.237718
450 384 36 48 48 0.675243
450 396 12 48 48 0.982639
450 396 24 48 48 2.079572
450 396 36 48 48 4.869742
450 408 0 48 48 1.283803
450 408 12 48 48 0.363804
450 408 24 48 48 1.237669
450 408 36 48 48 4.106180
450 12 36 48 48 2.218544
450 24 36 48 48 1.592967
450 192 36 48 48 0.920399
450 264 36 48 48 3.237718
450 384 36 48 48 0.675243
450 396 12 48 48 0.982639
450 396 24 48 48 2.079572
450 396 36 48 48 4.869742
450 408 0 48 48 1.283803
450 408 12 48 48 0.363804
450 408 24 48 48 1.237669
450 408 36 48 48 4.106180
450 160 20 40 40 3.551069
450 160 30 40 40 7.457307
450 432 9 36 36 0.479644
450 432 18 36 36 5.168681
450 432 27 36 36 5.452077
450 8 112 32 32 3.200379
450 16 112 32 32 1.415646
450 144 0 32 32 1.304112
450 264 0 32 32 1.846898
450 272 0 32 32 2.682053
450 7 112 28 28 3.664163
450 7 119 28 28 1.668687
450 14 112 28 28 4.590836
450 14 119 28 28 6.071712
450 14 126 28 28 2.525042
450 14 133 28 28 1.756895
450 21 112 28 28 4.349882
450 21 119 28 28 3.392283
450 21 126 28 28 3.786829
450 21 133 28 28 2.879785
450 224 21 28 28 0.747248
450 12 84 24 24 0.639798
450 18 84 24 24 1.529408
450 18 96 24 24 1.696875
450 18 102 24 24 1.212006
450 18 114 24 24 4.388352
450 132 96 24 24 2.618851
450 132 102 24 24 3.676982
450 132 108 24 24 3.221658
450 144 96 24 24 1.876620
450 144 102 24 24 5.166056
450 144 108 24 24 1.387694
450 192 12 24 24 7.791881
450 192 18 24 24 7.219149
450 198 12 24 24 1.719370
450 198 18 24 24 0.260406
450 198 102 24 24 1.418792
450 198 108 24 24 0.143642
450 204 108 24 24 1.785874
450 204 114 24 24 1.471801
450 288 18 24 24 0.208730
450 288 102 24 24 0.103297
450 288 108 24 24 0.559465
450 300 114 24 24 1.971439
450 306 18 24 24 1.098217
480 48 0 64 64 0.274443
480 256 16 64 64 2.948034
480 272 16 64 64 2.243121
480 288 0 64 64 1.275944
480 288 16 64 64 0.850420
480 352 0 64 64 1.573896
480 24 24 48 48 0.558808
480 264 36 48 48 6.688735
480 384 36 48 48 4.185505
480 420 228 48 48 1.081618
480 24 24 48 48 0.558808
480 264 36 48 48 6.688735
480 384 36 48 48 4.185505
480 420 228 48 48 1.081618
480 20 0 40 40 0.416324
480 30 0 40 40 1.966287
480 400 256 32 32 0.728812
480 102 96 24 24 1.964577
480 102 102 24 24 0.808890
480 108 96 24 24 4.288118
480 108 102 24 24 5.757957
480 144 84 24 24 0.199509
480 288 0 24 24 1.746904
480 288 6 24 24 0.962266
480 288 114 24 24 1.698753
480 294 0 24 24 6.591378
480 294 6 24 24 5.276620
480 300 0 24 24 0.111801
480 492 12 24 24 0.925034
480 498 6 24 24 0.043714
480 498 12 24 24 2.961627
510 0 0 64 64 2.287269
510 16 0 64 64 2.358634
510 32 0 64 64 1.460767
510 48 0 64 64 1.018428
510 256 0 64 64 4.542473
510 256 16 64 64 1.620057
510 272 0 64 64 6.117041
510 272 16 64 64 4.686737
510 288 0 64 64 5.423246
510 288 16 64 64 1.322095
510 0 12 48 48 1.955944
510 0 24 48 48 5.861022
510 0 36 48 48 3.051754
510 12 12 48 48 1.785553
510 12 24 48 48 6.874014
510 12 36 48 48 4.923101
510 24 12 48 48 3.731998
510 24 24 48 48 9.650394
510 24 36 48 48 3.462014
510 36 12 48 48 3.301855
510 36 24 48 48 7.128447
510 192 24 48 48 3.332388
510 192 36 48 48 2.622854
510 204 24 48 48 1.326264
510 216 24 48 48 2.399942
510 0 12 48 48 1.955944
510 0 24 48 48 5.861022
510 0 36 48 48 3.051754
510 12 12 48 48 1.785553
510 12 24 48 48 6.874014
510 12 36 48 48 4.923101
510 24 12 48 48 3.731998
510 24 24 48 48 9.650394
510 24 36 48 48 3.462014
510 36 12 48 48 3.301855
510 36 24 48 48 7.128447
510 192 24 48 48 3.332388
510 192 36 48 48 2.622854
510 204 24 48 48 1.326264
510 216 24 48 48 2.399942
510 0 22 44 44 0.465488
510 0 33 44 44 4.003303
510 11 22 44 44 2.507537
510 11 33 44 44 6.956210
510 22 22 44 44 0.541739
510 22 33 44 44 7.698145
510 33 22 44 44 3.605301
510 33 33 44 44 12.906505
510 224 98 28 28 1.183854
510 350 7 28 28 1.009195
510 132 102 24 24 1.511725
510 132 108 24 24 1.502993
510 198 108 24 24 0.874539
510 210 84 24 24 1.567157
510 210 114 24 24 4.246684
510 402 108 24 24 3.845295
510 402 114 24 24 5.766762
510 498 102 24 24 3.789784
510 498 108 24 24 6.289739
510 498 114 24 24 5.998417
540 32 0 64 64 1.380418
540 48 0 64 64 2.970975
540 256 0 64 64 5.891536
540 272 0 64 64 5.886909
540 272 16 64 64 0.694980
540 288 16 64 64 2.145722
540 352 0 64 64 5.352891
540 352 16 64 64 0.529813
540 36 24 48 48 2.903688
540 264 24 48 48 2.539719
540 264 36 48 48 7.447918
540 36 24 48 48 2.903688
540 264 24 48 48 2.539719
540 264 36 48 48 7.447918
540 24 112 32 32 0.038441
540 12 12 24 24 0.233183
540 12 18 24 24 1.205108
540 102 102 24 24 0.731979
540 108 96 24 24 0.875928
540 108 102 24 24 6.052195
540 132 96 24 24 0.591004
540 132 102 24 24 6.560639
540 132 108 24 24 1.440038
540 144 102 24 24 4.626783
540 192 96 24 24 1.597425
540 204 108 24 24 3.665443
540 204 114 24 24 3.815200
540 210 102 24 24 0.527922
540 210 108 24 24 5.835699
540 210 114 24 24 5.557890
540 288 84 24 24 3.720572
540 288 114 24 24 0.540500
540 300 114 24 24 2.134529
540 306 114 24 24 1.825962
570 272 0 64 64 1.564064
570 288 0 64 64 3.214245
570 288 16 64 64 4.441833
570 352 0 64 64 5.111621
570 352 16 64 64 3.040631
570 352 32 64 64 0.679949
570 192 12 48 48 1.355183
570 192 24 48 48 7.375868
570 192 36 48 48 4.346303
570 204 0 48 48 2.247415
570 204 12 48 48 4.053115
570 204 24 48 48 4.406447
570 192 12 48 48 1.355183
570 192 24 48 48 7.375868
570 192 36 48 48 4.346303
570 204 0 48 48 2.247415
570 204 12 48 48 4.053115
570 204 24 48 48 4.406447
570 176 33 44 44 7.084532
570 187 33 44 44 6.673053
570 198 22 44 44 1.636384
570 198 33 44 44 7.782546
570 220 20 40 40 0.279127
570 220 30 40 40 1.701877
570 0 112 32 32 3.196453
570 8 112 32 32 6.380378
570 16 112 32 32 2.725031
570 128 128 32 32 2.741182
570 136 112 32 32 1.383500
570 136 128 32 32 10.227230
570 136 136 32 32 1.468986
570 144 128 32 32 8.236647
570 0 126 28 28 0.817417
570 0 133 28 28 0.267082
570 7 126 28 28 2.178150
570 7 133 28 28 1.137175
570 14 126 28 28 1.454908
570 154 126 28 28 4.589968
570 154 133 28 28 7.537588
570 168 98 28 28 3.797868
570 336 98 28 28 0.057750
570 357 112 28 28 1.539192
570 357 119 28 28 1.087385
570 18 114 24 24 2.851188
570 192 102 24 24 7.115367
570 192 108 24 24 6.729640
570 198 102 24 24 5.798980
570 198 108 24 24 3.726002
570 204 102 24 24 3.658169
570 204 108 24 24 1.744357
570 210 102 24 24 0.706155
570 210 108 24 24 0.998172
600 256 0 64 64 1.350164
600 352 0 64 64 7.500561
600 352 16 64 64 4.242875
600 352 32 64 64 0.280107
600 192 36 48 48 5.252059
600 204 36 48 48 3.422064
600 216 24 48 48 3.702048
600 216 36 48 48 6.083821
600 420 12 48 48 0.297285
600 192 36 48 48 5.252059
600 204 36 48 48 3.422064
600 216 24 48 48 3.702048
600 216 36 48 48 6.083821
600 420 12 48 48 0.297285
600 374 22 44 44 0.667422
600 385 22 44 44 0.119612
600 240 30 40 40 3.954890
600 198 126 36 36 4.034031
600 216 126 36 36 3.706644
600 136 128 32 32 1.171045
600 136 136 32 32 5.827335
600 136 144 32 32 1.894679
600 144 128 32 32 3.626851
600 144 136 32 32 6.152305
600 144 144 32 32 2.408786
600 384 112 32 32 1.590050
600 392 112 32 32 2.762218
600 400 112 32 32 0.996108
600 21 133 28 28 0.590557
600 224 112 28 28 2.061568
600 224 119 28 28 1.896914
600 224 126 28 28 0.986161
600 224 133 28 28 8.858026
600 336 119 28 28 1.652430
600 336 126 28 28 1.159501
600 455 126 28 28 1.052311
600 192 108 24 24 3.552734
600 198 108 24 24 5.756925
600 198 114 24 24 3.047168
600 204 108 24 24 4.480693
600 204 114 24 24 4.649586
600 210 108 24 24 6.156612
600 210 114 24 24 8.291715
600 294 114 24 24 0.455387
600 300 114 24 24 3.142884
630 352 0 64 64 4.916101
630 352 16 64 64 5.161805
630 352 32 64 64 2.007544
630 192 36 48 48 5.229764
630 204 36 48 48 3.759284
630 216 12 48 48 0.954345
630 216 24 48 48 2.630455
630 216 36 48 48 1.403391
630 192 36 48 48 5.229764
630 204 36 48 48 3.759284
630 216 12 48 48 0.954345
630 216 24 48 48 2.630455
630 216 36 48 48 1.403391
630 8 128 32 32 1.948752
630 16 128 32 32 0.230592
630 192 136 32 32 2.917038
630 192 144 32 32 3.620978
630 256 136 32 32 1.343178
630 264 128 32 32 2.494895
630 264 136 32 32 4.898747
630 264 144 32 32 0.052705
630 272 112 32 32 0.195170
630 272 128 32 32 3.946963
630 272 136 32 32 4.291982
630 272 144 32 32 1.273630
630 392 112 32 32 2.982310
630 21 112 28 28 0.229633
630 224 98 28 28 0.927146
630 231 98 28 28 1.988777
630 238 98 28 28 4.149729
630 192 114 24 24 1.303481
630 198 114 24 24 0.904924
630 204 114 24 24 3.201036
630 210 108 24 24 1.976562
630 210 114 24 24 3.301165
660 352 0 64 64 0.534986
660 352 32 64 64 5.122872
660 352 48 64 64 1.003822
660 192 24 48 48 2.181425
660 192 36 48 48 6.500955
660 204 12 48 48 0.841652
660 204 24 48 48 3.468934
660 204 36 48 48 3.449194
660 192 24 48 48 2.181425
660 192 36 48 48 6.500955
660 204 12 48 48 0.841652
660 204 24 48 48 3.468934
660 204 36 48 48 3.449194
660 198 33 44 44 1.367399
660 288 126 36 36 4.260857
660 297 126 36 36 12.161712
660 297 144 36 36 2.849860
660 306 126 36 36 9.895049
660 306 144 36 36 1.900214
660 315 126 36 36 2.712059
660 384 128 32 32 2.103244
660 384 136 32 32 0.714264
660 154 112 28 28 6.473918
660 168 112 28 28 4.276045
660 238 112 28 28 1.697048
660 245 112 28 28 2.652584
660 245 119 28 28 1.097227
660 350 112 28 28 0.395925
660 350 119 28 28 2.520612
660 350 126 28 28 2.505870
660 357 126 28 28 0.269575
660 144 114 24 24 0.059410
660 192 108 24 24 2.014326
660 192 114 24 24 6.880398
660 198 108 24 24 0.963703
660 198 114 24 24 2.241287
660 390 114 24 24 2.064970
690 16 0 64 64 0.934891
690 16 16 64 64 1.606201
690 32 0 64 64 4.659013
690 32 16 64 64 2.621342
690 48 0 64 64 1.740525
690 48 16 64 64 2.338515
690 48 32 64 64 2.393140
690 256 16 64 64 1.206740
690 256 32 64 64 4.365311
690 256 48 64 64 6.209144
690 272 16 64 64 3.997949
690 272 32 64 64 6.381499
690 272 48 64 64 6.321406
690 288 16 64 64 2.431675
690 288 32 64 64 5.362067
690 288 48 64 64 4.476849
690 352 48 64 64 2.397855
690 320 140 40 40 2.510373
690 306 126 36 36 1.033189
690 315 126 36 36 5.282732
690 315 144 36 36 5.365480
690 315 153 36 36 4.466462
690 256 136 32 32 3.313772
690 256 144 32 32 9.588342
690 256 152 32 32 9.192556
690 264 136 32 32 1.596913
690 264 144 32 32 5.045206
690 264 152 32 32 6.114024
690 112 112 28 28 8.843866
690 119 112 28 28 8.924773
690 126 112 28 28 8.330281
690 154 98 28 28 0.297745
690 168 98 28 28 1.147040
720 0 0 64 64 4.989074
720 0 16 64 64 5.186609
720 16 16 64 64 1.747388
720 352 32 64 64 0.109151
720 24 36 48 48 1.786202
720 36 36 48 48 0.995128
720 24 36 48 48 1.786202
720 36 36 48 48 0.995128
720 170 140 40 40 3.311845
720 180 140 40 40 3.354463
720 198 126 36 36 4.597770
720 198 144 36 36 2.698788
720 198 153 36 36 3.173945
720 198 162 36 36 1.245897
720 288 126 36 36 1.955068
720 432 126 36 36 1.179916
720 192 136 32 32 0.922764
720 192 144 32 32 6.338639
720 192 152 32 32 4.487107
720 256 144 32 32 6.200756
720 256 152 32 32 3.579652
720 264 136 32 32 2.602059
720 264 144 32 32 10.062943
720 264 152 32 32 7.783746
720 272 136 32 32 2.773003
720 272 144 32 32 11.040827
720 272 152 32 32 6.934861
720 280 144 32 32 7.290406
720 280 152 32 32 5.486549
720 0 112 28 28 0.630884
720 0 119 28 28 6.085001
720 7 112 28 28 1.495922
720 7 119 28 28 5.151212
720 14 112 28 28 0.394723
720 14 119 28 28 0.581982
720 448 126 28 28 0.015937
720 204 192 24 24 4.505282
720 210 192 24 24 2.284414
750 0 48 64 64 4.302569
750 352 16 64 64 1.259702
750 384 0 48 48 1.402851
750 384 12 48 48 0.588005
750 384 0 48 48 1.402851
750 384 12 48 48 0.588005
750 0 154 44 44 0.563949
750 11 154 44 44 3.555486
750 0 0 40 40 0.022014
750 10 140 40 40 2.857540
750 10 160 40 40 2.573554
750 10 170 40 40 2.309744
750 20 140 40 40 6.259163
750 20 160 40 40 5.890296
750 20 170 40 40 5.525075
750 30 140 40 40 5.777640
750 30 160 40 40 3.237185
750 18 144 36 36 0.319942
750 18 153 36 36 3.961293
750 18 162 36 36 4.460460
750 18 171 36 36 5.301098
750 27 144 36 36 4.007110
750 27 153 36 36 6.661223
750 27 162 36 36 7.280858
750 27 171 36 36 8.850725
750 216 144 36 36 0.108782
750 216 153 36 36 0.450750
750 288 144 36 36 0.035868
750 297 144 36 36 0.818714
750 297 153 36 36 0.517798
750 306 144 36 36 1.963272
750 306 153 36 36 1.205023
750 0 144 32 32 3.569356
750 0 152 32 32 1.859607
750 128 144 32 32 5.583466
750 128 152 32 32 7.872382
750 136 144 32 32 0.845702
750 136 152 32 32 2.430100
750 392 152 32 32 0.622166
750 400 152 32 32 3.006119
750 408 152 32 32 0.748934
750 224 14 28 28 0.652164
750 231 14 28 28 0.575858
750 231 126 28 28 0.657534
750 231 133 28 28 1.169141
750 6 198 24 24 1.618927
750 6 204 24 24 0.459118
750 300 192 24 24 0.370287
780 256 48 64 64 0.855600
780 272 48 64 64 1.124276
780 240 140 40 40 2.162637
780 0 162 36 36 0.589193
780 216 162 36 36 0.158049
780 216 171 36 36 0.855712
780 306 144 36 36 0.181202
780 306 153 36 36 2.736315
780 315 144 36 36 7.910000
780 315 153 36 36 7.276692
780 315 162 36 36 1.314128
780 450 162 36 36 0.172105
780 459 153 36 36 1.435987
780 459 162 36 36 0.648969
780 128 136 32 32 2.229958
780 384 8 32 32 1.919863
780 392 8 32 32 1.277440
780 469 14 28 28 0.304692
780 6 198 24 24 0.281601
780 12 198 24 24 0.252792
780 18 198 24 24 0.218298
780 96 198 24 24 1.828256
780 96 204 24 24 0.854769
780 102 204 24 24 0.212384
780 480 198 24 24 0.674377
780 480 204 24 24 1.098217
810 288 48 64 64 2.415123
810 420 0 48 48 0.180886
810 420 0 48 48 0.180886
810 0 20 40 40 1.761858
810 0 30 40 40 1.251726
810 10 170 40 40 0.464807
810 220 160 40 40 3.057565
810 220 170 40 40 1.167042
810 320 140 40 40 0.896414
810 330 10 40 40 0.340400
810 330 140 40 40 0.980737
810 340 0 40 40 1.389639
810 0 306 36 36 0.451189
810 9 306 36 36 1.153537
810 18 306 36 36 2.041442
810 27 306 36 36 1.881813
810 216 162 36 36 1.301485
810 288 144 36 36 2.052466
810 288 153 36 36 0.331409
810 288 162 36 36 3.094809
810 288 171 36 36 1.618861
810 297 144 36 36 1.925935
810 297 153 36 36 4.553813
810 297 162 36 36 4.131210
810 297 171 36 36 2.902118
810 306 162 36 36 2.606373
810 306 171 36 36 0.144533
810 315 162 36 36 2.151672
810 432 144 36 36 2.275723
810 441 18 36 36 3.601679
810 441 27 36 36 4.760015
810 441 144 36 36 0.219925
810 450 18 36 36 2.430924
810 450 27 36 36 3.842282
810 450 126 36 36 1.872543
810 0 8 32 32 2.009551
810 0 16 32 32 1.597248
810 128 16 32 32 0.368026
810 136 16 32 32 1.081140
810 136 24 32 32 1.672772
810 0 14 28 28 0.716042
810 0 21 28 28 5.454930
810 7 14 28 28 1.037362
810 7 21 28 28 2.743235
810 126 21 28 28 1.172209
810 343 133 28 28 0.986289
810 350 133 28 28 0.628758
810 469 119 28 28 0.588835
810 108 12 24 24 0.140388
810 132 18 24 24 2.448332
840 0 48 64 64 6.138570
840 16 48 64 64 3.895592
840 32 48 64 64 4.678019
840 48 48 64 64 0.401026
840 272 16 64 64 4.717942
840 272 32 64 64 0.172415
840 288 16 64 64 5.187376
840 12 0 48 48 3.608662
840 12 0 48 48 3.608662
840 22 0 44 44 1.176348
840 22 11 44 44 1.312871
840 30 10 40 40 1.161720
840 30 20 40 40 0.027092
840 160 10 40 40 1.298511
840 9 126 36 36 2.417090
840 162 126 36 36 0.753079
840 8 128 32 32 1.415894
840 16 128 32 32 1.175905
840 16 136 32 32 3.855309
840 192 128 32 32 1.640550
840 192 136 32 32 4.819671
840 256 128 32 32 0.566214
840 264 128 32 32 2.450014
840 264 136 32 32 1.090286
840 280 128 32 32 1.335274
840 154 126 28 28 2.105664
840 154 133 28 28 6.286462
840 357 119 28 28 2.484860
840 455 126 28 28 1.035581
840 462 119 28 28 3.074382
840 462 126 28 28 6.985944
840 469 119 28 28 0.286075
840 469 126 28 28 8.628606
840 469 133 28 28 3.522775
840 12 198 24 24 2.012956
840 12 204 24 24 0.490253
840 18 198 24 24 6.144523
840 18 204 24 24 5.984640
840 132 192 24 24 0.690502
840 210 96 24 24 0.420582
840 210 108 24 24 0.752799
840 210 114 24 24 1.440652
840 384 18 24 24 0.646694
870 0 16 64 64 2.175965
870 0 32 64 64 3.269456
870 16 0 64 64 1.923945
870 16 16 64 64 5.390657
870 16 32 64 64 4.275542
870 32 16 64 64 1.406303
870 48 16 64 64 0.090539
870 288 32 64 64 1.872936
870 27 126 36 36 0.842624
870 136 112 32 32 4.657099
870 144 112 32 32 8.198176
870 256 112 32 32 0.233958
870 154 112 28 28 3.662960
870 154 119 28 28 9.154035
870 154 126 28 28 8.030163
870 168 112 28 28 4.419575
870 168 119 28 28 2.056989
870 357 126 28 28 0.698363
870 448 14 28 28 2.194624
870 448 21 28 28 0.959176
870 455 14 28 28 0.691221
870 455 21 28 28 1.069019
870 469 133 28 28 1.211353
870 144 6 24 24 3.697522
870 144 12 24 24 3.959735
870 498 192 24 24 0.953431
900 16 0 64 64 2.875593
900 32 0 64 64 5.506785
900 48 0 64 64 6.728074
900 272 16 64 64 1.010375
900 0 112 32 32 0.481953
900 16 112 32 32 0.139174
900 24 112 32 32 2.322354
900 0 133 28 28 4.374013
900 7 126 28 28 0.462331
900 7 133 28 28 4.879103
900 14 112 28 28 0.650002
900 14 126 28 28 0.207489
900 21 112 28 28 1.171761
900 21 126 28 28 2.011263
900 21 133 28 28 0.703932
900 112 112 28 28 4.986454
900 112 119 28 28 2.028784
900 119 112 28 28 6.221499
900 119 119 28 28 2.577483
900 126 98 28 28 0.082891
900 126 112 28 28 5.930580
900 231 112 28 28 1.730447
900 238 112 28 28 2.670463
900 336 112 28 28 3.252249
900 336 119 28 28 1.438491
900 350 133 28 28 0.451292
900 357 133 28 28 0.174748
900 390 84 24 24 0.676533
900 402 96 24 24 1.336101
900 402 102 24 24 0.882922
900 480 0 24 24 1.003284
900 486 0 24 24 3.204396
900 486 6 24 24 0.750576
900 492 0 24 24 2.188695
900 492 6 24 24 0.782197
900 492 12 24 24 0.093499
900 498 0 24 24 0.372514
930 0 0 64 64 7.192034
930 0 16 64 64 1.445349
930 16 0 64 64 5.487402
930 32 0 64 64 1.782046
930 36 36 48 48 0.498851
930 264 36 48 48 4.090376
930 408 168 48 48 1.488174
930 420 36 48 48 0.600691
930 420 168 48 48 0.999126
930 36 36 48 48 0.498851
930 264 36 48 48 4.090376
930 408 168 48 48 1.488174
930 420 36 48 48 0.600691
930 420 168 48 48 0.999126
930 352 33 44 44 0.820168
930 363 33 44 44 0.673564
930 288 126 36 36 1.903516
930 297 126 36 36 1.947713
930 306 126 36 36 2.293130
930 126 98 28 28 2.092871
930 245 112 28 28 0.187498
930 448 126 28 28 1.504547
930 448 133 28 28 4.458419
930 455 133 28 28 1.525275
930 455 238 28 28 0.253274
930 192 108 24 24 1.385147
930 192 114 24 24 1.271614
930 384 96 24 24 2.652676
930 384 102 24 24 0.960313
930 390 0 24 24 2.079643
930 390 96 24 24 0.795994
930 390 102 24 24 1.072142
930 390 108 24 24 2.555856
930 396 108 24 24 2.688010
930 396 114 24 24 3.602391
930 402 96 24 24 0.089681
930 402 102 24 24 0.315469
930 402 108 24 24 2.071258
930 402 114 24 24 4.098217
930 480 114 24 24 0.897465
930 492 108 24 24 0.061059
960 0 0 64 64 4.370578
960 0 16 64 64 2.349978
960 16 0 64 64 1.326576
960 256 0 64 64 0.181308
960 24 36 48 48 3.199111
960 36 36 48 48 2.483200
960 204 36 48 48 1.388292
960 264 36 48 48 2.678155
960 384 12 48 48 2.825279
960 384 24 48 48 1.622541
960 396 12 48 48 0.276125
960 396 24 48 48 1.960613
960 24 36 48 48 3.199111
960 36 36 48 48 2.483200
960 204 36 48 48 1.388292
960 264 36 48 48 2.678155
960 384 12 48 48 2.825279
960 384 24 48 48 1.622541
960 396 12 48 48 0.276125
960 396 24 48 48 1.960613
960 385 22 44 44 2.819939
960 385 33 44 44 0.572049
960 320 140 40 40 0.432785
960 330 140 40 40 0.948892
960 340 140 40 40 2.600113
960 340 160 40 40 0.500124
960 350 140 40 40 2.099962
960 306 126 36 36 6.097320
960 315 126 36 36 4.538606
960 315 144 36 36 0.718507
960 16 112 32 32 0.536405
960 24 112 32 32 0.854517
960 14 119 28 28 0.094660
960 21 112 28 28 3.329620
960 21 119 28 28 4.749878
960 126 98 28 28 0.656056
960 336 126 28 28 1.038909
960 336 133 28 28 1.971692
960 192 108 24 24 0.210090
960 192 114 24 24 1.808502
960 384 198 24 24 0.879566
990 0 0 64 64 4.418322
990 0 16 64 64 4.152629
990 16 0 64 64 5.350797
990 16 16 64 64 3.406582
990 32 0 64 64 1.440299
990 272 0 64 64 0.088950
990 288 0 64 64 0.494436
990 288 36 48 48 0.614384
990 384 24 48 48 0.231205
990 288 36 48 48 0.614384
990 384 24 48 48 0.231205
990 350 140 40 40 1.978964
990 450 27 36 36 0.618102
990 459 27 36 36 0.288330
990 8 112 32 32 0.900606
990 16 112 32 32 2.864555
990 24 112 32 32 4.133772
990 384 144 32 32 0.943172
990 384 152 32 32 3.812806
990 392 152 32 32 2.735941
990 0 126 28 28 2.177539
990 7 126 28 28 4.567980
990 14 119 28 28 1.164645
990 14 126 28 28 3.054352
990 21 119 28 28 0.826651
990 336 112 28 28 2.368246
990 343 112 28 28 2.250892
990 343 119 28 28 1.278273
990 350 112 28 28 0.429268
990 350 119 28 28 0.171207
990 18 6 24 24 0.545383
990 96 18 24 24 1.603502
1020 0 0 64 64 3.885756
1020 0 16 64 64 1.712157
1020 256 0 64 64 3.666267
1020 272 0 64 64 4.396802
1020 272 16 64 64 1.614277
1020 288 0 64 64 2.370983
1020 352 16 64 64 0.276785
1020 352 32 64 64 3.395517
1020 352 48 64 64 4.994082
1020 288 36 48 48 1.899015
1020 288 36 48 48 1.899015
1020 0 112 32 32 0.635255
1020 384 128 32 32 0.582797
1020 384 136 32 32 0.062620
1020 384 144 32 32 0.058618
1020 0 126 28 28 0.788355
1020 0 133 28 28 1.909010
1020 7 126 28 28 1.813710
1020 7 133 28 28 0.361729
1020 14 119 28 28 0.195439
1020 14 126 28 28 2.627669
1020 21 126 28 28 2.698501
1020 112 112 28 28 0.395797
1020 112 119 28 28 4.236527
1020 112 126 28 28 3.614820
1020 119 119 28 28 1.491622
1020 119 126 28 28 0.793733
1020 224 112 28 28 0.155013
1020 455 224 28 28 0.165480
1020 469 224 28 28 1.879800
1020 0 0 24 24 8.153625
1020 6 0 24 24 2.805302
1020 12 0 24 24 0.837514
1020 18 0 24 24 4.546905
1020 210 114 24 24 0.409202
1050 0 16 64 64 0.915018
1050 256 0 64 64 4.141067
1050 272 0 64 64 2.896075
1050 288 0 64 64 1.780342
1050 352 0 64 64 1.529110
1050 352 16 64 64 2.316548
1050 352 32 64 64 2.039288
1050 288 36 48 48 0.911581
1050 396 36 48 48 1.742862
1050 408 36 48 48 1.003648
1050 288 36 48 48 0.911581
1050 396 36 48 48 1.742862
1050 408 36 48 48 1.003648
1050 384 112 32 32 1.123234
1050 400 112 32 32 1.728937
1050 14 119 28 28 0.028670
1050 14 126 28 28 1.011304
1050 21 126 28 28 0.490004
1050 154 119 28 28 1.379730
1050 154 126 28 28 0.819369
1050 168 119 28 28 3.340169
1050 224 119 28 28 0.342881
1050 336 112 28 28 3.304405
1050 336 119 28 28 1.197290
1050 343 112 28 28 1.128158
1050 350 112 28 28 0.793947
1050 357 112 28 28 2.772721
1080 256 0 64 64 3.371781
1080 0 112 32 32 2.239998
1080 8 112 32 32 1.612042
1080 128 112 32 32 1.335381
1080 136 112 32 32 1.692523
1080 7 119 28 28 0.353424
1080 7 126 28 28 0.972173
1080 14 126 28 28 2.726946
1080 154 112 28 28 1.979683
1080 154 119 28 28 3.545142
1080 336 112 28 28 0.528335
1080 336 119 28 28 2.858145
1080 343 112 28 28 0.005233
1080 350 112 28 28 3.795514
1080 357 112 28 28 3.006967
1110 256 0 64 64 1.003239
1110 352 0 64 64 0.524187
1110 0 128 32 32 2.872257
1110 408 112 32 32 2.446661
1110 0 133 28 28 7.246590
1110 7 133 28 28 6.355587
1110 14 126 28 28 0.564128
1110 14 133 28 28 5.177085
1110 21 133 28 28 0.041170
1110 126 119 28 28 0.263010
1110 126 126 28 28 2.392846
1110 154 98 28 28 0.918225
1110 336 112 28 28 3.535077
1110 336 119 28 28 1.837378
1110 343 112 28 28 4.366394
1110 343 119 28 28 3.119375
1110 350 119 28 28 1.884325
1110 448 119 28 28 3.327545
1110 448 126 28 28 5.732474
1110 448 133 28 28 6.524662
1110 455 119 28 28 1.323338
1110 455 126 28 28 1.453253
1110 455 133 28 28 2.671776
1110 462 119 28 28 0.269001
1110 462 126 28 28 0.371044
1110 462 133 28 28 4.233873
1110 469 119 28 28 0.549857
1110 469 126 28 28 2.077061
1110 469 133 28 28 5.080558
1110 198 102 24 24 1.057135
1110 198 108 24 24 2.870569
1110 198 114 24 24 0.510435
1110 204 108 24 24 1.652194
1110 210 108 24 24 0.067125
1110 210 114 24 24 1.262037
1110 396 114 24 24 0.300969
1140 112 119 28 28 1.783865
1140 112 126 28 28 1.170573
1140 336 98 28 28 0.073176
1140 350 98 28 28 0.131336
1140 350 112 28 28 0.157558
1140 455 119 28 28 0.940390
1140 462 119 28 28 1.405288
1140 0 114 24 24 1.339806
1140 6 96 24 24 1.083615
1140 6 114 24 24 3.832524
1140 12 96 24 24 0.231610
1140 18 96 24 24 4.029158
1140 192 102 24 24 0.179928
1140 198 96 24 24 3.232773
1140 198 102 24 24 2.501603
1140 204 96 24 24 3.092765
1140 204 102 24 24 2.098377
1140 210 102 24 24 0.816109
1140 210 108 24 24 0.476717
1140 396 114 24 24 1.144641
1170 0 16 64 64 2.417501
1170 16 0 64 64 1.040972
1170 16 16 64 64 3.465131
1170 0 98 28 28 3.428212
1170 7 98 28 28 0.929403
1170 448 112 28 28 0.997244
1170 448 119 28 28 1.542277
1170 448 126 28 28 0.795888
1170 455 112 28 28 1.898876
1170 455 119 28 28 3.439997
1170 455 126 28 28 1.067532
1170 455 133 28 28 0.235229
1170 462 112 28 28 3.471769
1170 462 119 28 28 4.962021
1170 462 126 28 28 1.691956
1170 469 112 28 28 4.684316
1170 469 119 28 28 3.754105
1170 6 84 24 24 2.440576
1170 6 114 24 24 0.033890
1170 12 84 24 24 1.383299
1170 12 96 24 24 3.255253
1170 18 96 24 24 0.785391
1170 204 96 24 24 2.522138
1170 210 96 24 24 2.319061
1170 210 102 24 24 1.158319
1170 480 114 24 24 1.088289
1200 256 0 64 64 0.378066
1200 256 16 64 64 0.881997
1200 192 216 48 48 0.284037
1200 192 216 48 48 0.284037
1200 0 0 36 36 0.711624
1200 0 16 32 32 0.923203
1200 8 16 32 32 2.371887
1200 16 16 32 32 2.204163
1200 192 256 32 32 1.032033
1200 256 256 32 32 1.397161
1200 264 256 32 32 1.581531
1200 272 256 32 32 1.625814
1200 280 256 32 32 1.331604
1200 384 256 32 32 2.582551
1200 392 256 32 32 2.820933
1200 400 0 32 32 1.496576
1200 400 256 32 32 3.126244
1200 408 0 32 32 2.731479
1200 408 256 32 32 3.383366
1200 336 126 28 28 0.992380
1200 336 133 28 28 0.737040
1200 448 112 28 28 1.206767
1200 448 119 28 28 4.468825
1200 448 126 28 28 0.231305
1200 455 119 28 28 2.212259
1200 455 126 28 28 0.186145
1200 462 126 28 28 0.130399
1200 469 126 28 28 0.858589
1200 12 84 24 24 1.540452
1200 18 84 24 24 4.382961
1200 144 102 24 24 0.230020
1200 210 96 24 24 0.176148
1200 390 12 24 24 4.106799
1200 390 18 24 24 0.321488
1200 396 12 24 24 1.468650
1200 402 12 24 24 0.817809
1200 402 18 24 24 3.176170
1200 402 114 24 24 2.383535
1200 480 102 24 24 0.227235
1200 480 108 24 24 1.258939
1230 256 16 64 64 1.682335
1230 272 0 64 64 0.358111
1230 272 16 64 64 2.757753
1230 288 0 64 64 0.320176
1230 288 16 64 64 1.700255
1230 315 126 36 36 0.062387
1230 459 126 36 36 0.960466
1230 0 16 32 32 0.986842
1230 0 128 32 32 1.170200
1230 0 136 32 32 0.730763
1230 8 128 32 32 1.896120
1230 16 128 32 32 0.490435
1230 384 0 32 32 3.093596
1230 384 8 32 32 0.601276
1230 392 0 32 32 0.884666
1230 0 21 28 28 0.165531
1230 7 21 28 28 0.272674
1230 14 133 28 28 0.415739
1230 126 98 28 28 0.120087
1230 336 119 28 28 1.887759
1230 336 126 28 28 2.262375
1230 336 133 28 28 3.654047
1230 343 133 28 28 4.031093
1230 350 126 28 28 0.904155
1230 350 133 28 28 4.054082
1230 357 126 28 28 1.285558
1230 357 133 28 28 3.419963
1230 132 102 24 24 2.717527
1230 132 108 24 24 3.444848
1230 144 102 24 24 3.897263
1230 144 108 24 24 3.710540
1230 204 96 24 24 0.529278
1230 204 102 24 24 1.974404
1230 210 96 24 24 2.948021
1230 210 102 24 24 4.717496
1230 294 114 24 24 0.469932
1230 486 102 24 24 2.253643
1230 486 108 24 24 2.708486
1230 492 108 24 24 0.155626
1260 256 16 64 64 0.736479
1260 272 16 64 64 1.788805
1260 363 154 44 44 1.717252
1260 374 154 44 44 2.794175
1260 385 154 44 44 2.380562
1260 350 140 40 40 1.428874
1260 315 126 36 36 2.273144
1260 400 0 32 32 1.008829
1260 400 8 32 32 0.258344
1260 408 0 32 32 3.506193
1260 408 8 32 32 4.206841
1260 0 126 28 28 1.458784
1260 126 98 28 28 2.657612
1260 448 21 28 28 2.372847
1260 448 98 28 28 2.484121
1260 448 112 28 28 0.333966
1260 455 21 28 28 3.633815
1260 455 98 28 28 1.661339
1260 455 112 28 28 1.653074
1260 462 98 28 28 0.895755
1260 469 98 28 28 0.975016
1260 469 112 28 28 0.523692
1260 469 119 28 28 0.958880
1260 0 114 24 24 3.898597
1260 6 114 24 24 4.029184
1260 12 114 24 24 4.529954
1260 18 114 24 24 3.790719
1260 132 114 24 24 5.873077
1260 144 114 24 24 4.995982
1260 198 108 24 24 0.138979
1260 198 114 24 24 3.323591
1260 204 102 24 24 2.689615
1260 204 108 24 24 2.246423
1260 204 114 24 24 4.172585
1260 210 114 24 24 3.316422
1260 306 96 24 24 0.168132
1260 384 102 24 24 1.984731
1260 384 108 24 24 2.789311
1260 384 192 24 24 0.080012
1260 390 102 24 24 4.025686
1260 390 108 24 24 4.878359
1260 390 192 24 24 3.039963
1260 396 102 24 24 2.849409
1260 396 108 24 24 4.744368
1260 396 192 24 24 1.713632
1260 402 108 24 24 3.344736
1260 402 114 24 24 1.209805
1260 480 102 24 24 3.013311
1260 480 114 24 24 0.258164
1260 486 102 24 24 1.271907
1260 486 108 24 24 0.268109
1290 0 16 64 64 0.983474
1290 288 16 64 64 0.962872
1290 288 32 64 64 0.706650
1290 119 112 28 28 3.726232
1290 126 112 28 28 7.590031
1290 350 126 28 28 0.765606
1290 357 126 28 28 0.366643
1290 448 0 28 28 1.659667
1290 455 0 28 28 0.514051
1290 132 114 24 24 0.838269
1290 144 114 24 24 0.728538
1290 204 114 24 24 2.653142
1290 210 114 24 24 2.634979
1290 384 102 24 24 0.688244
1290 390 102 24 24 0.614681
1290 396 96 24 24 2.186907
1290 396 102 24 24 1.280635
1290 402 96 24 24 3.882089
1290 402 102 24 24 3.784951
1290 492 12 24 24 2.367591
1290 498 12 24 24 4.273247
1290 498 18 24 24 1.441523
1320 352 48 64 64 0.379178
1320 408 36 48 48 0.071597
1320 408 36 48 48 0.071597
1320 8 112 32 32 1.935051
1320 384 128 32 32 2.141667
1320 384 136 32 32 1.108765
1320 7 133 28 28 1.403137
1320 14 126 28 28 3.090270
1320 21 119 28 28 0.407362
1320 21 126 28 28 1.278774
1320 112 112 28 28 3.262237
1320 119 112 28 28 2.687101
1320 126 112 28 28 0.388788
1320 12 84 24 24 0.155159
1320 102 84 24 24 0.162822
1320 108 84 24 24 3.495088
1320 132 96 24 24 1.212525
1320 192 114 24 24 1.945078
1320 198 114 24 24 1.159410
1320 204 114 24 24 2.766212
1320 498 0 24 24 0.277827
1350 0 0 64 64 2.426305
1350 16 0 64 64 2.266292
1350 256 16 64 64 1.461966
1350 352 16 64 64 0.932006
1350 352 32 64 64 0.503009
1350 306 126 36 36 0.789433
1350 384 136 32 32 0.873764
1350 384 144 32 32 1.464441
1350 384 152 32 32 1.671427
1350 392 136 32 32 1.056808
1350 392 144 32 32 2.121920
1350 392 152 32 32 1.623067
1350 400 128 32 32 0.279712
1350 112 98 28 28 3.754281
1350 119 98 28 28 1.351219
1350 126 98 28 28 0.116368
1350 448 14 28 28 1.529481
1350 448 21 28 28 1.908100
1350 448 133 28 28 0.081928
1350 455 126 28 28 0.423255
1350 455 133 28 28 1.400576
1350 462 133 28 28 0.765122
1350 96 96 24 24 4.349708
1350 96 102 24 24 6.397398
1350 96 108 24 24 0.406598
1350 102 96 24 24 0.978729
1350 102 102 24 24 3.082038
1350 108 102 24 24 4.358531
1350 108 108 24 24 2.528172
1380 0 0 64 64 3.704839
1380 16 0 64 64 0.708590
1380 256 0 64 64 1.032139
1380 24 24 48 48 2.241579
1380 24 36 48 48 0.740957
1380 36 24 48 48 1.612607
1380 36 36 48 48 1.798603
1380 264 36 48 48 1.444660
1380 288 24 48 48 0.678789
1380 24 24 48 48 2.241579
1380 24 36 48 48 0.740957
1380 36 24 48 48 1.612607
1380 36 36 48 48 1.798603
1380 264 36 48 48 1.444660
1380 288 24 48 48 0.678789
1380 336 112 28 28 3.780730
1380 336 119 28 28 3.453935
1380 336 126 28 28 3.075450
1380 336 133 28 28 2.096117
1380 343 112 28 28 0.973772
1380 343 119 28 28 1.907396
1380 343 126 28 28 0.712519
1380 96 84 24 24 0.671550
1380 96 96 24 24 2.389108
1380 102 84 24 24 1.270128
1380 102 96 24 24 4.040748
1380 108 84 24 24 0.253294
1380 108 96 24 24 3.524707
1380 204 108 24 24 1.708126
1380 210 108 24 24 3.698793
1380 210 114 24 24 1.368133
1380 396 84 24 24 0.862399
1380 402 84 24 24 2.224581
1380 498 192 24 24 0.411389
1410 0 0 64 64 4.102215
1410 256 0 64 64 6.132918
1410 256 16 64 64 2.182036
1410 288 48 64 64 0.890149
1410 36 36 48 48 2.651484
1410 288 24 48 48 2.315349
1410 288 36 48 48 0.166808
1410 36 36 48 48 2.651484
1410 288 24 48 48 2.315349
1410 288 36 48 48 0.166808
1410 432 0 36 36 0.433104
1410 432 9 36 36 1.294994
1410 400 24 32 32 2.483021
1410 7 112 28 28 1.060101
1410 14 112 28 28 1.805003
1410 21 112 28 28 0.766919
1410 336 98 28 28 0.519329
1410 336 112 28 28 2.852891
1410 343 98 28 28 3.367949
1410 350 112 28 28 0.668877
1410 448 7 28 28 1.012602
1410 455 0 28 28 1.260805
1410 455 7 28 28 3.221725
1410 462 7 28 28 1.490948
1410 132 84 24 24 1.702931
1410 144 84 24 24 1.388714
1410 192 96 24 24 0.298490
1410 210 108 24 24 1.051169
1410 486 96 24 24 0.587978
1410 486 102 24 24 1.156738
1410 486 108 24 24 2.636423
1410 486 114 24 24 2.703998
1410 492 96 24 24 3.195163
1410 492 114 24 24 0.649008
1440 256 16 64 64 0.439682
1440 288 12 48 48 1.365593
1440 384 0 48 48 3.809007
1440 384 12 48 48 4.384267
1440 396 0 48 48 0.492104
1440 396 12 48 48 2.675554
1440 288 12 48 48 1.365593
1440 384 0 48 48 3.809007
1440 384 12 48 48 4.384267
1440 396 0 48 48 0.492104
1440 396 12 48 48 2.675554
1440 363 22 44 44 1.228066
1440 374 11 44 44 3.502089
1440 374 22 44 44 5.965459
1440 374 33 44 44 0.660215
1440 385 11 44 44 4.595513
1440 385 22 44 44 4.970226
1440 216 126 36 36 2.162300
1440 0 119 28 28 2.039113
1440 7 112 28 28 3.203405
1440 7 119 28 28 0.803455
1440 14 112 28 28 4.001929
1440 14 119 28 28 4.634379
1440 21 112 28 28 4.868251
1440 21 119 28 28 2.663855
1440 455 133 28 28 0.660352
1440 384 84 24 24 3.512869
1440 390 84 24 24 1.117961
1440 480 18 24 24 0.642871
1440 498 96 24 24 0.727160
1470 256 0 64 64 0.498388
1470 272 0 64 64 0.769597
1470 352 0 64 64 2.647109
1470 352 16 64 64 3.664042
1470 352 32 64 64 1.589412
1470 352 48 64 64 2.390477
1470 384 36 48 48 0.776904
1470 408 24 48 48 3.539318
1470 408 36 48 48 1.243733
1470 420 24 48 48 0.727026
1470 420 36 48 48 2.286765
1470 384 36 48 48 0.776904
1470 408 24 48 48 3.539318
1470 408 36 48 48 1.243733
1470 420 24 48 48 0.727026
1470 420 36 48 48 2.286765
1470 0 98 28 28 0.256667
1470 0 133 28 28 0.414486
1470 21 98 28 28 2.576553
1470 119 119 28 28 0.427455
1470 126 119 28 28 0.978679
1470 350 112 28 28 0.900756
1470 357 112 28 28 1.423300
1470 448 112 28 28 1.503439
1470 448 133 28 28 0.038713
1470 448 224 28 28 3.198559
1470 448 231 28 28 5.376595
1470 448 238 28 28 1.822956
1470 455 231 28 28 0.844419
1470 462 7 28 28 2.536737
1470 462 14 28 28 1.849294
1470 0 108 24 24 0.914159
1470 0 114 24 24 6.537815
1470 6 114 24 24 3.634971
1470 396 84 24 24 2.790662
1470 396 114 24 24 2.243266
1470 402 84 24 24 2.376306
1470 402 114 24 24 3.361346
1500 12 36 48 48 0.454158
1500 420 36 48 48 0.186694
1500 12 36 48 48 0.454158
1500 420 36 48 48 0.186694
1500 192 128 32 32 3.300296
1500 119 119 28 28 0.292806
1500 126 119 28 28 5.343847
1500 224 126 28 28 1.926373
1500 231 126 28 28 0.790436
1500 448 112 28 28 0.167817
1500 455 112 28 28 2.061099
1500 462 112 28 28 3.271482
1500 462 119 28 28 1.142618
1500 469 112 28 28 4.429893
1500 469 119 28 28 4.890109
1500 469 126 28 28 2.394865
1500 0 96 24 24 0.504234
1500 6 96 24 24 2.442340
1500 12 96 24 24 4.538495
1500 18 96 24 24 5.104837
1530 0 24 32 32 0.470077
1530 0 128 32 32 0.007817
1530 144 112 32 32 1.228439
1530 176 128 32 32 3.150634
1530 176 136 32 32 2.547348
1530 192 128 32 32 1.678945
1530 0 133 28 28 3.183330
1530 7 126 28 28 1.175956
1530 7 133 28 28 4.540061
1530 14 133 28 28 3.831615
1530 21 133 28 28 2.729921
1530 455 98 28 28 1.784129
1530 462 98 28 28 1.827744
1530 462 133 28 28 0.953179
1530 480 114 24 24 1.013175
1530 486 96 24 24 0.095998
1530 486 102 24 24 0.331174
1530 492 96 24 24 2.721324
1530 492 102 24 24 0.560563
1530 498 96 24 24 1.568968
1530 498 102 24 24 1.720580
1530 498 108 24 24 2.481147
1560 420 36 48 48 0.831162
1560 420 36 48 48 0.831162
1560 385 0 44 44 0.213706
1560 0 133 28 28 3.550341
1560 7 126 28 28 2.269553
1560 7 133 28 28 3.425802
1560 14 133 28 28 1.606858
1560 154 98 28 28 2.244293
1560 343 14 28 28 1.095687
1560 448 119 28 28 0.019022
1560 455 112 28 28 0.886775
1560 455 119 28 28 3.923026
1560 455 126 28 28 2.664566
1560 462 112 28 28 2.946510
1560 462 119 28 28 4.534172
1560 462 126 28 28 1.426964
1560 469 112 28 28 4.291816
1560 469 119 28 28 3.249950
1560 18 84 24 24 1.103028
1560 396 12 24 24 0.824186
1560 402 12 24 24 0.317493
1590 384 0 48 48 2.700443
1590 384 12 48 48 0.425031
1590 384 0 48 48 2.700443
1590 384 12 48 48 0.425031
1590 385 0 44 44 3.017648
1590 385 11 44 44 4.213648
1590 20 140 40 40 1.454838
1590 30 140 40 40 2.819539
1590 27 144 36 36 2.939869
1590 27 153 36 36 1.984156
1590 144 126 36 36 0.835196
1590 216 153 36 36 0.466206
1590 216 162 36 36 0.629078
1590 128 144 32 32 0.493642
1590 136 136 32 32 1.697663
1590 136 144 32 32 3.756021
1590 144 136 32 32 4.879208
1590 144 144 32 32 4.376278
1590 144 152 32 32 0.634358
1590 0 133 28 28 1.963968
1590 6 84 24 24 0.795813
1590 192 192 24 24 1.410812
1590 192 198 24 24 0.543504
1590 198 192 24 24 2.881546
1590 198 198 24 24 2.630114
1590 204 192 24 24 0.543999
1590 384 12 24 24 1.213925
1590 390 6 24 24 1.130223
1590 390 12 24 24 0.687687
1590 390 96 24 24 3.215577
1590 390 102 24 24 0.123650
1590 396 0 24 24 0.050907
1590 396 6 24 24 1.798198
1590 396 96 24 24 0.491604
1590 402 6 24 24 1.123616
1590 486 102 24 24 1.233700
1590 498 102 24 24 1.203694
1620 352 33 44 44 0.733805
1620 27 126 36 36 0.924960
1620 198 153 36 36 0.147439
1620 198 162 36 36 1.768805
1620 198 171 36 36 0.644345
1620 128 144 32 32 1.252772
1620 18 96 24 24 0.399302
1620 192 198 24 24 2.595397
1620 192 204 24 24 2.730958
1620 390 108 24 24 2.277377
1620 402 0 24 24 0.172201
1620 498 108 24 24 0.217215
1620 498 114 24 24 1.703181
1650 352 0 64 64 2.648102
1650 352 16 64 64 0.042769
1650 153 162 36 36 0.676036
1650 198 162 36 36 2.075148
1650 198 171 36 36 2.021385
1650 128 144 32 32 0.485801
1650 462 98 28 28 2.906365
1650 469 98 28 28 0.243009
1650 0 84 24 24 0.821560
1650 0 192 24 24 5.811388
1650 0 198 24 24 0.119546
1650 6 192 24 24 4.048995
1650 6 198 24 24 0.659063
1680 176 154 44 44 0.301034
1680 352 33 44 44 1.205633
1680 198 162 36 36 1.521021
1680 198 171 36 36 1.834218
1680 0 126 28 28 1.491515
1680 0 133 28 28 0.453247
1680 7 133 28 28 0.451727
1680 402 0 24 24 1.006965
1680 486 102 24 24 2.833458
1680 492 102 24 24 2.209138
1710 176 154 44 44 1.151951
1710 187 154 44 44 0.337776
1710 0 140 40 40 1.151356
1710 10 140 40 40 1.578190
1710 0 144 36 36 0.513163
1710 9 144 36 36 4.586444
1710 18 144 36 36 2.797060
1710 27 144 36 36 1.459369
1710 198 162 36 36 1.079855
1710 198 171 36 36 2.043084
1710 8 144 32 32 1.972566
1710 8 152 32 32 1.818182
1710 16 144 32 32 1.858273
1710 16 152 32 32 5.559383
1710 24 152 32 32 2.580207
1710 128 152 32 32 0.451116
1710 396 0 24 24 0.433876
1710 402 0 24 24 2.416776
1740 352 48 64 64 0.467911
1740 176 154 44 44 1.402649
1740 187 154 44 44 1.202661
1740 198 162 36 36 0.053764
1740 198 171 36 36 1.515334
1740 432 126 36 36 2.580152
1740 441 126 36 36 0.261448
1740 0 133 28 28 0.950464
1740 396 0 24 24 0.570047
1740 402 0 24 24 2.400359
1770 176 154 44 44 2.340681
1770 187 154 44 44 1.854426
1770 153 162 36 36 0.368219
1770 198 162 36 36 0.930685
1770 198 171 36 36 2.383763
1770 128 144 32 32 1.198024
1770 128 152 32 32 2.686101
1770 0 98 28 28 0.069401
1770 455 98 28 28 0.885725
1770 462 98 28 28 1.013440
1770 0 192 24 24 3.557271
1770 6 192 24 24 2.445209
1770 396 0 24 24 0.497397
1770 402 0 24 24 2.248346
1800 176 154 44 44 0.308284
1800 187 154 44 44 0.429520
1800 0 126 36 36 0.388130
1800 198 171 36 36 1.546771
1800 441 126 36 36 0.554080
1800 450 126 36 36 2.478079
1800 459 126 36 36 3.735151
1800 0 136 32 32 2.764702
1800 8 136 32 32 2.030939
1800 400 144 32 32 0.786746
1800 400 152 32 32 2.507181
1800 408 152 32 32 1.408682
1800 396 0 24 24 1.627572
1800 402 0 24 24 3.217839
1830 396 24 48 48 0.192843
1830 396 36 48 48 2.093382
1830 396 24 48 48 0.192843
1830 396 36 48 48 2.093382
1830 176 154 44 44 0.169074
1830 187 154 44 44 0.340700
1830 198 171 36 36 1.840318
1830 0 98 28 28 3.785142
1830 0 238 28 28 1.388484
1830 0 245 28 28 3.146368
1830 7 98 28 28 0.709750
1830 396 0 24 24 1.425627
1830 402 0 24 24 3.429611
