30 187 154 44 44 7.192686
30 187 176 44 44 0.919795
30 198 154 44 44 4.095929
30 320 170 40 40 2.240153
30 320 180 40 40 2.613273
30 384 112 32 32 10.138826
30 392 112 32 32 6.740017
30 400 112 32 32 1.668356
30 224 133 28 28 0.188484
30 350 119 28 28 5.259837
30 350 126 28 28 2.365741
30 357 112 28 28 1.011070
30 357 119 28 28 4.408313
30 462 133 28 28 1.443186
30 469 126 28 28 0.483786
30 469 133 28 28 3.446783
30 102 96 24 24 0.897026
30 108 96 24 24 0.190329
30 288 102 24 24 1.444723
60 0 16 64 64 0.921413
60 16 16 64 64 0.552391
60 352 0 64 64 3.953806
60 352 16 64 64 3.064977
60 187 154 44 44 0.592301
60 198 154 44 44 6.636877
60 220 160 40 40 4.876999
60 220 170 40 40 2.994653
60 216 162 36 36 0.658017
60 216 171 36 36 7.106458
60 408 112 32 32 2.859664
60 408 128 32 32 4.618652
60 350 119 28 28 1.673421
60 350 126 28 28 2.776266
60 357 119 28 28 4.758592
60 357 126 28 28 4.853037
60 96 108 24 24 0.796636
60 102 102 24 24 0.337498
60 108 102 24 24 0.688780
60 108 108 24 24 0.389108
60 108 114 24 24 0.679739
60 144 96 24 24 1.448165
60 288 102 24 24 3.636936
90 16 32 64 64 0.995584
90 16 48 64 64 0.609632
90 32 32 64 64 2.083836
90 48 32 64 64 2.360003
90 352 0 64 64 0.394833
90 352 32 64 64 0.244938
90 187 154 44 44 1.027242
90 198 154 44 44 3.710144
90 220 160 40 40 1.311114
90 216 162 36 36 3.333542
90 216 171 36 36 7.422414
90 306 171 36 36 0.883484
90 408 112 32 32 2.240658
90 357 126 28 28 1.766291
90 357 133 28 28 1.480051
90 448 133 28 28 0.010861
90 455 133 28 28 3.750042
90 288 102 24 24 2.044165
120 32 32 64 64 2.453409
120 32 48 64 64 0.056256
120 48 32 64 64 0.866419
120 352 0 64 64 1.628454
120 352 16 64 64 3.342941
120 352 32 64 64 1.664960
120 187 154 44 44 3.172187
120 198 154 44 44 1.630726
120 198 162 36 36 0.018977
120 198 171 36 36 3.173680
120 216 162 36 36 0.187688
120 216 171 36 36 5.432386
120 297 171 36 36 2.777529
120 306 171 36 36 4.168992
120 432 0 36 36 1.323096
120 24 112 32 32 1.436016
120 128 128 32 32 0.639144
120 128 136 32 32 1.195108
120 136 136 32 32 0.097162
120 192 128 32 32 0.154149
120 384 112 32 32 5.093431
120 392 112 32 32 1.358713
120 400 112 32 32 4.739745
120 408 112 32 32 2.888127
120 448 14 28 28 0.127886
120 448 21 28 28 1.365458
120 469 14 28 28 1.982957
120 390 84 24 24 0.184476
150 0 16 64 64 0.895575
150 0 32 64 64 1.024716
150 16 16 64 64 1.246535
150 16 32 64 64 3.204341
150 352 0 64 64 1.277773
150 352 16 64 64 3.201596
150 187 154 44 44 0.289504
150 198 153 36 36 0.953426
150 198 162 36 36 3.866954
150 198 171 36 36 4.879520
150 216 162 36 36 2.562142
150 216 171 36 36 3.290849
150 288 162 36 36 0.651917
150 288 171 36 36 1.832687
150 297 162 36 36 0.414641
150 297 171 36 36 4.467057
150 432 126 36 36 2.552539
150 441 126 36 36 1.986898
150 128 128 32 32 1.802190
150 136 128 32 32 4.681633
150 136 136 32 32 0.704306
150 144 128 32 32 1.356219
150 192 128 32 32 0.803989
150 384 112 32 32 10.133800
150 392 112 32 32 3.278465
150 400 112 32 32 0.895730
150 408 112 32 32 3.256601
150 14 126 28 28 0.859892
150 21 119 28 28 2.199683
150 21 126 28 28 3.171877
150 224 126 28 28 0.335860
150 336 126 28 28 0.767426
150 343 126 28 28 1.977205
150 350 126 28 28 0.375413
150 357 119 28 28 0.547606
150 448 126 28 28 0.748588
150 448 133 28 28 1.239980
150 455 133 28 28 1.238159
150 462 133 28 28 0.678166
150 390 102 24 24 0.676067
180 0 16 64 64 1.930229
180 0 32 64 64 0.105353
180 352 16 64 64 4.342832
180 198 153 36 36 0.712300
180 198 162 36 36 4.561541
180 198 171 36 36 4.790658
180 216 162 36 36 0.456059
180 288 162 36 36 1.096738
180 288 171 36 36 3.891795
180 297 171 36 36 3.676525
180 154 133 28 28 0.502156
180 224 98 28 28 0.678198
180 224 126 28 28 1.525579
180 336 119 28 28 2.698635
180 336 126 28 28 0.314020
180 343 119 28 28 2.670501
180 343 126 28 28 1.151406
180 350 119 28 28 0.985600
180 448 126 28 28 1.060901
180 448 133 28 28 2.302726
180 455 126 28 28 3.148545
180 455 133 28 28 4.043879
180 462 126 28 28 3.482435
180 462 133 28 28 3.619057
180 469 133 28 28 0.924511
180 0 84 24 24 6.144485
180 6 84 24 24 5.385545
210 180 140 40 40 2.799993
210 180 160 40 40 0.385863
210 198 153 36 36 3.925893
210 198 162 36 36 5.901281
210 198 171 36 36 4.293216
210 216 162 36 36 1.396898
210 216 171 36 36 0.716360
210 288 153 36 36 0.986842
210 288 162 36 36 2.993880
210 288 171 36 36 5.702447
210 297 171 36 36 1.889611
210 8 112 32 32 0.834346
210 16 112 32 32 1.784721
210 24 112 32 32 0.496619
210 7 126 28 28 0.741899
210 14 119 28 28 1.526808
210 14 126 28 28 4.382000
210 14 133 28 28 1.627889
210 21 119 28 28 0.822066
210 21 126 28 28 3.456698
210 21 133 28 28 3.179640
210 336 126 28 28 2.187671
210 350 133 28 28 0.256588
210 357 119 28 28 4.682198
210 357 126 28 28 5.298042
210 357 133 28 28 4.804157
210 462 126 28 28 0.562641
210 462 133 28 28 6.294509
210 469 133 28 28 2.858072
210 396 102 24 24 0.536516
210 480 6 24 24 1.769569
210 486 0 24 24 0.728678
210 498 0 24 24 0.000470
210 498 6 24 24 2.315829
240 48 16 64 64 1.931081
240 187 154 44 44 0.544474
240 198 144 36 36 2.096444
240 198 153 36 36 2.918478
240 198 162 36 36 6.279753
240 198 171 36 36 4.789506
240 216 153 36 36 2.716797
240 216 162 36 36 4.905197
240 216 171 36 36 1.920368
240 288 153 36 36 1.201611
240 288 162 36 36 3.441653
240 288 171 36 36 4.973924
240 297 153 36 36 0.268933
240 297 162 36 36 4.050795
240 297 171 36 36 4.893200
240 441 126 36 36 2.538514
240 450 126 36 36 1.630024
240 0 112 32 32 3.691783
240 8 112 32 32 2.670729
240 16 112 32 32 3.282703
240 24 112 32 32 4.560922
240 176 112 32 32 3.212354
240 384 112 32 32 3.152770
240 384 128 32 32 0.930603
240 0 112 28 28 0.291272
240 0 119 28 28 3.860831
240 0 126 28 28 5.667687
240 0 133 28 28 4.635019
240 7 112 28 28 2.120208
240 7 119 28 28 3.458866
240 7 126 28 28 3.642882
240 7 133 28 28 2.088716
240 14 112 28 28 0.226265
240 14 119 28 28 1.756206
240 14 126 28 28 0.158696
240 21 119 28 28 0.425999
240 154 126 28 28 1.584500
240 224 98 28 28 0.583596
240 224 126 28 28 3.408575
240 336 112 28 28 0.045452
240 336 119 28 28 4.848837
240 336 126 28 28 3.283007
240 343 112 28 28 1.024392
240 343 119 28 28 4.543710
240 343 126 28 28 3.286492
240 350 119 28 28 2.440360
270 352 0 64 64 2.623914
270 352 16 64 64 6.301702
270 352 32 64 64 0.133074
270 216 153 36 36 2.994003
270 216 162 36 36 5.740103
270 216 171 36 36 1.447382
270 297 144 36 36 0.869721
270 297 153 36 36 1.255351
270 297 162 36 36 3.394725
270 297 171 36 36 4.220808
270 306 162 36 36 3.390999
270 306 171 36 36 3.376286
270 0 112 32 32 2.661404
270 0 128 32 32 0.088943
270 8 112 32 32 3.067779
270 8 128 32 32 0.000311
270 16 112 32 32 2.317942
270 24 112 32 32 2.073400
270 176 112 32 32 3.919140
270 192 112 32 32 0.801987
270 384 112 32 32 1.555995
270 392 112 32 32 1.926942
270 408 128 32 32 0.980731
270 408 136 32 32 0.080778
270 0 126 28 28 2.150198
270 0 133 28 28 1.700321
270 7 119 28 28 0.282095
270 7 126 28 28 2.403111
270 7 133 28 28 2.895223
270 14 119 28 28 0.201887
270 14 126 28 28 2.442438
270 14 133 28 28 3.739226
270 21 119 28 28 0.248794
270 21 126 28 28 1.977729
270 21 133 28 28 1.253978
270 154 119 28 28 1.250226
270 231 98 28 28 0.241522
270 231 119 28 28 1.399162
270 231 126 28 28 3.524764
270 350 119 28 28 2.072271
270 350 126 28 28 1.959952
270 357 112 28 28 1.251919
270 357 119 28 28 4.557305
270 357 126 28 28 3.400730
270 480 108 24 24 1.283122
300 32 16 64 64 0.143569
300 288 32 64 64 0.039372
300 220 140 40 40 2.577451
300 18 126 36 36 0.764179
300 216 144 36 36 1.386862
300 216 153 36 36 6.483330
300 216 162 36 36 7.001276
300 216 171 36 36 0.438518
300 297 162 36 36 1.983805
300 297 171 36 36 0.314512
300 306 162 36 36 4.722822
300 306 171 36 36 2.491690
300 441 126 36 36 0.444566
300 450 0 36 36 0.499389
300 450 9 36 36 0.243482
300 450 126 36 36 6.944123
300 459 126 36 36 6.802022
300 16 128 32 32 0.008667
300 16 136 32 32 1.845019
300 16 144 32 32 0.904447
300 24 128 32 32 2.071830
300 24 136 32 32 2.527909
300 24 144 32 32 0.874566
300 384 112 32 32 3.627701
300 392 112 32 32 0.148150
300 112 119 28 28 1.080906
300 119 119 28 28 1.069045
300 119 126 28 28 0.264407
300 126 112 28 28 0.565555
300 231 119 28 28 0.355246
300 238 119 28 28 0.501969
300 336 112 28 28 1.878677
300 336 119 28 28 5.026551
300 343 112 28 28 4.998127
300 343 119 28 28 6.030963
300 350 98 28 28 3.878562
300 350 112 28 28 5.753814
300 350 119 28 28 3.550099
300 455 14 28 28 0.645516
300 455 21 28 28 1.618192
300 462 7 28 28 0.013560
300 462 14 28 28 3.043230
300 462 21 28 28 2.671561
300 469 14 28 28 1.542332
300 469 21 28 28 2.657679
300 469 119 28 28 1.747596
300 469 126 28 28 3.829209
300 469 133 28 28 5.785640
300 390 114 24 24 3.672662
300 396 114 24 24 2.347304
330 0 0 64 64 2.758791
330 0 16 64 64 2.740620
330 16 16 64 64 1.800016
330 256 0 64 64 0.647585
330 256 16 64 64 2.790232
330 272 0 64 64 1.357387
330 272 16 64 64 4.444568
330 288 0 64 64 3.566209
330 288 16 64 64 5.578769
330 288 32 64 64 3.914638
330 352 16 64 64 4.333487
330 220 140 40 40 1.798478
330 220 160 40 40 0.874582
330 198 153 36 36 0.328067
330 198 162 36 36 0.615067
330 216 153 36 36 3.696808
330 216 162 36 36 5.872903
330 216 171 36 36 2.581023
330 288 153 36 36 1.685212
330 288 162 36 36 1.475395
330 297 153 36 36 0.166396
330 297 162 36 36 4.518775
330 297 171 36 36 3.830084
330 306 162 36 36 1.942100
330 400 112 32 32 3.563022
330 408 112 32 32 1.170751
330 168 112 28 28 0.611316
330 231 119 28 28 2.565402
330 336 112 28 28 2.906440
330 336 119 28 28 3.652215
330 343 112 28 28 8.354502
330 343 119 28 28 4.945901
330 350 112 28 28 7.448736
330 350 119 28 28 5.748922
330 350 126 28 28 3.645636
330 357 112 28 28 7.183976
330 357 119 28 28 4.581966
330 357 126 28 28 1.350609
330 0 108 24 24 0.125830
330 6 108 24 24 0.321126
360 256 0 64 64 1.987322
360 256 16 64 64 0.064377
360 272 0 64 64 5.258392
360 272 16 64 64 3.312316
360 288 0 64 64 6.519585
360 288 16 64 64 3.493309
360 352 0 64 64 1.518522
360 352 16 64 64 1.360204
360 198 153 36 36 2.424862
360 198 162 36 36 2.947234
360 216 153 36 36 2.947927
360 216 162 36 36 4.186756
360 216 171 36 36 0.021607
360 288 144 36 36 2.326617
360 288 153 36 36 2.749216
360 288 162 36 36 4.811037
360 288 171 36 36 3.022845
360 297 153 36 36 0.944153
360 297 162 36 36 4.640363
360 297 171 36 36 1.974935
360 432 0 36 36 1.769459
360 441 126 36 36 0.554518
360 450 0 36 36 0.103932
360 16 112 32 32 0.251775
360 384 24 32 32 2.221434
360 384 112 32 32 7.974916
360 384 128 32 32 3.294258
360 392 112 32 32 8.761155
360 392 128 32 32 3.395541
360 112 112 28 28 0.889196
360 119 112 28 28 0.170678
360 168 112 28 28 2.616304
360 168 119 28 28 0.733087
360 224 119 28 28 1.254005
360 336 112 28 28 4.384171
360 336 119 28 28 4.651074
360 343 112 28 28 6.387458
360 343 119 28 28 3.089896
360 350 112 28 28 6.531435
360 350 119 28 28 3.608520
360 357 112 28 28 5.742429
360 357 119 28 28 4.355529
360 448 7 28 28 1.247103
360 448 14 28 28 1.597287
360 448 21 28 28 1.303420
360 448 133 28 28 2.587249
360 455 14 28 28 1.062877
360 455 21 28 28 0.037338
360 455 133 28 28 1.451442
360 462 7 28 28 2.910948
360 462 14 28 28 1.762386
360 462 21 28 28 0.781901
360 462 133 28 28 1.196520
360 469 7 28 28 0.644307
360 469 14 28 28 0.321581
360 469 21 28 28 0.656401
360 396 96 24 24 0.356010
360 396 102 24 24 2.828447
360 396 108 24 24 0.596005
390 272 0 64 64 2.036673
390 272 16 64 64 1.628789
390 288 0 64 64 6.266206
390 288 16 64 64 5.207025
390 352 0 64 64 1.338505
390 352 16 64 64 6.957220
390 352 32 64 64 6.526955
390 352 48 64 64 1.695922
390 0 168 48 48 1.833194
390 12 168 48 48 1.562607
390 12 192 48 48 1.437279
390 384 36 48 48 3.285983
390 0 168 48 48 1.833194
390 12 168 48 48 1.562607
390 12 192 48 48 1.437279
390 384 36 48 48 3.285983
390 0 176 44 44 1.013976
390 0 187 44 44 0.377839
390 11 176 44 44 2.332374
390 11 187 44 44 2.348110
390 11 198 44 44 1.242808
390 22 176 44 44 1.366138
390 22 187 44 44 3.167323
390 22 198 44 44 2.342250
390 187 154 44 44 1.755412
390 0 190 40 40 0.574355
390 20 190 40 40 1.393305
390 30 190 40 40 0.720310
390 198 144 36 36 1.252545
390 198 153 36 36 5.695684
390 198 162 36 36 6.494870
390 198 171 36 36 3.295531
390 216 153 36 36 1.448597
390 216 162 36 36 4.125884
390 216 171 36 36 1.999954
390 288 153 36 36 0.197756
390 288 162 36 36 3.681180
390 392 24 32 32 1.341000
390 408 112 32 32 1.884745
390 0 224 28 28 0.295257
390 0 231 28 28 0.047291
390 7 224 28 28 2.842940
390 7 231 28 28 0.790297
390 14 224 28 28 0.846628
390 14 231 28 28 0.500551
390 21 231 28 28 0.655946
390 168 112 28 28 4.771835
390 168 119 28 28 5.804953
390 224 119 28 28 0.254179
390 336 112 28 28 1.697295
390 336 119 28 28 4.913411
390 336 126 28 28 1.020117
390 343 112 28 28 1.118144
390 343 119 28 28 3.119145
390 343 126 28 28 1.117374
390 350 112 28 28 4.981227
390 350 119 28 28 4.758956
390 350 126 28 28 2.934558
390 357 112 28 28 5.109237
390 357 119 28 28 3.777179
390 357 126 28 28 1.597476
390 306 192 24 24 2.273443
390 306 198 24 24 2.600375
390 384 114 24 24 0.190715
420 288 0 64 64 4.739647
420 288 16 64 64 2.170437
420 352 0 64 64 3.147158
420 352 16 64 64 2.112645
420 420 36 48 48 1.600949
420 420 36 48 48 1.600949
420 11 154 44 44 2.734627
420 22 154 44 44 1.996978
420 33 154 44 44 0.774619
420 187 154 44 44 2.557974
420 198 154 44 44 2.405796
420 264 154 44 44 1.328388
420 363 22 44 44 0.708705
420 20 160 40 40 3.672228
420 20 170 40 40 3.548020
420 30 160 40 40 2.002615
420 30 170 40 40 3.629376
420 30 180 40 40 0.477511
420 27 162 36 36 3.264939
420 27 171 36 36 4.703446
420 198 144 36 36 1.732074
420 198 153 36 36 5.251985
420 198 162 36 36 5.115706
420 198 171 36 36 3.500362
420 216 153 36 36 1.278942
420 216 162 36 36 2.824897
420 216 171 36 36 1.543638
420 288 153 36 36 1.257075
420 288 162 36 36 3.850686
420 288 171 36 36 0.266038
420 384 112 32 32 3.270125
420 392 112 32 32 1.515795
420 154 112 28 28 3.965783
420 168 112 28 28 1.966888
420 168 119 28 28 1.970594
420 336 119 28 28 1.274875
420 350 119 28 28 1.402109
420 350 126 28 28 0.376038
420 357 112 28 28 1.836477
420 357 119 28 28 4.250507
420 448 98 28 28 4.502405
420 448 112 28 28 1.168390
420 455 0 28 28 0.879491
420 455 7 28 28 4.625195
420 455 98 28 28 2.974026
420 462 0 28 28 0.369764
420 462 7 28 28 4.012661
420 96 192 24 24 0.164354
420 96 198 24 24 3.009848
420 96 204 24 24 0.025824
420 306 192 24 24 3.202003
420 306 198 24 24 4.798155
450 352 0 64 64 3.916445
450 352 16 64 64 3.511121
450 198 154 44 44 2.142689
450 220 160 40 40 3.988657
450 220 170 40 40 1.953447
450 9 171 36 36 0.159080
450 216 144 36 36 0.749962
450 216 153 36 36 5.627589
450 216 162 36 36 6.059529
450 216 171 36 36 3.056474
450 288 144 36 36 2.504134
450 288 153 36 36 1.858276
450 288 162 36 36 1.780625
450 297 144 36 36 3.858464
450 297 153 36 36 5.298034
450 297 162 36 36 5.953155
450 297 171 36 36 2.528258
450 306 144 36 36 0.600651
450 306 153 36 36 2.970660
450 306 162 36 36 2.349109
450 384 112 32 32 0.094478
450 400 112 32 32 0.019575
450 408 112 32 32 1.715030
450 408 128 32 32 1.580601
450 21 112 28 28 1.468225
450 154 112 28 28 0.018754
450 168 112 28 28 3.458085
450 350 119 28 28 0.547394
450 357 112 28 28 0.050474
450 357 119 28 28 4.563683
450 462 0 28 28 1.786527
450 469 98 28 28 2.931940
450 12 198 24 24 2.925596
450 12 204 24 24 1.605376
450 18 198 24 24 0.923966
450 18 204 24 24 2.545930
450 96 192 24 24 2.312756
450 96 198 24 24 0.056738
450 102 192 24 24 0.987932
450 102 198 24 24 1.423256
450 108 192 24 24 3.104618
450 108 198 24 24 2.685524
450 132 192 24 24 1.660249
450 132 198 24 24 2.288980
450 480 12 24 24 1.346108
480 352 0 64 64 0.504114
480 352 16 64 64 2.749111
480 420 36 48 48 0.109158
480 420 36 48 48 0.109158
480 30 140 40 40 1.729434
480 216 144 36 36 0.978126
480 216 153 36 36 2.889477
480 216 162 36 36 1.513357
480 297 144 36 36 2.822404
480 297 153 36 36 2.898100
480 297 162 36 36 2.066868
480 306 144 36 36 3.043344
480 306 153 36 36 4.670742
480 306 162 36 36 3.416384
480 306 171 36 36 0.508788
480 315 153 36 36 1.111290
480 0 112 32 32 3.395540
480 8 112 32 32 2.604432
480 16 112 32 32 2.076842
480 24 112 32 32 1.592872
480 384 112 32 32 4.204223
480 392 112 32 32 6.800575
480 400 112 32 32 4.311475
480 400 128 32 32 0.152032
480 408 112 32 32 3.810781
480 408 128 32 32 1.296119
480 0 126 28 28 0.357654
480 154 112 28 28 3.198819
480 224 7 28 28 0.143653
480 231 119 28 28 0.474969
480 238 119 28 28 2.891544
480 238 126 28 28 0.702984
480 245 112 28 28 0.604996
480 343 112 28 28 0.512694
480 350 112 28 28 2.101750
480 350 119 28 28 1.683087
480 448 119 28 28 3.965633
480 448 126 28 28 1.728379
480 448 133 28 28 0.744101
480 455 119 28 28 1.154780
480 402 84 24 24 2.935037
510 0 0 64 64 1.981129
510 16 0 64 64 1.705662
510 16 16 64 64 2.268098
510 16 32 64 64 0.789208
510 16 48 64 64 1.194099
510 32 32 64 64 2.234394
510 32 48 64 64 1.152722
510 352 0 64 64 5.437263
510 352 16 64 64 11.057418
510 352 32 64 64 4.898541
510 192 36 48 48 0.723821
510 204 24 48 48 0.359268
510 204 36 48 48 0.763098
510 192 36 48 48 0.723821
510 204 24 48 48 0.359268
510 204 36 48 48 0.763098
510 220 30 40 40 2.327257
510 220 140 40 40 7.931111
510 220 160 40 40 0.345060
510 216 153 36 36 0.927983
510 216 162 36 36 1.021385
510 306 144 36 36 2.176127
510 306 153 36 36 3.703808
510 306 162 36 36 5.246557
510 306 171 36 36 1.771656
510 315 153 36 36 1.957849
510 315 162 36 36 4.488815
510 315 171 36 36 2.211359
510 459 126 36 36 0.670292
510 392 112 32 32 3.518495
510 400 112 32 32 6.730197
510 408 112 32 32 3.122854
510 231 119 28 28 2.084678
510 231 126 28 28 0.658697
510 238 119 28 28 2.876556
510 238 126 28 28 2.687104
510 245 112 28 28 1.353851
510 245 119 28 28 4.338044
510 245 126 28 28 4.212395
510 448 133 28 28 1.270789
510 462 126 28 28 1.375945
510 462 133 28 28 2.500268
510 469 133 28 28 1.190571
510 96 114 24 24 2.953603
510 102 114 24 24 3.343497
510 108 114 24 24 1.949869
510 144 84 24 24 1.332583
510 144 96 24 24 2.936503
510 144 102 24 24 0.399489
510 144 108 24 24 0.158578
540 0 0 64 64 1.871503
540 0 16 64 64 2.961731
540 16 0 64 64 0.240936
540 48 16 64 64 1.716867
540 192 0 48 48 0.829100
540 192 12 48 48 3.755981
540 192 24 48 48 0.660049
540 192 0 48 48 0.829100
540 192 12 48 48 3.755981
540 192 24 48 48 0.660049
540 198 11 44 44 0.374165
540 198 22 44 44 0.419007
540 220 140 40 40 2.363703
540 162 126 36 36 0.320044
540 216 144 36 36 5.773473
540 216 153 36 36 4.542901
540 216 162 36 36 1.676474
540 297 144 36 36 2.429386
540 297 153 36 36 1.972744
540 297 162 36 36 2.070482
540 297 171 36 36 0.369645
540 306 162 36 36 1.683742
540 0 112 32 32 0.360133
540 24 112 32 32 2.345231
540 176 136 32 32 0.698214
540 384 112 32 32 1.510570
540 7 119 28 28 1.269399
540 7 126 28 28 0.910400
540 14 119 28 28 1.260020
540 112 98 28 28 3.593288
540 112 112 28 28 1.199586
540 112 119 28 28 0.823589
540 119 98 28 28 3.042442
540 126 98 28 28 3.840951
540 224 112 28 28 3.995206
540 224 119 28 28 6.442515
540 224 126 28 28 4.869378
540 231 112 28 28 3.239734
540 231 119 28 28 5.979510
540 231 126 28 28 6.120496
540 231 133 28 28 0.608678
540 238 112 28 28 3.395212
540 238 119 28 28 7.480194
540 238 126 28 28 6.474686
540 245 112 28 28 1.733114
540 245 119 28 28 2.530541
540 336 126 28 28 0.555331
540 336 133 28 28 1.151816
540 448 21 28 28 0.461691
540 455 21 28 28 2.207244
540 108 114 24 24 0.546477
540 132 108 24 24 0.131339
540 132 114 24 24 3.089118
570 0 0 64 64 2.903727
570 0 16 64 64 2.621198
570 48 0 64 64 1.395050
570 352 32 64 64 0.517869
570 0 187 44 44 0.978198
570 0 198 44 44 2.224613
570 216 144 36 36 3.085776
570 216 153 36 36 3.237749
570 288 144 36 36 0.164494
570 288 162 36 36 0.440965
570 176 136 32 32 1.210226
570 408 112 32 32 0.440231
570 224 112 28 28 2.802547
570 224 119 28 28 6.568777
570 224 126 28 28 2.985784
570 224 133 28 28 0.791089
570 231 112 28 28 2.150862
570 231 119 28 28 6.494178
570 336 119 28 28 0.604636
570 336 126 28 28 2.351672
570 343 119 28 28 0.964231
570 343 126 28 28 1.327577
570 350 133 28 28 1.170812
600 288 16 64 64 2.311112
600 420 36 48 48 0.625494
600 420 36 48 48 0.625494
600 198 144 36 36 5.098142
600 198 153 36 36 1.419923
600 216 144 36 36 2.700466
600 288 144 36 36 1.132751
600 459 9 36 36 0.895720
600 459 18 36 36 0.697272
600 459 27 36 36 0.959017
600 128 128 32 32 0.371997
600 136 128 32 32 0.550032
600 280 152 32 32 1.353464
600 384 144 32 32 4.483342
600 384 152 32 32 2.276163
600 392 136 32 32 0.979219
600 392 144 32 32 7.289567
600 392 152 32 32 6.748976
600 400 144 32 32 1.248600
600 400 152 32 32 3.547386
600 408 16 32 32 0.595314
600 408 24 32 32 1.319341
600 126 133 28 28 1.346878
600 224 112 28 28 6.132496
600 224 119 28 28 2.858772
600 231 112 28 28 3.912560
600 343 126 28 28 0.983021
600 350 119 28 28 1.294596
600 350 126 28 28 0.191425
600 357 112 28 28 2.043213
600 357 119 28 28 3.888497
600 357 126 28 28 1.708451
600 469 14 28 28 0.361074
600 469 112 28 28 2.034603
600 6 108 24 24 0.259921
600 12 108 24 24 0.167390
600 96 210 24 24 0.338619
600 108 210 24 24 0.210403
600 210 114 24 24 2.034513
600 300 114 24 24 0.245817
600 306 192 24 24 0.464061
630 216 144 36 36 2.197113
630 288 144 36 36 0.424472
630 288 153 36 36 1.196938
630 0 112 32 32 3.050613
630 8 112 32 32 3.173623
630 16 112 32 32 0.874835
630 176 112 32 32 4.802641
630 192 112 32 32 2.994300
630 7 119 28 28 2.862704
630 7 126 28 28 2.348595
630 14 112 28 28 0.943920
630 14 119 28 28 5.189266
630 14 126 28 28 5.197050
630 21 112 28 28 2.304153
630 21 119 28 28 4.807705
630 21 126 28 28 2.933549
630 224 112 28 28 0.502538
630 336 98 28 28 2.087362
630 336 119 28 28 3.570474
630 448 126 28 28 1.082629
630 462 112 28 28 1.604248
630 462 119 28 28 1.214053
630 469 112 28 28 1.564443
630 469 119 28 28 3.142647
630 469 126 28 28 2.949339
630 198 114 24 24 0.220743
630 300 288 24 24 0.102885
630 498 204 24 24 0.253043
630 498 210 24 24 0.634033
660 48 0 64 64 4.581178
660 48 16 64 64 0.214943
660 272 0 64 64 2.816642
660 288 0 64 64 1.274691
660 396 36 48 48 1.769204
660 408 24 48 48 0.324402
660 408 36 48 48 5.271245
660 420 36 48 48 5.220524
660 396 36 48 48 1.769204
660 408 24 48 48 0.324402
660 408 36 48 48 5.271245
660 420 36 48 48 5.220524
660 330 30 40 40 0.043126
660 0 306 36 36 0.964408
660 9 306 36 36 1.190817
660 18 306 36 36 0.841102
660 27 306 36 36 0.659058
660 144 297 36 36 0.717659
660 162 306 36 36 0.424205
660 198 297 36 36 1.495340
660 198 306 36 36 2.653603
660 216 297 36 36 1.243668
660 216 306 36 36 3.623891
660 441 288 36 36 0.408588
660 450 288 36 36 2.119680
660 459 288 36 36 0.898496
660 136 112 32 32 0.569983
660 144 112 32 32 0.964060
660 0 98 28 28 0.993272
660 7 98 28 28 3.042769
660 14 98 28 28 2.930896
660 21 98 28 28 4.724389
660 21 112 28 28 3.256199
660 21 119 28 28 0.638070
660 154 126 28 28 2.120543
660 231 126 28 28 2.831009
660 231 133 28 28 6.048572
660 238 133 28 28 4.108843
660 245 133 28 28 2.828320
660 357 112 28 28 4.842711
660 357 119 28 28 0.630593
660 448 98 28 28 1.825799
660 448 112 28 28 0.981502
660 455 98 28 28 2.718746
660 462 98 28 28 5.183458
660 18 108 24 24 3.033629
660 18 114 24 24 0.441011
660 102 96 24 24 1.882264
660 102 102 24 24 1.884097
660 102 108 24 24 0.308122
660 108 96 24 24 0.521617
660 108 102 24 24 1.582968
660 108 108 24 24 0.932635
660 192 108 24 24 1.395123
660 192 114 24 24 3.385595
660 198 108 24 24 0.115107
660 198 114 24 24 1.048122
660 306 96 24 24 0.409250
660 486 114 24 24 4.604967
660 492 108 24 24 1.823645
660 492 114 24 24 5.172479
660 498 108 24 24 0.692189
660 498 114 24 24 8.218560
690 48 0 64 64 3.129495
690 352 0 64 64 3.448468
690 352 16 64 64 3.538172
690 352 32 64 64 0.322941
690 288 36 48 48 1.770563
690 384 12 48 48 1.242111
690 384 24 48 48 3.059225
690 384 36 48 48 2.073705
690 396 24 48 48 1.414766
690 396 36 48 48 0.318072
690 408 24 48 48 1.493903
690 288 36 48 48 1.770563
690 384 12 48 48 1.242111
690 384 24 48 48 3.059225
690 384 36 48 48 2.073705
690 396 24 48 48 1.414766
690 396 36 48 48 0.318072
690 408 24 48 48 1.493903
690 352 22 44 44 0.009112
690 352 33 44 44 0.029958
690 363 22 44 44 0.375112
690 363 33 44 44 1.270047
690 374 33 44 44 0.853682
690 385 22 44 44 1.333667
690 385 33 44 44 3.115080
690 297 144 36 36 2.704224
690 128 112 32 32 3.580204
690 408 128 32 32 4.640496
690 112 98 28 28 0.924196
690 126 119 28 28 2.927433
690 245 133 28 28 0.284570
690 343 98 28 28 2.011971
690 350 98 28 28 4.530370
690 357 98 28 28 0.812228
690 96 102 24 24 1.227164
690 102 96 24 24 0.873544
690 102 102 24 24 4.571193
690 108 96 24 24 1.370074
690 108 102 24 24 4.292222
690 384 96 24 24 7.016568
690 384 102 24 24 4.762765
690 480 18 24 24 0.436477
720 48 0 64 64 2.487668
720 352 0 64 64 3.157928
720 352 16 64 64 3.129368
720 384 24 48 48 0.599591
720 384 36 48 48 2.078199
720 396 24 48 48 1.242922
720 396 36 48 48 2.092930
720 384 24 48 48 0.599591
720 384 36 48 48 2.078199
720 396 24 48 48 1.242922
720 396 36 48 48 2.092930
720 352 22 44 44 1.423197
720 352 33 44 44 8.472786
720 363 22 44 44 2.203064
720 363 33 44 44 7.971419
720 374 33 44 44 7.827572
720 385 33 44 44 2.727849
720 320 30 40 40 0.147680
720 162 306 36 36 1.273631
720 198 306 36 36 0.571227
720 216 306 36 36 1.494623
720 288 297 36 36 1.229936
720 297 297 36 36 1.318038
720 306 126 36 36 0.043507
720 306 297 36 36 1.653188
720 315 297 36 36 0.281458
720 0 98 28 28 1.650423
720 7 98 28 28 3.790989
720 14 98 28 28 1.728884
720 154 112 28 28 1.255892
720 357 98 28 28 4.343235
720 448 133 28 28 2.762556
720 455 133 28 28 0.275485
720 0 84 24 24 2.605438
720 6 84 24 24 4.628038
720 6 96 24 24 1.286548
720 6 102 24 24 3.029962
720 12 84 24 24 1.992510
720 12 96 24 24 0.469256
720 12 102 24 24 2.685146
720 18 102 24 24 3.186609
720 18 108 24 24 0.296521
720 384 84 24 24 0.414367
720 384 96 24 24 4.845888
720 384 102 24 24 8.367567
720 384 108 24 24 1.947012
720 390 102 24 24 0.191327
720 402 96 24 24 1.650576
720 486 12 24 24 0.315606
720 486 18 24 24 1.256454
720 498 18 24 24 1.946534
750 352 0 64 64 7.330502
750 352 16 64 64 2.277718
750 384 24 48 48 0.454725
750 384 36 48 48 6.794755
750 396 24 48 48 2.703397
750 396 36 48 48 9.175126
750 408 36 48 48 3.826177
750 420 36 48 48 4.886181
750 384 24 48 48 0.454725
750 384 36 48 48 6.794755
750 396 24 48 48 2.703397
750 396 36 48 48 9.175126
750 408 36 48 48 3.826177
750 420 36 48 48 4.886181
750 0 154 44 44 0.239994
750 11 154 44 44 0.945337
750 22 154 44 44 1.428962
750 33 154 44 44 3.725471
750 0 160 40 40 0.772809
750 10 140 40 40 1.266474
750 30 140 40 40 1.961878
750 30 170 40 40 0.444543
750 9 162 36 36 0.794200
750 9 171 36 36 1.566103
750 18 153 36 36 0.782904
750 18 162 36 36 1.468325
750 18 171 36 36 0.862072
750 0 133 28 28 0.702498
750 126 98 28 28 1.921996
750 238 133 28 28 1.629167
750 245 133 28 28 4.169497
750 343 98 28 28 4.461053
750 350 98 28 28 3.671104
750 357 98 28 28 4.920216
750 448 21 28 28 3.379263
750 455 14 28 28 0.881180
750 455 21 28 28 1.054520
750 455 119 28 28 2.507491
750 455 126 28 28 1.853762
750 455 133 28 28 0.828421
750 96 108 24 24 1.266023
750 144 108 24 24 0.741204
750 384 84 24 24 2.153187
750 384 96 24 24 0.987311
750 384 102 24 24 8.552711
750 384 108 24 24 8.082844
750 384 114 24 24 2.949829
750 390 84 24 24 0.417575
750 390 96 24 24 2.514715
750 390 102 24 24 1.286336
750 390 108 24 24 3.363699
750 390 114 24 24 5.586967
750 396 84 24 24 1.195968
750 396 102 24 24 0.523614
750 396 108 24 24 5.308812
750 396 114 24 24 13.562620
750 402 108 24 24 5.773104
750 402 114 24 24 15.295859
780 0 48 64 64 1.137167
780 16 32 64 64 0.200581
780 16 48 64 64 0.569765
780 32 48 64 64 0.920343
780 352 0 64 64 6.751264
780 352 16 64 64 3.818659
780 384 36 48 48 4.723039
780 396 36 48 48 2.732830
780 408 36 48 48 0.644571
780 384 36 48 48 4.723039
780 396 36 48 48 2.732830
780 408 36 48 48 0.644571
780 363 33 44 44 4.150413
780 350 98 28 28 1.480544
780 357 98 28 28 8.710636
780 96 114 24 24 0.191028
780 102 114 24 24 0.013590
780 384 96 24 24 0.474647
780 384 102 24 24 8.001969
780 384 108 24 24 7.987518
780 384 114 24 24 5.201701
780 390 102 24 24 1.371551
780 390 108 24 24 2.975519
780 390 114 24 24 1.067043
780 396 102 24 24 1.627148
780 396 108 24 24 1.650797
780 486 108 24 24 3.519848
780 486 114 24 24 3.350237
780 492 108 24 24 4.177898
780 492 114 24 24 4.433563
780 498 108 24 24 0.739820
810 352 0 64 64 2.714613
810 384 24 48 48 0.278623
810 396 24 48 48 2.550079
810 396 36 48 48 1.104408
810 408 12 48 48 0.644812
810 408 24 48 48 4.777043
810 408 36 48 48 5.761414
810 420 24 48 48 1.611086
810 420 36 48 48 2.419328
810 384 24 48 48 0.278623
810 396 24 48 48 2.550079
810 396 36 48 48 1.104408
810 408 12 48 48 0.644812
810 408 24 48 48 4.777043
810 408 36 48 48 5.761414
810 420 24 48 48 1.611086
810 420 36 48 48 2.419328
810 352 33 44 44 0.088858
810 363 33 44 44 3.105426
810 374 33 44 44 2.314019
810 432 0 36 36 2.633935
810 441 0 36 36 0.136777
810 441 9 36 36 3.069037
810 272 112 32 32 1.018369
810 7 98 28 28 0.935955
810 14 98 28 28 4.546437
810 224 126 28 28 2.089761
810 224 133 28 28 3.917596
810 231 133 28 28 2.859272
810 448 112 28 28 3.167511
810 448 119 28 28 3.358238
810 448 126 28 28 2.466650
810 462 21 28 28 0.362729
810 469 21 28 28 1.622487
810 18 114 24 24 0.629882
810 96 114 24 24 0.152522
810 108 108 24 24 1.361618
810 108 114 24 24 0.370554
810 384 96 24 24 8.754568
810 384 102 24 24 14.198159
810 384 108 24 24 8.446450
810 390 96 24 24 3.615988
810 390 102 24 24 9.947356
810 390 108 24 24 6.124360
810 396 84 24 24 2.153548
810 396 96 24 24 2.175488
810 396 102 24 24 7.172339
810 396 108 24 24 7.105725
810 402 84 24 24 1.093274
810 402 96 24 24 2.208549
810 402 102 24 24 6.702172
810 402 108 24 24 6.785381
840 352 0 64 64 2.309327
840 352 16 64 64 2.559759
840 384 36 48 48 3.177606
840 408 36 48 48 0.359505
840 420 36 48 48 1.415216
840 384 36 48 48 3.177606
840 408 36 48 48 0.359505
840 420 36 48 48 1.415216
840 216 126 36 36 0.641741
840 0 98 28 28 1.175662
840 0 112 28 28 2.354806
840 7 98 28 28 1.494341
840 14 98 28 28 0.576474
840 448 112 28 28 2.377392
840 0 108 24 24 2.956592
840 0 114 24 24 5.139296
840 6 114 24 24 2.692083
840 12 108 24 24 2.465290
840 12 114 24 24 4.513921
840 18 108 24 24 2.348698
840 18 114 24 24 4.815656
840 402 108 24 24 4.007393
840 402 114 24 24 6.137619
870 352 0 64 64 3.144777
870 352 16 64 64 3.607897
870 24 36 48 48 0.117522
870 384 36 48 48 4.689821
870 396 36 48 48 2.008626
870 408 36 48 48 1.041157
870 420 24 48 48 1.068913
870 420 36 48 48 3.500389
870 24 36 48 48 0.117522
870 384 36 48 48 4.689821
870 396 36 48 48 2.008626
870 408 36 48 48 1.041157
870 420 24 48 48 1.068913
870 420 36 48 48 3.500389
870 216 126 36 36 3.825591
870 24 112 32 32 4.187603
870 144 144 32 32 0.603639
870 390 108 24 24 2.216805
870 390 114 24 24 1.546527
870 396 108 24 24 0.755050
870 396 114 24 24 1.595507
900 420 36 48 48 3.342595
900 420 36 48 48 3.342595
900 448 98 28 28 0.506144
900 462 112 28 28 1.561002
900 469 112 28 28 4.907921
900 469 119 28 28 1.546978
900 18 0 24 24 1.379328
900 492 6 24 24 1.266458
900 498 0 24 24 1.924279
900 498 6 24 24 3.426833
930 32 32 64 64 1.256781
930 350 112 28 28 1.590146
930 350 119 28 28 1.897799
930 357 112 28 28 2.403061
930 357 119 28 28 2.585091
960 8 112 32 32 0.982536
960 16 112 32 32 1.279774
960 24 112 32 32 1.370882
960 14 119 28 28 2.050203
960 14 126 28 28 0.424855
960 21 112 28 28 0.485117
960 21 119 28 28 0.889981
960 21 126 28 28 0.816954
990 48 0 64 64 0.586794
990 48 16 64 64 0.601681
990 0 112 32 32 4.669984
990 8 112 32 32 3.954104
990 16 112 32 32 4.415640
990 24 112 32 32 4.025348
990 128 128 32 32 2.403996
990 136 128 32 32 1.086462
990 384 112 32 32 5.770882
990 392 112 32 32 4.295212
990 0 126 28 28 1.927561
990 7 119 28 28 1.809379
990 7 126 28 28 4.498522
990 7 133 28 28 0.210569
990 14 119 28 28 1.310995
990 14 126 28 28 2.521850
990 21 119 28 28 3.090004
990 21 126 28 28 0.341160
990 112 112 28 28 2.381284
990 112 119 28 28 3.856074
1020 32 0 64 64 2.681041
1020 32 16 64 64 0.249747
1020 48 0 64 64 0.471549
1020 48 16 64 64 0.923579
1020 352 16 64 64 1.671587
1020 0 112 32 32 2.873782
1020 128 128 32 32 2.404957
1020 384 112 32 32 2.424037
1020 392 112 32 32 5.193377
1020 400 112 32 32 7.854782
1020 408 112 32 32 5.979935
1020 7 112 28 28 1.710502
1020 7 119 28 28 3.943879
1020 7 126 28 28 2.733282
1020 14 112 28 28 1.246296
1020 14 119 28 28 1.672425
1020 21 112 28 28 0.670049
1020 448 112 28 28 2.078979
1050 32 0 64 64 1.258326
1050 216 126 36 36 1.764140
1050 392 112 32 32 0.890710
1050 400 112 32 32 4.545063
1050 408 112 32 32 3.947479
1050 112 112 28 28 3.235350
1050 112 119 28 28 0.792994
1050 119 112 28 28 1.377192
1050 448 119 28 28 1.160990
1050 448 126 28 28 0.556250
1050 448 133 28 28 2.699727
1050 455 126 28 28 1.605584
1050 455 133 28 28 5.082418
1050 462 126 28 28 1.118117
1050 462 133 28 28 5.047598
1050 469 133 28 28 0.938596
1080 48 32 64 64 2.725948
1080 256 0 64 64 3.488967
1080 256 16 64 64 0.279244
1080 24 36 48 48 1.763493
1080 36 36 48 48 0.623267
1080 24 36 48 48 1.763493
1080 36 36 48 48 0.623267
1080 198 22 44 44 0.679006
1080 198 126 36 36 5.770218
1080 280 256 32 32 1.145914
1080 119 98 28 28 3.387112
1080 119 133 28 28 0.974411
1080 126 126 28 28 0.629578
1080 126 133 28 28 0.755877
1080 343 112 28 28 1.245149
1080 343 119 28 28 3.756966
1080 350 112 28 28 3.726765
1080 350 119 28 28 4.273664
1080 357 112 28 28 1.842139
1080 448 126 28 28 0.199923
1080 102 114 24 24 1.856190
1080 108 114 24 24 1.514463
1110 256 16 64 64 0.311881
1110 0 24 48 48 1.868709
1110 0 36 48 48 3.503390
1110 12 36 48 48 2.669272
1110 204 12 48 48 0.174374
1110 0 24 48 48 1.868709
1110 0 36 48 48 3.503390
1110 12 36 48 48 2.669272
1110 204 12 48 48 0.174374
1110 11 33 44 44 1.583265
1110 220 20 40 40 0.561209
1110 198 126 36 36 2.378282
1110 280 152 32 32 1.667255
1110 384 112 32 32 3.833799
1110 392 112 32 32 0.828822
1110 0 231 28 28 0.689484
1110 7 231 28 28 2.533878
1110 126 98 28 28 2.395065
1110 224 112 28 28 0.696687
1110 336 112 28 28 0.181020
1110 336 119 28 28 2.872794
1110 336 126 28 28 3.197281
1110 343 112 28 28 2.400663
1110 343 119 28 28 3.438379
1110 343 126 28 28 1.220088
1110 350 112 28 28 2.905399
1110 350 119 28 28 1.869249
1110 102 114 24 24 3.256445
1110 108 114 24 24 1.352906
1140 48 16 64 64 1.880424
1140 256 0 64 64 1.067297
1140 256 16 64 64 0.724985
1140 272 0 64 64 2.468104
1140 272 16 64 64 2.442298
1140 288 16 64 64 2.367328
1140 204 0 48 48 0.605112
1140 204 12 48 48 0.373603
1140 204 0 48 48 0.605112
1140 204 12 48 48 0.373603
1140 0 154 44 44 1.180719
1140 11 154 44 44 0.325364
1140 22 154 44 44 1.085240
1140 0 160 40 40 0.426349
1140 10 160 40 40 2.712110
1140 10 170 40 40 0.154273
1140 20 160 40 40 1.976280
1140 30 160 40 40 0.942436
1140 220 10 40 40 0.381367
1140 220 20 40 40 0.649078
1140 0 144 36 36 0.935511
1140 0 153 36 36 1.883985
1140 0 162 36 36 3.656800
1140 0 171 36 36 1.761469
1140 9 153 36 36 0.394738
1140 9 162 36 36 2.704950
1140 9 171 36 36 3.150513
1140 18 162 36 36 2.606734
1140 18 171 36 36 4.357647
1140 27 162 36 36 3.616804
1140 27 171 36 36 4.020962
1140 198 144 36 36 1.900741
1140 198 153 36 36 0.020139
1140 119 98 28 28 1.183672
1140 238 21 28 28 4.274799
1140 245 21 28 28 1.534104
1140 350 119 28 28 0.864151
1140 357 119 28 28 4.000998
1140 357 126 28 28 2.428963
1140 448 98 28 28 2.850991
1140 448 126 28 28 0.533998
1140 448 133 28 28 1.565062
1140 455 98 28 28 1.723325
1140 455 119 28 28 0.349855
1140 462 119 28 28 0.015234
1140 12 204 24 24 0.602119
1140 18 198 24 24 0.066358
1140 18 204 24 24 1.683352
1140 18 210 24 24 0.717197
1140 96 114 24 24 0.683161
1140 396 114 24 24 0.180162
1140 480 114 24 24 1.123423
1170 0 48 64 64 2.303163
1170 32 16 64 64 0.069886
1170 48 0 64 64 2.204365
1170 48 16 64 64 1.477541
1170 256 0 64 64 3.620937
1170 256 16 64 64 2.097621
1170 272 0 64 64 0.922548
1170 352 0 64 64 3.623916
1170 352 16 64 64 5.236751
1170 352 32 64 64 3.073657
1170 10 140 40 40 0.046370
1170 18 144 36 36 1.528997
1170 18 153 36 36 1.628319
1170 18 162 36 36 0.413791
1170 27 144 36 36 1.524991
1170 27 153 36 36 3.042680
1170 27 162 36 36 0.554865
1170 198 144 36 36 6.172668
1170 198 153 36 36 2.334235
1170 216 0 36 36 0.315957
1170 216 9 36 36 1.625710
1170 280 152 32 32 2.181300
1170 231 21 28 28 2.037088
1170 238 14 28 28 1.264217
1170 238 21 28 28 5.189154
1170 336 112 28 28 2.818676
1200 0 32 64 64 1.402462
1200 0 48 64 64 5.035871
1200 16 32 64 64 0.959206
1200 16 48 64 64 4.314791
1200 32 32 64 64 1.483199
1200 32 48 64 64 4.570959
1200 48 32 64 64 2.035670
1200 48 48 64 64 2.591142
1200 180 140 40 40 2.251712
1200 198 144 36 36 6.005786
1200 198 153 36 36 5.649888
1200 198 162 36 36 2.648010
1200 216 0 36 36 1.475846
1200 432 126 36 36 2.419269
1200 441 126 36 36 1.289002
1200 126 98 28 28 0.453426
1200 231 7 28 28 1.836007
1200 231 14 28 28 1.541268
1200 238 7 28 28 0.906522
1200 238 14 28 28 2.619968
1200 343 112 28 28 0.416795
1200 350 112 28 28 1.305346
1200 350 119 28 28 1.924253
1200 357 112 28 28 0.997020
1200 357 119 28 28 0.051229
1200 448 133 28 28 1.705855
1200 455 245 28 28 0.683691
1200 384 114 24 24 3.176887
1200 390 114 24 24 0.250280
1200 402 114 24 24 1.226927
1230 0 32 64 64 4.467258
1230 0 48 64 64 6.886572
1230 16 16 64 64 2.255701
1230 16 32 64 64 4.516150
1230 16 48 64 64 4.860449
1230 32 16 64 64 1.223341
1230 32 32 64 64 3.702051
1230 32 48 64 64 4.261907
1230 48 16 64 64 1.060830
1230 48 32 64 64 3.501387
1230 48 48 64 64 2.209159
1230 352 0 64 64 2.408224
1230 384 36 48 48 3.738414
1230 396 36 48 48 1.621004
1230 408 36 48 48 1.382103
1230 384 36 48 48 3.738414
1230 396 36 48 48 1.621004
1230 408 36 48 48 1.382103
1230 264 154 44 44 0.089337
1230 170 140 40 40 3.763825
1230 180 140 40 40 3.594424
1230 180 160 40 40 1.363152
1230 198 162 36 36 1.582600
1230 288 153 36 36 0.794888
1230 288 162 36 36 2.758694
1230 288 171 36 36 1.834239
1230 384 112 32 32 3.066025
1230 392 112 32 32 0.774410
1230 168 126 28 28 2.760115
1230 168 133 28 28 2.192698
1230 343 98 28 28 3.560640
1230 350 98 28 28 2.413854
1230 357 98 28 28 2.066143
1230 198 192 24 24 0.717463
1230 204 192 24 24 3.174410
1230 204 198 24 24 3.166456
1230 210 192 24 24 2.728151
1230 210 198 24 24 2.849566
1230 384 108 24 24 0.011631
1260 0 16 64 64 0.370676
1260 0 32 64 64 7.265474
1260 0 48 64 64 6.468341
1260 16 16 64 64 1.258154
1260 16 32 64 64 4.114587
1260 16 48 64 64 5.048185
1260 32 16 64 64 1.546709
1260 32 32 64 64 3.210161
1260 32 48 64 64 1.632587
1260 288 0 64 64 2.899723
1260 352 0 64 64 4.484783
1260 352 16 64 64 4.381108
1260 352 32 64 64 0.186350
1260 264 154 44 44 4.260377
1260 144 162 36 36 6.084186
1260 144 171 36 36 8.268015
1260 153 171 36 36 4.363411
1260 288 171 36 36 0.602931
1260 432 126 36 36 0.225837
1260 400 112 32 32 3.117272
1260 408 112 32 32 3.334918
1260 448 112 28 28 0.839233
1260 448 126 28 28 0.755266
1260 448 133 28 28 3.148670
1260 455 98 28 28 3.963311
1260 455 112 28 28 4.934822
1260 455 119 28 28 3.850877
1260 455 126 28 28 5.365109
1260 455 133 28 28 7.534158
1260 462 98 28 28 6.195753
1260 462 112 28 28 3.800502
1260 462 119 28 28 1.426695
1260 462 126 28 28 1.732853
1260 462 133 28 28 5.310124
1260 469 98 28 28 5.588777
1260 469 112 28 28 1.695501
1260 480 108 24 24 3.050603
1260 480 114 24 24 4.438282
1260 486 108 24 24 1.732736
1260 486 114 24 24 3.304451
1260 492 114 24 24 2.414742
1290 0 0 64 64 3.467668
1290 0 16 64 64 0.125725
1290 16 0 64 64 0.281751
1290 288 0 64 64 2.301313
1290 0 36 48 48 2.015886
1290 0 168 48 48 3.023650
1290 12 24 48 48 0.420450
1290 12 36 48 48 2.668438
1290 12 168 48 48 2.663277
1290 24 0 48 48 0.708997
1290 24 36 48 48 0.787574
1290 36 12 48 48 1.436016
1290 288 12 48 48 1.283977
1290 288 24 48 48 0.507881
1290 0 36 48 48 2.015886
1290 0 168 48 48 3.023650
1290 12 24 48 48 0.420450
1290 12 36 48 48 2.668438
1290 12 168 48 48 2.663277
1290 24 0 48 48 0.708997
1290 24 36 48 48 0.787574
1290 36 12 48 48 1.436016
1290 288 12 48 48 1.283977
1290 288 24 48 48 0.507881
1290 0 154 44 44 7.140175
1290 0 176 44 44 2.087193
1290 11 22 44 44 0.497810
1290 11 33 44 44 0.720521
1290 11 154 44 44 2.387806
1290 11 176 44 44 3.075009
1290 22 33 44 44 0.411906
1290 22 176 44 44 2.698502
1290 176 176 44 44 4.590853
1290 176 187 44 44 0.860759
1290 187 154 44 44 0.992471
1290 187 176 44 44 0.381910
1290 242 22 44 44 3.278467
1290 242 33 44 44 0.426793
1290 0 140 40 40 2.186783
1290 0 160 40 40 13.146441
1290 0 170 40 40 6.756709
1290 0 180 40 40 3.631052
1290 10 140 40 40 2.055583
1290 10 160 40 40 3.401483
1290 10 170 40 40 5.269592
1290 10 180 40 40 5.540256
1290 10 190 40 40 0.581448
1290 20 170 40 40 2.312958
1290 20 180 40 40 5.216515
1290 20 190 40 40 2.556927
1290 30 30 40 40 0.589909
1290 30 180 40 40 2.220160
1290 30 190 40 40 1.191900
1290 180 180 40 40 3.088388
1290 180 190 40 40 2.502676
1290 240 30 40 40 2.086476
1290 320 30 40 40 3.308247
1290 330 30 40 40 1.724055
1290 0 144 36 36 0.322770
1290 0 153 36 36 2.708592
1290 0 162 36 36 5.925928
1290 0 171 36 36 4.759350
1290 9 144 36 36 1.412427
1290 9 153 36 36 5.979075
1290 9 162 36 36 10.021971
1290 9 171 36 36 8.248596
1290 18 144 36 36 0.851317
1290 18 153 36 36 3.098935
1290 18 162 36 36 4.570491
1290 18 171 36 36 2.909516
1290 198 171 36 36 0.953868
1290 441 126 36 36 9.326530
1290 441 144 36 36 5.455474
1290 450 126 36 36 7.670472
1290 450 144 36 36 1.054562
1290 0 152 32 32 2.247426
1290 8 152 32 32 1.366514
1290 24 152 32 32 0.094259
1290 392 16 32 32 0.136341
1290 400 16 32 32 2.641247
1290 408 16 32 32 0.051522
1290 21 119 28 28 1.123168
1290 462 112 28 28 0.261478
1290 462 119 28 28 0.816196
1290 462 126 28 28 2.073862
1290 462 133 28 28 3.405536
1290 469 133 28 28 1.070658
1290 18 192 24 24 3.279966
1290 384 96 24 24 0.999534
1290 384 108 24 24 0.875346
1290 384 114 24 24 2.334739
1320 288 0 64 64 3.303105
1320 204 0 48 48 0.914132
1320 204 12 48 48 0.363023
1320 288 0 48 48 0.499947
1320 288 12 48 48 2.579584
1320 288 24 48 48 4.080284
1320 288 36 48 48 2.113899
1320 204 0 48 48 0.914132
1320 204 12 48 48 0.363023
1320 288 0 48 48 0.499947
1320 288 12 48 48 2.579584
1320 288 24 48 48 4.080284
1320 288 36 48 48 2.113899
1320 0 0 44 44 0.153689
1320 0 22 44 44 0.341518
1320 0 33 44 44 0.684077
1320 10 10 40 40 1.261010
1320 220 30 40 40 1.484962
1320 0 144 36 36 1.329693
1320 0 153 36 36 0.601773
1320 9 18 36 36 1.445303
1320 9 27 36 36 0.292156
1320 9 153 36 36 0.393019
1320 18 18 36 36 1.245638
1320 16 144 32 32 0.052137
1320 16 152 32 32 0.185713
1320 392 8 32 32 1.353562
1320 400 8 32 32 1.315959
1320 245 7 28 28 0.546024
1320 336 98 28 28 2.706825
1320 455 21 28 28 0.296649
1320 462 21 28 28 1.244986
1320 469 21 28 28 0.298198
1320 384 84 24 24 2.946259
1320 390 84 24 24 3.271452
1320 396 84 24 24 2.246835
1350 0 32 64 64 1.757229
1350 272 0 64 64 0.775861
1350 288 12 48 48 0.780244
1350 288 24 48 48 0.038154
1350 288 12 48 48 0.780244
1350 288 24 48 48 0.038154
1350 30 30 40 40 0.250987
1350 0 27 36 36 1.256365
1350 27 126 36 36 1.293181
1350 288 288 36 36 1.697057
1350 392 112 32 32 4.487828
1350 400 112 32 32 2.117806
1350 126 98 28 28 1.275199
1350 245 7 28 28 0.222107
1350 343 98 28 28 4.545399
1350 343 112 28 28 7.467972
1350 343 119 28 28 2.684245
1350 350 98 28 28 1.547204
1350 350 112 28 28 4.153941
1350 198 102 24 24 1.537534
1350 300 96 24 24 0.707176
1350 306 96 24 24 1.426188
1350 384 108 24 24 0.946645
1350 390 102 24 24 2.443540
1350 390 108 24 24 5.161204
1350 390 114 24 24 4.711146
1380 352 0 64 64 2.332130
1380 352 16 64 64 2.534090
1380 420 36 48 48 0.190334
1380 420 36 48 48 0.190334
1380 352 33 44 44 4.662596
1380 363 33 44 44 0.824485
1380 128 112 32 32 1.734532
1380 136 112 32 32 0.361858
1380 408 112 32 32 4.205937
1380 112 119 28 28 0.634987
1380 119 119 28 28 1.318446
1380 119 126 28 28 1.481849
1380 126 112 28 28 3.584732
1380 126 119 28 28 1.834743
1380 154 98 28 28 4.426121
1380 462 98 28 28 0.865669
1380 469 98 28 28 0.779885
1380 0 108 24 24 0.857771
1380 0 192 24 24 4.494544
1380 0 198 24 24 2.410626
1380 0 204 24 24 1.618737
1380 6 192 24 24 1.043879
1380 6 204 24 24 0.306826
1380 18 0 24 24 0.028466
1380 18 6 24 24 0.212728
1380 144 96 24 24 1.294791
1380 198 114 24 24 2.523469
1380 204 108 24 24 1.643477
1380 204 114 24 24 4.535342
1380 210 108 24 24 1.326541
1380 210 114 24 24 4.013587
1380 306 18 24 24 3.353346
1380 384 114 24 24 1.174746
1380 390 102 24 24 1.591741
1380 390 108 24 24 2.183356
1380 390 114 24 24 2.443580
1380 396 96 24 24 0.817393
1380 396 102 24 24 1.377830
1380 396 108 24 24 3.121650
1380 396 114 24 24 2.666396
1380 480 114 24 24 0.842623
1380 486 114 24 24 1.139376
1380 498 114 24 24 0.090818
1410 16 32 64 64 1.700215
1410 32 32 64 64 3.102779
1410 48 32 64 64 3.034111
1410 256 0 64 64 1.905555
1410 256 16 64 64 0.250012
1410 352 0 64 64 0.959262
1410 384 24 48 48 0.257215
1410 384 36 48 48 0.264442
1410 420 36 48 48 1.027581
1410 384 24 48 48 0.257215
1410 384 36 48 48 0.264442
1410 420 36 48 48 1.027581
1410 0 170 40 40 0.857907
1410 144 112 32 32 2.761002
1410 154 112 28 28 3.129891
1410 154 119 28 28 3.962638
1410 154 126 28 28 1.493262
1410 168 112 28 28 1.087615
1410 168 119 28 28 1.713880
1410 224 112 28 28 3.116325
1410 224 119 28 28 0.039975
1410 336 0 28 28 1.249274
1410 336 7 28 28 2.042301
1410 343 0 28 28 1.630865
1410 343 7 28 28 2.632433
1410 462 98 28 28 1.041114
1410 462 112 28 28 3.631228
1410 462 119 28 28 5.767962
1410 462 126 28 28 5.858225
1410 462 133 28 28 3.698428
1410 469 98 28 28 3.044188
1410 469 112 28 28 5.571353
1410 469 119 28 28 3.316783
1410 469 126 28 28 3.714572
1410 469 133 28 28 1.554204
1410 480 108 24 24 0.049688
1410 492 84 24 24 0.545748
1410 498 84 24 24 0.945874
1410 498 108 24 24 0.941973
1410 498 114 24 24 0.991266
1440 272 0 64 64 0.217936
1440 288 0 64 64 1.481398
1440 408 0 48 48 1.889543
1440 408 0 48 48 1.889543
1440 0 140 40 40 0.783395
1440 10 140 40 40 2.197576
1440 20 140 40 40 1.707599
1440 30 140 40 40 2.020738
1440 0 144 36 36 2.553714
1440 0 153 36 36 0.127570
1440 9 126 36 36 0.171303
1440 9 144 36 36 2.826569
1440 9 153 36 36 1.770596
1440 18 144 36 36 1.419947
1440 18 153 36 36 1.181362
1440 27 126 36 36 2.697316
1440 27 144 36 36 1.550199
1440 27 153 36 36 0.686647
1440 0 152 32 32 0.318075
1440 8 152 32 32 1.747287
1440 16 152 32 32 2.308410
1440 24 152 32 32 0.716683
1440 136 112 32 32 0.042038
1440 144 112 32 32 2.580911
1440 176 112 32 32 5.340536
1440 192 112 32 32 2.394498
1440 0 126 28 28 0.174262
1440 126 119 28 28 0.589607
1440 154 112 28 28 0.223244
1440 154 119 28 28 2.169888
1440 168 119 28 28 2.673865
1440 224 119 28 28 1.607259
1440 224 126 28 28 5.040897
1440 231 119 28 28 6.240267
1440 231 126 28 28 9.653380
1440 231 133 28 28 3.556697
1440 238 112 28 28 1.042047
1440 238 119 28 28 6.888882
1440 238 126 28 28 10.324673
1440 238 133 28 28 3.592973
1440 245 119 28 28 4.855608
1440 245 126 28 28 7.361919
1440 245 133 28 28 0.946221
1440 336 119 28 28 4.022383
1440 336 126 28 28 4.252869
1440 343 119 28 28 0.905017
1440 343 126 28 28 2.911325
1440 350 119 28 28 1.278567
1440 350 126 28 28 1.163708
1440 357 0 28 28 0.398744
1440 357 119 28 28 2.701154
1440 448 112 28 28 1.004380
1440 12 192 24 24 0.064261
1440 384 6 24 24 4.368289
1440 384 12 24 24 7.112809
1440 384 18 24 24 0.928378
1440 390 6 24 24 1.750216
1440 390 12 24 24 5.406791
1440 396 12 24 24 1.143787
1440 480 6 24 24 0.978632
1440 480 12 24 24 1.735859
1470 32 48 64 64 1.121049
1470 48 48 64 64 3.804945
1470 288 16 64 64 1.779888
1470 352 0 64 64 2.566470
1470 352 16 64 64 4.934858
1470 352 32 64 64 2.074381
1470 0 140 40 40 0.669340
1470 10 140 40 40 0.821775
1470 18 153 36 36 2.029001
1470 136 112 32 32 2.379900
1470 176 112 32 32 3.731020
1470 192 112 32 32 2.473461
1470 256 128 32 32 10.011946
1470 256 136 32 32 9.426287
1470 264 128 32 32 9.903974
1470 264 136 32 32 7.738821
1470 264 144 32 32 0.745073
1470 272 128 32 32 6.011969
1470 272 136 32 32 2.845584
1470 280 128 32 32 3.345432
1470 392 128 32 32 2.679990
1470 400 128 32 32 4.227639
1470 400 136 32 32 1.111359
1470 408 128 32 32 2.947336
1470 224 133 28 28 1.228113
1470 231 126 28 28 0.690595
1470 231 133 28 28 4.898520
1470 238 133 28 28 1.903277
1470 245 133 28 28 0.569587
1470 448 133 28 28 0.247817
1500 256 48 64 64 2.916379
1500 272 32 64 64 1.801219
1500 272 48 64 64 0.547348
1500 27 162 36 36 0.099799
1500 297 126 36 36 5.293507
1500 306 126 36 36 9.187368
1500 315 126 36 36 8.472639
1500 432 126 36 36 2.333847
1500 441 126 36 36 2.360746
1500 450 126 36 36 4.660380
1500 459 126 36 36 1.458062
1500 176 112 32 32 1.640687
1500 256 112 32 32 3.459645
1500 256 128 32 32 1.072227
1500 264 112 32 32 2.501123
1500 264 128 32 32 0.404125
1500 272 112 32 32 2.497343
1500 272 128 32 32 0.476876
1500 384 136 32 32 1.728979
1500 384 144 32 32 2.254251
1500 392 136 32 32 0.041832
1500 392 144 32 32 1.363969
1500 336 133 28 28 4.445482
1500 462 133 28 28 1.234410
1500 132 192 24 24 4.142028
1500 144 192 24 24 0.264452
1500 210 18 24 24 0.500395
1500 486 0 24 24 2.220681
1500 492 0 24 24 2.057263
1500 498 0 24 24 1.885278
1530 288 48 64 64 5.248203
1530 340 140 40 40 1.520785
1530 432 126 36 36 2.017592
1530 441 126 36 36 3.569960
1530 441 144 36 36 0.968224
1530 450 126 36 36 1.522324
1530 450 144 36 36 2.337790
1530 264 112 32 32 0.083575
1530 272 112 32 32 0.120793
1530 280 112 32 32 1.283745
1530 336 126 28 28 0.084777
1530 343 119 28 28 2.245914
1530 343 126 28 28 6.995035
1530 343 133 28 28 3.526840
1530 350 126 28 28 4.822718
1530 350 133 28 28 0.688357
1530 357 126 28 28 0.474156
1530 108 108 24 24 0.756230
1530 108 114 24 24 3.054673
1560 256 0 64 64 5.927540
1560 272 0 64 64 1.783520
1560 288 0 64 64 2.827766
1560 352 16 64 64 0.207715
1560 288 36 48 48 1.467017
1560 288 36 48 48 1.467017
1560 242 22 44 44 0.358670
1560 160 140 40 40 0.595852
1560 162 144 36 36 1.175465
1560 288 0 36 36 0.614244
1560 432 144 36 36 2.672235
1560 432 153 36 36 5.274051
1560 432 162 36 36 6.348813
1560 432 171 36 36 1.503422
1560 441 144 36 36 1.825988
1560 441 153 36 36 7.110998
1560 441 162 36 36 6.022948
1560 450 153 36 36 2.416451
1560 450 162 36 36 1.117083
1560 400 112 32 32 0.450502
1560 238 14 28 28 1.077526
1560 245 14 28 28 3.655989
1560 245 21 28 28 2.011307
1560 469 98 28 28 0.776827
1560 6 210 24 24 0.921712
1560 12 210 24 24 1.719530
1560 18 210 24 24 2.263613
1590 272 0 64 64 0.866772
1590 0 192 48 48 0.427873
1590 0 192 48 48 0.427873
1590 0 198 44 44 0.821365
1590 11 198 44 44 0.953877
1590 170 140 40 40 2.477218
1590 180 140 40 40 2.908643
1590 459 126 36 36 0.325565
1590 192 128 32 32 1.163867
1590 192 152 32 32 2.418473
1590 0 245 28 28 1.225967
1590 7 245 28 28 1.871082
1590 14 245 28 28 2.189166
1590 21 238 28 28 1.249813
1590 21 245 28 28 1.773281
1590 231 0 28 28 1.562867
1590 231 7 28 28 3.425250
1590 238 0 28 28 0.848738
1590 238 7 28 28 2.447751
1590 245 98 28 28 2.535044
1590 288 108 24 24 1.210847
1590 384 96 24 24 1.370374
1590 384 102 24 24 3.546774
1590 498 192 24 24 1.916120
1620 272 0 64 64 0.055951
1620 204 24 48 48 0.375179
1620 216 24 48 48 1.046474
1620 288 24 48 48 3.666165
1620 288 36 48 48 5.905870
1620 384 36 48 48 4.073140
1620 420 36 48 48 0.067278
1620 204 24 48 48 0.375179
1620 216 24 48 48 1.046474
1620 288 24 48 48 3.666165
1620 288 36 48 48 5.905870
1620 384 36 48 48 4.073140
1620 420 36 48 48 0.067278
1620 455 112 28 28 0.860238
1620 455 119 28 28 0.986016
1620 469 119 28 28 0.804964
1620 384 84 24 24 3.228260
1620 390 84 24 24 1.303967
1650 256 0 64 64 3.610703
1650 256 16 64 64 1.245183
1650 288 0 64 64 2.596121
1650 352 0 64 64 4.853289
1650 352 16 64 64 2.832577
1650 352 32 64 64 0.060192
1650 204 36 48 48 0.110776
1650 264 36 48 48 2.201987
1650 288 24 48 48 4.017135
1650 288 36 48 48 5.616144
1650 384 36 48 48 1.006286
1650 204 36 48 48 0.110776
1650 264 36 48 48 2.201987
1650 288 24 48 48 4.017135
1650 288 36 48 48 5.616144
1650 384 36 48 48 1.006286
1650 408 112 32 32 2.598330
1650 112 98 28 28 1.566321
1650 112 112 28 28 2.107281
1650 231 98 28 28 1.769703
1650 448 119 28 28 0.948829
1650 96 108 24 24 0.439577
1650 96 114 24 24 1.092953
1650 102 114 24 24 0.275217
1650 108 114 24 24 0.818851
1650 132 114 24 24 1.194173
1650 486 96 24 24 1.708698
1680 48 0 64 64 0.566400
1680 256 0 64 64 7.107429
1680 256 16 64 64 0.001732
1680 272 0 64 64 3.969077
1680 288 0 64 64 1.701512
1680 352 0 64 64 3.197843
1680 352 16 64 64 1.410663
1680 264 24 48 48 1.785570
1680 264 36 48 48 4.497611
1680 264 216 48 48 1.255449
1680 288 36 48 48 0.091399
1680 264 24 48 48 1.785570
1680 264 36 48 48 4.497611
1680 264 216 48 48 1.255449
1680 288 36 48 48 0.091399
1680 128 128 32 32 1.470839
1680 392 0 32 32 2.009628
1680 448 119 28 28 2.497213
1680 455 119 28 28 2.172109
1680 455 126 28 28 1.265609
1680 469 133 28 28 1.242032
1680 132 84 24 24 0.402867
1710 288 0 64 64 2.128759
1710 264 24 48 48 2.517148
1710 264 36 48 48 2.411766
1710 288 24 48 48 2.748662
1710 384 36 48 48 2.740180
1710 264 24 48 48 2.517148
1710 264 36 48 48 2.411766
1710 288 24 48 48 2.748662
1710 384 36 48 48 2.740180
1710 144 27 36 36 4.903944
1710 153 18 36 36 1.335362
1710 153 27 36 36 2.294101
1710 459 162 36 36 0.227931
1710 0 112 32 32 2.477511
1710 8 112 32 32 1.132480
1710 192 128 32 32 0.341818
1710 0 112 28 28 0.363835
1710 0 119 28 28 3.517677
1710 0 126 28 28 1.390536
1710 7 112 28 28 2.023824
1710 7 119 28 28 5.251861
1710 7 126 28 28 1.462789
1710 14 112 28 28 0.720520
1710 14 119 28 28 4.972281
1710 14 126 28 28 3.564234
1710 21 119 28 28 0.687643
1710 21 126 28 28 1.437611
1710 350 14 28 28 0.254746
1740 352 0 64 64 0.068047
1740 352 16 64 64 3.659157
1740 204 24 48 48 1.582640
1740 204 36 48 48 0.837502
1740 216 24 48 48 0.975806
1740 216 36 48 48 2.378253
1740 420 36 48 48 0.145638
1740 204 24 48 48 1.582640
1740 204 36 48 48 0.837502
1740 216 24 48 48 0.975806
1740 216 36 48 48 2.378253
1740 420 36 48 48 0.145638
1740 264 22 44 44 2.171182
1740 264 33 44 44 1.737348
1740 128 24 32 32 3.123184
1740 136 24 32 32 0.514918
1740 400 112 32 32 3.294773
1740 408 112 32 32 6.628745
1740 0 119 28 28 0.059294
1740 0 126 28 28 0.411162
1740 7 119 28 28 2.978806
1740 168 126 28 28 1.402713
1740 168 133 28 28 4.682186
1740 350 112 28 28 0.829681
1740 357 112 28 28 4.054451
1740 357 119 28 28 0.840703
1740 0 84 24 24 2.301268
1740 306 96 24 24 1.727159
1770 192 12 48 48 3.392476
1770 192 24 48 48 3.184846
1770 204 24 48 48 0.405728
1770 204 36 48 48 2.456213
1770 216 36 48 48 1.904914
1770 192 12 48 48 3.392476
1770 192 24 48 48 3.184846
1770 204 24 48 48 0.405728
1770 204 36 48 48 2.456213
1770 216 36 48 48 1.904914
1770 242 33 44 44 4.347754
1770 144 126 36 36 1.384803
1770 153 126 36 36 0.127495
1770 432 27 36 36 0.670068
1770 432 126 36 36 0.550936
1770 144 136 32 32 3.663163
1770 176 136 32 32 0.139525
1770 336 98 28 28 3.291433
1770 343 98 28 28 4.886904
1770 343 112 28 28 2.799386
1770 350 98 28 28 1.129974
1770 350 112 28 28 0.500692
1770 357 98 28 28 2.165216
1770 357 112 28 28 0.169235
1770 448 133 28 28 3.172591
1770 462 112 28 28 0.463398
1770 384 108 24 24 3.868438
1770 390 108 24 24 0.844058
1770 396 102 24 24 0.431784
1770 402 0 24 24 1.560001
1800 352 48 64 64 3.898560
1800 9 18 36 36 0.898503
1800 18 18 36 36 1.144967
1800 144 144 36 36 1.966797
1800 153 144 36 36 0.215143
1800 432 9 36 36 0.934753
1800 441 9 36 36 1.722802
1800 450 9 36 36 0.210579
1800 16 24 32 32 4.137047
1800 24 24 32 32 2.802448
1800 128 136 32 32 1.576263
1800 128 144 32 32 4.024139
1800 128 152 32 32 2.443599
1800 136 136 32 32 0.088377
1800 136 144 32 32 2.802258
1800 136 152 32 32 2.101474
1800 144 136 32 32 0.556179
1800 144 144 32 32 3.402631
1800 144 152 32 32 4.003376
1800 384 144 32 32 0.125022
1800 392 128 32 32 0.602879
1800 392 136 32 32 5.287506
1800 392 144 32 32 5.872305
1800 400 128 32 32 0.502327
1800 400 136 32 32 5.273292
1800 400 144 32 32 4.707231
1800 400 152 32 32 1.755703
1800 408 144 32 32 3.291476
1800 408 152 32 32 2.972488
1800 343 98 28 28 0.014929
1800 384 102 24 24 0.916033
1800 384 108 24 24 3.463781
1800 384 114 24 24 4.402174
1800 390 102 24 24 0.710472
1800 390 108 24 24 1.416882
1800 390 114 24 24 1.543361
1800 396 102 24 24 3.406704
1800 396 108 24 24 0.977655
1800 402 102 24 24 4.881633
1800 402 108 24 24 2.423549
1830 256 0 64 64 0.789453
1830 352 0 64 64 3.985456
1830 384 36 48 48 7.495031
1830 396 24 48 48 2.280167
1830 396 36 48 48 6.785768
1830 408 36 48 48 1.806632
1830 420 36 48 48 2.049659
1830 384 36 48 48 7.495031
1830 396 24 48 48 2.280167
1830 396 36 48 48 6.785768
1830 408 36 48 48 1.806632
1830 420 36 48 48 2.049659
1830 0 154 44 44 0.567897
1830 11 154 44 44 1.476358
1830 22 154 44 44 4.331296
1830 33 154 44 44 3.904844
1830 176 33 44 44 2.744116
1830 187 33 44 44 1.865364
1830 374 33 44 44 0.481109
1830 385 33 44 44 1.657627
1830 20 140 40 40 2.700024
1830 20 170 40 40 2.099194
1830 20 180 40 40 0.918951
1830 30 140 40 40 2.013348
1830 30 160 40 40 6.325187
1830 30 170 40 40 4.787069
1830 30 180 40 40 2.363419
1830 441 153 36 36 0.102715
1830 441 162 36 36 3.197197
1830 441 171 36 36 2.762579
1830 450 153 36 36 0.900453
1830 450 162 36 36 3.975375
1830 450 171 36 36 5.226795
1830 459 162 36 36 1.090059
1830 459 171 36 36 4.755826
1830 8 16 32 32 1.791074
1830 16 16 32 32 3.296174
1830 128 136 32 32 0.842100
1830 0 14 28 28 0.453777
1830 0 21 28 28 2.283482
1830 7 21 28 28 0.993575
1830 14 21 28 28 1.047845
1830 350 98 28 28 0.984951
1830 357 98 28 28 2.863149
1830 448 98 28 28 2.523775
1830 462 119 28 28 0.794531
1830 469 98 28 28 0.845713
1830 469 112 28 28 3.789539
1830 469 119 28 28 5.285509
1830 469 126 28 28 1.572463
1830 288 102 24 24 6.009923
1830 288 108 24 24 0.761085
1830 294 102 24 24 6.477102
1830 294 108 24 24 3.015430
1830 384 102 24 24 3.185364
1830 384 108 24 24 2.761063
1830 390 102 24 24 1.189311
1830 396 102 24 24 2.421718
1830 480 108 24 24 1.991162
1830 480 114 24 24 1.464848
1830 480 192 24 24 3.439595
1830 480 198 24 24 0.941273
1830 480 204 24 24 0.252179
1830 480 210 24 24 2.732230
1830 486 204 24 24 1.175666
1830 486 210 24 24 3.853286
1830 492 210 24 24 1.110437
1830 498 114 24 24 1.780348
