30 352 16 64 64 3.931023
30 385 0 44 44 0.543960
30 320 30 40 40 0.256059
30 330 20 40 40 2.641364
30 330 30 40 40 2.087788
30 340 20 40 40 1.262070
30 340 30 40 40 1.530435
30 350 30 40 40 2.654084
30 0 112 32 32 3.390515
30 8 112 32 32 1.150797
30 16 8 32 32 0.290345
30 16 112 32 32 0.143614
30 176 112 32 32 2.974091
30 256 112 32 32 0.663688
30 264 112 32 32 1.570174
30 280 112 32 32 0.456951
30 384 112 32 32 4.937408
30 392 112 32 32 6.638429
30 400 112 32 32 4.097353
30 0 126 28 28 2.944153
30 7 126 28 28 1.262575
30 14 112 28 28 1.975399
30 14 119 28 28 4.920283
30 14 126 28 28 3.864321
30 21 112 28 28 3.261372
30 21 119 28 28 0.663147
30 21 126 28 28 2.190650
30 21 133 28 28 0.525230
30 336 112 28 28 0.098503
30 336 119 28 28 0.528992
30 336 126 28 28 0.728774
30 343 112 28 28 1.618643
30 343 119 28 28 3.793891
30 343 126 28 28 3.128700
30 350 119 28 28 2.970918
30 350 126 28 28 4.029862
30 357 119 28 28 0.525321
30 357 126 28 28 1.119401
30 448 112 28 28 1.996231
30 448 119 28 28 1.504770
30 448 126 28 28 2.077867
30 448 133 28 28 3.669626
30 455 112 28 28 0.825072
30 455 133 28 28 0.999716
30 294 108 24 24 1.172483
30 306 114 24 24 0.532587
30 384 12 24 24 0.482962
30 384 18 24 24 1.999338
30 390 12 24 24 2.057857
30 390 18 24 24 1.094744
30 396 12 24 24 2.259681
30 396 18 24 24 2.478762
30 402 12 24 24 0.234652
30 402 18 24 24 1.460969
60 32 16 64 64 1.164359
60 48 16 64 64 1.861211
60 204 36 48 48 0.160207
60 204 36 48 48 0.160207
60 352 0 44 44 3.397352
60 363 0 44 44 4.777109
60 374 0 44 44 2.679017
60 340 10 40 40 0.143472
60 350 10 40 40 1.687391
60 0 24 32 32 2.473500
60 24 112 32 32 0.004987
60 24 128 32 32 3.424509
60 128 112 32 32 3.893698
60 264 112 32 32 2.601796
60 272 112 32 32 5.986974
60 280 112 32 32 4.746680
60 384 112 32 32 0.506540
60 392 112 32 32 1.946645
60 14 112 28 28 0.442816
60 112 126 28 28 2.648636
60 119 126 28 28 5.430017
60 119 133 28 28 1.774060
60 126 126 28 28 5.375430
60 126 133 28 28 0.227619
60 224 119 28 28 0.283124
60 231 112 28 28 0.512113
60 231 119 28 28 2.363948
60 238 98 28 28 2.492807
60 238 112 28 28 2.535126
60 238 119 28 28 0.762333
60 238 126 28 28 2.554979
60 245 98 28 28 0.010205
60 245 112 28 28 2.110600
60 245 126 28 28 0.078592
60 336 126 28 28 0.836041
60 343 119 28 28 1.928633
60 343 126 28 28 3.123932
60 350 119 28 28 1.803012
60 350 126 28 28 1.018713
60 357 119 28 28 0.863530
60 357 126 28 28 1.856115
60 462 133 28 28 2.740915
60 469 133 28 28 1.140018
60 288 108 24 24 0.244321
60 288 114 24 24 4.676262
60 294 114 24 24 3.401141
60 300 114 24 24 0.043389
90 0 0 64 64 2.669032
90 0 16 64 64 7.078308
90 0 32 64 64 0.645352
90 16 16 64 64 4.232566
90 32 16 64 64 1.576682
90 48 16 64 64 1.630046
90 48 32 64 64 3.087281
90 363 0 44 44 1.476737
90 0 128 32 32 0.192336
90 16 112 32 32 1.581878
90 24 112 32 32 0.279273
90 256 112 32 32 1.631070
90 384 24 32 32 0.658640
90 384 112 32 32 1.409189
90 392 24 32 32 1.869720
90 400 24 32 32 0.450494
90 408 24 32 32 1.033447
90 7 133 28 28 2.392354
90 14 133 28 28 5.257658
90 21 126 28 28 1.519982
90 21 133 28 28 5.331809
90 112 112 28 28 4.163385
90 112 119 28 28 3.030363
90 112 126 28 28 1.360261
90 112 133 28 28 0.044633
90 119 112 28 28 4.144339
90 119 119 28 28 4.296525
90 119 126 28 28 2.631530
90 119 133 28 28 3.254174
90 126 119 28 28 0.465038
90 126 126 28 28 0.270504
90 126 133 28 28 2.461516
90 224 98 28 28 0.375581
90 224 119 28 28 2.179164
90 231 119 28 28 0.858201
90 238 119 28 28 1.983594
90 336 119 28 28 0.977673
90 343 133 28 28 2.628257
90 350 133 28 28 0.797439
90 357 126 28 28 0.461865
90 357 133 28 28 0.218541
90 288 102 24 24 1.087004
90 294 114 24 24 1.385358
90 300 114 24 24 3.772125
90 306 102 24 24 0.374392
90 306 108 24 24 0.726878
90 306 114 24 24 3.228093
90 480 0 24 24 0.749233
120 0 16 64 64 1.869032
120 0 32 64 64 3.105967
120 216 36 48 48 0.881990
120 264 36 48 48 2.801329
120 288 36 48 48 4.023481
120 420 36 48 48 3.474434
120 216 36 48 48 0.881990
120 264 36 48 48 2.801329
120 288 36 48 48 4.023481
120 420 36 48 48 3.474434
120 153 126 36 36 1.809425
120 288 9 36 36 2.237966
120 432 126 36 36 3.330980
120 432 144 36 36 2.567075
120 441 0 36 36 1.577878
120 441 9 36 36 0.059749
120 441 126 36 36 8.309057
120 441 144 36 36 2.206694
120 450 0 36 36 0.320244
120 450 126 36 36 8.175752
120 459 0 36 36 0.138408
120 459 126 36 36 5.266286
120 256 112 32 32 1.268953
120 256 144 32 32 0.494353
120 264 256 32 32 0.067201
120 384 136 32 32 0.509839
120 384 144 32 32 1.814318
120 384 152 32 32 2.038040
120 392 128 32 32 0.761421
120 392 136 32 32 2.468846
120 392 144 32 32 2.454034
120 392 152 32 32 3.239265
120 400 128 32 32 2.610516
120 400 136 32 32 1.063798
120 408 128 32 32 4.068537
120 408 136 32 32 3.625716
120 408 144 32 32 0.851684
120 224 112 28 28 1.180693
120 455 0 28 28 0.200007
120 455 7 28 28 2.115168
120 455 14 28 28 0.326557
120 455 133 28 28 0.267010
120 462 14 28 28 1.418871
120 462 21 28 28 1.391143
120 462 119 28 28 2.774283
120 462 126 28 28 3.812003
120 462 133 28 28 2.220126
120 469 126 28 28 2.705751
120 469 133 28 28 1.940037
120 288 96 24 24 0.026122
120 294 96 24 24 0.578467
120 294 102 24 24 1.774558
120 294 108 24 24 1.590438
120 300 102 24 24 4.797062
120 300 108 24 24 2.823307
120 306 102 24 24 0.726431
120 306 108 24 24 2.121655
120 384 0 24 24 3.420975
150 32 0 64 64 0.556861
150 32 16 64 64 1.374335
150 48 0 64 64 0.806761
150 48 16 64 64 4.709165
150 48 32 64 64 0.774919
150 256 0 64 64 4.771263
150 256 16 64 64 3.972013
150 272 0 64 64 4.213349
150 272 16 64 64 3.708653
150 288 0 64 64 1.483822
150 288 16 64 64 2.601423
150 192 12 48 48 0.997195
150 204 12 48 48 1.328583
150 204 24 48 48 0.908592
150 216 12 48 48 0.715363
150 216 24 48 48 3.367058
150 216 36 48 48 5.011506
150 264 12 48 48 0.866502
150 264 24 48 48 1.366564
150 288 36 48 48 1.651108
150 192 12 48 48 0.997195
150 204 12 48 48 1.328583
150 204 24 48 48 0.908592
150 216 12 48 48 0.715363
150 216 24 48 48 3.367058
150 216 36 48 48 5.011506
150 264 12 48 48 0.866502
150 264 24 48 48 1.366564
150 288 36 48 48 1.651108
150 198 11 44 44 1.125989
150 198 22 44 44 0.151812
150 242 33 44 44 1.417176
150 264 22 44 44 0.100880
150 264 33 44 44 0.947111
150 220 30 40 40 3.439527
150 240 20 40 40 1.308959
150 240 30 40 40 2.547789
150 432 0 36 36 0.065456
150 432 126 36 36 1.630346
150 441 126 36 36 0.458548
150 128 128 32 32 5.030604
150 176 112 32 32 1.016545
150 192 112 32 32 2.253057
150 192 128 32 32 3.052885
150 256 128 32 32 0.275936
150 256 144 32 32 0.565542
150 408 112 32 32 0.139032
150 343 98 28 28 2.979078
150 343 112 28 28 2.617144
150 343 119 28 28 0.131683
150 350 112 28 28 3.893552
150 350 119 28 28 2.135991
150 350 126 28 28 0.583401
150 350 133 28 28 0.822626
150 357 112 28 28 4.418400
150 357 119 28 28 2.838875
150 357 133 28 28 2.976891
150 462 119 28 28 2.343632
150 469 119 28 28 0.965257
150 0 84 24 24 1.532279
150 6 84 24 24 0.127646
150 144 114 24 24 0.545715
150 288 96 24 24 0.793782
150 306 96 24 24 0.177805
180 32 0 64 64 1.087774
180 48 0 64 64 2.734651
180 256 0 64 64 3.199322
180 256 32 64 64 1.560345
180 272 0 64 64 11.459873
180 272 16 64 64 4.773942
180 272 32 64 64 0.568599
180 288 0 64 64 6.789758
180 352 0 64 64 1.181569
180 352 16 64 64 3.227407
180 352 32 64 64 5.777704
180 352 48 64 64 2.938209
180 192 0 48 48 0.088329
180 204 0 48 48 2.493872
180 216 0 48 48 1.333578
180 216 12 48 48 0.039391
180 264 12 48 48 1.806494
180 288 0 48 48 2.189303
180 288 12 48 48 6.612926
180 288 24 48 48 3.119153
180 192 0 48 48 0.088329
180 204 0 48 48 2.493872
180 216 0 48 48 1.333578
180 216 12 48 48 0.039391
180 264 12 48 48 1.806494
180 288 0 48 48 2.189303
180 288 12 48 48 6.612926
180 288 24 48 48 3.119153
180 0 154 44 44 3.315202
180 0 176 44 44 1.065203
180 198 0 44 44 2.679556
180 242 0 44 44 1.151746
180 242 11 44 44 2.335209
180 242 22 44 44 0.833396
180 242 33 44 44 2.365173
180 385 11 44 44 0.180613
180 0 140 40 40 1.451539
180 0 160 40 40 3.606522
180 0 170 40 40 3.512202
180 0 180 40 40 2.422559
180 10 160 40 40 1.470106
180 10 170 40 40 2.294554
180 10 180 40 40 0.341873
180 220 10 40 40 0.401752
180 220 20 40 40 4.396316
180 240 20 40 40 0.371626
180 320 30 40 40 2.131360
180 330 30 40 40 1.066908
180 0 144 36 36 3.117334
180 0 153 36 36 5.900858
180 0 162 36 36 4.154851
180 0 171 36 36 3.729858
180 9 171 36 36 1.133044
180 216 27 36 36 3.286816
180 0 144 32 32 4.446332
180 0 152 32 32 5.327065
180 8 144 32 32 3.567898
180 8 152 32 32 3.824454
180 272 144 32 32 1.650310
180 272 152 32 32 5.087311
180 280 152 32 32 2.783491
180 392 112 32 32 0.955396
180 400 24 32 32 0.921554
180 408 0 32 32 1.214210
180 408 24 32 32 2.486847
180 119 119 28 28 0.255990
180 119 126 28 28 0.599385
180 343 98 28 28 1.248824
180 343 112 28 28 6.782689
180 343 119 28 28 2.318367
180 350 112 28 28 3.366534
180 350 119 28 28 2.272612
180 18 18 24 24 1.605488
180 192 114 24 24 0.387096
180 204 114 24 24 1.133246
180 402 96 24 24 4.601283
180 402 102 24 24 3.272743
180 402 108 24 24 1.338342
180 402 114 24 24 4.272674
180 492 18 24 24 2.503068
180 498 18 24 24 3.120342
180 498 96 24 24 0.511958
210 32 0 64 64 1.759226
210 48 0 64 64 1.164577
210 288 0 64 64 1.659029
210 288 16 64 64 1.616928
210 288 32 64 64 1.746664
210 0 168 48 48 3.335770
210 12 168 48 48 0.174142
210 192 0 48 48 0.988790
210 204 0 48 48 3.490874
210 216 0 48 48 2.405287
210 264 0 48 48 0.818546
210 0 168 48 48 3.335770
210 12 168 48 48 0.174142
210 192 0 48 48 0.988790
210 204 0 48 48 3.490874
210 216 0 48 48 2.405287
210 264 0 48 48 0.818546
210 0 154 44 44 0.775278
210 0 176 44 44 4.319105
210 11 176 44 44 1.701939
210 198 0 44 44 7.226611
210 242 0 44 44 3.309541
210 242 11 44 44 2.093799
210 242 22 44 44 0.986086
210 0 190 40 40 1.020332
210 10 170 40 40 0.897860
210 10 180 40 40 2.427507
210 10 190 40 40 2.281551
210 220 10 40 40 5.080461
210 220 20 40 40 3.073906
210 240 30 40 40 1.936570
210 320 30 40 40 0.299544
210 350 30 40 40 1.315533
210 216 18 36 36 5.789655
210 216 27 36 36 9.949786
210 441 126 36 36 1.781201
210 450 126 36 36 1.789370
210 350 98 28 28 6.694036
210 357 98 28 28 1.539097
210 357 112 28 28 1.239510
210 448 112 28 28 2.345986
210 448 119 28 28 0.675606
210 455 112 28 28 0.120200
210 462 119 28 28 0.639649
210 462 126 28 28 1.129504
210 462 133 28 28 0.755152
210 469 126 28 28 1.645849
210 469 133 28 28 2.559536
210 288 84 24 24 3.632494
210 288 96 24 24 2.356619
210 300 84 24 24 1.964408
210 306 84 24 24 0.691066
210 384 102 24 24 0.188339
210 390 102 24 24 0.745822
210 486 300 24 24 0.038986
210 492 18 24 24 0.890294
210 498 12 24 24 1.325240
210 498 18 24 24 3.805033
240 16 0 64 64 1.281711
240 32 0 64 64 0.719277
240 48 0 64 64 2.104311
240 352 0 64 64 0.199202
240 352 16 64 64 0.463696
240 204 0 48 48 4.478924
240 216 0 48 48 1.097226
240 204 0 48 48 4.478924
240 216 0 48 48 1.097226
240 198 0 44 44 5.315006
240 242 22 44 44 2.726520
240 242 33 44 44 3.286605
240 264 11 44 44 0.377805
240 264 22 44 44 2.519095
240 264 33 44 44 3.222827
240 0 140 40 40 1.060661
240 0 160 40 40 0.962345
240 0 170 40 40 0.674391
240 220 0 40 40 0.841448
240 220 10 40 40 7.436444
240 220 20 40 40 4.598826
240 240 10 40 40 2.354100
240 330 30 40 40 0.833272
240 0 144 36 36 2.233872
240 0 153 36 36 3.540071
240 0 162 36 36 5.549217
240 0 171 36 36 4.242202
240 216 18 36 36 6.176507
240 216 27 36 36 10.791965
240 0 136 32 32 2.286567
240 0 144 32 32 2.615023
240 0 152 32 32 5.255427
240 256 24 32 32 0.120388
240 392 112 32 32 2.720268
240 400 112 32 32 0.800423
240 0 0 28 28 0.201223
240 0 7 28 28 4.065999
240 7 7 28 28 0.552239
240 119 126 28 28 1.807552
240 357 98 28 28 2.916318
240 357 112 28 28 0.560367
240 0 12 24 24 2.527648
240 0 18 24 24 2.076036
240 6 12 24 24 5.089084
240 6 18 24 24 3.955819
240 12 12 24 24 5.791621
240 12 18 24 24 3.932550
240 12 210 24 24 1.143510
240 18 18 24 24 3.620662
240 18 204 24 24 0.066636
240 18 210 24 24 2.774022
240 288 84 24 24 1.280618
240 288 96 24 24 1.963638
240 288 102 24 24 1.289359
240 294 84 24 24 1.609636
240 294 96 24 24 3.779022
240 294 102 24 24 0.305132
240 306 84 24 24 2.070979
270 48 0 64 64 0.026960
270 48 16 64 64 0.881516
270 352 16 64 64 1.684143
270 352 32 64 64 4.324547
270 12 36 48 48 0.824867
270 24 36 48 48 1.961979
270 204 0 48 48 3.248714
270 216 0 48 48 1.678165
270 264 12 48 48 0.201294
270 264 24 48 48 1.129425
270 264 36 48 48 2.116117
270 288 204 48 48 0.226108
270 12 36 48 48 0.824867
270 24 36 48 48 1.961979
270 204 0 48 48 3.248714
270 216 0 48 48 1.678165
270 264 12 48 48 0.201294
270 264 24 48 48 1.129425
270 264 36 48 48 2.116117
270 288 204 48 48 0.226108
270 198 0 44 44 4.880632
270 242 22 44 44 1.917300
270 242 33 44 44 1.191296
270 264 22 44 44 1.228785
270 264 33 44 44 1.488203
270 220 0 40 40 2.642964
270 220 10 40 40 8.088532
270 220 20 40 40 5.667317
270 240 0 40 40 2.516136
270 240 10 40 40 3.418550
270 216 18 36 36 5.713452
270 216 27 36 36 9.255066
270 256 16 32 32 1.597392
270 256 24 32 32 2.285071
270 112 98 28 28 5.964603
270 119 98 28 28 0.836726
270 126 98 28 28 1.248053
270 357 98 28 28 1.978468
270 357 112 28 28 3.182825
270 102 84 24 24 1.358232
270 108 108 24 24 2.041150
270 108 114 24 24 0.836117
270 288 84 24 24 3.557518
270 294 84 24 24 2.943601
270 294 96 24 24 2.954925
270 294 102 24 24 2.638450
270 384 102 24 24 0.375979
270 384 108 24 24 3.476680
270 480 96 24 24 2.339712
300 204 0 48 48 5.958075
300 216 0 48 48 5.071279
300 216 12 48 48 1.878968
300 264 0 48 48 0.258111
300 264 12 48 48 0.815430
300 264 24 48 48 0.371662
300 264 36 48 48 3.204861
300 288 216 48 48 0.284451
300 204 0 48 48 5.958075
300 216 0 48 48 5.071279
300 216 12 48 48 1.878968
300 264 0 48 48 0.258111
300 264 12 48 48 0.815430
300 264 24 48 48 0.371662
300 264 36 48 48 3.204861
300 288 216 48 48 0.284451
300 198 0 44 44 1.770175
300 198 11 44 44 1.038765
300 242 22 44 44 0.074467
300 220 10 40 40 6.863139
300 220 20 40 40 9.736925
300 220 30 40 40 4.567820
300 240 10 40 40 5.095325
300 240 20 40 40 5.343771
300 216 18 36 36 3.125198
300 216 27 36 36 9.179382
300 432 126 36 36 4.227336
300 441 126 36 36 1.910040
300 14 98 28 28 1.288998
300 14 112 28 28 2.759254
300 112 112 28 28 1.080302
300 119 112 28 28 2.988029
300 119 119 28 28 0.050321
300 126 112 28 28 1.802983
300 18 96 24 24 0.744000
300 18 114 24 24 1.483945
300 288 84 24 24 1.928865
300 294 84 24 24 2.279004
300 294 96 24 24 1.044815
300 384 108 24 24 1.135344
300 384 114 24 24 7.342939
300 390 108 24 24 3.255435
300 390 114 24 24 14.428347
300 396 108 24 24 4.943741
300 396 114 24 24 11.518055
300 402 114 24 24 1.670438
330 0 0 64 64 2.660058
330 16 0 64 64 3.019298
330 32 0 64 64 3.278834
330 48 0 64 64 0.434506
330 256 0 64 64 0.555057
330 256 48 64 64 3.122333
330 192 0 48 48 0.851026
330 204 0 48 48 7.297945
330 204 12 48 48 1.838404
330 216 0 48 48 3.161167
330 216 12 48 48 3.370324
330 216 24 48 48 0.384097
330 264 12 48 48 1.065414
330 264 24 48 48 1.695632
330 264 36 48 48 1.360061
330 192 0 48 48 0.851026
330 204 0 48 48 7.297945
330 204 12 48 48 1.838404
330 216 0 48 48 3.161167
330 216 12 48 48 3.370324
330 216 24 48 48 0.384097
330 264 12 48 48 1.065414
330 264 24 48 48 1.695632
330 264 36 48 48 1.360061
330 198 11 44 44 3.204973
330 242 11 44 44 1.522543
330 242 22 44 44 1.344173
330 242 33 44 44 0.497883
330 264 33 44 44 0.495476
330 385 187 44 44 0.526221
330 220 10 40 40 2.324246
330 220 20 40 40 5.675610
330 220 30 40 40 6.205846
330 240 10 40 40 1.632277
330 240 20 40 40 4.462442
330 240 30 40 40 4.534919
330 216 27 36 36 4.270818
330 432 144 36 36 2.460120
330 441 144 36 36 3.575264
330 256 24 32 32 1.313299
330 264 24 32 32 2.340332
330 0 98 28 28 1.766891
330 7 98 28 28 3.861792
330 7 112 28 28 3.271852
330 14 98 28 28 3.927549
330 14 112 28 28 0.418459
330 21 112 28 28 0.982785
330 119 126 28 28 1.208438
330 126 119 28 28 0.235744
330 126 126 28 28 1.047256
330 455 14 28 28 0.114172
330 462 14 28 28 0.759453
330 12 108 24 24 0.577625
330 12 114 24 24 2.745621
330 18 102 24 24 1.403371
330 18 108 24 24 3.225216
330 18 114 24 24 4.700220
330 96 198 24 24 2.604081
330 288 84 24 24 8.318346
330 294 84 24 24 5.095615
330 294 96 24 24 2.224291
330 294 102 24 24 0.643909
330 300 84 24 24 2.737450
330 300 96 24 24 0.571561
330 300 102 24 24 0.156639
330 384 114 24 24 2.351104
360 0 0 64 64 4.003219
360 16 0 64 64 3.800862
360 32 0 64 64 3.111788
360 48 0 64 64 3.063775
360 48 16 64 64 0.198795
360 256 0 64 64 2.449670
360 256 48 64 64 2.676831
360 0 36 48 48 1.646718
360 12 36 48 48 1.219612
360 24 36 48 48 0.535688
360 204 0 48 48 4.295156
360 204 12 48 48 4.522165
360 216 0 48 48 2.003279
360 216 12 48 48 4.775124
360 216 24 48 48 0.944837
360 264 12 48 48 1.446670
360 264 24 48 48 2.122681
360 396 192 48 48 0.629393
360 0 36 48 48 1.646718
360 12 36 48 48 1.219612
360 24 36 48 48 0.535688
360 204 0 48 48 4.295156
360 204 12 48 48 4.522165
360 216 0 48 48 2.003279
360 216 12 48 48 4.775124
360 216 24 48 48 0.944837
360 264 12 48 48 1.446670
360 264 24 48 48 2.122681
360 396 192 48 48 0.629393
360 198 11 44 44 0.757589
360 198 22 44 44 1.504437
360 242 11 44 44 2.825164
360 242 22 44 44 2.555189
360 242 33 44 44 1.611084
360 170 30 40 40 0.502323
360 220 20 40 40 4.488317
360 220 30 40 40 7.018340
360 240 10 40 40 0.198337
360 240 20 40 40 5.532737
360 240 30 40 40 6.734560
360 216 27 36 36 1.409577
360 450 18 36 36 0.359176
360 450 144 36 36 2.124003
360 450 153 36 36 1.948073
360 459 144 36 36 2.563414
360 384 112 32 32 2.136775
360 384 128 32 32 0.880757
360 392 112 32 32 0.966264
360 400 112 32 32 0.851910
360 0 98 28 28 0.689289
360 0 112 28 28 2.700576
360 7 98 28 28 1.845898
360 7 112 28 28 5.751873
360 14 98 28 28 1.943538
360 14 112 28 28 4.589728
360 21 112 28 28 1.983326
360 112 98 28 28 1.867024
360 112 119 28 28 2.343613
360 112 126 28 28 5.794383
360 112 133 28 28 1.652158
360 119 98 28 28 1.155836
360 119 126 28 28 2.365407
360 119 133 28 28 2.408134
360 0 102 24 24 0.142960
360 6 108 24 24 0.551722
360 12 108 24 24 0.171867
360 12 114 24 24 2.535554
360 18 108 24 24 1.142612
360 18 114 24 24 3.007571
360 132 96 24 24 0.141914
360 132 102 24 24 0.220318
360 288 84 24 24 7.827011
360 294 84 24 24 4.348106
360 294 102 24 24 1.119705
360 300 84 24 24 0.935652
390 0 0 64 64 4.013277
390 16 0 64 64 3.855121
390 32 0 64 64 2.739454
390 48 0 64 64 0.059894
390 48 16 64 64 0.119455
390 256 0 64 64 2.460164
390 204 0 48 48 3.459950
390 204 12 48 48 3.342562
390 216 0 48 48 2.329811
390 216 12 48 48 3.839952
390 264 0 48 48 0.099631
390 264 12 48 48 2.596647
390 264 24 48 48 1.033105
390 396 192 48 48 1.110555
390 204 0 48 48 3.459950
390 204 12 48 48 3.342562
390 216 0 48 48 2.329811
390 216 12 48 48 3.839952
390 264 0 48 48 0.099631
390 264 12 48 48 2.596647
390 264 24 48 48 1.033105
390 396 192 48 48 1.110555
390 198 11 44 44 0.856949
390 198 22 44 44 1.241211
390 242 11 44 44 4.377841
390 242 22 44 44 4.292730
390 242 33 44 44 2.460427
390 264 22 44 44 1.938784
390 220 20 40 40 4.732694
390 220 30 40 40 6.283941
390 240 10 40 40 1.368424
390 240 20 40 40 6.432400
390 240 30 40 40 7.250280
390 216 27 36 36 2.053553
390 392 112 32 32 0.776216
390 392 128 32 32 1.188530
390 400 112 32 32 0.621914
390 400 128 32 32 1.059788
390 408 112 32 32 3.700668
390 0 112 28 28 4.270521
390 0 119 28 28 1.123128
390 7 98 28 28 2.264024
390 7 112 28 28 4.822727
390 7 119 28 28 0.602321
390 14 98 28 28 0.266572
390 14 112 28 28 3.145325
390 21 112 28 28 2.061342
390 112 126 28 28 0.751022
390 112 133 28 28 3.995586
390 119 133 28 28 0.207816
390 455 14 28 28 2.004908
390 462 14 28 28 3.175941
390 469 14 28 28 1.466899
390 6 114 24 24 0.237230
390 12 114 24 24 1.338052
390 18 114 24 24 1.205824
390 102 204 24 24 0.422926
390 108 210 24 24 0.729456
390 288 84 24 24 6.663624
390 294 84 24 24 4.237260
390 300 84 24 24 2.061132
420 0 0 64 64 2.037673
420 16 0 64 64 2.232135
420 16 16 64 64 1.269424
420 32 0 64 64 1.001091
420 32 16 64 64 0.467834
420 48 16 64 64 0.112369
420 256 0 64 64 2.588560
420 204 0 48 48 2.954604
420 204 12 48 48 3.350055
420 216 0 48 48 2.461204
420 216 12 48 48 4.122989
420 264 0 48 48 0.725397
420 264 12 48 48 2.850023
420 264 24 48 48 0.527987
420 204 0 48 48 2.954604
420 204 12 48 48 3.350055
420 216 0 48 48 2.461204
420 216 12 48 48 4.122989
420 264 0 48 48 0.725397
420 264 12 48 48 2.850023
420 264 24 48 48 0.527987
420 198 22 44 44 1.526069
420 242 11 44 44 4.550419
420 242 22 44 44 4.787156
420 242 33 44 44 2.073212
420 264 22 44 44 2.234339
420 220 20 40 40 4.143141
420 220 30 40 40 6.188916
420 240 10 40 40 1.110304
420 240 20 40 40 6.758715
420 240 30 40 40 7.692021
420 0 128 32 32 2.913126
420 0 136 32 32 2.918226
420 8 136 32 32 0.569847
420 0 133 28 28 1.958196
420 14 112 28 28 1.207535
420 14 119 28 28 1.013679
420 21 112 28 28 1.033748
420 112 119 28 28 0.883324
420 112 126 28 28 0.733799
420 448 7 28 28 0.285166
420 448 126 28 28 0.100593
420 455 7 28 28 0.017679
420 455 14 28 28 1.811834
420 455 126 28 28 1.830498
420 462 14 28 28 1.583903
420 462 119 28 28 0.716854
420 462 126 28 28 1.881298
420 462 133 28 28 0.120391
420 469 14 28 28 2.582329
420 469 126 28 28 0.590570
420 96 210 24 24 0.115930
420 288 84 24 24 5.833743
420 294 84 24 24 2.709833
420 300 84 24 24 0.751406
420 300 96 24 24 0.894263
420 300 102 24 24 0.288854
450 0 0 64 64 3.329922
450 16 0 64 64 2.179208
450 32 0 64 64 0.309236
450 256 0 64 64 2.547171
450 288 0 64 64 0.687839
450 204 0 48 48 1.411811
450 204 12 48 48 5.384447
450 216 12 48 48 4.927297
450 264 12 48 48 2.236652
450 264 24 48 48 2.012650
450 204 0 48 48 1.411811
450 204 12 48 48 5.384447
450 216 12 48 48 4.927297
450 264 12 48 48 2.236652
450 264 24 48 48 2.012650
450 198 22 44 44 1.700102
450 242 11 44 44 2.930587
450 242 22 44 44 5.697792
450 242 33 44 44 0.871360
450 264 22 44 44 1.414022
450 220 20 40 40 2.781654
450 220 30 40 40 5.227073
450 240 20 40 40 5.063111
450 240 30 40 40 7.657182
450 0 112 32 32 0.785697
450 0 112 28 28 4.224498
450 0 119 28 28 6.042112
450 0 126 28 28 0.660016
450 7 112 28 28 3.562355
450 7 119 28 28 4.133698
450 14 112 28 28 0.542303
450 21 112 28 28 0.929030
450 112 126 28 28 0.549811
450 448 112 28 28 1.567657
450 448 119 28 28 4.830243
450 448 126 28 28 6.685177
450 448 133 28 28 3.715218
450 455 14 28 28 0.024754
450 455 119 28 28 0.590054
450 455 126 28 28 3.113222
450 455 133 28 28 1.373790
450 462 133 28 28 0.939139
450 469 21 28 28 2.573964
450 288 96 24 24 0.410337
450 294 96 24 24 2.782329
450 300 96 24 24 2.923960
480 0 0 64 64 5.041851
480 0 16 64 64 0.161301
480 16 0 64 64 1.762147
480 16 16 64 64 0.325662
480 256 0 64 64 3.171712
480 256 16 64 64 1.205117
480 288 0 64 64 0.808403
480 192 12 48 48 0.283963
480 204 0 48 48 1.182703
480 204 12 48 48 6.330818
480 216 12 48 48 5.356949
480 216 24 48 48 0.519687
480 264 12 48 48 1.685438
480 264 24 48 48 2.052989
480 408 204 48 48 1.097097
480 192 12 48 48 0.283963
480 204 0 48 48 1.182703
480 204 12 48 48 6.330818
480 216 12 48 48 5.356949
480 216 24 48 48 0.519687
480 264 12 48 48 1.685438
480 264 24 48 48 2.052989
480 408 204 48 48 1.097097
480 198 22 44 44 2.391943
480 242 11 44 44 1.861758
480 242 22 44 44 5.875272
480 242 33 44 44 0.634537
480 220 20 40 40 2.369373
480 220 30 40 40 5.913396
480 240 20 40 40 4.012792
480 240 30 40 40 7.807293
480 0 119 28 28 1.585963
480 14 112 28 28 1.584987
480 14 119 28 28 1.106377
480 21 112 28 28 3.190418
480 21 119 28 28 1.995268
480 448 126 28 28 3.308971
480 448 133 28 28 4.721235
480 455 21 28 28 1.054877
480 455 119 28 28 2.018214
480 455 126 28 28 4.640142
480 455 133 28 28 6.247410
480 462 21 28 28 1.767022
480 462 119 28 28 0.072445
480 462 126 28 28 3.150617
480 462 133 28 28 3.513393
480 469 21 28 28 2.758973
480 469 126 28 28 0.371255
480 469 133 28 28 0.693351
480 0 114 24 24 0.039437
480 6 114 24 24 0.258585
480 288 96 24 24 2.316362
480 294 96 24 24 4.576535
480 300 96 24 24 4.423800
480 300 108 24 24 0.024635
510 0 0 64 64 5.991961
510 0 16 64 64 1.671358
510 16 0 64 64 4.633116
510 16 16 64 64 2.440856
510 32 0 64 64 2.092669
510 32 16 64 64 1.908745
510 48 0 64 64 0.556874
510 256 0 64 64 3.386387
510 256 16 64 64 1.558018
510 288 0 64 64 0.931886
510 204 12 48 48 6.082094
510 216 12 48 48 5.092745
510 216 24 48 48 1.091738
510 264 12 48 48 1.716817
510 264 24 48 48 2.511373
510 408 204 48 48 1.266339
510 204 12 48 48 6.082094
510 216 12 48 48 5.092745
510 216 24 48 48 1.091738
510 264 12 48 48 1.716817
510 264 24 48 48 2.511373
510 408 204 48 48 1.266339
510 198 22 44 44 0.764023
510 242 11 44 44 1.622766
510 242 22 44 44 6.346694
510 242 33 44 44 1.743105
510 220 20 40 40 0.957047
510 220 30 40 40 5.187496
510 240 20 40 40 3.755897
510 240 30 40 40 7.451962
510 0 112 32 32 0.189821
510 8 112 32 32 0.285440
510 7 119 28 28 1.603983
510 14 112 28 28 0.982078
510 14 119 28 28 3.280637
510 14 126 28 28 0.345325
510 21 112 28 28 3.058587
510 21 119 28 28 2.552544
510 448 14 28 28 0.009791
510 448 126 28 28 0.445062
510 455 21 28 28 1.653372
510 455 112 28 28 2.109583
510 455 119 28 28 2.666417
510 455 126 28 28 5.087403
510 455 133 28 28 3.009722
510 462 21 28 28 1.696301
510 462 112 28 28 3.090678
510 462 119 28 28 1.943565
510 462 126 28 28 5.093709
510 462 133 28 28 5.600769
510 469 21 28 28 2.515708
510 469 119 28 28 0.207641
510 469 126 28 28 1.900833
510 108 108 24 24 1.508313
510 288 96 24 24 3.873481
510 294 96 24 24 5.374690
510 294 102 24 24 0.417550
510 300 96 24 24 4.706582
510 300 102 24 24 1.587116
510 300 108 24 24 0.515775
540 0 0 64 64 5.735279
540 0 16 64 64 0.638883
540 16 0 64 64 4.141024
540 16 16 64 64 1.002561
540 32 0 64 64 2.488513
540 32 16 64 64 1.579268
540 48 0 64 64 0.570278
540 256 0 64 64 3.037561
540 256 16 64 64 1.351096
540 288 0 64 64 0.962740
540 204 12 48 48 5.818151
540 216 12 48 48 5.251976
540 216 24 48 48 0.681138
540 264 12 48 48 2.010647
540 264 24 48 48 2.826220
540 408 204 48 48 1.368545
540 204 12 48 48 5.818151
540 216 12 48 48 5.251976
540 216 24 48 48 0.681138
540 264 12 48 48 2.010647
540 264 24 48 48 2.826220
540 408 204 48 48 1.368545
540 198 22 44 44 0.009217
540 242 11 44 44 1.687893
540 242 22 44 44 6.176184
540 242 33 44 44 2.136708
540 220 20 40 40 0.232540
540 220 30 40 40 5.181463
540 240 20 40 40 3.709213
540 240 30 40 40 7.283344
540 0 112 32 32 0.376051
540 0 119 28 28 0.638823
540 448 112 28 28 3.277525
540 448 119 28 28 1.854082
540 455 14 28 28 0.193547
540 455 21 28 28 1.862873
540 455 112 28 28 6.195658
540 455 119 28 28 3.199366
540 462 21 28 28 2.019711
540 462 112 28 28 2.889018
540 469 21 28 28 2.818862
540 288 96 24 24 3.363287
540 294 96 24 24 4.932408
540 294 102 24 24 0.355388
540 300 96 24 24 4.572886
540 300 102 24 24 1.642841
540 300 108 24 24 0.238042
570 0 0 64 64 5.568257
570 0 16 64 64 0.570434
570 16 0 64 64 4.259397
570 16 16 64 64 2.673087
570 32 0 64 64 2.484698
570 32 16 64 64 2.042495
570 48 0 64 64 2.041038
570 48 16 64 64 0.467660
570 48 32 64 64 0.287779
570 256 0 64 64 3.503211
570 256 16 64 64 1.798306
570 288 0 64 64 1.384509
570 204 12 48 48 5.412202
570 204 24 48 48 0.899953
570 216 12 48 48 5.327117
570 216 24 48 48 1.991301
570 264 12 48 48 2.179511
570 264 24 48 48 2.136759
570 408 204 48 48 1.098516
570 204 12 48 48 5.412202
570 204 24 48 48 0.899953
570 216 12 48 48 5.327117
570 216 24 48 48 1.991301
570 264 12 48 48 2.179511
570 264 24 48 48 2.136759
570 408 204 48 48 1.098516
570 198 22 44 44 2.102790
570 242 22 44 44 5.764355
570 242 33 44 44 2.953324
570 264 33 44 44 0.457430
570 220 30 40 40 4.857474
570 240 20 40 40 2.652866
570 240 30 40 40 7.043110
570 432 126 36 36 0.971426
570 8 112 32 32 0.767285
570 14 112 28 28 0.089770
570 14 119 28 28 0.575506
570 14 126 28 28 0.083376
570 21 112 28 28 0.734972
570 21 119 28 28 2.425160
570 21 126 28 28 1.425605
570 343 112 28 28 0.141238
570 448 126 28 28 4.895044
570 448 133 28 28 9.389486
570 455 21 28 28 1.716915
570 455 112 28 28 2.707973
570 455 119 28 28 1.995589
570 455 126 28 28 5.262850
570 455 133 28 28 6.786825
570 462 21 28 28 1.441453
570 462 126 28 28 0.805068
570 462 133 28 28 0.539270
570 469 21 28 28 2.288268
570 144 96 24 24 0.572742
570 288 96 24 24 5.897973
570 294 96 24 24 5.838968
570 294 102 24 24 1.354429
570 300 96 24 24 4.480324
570 300 102 24 24 1.791289
600 0 0 64 64 4.264384
600 0 16 64 64 1.548120
600 16 0 64 64 2.612064
600 16 16 64 64 2.300825
600 32 0 64 64 0.326451
600 32 16 64 64 2.055108
600 48 0 64 64 0.502747
600 256 0 64 64 3.226588
600 256 16 64 64 1.466377
600 288 0 64 64 1.577162
600 204 12 48 48 5.511118
600 204 24 48 48 0.491348
600 216 12 48 48 5.716018
600 216 24 48 48 2.099740
600 264 12 48 48 2.043298
600 264 24 48 48 2.327386
600 408 204 48 48 0.804020
600 204 12 48 48 5.511118
600 204 24 48 48 0.491348
600 216 12 48 48 5.716018
600 216 24 48 48 2.099740
600 264 12 48 48 2.043298
600 264 24 48 48 2.327386
600 408 204 48 48 0.804020
600 33 176 44 44 0.466677
600 198 22 44 44 0.989982
600 242 11 44 44 0.392444
600 242 22 44 44 5.957685
600 242 33 44 44 2.836087
600 220 30 40 40 4.901382
600 240 20 40 40 2.815965
600 240 30 40 40 7.326156
600 14 119 28 28 2.085716
600 21 119 28 28 4.620057
600 448 14 28 28 0.142882
600 455 21 28 28 2.011749
600 455 112 28 28 4.086069
600 455 119 28 28 1.234218
600 455 126 28 28 2.384584
600 455 133 28 28 5.991292
600 462 21 28 28 1.634238
600 462 133 28 28 2.696976
600 469 21 28 28 2.579658
600 108 102 24 24 2.329029
600 108 108 24 24 2.128411
600 144 96 24 24 0.355983
600 288 96 24 24 5.590249
600 294 96 24 24 5.539965
600 294 102 24 24 0.942132
600 300 96 24 24 4.436569
600 300 102 24 24 1.765001
630 0 0 64 64 4.193258
630 0 16 64 64 1.608173
630 16 0 64 64 3.031234
630 16 16 64 64 2.257304
630 32 0 64 64 0.888855
630 32 16 64 64 1.885041
630 48 0 64 64 1.048270
630 48 16 64 64 0.019055
630 256 0 64 64 3.406199
630 256 16 64 64 1.554585
630 288 0 64 64 1.195163
630 192 12 48 48 0.607074
630 204 12 48 48 5.757524
630 204 24 48 48 0.760230
630 216 12 48 48 5.538971
630 216 24 48 48 2.363858
630 264 12 48 48 2.211089
630 264 24 48 48 2.369696
630 408 204 48 48 0.636630
630 192 12 48 48 0.607074
630 204 12 48 48 5.757524
630 204 24 48 48 0.760230
630 216 12 48 48 5.538971
630 216 24 48 48 2.363858
630 264 12 48 48 2.211089
630 264 24 48 48 2.369696
630 408 204 48 48 0.636630
630 198 22 44 44 2.618066
630 242 22 44 44 5.427020
630 242 33 44 44 2.355267
630 264 33 44 44 0.103084
630 220 30 40 40 5.151832
630 240 20 40 40 2.957112
630 240 30 40 40 7.366013
630 14 112 28 28 1.364080
630 14 119 28 28 1.598121
630 21 112 28 28 3.760472
630 21 119 28 28 2.720298
630 21 126 28 28 1.329719
630 448 14 28 28 0.237489
630 448 112 28 28 2.971635
630 455 21 28 28 1.964986
630 455 112 28 28 7.909195
630 455 119 28 28 3.599189
630 462 21 28 28 1.592021
630 462 112 28 28 4.354404
630 462 119 28 28 1.028229
630 469 21 28 28 2.421740
630 144 96 24 24 0.321051
630 288 96 24 24 6.028605
630 294 96 24 24 5.940961
630 294 102 24 24 1.388985
630 300 96 24 24 4.856231
630 300 102 24 24 1.989357
630 300 108 24 24 0.095410
660 0 0 64 64 3.593367
660 0 16 64 64 1.893462
660 16 0 64 64 2.364521
660 16 16 64 64 2.513342
660 32 16 64 64 1.663695
660 256 0 64 64 2.446393
660 256 16 64 64 1.228926
660 24 168 48 48 0.043548
660 36 168 48 48 0.602116
660 204 12 48 48 4.558805
660 204 24 48 48 1.593221
660 216 12 48 48 4.410935
660 216 24 48 48 1.725709
660 264 12 48 48 3.095280
660 264 24 48 48 2.882788
660 288 24 48 48 0.203777
660 24 168 48 48 0.043548
660 36 168 48 48 0.602116
660 204 12 48 48 4.558805
660 204 24 48 48 1.593221
660 216 12 48 48 4.410935
660 216 24 48 48 1.725709
660 264 12 48 48 3.095280
660 264 24 48 48 2.882788
660 288 24 48 48 0.203777
660 198 22 44 44 0.400937
660 198 33 44 44 1.193128
660 242 22 44 44 5.816790
660 242 33 44 44 4.317528
660 264 33 44 44 0.749130
660 220 30 40 40 4.282269
660 240 20 40 40 1.311166
660 240 30 40 40 6.794929
660 8 112 32 32 0.428150
660 16 112 32 32 3.950312
660 16 128 32 32 0.932786
660 24 112 32 32 0.188215
660 7 112 28 28 1.144643
660 7 119 28 28 1.074035
660 14 119 28 28 2.179744
660 14 126 28 28 1.530401
660 21 112 28 28 2.555803
660 21 119 28 28 4.278924
660 21 126 28 28 4.609715
660 21 133 28 28 4.357303
660 245 98 28 28 0.778681
660 455 21 28 28 0.471577
660 455 112 28 28 5.845413
660 455 119 28 28 4.937078
660 455 126 28 28 1.829724
660 462 112 28 28 3.212611
660 462 119 28 28 1.013798
660 469 126 28 28 0.525945
660 288 96 24 24 7.993931
660 288 102 24 24 0.701656
660 294 96 24 24 5.495092
660 294 102 24 24 2.737713
660 300 96 24 24 4.733864
660 300 102 24 24 4.271111
660 306 102 24 24 1.737170
690 0 0 64 64 5.956502
690 0 16 64 64 2.214437
690 16 0 64 64 3.193400
690 16 16 64 64 2.287068
690 16 32 64 64 0.625343
690 32 16 64 64 0.662812
690 256 0 64 64 3.323334
690 256 16 64 64 1.342557
690 288 0 64 64 1.953615
690 36 36 48 48 0.265040
690 192 12 48 48 0.695036
690 204 12 48 48 5.754364
690 204 24 48 48 1.165379
690 216 12 48 48 5.706383
690 216 24 48 48 2.459447
690 264 12 48 48 2.011035
690 264 24 48 48 1.893319
690 408 204 48 48 0.715303
690 36 36 48 48 0.265040
690 192 12 48 48 0.695036
690 204 12 48 48 5.754364
690 204 24 48 48 1.165379
690 216 12 48 48 5.706383
690 216 24 48 48 2.459447
690 264 12 48 48 2.011035
690 264 24 48 48 1.893319
690 408 204 48 48 0.715303
690 198 22 44 44 2.956550
690 242 22 44 44 5.785267
690 242 33 44 44 2.497150
690 264 33 44 44 0.428926
690 220 30 40 40 5.295894
690 240 20 40 40 2.637281
690 240 30 40 40 7.503190
690 448 14 28 28 0.088655
690 448 126 28 28 2.437401
690 448 133 28 28 1.916895
690 455 21 28 28 1.780618
690 455 119 28 28 1.898414
690 455 126 28 28 3.086282
690 455 133 28 28 0.356555
690 462 21 28 28 1.303578
690 462 119 28 28 1.606927
690 462 126 28 28 1.197784
690 469 21 28 28 2.348754
690 469 126 28 28 1.156332
690 469 133 28 28 1.791917
690 144 96 24 24 0.615071
690 288 96 24 24 6.827380
690 294 96 24 24 6.198009
690 294 102 24 24 2.104048
690 300 96 24 24 4.880958
690 300 102 24 24 2.315858
690 300 108 24 24 0.235154
720 0 0 64 64 5.596598
720 16 0 64 64 3.454650
720 16 16 64 64 1.024617
720 32 16 64 64 1.966803
720 256 0 64 64 3.277033
720 256 16 64 64 1.438753
720 288 0 64 64 2.038319
720 12 36 48 48 2.494547
720 24 36 48 48 3.678163
720 36 36 48 48 2.252649
720 204 12 48 48 5.289131
720 204 24 48 48 0.782661
720 216 12 48 48 5.345104
720 216 24 48 48 1.745642
720 264 12 48 48 2.082319
720 264 24 48 48 1.828510
720 408 204 48 48 0.446795
720 12 36 48 48 2.494547
720 24 36 48 48 3.678163
720 36 36 48 48 2.252649
720 204 12 48 48 5.289131
720 204 24 48 48 0.782661
720 216 12 48 48 5.345104
720 216 24 48 48 1.745642
720 264 12 48 48 2.082319
720 264 24 48 48 1.828510
720 408 204 48 48 0.446795
720 198 22 44 44 0.575487
720 242 11 44 44 0.332290
720 242 22 44 44 5.582581
720 242 33 44 44 3.007788
720 264 33 44 44 0.120451
720 220 30 40 40 4.702513
720 240 20 40 40 2.524845
720 240 30 40 40 7.303290
720 21 119 28 28 2.158781
720 336 112 28 28 0.224656
720 448 133 28 28 1.066425
720 455 21 28 28 1.836718
720 462 21 28 28 1.512880
720 462 126 28 28 0.726179
720 469 21 28 28 2.504450
720 132 96 24 24 0.555627
720 144 96 24 24 0.709918
720 288 96 24 24 6.487263
720 294 96 24 24 5.768950
720 294 102 24 24 1.689931
720 300 96 24 24 4.410549
720 300 102 24 24 1.870860
750 0 0 64 64 5.706594
750 0 16 64 64 1.684740
750 16 0 64 64 3.185143
750 16 16 64 64 2.273099
750 32 16 64 64 2.856546
750 32 32 64 64 0.214494
750 48 0 64 64 0.260087
750 256 0 64 64 3.093853
750 256 16 64 64 2.021552
750 288 0 64 64 0.678060
750 36 36 48 48 0.511963
750 36 168 48 48 0.296295
750 204 12 48 48 4.833611
750 204 24 48 48 0.109343
750 216 12 48 48 4.890265
750 216 24 48 48 1.395579
750 264 12 48 48 2.295104
750 264 24 48 48 2.350951
750 36 36 48 48 0.511963
750 36 168 48 48 0.296295
750 204 12 48 48 4.833611
750 204 24 48 48 0.109343
750 216 12 48 48 4.890265
750 216 24 48 48 1.395579
750 264 12 48 48 2.295104
750 264 24 48 48 2.350951
750 198 22 44 44 0.140547
750 242 22 44 44 5.729154
750 242 33 44 44 3.374282
750 264 33 44 44 0.572687
750 220 30 40 40 4.902890
750 240 20 40 40 2.099149
750 240 30 40 40 7.043848
750 459 162 36 36 1.173026
750 0 119 28 28 0.406095
750 0 126 28 28 8.772741
750 0 133 28 28 5.924311
750 7 126 28 28 2.178390
750 455 21 28 28 0.712133
750 462 21 28 28 0.407321
750 469 21 28 28 1.106178
750 144 96 24 24 0.645346
750 288 96 24 24 7.679989
750 294 96 24 24 5.701910
750 294 102 24 24 2.108802
750 300 96 24 24 5.225474
750 300 102 24 24 2.527467
780 0 0 64 64 5.863864
780 0 16 64 64 0.656318
780 16 0 64 64 4.487754
780 16 16 64 64 2.283909
780 32 0 64 64 2.332725
780 32 16 64 64 2.876375
780 48 0 64 64 1.634581
780 48 16 64 64 0.203079
780 256 0 64 64 3.432225
780 256 16 64 64 1.745140
780 288 0 64 64 2.083303
780 24 36 48 48 0.818608
780 36 168 48 48 0.127680
780 192 12 48 48 0.450284
780 204 12 48 48 5.591958
780 204 24 48 48 0.513894
780 216 12 48 48 5.559007
780 216 24 48 48 1.946390
780 264 12 48 48 1.944656
780 264 24 48 48 1.925821
780 408 204 48 48 0.450565
780 24 36 48 48 0.818608
780 36 168 48 48 0.127680
780 192 12 48 48 0.450284
780 204 12 48 48 5.591958
780 204 24 48 48 0.513894
780 216 12 48 48 5.559007
780 216 24 48 48 1.946390
780 264 12 48 48 1.944656
780 264 24 48 48 1.925821
780 408 204 48 48 0.450565
780 198 22 44 44 1.493210
780 242 22 44 44 5.830666
780 242 33 44 44 2.878727
780 220 30 40 40 5.101375
780 240 20 40 40 2.686876
780 240 30 40 40 7.311182
780 7 98 28 28 0.287787
780 7 119 28 28 0.587154
780 14 112 28 28 3.367222
780 14 119 28 28 4.911648
780 21 112 28 28 3.274865
780 21 119 28 28 1.026098
780 448 14 28 28 0.294038
780 448 133 28 28 0.920437
780 455 21 28 28 2.028568
780 462 21 28 28 1.679411
780 462 126 28 28 0.655577
780 469 21 28 28 3.132771
780 18 114 24 24 0.893392
780 288 96 24 24 6.579665
780 294 96 24 24 6.059811
780 294 102 24 24 1.667144
780 300 96 24 24 4.903691
780 300 102 24 24 2.268309
780 300 108 24 24 0.081216
810 0 0 64 64 5.107949
810 16 0 64 64 3.120357
810 16 16 64 64 1.225402
810 32 0 64 64 1.057524
810 32 16 64 64 2.226410
810 48 0 64 64 1.501003
810 48 16 64 64 0.512051
810 48 32 64 64 1.564965
810 256 0 64 64 3.409068
810 256 16 64 64 2.626400
810 288 0 64 64 1.593803
810 24 36 48 48 1.690067
810 36 36 48 48 0.428777
810 36 168 48 48 0.552878
810 192 12 48 48 0.056901
810 204 12 48 48 5.437390
810 216 12 48 48 5.516409
810 216 24 48 48 1.246540
810 264 12 48 48 2.235115
810 264 24 48 48 1.894780
810 408 204 48 48 0.313437
810 24 36 48 48 1.690067
810 36 36 48 48 0.428777
810 36 168 48 48 0.552878
810 192 12 48 48 0.056901
810 204 12 48 48 5.437390
810 216 12 48 48 5.516409
810 216 24 48 48 1.246540
810 264 12 48 48 2.235115
810 264 24 48 48 1.894780
810 408 204 48 48 0.313437
810 198 22 44 44 1.842520
810 198 33 44 44 0.299556
810 242 22 44 44 5.501133
810 242 33 44 44 3.063896
810 264 33 44 44 0.155231
810 220 30 40 40 5.217128
810 240 20 40 40 2.299990
810 240 30 40 40 7.174780
810 7 112 28 28 1.039960
810 7 119 28 28 1.206079
810 14 112 28 28 3.146923
810 14 119 28 28 4.872758
810 21 112 28 28 0.578330
810 21 119 28 28 2.134378
810 448 14 28 28 0.312072
810 448 133 28 28 1.843122
810 455 14 28 28 0.128478
810 455 21 28 28 1.581080
810 462 21 28 28 0.789615
810 462 126 28 28 0.697103
810 469 21 28 28 2.620355
810 469 133 28 28 0.972696
810 18 114 24 24 1.238469
810 144 96 24 24 0.752380
810 288 96 24 24 7.553231
810 294 96 24 24 5.657815
810 294 102 24 24 1.879069
810 294 108 24 24 0.127728
810 300 96 24 24 4.642918
810 300 102 24 24 2.496473
810 300 108 24 24 0.124494
840 0 0 64 64 5.245496
840 0 16 64 64 0.542898
840 16 0 64 64 5.042819
840 16 16 64 64 2.464641
840 32 0 64 64 1.070296
840 32 16 64 64 2.558266
840 48 0 64 64 1.750138
840 48 16 64 64 1.277282
840 48 32 64 64 2.362357
840 256 0 64 64 2.980380
840 256 16 64 64 1.555853
840 204 12 48 48 4.657689
840 204 24 48 48 2.868513
840 216 12 48 48 4.694247
840 216 24 48 48 4.170851
840 264 12 48 48 1.566290
840 264 24 48 48 0.987832
840 204 12 48 48 4.657689
840 204 24 48 48 2.868513
840 216 12 48 48 4.694247
840 216 24 48 48 4.170851
840 264 12 48 48 1.566290
840 264 24 48 48 0.987832
840 198 22 44 44 0.579666
840 198 33 44 44 1.778873
840 242 11 44 44 0.024423
840 242 22 44 44 5.194674
840 242 33 44 44 4.255873
840 220 30 40 40 4.279842
840 240 20 40 40 1.805192
840 240 30 40 40 6.048637
840 330 160 40 40 2.519384
840 330 170 40 40 2.536867
840 8 112 32 32 0.211584
840 7 112 28 28 1.255753
840 7 119 28 28 2.005619
840 14 112 28 28 1.427322
840 14 119 28 28 4.718626
840 21 112 28 28 2.588673
840 21 119 28 28 2.508341
840 238 98 28 28 1.397482
840 245 98 28 28 0.456984
840 343 133 28 28 0.233273
840 448 133 28 28 1.690469
840 455 14 28 28 1.978559
840 455 21 28 28 0.384747
840 462 21 28 28 0.500656
840 469 21 28 28 0.324849
840 469 119 28 28 0.638500
840 469 133 28 28 0.008690
840 108 114 24 24 0.074216
840 288 96 24 24 8.866585
840 288 102 24 24 2.735409
840 294 96 24 24 5.609660
840 294 102 24 24 5.370705
840 300 96 24 24 4.766713
840 300 102 24 24 4.716221
840 480 108 24 24 2.465333
870 0 0 64 64 0.792903
870 0 16 64 64 3.725315
870 16 0 64 64 0.207756
870 16 16 64 64 2.718352
870 48 0 64 64 2.974796
870 48 16 64 64 1.234394
870 256 16 64 64 0.453535
870 204 24 48 48 5.655925
870 204 36 48 48 1.544870
870 216 24 48 48 4.956090
870 216 36 48 48 2.563761
870 264 24 48 48 0.336077
870 264 36 48 48 0.626663
870 396 192 48 48 0.164457
870 204 24 48 48 5.655925
870 204 36 48 48 1.544870
870 216 24 48 48 4.956090
870 216 36 48 48 2.563761
870 264 24 48 48 0.336077
870 264 36 48 48 0.626663
870 396 192 48 48 0.164457
870 187 33 44 44 0.486279
870 198 33 44 44 1.632339
870 242 22 44 44 2.354572
870 242 33 44 44 6.758524
870 352 154 44 44 0.082426
870 240 30 40 40 1.743221
870 320 160 40 40 2.725922
870 441 0 36 36 0.318546
870 450 0 36 36 0.150969
870 128 128 32 32 0.489085
870 128 136 32 32 1.295908
870 264 112 32 32 0.497943
870 272 112 32 32 0.662004
870 280 112 32 32 1.147641
870 0 126 28 28 0.068441
870 7 119 28 28 0.338929
870 7 126 28 28 0.511888
870 112 112 28 28 4.163625
870 112 119 28 28 1.968628
870 119 112 28 28 2.744334
870 119 119 28 28 1.156583
870 126 112 28 28 3.019028
870 126 119 28 28 1.214780
870 238 98 28 28 1.889833
870 245 98 28 28 3.935544
870 288 102 24 24 1.111354
870 288 108 24 24 5.961707
870 288 114 24 24 0.221878
870 294 102 24 24 1.120800
870 294 108 24 24 5.445250
870 294 114 24 24 2.791668
870 300 108 24 24 2.302373
870 300 114 24 24 3.485895
870 384 210 24 24 2.271677
870 390 210 24 24 1.292769
870 396 198 24 24 0.939978
870 396 204 24 24 3.042784
870 396 210 24 24 2.259399
870 402 210 24 24 1.271741
870 480 0 24 24 2.039435
870 486 114 24 24 3.211227
870 492 114 24 24 3.165581
900 0 16 64 64 2.111757
900 0 32 64 64 1.549034
900 16 16 64 64 1.421424
900 32 0 64 64 0.231131
900 32 16 64 64 0.265225
900 48 0 64 64 3.291776
900 48 16 64 64 4.019041
900 256 16 64 64 0.331543
900 288 16 64 64 0.005696
900 192 36 48 48 1.655733
900 204 24 48 48 3.841365
900 204 36 48 48 7.045327
900 216 24 48 48 1.315153
900 216 36 48 48 5.917714
900 288 216 48 48 2.008235
900 192 36 48 48 1.655733
900 204 24 48 48 3.841365
900 204 36 48 48 7.045327
900 216 24 48 48 1.315153
900 216 36 48 48 5.917714
900 288 216 48 48 2.008235
900 242 33 44 44 3.447990
900 297 126 36 36 0.339067
900 306 126 36 36 2.833262
900 315 126 36 36 6.373687
900 432 153 36 36 2.363241
900 432 162 36 36 3.464108
900 432 171 36 36 2.702574
900 441 153 36 36 0.293031
900 441 162 36 36 2.926237
900 441 171 36 36 1.562083
900 450 153 36 36 0.334179
900 450 162 36 36 2.624803
900 384 128 32 32 1.050853
900 392 128 32 32 1.120971
900 400 128 32 32 3.172878
900 400 136 32 32 1.888025
900 112 126 28 28 2.899926
900 119 119 28 28 1.721215
900 119 126 28 28 2.246082
900 126 119 28 28 2.073273
900 126 126 28 28 1.592125
900 238 98 28 28 5.975075
900 238 112 28 28 1.494190
900 245 98 28 28 8.770968
900 245 112 28 28 2.389382
900 336 238 28 28 2.263041
900 343 238 28 28 0.860604
900 132 288 24 24 3.444525
900 288 114 24 24 5.785378
900 294 114 24 24 7.577958
900 300 114 24 24 3.085510
900 480 0 24 24 0.278941
900 480 294 24 24 1.111120
900 480 300 24 24 2.516847
930 32 0 64 64 0.011093
930 48 0 64 64 5.007865
930 48 16 64 64 4.880592
930 256 0 64 64 1.547549
930 384 192 48 48 2.089851
930 396 168 48 48 1.871043
930 396 192 48 48 4.725213
930 396 204 48 48 0.547069
930 408 192 48 48 1.817037
930 408 204 48 48 2.090135
930 420 168 48 48 2.332588
930 420 192 48 48 1.745830
930 384 192 48 48 2.089851
930 396 168 48 48 1.871043
930 396 192 48 48 4.725213
930 396 204 48 48 0.547069
930 408 192 48 48 1.817037
930 408 204 48 48 2.090135
930 420 168 48 48 2.332588
930 420 192 48 48 1.745830
930 242 33 44 44 3.858062
930 256 112 32 32 1.022731
930 256 128 32 32 2.600086
930 264 112 32 32 5.396018
930 264 128 32 32 6.091043
930 264 136 32 32 0.943217
930 272 112 32 32 7.456469
930 272 128 32 32 6.488577
930 272 136 32 32 0.611503
930 280 112 32 32 6.390188
930 280 128 32 32 3.277919
930 392 152 32 32 3.190417
930 400 152 32 32 4.603674
930 0 133 28 28 2.912984
930 7 133 28 28 3.096668
930 14 133 28 28 1.652030
930 112 126 28 28 1.456842
930 119 126 28 28 1.977230
930 126 119 28 28 1.394463
930 126 126 28 28 3.639295
930 154 126 28 28 0.138072
930 231 119 28 28 0.534325
930 231 126 28 28 1.194111
930 238 119 28 28 5.294565
930 238 126 28 28 6.749197
930 245 112 28 28 1.285362
930 245 119 28 28 8.422534
930 245 126 28 28 8.769405
930 245 133 28 28 0.380161
930 469 224 28 28 2.026622
930 480 0 24 24 3.482381
930 486 0 24 24 3.724553
930 492 0 24 24 3.120373
960 32 0 64 64 3.631598
960 32 16 64 64 1.645729
960 48 0 64 64 5.686225
960 48 16 64 64 2.993767
960 256 0 64 64 2.586394
960 256 16 64 64 3.128252
960 256 32 64 64 0.155518
960 204 36 48 48 0.018284
960 204 36 48 48 0.018284
960 242 11 44 44 0.387710
960 242 22 44 44 3.590430
960 16 112 32 32 1.518453
960 24 112 32 32 3.586814
960 256 112 32 32 2.892532
960 256 128 32 32 5.362977
960 256 136 32 32 3.840265
960 264 112 32 32 4.568260
960 264 128 32 32 6.287262
960 264 136 32 32 3.754954
960 272 112 32 32 2.964988
960 272 128 32 32 4.434706
960 272 136 32 32 2.061618
960 280 112 32 32 2.015626
960 280 128 32 32 2.939688
960 0 126 28 28 2.791898
960 0 133 28 28 1.039733
960 7 119 28 28 0.583126
960 7 126 28 28 3.566824
960 21 126 28 28 0.872269
960 112 119 28 28 2.531476
960 119 119 28 28 4.502176
960 126 119 28 28 6.814511
960 154 112 28 28 2.333432
960 154 119 28 28 3.717158
960 231 112 28 28 0.302315
960 238 112 28 28 6.213393
960 238 119 28 28 5.771108
960 238 126 28 28 2.935846
960 245 112 28 28 5.951154
960 245 119 28 28 5.803726
960 245 126 28 28 1.377176
990 0 0 64 64 4.560436
990 16 0 64 64 0.658067
990 12 36 48 48 2.625742
990 24 36 48 48 4.152590
990 36 36 48 48 3.088332
990 192 0 48 48 2.585635
990 12 36 48 48 2.625742
990 24 36 48 48 4.152590
990 36 36 48 48 3.088332
990 192 0 48 48 2.585635
990 216 126 36 36 0.528741
990 192 112 32 32 0.043462
990 256 112 32 32 1.847961
990 272 112 32 32 4.468028
990 280 112 32 32 3.363110
990 400 112 32 32 0.772519
990 400 128 32 32 2.719302
990 408 128 32 32 1.990135
990 0 112 28 28 3.367650
990 7 112 28 28 4.929567
990 14 112 28 28 2.506886
990 224 126 28 28 3.266103
990 224 133 28 28 3.985415
990 231 98 28 28 1.110797
990 231 126 28 28 2.394394
990 231 133 28 28 2.658432
990 238 126 28 28 0.828783
990 238 133 28 28 0.759921
990 245 133 28 28 1.527654
990 6 114 24 24 1.305931
990 12 114 24 24 2.921717
990 18 114 24 24 3.379605
990 96 114 24 24 3.100122
990 102 114 24 24 0.582100
990 108 114 24 24 2.169225
990 192 84 24 24 0.022944
990 198 84 24 24 3.665839
990 204 84 24 24 6.764047
990 204 96 24 24 4.204385
990 204 102 24 24 1.305073
990 210 84 24 24 4.643497
990 210 96 24 24 4.274065
990 210 102 24 24 4.213405
990 210 108 24 24 0.842720
990 210 114 24 24 2.876808
990 402 102 24 24 0.577650
990 402 108 24 24 0.163653
990 480 6 24 24 0.991070
990 480 12 24 24 2.858139
990 486 6 24 24 4.462695
990 486 12 24 24 1.853282
990 492 6 24 24 3.756562
990 492 12 24 24 0.776981
990 498 6 24 24 0.318229
1020 288 126 36 36 3.886398
1020 297 126 36 36 5.514839
1020 306 126 36 36 4.344476
1020 315 126 36 36 4.531306
1020 256 136 32 32 6.924856
1020 256 144 32 32 4.455375
1020 256 152 32 32 3.609267
1020 264 136 32 32 4.792542
1020 264 144 32 32 1.748820
1020 264 152 32 32 3.075216
1020 272 136 32 32 2.044360
1020 154 119 28 28 1.261447
1020 168 98 28 28 1.292245
1020 231 98 28 28 1.726927
1020 238 98 28 28 1.085085
1020 357 0 28 28 0.317160
1020 192 108 24 24 0.786616
1050 22 154 44 44 2.292645
1050 33 154 44 44 1.449092
1050 320 140 40 40 0.590094
1050 320 160 40 40 3.068157
1050 330 160 40 40 3.642470
1050 330 170 40 40 0.384755
1050 340 160 40 40 0.928581
1050 198 153 36 36 1.576887
1050 198 162 36 36 1.709594
1050 315 171 36 36 1.182722
1050 432 144 36 36 5.846291
1050 432 153 36 36 3.571734
1050 432 162 36 36 0.524903
1050 441 144 36 36 5.228892
1050 441 153 36 36 2.405547
1050 441 162 36 36 0.911297
1050 450 144 36 36 3.697533
1050 450 153 36 36 1.070795
1050 272 112 32 32 0.511369
1050 280 112 32 32 1.554139
1050 168 119 28 28 0.988178
1050 168 126 28 28 0.537174
1050 238 112 28 28 0.207992
1050 238 126 28 28 0.834593
1050 238 133 28 28 0.947981
1050 245 126 28 28 0.676422
1050 245 133 28 28 0.881848
1050 357 112 28 28 2.136676
1050 357 119 28 28 3.444355
1050 102 204 24 24 0.210828
1050 108 204 24 24 2.668700
1050 108 210 24 24 4.205755
1050 132 204 24 24 0.767996
1050 132 210 24 24 1.140592
1050 210 192 24 24 1.856559
1080 16 32 64 64 0.085109
1080 16 48 64 64 10.762352
1080 32 32 64 64 0.586254
1080 32 48 64 64 9.341342
1080 48 48 64 64 2.205032
1080 272 16 64 64 0.141379
1080 288 16 64 64 0.046631
1080 352 16 64 64 2.168598
1080 0 162 36 36 1.568612
1080 9 162 36 36 1.668955
1080 144 144 36 36 3.247534
1080 144 153 36 36 3.988145
1080 153 144 36 36 4.062753
1080 153 153 36 36 4.532455
1080 162 144 36 36 2.658881
1080 162 153 36 36 2.026424
1080 144 152 32 32 0.199642
1080 176 152 32 32 0.324498
1080 256 112 32 32 0.341394
1080 272 128 32 32 0.390859
1080 280 128 32 32 0.797797
1080 280 136 32 32 1.286347
1080 384 128 32 32 1.059648
1080 408 128 32 32 0.386546
1080 224 98 28 28 2.238839
1080 245 119 28 28 0.205759
1080 0 192 24 24 4.806572
1080 0 198 24 24 2.022939
1080 6 192 24 24 4.625804
1080 6 198 24 24 6.033117
1080 6 204 24 24 1.266008
1080 12 192 24 24 0.351379
1080 12 198 24 24 1.588936
1080 96 192 24 24 1.858768
1080 102 192 24 24 3.818868
1080 102 198 24 24 0.721325
1080 108 192 24 24 2.585323
1080 390 108 24 24 1.352231
1080 390 114 24 24 1.493508
1080 396 108 24 24 1.802246
1110 256 16 64 64 1.344532
1110 272 16 64 64 3.120790
1110 288 16 64 64 3.435581
1110 315 0 36 36 1.692025
1110 126 126 28 28 1.510212
1110 245 133 28 28 1.404832
1110 336 21 28 28 1.156925
1110 343 21 28 28 2.626552
1110 350 21 28 28 0.742871
1110 357 0 28 28 1.337535
1110 132 114 24 24 1.006046
1110 144 108 24 24 1.972843
1110 144 114 24 24 1.093522
1140 0 0 64 64 1.005994
1140 0 16 64 64 2.674395
1140 16 32 64 64 0.229073
1140 32 0 64 64 0.641806
1140 32 16 64 64 1.758382
1140 32 32 64 64 3.165462
1140 48 0 64 64 1.191002
1140 48 16 64 64 3.705931
1140 48 32 64 64 4.926472
1140 256 16 64 64 0.037879
1140 272 0 64 64 1.041044
1140 272 16 64 64 3.391456
1140 128 112 32 32 0.093736
1140 21 98 28 28 0.570164
1140 112 133 28 28 5.212103
1140 119 126 28 28 1.543514
1140 119 133 28 28 6.568210
1140 126 133 28 28 0.002360
1140 154 119 28 28 0.046939
1140 154 126 28 28 1.082172
1140 168 119 28 28 3.782565
1140 168 126 28 28 6.444734
1140 168 133 28 28 3.077713
1140 231 7 28 28 0.384600
1140 238 7 28 28 2.959171
1140 238 14 28 28 4.196279
1140 245 14 28 28 5.286041
1140 336 98 28 28 0.102758
1140 343 98 28 28 0.584877
1140 350 98 28 28 1.767495
1140 462 0 28 28 1.151176
1140 469 112 28 28 4.848192
1140 469 119 28 28 3.671821
1140 18 114 24 24 2.335144
1140 294 84 24 24 2.334939
1140 306 108 24 24 0.950395
1140 306 114 24 24 1.490745
1140 486 18 24 24 1.736519
1140 492 18 24 24 0.820168
1170 0 0 64 64 0.902902
1170 16 0 64 64 2.643027
1170 32 16 64 64 2.464544
1170 48 16 64 64 0.313945
1170 48 32 64 64 0.187024
1170 36 24 48 48 2.643676
1170 36 24 48 48 2.643676
1170 112 0 28 28 2.954557
1170 112 7 28 28 2.311337
1170 112 14 28 28 1.073457
1170 384 114 24 24 2.164600
1170 390 108 24 24 0.645225
1170 390 114 24 24 3.683278
1170 396 114 24 24 0.886675
1170 480 0 24 24 3.125212
1170 480 6 24 24 2.523840
1170 480 12 24 24 1.404580
1170 486 0 24 24 3.034901
1170 492 0 24 24 0.380909
1170 492 6 24 24 0.822875
1200 384 24 48 48 0.235778
1200 384 36 48 48 2.727952
1200 384 24 48 48 0.235778
1200 384 36 48 48 2.727952
1200 385 33 44 44 0.547251
1200 238 98 28 28 0.966873
1200 245 98 28 28 1.591070
1200 336 119 28 28 0.240772
1200 336 126 28 28 1.503614
1200 343 126 28 28 0.875861
1200 384 102 24 24 0.630693
1200 384 108 24 24 4.738038
1200 384 114 24 24 3.682262
1200 396 102 24 24 0.761678
1200 396 108 24 24 1.314356
1200 402 108 24 24 2.526912
1200 402 114 24 24 0.524727
1230 352 0 64 64 2.694455
1230 352 16 64 64 2.590142
1230 384 12 48 48 2.618514
1230 384 24 48 48 5.202616
1230 384 36 48 48 5.512914
1230 396 24 48 48 3.059939
1230 396 36 48 48 2.396706
1230 408 24 48 48 2.545377
1230 408 36 48 48 1.613826
1230 420 24 48 48 3.976786
1230 420 36 48 48 4.265090
1230 384 12 48 48 2.618514
1230 384 24 48 48 5.202616
1230 384 36 48 48 5.512914
1230 396 24 48 48 3.059939
1230 396 36 48 48 2.396706
1230 408 24 48 48 2.545377
1230 408 36 48 48 1.613826
1230 420 24 48 48 3.976786
1230 420 36 48 48 4.265090
1230 187 33 44 44 0.403781
1230 198 154 44 44 0.337070
1230 242 33 44 44 2.222459
1230 264 33 44 44 1.620391
1230 385 22 44 44 0.163908
1230 385 33 44 44 4.577525
1230 216 171 36 36 0.800657
1230 336 98 28 28 2.302432
1230 469 112 28 28 2.178679
1230 469 119 28 28 0.833413
1230 18 204 24 24 0.557239
1230 102 114 24 24 0.570349
1230 288 198 24 24 0.432382
1230 294 198 24 24 0.256057
1230 384 96 24 24 1.632718
1230 384 102 24 24 0.667942
1230 384 198 24 24 0.341401
1230 390 96 24 24 3.665135
1260 192 24 48 48 0.619523
1260 192 36 48 48 1.537106
1260 288 36 48 48 0.217186
1260 384 24 48 48 1.739461
1260 384 36 48 48 0.191938
1260 192 24 48 48 0.619523
1260 192 36 48 48 1.537106
1260 288 36 48 48 0.217186
1260 384 24 48 48 1.739461
1260 384 36 48 48 0.191938
1260 176 33 44 44 2.648304
1260 187 33 44 44 3.136214
1260 198 33 44 44 3.003611
1260 242 22 44 44 4.867145
1260 242 33 44 44 1.698880
1260 264 22 44 44 0.519657
1260 264 33 44 44 0.403273
1260 448 112 28 28 0.984449
1260 108 108 24 24 0.110997
1260 306 84 24 24 1.457478
1260 384 84 24 24 1.636269
1260 390 84 24 24 2.526181
1260 396 84 24 24 1.532696
1260 402 84 24 24 1.569691
1290 272 0 64 64 1.864145
1290 288 0 64 64 1.007658
1290 192 36 48 48 4.737957
1290 204 36 48 48 0.649253
1290 216 36 48 48 0.179582
1290 288 24 48 48 5.015420
1290 288 36 48 48 6.949896
1290 384 24 48 48 0.071426
1290 384 36 48 48 3.470178
1290 396 24 48 48 1.818027
1290 396 36 48 48 4.333809
1290 408 24 48 48 3.615432
1290 408 36 48 48 5.953240
1290 420 24 48 48 4.889748
1290 420 36 48 48 8.117924
1290 192 36 48 48 4.737957
1290 204 36 48 48 0.649253
1290 216 36 48 48 0.179582
1290 288 24 48 48 5.015420
1290 288 36 48 48 6.949896
1290 384 24 48 48 0.071426
1290 384 36 48 48 3.470178
1290 396 24 48 48 1.818027
1290 396 36 48 48 4.333809
1290 408 24 48 48 3.615432
1290 408 36 48 48 5.953240
1290 420 24 48 48 4.889748
1290 420 36 48 48 8.117924
1290 242 33 44 44 2.204006
1290 264 33 44 44 0.491734
1290 264 112 32 32 1.254412
1290 168 112 28 28 3.274989
1290 357 98 28 28 2.001250
1290 455 98 28 28 0.001117
1290 469 98 28 28 0.394856
1290 396 102 24 24 0.476545
1290 396 108 24 24 0.802408
1290 480 114 24 24 1.153080
1290 486 108 24 24 1.190363
1290 486 114 24 24 4.143795
1290 492 102 24 24 0.793096
1290 492 108 24 24 3.431437
1290 492 114 24 24 6.320464
1290 498 102 24 24 0.244568
1290 498 108 24 24 3.215419
1290 498 114 24 24 8.096883
1320 352 0 64 64 4.136790
1320 352 16 64 64 2.528041
1320 192 36 48 48 0.464382
1320 204 36 48 48 1.822245
1320 264 24 48 48 2.128307
1320 264 36 48 48 0.448317
1320 288 24 48 48 1.773427
1320 288 36 48 48 6.042495
1320 384 36 48 48 4.713994
1320 396 36 48 48 3.460515
1320 408 36 48 48 4.902845
1320 420 36 48 48 5.310163
1320 192 36 48 48 0.464382
1320 204 36 48 48 1.822245
1320 264 24 48 48 2.128307
1320 264 36 48 48 0.448317
1320 288 24 48 48 1.773427
1320 288 36 48 48 6.042495
1320 384 36 48 48 4.713994
1320 396 36 48 48 3.460515
1320 408 36 48 48 4.902845
1320 420 36 48 48 5.310163
1320 264 33 44 44 0.778843
1320 168 112 28 28 1.864093
1320 168 119 28 28 0.343344
1320 224 98 28 28 0.191371
1320 336 98 28 28 0.555907
1320 357 98 28 28 3.225101
1320 469 98 28 28 0.323663
1320 0 84 24 24 1.610530
1320 132 114 24 24 2.288249
1320 144 114 24 24 0.771750
1320 396 114 24 24 2.176262
1320 480 108 24 24 0.661835
1320 480 114 24 24 2.204641
1320 486 108 24 24 2.325162
1320 486 114 24 24 4.432011
1320 492 96 24 24 2.820964
1320 492 102 24 24 3.146419
1320 492 108 24 24 4.268995
1320 492 114 24 24 4.494606
1320 498 108 24 24 3.043115
1320 498 114 24 24 4.460740
1350 288 0 64 64 4.197116
1350 352 0 64 64 1.886476
1350 352 32 64 64 3.703456
1350 36 36 48 48 0.685508
1350 204 36 48 48 2.187539
1350 264 24 48 48 3.912683
1350 264 36 48 48 0.688517
1350 288 36 48 48 4.448722
1350 384 24 48 48 1.589310
1350 384 36 48 48 1.527157
1350 396 36 48 48 0.338746
1350 408 36 48 48 1.852751
1350 420 36 48 48 2.577272
1350 36 36 48 48 0.685508
1350 204 36 48 48 2.187539
1350 264 24 48 48 3.912683
1350 264 36 48 48 0.688517
1350 288 36 48 48 4.448722
1350 384 24 48 48 1.589310
1350 384 36 48 48 1.527157
1350 396 36 48 48 0.338746
1350 408 36 48 48 1.852751
1350 420 36 48 48 2.577272
1350 264 33 44 44 0.922609
1350 352 33 44 44 1.948127
1350 363 33 44 44 1.713409
1350 374 33 44 44 1.248760
1350 385 33 44 44 1.122389
1350 408 112 32 32 1.794153
1350 168 112 28 28 0.158037
1350 336 98 28 28 7.888426
1350 343 98 28 28 5.467467
1350 350 98 28 28 3.169148
1350 448 133 28 28 0.333214
1350 455 98 28 28 1.985263
1350 455 126 28 28 2.610729
1350 455 133 28 28 0.254750
1350 384 102 24 24 6.882504
1350 384 108 24 24 5.781826
1350 390 96 24 24 1.042446
1350 390 102 24 24 5.906543
1350 390 108 24 24 4.135922
1380 256 0 64 64 1.461536
1380 272 0 64 64 2.026714
1380 288 0 64 64 0.210741
1380 352 0 64 64 1.101972
1380 192 12 48 48 0.729237
1380 192 24 48 48 3.730387
1380 192 36 48 48 2.154050
1380 204 12 48 48 4.478032
1380 204 24 48 48 8.004912
1380 264 24 48 48 1.275982
1380 264 36 48 48 0.789338
1380 288 24 48 48 0.989888
1380 288 36 48 48 5.678798
1380 384 36 48 48 0.983014
1380 396 36 48 48 0.118633
1380 192 12 48 48 0.729237
1380 192 24 48 48 3.730387
1380 192 36 48 48 2.154050
1380 204 12 48 48 4.478032
1380 204 24 48 48 8.004912
1380 264 24 48 48 1.275982
1380 264 36 48 48 0.789338
1380 288 24 48 48 0.989888
1380 288 36 48 48 5.678798
1380 384 36 48 48 0.983014
1380 396 36 48 48 0.118633
1380 198 22 44 44 2.001450
1380 198 33 44 44 4.265677
1380 220 30 40 40 7.826264
1380 16 112 32 32 0.692940
1380 24 112 32 32 7.715925
1380 336 98 28 28 6.112979
1380 343 98 28 28 5.931306
1380 350 98 28 28 4.831202
1380 357 98 28 28 2.641012
1380 462 112 28 28 1.915162
1380 462 119 28 28 2.499918
1380 462 126 28 28 2.424587
1380 469 112 28 28 0.096825
1380 469 119 28 28 0.819756
1380 384 102 24 24 2.498972
1380 384 108 24 24 3.245735
1380 390 102 24 24 2.160733
1380 390 108 24 24 4.086314
1380 396 102 24 24 1.841483
1380 396 108 24 24 2.107563
1380 402 108 24 24 1.480071
1410 256 0 64 64 2.863274
1410 272 0 64 64 2.202571
1410 288 0 64 64 2.534337
1410 0 36 48 48 7.246063
1410 12 36 48 48 6.378815
1410 24 36 48 48 2.602557
1410 192 36 48 48 2.237784
1410 204 0 48 48 7.184487
1410 204 12 48 48 6.530699
1410 204 24 48 48 2.378354
1410 216 0 48 48 0.175686
1410 216 12 48 48 2.716346
1410 0 36 48 48 7.246063
1410 12 36 48 48 6.378815
1410 24 36 48 48 2.602557
1410 192 36 48 48 2.237784
1410 204 0 48 48 7.184487
1410 204 12 48 48 6.530699
1410 204 24 48 48 2.378354
1410 216 0 48 48 0.175686
1410 216 12 48 48 2.716346
1410 385 33 44 44 0.517377
1410 220 0 40 40 6.014021
1410 220 10 40 40 1.885848
1410 220 30 40 40 2.875010
1410 8 112 32 32 3.821158
1410 16 112 32 32 0.221001
1410 7 126 28 28 0.114821
1410 14 119 28 28 2.430959
1410 14 126 28 28 6.227590
1410 21 119 28 28 3.421255
1410 21 126 28 28 2.043888
1410 154 112 28 28 1.259400
1410 224 133 28 28 1.574528
1410 238 21 28 28 4.355234
1410 245 21 28 28 7.954091
1410 336 98 28 28 4.568703
1410 343 98 28 28 4.501996
1410 350 98 28 28 3.108964
1410 357 98 28 28 0.867085
1410 455 98 28 28 2.017320
1410 96 108 24 24 0.008459
1410 96 114 24 24 0.031141
1410 102 108 24 24 0.339907
1410 210 96 24 24 0.240569
1410 384 108 24 24 2.993836
1410 384 114 24 24 3.773978
1410 390 114 24 24 0.282969
1440 192 12 48 48 1.983894
1440 192 24 48 48 1.767012
1440 192 36 48 48 3.925071
1440 204 0 48 48 0.976158
1440 384 36 48 48 0.851363
1440 396 0 48 48 0.540445
1440 396 36 48 48 0.722243
1440 408 36 48 48 1.075160
1440 192 12 48 48 1.983894
1440 192 24 48 48 1.767012
1440 192 36 48 48 3.925071
1440 204 0 48 48 0.976158
1440 384 36 48 48 0.851363
1440 396 0 48 48 0.540445
1440 396 36 48 48 0.722243
1440 408 36 48 48 1.075160
1440 198 11 44 44 0.131298
1440 198 22 44 44 1.300739
1440 198 33 44 44 0.671705
1440 242 22 44 44 1.143768
1440 220 20 40 40 1.508239
1440 220 30 40 40 1.180870
1440 216 27 36 36 3.155470
1440 432 0 36 36 2.217388
1440 432 9 36 36 1.921581
1440 0 98 28 28 5.376652
1440 7 98 28 28 5.000677
1440 14 98 28 28 5.538047
1440 21 98 28 28 3.548156
1440 154 98 28 28 3.257478
1440 168 98 28 28 2.094733
1440 238 7 28 28 1.136206
1440 350 98 28 28 1.449622
1440 357 98 28 28 4.347958
1440 0 108 24 24 7.755941
1440 0 114 24 24 6.177679
1440 6 102 24 24 2.368490
1440 6 108 24 24 9.401988
1440 6 114 24 24 5.811024
1440 12 108 24 24 8.248461
1440 12 114 24 24 5.661329
1440 18 102 24 24 4.205052
1440 18 108 24 24 13.267530
1440 18 114 24 24 8.559232
1440 144 96 24 24 3.639247
1440 144 108 24 24 0.049439
1440 144 114 24 24 0.580196
1440 198 84 24 24 3.107944
1440 198 102 24 24 0.703639
1440 198 108 24 24 0.975670
1440 204 108 24 24 0.621466
1440 288 96 24 24 2.092641
1440 288 102 24 24 1.359414
1440 294 96 24 24 0.620418
1440 294 102 24 24 0.021844
1440 300 108 24 24 0.799846
1440 300 114 24 24 1.683003
1440 390 108 24 24 1.176339
1440 390 114 24 24 2.395542
1440 396 108 24 24 3.345474
1440 396 114 24 24 4.828232
1440 402 96 24 24 0.293764
1440 402 102 24 24 4.000021
1440 402 108 24 24 5.453491
1440 402 114 24 24 4.792337
1440 498 108 24 24 0.726496
1440 498 114 24 24 0.602165
1470 352 0 64 64 3.712820
1470 192 0 48 48 2.587396
1470 192 12 48 48 1.260417
1470 192 24 48 48 4.450657
1470 192 36 48 48 5.360007
1470 384 24 48 48 6.115294
1470 384 36 48 48 5.649397
1470 396 24 48 48 4.341179
1470 396 36 48 48 3.719589
1470 408 36 48 48 2.595454
1470 420 24 48 48 0.923190
1470 420 36 48 48 1.515308
1470 192 0 48 48 2.587396
1470 192 12 48 48 1.260417
1470 192 24 48 48 4.450657
1470 192 36 48 48 5.360007
1470 384 24 48 48 6.115294
1470 384 36 48 48 5.649397
1470 396 24 48 48 4.341179
1470 396 36 48 48 3.719589
1470 408 36 48 48 2.595454
1470 420 24 48 48 0.923190
1470 420 36 48 48 1.515308
1470 187 33 44 44 2.639155
1470 198 11 44 44 1.995647
1470 198 22 44 44 0.000146
1470 198 33 44 44 4.587823
1470 352 33 44 44 1.810779
1470 385 33 44 44 2.379337
1470 240 10 40 40 0.960648
1470 330 30 40 40 1.657881
1470 340 30 40 40 2.151750
1470 216 27 36 36 0.236099
1470 112 98 28 28 1.589351
1470 119 98 28 28 1.497101
1470 119 112 28 28 0.273470
1470 126 98 28 28 3.223770
1470 126 112 28 28 1.593782
1470 168 98 28 28 4.647990
1470 18 102 24 24 0.389791
1470 132 96 24 24 1.884847
1470 132 102 24 24 2.132240
1470 132 108 24 24 2.628652
1470 132 114 24 24 2.926419
1470 144 96 24 24 2.267269
1470 144 102 24 24 2.224432
1470 288 102 24 24 3.064327
1470 288 108 24 24 2.240236
1470 294 96 24 24 3.719173
1470 294 102 24 24 4.510740
1470 294 108 24 24 4.769872
1470 294 114 24 24 0.392345
1470 300 96 24 24 2.412741
1470 300 102 24 24 1.106768
1470 384 96 24 24 1.923801
1470 384 102 24 24 2.503564
1470 480 12 24 24 0.425039
1470 480 96 24 24 0.508459
1470 480 102 24 24 0.473548
1470 486 96 24 24 0.751702
1470 486 102 24 24 0.905038
1470 492 102 24 24 0.042075
1470 492 108 24 24 0.855525
1470 498 0 24 24 0.045218
1470 498 108 24 24 0.487676
1500 0 16 64 64 0.416646
1500 0 32 64 64 0.648528
1500 192 0 48 48 1.424619
1500 192 12 48 48 0.589514
1500 192 0 48 48 1.424619
1500 192 12 48 48 0.589514
1500 187 0 44 44 1.967336
1500 198 0 44 44 0.132281
1500 198 11 44 44 0.223828
1500 240 0 40 40 1.315608
1500 154 98 28 28 3.307523
1500 12 84 24 24 1.458361
1500 12 96 24 24 0.687822
1500 18 96 24 24 1.849433
1500 96 96 24 24 1.625689
1500 96 102 24 24 1.949875
1500 96 114 24 24 0.201466
1500 102 96 24 24 2.150937
1500 102 102 24 24 4.631990
1500 102 108 24 24 0.856176
1500 108 96 24 24 4.319164
1500 108 102 24 24 5.173649
1500 108 108 24 24 2.731126
1500 288 96 24 24 0.432344
1500 288 102 24 24 3.085063
1500 288 108 24 24 0.139879
1500 294 96 24 24 0.164779
1500 294 102 24 24 4.170172
1500 294 108 24 24 0.213706
1500 384 102 24 24 0.954390
1500 396 108 24 24 1.301638
1500 402 108 24 24 2.393495
1500 402 114 24 24 0.259641
1500 498 102 24 24 2.112648
1530 12 24 48 48 1.993365
1530 12 36 48 48 0.485987
1530 24 24 48 48 2.905582
1530 24 36 48 48 1.765099
1530 288 228 48 48 0.043772
1530 12 24 48 48 1.993365
1530 12 36 48 48 0.485987
1530 24 24 48 48 2.905582
1530 24 36 48 48 1.765099
1530 288 228 48 48 0.043772
1530 22 33 44 44 3.672017
1530 33 33 44 44 5.679653
1530 352 33 44 44 2.195917
1530 363 22 44 44 0.290847
1530 363 33 44 44 5.038359
1530 374 33 44 44 2.824405
1530 8 272 32 32 0.158049
1530 16 272 32 32 0.898816
1530 24 272 32 32 0.708435
1530 128 280 32 32 0.860267
1530 144 280 32 32 0.010933
1530 176 272 32 32 0.881113
1530 176 280 32 32 0.411896
1530 192 272 32 32 1.883010
1530 192 280 32 32 1.533191
1530 256 272 32 32 1.924072
1530 256 280 32 32 1.756326
1530 264 272 32 32 1.840873
1530 264 280 32 32 1.599042
1530 272 272 32 32 1.778000
1530 272 280 32 32 1.891678
1530 280 272 32 32 1.663558
1530 280 280 32 32 1.808549
1530 384 112 32 32 0.030929
1530 384 272 32 32 2.255009
1530 384 280 32 32 1.345035
1530 392 272 32 32 1.966929
1530 392 280 32 32 0.825774
1530 400 272 32 32 1.724952
1530 400 280 32 32 1.234449
1530 408 272 32 32 2.032818
1530 408 280 32 32 1.630122
1530 224 0 28 28 0.481505
1530 448 0 28 28 0.411621
1530 448 98 28 28 2.107569
1530 448 112 28 28 0.611394
1530 0 288 24 24 0.582356
1530 6 288 24 24 1.397325
1530 6 294 24 24 0.255590
1530 12 288 24 24 2.013252
1530 12 294 24 24 1.271808
1530 18 288 24 24 1.656591
1530 18 294 24 24 1.503076
1530 96 294 24 24 3.472442
1530 102 294 24 24 2.741967
1530 108 96 24 24 0.525324
1530 108 294 24 24 1.924583
1530 132 96 24 24 1.840846
1530 132 102 24 24 1.727047
1530 144 96 24 24 5.960224
1530 144 102 24 24 4.184519
1530 192 294 24 24 4.214283
1530 192 300 24 24 0.248747
1530 198 294 24 24 4.065159
1530 198 300 24 24 0.383507
1530 204 294 24 24 4.130871
1530 204 300 24 24 0.352114
1530 210 294 24 24 4.327855
1530 210 300 24 24 0.390440
1530 288 294 24 24 4.264647
1530 288 300 24 24 0.652109
1530 294 96 24 24 0.313384
1530 294 294 24 24 3.984519
1530 294 300 24 24 0.561088
1530 300 96 24 24 0.556179
1530 300 102 24 24 4.072169
1530 300 108 24 24 3.515130
1530 300 294 24 24 3.490600
1530 300 300 24 24 0.866655
1530 306 96 24 24 0.509897
1530 306 102 24 24 3.888618
1530 306 108 24 24 6.171452
1530 306 114 24 24 2.390130
1530 306 294 24 24 3.155383
1530 306 300 24 24 0.561897
1530 384 294 24 24 3.318547
1530 390 294 24 24 3.552206
1530 390 300 24 24 0.155161
1530 396 294 24 24 3.643685
1530 402 294 24 24 3.764799
1530 480 294 24 24 3.877477
1530 486 294 24 24 3.824556
1530 492 288 24 24 0.385771
1530 492 294 24 24 4.139833
1530 498 288 24 24 0.621759
1530 498 294 24 24 4.164456
1560 352 0 64 64 2.650213
1560 352 32 64 64 0.100472
1560 0 36 48 48 0.615100
1560 12 36 48 48 0.935570
1560 24 24 48 48 3.489046
1560 24 36 48 48 2.960638
1560 36 36 48 48 1.028978
1560 384 24 48 48 3.242086
1560 384 36 48 48 5.608335
1560 396 24 48 48 2.469127
1560 396 36 48 48 5.565848
1560 408 24 48 48 1.952928
1560 408 36 48 48 4.874056
1560 420 36 48 48 4.551748
1560 0 36 48 48 0.615100
1560 12 36 48 48 0.935570
1560 24 24 48 48 3.489046
1560 24 36 48 48 2.960638
1560 36 36 48 48 1.028978
1560 384 24 48 48 3.242086
1560 384 36 48 48 5.608335
1560 396 24 48 48 2.469127
1560 396 36 48 48 5.565848
1560 408 24 48 48 1.952928
1560 408 36 48 48 4.874056
1560 420 36 48 48 4.551748
1560 33 33 44 44 0.918698
1560 352 33 44 44 3.811453
1560 363 33 44 44 5.473976
1560 374 33 44 44 2.485252
1560 0 112 28 28 2.443476
1560 14 112 28 28 5.360804
1560 14 119 28 28 3.952839
1560 14 126 28 28 0.525678
1560 21 98 28 28 1.406827
1560 112 98 28 28 3.182746
1560 126 98 28 28 1.595951
1560 154 98 28 28 2.499434
1560 224 119 28 28 2.008438
1560 231 119 28 28 2.845647
1560 231 126 28 28 1.452651
1560 448 98 28 28 2.398592
1560 448 112 28 28 3.364793
1560 455 98 28 28 6.769562
1560 455 112 28 28 5.026000
1560 462 98 28 28 2.632979
1560 0 114 24 24 2.397354
1560 6 114 24 24 0.784518
1560 18 108 24 24 3.364852
1560 18 114 24 24 4.450380
1560 96 84 24 24 1.901454
1560 102 84 24 24 3.042470
1560 108 114 24 24 2.185141
1560 132 96 24 24 2.964085
1560 144 96 24 24 5.242049
1560 144 102 24 24 2.335644
1560 192 114 24 24 0.734667
1560 198 114 24 24 1.186586
1560 306 102 24 24 0.700039
1560 306 108 24 24 1.001209
1560 390 84 24 24 1.237211
1560 390 96 24 24 0.946972
1560 390 102 24 24 1.850280
1560 390 108 24 24 0.736322
1560 396 84 24 24 0.137032
1560 396 96 24 24 2.180491
1560 396 102 24 24 4.279533
1560 396 108 24 24 2.381291
1560 402 102 24 24 0.021704
1560 402 108 24 24 1.503917
1560 480 114 24 24 0.987898
1560 486 114 24 24 1.197455
1590 32 0 64 64 1.739017
1590 48 0 64 64 0.727410
1590 0 36 48 48 1.541185
1590 12 24 48 48 0.238898
1590 12 36 48 48 2.167391
1590 36 36 48 48 2.408769
1590 264 36 48 48 0.661626
1590 408 36 48 48 2.496735
1590 0 36 48 48 1.541185
1590 12 24 48 48 0.238898
1590 12 36 48 48 2.167391
1590 36 36 48 48 2.408769
1590 264 36 48 48 0.661626
1590 408 36 48 48 2.496735
1590 22 33 44 44 1.644733
1590 264 22 44 44 0.383221
1590 264 33 44 44 1.825076
1590 20 10 40 40 0.380566
1590 238 119 28 28 1.683893
1590 350 112 28 28 1.365604
1590 350 119 28 28 1.852028
1590 357 112 28 28 1.108234
1590 357 119 28 28 3.700662
1590 357 126 28 28 2.210239
1590 469 98 28 28 1.116377
1590 0 108 24 24 0.059789
1590 108 18 24 24 0.559374
1590 108 102 24 24 0.124594
1590 132 96 24 24 5.752348
1590 132 102 24 24 4.256935
1590 132 108 24 24 1.423451
1590 144 96 24 24 4.171758
1590 144 102 24 24 3.948368
1590 144 108 24 24 1.111739
1590 192 102 24 24 1.041724
1590 198 102 24 24 3.114461
1590 198 108 24 24 3.672679
1590 204 102 24 24 0.725766
1590 204 108 24 24 2.896348
1590 300 96 24 24 1.253049
1590 480 114 24 24 0.113152
1590 486 114 24 24 2.906544
1590 492 114 24 24 3.958773
1590 498 114 24 24 3.204307
1620 272 16 64 64 0.765633
1620 288 0 64 64 1.283003
1620 288 16 64 64 2.935168
1620 288 32 64 64 2.156461
1620 352 0 64 64 1.341793
1620 352 16 64 64 0.262569
1620 0 12 48 48 2.308504
1620 12 12 48 48 5.919581
1620 24 0 48 48 1.449978
1620 24 12 48 48 6.015767
1620 24 24 48 48 2.043175
1620 36 0 48 48 5.616786
1620 36 12 48 48 8.155064
1620 36 24 48 48 4.194121
1620 264 12 48 48 2.232234
1620 288 12 48 48 1.042647
1620 384 12 48 48 1.152889
1620 384 24 48 48 0.884920
1620 0 12 48 48 2.308504
1620 12 12 48 48 5.919581
1620 24 0 48 48 1.449978
1620 24 12 48 48 6.015767
1620 24 24 48 48 2.043175
1620 36 0 48 48 5.616786
1620 36 12 48 48 8.155064
1620 36 24 48 48 4.194121
1620 264 12 48 48 2.232234
1620 288 12 48 48 1.042647
1620 384 12 48 48 1.152889
1620 384 24 48 48 0.884920
1620 0 22 44 44 0.090646
1620 11 22 44 44 0.300887
1620 22 22 44 44 3.356253
1620 33 11 44 44 0.539077
1620 33 22 44 44 4.711100
1620 33 33 44 44 3.353782
1620 264 22 44 44 0.707387
1620 352 11 44 44 1.144748
1620 363 11 44 44 0.549304
1620 385 0 44 44 0.286628
1620 385 11 44 44 2.930036
1620 385 22 44 44 1.381902
1620 385 33 44 44 2.381433
1620 350 20 40 40 2.261940
1620 350 30 40 40 1.298875
1620 153 126 36 36 1.220958
1620 162 126 36 36 0.358540
1620 176 136 32 32 1.158606
1620 384 112 32 32 3.194843
1620 392 112 32 32 2.897147
1620 400 16 32 32 1.668432
1620 400 112 32 32 0.275377
1620 408 16 32 32 3.244242
1620 408 24 32 32 3.200377
1620 0 119 28 28 0.118805
1620 455 7 28 28 1.864748
1620 455 14 28 28 0.181430
1620 462 7 28 28 0.870779
1620 469 0 28 28 0.951273
1620 469 7 28 28 1.313879
1620 469 14 28 28 1.782805
1620 469 21 28 28 2.108942
1620 96 84 24 24 4.082386
1620 102 84 24 24 3.898531
1620 108 84 24 24 3.949382
1620 108 96 24 24 0.481318
1620 480 12 24 24 1.434622
1620 480 18 24 24 1.479809
1620 486 18 24 24 0.071514
1650 0 12 48 48 1.767300
1650 0 24 48 48 6.495459
1650 0 36 48 48 5.297771
1650 12 12 48 48 2.289143
1650 12 24 48 48 4.250753
1650 12 36 48 48 2.573083
1650 24 24 48 48 2.383766
1650 36 24 48 48 2.974718
1650 36 36 48 48 2.331536
1650 264 24 48 48 0.628446
1650 384 12 48 48 0.074983
1650 384 24 48 48 2.135141
1650 384 36 48 48 1.655521
1650 396 24 48 48 1.411089
1650 396 36 48 48 4.191406
1650 408 24 48 48 3.579307
1650 408 36 48 48 4.572107
1650 420 24 48 48 2.942457
1650 420 36 48 48 3.157090
1650 0 12 48 48 1.767300
1650 0 24 48 48 6.495459
1650 0 36 48 48 5.297771
1650 12 12 48 48 2.289143
1650 12 24 48 48 4.250753
1650 12 36 48 48 2.573083
1650 24 24 48 48 2.383766
1650 36 24 48 48 2.974718
1650 36 36 48 48 2.331536
1650 264 24 48 48 0.628446
1650 384 12 48 48 0.074983
1650 384 24 48 48 2.135141
1650 384 36 48 48 1.655521
1650 396 24 48 48 1.411089
1650 396 36 48 48 4.191406
1650 408 24 48 48 3.579307
1650 408 36 48 48 4.572107
1650 420 24 48 48 2.942457
1650 420 36 48 48 3.157090
1650 0 33 44 44 6.480086
1650 11 33 44 44 4.896157
1650 22 22 44 44 1.794503
1650 22 33 44 44 4.374946
1650 33 33 44 44 1.775333
1650 352 22 44 44 2.299873
1650 352 33 44 44 3.210118
1650 363 22 44 44 1.522937
1650 363 33 44 44 2.369019
1650 374 33 44 44 0.030984
1650 385 33 44 44 1.664415
1650 350 0 40 40 0.927280
1650 350 10 40 40 0.127644
1650 27 288 36 36 0.180636
1650 450 144 36 36 3.599724
1650 450 153 36 36 3.239038
1650 450 162 36 36 0.659973
1650 459 144 36 36 3.768693
1650 459 153 36 36 3.139199
1650 459 162 36 36 1.379091
1650 459 171 36 36 2.778214
1650 392 24 32 32 1.609567
1650 0 21 28 28 1.087466
1650 448 112 28 28 0.247021
1650 0 96 24 24 2.123123
1650 0 102 24 24 1.675240
1650 0 108 24 24 2.849755
1650 0 114 24 24 1.461489
1650 6 12 24 24 1.261923
1650 6 18 24 24 2.259073
1650 12 0 24 24 0.485031
1650 12 6 24 24 2.284715
1650 12 12 24 24 0.457722
1650 12 96 24 24 2.908877
1650 18 96 24 24 4.487377
1650 18 102 24 24 1.241123
1650 108 0 24 24 2.060651
1650 108 6 24 24 8.319336
1650 108 12 24 24 10.070372
1650 108 18 24 24 2.113981
1650 390 18 24 24 3.417775
1650 396 108 24 24 0.160663
1650 402 108 24 24 1.085747
1650 402 114 24 24 0.220896
1650 480 192 24 24 2.614063
1650 480 198 24 24 1.968735
1650 486 192 24 24 1.073689
1650 486 198 24 24 2.861924
1650 486 204 24 24 0.602498
1650 492 198 24 24 0.566715
1650 492 204 24 24 0.397083
1650 498 210 24 24 0.083886
1680 352 0 64 64 5.127277
1680 352 16 64 64 5.736179
1680 384 24 48 48 0.183829
1680 396 24 48 48 1.383708
1680 396 36 48 48 1.071888
1680 408 24 48 48 2.421295
1680 408 36 48 48 5.783299
1680 420 12 48 48 1.212554
1680 420 24 48 48 4.333462
1680 420 36 48 48 3.782623
1680 384 24 48 48 0.183829
1680 396 24 48 48 1.383708
1680 396 36 48 48 1.071888
1680 408 24 48 48 2.421295
1680 408 36 48 48 5.783299
1680 420 12 48 48 1.212554
1680 420 24 48 48 4.333462
1680 420 36 48 48 3.782623
1680 0 128 32 32 0.690955
1680 408 0 32 32 1.189516
1680 7 112 28 28 1.989746
1680 336 119 28 28 1.434542
1680 343 112 28 28 2.055019
1680 343 119 28 28 1.054002
1680 343 126 28 28 2.770879
1680 343 133 28 28 0.563674
1680 350 112 28 28 3.541559
1680 350 119 28 28 1.851090
1680 350 126 28 28 2.994037
1680 350 133 28 28 2.234890
1680 357 112 28 28 0.833434
1680 357 133 28 28 0.406613
1680 448 112 28 28 5.340119
1680 448 119 28 28 1.668013
1680 448 126 28 28 0.641641
1680 448 133 28 28 0.276641
1680 455 98 28 28 0.903165
1680 455 112 28 28 3.859511
1680 455 119 28 28 1.106579
1680 462 0 28 28 3.064687
1680 462 7 28 28 2.902610
1680 462 14 28 28 1.686019
1680 462 98 28 28 0.240335
1680 462 112 28 28 3.410698
1680 462 119 28 28 0.307178
1680 462 126 28 28 0.657389
1680 469 0 28 28 0.970704
1680 469 7 28 28 3.185963
1680 469 14 28 28 0.888864
1680 469 112 28 28 3.747099
1680 469 119 28 28 2.611114
1680 469 126 28 28 2.623514
1680 469 133 28 28 0.744434
1680 144 102 24 24 9.159430
1680 144 108 24 24 5.285003
1680 192 108 24 24 0.040040
1680 288 96 24 24 0.069851
1680 306 96 24 24 0.259467
1680 306 102 24 24 2.560575
1680 396 84 24 24 1.123243
1680 480 18 24 24 0.182166
1680 486 6 24 24 0.920984
1680 486 108 24 24 1.295318
1680 492 6 24 24 0.533663
1680 492 12 24 24 0.541403
1680 492 84 24 24 0.398487
1680 492 108 24 24 1.045668
1710 288 48 64 64 2.706356
1710 352 48 64 64 3.487766
1710 384 112 32 32 2.799437
1710 384 128 32 32 4.357474
1710 384 136 32 32 2.720055
1710 384 144 32 32 1.906574
1710 392 112 32 32 1.125059
1710 392 128 32 32 4.382368
1710 119 98 28 28 3.958599
1710 119 112 28 28 1.407543
1710 126 98 28 28 9.340091
1710 126 112 28 28 3.660210
1710 336 112 28 28 0.295379
1710 336 119 28 28 7.376705
1710 336 126 28 28 9.428288
1710 336 133 28 28 0.725080
1710 343 119 28 28 6.964506
1710 343 126 28 28 8.876062
1710 343 133 28 28 6.392638
1710 350 119 28 28 0.869211
1710 350 126 28 28 4.918802
1710 350 133 28 28 3.895372
1710 357 133 28 28 2.876644
1710 448 112 28 28 5.078123
1710 448 119 28 28 6.256089
1710 448 126 28 28 1.706393
1710 455 112 28 28 2.498259
1710 455 119 28 28 2.940995
1710 462 119 28 28 1.538484
1710 462 126 28 28 2.623102
1710 469 119 28 28 4.379930
1710 469 126 28 28 4.527403
1710 469 133 28 28 0.574441
1710 12 12 24 24 0.323577
1710 132 108 24 24 3.047457
1710 132 114 24 24 15.844760
1710 144 108 24 24 3.409486
1710 144 114 24 24 0.273220
1710 192 114 24 24 4.307428
1710 288 96 24 24 3.713285
1710 288 102 24 24 4.872604
1710 288 108 24 24 3.560726
1710 294 96 24 24 1.488395
1710 294 102 24 24 3.567291
1710 294 108 24 24 2.848265
1710 294 114 24 24 0.501920
1710 300 96 24 24 1.626435
1710 300 102 24 24 2.387928
1710 300 108 24 24 0.684204
1710 306 102 24 24 1.336893
1740 16 0 64 64 1.989299
1740 32 0 64 64 1.834037
1740 48 0 64 64 2.707465
1740 264 36 48 48 1.114522
1740 288 36 48 48 2.195563
1740 264 36 48 48 1.114522
1740 288 36 48 48 2.195563
1740 432 153 36 36 1.536129
1740 8 112 32 32 2.984220
1740 16 112 32 32 0.440780
1740 0 119 28 28 2.588258
1740 7 119 28 28 3.694612
1740 14 112 28 28 1.441071
1740 14 119 28 28 8.462273
1740 14 126 28 28 4.974180
1740 21 112 28 28 4.484056
1740 21 119 28 28 8.895639
1740 21 126 28 28 4.910709
1740 168 98 28 28 0.505444
1740 343 98 28 28 2.722212
1740 343 112 28 28 0.647623
1740 350 98 28 28 1.250190
1740 350 112 28 28 2.781788
1740 357 98 28 28 4.109993
1740 357 112 28 28 4.598440
1740 357 133 28 28 4.783149
1740 96 102 24 24 0.014629
1740 96 108 24 24 2.241469
1740 96 114 24 24 9.432572
1740 102 102 24 24 0.724249
1740 102 108 24 24 2.162173
1740 102 114 24 24 9.043698
1740 108 102 24 24 2.046090
1740 108 108 24 24 1.635901
1740 108 114 24 24 4.822247
1740 288 96 24 24 1.329954
1740 288 102 24 24 5.043385
1740 288 108 24 24 3.377490
1740 288 114 24 24 1.146497
1740 294 96 24 24 0.573980
1740 294 102 24 24 4.257742
1740 294 108 24 24 3.330102
1740 294 114 24 24 1.548530
1740 300 108 24 24 3.006092
1740 300 114 24 24 2.146983
1740 306 108 24 24 0.486164
1740 384 96 24 24 0.214265
1740 384 108 24 24 1.983352
1740 384 114 24 24 1.812388
1740 390 108 24 24 1.339234
1740 390 114 24 24 2.603542
1740 480 84 24 24 1.798753
1740 498 12 24 24 3.293841
1740 498 18 24 24 5.127485
1770 0 0 64 64 0.896355
1770 32 0 64 64 0.414279
1770 0 36 48 48 2.746064
1770 12 24 48 48 0.185906
1770 12 36 48 48 4.610065
1770 24 24 48 48 2.080385
1770 24 36 48 48 4.628853
1770 36 36 48 48 1.595160
1770 420 36 48 48 0.299588
1770 0 36 48 48 2.746064
1770 12 24 48 48 0.185906
1770 12 36 48 48 4.610065
1770 24 24 48 48 2.080385
1770 24 36 48 48 4.628853
1770 36 36 48 48 1.595160
1770 420 36 48 48 0.299588
1770 33 33 44 44 0.054466
1770 459 162 36 36 0.366211
1770 459 171 36 36 4.294941
1770 0 98 28 28 4.805809
1770 7 98 28 28 1.577332
1770 119 98 28 28 0.071010
1770 357 98 28 28 2.202909
1770 448 119 28 28 0.747845
1770 0 108 24 24 2.253667
1770 0 114 24 24 4.989086
1770 6 108 24 24 5.131048
1770 6 114 24 24 3.013060
1770 12 108 24 24 2.464295
1770 12 114 24 24 3.069518
1770 18 114 24 24 0.513568
1770 132 114 24 24 0.117158
1770 288 96 24 24 1.865855
1770 288 102 24 24 0.881148
1770 294 96 24 24 1.546097
1770 300 96 24 24 0.057363
1770 300 102 24 24 2.991351
1770 306 96 24 24 0.772501
1770 306 102 24 24 4.832343
1770 384 102 24 24 2.523339
1770 384 108 24 24 4.027740
1770 384 114 24 24 3.642490
1770 390 102 24 24 1.714222
1770 480 210 24 24 0.673574
1770 492 210 24 24 0.626843
1800 264 12 48 48 2.266782
1800 288 12 48 48 1.411571
1800 384 12 48 48 0.114601
1800 264 12 48 48 2.266782
1800 288 12 48 48 1.411571
1800 384 12 48 48 0.114601
1800 363 22 44 44 1.370620
1800 363 33 44 44 1.203459
1800 385 33 44 44 0.035175
1800 350 20 40 40 0.654386
1800 432 126 36 36 1.535493
1800 0 98 28 28 1.664408
1800 112 98 28 28 0.266884
1800 126 98 28 28 2.146873
1800 0 102 24 24 2.726733
1800 0 108 24 24 6.177593
1800 6 102 24 24 3.632526
1800 6 108 24 24 3.514855
1800 12 96 24 24 1.309261
1800 132 96 24 24 0.311282
1800 132 102 24 24 1.784356
1800 132 108 24 24 1.039078
1800 144 96 24 24 0.435975
1800 192 18 24 24 3.004416
1800 198 18 24 24 3.712330
1800 204 18 24 24 2.380353
1800 288 84 24 24 4.488293
1800 288 96 24 24 0.210267
1800 294 84 24 24 1.500413
1800 300 84 24 24 0.147419
1800 384 96 24 24 1.833950
1800 402 96 24 24 3.146393
1800 402 102 24 24 0.567505
1800 480 96 24 24 2.812437
1800 486 96 24 24 1.012208
1800 492 96 24 24 2.673080
1830 36 24 48 48 0.147569
1830 36 36 48 48 1.057070
1830 36 24 48 48 0.147569
1830 36 36 48 48 1.057070
1830 374 22 44 44 0.026439
1830 374 33 44 44 1.866972
1830 385 33 44 44 1.255986
1830 154 98 28 28 0.084185
1830 168 112 28 28 3.591160
1830 132 96 24 24 2.859369
1830 132 102 24 24 0.392754
1830 192 0 24 24 1.648988
1830 192 6 24 24 4.089552
1830 192 108 24 24 0.337048
1830 192 114 24 24 0.455153
1830 198 0 24 24 0.401475
1830 198 6 24 24 2.798189
1830 204 6 24 24 0.141618
1830 396 96 24 24 0.553119
1830 402 96 24 24 0.074204
