30 126 119 28 28 4.739703
60 112 126 28 28 4.559617
90 441 153 36 36 0.918593
120 336 133 28 28 1.113216
150 16 16 64 64 3.975749
180 408 24 32 32 3.370377
210 441 162 36 36 4.651049
240 392 128 32 32 3.258484
270 384 136 32 32 2.170559
300 486 204 24 24 0.948041
360 0 133 28 28 0.984628
390 168 126 28 28 4.005954
420 168 126 28 28 3.186980
450 168 126 28 28 3.209689
510 154 126 28 28 1.812086
540 126 133 28 28 1.591328
570 112 133 28 28 3.210807
600 343 126 28 28 3.357095
630 352 16 64 64 2.522328
660 352 32 64 64 3.782629
750 0 114 24 24 3.531233
780 352 48 64 64 3.174720
810 144 153 36 36 2.788970
840 0 128 32 32 1.296392
870 288 32 64 64 1.661481
900 343 133 28 28 2.660438
930 288 32 64 64 1.773918
960 357 133 28 28 4.519007
990 392 128 32 32 3.287062
1020 350 133 28 28 2.410526
1140 0 210 24 24 3.151539
1170 27 144 36 36 4.451360
1200 0 136 32 32 9.027465
1230 126 119 28 28 4.304564
1260 126 119 28 28 5.842053
1290 32 48 64 64 4.403876
1320 48 48 64 64 1.760411
1350 108 108 24 24 8.447520
1380 102 108 24 24 2.400351
1410 432 126 36 36 3.655839
1440 136 136 32 32 5.554801
1470 384 128 32 32 2.131391
1500 352 32 64 64 3.200029
1530 357 7 28 28 1.303465
1560 402 12 24 24 0.569460
1590 0 187 44 44 5.140419
1620 96 210 24 24 3.032541
1650 448 126 28 28 1.408172
1680 144 192 24 24 1.668485
1710 192 144 32 32 2.553285
1740 132 198 24 24 2.928921
1800 154 126 28 28 1.472132
1830 30 190 40 40 2.183983
