30 12 108 24 24 7.381253
60 192 24 48 48 5.551466
90 455 119 28 28 9.985489
120 242 33 44 44 7.379118
150 18 84 24 24 6.467211
180 306 102 24 24 7.855683
210 198 108 24 24 5.280356
240 288 12 48 48 6.952971
270 450 27 36 36 8.040990
300 168 98 28 28 5.262022
330 300 114 24 24 4.598875
360 288 0 64 64 4.983874
390 300 96 24 24 5.545709
420 486 114 24 24 4.832915
450 396 24 48 48 6.895481
480 153 27 36 36 6.999681
510 8 112 32 32 6.231504
540 264 0 48 48 9.210875
570 352 22 44 44 6.100560
600 264 0 48 48 8.736164
630 402 12 24 24 8.127320
660 0 0 64 64 6.562881
690 96 114 24 24 7.014762
720 396 84 24 24 6.182979
750 396 12 48 48 4.496329
780 396 96 24 24 8.439638
810 36 0 48 48 5.994052
840 498 102 24 24 6.484634
870 357 98 28 28 8.196377
900 420 24 48 48 4.620399
930 288 0 64 64 6.739189
960 272 32 64 64 5.729720
990 288 16 64 64 7.258588
1020 144 144 32 32 6.948582
1050 288 32 64 64 5.450459
1080 272 16 64 64 5.837893
1110 144 152 32 32 7.035061
1140 144 152 32 32 8.173114
1170 408 136 32 32 6.868571
1200 144 152 32 32 8.691635
1230 144 152 32 32 6.400035
1260 408 136 32 32 7.125297
1290 144 152 32 32 5.999338
1320 288 32 64 64 6.529976
1350 144 152 32 32 6.927498
1380 408 136 32 32 7.389353
1410 408 136 32 32 7.120372
1440 144 152 32 32 7.932343
1470 408 136 32 32 6.768993
1500 272 32 64 64 7.365634
1530 392 144 32 32 6.518658
1560 352 32 64 64 6.851006
1590 272 48 64 64 7.855921
1620 96 210 24 24 6.616028
1650 24 0 48 48 5.536914
1680 144 152 32 32 6.441492
1710 280 128 32 32 4.753204
1740 112 7 28 28 6.186196
