30 176 209 44 44 2.762823
60 96 0 24 24 2.912379
90 132 198 24 24 2.000716
120 132 204 24 24 0.039773
150 132 210 24 24 1.416221
180 18 108 24 24 1.499479
210 132 210 24 24 0.625100
240 136 152 32 32 1.378105
270 108 0 24 24 1.007029
300 102 0 24 24 2.137761
330 108 0 24 24 2.685431
360 108 0 24 24 1.737246
390 108 0 24 24 1.389529
420 108 0 24 24 1.138844
450 108 0 24 24 2.126876
480 108 0 24 24 1.404158
510 108 0 24 24 1.235323
540 132 210 24 24 0.988483
570 132 210 24 24 0.994698
600 132 210 24 24 0.825633
630 108 0 24 24 2.343289
660 102 0 24 24 1.103106
690 102 0 24 24 1.953225
720 108 0 24 24 1.533039
750 108 0 24 24 2.255784
780 108 0 24 24 0.780368
810 108 0 24 24 1.039731
840 154 224 28 28 0.661216
870 154 224 28 28 1.269115
900 154 224 28 28 0.690948
930 108 0 24 24 1.828699
960 168 224 28 28 0.835166
990 108 0 24 24 1.116366
1020 108 0 24 24 1.659463
1050 154 224 28 28 0.793162
1080 102 0 24 24 2.343623
1110 102 0 24 24 1.558307
1140 102 0 24 24 2.650637
1170 108 0 24 24 2.085250
1200 108 0 24 24 2.378798
1230 102 0 24 24 3.192419
1260 154 224 28 28 4.205986
1290 21 98 28 28 1.827343
1320 162 297 36 36 1.871377
1350 162 297 36 36 1.194923
1380 16 112 32 32 0.353199
1410 96 6 24 24 1.348294
1440 96 0 24 24 2.477435
1470 96 0 24 24 2.760396
1500 14 231 28 28 7.329081
1530 22 154 44 44 4.503003
1560 108 210 24 24 4.672758
1590 7 231 28 28 4.560831
1620 21 245 28 28 5.255338
1650 7 0 28 28 2.851073
1680 198 171 36 36 6.187943
1710 198 114 24 24 6.935925
1740 192 108 24 24 5.747973
1770 352 176 44 44 7.468435
1800 350 170 40 40 5.374686
1830 420 204 48 48 8.158035
