30 119 126 28 28 8.565845
60 119 126 28 28 9.141155
90 119 126 28 28 8.876584
120 126 126 28 28 8.878006
150 119 133 28 28 7.847545
180 136 112 32 32 7.356602
210 144 128 32 32 6.356320
240 469 126 28 28 4.124797
270 176 112 32 32 4.275864
300 392 152 32 32 4.908525
330 400 152 32 32 5.586458
360 136 136 32 32 8.387364
390 154 119 28 28 8.280428
420 480 204 24 24 7.378327
450 400 152 32 32 6.772924
480 402 192 24 24 5.118322
510 384 136 32 32 4.255496
540 16 136 32 32 4.971852
570 216 153 36 36 2.152649
600 455 119 28 28 4.046009
630 384 144 32 32 3.974721
660 455 224 28 28 3.682783
690 486 204 24 24 6.524374
720 469 112 28 28 7.883037
750 0 140 40 40 4.132997
780 216 126 36 36 4.073912
810 96 108 24 24 4.027016
840 390 108 24 24 3.759068
870 357 133 28 28 6.066355
900 102 108 24 24 7.507262
930 462 98 28 28 8.928061
960 336 98 28 28 6.408916
990 343 112 28 28 8.278488
1020 350 119 28 28 7.780923
1050 21 133 28 28 4.569832
1080 350 133 28 28 9.145845
1110 350 133 28 28 4.730917
1140 350 133 28 28 8.658921
1170 126 133 28 28 3.561084
1200 16 272 32 32 6.227600
1230 0 16 64 64 6.735505
1260 343 126 28 28 4.292276
1290 336 119 28 28 7.831440
1320 450 153 36 36 5.879136
1350 14 126 28 28 4.525787
1380 14 112 28 28 8.813017
1410 306 114 24 24 9.983124
1440 306 102 24 24 7.287741
1470 238 112 28 28 5.341056
1500 492 102 24 24 5.685003
1530 352 33 44 44 9.706409
1560 352 33 44 44 7.249237
1590 363 33 44 44 7.096807
1620 385 33 44 44 6.540583
1650 420 24 48 48 7.871734
1680 350 98 28 28 8.697882
1710 420 24 48 48 5.103576
1740 7 224 28 28 4.247714
1770 18 84 24 24 4.584990
1800 396 114 24 24 9.834288
1830 390 102 24 24 7.252810
