30 96 12 24 24 7.945946
60 96 12 24 24 7.860542
90 96 12 24 24 6.634487
120 96 12 24 24 7.677528
150 96 12 24 24 7.443382
180 96 12 24 24 6.912409
210 96 12 24 24 6.804791
240 96 12 24 24 7.119714
270 96 12 24 24 7.080316
300 96 12 24 24 6.526074
330 96 12 24 24 7.137504
360 96 12 24 24 7.782469
390 96 12 24 24 7.027370
420 96 12 24 24 7.374496
450 96 12 24 24 8.577807
480 96 12 24 24 7.969637
510 96 12 24 24 7.743124
540 96 12 24 24 7.980249
570 96 12 24 24 7.255820
600 96 12 24 24 7.985137
630 96 12 24 24 7.620312
660 96 12 24 24 7.867051
690 96 18 24 24 5.905975
720 486 114 24 24 4.298614
750 198 12 24 24 3.108987
780 486 12 24 24 9.536924
810 492 0 24 24 6.168516
840 198 6 24 24 1.286503
870 306 114 24 24 3.029428
900 300 114 24 24 9.607165
930 455 119 28 28 6.941777
960 498 192 24 24 4.722761
990 280 136 32 32 6.470201
1020 176 144 32 32 3.746418
1050 384 84 24 24 7.226353
1080 128 152 32 32 6.462698
1110 16 144 32 32 7.487593
1140 498 192 24 24 8.715727
1170 176 144 32 32 6.799874
1200 400 136 32 32 6.603398
1230 357 21 28 28 6.806121
1260 357 14 28 28 8.502131
1290 357 7 28 28 9.437338
1320 357 14 28 28 9.157044
1350 350 7 28 28 9.269026
1380 350 7 28 28 9.982253
1410 396 18 24 24 7.790913
1440 357 7 28 28 9.997817
1470 357 7 28 28 9.935900
1500 350 14 28 28 8.838697
1530 350 7 28 28 9.818779
1560 350 7 28 28 9.077046
1590 343 14 28 28 8.476888
1620 357 14 28 28 9.925343
1650 350 14 28 28 7.752095
1680 350 7 28 28 8.206508
1710 498 108 24 24 8.574676
1740 384 12 24 24 7.878009
1770 0 48 64 64 7.426467
1800 432 144 36 36 9.600188
1830 396 192 24 24 5.543928
1860 448 112 28 28 6.901540
1890 0 112 28 28 7.418956
1920 462 98 28 28 4.898567
1950 450 9 36 36 5.702797
