30 6 192 24 24 4.305468
60 6 192 24 24 4.290784
90 450 144 36 36 4.166107
120 450 144 36 36 3.312156
150 245 98 28 28 4.677021
180 336 126 28 28 3.762325
210 462 112 28 28 4.930034
240 352 154 44 44 6.001852
270 192 108 24 24 8.514892
300 198 102 24 24 6.789530
330 448 133 28 28 5.713696
360 12 96 24 24 7.242812
390 18 96 24 24 6.107055
420 198 126 36 36 7.593013
450 455 98 28 28 5.479108
480 343 119 28 28 3.268063
510 390 204 24 24 4.925960
540 320 140 40 40 5.623965
570 297 144 36 36 6.569852
600 280 152 32 32 6.201813
630 400 128 32 32 9.626047
660 384 136 32 32 5.687309
690 340 140 40 40 4.082572
720 340 140 40 40 8.132119
750 357 133 28 28 5.573272
780 357 133 28 28 6.908635
810 272 136 32 32 7.069953
840 231 133 28 28 7.007966
870 400 152 32 32 6.555183
900 402 114 24 24 4.295918
930 315 126 36 36 4.104701
960 315 126 36 36 5.553598
990 385 154 44 44 4.952035
1020 385 154 44 44 5.380217
1050 492 96 24 24 8.174459
1080 0 0 48 48 7.823462
1110 0 0 48 48 7.409266
1140 11 11 44 44 8.916177
1170 11 11 44 44 8.224764
1200 11 22 44 44 8.157914
1230 11 22 44 44 8.734586
1260 11 22 44 44 8.536586
1290 0 24 48 48 5.406181
1320 256 8 32 32 5.398664
1350 340 160 40 40 5.905851
1380 231 0 28 28 5.703596
1410 12 12 48 48 7.042999
1440 24 12 48 48 7.252107
1470 33 22 44 44 8.582154
1500 24 12 48 48 8.757042
1530 33 22 44 44 9.243578
1560 33 22 44 44 9.179379
1590 33 22 44 44 9.135314
1620 33 22 44 44 9.075457
1650 33 22 44 44 8.794729
1680 33 22 44 44 9.179104
1710 33 22 44 44 8.974206
1740 24 12 48 48 8.089053
1770 24 12 48 48 6.991554
1800 306 18 24 24 5.350575
1830 33 22 44 44 6.529773
