30 352 32 64 64 5.315759
60 6 114 24 24 7.875430
90 0 114 24 24 8.908708
120 384 112 32 32 4.628022
150 363 33 44 44 3.979920
180 297 153 36 36 5.487259
210 455 21 28 28 5.980721
240 469 133 28 28 4.457607
270 357 126 28 28 7.228871
300 400 112 32 32 5.563552
330 352 0 64 64 7.121292
360 352 16 64 64 3.985245
390 392 112 32 32 6.072399
420 132 114 24 24 6.479158
450 384 112 32 32 5.605694
480 352 16 64 64 5.935500
510 392 112 32 32 7.992043
540 384 112 32 32 7.483204
570 352 16 64 64 4.873487
600 306 144 36 36 5.572258
630 12 96 24 24 7.320169
660 0 102 24 24 5.854542
690 408 136 32 32 8.298374
720 462 112 28 28 6.208591
750 350 126 28 28 5.712570
780 16 128 32 32 8.341734
810 8 128 32 32 5.158271
840 8 128 32 32 5.758117
870 128 112 32 32 5.001040
900 0 128 32 32 4.938503
930 136 112 32 32 5.595378
960 264 0 44 44 3.289301
990 448 126 28 28 4.356862
1020 272 256 32 32 4.396194
1050 374 154 44 44 4.993361
1080 128 152 32 32 3.964483
1110 176 112 32 32 6.368020
1140 136 144 32 32 7.618654
1170 136 144 32 32 6.773105
1200 176 112 32 32 4.719243
1230 128 152 32 32 3.263904
1260 48 32 64 64 5.177750
1290 48 32 64 64 4.302175
1320 48 32 64 64 5.056238
1350 384 192 24 24 4.543392
1380 176 112 32 32 5.954076
1410 144 198 24 24 4.996799
1440 374 154 44 44 3.677356
1470 162 153 36 36 2.093037
1500 420 168 48 48 4.984208
1530 498 210 24 24 6.278719
1560 469 133 28 28 6.146709
1590 469 133 28 28 3.792183
1620 288 48 64 64 4.644496
1650 390 198 24 24 9.230810
1680 288 48 64 64 4.702182
1710 396 168 48 48 5.224743
1740 384 204 24 24 6.817418
1770 288 48 64 64 4.283221
1800 385 154 44 44 3.243989
1830 384 198 24 24 5.970765
