30 352 0 64 64 7.993219
60 288 0 64 64 5.353159
90 432 144 36 36 4.837681
120 0 133 28 28 4.664068
150 448 133 28 28 4.278031
180 0 32 64 64 4.141312
210 336 112 28 28 4.260833
240 400 152 32 32 7.565220
270 455 119 28 28 6.924628
300 224 119 28 28 6.213849
330 231 119 28 28 4.405993
360 231 119 28 28 4.679154
390 384 128 32 32 5.447915
420 352 32 64 64 6.428254
450 21 133 28 28 6.152174
480 0 128 32 32 6.878907
510 432 18 36 36 5.081527
540 392 24 32 32 5.005227
570 498 18 24 24 2.284269
600 112 126 28 28 4.570751
630 16 16 64 64 6.184409
660 0 16 64 64 3.963298
690 498 0 24 24 3.807553
720 7 126 28 28 5.377229
750 0 112 28 28 6.653432
780 36 36 48 48 4.002614
810 272 0 64 64 3.945915
840 112 112 28 28 4.121475
870 352 16 64 64 4.209761
900 112 119 28 28 3.388810
930 350 98 28 28 7.447708
960 357 112 28 28 6.408699
990 357 112 28 28 6.634080
1020 396 108 24 24 5.856024
1050 357 112 28 28 6.874987
1080 357 112 28 28 7.040288
1110 357 119 28 28 7.109191
1140 357 119 28 28 7.845956
1170 357 119 28 28 7.457013
1200 357 119 28 28 7.122975
1230 357 112 28 28 6.430913
1260 357 119 28 28 8.015174
1290 357 126 28 28 7.134285
1320 357 133 28 28 6.753332
1350 392 136 32 32 6.034396
1380 384 112 32 32 8.559890
1410 392 128 32 32 7.754017
1440 408 144 32 32 6.493330
1470 12 18 24 24 5.481230
1500 352 48 64 64 8.709562
1530 0 18 24 24 7.683329
1560 0 12 24 24 5.369424
1590 0 18 24 24 9.701201
1620 384 136 32 32 7.810534
1650 462 133 28 28 6.819512
1680 432 126 36 36 7.372516
1710 24 144 32 32 6.547996
1740 16 144 32 32 5.002273
1770 455 0 28 28 5.115956
