30 132 114 24 24 5.371899
60 132 108 24 24 7.908398
90 224 126 28 28 6.202415
120 198 126 36 36 3.441448
150 408 136 32 32 5.424680
180 384 114 24 24 7.210177
210 441 126 36 36 7.590105
240 210 18 24 24 5.543786
270 408 136 32 32 7.228292
300 384 112 32 32 5.217918
330 498 192 24 24 5.045560
360 492 18 24 24 5.931661
390 48 16 64 64 8.023899
420 48 0 64 64 9.682548
450 280 16 32 32 7.136865
480 288 18 24 24 9.134700
510 16 0 64 64 5.236803
540 486 114 24 24 6.282496
570 350 133 28 28 8.373058
600 385 22 44 44 9.323524
630 441 126 36 36 4.941127
660 459 18 36 36 2.450255
690 384 108 24 24 9.082429
720 469 112 28 28 4.667629
750 162 144 36 36 4.285137
780 402 18 24 24 7.383720
810 385 0 44 44 5.250618
840 352 16 64 64 4.952555
870 455 133 28 28 7.757302
900 216 144 36 36 5.365489
930 16 32 64 64 5.297673
960 384 152 32 32 5.295793
990 192 152 32 32 5.203301
1020 462 119 28 28 6.513547
1050 343 21 28 28 7.359955
1080 462 126 28 28 6.743113
1110 192 144 32 32 5.281738
1140 315 126 36 36 5.692618
1170 192 144 32 32 8.092409
1200 238 133 28 28 9.287464
1230 231 133 28 28 9.952043
1260 231 133 28 28 8.748316
1290 245 133 28 28 9.566801
1320 192 112 32 32 8.665958
1350 238 126 28 28 9.235591
1380 245 133 28 28 6.206519
1410 469 133 28 28 8.132115
1440 264 112 32 32 7.177922
1470 462 133 28 28 5.662756
1500 36 0 48 48 7.940631
1530 33 154 44 44 5.582606
1560 33 154 44 44 8.019316
1590 33 154 44 44 6.473261
1620 0 14 28 28 9.717319
1650 187 22 44 44 7.279953
1680 176 22 44 44 9.153078
1710 187 22 44 44 7.484947
1740 0 144 32 32 5.668958
1770 400 136 32 32 8.240915
1800 448 112 28 28 7.780195
1830 0 136 32 32 6.767960
