30 390 96 24 24 5.843667
60 352 33 44 44 8.515141
90 374 11 44 44 8.206289
120 408 8 32 32 6.289432
150 402 6 24 24 4.379903
180 396 192 24 24 2.686423
210 340 140 40 40 3.940066
240 132 114 24 24 5.176106
270 108 114 24 24 4.494797
300 384 152 32 32 7.420903
330 288 32 64 64 6.380387
360 384 152 32 32 4.989085
390 245 126 28 28 6.716734
420 231 119 28 28 5.668626
450 384 24 48 48 7.341961
480 154 98 28 28 7.261918
510 224 126 28 28 5.309392
540 32 32 64 64 5.306087
570 108 102 24 24 4.293747
600 486 102 24 24 5.517101
630 357 119 28 28 5.058144
660 480 114 24 24 6.669355
690 0 18 36 36 4.186377
720 343 112 28 28 7.245949
750 294 114 24 24 8.297008
780 300 108 24 24 9.962559
810 7 126 28 28 4.961709
840 350 112 28 28 9.707523
870 14 112 28 28 7.531327
900 357 133 28 28 7.898368
930 420 36 48 48 6.061978
960 0 126 28 28 4.120957
990 256 32 64 64 2.987651
1020 272 32 64 64 4.823351
1050 288 32 64 64 5.609894
1080 336 98 28 28 5.043652
1110 450 9 36 36 4.572306
1140 119 126 28 28 7.007026
1170 112 133 28 28 8.038879
1200 402 192 24 24 3.679880
1230 16 112 32 32 3.875031
1260 204 114 24 24 9.554279
1290 192 114 24 24 4.988672
1320 10 190 40 40 6.699511
1350 448 224 28 28 5.147498
1380 96 210 24 24 4.557171
1410 448 133 28 28 5.285681
1440 396 102 24 24 7.564609
1470 402 102 24 24 7.484877
1500 396 108 24 24 5.999794
1530 469 133 28 28 7.236533
1560 288 96 24 24 6.212977
1590 402 108 24 24 5.142371
1620 294 96 24 24 6.112588
1650 300 96 24 24 6.597713
1680 306 96 24 24 3.902748
1710 306 96 24 24 5.067758
1740 306 96 24 24 5.387971
1770 306 102 24 24 5.052834
1800 306 102 24 24 6.789824
1830 306 108 24 24 7.234033
