30 357 126 28 28 5.762793
60 357 133 28 28 4.211086
90 408 112 32 32 6.972588
120 264 0 32 32 8.544125
150 300 0 24 24 4.038559
180 126 133 28 28 5.258528
210 16 136 32 32 3.742727
240 18 108 24 24 4.546213
270 357 126 28 28 1.183428
300 402 114 24 24 1.549147
330 357 119 28 28 6.150287
360 384 112 32 32 7.249929
390 420 36 48 48 2.906222
420 486 114 24 24 2.785978
450 469 98 28 28 5.681961
480 336 126 28 28 2.839756
510 392 136 32 32 5.806166
540 384 144 32 32 9.839350
570 96 114 24 24 2.083578
600 350 140 40 40 6.052908
630 480 210 24 24 9.286832
660 459 126 36 36 5.803839
690 343 133 28 28 4.356173
720 384 144 32 32 7.717568
750 126 119 28 28 7.137126
780 112 112 28 28 6.590066
810 400 152 32 32 7.418106
840 330 140 40 40 5.752280
870 384 152 32 32 2.817591
900 469 126 28 28 2.340626
930 297 9 36 36 7.425836
960 384 152 32 32 7.714012
990 350 112 28 28 5.223909
1020 385 154 44 44 5.035236
1050 112 133 28 28 4.823400
1080 112 126 28 28 3.469238
1110 192 210 24 24 4.531872
1140 384 112 32 32 2.114992
1170 0 136 32 32 4.550670
1200 12 84 24 24 5.060848
1230 8 24 32 32 3.737691
1260 136 128 32 32 1.914251
1290 0 128 32 32 2.630480
1320 396 192 24 24 9.267148
1350 402 198 24 24 7.056454
1380 363 154 44 44 3.790370
1410 288 102 24 24 5.631932
1440 384 112 32 32 5.954943
1470 352 32 64 64 6.558085
1500 448 14 28 28 7.671100
1530 459 126 36 36 5.167533
1560 336 119 28 28 6.220117
1590 384 112 32 32 4.981262
1620 14 126 28 28 2.404127
1650 128 112 32 32 3.340357
1680 154 133 28 28 5.780777
1710 402 18 24 24 9.582664
1740 154 133 28 28 4.620047
1770 462 119 28 28 7.336692
1800 288 18 24 24 3.870320
1830 0 126 36 36 2.916830
