30 16 12 24 24 8.728504
60 160 2 36 36 5.454346
90 3 5 64 64 7.849251
120 392 129 32 32 9.296235
150 231 133 28 28 8.182153
180 404 152 32 32 8.695357
210 295 125 35 35 5.691594
240 390 192 24 24 9.805023
270 14 128 29 29 8.098146
300 376 33 43 43 9.644742
330 133 112 32 32 9.934042
360 384 173 45 45 6.200326
390 343 133 28 28 2.766873
420 288 16 64 64 4.591491
450 271 140 32 32 8.458565
480 285 31 64 64 8.636192
510 271 0 64 64 9.808016
540 275 112 32 32 7.846320
570 385 36 47 47 6.443760
600 285 18 59 59 9.095295
630 453 114 28 28 9.501754
660 466 114 28 28 9.967374
690 350 159 41 41 7.725775
720 454 112 28 28 9.768989
750 339 111 28 28 5.059967
780 339 112 28 28 6.395352
810 368 176 44 44 5.229292
840 385 9 30 30 8.022431
870 371 178 44 44 8.096773
900 198 15 24 24 8.054556
930 220 128 31 31 7.828938
960 270 29 64 64 9.619164
990 404 128 32 32 8.606945
1020 283 112 28 28 8.397304
1050 289 126 35 35 9.038498
1080 259 35 64 64 6.796271
1110 341 127 28 28 8.929809
1140 408 148 32 32 9.656247
1170 301 126 36 36 9.036720
1200 341 118 27 27 9.701844
1230 7 123 28 28 7.271601
1260 292 107 24 24 8.699807
1290 304 114 24 24 4.875448
1320 241 0 27 27 9.283111
1350 390 130 32 32 8.436308
1380 396 15 24 24 9.033453
1410 16 97 24 24 6.215413
1440 415 32 48 48 13.844024
1470 401 108 24 24 7.055272
1500 0 104 24 24 7.474143
1530 464 243 28 28 8.305960
1560 152 147 36 36 7.994914
1590 161 153 36 36 4.159716
1620 119 127 27 27 8.306921
1650 297 96 24 24 4.066681
1680 4 128 32 32 7.320813
1710 101 206 23 23 5.733574
