30 448 125 27 27 8.139893
60 355 114 28 28 8.681199
90 3 131 33 33 8.431339
120 292 96 24 24 2.705647
180 35 16 47 47 7.627821
210 298 169 35 35 8.906025
240 96 108 24 24 9.366309
270 119 98 28 28 2.104273
300 144 112 23 23 6.519964
330 15 126 28 28 8.629980
360 272 24 64 64 6.868424
390 122 126 27 27 9.494118
420 259 112 32 32 8.416602
450 267 112 32 32 7.556885
480 26 188 41 41 9.924035
510 276 112 32 32 6.062859
540 13 129 30 30 8.537916
570 480 210 23 23 2.925484
600 384 152 32 32 3.499056
630 432 171 36 36 2.112946
660 399 129 32 32 7.611574
690 123 131 27 27 6.296704
720 405 151 32 32 6.989620
750 24 127 35 35 7.012594
780 26 126 36 36 7.511541
810 0 16 64 64 3.680768
840 13 20 64 64 9.785188
870 120 133 28 28 9.039680
900 15 16 64 64 8.232566
930 168 115 28 28 6.991492
960 469 234 28 28 6.081670
990 0 144 32 32 4.566450
1020 4 127 33 33 5.650052
1050 1 130 32 32 8.443061
1080 112 130 28 28 8.521140
1110 1 130 28 28 7.589340
1140 399 192 24 24 7.549053
1170 7 32 64 64 5.036506
1200 114 112 28 28 5.417206
1230 15 133 32 32 45.257725
1260 337 121 28 28 9.870071
1290 264 128 32 32 5.408473
1320 388 14 24 24 7.061383
1350 154 129 28 28 6.771350
1380 168 128 28 28 7.204201
1410 15 112 32 32 9.550542
1440 120 131 28 28 6.501626
1470 134 130 32 32 8.774921
1500 175 131 32 32 7.224863
1530 395 112 32 32 8.597585
1560 276 136 32 32 8.563814
1590 395 112 32 32 8.304446
1620 337 128 27 27 7.362438
1650 395 112 32 32 8.761665
1680 395 112 32 32 8.116360
1710 316 143 37 37 6.607365
1740 316 144 37 37 7.555208
1770 336 129 28 28 6.024992
1800 337 131 28 28 5.706626
1830 337 128 28 28 9.878421
1860 294 126 36 36 9.965679
1890 342 131 28 28 22.073784
1920 337 128 28 28 21.205804
1950 350 130 28 28 6.926705
