30 168 127 28 28 8.532496
60 357 130 28 28 6.509668
90 17 127 32 32 9.262954
120 392 112 32 32 8.567048
150 400 112 32 32 6.883033
180 408 112 32 32 7.195138
210 465 125 27 27 8.390346
240 47 21 64 64 9.481423
270 335 116 28 28 4.383898
300 32 23 64 64 8.838852
330 356 130 28 28 4.862297
360 13 47 64 64 9.241793
390 273 7 32 32 7.781783
420 14 12 64 64 25.697780
450 458 132 28 28 8.706661
480 192 136 32 32 1.720715
510 437 153 36 36 3.749342
540 259 144 32 32 5.402891
570 432 171 36 36 0.233547
600 0 48 64 64 0.914836
630 294 126 36 36 5.680172
660 288 126 36 36 3.523468
690 257 135 32 32 5.756685
720 315 126 36 36 4.361194
750 310 125 35 35 8.572254
780 112 129 28 28 6.335333
810 406 151 32 32 9.911311
840 14 136 32 32 5.636120
870 407 132 32 32 4.848446
900 20 129 30 30 8.081306
930 288 12 64 64 9.519073
960 352 12 64 64 8.036035
990 339 112 27 27 8.750293
1020 357 122 28 28 7.450266
1050 339 112 28 28 5.140834
1080 352 36 64 64 6.073264
1110 357 122 28 28 4.650993
1140 459 144 36 36 4.331747
1170 6 131 28 28 4.360981
1200 263 140 32 32 6.257239
1230 168 122 28 28 8.832845
1260 168 130 28 28 6.580263
1290 154 132 28 28 6.358124
1320 454 144 36 36 8.851688
1350 135 128 32 32 9.261347
1380 243 132 28 28 9.396897
1410 258 28 64 64 8.782374
1440 299 125 35 35 8.583071
1470 401 15 24 24 8.484582
1500 292 83 23 23 4.693289
1530 329 25 40 40 7.457895
1560 286 126 34 34 9.755231
1590 394 136 32 32 9.441723
1620 346 133 28 28 7.090369
1650 229 123 28 28 9.457611
1680 278 112 32 32 5.158949
1710 340 127 28 28 8.397377
1740 351 42 64 64 7.522052
1770 137 112 32 32 3.953928
1800 15 192 24 24 6.383729
1830 408 112 32 32 2.662509
