30 463 133 27 27 8.852240
60 390 128 32 32 8.527046
90 24 135 32 32 4.838051
120 385 137 32 32 20.825763
150 111 130 27 27 8.309148
180 466 125 28 28 8.085401
210 338 131 27 27 8.755866
240 343 129 28 28 8.827290
270 115 133 28 28 3.188383
300 399 144 32 32 3.995590
330 390 112 32 32 5.837880
360 284 21 64 64 9.159573
390 389 138 32 32 8.310188
420 464 121 27 27 7.269663
450 392 130 32 32 5.740424
480 456 161 35 35 8.878546
510 288 4 64 64 9.170352
540 16 131 33 33 9.314808
570 192 192 47 47 4.283093
600 112 133 28 28 4.844000
630 404 144 32 32 7.342984
660 404 128 32 32 5.850651
690 405 128 32 32 5.597214
720 454 126 35 35 8.788667
750 405 150 32 32 9.470618
780 406 130 32 32 8.212165
810 338 133 27 27 8.024713
840 264 195 45 45 2.409830
870 12 233 28 28 9.899576
900 444 125 35 35 9.580967
930 404 144 32 32 9.271822
960 338 132 28 28 9.466861
990 455 127 34 34 9.949405
1020 455 127 33 33 9.454305
1050 455 127 34 34 9.959782
1080 406 140 32 32 8.296670
1110 454 126 36 36 6.087568
1140 1 193 23 23 6.034167
1170 455 129 32 32 9.941080
1200 2 95 24 24 7.623441
1230 99 204 24 24 8.243205
1260 256 37 64 64 3.653685
1290 113 132 27 27 5.051098
1320 446 0 36 36 9.978471
1350 282 29 64 64 8.741403
1380 465 132 28 28 9.926907
1410 20 112 31 31 8.954355
1440 465 97 27 27 6.153366
1470 451 98 28 28 8.931739
1500 153 115 27 27 8.263922
1530 25 4 38 38 9.284302
1560 378 0 43 43 7.652842
1590 293 27 36 36 6.512644
1620 176 112 32 32 2.223680
1650 435 152 36 36 9.257943
1680 288 113 24 24 2.572797
1710 276 47 64 64 4.094996
1740 235 125 27 27 4.393548
1770 387 137 32 32 9.987578
1800 350 133 28 28 8.903697
1830 280 127 33 33 7.198688
