30 401 132 32 32 8.969140
60 451 98 28 28 9.054387
90 118 126 27 27 9.261975
120 17 130 30 30 9.924097
150 282 27 64 64 9.529721
180 338 125 28 28 8.731235
210 121 112 28 28 4.755466
240 382 29 45 45 7.719786
270 490 205 23 23 7.576154
300 303 202 24 24 9.821520
330 397 203 24 24 9.292716
360 368 153 43 43 7.519088
390 386 209 24 24 8.738659
420 386 84 24 24 9.318903
450 124 123 28 28 8.379182
480 387 1 47 47 9.939408
510 0 141 32 32 9.307622
540 389 17 24 24 6.607278
570 448 122 28 28 9.918165
600 484 96 24 24 9.255839
630 2 131 28 28 7.415801
660 224 116 27 27 4.826508
690 352 27 50 50 6.004483
720 393 112 28 28 7.823051
750 457 128 32 32 7.221999
780 384 4 32 32 8.899190
810 482 192 24 24 8.363224
840 290 18 23 23 7.005210
870 0 185 40 40 9.700913
900 176 131 32 32 9.796962
930 344 116 27 27 9.415568
960 459 149 35 35 8.871548
990 449 118 27 27 7.757123
1020 348 121 28 28 6.552812
1050 450 131 27 27 8.616943
1080 355 131 28 28 9.527052
1110 395 151 32 32 9.477731
1140 350 121 28 28 9.184771
1170 408 142 32 32 7.520562
1200 350 112 28 28 3.955774
1230 433 126 36 36 9.529377
1260 120 133 27 27 8.176365
1290 20 126 36 36 4.108223
1320 384 6 47 47 9.474130
1350 43 10 64 64 6.851470
1380 496 113 24 24 9.483253
1410 16 203 24 24 9.819370
1440 408 128 32 32 6.566336
1470 458 112 28 28 8.821724
1500 9 145 32 32 8.956849
1530 8 144 34 34 9.181454
1560 462 119 28 28 3.605112
1590 403 112 32 32 8.060058
1620 20 6 29 29 8.208129
1650 12 107 24 24 3.130080
1680 445 144 36 36 7.765013
1710 130 8 24 24 9.787536
1740 458 119 28 28 9.115658
1770 402 114 24 24 2.754184
1800 12 201 24 24 8.396370
1830 257 16 60 60 9.882678
