30 12 130 28 28 9.544381
60 280 32 64 64 9.758739
90 10 113 31 31 9.688351
120 265 128 32 32 8.394412
150 347 11 39 39 8.445033
180 280 32 64 64 9.918772
210 347 11 40 40 8.521057
240 456 8 27 27 9.591743
270 348 12 40 40 7.206883
300 347 10 40 40 9.059412
330 280 33 64 64 9.037075
360 14 126 28 28 9.691463
390 347 10 40 40 8.266506
420 453 8 28 28 7.720652
450 453 8 28 28 9.833884
480 194 209 23 23 8.343977
510 12 129 28 28 9.060909
540 346 7 40 40 5.255251
570 12 114 30 30 8.630324
600 280 32 64 64 9.412090
630 347 13 40 40 9.596668
660 268 128 32 32 5.928246
690 268 128 32 32 7.297691
720 400 131 32 32 9.956113
750 301 114 24 24 9.174624
780 291 126 36 36 4.940081
810 257 38 64 64 8.546734
840 288 35 48 48 9.211954
870 207 113 24 24 8.676166
900 489 96 24 24 8.255162
930 21 127 32 32 8.202052
960 408 3 32 32 7.460325
990 287 30 54 54 9.262867
1020 12 15 24 24 6.379194
1050 288 36 48 48 8.585964
1080 485 3 24 24 9.213694
1110 208 105 24 24 8.302783
1140 1 237 28 28 9.975485
1170 282 18 64 64 9.169136
1200 465 112 28 28 9.705481
1230 340 130 28 28 9.147361
1260 435 126 36 36 9.324891
1290 451 160 36 36 9.223820
1320 289 107 24 24 9.234561
1350 356 6 28 28 9.139312
1380 288 11 23 23 9.119454
1410 480 106 23 23 8.629086
1440 389 111 26 26 8.807572
1470 399 106 24 24 9.502442
1500 292 108 24 24 6.840976
1530 337 117 28 28 8.274780
1560 481 4 24 24 9.740620
1590 16 155 43 43 7.954977
1620 284 10 64 64 9.434691
1650 239 112 28 28 8.336415
1680 276 17 59 59 9.919187
1710 210 36 48 48 9.188718
1740 195 25 44 44 8.640730
1770 205 99 24 24 9.979545
1800 382 153 40 40 9.529905
1830 340 140 40 40 8.841538
