30 386 135 32 32 8.610544
60 224 129 27 27 9.001782
90 341 130 28 28 8.736715
120 305 144 36 36 4.615728
150 2 135 32 32 8.520140
180 216 148 36 36 8.235079
210 274 35 64 64 5.702912
240 439 146 35 35 7.172964
270 397 112 32 32 9.982412
300 168 129 28 28 8.867976
330 128 113 26 26 9.831211
360 484 84 24 24 4.654710
390 303 103 24 24 6.489957
420 192 107 24 24 8.985254
450 345 140 40 40 8.132447
480 458 98 28 28 8.085735
510 398 151 32 32 8.859024
540 121 245 28 28 9.275820
570 134 134 32 32 5.572001
600 347 133 28 28 4.468345
630 355 130 28 28 8.922106
660 351 127 27 27 9.476013
690 144 128 32 32 2.400364
720 402 110 24 24 5.193369
750 255 39 64 64 4.994942
780 454 125 35 35 7.973511
810 192 128 32 32 4.017208
840 338 131 28 28 7.214689
870 238 7 27 27 9.338524
900 406 149 32 32 8.004000
930 196 126 34 34 6.323230
960 256 29 64 64 9.819461
990 42 44 64 64 7.212918
1020 260 35 64 64 7.033961
1050 16 201 24 24 9.051225
1080 345 139 39 39 9.857590
1110 273 10 64 64 6.710701
1140 484 198 23 23 7.981499
1170 255 27 64 64 9.394495
1200 400 98 24 24 8.528102
1230 351 98 28 28 7.414403
1260 271 0 64 64 8.782188
1290 11 35 64 64 9.267544
1320 288 24 64 64 6.290535
1350 260 33 64 64 9.565982
1380 179 164 40 40 9.021489
1410 20 142 37 37 8.939186
1440 357 176 44 44 9.185289
1470 262 47 64 64 8.814540
1500 272 34 64 64 9.857267
1530 1 202 24 24 6.971315
1560 437 126 36 36 8.361852
1590 276 112 32 32 7.685689
1620 417 33 48 48 9.162978
1650 142 112 32 32 9.175719
1680 196 112 25 25 3.924135
