30 48 32 64 64 3.609598
30 48 48 64 64 2.511112
30 288 32 64 64 0.258546
30 220 10 40 40 0.507814
30 220 20 40 40 2.736909
30 288 144 36 36 2.296407
30 432 144 36 36 7.106430
30 432 153 36 36 2.203749
30 441 126 36 36 3.626909
30 441 144 36 36 4.430433
30 441 153 36 36 0.547940
30 450 126 36 36 6.755639
30 450 144 36 36 3.552511
30 459 126 36 36 6.781015
30 459 144 36 36 3.238088
30 8 128 32 32 3.206619
30 8 136 32 32 0.553675
30 16 128 32 32 4.092081
30 24 128 32 32 0.244616
30 272 144 32 32 0.524674
30 272 152 32 32 4.156711
30 280 152 32 32 2.979346
30 384 128 32 32 0.834812
30 384 136 32 32 2.735243
30 392 128 32 32 4.659671
30 392 136 32 32 4.950256
30 392 144 32 32 2.571843
30 400 128 32 32 3.176296
30 400 136 32 32 5.817053
30 400 144 32 32 3.261901
30 408 128 32 32 3.829520
30 408 136 32 32 6.038683
30 408 144 32 32 3.895577
30 14 126 28 28 1.498335
30 14 133 28 28 0.323431
30 21 126 28 28 5.165815
30 21 133 28 28 4.159422
30 336 133 28 28 4.118952
30 343 126 28 28 1.091956
30 343 133 28 28 4.008568
30 350 126 28 28 1.531597
30 350 133 28 28 4.836457
30 357 126 28 28 2.507664
30 357 133 28 28 6.119796
60 48 32 64 64 2.842418
60 48 48 64 64 2.191427
60 220 10 40 40 0.426770
60 220 20 40 40 2.893346
60 0 126 36 36 0.925778
60 288 144 36 36 2.172969
60 432 144 36 36 6.704511
60 432 153 36 36 3.933213
60 441 126 36 36 3.609979
60 441 144 36 36 4.292168
60 441 153 36 36 2.221224
60 450 126 36 36 4.209979
60 450 144 36 36 3.133206
60 459 126 36 36 4.975466
60 459 144 36 36 1.154219
60 0 128 32 32 7.182786
60 0 136 32 32 0.892644
60 8 128 32 32 5.554455
60 8 136 32 32 1.512858
60 16 128 32 32 4.030795
60 16 136 32 32 1.122126
60 24 128 32 32 1.739914
60 272 144 32 32 0.308970
60 272 152 32 32 3.944620
60 280 152 32 32 2.695319
60 384 136 32 32 2.847837
60 392 128 32 32 3.228598
60 392 136 32 32 4.627495
60 392 144 32 32 3.465381
60 400 128 32 32 3.119905
60 400 136 32 32 5.519885
60 400 144 32 32 4.269142
60 408 128 32 32 2.037818
60 408 136 32 32 4.761142
60 408 144 32 32 4.008375
60 7 133 28 28 0.413663
60 14 133 28 28 4.160536
60 21 133 28 28 3.597840
60 336 133 28 28 3.637267
60 343 133 28 28 3.479160
60 350 126 28 28 0.623259
60 350 133 28 28 4.622428
60 357 126 28 28 0.773711
60 357 133 28 28 6.302763
60 462 7 28 28 0.239578
90 32 48 64 64 0.566817
90 48 48 64 64 6.221867
90 0 140 40 40 2.229775
90 0 160 40 40 0.876675
90 220 10 40 40 0.431178
90 220 20 40 40 3.665099
90 0 153 36 36 2.609916
90 0 171 36 36 0.543160
90 9 153 36 36 3.459699
90 9 162 36 36 0.439414
90 9 171 36 36 0.011048
90 18 153 36 36 0.665045
90 288 144 36 36 1.993450
90 297 153 36 36 0.299223
90 432 126 36 36 0.414470
90 432 144 36 36 5.400233
90 432 153 36 36 1.851699
90 441 126 36 36 2.324113
90 441 144 36 36 0.769423
90 450 126 36 36 3.009595
90 459 126 36 36 4.104198
90 272 144 32 32 0.600184
90 272 152 32 32 3.851346
90 280 152 32 32 2.868613
90 384 128 32 32 2.734632
90 384 136 32 32 3.560305
90 392 128 32 32 2.982513
90 392 136 32 32 3.733823
90 392 144 32 32 1.582944
90 400 128 32 32 4.043387
90 400 136 32 32 5.025010
90 400 144 32 32 2.900196
90 408 128 32 32 2.981554
90 408 136 32 32 5.355232
90 408 144 32 32 5.028834
90 336 133 28 28 3.722428
90 343 98 28 28 0.204146
90 343 133 28 28 3.132961
90 350 133 28 28 4.382795
90 357 133 28 28 5.202659
120 48 48 64 64 8.102689
120 352 32 64 64 0.945446
120 220 10 40 40 1.078579
120 220 20 40 40 3.430148
120 288 144 36 36 1.561435
120 297 153 36 36 0.825047
120 432 126 36 36 0.654764
120 432 144 36 36 8.992525
120 432 153 36 36 4.320068
120 432 162 36 36 0.758996
120 441 126 36 36 2.630302
120 441 144 36 36 6.324505
120 441 153 36 36 2.771281
120 450 126 36 36 2.704719
120 450 144 36 36 2.247276
120 459 126 36 36 2.793943
120 128 152 32 32 1.548954
120 272 152 32 32 3.690223
120 280 152 32 32 3.036825
120 384 128 32 32 2.936804
120 384 136 32 32 3.595973
120 392 128 32 32 3.082955
120 392 136 32 32 3.283767
120 392 144 32 32 0.705839
120 400 128 32 32 2.660241
120 400 136 32 32 3.307796
120 400 144 32 32 3.123436
120 408 128 32 32 0.653698
120 408 136 32 32 4.699609
120 408 144 32 32 5.923264
120 408 152 32 32 3.797826
120 336 133 28 28 3.689858
120 343 133 28 28 3.257345
120 350 133 28 28 4.433986
120 357 133 28 28 5.685901
120 18 192 24 24 2.254240
150 48 48 64 64 7.788053
150 352 32 64 64 3.313493
150 220 10 40 40 0.144865
150 220 20 40 40 3.501598
150 144 144 36 36 0.825389
150 144 153 36 36 3.508754
150 153 153 36 36 4.186560
150 162 153 36 36 3.613396
150 288 144 36 36 2.352545
150 297 153 36 36 0.181971
150 315 126 36 36 0.072889
150 432 144 36 36 5.874280
150 432 153 36 36 4.376033
150 441 126 36 36 0.639265
150 441 144 36 36 6.445643
150 441 153 36 36 3.622376
150 450 126 36 36 0.692416
150 450 144 36 36 3.425664
150 450 153 36 36 0.136612
150 459 126 36 36 1.906820
150 459 144 36 36 4.262966
150 0 128 32 32 0.073737
150 0 136 32 32 5.394586
150 8 136 32 32 0.386709
150 144 152 32 32 0.485847
150 272 152 32 32 3.655053
150 280 152 32 32 2.154763
150 384 128 32 32 0.139815
150 384 136 32 32 0.413642
150 392 128 32 32 3.324358
150 392 136 32 32 2.700491
150 400 128 32 32 1.042045
150 400 136 32 32 3.714394
150 400 144 32 32 3.145625
150 408 128 32 32 3.080412
150 408 136 32 32 5.288291
150 408 144 32 32 3.798540
150 336 133 28 28 3.496541
150 343 133 28 28 3.141262
150 350 133 28 28 2.468209
150 357 133 28 28 5.805159
150 288 192 24 24 0.810286
150 294 192 24 24 1.573741
180 48 48 64 64 5.724091
180 288 32 64 64 2.010740
180 220 10 40 40 0.002506
180 220 20 40 40 3.615443
180 144 153 36 36 2.793238
180 153 153 36 36 1.788163
180 162 153 36 36 1.794464
180 288 144 36 36 2.439710
180 288 153 36 36 0.263018
180 288 162 36 36 1.412007
180 297 153 36 36 1.034531
180 315 126 36 36 2.841127
180 432 144 36 36 1.136467
180 432 153 36 36 0.021924
180 432 171 36 36 0.682374
180 441 144 36 36 2.220843
180 441 153 36 36 2.456143
180 450 144 36 36 2.897394
180 450 153 36 36 0.939518
180 459 126 36 36 3.323237
180 459 144 36 36 3.190278
180 272 144 32 32 0.590977
180 272 152 32 32 3.014885
180 384 128 32 32 1.977486
180 384 136 32 32 2.975711
180 392 128 32 32 0.105520
180 392 136 32 32 1.809572
180 400 128 32 32 3.974003
180 400 136 32 32 5.494886
180 400 144 32 32 4.456106
180 408 128 32 32 4.057645
180 408 136 32 32 5.869185
180 408 144 32 32 6.127987
180 336 133 28 28 2.741555
180 343 133 28 28 3.648719
180 350 133 28 28 1.698107
180 357 133 28 28 6.300095
180 288 192 24 24 3.044086
180 294 192 24 24 2.630707
180 390 210 24 24 0.480064
180 396 210 24 24 0.332693
210 48 48 64 64 5.801221
210 288 32 64 64 3.259273
210 352 32 64 64 1.850131
210 220 10 40 40 0.805753
210 220 20 40 40 4.068904
210 144 153 36 36 3.569768
210 153 153 36 36 2.580173
210 162 153 36 36 0.625336
210 288 126 36 36 0.492743
210 288 144 36 36 1.199541
210 288 153 36 36 1.167361
210 288 162 36 36 1.951430
210 297 153 36 36 0.671508
210 297 162 36 36 1.747007
210 315 126 36 36 1.184343
210 450 18 36 36 0.408981
210 450 144 36 36 4.259406
210 450 153 36 36 6.350357
210 450 162 36 36 2.755701
210 459 144 36 36 7.885278
210 459 153 36 36 8.051855
210 459 162 36 36 2.618895
210 384 128 32 32 0.315155
210 384 136 32 32 3.635623
210 392 136 32 32 2.962755
210 392 144 32 32 2.100386
210 400 136 32 32 2.369626
210 400 144 32 32 1.748206
210 408 128 32 32 2.112880
210 408 136 32 32 5.592233
210 408 144 32 32 2.299749
210 336 133 28 28 1.243320
210 343 133 28 28 1.524877
210 350 133 28 28 2.646880
210 357 126 28 28 0.641569
210 357 133 28 28 4.910347
210 132 192 24 24 0.412322
210 288 192 24 24 1.691088
210 288 198 24 24 0.411072
210 294 192 24 24 1.160757
210 294 198 24 24 2.495599
210 306 192 24 24 0.646801
210 390 210 24 24 0.754970
210 396 210 24 24 1.284225
210 480 192 24 24 5.502296
210 480 198 24 24 3.127369
210 486 192 24 24 5.885527
210 486 198 24 24 2.661369
210 492 192 24 24 3.628531
240 48 48 64 64 3.205031
240 288 32 64 64 4.444137
240 220 0 40 40 0.073421
240 220 10 40 40 1.253647
240 220 20 40 40 0.244825
240 144 153 36 36 2.470853
240 144 162 36 36 1.034645
240 288 153 36 36 2.255271
240 288 162 36 36 4.024502
240 288 171 36 36 1.128971
240 297 153 36 36 0.185998
240 297 162 36 36 3.129234
240 297 171 36 36 1.897119
240 432 126 36 36 6.364720
240 432 144 36 36 0.067542
240 441 126 36 36 4.000171
240 441 144 36 36 1.663638
240 384 136 32 32 4.705124
240 384 144 32 32 0.271412
240 392 128 32 32 1.074975
240 392 136 32 32 4.622538
240 392 144 32 32 2.449974
240 400 128 32 32 0.137969
240 400 136 32 32 3.994643
240 400 144 32 32 3.288718
240 408 144 32 32 0.950413
240 336 133 28 28 2.168888
240 343 133 28 28 3.432316
240 350 133 28 28 3.540535
240 357 98 28 28 1.310094
240 357 133 28 28 3.306315
240 108 192 24 24 0.653096
240 288 192 24 24 0.218235
240 288 198 24 24 0.788577
240 288 204 24 24 0.441562
240 294 198 24 24 2.397293
240 294 204 24 24 2.649912
240 300 198 24 24 1.117688
240 300 204 24 24 0.976292
240 384 114 24 24 0.018429
240 402 96 24 24 0.253596
240 492 198 24 24 1.590807
240 492 204 24 24 2.132672
240 492 210 24 24 0.697654
240 498 192 24 24 1.658514
240 498 198 24 24 2.115173
240 498 204 24 24 0.851607
270 48 48 64 64 4.948283
270 288 32 64 64 1.795800
270 352 32 64 64 1.879811
270 264 154 44 44 0.556198
270 220 0 40 40 1.000620
270 220 10 40 40 0.989720
270 288 144 36 36 0.832190
270 288 153 36 36 2.717733
270 288 162 36 36 2.478700
270 288 171 36 36 2.766996
270 297 153 36 36 2.638778
270 297 162 36 36 3.913531
270 297 171 36 36 4.600483
270 306 153 36 36 0.667919
270 306 162 36 36 1.801518
270 306 171 36 36 3.112649
270 315 171 36 36 1.150769
270 432 126 36 36 4.158850
270 441 126 36 36 6.432085
270 441 144 36 36 0.072527
270 450 126 36 36 6.924556
270 450 144 36 36 1.316863
270 459 126 36 36 4.524752
270 459 144 36 36 1.080789
270 384 128 32 32 3.826206
270 384 136 32 32 3.659429
270 392 128 32 32 2.471840
270 392 136 32 32 5.105430
270 392 144 32 32 0.107597
270 400 128 32 32 1.084673
270 400 136 32 32 1.327249
270 408 128 32 32 3.790808
270 408 136 32 32 2.630107
270 224 7 28 28 0.329465
270 231 0 28 28 0.041387
270 336 133 28 28 3.881664
270 343 126 28 28 2.913992
270 343 133 28 28 8.152669
270 350 126 28 28 3.469339
270 350 133 28 28 8.130282
270 357 126 28 28 1.561443
270 357 133 28 28 6.831854
270 462 133 28 28 0.088601
270 12 198 24 24 2.732135
270 12 210 24 24 0.243461
270 18 198 24 24 0.311639
270 294 204 24 24 1.391670
270 294 210 24 24 0.586847
270 300 198 24 24 1.438836
270 300 204 24 24 4.617048
270 300 210 24 24 1.865120
270 306 192 24 24 1.806555
270 306 198 24 24 2.158924
270 306 204 24 24 3.667156
270 306 210 24 24 1.303668
270 384 84 24 24 1.879257
270 384 96 24 24 1.313817
270 384 102 24 24 3.465507
270 390 96 24 24 0.160940
270 390 102 24 24 2.161688
270 396 96 24 24 0.354389
270 396 102 24 24 2.871393
270 402 102 24 24 0.381807
300 32 48 64 64 0.629738
300 256 16 64 64 1.540900
300 256 32 64 64 2.959247
300 272 32 64 64 1.558046
300 288 16 64 64 4.143276
300 288 32 64 64 4.894190
300 352 32 64 64 1.351812
300 352 48 64 64 2.969001
300 22 154 44 44 0.145145
300 264 154 44 44 2.430295
300 30 160 40 40 0.450940
300 220 0 40 40 1.097866
300 18 162 36 36 0.281384
300 27 162 36 36 0.281198
300 27 171 36 36 0.634658
300 288 144 36 36 4.942300
300 288 153 36 36 5.750008
300 288 162 36 36 3.152204
300 288 171 36 36 1.236382
300 297 153 36 36 0.947863
300 297 171 36 36 0.070366
300 432 126 36 36 0.490134
300 432 144 36 36 1.697878
300 441 126 36 36 2.891097
300 441 144 36 36 2.314789
300 450 126 36 36 4.726472
300 450 144 36 36 3.921553
300 459 126 36 36 6.395168
300 459 144 36 36 3.387326
300 459 153 36 36 1.627795
300 384 128 32 32 3.963326
300 384 136 32 32 1.736123
300 392 128 32 32 3.505198
300 392 136 32 32 4.648855
300 400 128 32 32 3.151147
300 400 136 32 32 4.879932
300 408 128 32 32 2.748038
300 408 136 32 32 3.349311
300 224 0 28 28 1.378042
300 224 7 28 28 0.329735
300 238 21 28 28 2.104356
300 245 21 28 28 3.810544
300 336 133 28 28 3.870256
300 343 126 28 28 3.258228
300 343 133 28 28 7.709675
300 350 133 28 28 4.923533
300 357 133 28 28 4.910474
300 0 198 24 24 0.276316
300 384 84 24 24 3.672136
300 384 96 24 24 2.687504
300 390 84 24 24 2.972407
300 390 96 24 24 4.093656
300 390 102 24 24 4.724613
300 396 84 24 24 0.454531
300 396 96 24 24 3.377465
300 396 102 24 24 5.488259
330 256 16 64 64 2.891701
330 256 32 64 64 2.488057
330 272 16 64 64 1.326772
330 288 16 64 64 5.426848
330 288 32 64 64 3.781556
330 352 48 64 64 0.196668
330 0 154 44 44 0.307359
330 198 0 44 44 1.294658
330 0 160 40 40 0.741787
330 0 170 40 40 2.162587
330 10 170 40 40 1.754919
330 180 160 40 40 0.286760
330 350 30 40 40 0.172087
330 0 171 36 36 0.464165
330 216 0 36 36 3.867615
330 216 18 36 36 0.654387
330 288 126 36 36 0.748299
330 288 171 36 36 1.254236
330 297 126 36 36 1.553435
330 297 153 36 36 0.307104
330 315 126 36 36 0.458052
330 432 126 36 36 4.877090
330 432 144 36 36 5.058745
330 441 144 36 36 6.843439
330 441 153 36 36 1.986711
330 450 144 36 36 1.947748
330 450 153 36 36 1.705920
330 459 153 36 36 0.081956
330 136 144 32 32 1.303552
330 144 136 32 32 1.759388
330 144 144 32 32 2.761769
330 384 128 32 32 2.883183
330 392 128 32 32 3.894681
330 392 136 32 32 3.468488
330 400 128 32 32 4.784398
330 400 136 32 32 4.030203
330 408 128 32 32 2.251027
330 408 136 32 32 4.201121
330 231 21 28 28 4.892047
330 238 21 28 28 6.618266
330 245 14 28 28 0.821161
330 245 21 28 28 4.705061
330 336 133 28 28 2.207485
330 343 133 28 28 2.844180
330 357 133 28 28 1.544923
330 384 84 24 24 2.313900
330 384 96 24 24 2.230028
330 390 84 24 24 3.057764
330 390 96 24 24 5.441259
330 390 102 24 24 3.598552
330 396 84 24 24 3.717469
330 396 96 24 24 5.878769
330 396 102 24 24 5.556757
330 402 96 24 24 4.638594
330 492 192 24 24 1.401861
330 498 192 24 24 0.513704
360 256 32 64 64 0.964949
360 272 32 64 64 0.858798
360 288 32 64 64 4.066637
360 288 48 64 64 0.815736
360 352 48 64 64 1.562904
360 187 0 44 44 1.558465
360 216 0 36 36 4.894790
360 306 126 36 36 1.526434
360 315 126 36 36 3.108611
360 432 153 36 36 0.932770
360 136 144 32 32 1.587939
360 384 128 32 32 1.823669
360 384 136 32 32 1.704005
360 392 128 32 32 3.043730
360 392 136 32 32 4.179439
360 392 144 32 32 1.179718
360 400 128 32 32 0.783857
360 400 136 32 32 5.073205
360 400 144 32 32 2.335252
360 408 136 32 32 0.789829
360 224 14 28 28 3.724516
360 224 21 28 28 5.859857
360 231 14 28 28 6.183538
360 231 21 28 28 8.768546
360 238 7 28 28 1.576368
360 238 14 28 28 5.165303
360 238 21 28 28 7.299730
360 238 112 28 28 2.011933
360 245 14 28 28 0.761991
360 245 21 28 28 2.611955
360 192 6 24 24 1.295264
360 198 6 24 24 1.128340
360 204 6 24 24 0.200535
360 396 84 24 24 1.633745
360 396 96 24 24 2.342697
360 396 102 24 24 3.270052
360 396 108 24 24 2.233901
360 402 96 24 24 0.808206
360 402 102 24 24 2.555634
360 402 108 24 24 2.824914
360 402 114 24 24 0.849092
390 288 48 64 64 0.748869
390 352 48 64 64 0.818065
390 330 140 40 40 0.292994
390 330 160 40 40 2.815908
390 330 170 40 40 3.140529
390 330 180 40 40 3.774056
390 330 190 40 40 2.296237
390 340 160 40 40 4.076425
390 340 170 40 40 3.676063
390 340 180 40 40 0.289604
390 340 190 40 40 0.591147
390 306 126 36 36 0.438285
390 306 162 36 36 0.458107
390 306 171 36 36 0.795802
390 432 126 36 36 1.879675
390 432 144 36 36 7.174030
390 432 153 36 36 3.748300
390 441 126 36 36 1.258461
390 441 144 36 36 5.781776
390 441 153 36 36 4.629378
390 450 144 36 36 3.178396
390 450 153 36 36 3.803729
390 384 128 32 32 0.135818
390 384 136 32 32 0.402070
390 400 144 32 32 0.635895
390 408 136 32 32 2.681043
390 408 144 32 32 1.249445
390 14 0 28 28 0.118312
390 224 0 28 28 0.853178
390 224 7 28 28 4.962209
390 231 0 28 28 1.577273
390 231 7 28 28 4.794405
390 238 0 28 28 1.525818
390 238 7 28 28 5.123391
390 245 7 28 28 4.730580
390 336 126 28 28 1.203018
390 343 126 28 28 1.214090
390 343 133 28 28 1.838902
390 350 133 28 28 0.110332
390 357 112 28 28 2.874078
390 210 6 24 24 0.698439
390 390 96 24 24 0.156381
390 390 102 24 24 0.347368
390 402 288 24 24 0.448911
420 272 32 64 64 1.852903
420 288 32 64 64 3.683236
420 24 204 48 48 0.399769
420 192 192 48 48 0.713607
420 384 0 48 48 3.339789
420 384 12 48 48 0.624396
420 396 0 48 48 1.797643
420 24 204 48 48 0.399769
420 192 192 48 48 0.713607
420 384 0 48 48 3.339789
420 384 12 48 48 0.624396
420 396 0 48 48 1.797643
420 22 209 44 44 0.314874
420 176 176 44 44 0.474841
420 176 187 44 44 1.763791
420 176 198 44 44 2.633034
420 176 209 44 44 1.110643
420 187 187 44 44 2.543763
420 187 198 44 44 2.953341
420 187 209 44 44 2.994771
420 198 187 44 44 0.476575
420 198 198 44 44 1.269278
420 198 209 44 44 0.700602
420 352 11 44 44 2.589255
420 352 22 44 44 1.822791
420 363 11 44 44 0.969433
420 363 22 44 44 2.705651
420 385 11 44 44 1.947557
420 385 22 44 44 0.264208
420 170 180 40 40 2.324378
420 170 190 40 40 1.918136
420 240 140 40 40 0.552631
420 288 153 36 36 0.131379
420 306 171 36 36 0.179320
420 315 162 36 36 0.742754
420 315 171 36 36 0.879974
420 441 126 36 36 1.882039
420 441 144 36 36 0.496813
420 450 126 36 36 4.856152
420 450 144 36 36 5.714553
420 450 153 36 36 2.291220
420 459 126 36 36 1.565421
420 459 144 36 36 2.695463
420 8 24 32 32 1.148067
420 238 0 28 28 2.418092
420 245 0 28 28 1.773142
420 350 133 28 28 0.801904
420 192 204 24 24 4.156859
420 192 210 24 24 5.153220
420 198 204 24 24 2.589082
420 198 210 24 24 2.661130
420 288 6 24 24 0.682599
450 256 48 64 64 3.239296
450 352 48 64 64 2.540663
450 12 192 48 48 0.095429
450 384 0 48 48 0.738041
450 384 12 48 48 2.212022
450 396 0 48 48 0.747938
450 396 12 48 48 0.001536
450 408 0 48 48 3.274437
450 408 12 48 48 2.070752
450 420 0 48 48 4.238238
450 420 12 48 48 1.310712
450 12 192 48 48 0.095429
450 384 0 48 48 0.738041
450 384 12 48 48 2.212022
450 396 0 48 48 0.747938
450 396 12 48 48 0.001536
450 408 0 48 48 3.274437
450 408 12 48 48 2.070752
450 420 0 48 48 4.238238
450 420 12 48 48 1.310712
450 11 198 44 44 1.769455
450 22 187 44 44 0.926590
450 22 198 44 44 2.472696
450 374 33 44 44 0.384195
450 385 0 44 44 0.042770
450 385 22 44 44 0.855780
450 160 190 40 40 1.345822
450 220 190 40 40 1.024292
450 441 18 36 36 2.955121
450 441 27 36 36 2.550501
450 441 144 36 36 3.522999
450 450 18 36 36 1.466377
450 450 144 36 36 3.809983
450 459 144 36 36 4.202316
450 459 153 36 36 1.684249
450 384 112 32 32 5.283948
450 384 136 32 32 1.393554
450 384 144 32 32 1.680174
450 392 112 32 32 1.815530
450 343 112 28 28 0.706345
450 343 119 28 28 0.800803
450 350 21 28 28 0.899037
450 462 0 28 28 0.376569
450 469 0 28 28 0.336040
450 469 7 28 28 0.075702
450 0 300 24 24 0.151194
450 0 306 24 24 0.092652
450 12 12 24 24 0.737984
450 18 192 24 24 1.001695
450 18 198 24 24 2.907153
450 288 0 24 24 6.671436
450 288 6 24 24 2.058174
450 294 0 24 24 2.420966
450 300 0 24 24 0.003639
450 384 102 24 24 3.903291
450 384 108 24 24 1.602053
450 390 96 24 24 1.043359
450 390 102 24 24 3.266445
450 390 108 24 24 3.488118
450 390 114 24 24 1.525463
450 396 102 24 24 2.276748
450 396 108 24 24 3.006584
450 396 114 24 24 2.460991
450 402 96 24 24 1.115274
450 402 102 24 24 1.513737
450 402 108 24 24 0.517472
450 402 114 24 24 0.815775
450 492 192 24 24 3.252240
450 498 192 24 24 2.173697
480 256 48 64 64 3.642794
480 352 48 64 64 1.689964
480 204 168 48 48 1.091416
480 216 168 48 48 0.206724
480 384 12 48 48 0.421505
480 396 12 48 48 2.272407
480 204 168 48 48 1.091416
480 216 168 48 48 0.206724
480 384 12 48 48 0.421505
480 396 12 48 48 2.272407
480 242 154 44 44 1.584908
480 242 176 44 44 0.155805
480 220 180 40 40 3.996577
480 220 190 40 40 2.854239
480 240 180 40 40 0.326749
480 9 126 36 36 2.183416
480 18 126 36 36 1.122453
480 459 9 36 36 0.390951
480 16 112 32 32 1.288365
480 16 128 32 32 1.449741
480 16 136 32 32 1.280597
480 24 136 32 32 0.830233
480 24 144 32 32 0.428915
480 384 136 32 32 0.263428
480 392 112 32 32 0.361164
480 392 144 32 32 2.009018
480 400 112 32 32 4.534143
480 400 136 32 32 0.062935
480 400 144 32 32 3.757039
480 408 112 32 32 2.726516
480 21 119 28 28 1.260818
480 21 126 28 28 0.187276
480 238 224 28 28 0.236554
480 343 133 28 28 2.765956
480 350 133 28 28 3.538773
480 357 133 28 28 4.020729
480 469 98 28 28 2.037425
480 0 0 24 24 1.867601
480 192 210 24 24 1.064930
480 198 210 24 24 0.327320
480 288 288 24 24 0.029050
480 288 294 24 24 0.651981
480 294 288 24 24 0.021824
480 294 294 24 24 0.663526
480 294 300 24 24 0.413686
480 300 204 24 24 0.312239
480 384 12 24 24 0.126400
480 390 102 24 24 0.945817
480 396 96 24 24 1.421064
480 396 102 24 24 6.079604
480 396 108 24 24 1.198241
480 402 96 24 24 1.601805
480 402 102 24 24 5.208356
480 402 108 24 24 6.480548
480 402 114 24 24 1.751889
480 480 84 24 24 0.718794
480 480 96 24 24 2.654475
480 480 102 24 24 3.144838
480 480 108 24 24 2.771264
480 492 0 24 24 1.083595
480 498 0 24 24 1.558817
510 256 32 64 64 2.597171
510 288 153 36 36 1.944723
510 288 162 36 36 1.438874
510 288 171 36 36 2.876904
510 297 144 36 36 0.035150
510 297 153 36 36 3.020134
510 297 162 36 36 0.897976
510 297 171 36 36 0.455316
510 306 144 36 36 2.857110
510 306 153 36 36 2.681592
510 306 162 36 36 0.708244
510 315 144 36 36 2.858401
510 441 153 36 36 3.656876
510 441 162 36 36 0.962886
510 450 153 36 36 2.214646
510 450 162 36 36 2.769090
510 450 171 36 36 0.365869
510 0 8 32 32 0.280817
510 0 112 32 32 3.188915
510 0 128 32 32 3.295257
510 8 128 32 32 1.444748
510 16 16 32 32 0.147700
510 400 112 32 32 0.524800
510 408 112 32 32 2.084166
510 0 21 28 28 0.335340
510 0 126 28 28 3.429485
510 0 133 28 28 4.788091
510 7 119 28 28 0.896749
510 7 126 28 28 3.478067
510 7 133 28 28 3.678259
510 14 126 28 28 2.113661
510 14 133 28 28 2.707868
510 21 126 28 28 1.363345
510 21 133 28 28 2.146669
510 6 6 24 24 0.216972
510 192 210 24 24 2.162909
510 288 192 24 24 0.335595
510 288 198 24 24 2.458024
510 288 204 24 24 0.197182
510 294 198 24 24 2.251000
510 294 204 24 24 1.041246
510 402 96 24 24 5.218679
510 402 102 24 24 2.103238
510 480 96 24 24 3.452666
510 480 102 24 24 4.959632
510 480 108 24 24 3.344306
510 480 192 24 24 0.750120
510 486 84 24 24 3.087033
510 486 96 24 24 4.675886
510 486 102 24 24 4.859863
510 486 108 24 24 3.158413
510 492 84 24 24 2.635939
510 492 96 24 24 4.222293
510 492 102 24 24 3.663573
510 498 84 24 24 2.526865
510 498 96 24 24 1.319478
510 498 102 24 24 1.521638
540 256 16 64 64 0.357219
540 256 32 64 64 1.128158
540 352 32 64 64 1.474060
540 352 48 64 64 3.802583
540 264 154 44 44 1.186872
540 288 171 36 36 2.010937
540 297 162 36 36 0.472851
540 297 171 36 36 4.208221
540 306 153 36 36 0.409372
540 315 126 36 36 0.011285
540 315 144 36 36 1.605073
540 315 153 36 36 0.208339
540 450 9 36 36 0.134969
540 144 128 32 32 3.165302
540 144 136 32 32 0.887949
540 408 112 32 32 1.527658
540 408 152 32 32 0.700102
540 0 133 28 28 1.905333
540 350 112 28 28 1.133672
540 350 119 28 28 2.112345
540 350 126 28 28 2.402974
540 357 112 28 28 0.172938
540 357 119 28 28 3.292984
540 357 126 28 28 1.097107
540 469 21 28 28 1.418069
540 210 210 24 24 2.288097
540 306 198 24 24 0.711483
540 480 96 24 24 0.005746
540 486 96 24 24 1.561086
540 486 102 24 24 1.302306
540 492 192 24 24 0.624059
540 492 198 24 24 6.362388
540 492 204 24 24 9.707211
540 492 210 24 24 4.457098
540 498 192 24 24 2.610898
540 498 198 24 24 5.940300
540 498 204 24 24 7.891449
540 498 210 24 24 5.756897
570 352 32 64 64 8.605753
570 352 48 64 64 9.146024
570 396 168 48 48 0.452730
570 396 168 48 48 0.452730
570 363 176 44 44 1.641453
570 350 160 40 40 1.645765
570 432 144 36 36 0.179023
570 432 153 36 36 1.629936
570 432 162 36 36 0.252552
570 128 128 32 32 0.745678
570 128 136 32 32 1.164381
570 0 133 28 28 2.471134
570 126 133 28 28 2.606482
570 224 21 28 28 0.991253
570 231 21 28 28 1.459952
570 12 12 24 24 1.016838
570 18 12 24 24 0.619879
570 384 192 24 24 0.524682
570 390 192 24 24 3.371631
570 390 198 24 24 4.970453
570 396 0 24 24 0.688480
570 396 192 24 24 1.970588
570 396 198 24 24 2.100071
600 384 192 48 48 0.614758
600 384 192 48 48 0.614758
600 385 154 44 44 0.348109
600 385 176 44 44 1.625475
600 385 187 44 44 0.947771
600 198 0 36 36 0.198096
600 459 144 36 36 1.050781
600 459 153 36 36 1.577489
600 459 162 36 36 1.018179
600 0 16 32 32 1.180402
600 16 24 32 32 0.809080
600 16 128 32 32 1.056870
600 392 8 32 32 2.057208
600 14 0 28 28 1.381288
600 224 14 28 28 4.996308
600 224 21 28 28 3.007385
600 224 224 28 28 0.373442
600 350 119 28 28 1.492762
600 350 126 28 28 1.672428
600 350 133 28 28 0.413710
600 357 119 28 28 3.372740
600 357 126 28 28 2.381331
600 462 0 28 28 0.710436
600 469 0 28 28 0.845379
600 18 6 24 24 0.780089
600 402 0 24 24 0.294772
600 486 96 24 24 2.938042
600 492 84 24 24 2.043927
600 492 96 24 24 2.198417
600 498 96 24 24 0.810586
630 352 32 64 64 1.742790
630 0 0 36 36 0.587345
630 27 126 36 36 0.394980
630 0 8 32 32 1.400961
630 0 16 32 32 1.225743
630 16 8 32 32 0.022903
630 0 21 28 28 0.075000
630 7 21 28 28 0.000892
630 224 0 28 28 6.546918
630 224 7 28 28 4.227917
630 224 14 28 28 3.033940
630 231 0 28 28 5.094787
630 231 7 28 28 3.405697
630 231 14 28 28 0.106568
630 238 0 28 28 0.016539
630 245 224 28 28 0.241671
630 6 0 24 24 0.352391
630 6 6 24 24 1.392698
630 12 0 24 24 0.653213
630 18 0 24 24 2.208242
630 384 102 24 24 2.671054
630 384 108 24 24 1.208540
630 384 114 24 24 0.707056
660 352 16 64 64 3.964375
660 352 32 64 64 4.095660
660 264 187 44 44 0.599825
660 385 176 44 44 0.366869
660 385 187 44 44 1.143322
660 0 0 36 36 0.727829
660 9 0 36 36 1.232002
660 432 162 36 36 1.404135
660 0 16 32 32 0.137888
660 8 8 32 32 0.510957
660 8 16 32 32 0.587729
660 16 16 32 32 0.586450
660 0 21 28 28 3.664505
660 0 231 28 28 1.459872
660 0 238 28 28 2.178167
660 7 21 28 28 1.885490
660 7 231 28 28 1.499293
660 7 238 28 28 3.885015
660 14 238 28 28 1.563551
660 224 0 28 28 2.931094
660 231 0 28 28 7.289987
660 231 7 28 28 4.674851
660 238 0 28 28 4.699742
660 238 7 28 28 4.328109
660 455 0 28 28 0.558366
660 455 7 28 28 1.172194
660 0 0 24 24 3.618959
660 6 0 24 24 1.443650
690 288 192 48 48 0.328664
690 288 192 48 48 0.328664
690 363 0 44 44 0.279729
690 441 144 36 36 0.932571
690 441 153 36 36 1.266996
690 450 144 36 36 2.397212
690 450 153 36 36 1.731498
690 459 153 36 36 0.254074
690 0 8 32 32 1.337496
690 8 8 32 32 0.127621
690 384 24 32 32 1.134625
690 392 24 32 32 2.835590
690 400 24 32 32 1.533175
690 0 21 28 28 0.054248
690 14 21 28 28 0.116704
690 336 231 28 28 1.309337
690 336 238 28 28 0.473065
690 336 245 28 28 1.798116
690 343 231 28 28 0.057684
690 469 231 28 28 0.049935
690 0 0 24 24 0.053137
690 498 198 24 24 1.014268
690 498 204 24 24 0.772316
690 498 210 24 24 2.701327
720 8 112 32 32 2.276834
720 8 144 32 32 1.294468
720 8 152 32 32 1.237559
720 16 112 32 32 3.570436
720 272 112 32 32 0.115018
720 0 21 28 28 1.312526
720 21 119 28 28 2.176414
720 21 126 28 28 1.618114
720 0 84 24 24 3.337904
720 6 0 24 24 1.272064
720 12 0 24 24 2.558659
750 272 16 64 64 0.877784
750 384 204 48 48 1.149451
750 384 216 48 48 0.921556
750 384 204 48 48 1.149451
750 384 216 48 48 0.921556
750 0 144 36 36 2.228782
750 0 153 36 36 0.348610
750 0 152 32 32 0.179666
750 8 152 32 32 0.219121
750 192 136 32 32 0.532560
750 336 119 28 28 2.282184
750 336 126 28 28 4.268607
750 336 133 28 28 3.869319
750 343 119 28 28 1.690497
750 343 126 28 28 2.745431
750 343 133 28 28 1.729290
780 256 16 64 64 0.521451
780 272 16 64 64 0.572851
780 272 32 64 64 0.359156
780 288 16 64 64 0.517196
780 288 32 64 64 2.397402
780 288 48 64 64 1.878837
780 0 154 44 44 1.021986
780 11 176 44 44 0.428025
780 22 154 44 44 0.420896
780 10 170 40 40 2.162464
780 20 170 40 40 3.370519
780 20 180 40 40 1.380819
780 30 160 40 40 1.156678
780 30 170 40 40 3.279657
780 128 144 32 32 1.783194
780 280 112 32 32 0.267317
780 384 128 32 32 4.356180
780 384 136 32 32 6.156620
780 384 144 32 32 4.769268
780 392 128 32 32 3.648963
780 392 136 32 32 4.784070
780 392 144 32 32 0.459947
780 400 128 32 32 1.082859
780 400 136 32 32 2.417398
780 0 112 28 28 5.078118
780 0 224 28 28 0.052672
780 0 238 28 28 0.577163
780 7 224 28 28 0.451913
780 7 238 28 28 0.561133
780 336 126 28 28 1.252722
780 336 133 28 28 3.535468
780 343 126 28 28 0.022326
780 343 133 28 28 1.551843
780 350 133 28 28 0.860606
780 6 114 24 24 3.580087
780 12 204 24 24 0.141791
780 12 210 24 24 2.225757
780 390 108 24 24 0.548479
810 256 16 64 64 1.665131
810 256 32 64 64 0.102568
810 272 32 64 64 0.467253
810 288 32 64 64 2.589124
810 288 48 64 64 2.080729
810 352 48 64 64 3.523209
810 0 154 44 44 3.343451
810 11 154 44 44 2.931918
810 0 160 40 40 4.136370
810 10 160 40 40 3.934690
810 10 170 40 40 1.503840
810 20 160 40 40 3.225075
810 30 160 40 40 2.151517
810 0 162 36 36 4.875358
810 0 171 36 36 4.172608
810 9 153 36 36 0.070792
810 9 162 36 36 4.394378
810 9 171 36 36 4.270061
810 18 162 36 36 4.363835
810 18 171 36 36 4.501681
810 27 162 36 36 3.548009
810 27 171 36 36 3.343672
810 315 126 36 36 0.703645
810 384 136 32 32 2.152809
810 384 144 32 32 3.833926
810 392 144 32 32 0.888744
810 400 136 32 32 1.109208
810 400 144 32 32 2.894691
810 408 136 32 32 1.565881
810 408 144 32 32 4.907742
810 408 152 32 32 1.069594
810 336 133 28 28 0.770709
810 18 204 24 24 2.747877
810 96 192 24 24 1.172179
810 96 198 24 24 0.364140
810 102 192 24 24 4.676506
810 102 198 24 24 4.211490
810 102 204 24 24 0.393515
810 108 192 24 24 4.356118
810 108 198 24 24 4.963263
810 108 204 24 24 1.763879
810 132 192 24 24 3.234085
810 132 198 24 24 1.290389
810 384 108 24 24 2.870700
810 384 114 24 24 1.018659
810 390 96 24 24 0.427276
840 256 32 64 64 0.434424
840 272 32 64 64 1.196238
840 272 48 64 64 3.009664
840 288 32 64 64 1.677717
840 288 48 64 64 3.320202
840 340 140 40 40 1.265914
840 350 140 40 40 1.790108
840 459 144 36 36 0.010762
840 0 128 32 32 3.074929
840 0 136 32 32 0.409794
840 128 152 32 32 2.627907
840 136 152 32 32 0.604015
840 384 152 32 32 4.270674
840 392 144 32 32 0.516406
840 392 152 32 32 7.440312
840 400 144 32 32 0.977747
840 400 152 32 32 7.282136
840 408 152 32 32 3.446032
840 238 112 28 28 0.020531
840 96 192 24 24 2.002153
840 102 192 24 24 0.233619
840 390 192 24 24 1.245539
840 396 192 24 24 3.558640
840 402 192 24 24 2.429513
870 256 32 64 64 1.407688
870 256 48 64 64 1.850227
870 272 32 64 64 2.978568
870 272 48 64 64 2.257864
870 288 48 64 64 3.012311
870 320 140 40 40 0.137686
870 288 126 36 36 3.399377
870 315 144 36 36 1.513572
870 315 153 36 36 1.947892
870 432 153 36 36 0.491928
870 441 153 36 36 0.464233
870 272 136 32 32 0.061957
870 272 152 32 32 0.353601
870 280 136 32 32 0.527977
870 280 144 32 32 0.758803
870 280 152 32 32 0.304194
870 336 112 28 28 0.637107
870 336 119 28 28 1.091440
870 350 112 28 28 0.183286
870 384 192 24 24 3.925999
870 384 198 24 24 1.400835
870 390 192 24 24 5.324949
870 390 198 24 24 5.269318
870 396 192 24 24 4.645826
870 396 198 24 24 5.096018
870 396 204 24 24 2.546089
870 402 192 24 24 2.793678
870 402 198 24 24 5.108788
870 402 204 24 24 2.706285
870 480 192 24 24 2.417775
900 180 140 40 40 0.182271
900 240 140 40 40 1.110559
900 240 160 40 40 1.842299
900 320 160 40 40 2.939579
900 330 160 40 40 0.210754
900 198 126 36 36 2.668674
900 198 144 36 36 1.223736
900 216 126 36 36 2.736514
900 288 162 36 36 0.209407
900 297 162 36 36 1.287891
900 306 171 36 36 1.944199
900 315 162 36 36 2.610998
900 315 171 36 36 3.584818
900 432 162 36 36 1.163943
900 432 171 36 36 3.576842
900 441 171 36 36 0.471897
900 128 112 32 32 2.370696
900 128 128 32 32 5.789332
900 192 152 32 32 1.305910
900 256 112 32 32 0.527250
900 256 152 32 32 0.341612
900 231 133 28 28 0.839352
900 306 192 24 24 2.701675
900 306 198 24 24 2.367708
900 306 204 24 24 1.881563
900 384 198 24 24 0.911507
900 384 204 24 24 4.417065
900 384 210 24 24 3.655886
900 390 192 24 24 0.255096
900 390 198 24 24 1.900612
900 390 204 24 24 3.659057
900 396 192 24 24 1.010801
900 396 198 24 24 2.350804
900 396 204 24 24 4.107519
900 396 210 24 24 0.094852
900 402 192 24 24 2.944017
900 402 198 24 24 3.460188
900 402 204 24 24 4.671355
900 402 210 24 24 3.970064
930 352 48 64 64 0.445361
930 264 0 48 48 0.308158
930 384 12 48 48 0.377596
930 384 24 48 48 3.821998
930 396 24 48 48 0.232765
930 408 168 48 48 0.977642
930 420 168 48 48 2.035687
930 264 0 48 48 0.308158
930 384 12 48 48 0.377596
930 384 24 48 48 3.821998
930 396 24 48 48 0.232765
930 408 168 48 48 0.977642
930 420 168 48 48 2.035687
930 0 154 44 44 4.691622
930 11 154 44 44 3.745627
930 22 154 44 44 3.884755
930 33 154 44 44 3.300747
930 264 154 44 44 5.287549
930 385 33 44 44 2.059403
930 0 160 40 40 3.073858
930 0 170 40 40 2.634841
930 0 180 40 40 0.024563
930 10 160 40 40 3.960107
930 10 170 40 40 4.780303
930 10 180 40 40 1.688362
930 20 160 40 40 3.015707
930 20 170 40 40 3.525660
930 30 160 40 40 2.876616
930 30 170 40 40 3.142845
930 320 140 40 40 4.662243
930 320 160 40 40 9.589610
930 320 170 40 40 5.381573
930 330 140 40 40 0.658201
930 330 160 40 40 7.986252
930 330 170 40 40 7.187524
930 340 160 40 40 6.124426
930 340 170 40 40 6.019969
930 350 160 40 40 5.339147
930 350 170 40 40 3.461594
930 0 162 36 36 3.246212
930 0 171 36 36 2.722089
930 9 162 36 36 0.692986
930 9 171 36 36 2.632828
930 18 162 36 36 1.925037
930 18 171 36 36 4.063081
930 27 171 36 36 2.593044
930 144 162 36 36 1.552640
930 144 171 36 36 7.122223
930 153 171 36 36 3.551852
930 288 153 36 36 0.156095
930 288 162 36 36 1.955067
930 288 171 36 36 2.659057
930 297 171 36 36 2.064462
930 306 171 36 36 4.439685
930 315 162 36 36 0.874675
930 315 171 36 36 3.290633
930 18 198 24 24 0.971043
930 18 204 24 24 1.258148
930 18 210 24 24 1.478697
930 96 204 24 24 1.586797
930 96 210 24 24 4.781429
930 102 198 24 24 1.126083
930 102 204 24 24 1.861874
930 102 210 24 24 3.468939
930 108 198 24 24 1.609873
930 108 204 24 24 3.013860
930 108 210 24 24 4.576534
930 132 198 24 24 3.279634
930 132 204 24 24 0.408629
930 132 210 24 24 1.332561
930 300 210 24 24 1.850138
930 384 204 24 24 2.486921
930 384 210 24 24 4.013169
930 480 96 24 24 0.811745
930 480 102 24 24 0.180751
930 486 96 24 24 0.115975
930 486 102 24 24 0.221279
960 176 176 44 44 0.455384
960 160 170 40 40 2.004043
960 160 180 40 40 2.124931
960 170 170 40 40 2.102848
960 170 180 40 40 2.181491
960 180 170 40 40 1.738698
960 180 180 40 40 1.694629
960 240 160 40 40 0.284607
960 450 153 36 36 4.472781
960 450 162 36 36 1.237325
960 459 126 36 36 1.228397
960 459 144 36 36 3.449771
960 459 153 36 36 5.796648
960 459 162 36 36 3.801373
960 459 171 36 36 1.146931
960 176 0 32 32 0.356652
960 224 14 28 28 0.490048
960 231 14 28 28 0.353193
960 238 14 28 28 0.363041
960 336 0 28 28 5.128594
960 336 7 28 28 5.557549
960 336 14 28 28 0.796509
960 343 0 28 28 5.481309
960 343 7 28 28 4.864718
960 343 14 28 28 3.269696
960 350 0 28 28 5.450587
960 350 7 28 28 4.588983
960 350 14 28 28 3.019623
960 357 0 28 28 2.898400
960 357 7 28 28 3.708602
960 357 14 28 28 1.112461
960 448 112 28 28 0.719778
960 455 112 28 28 2.962681
960 462 0 28 28 1.951738
960 469 0 28 28 3.708581
960 96 0 24 24 1.100330
960 96 198 24 24 1.267129
960 96 204 24 24 3.451903
960 96 210 24 24 0.233630
960 102 0 24 24 0.597202
960 102 6 24 24 0.511664
960 102 210 24 24 0.311709
960 132 198 24 24 1.532765
960 192 18 24 24 0.235057
960 192 210 24 24 2.239770
960 198 210 24 24 1.903199
960 204 210 24 24 1.810211
960 210 210 24 24 1.714496
960 300 12 24 24 0.358216
960 300 18 24 24 0.671358
960 306 6 24 24 0.366376
960 306 12 24 24 0.415362
960 306 18 24 24 0.092232
960 480 0 24 24 0.849291
960 480 6 24 24 6.070347
960 480 12 24 24 3.250186
960 480 198 24 24 0.574237
960 486 6 24 24 3.977261
960 486 12 24 24 0.705432
960 486 192 24 24 4.273515
960 486 198 24 24 3.571434
960 486 204 24 24 0.847833
960 492 192 24 24 3.708570
960 492 198 24 24 3.738792
960 492 204 24 24 1.350434
960 498 0 24 24 1.729314
960 498 6 24 24 0.499986
960 498 12 24 24 0.147859
960 498 192 24 24 5.428946
960 498 198 24 24 3.931193
960 498 204 24 24 1.016622
990 0 32 64 64 0.524260
990 0 48 64 64 4.758995
990 16 48 64 64 3.727263
990 0 154 44 44 1.319670
990 0 140 40 40 6.725379
990 0 160 40 40 3.494756
990 0 170 40 40 1.831191
990 10 140 40 40 4.120848
990 10 160 40 40 3.152479
990 10 170 40 40 0.789717
990 20 140 40 40 3.236793
990 20 160 40 40 2.268561
990 30 140 40 40 0.896953
990 30 160 40 40 0.697619
990 0 0 36 36 2.139871
990 0 153 36 36 5.808537
990 0 162 36 36 5.134275
990 0 171 36 36 4.229331
990 9 0 36 36 0.763679
990 9 144 36 36 2.559894
990 9 153 36 36 6.671280
990 9 162 36 36 4.355651
990 9 171 36 36 3.766766
990 18 144 36 36 1.647903
990 18 153 36 36 4.171189
990 18 162 36 36 3.893819
990 18 171 36 36 2.679481
990 27 144 36 36 4.439967
990 27 153 36 36 5.270009
990 27 162 36 36 4.855232
990 27 171 36 36 3.430402
990 144 144 36 36 4.655019
990 144 153 36 36 2.310700
990 153 144 36 36 4.773820
990 288 144 36 36 0.152785
990 297 144 36 36 0.766628
990 297 153 36 36 1.098253
990 0 8 32 32 1.874907
990 0 16 32 32 0.599037
990 8 8 32 32 2.269259
990 8 16 32 32 3.171023
990 16 8 32 32 2.046602
990 16 16 32 32 1.958024
990 192 112 32 32 1.604658
990 256 128 32 32 2.835826
990 256 136 32 32 0.442638
990 264 128 32 32 1.992488
990 0 14 28 28 0.662659
990 0 21 28 28 3.919227
990 7 21 28 28 2.235150
990 14 21 28 28 1.878576
990 224 126 28 28 0.190769
990 224 133 28 28 1.296049
990 231 133 28 28 1.325381
990 245 133 28 28 1.741287
990 0 192 24 24 2.070021
990 0 198 24 24 4.199543
990 0 204 24 24 4.840447
990 0 210 24 24 4.484678
990 6 192 24 24 3.199212
990 6 198 24 24 4.854257
990 6 204 24 24 4.159739
990 6 210 24 24 5.804760
990 12 192 24 24 3.703885
990 12 198 24 24 5.233912
990 12 204 24 24 5.758817
990 12 210 24 24 5.160165
990 18 198 24 24 3.899209
990 18 204 24 24 4.478037
990 18 210 24 24 2.603211
1020 256 32 64 64 0.715311
1020 272 32 64 64 1.584796
1020 288 16 64 64 0.352288
1020 288 32 64 64 2.223176
1020 352 176 44 44 1.113527
1020 27 126 36 36 1.894316
1020 432 126 36 36 1.062040
1020 432 144 36 36 1.375307
1020 432 153 36 36 4.027002
1020 441 144 36 36 0.821707
1020 441 153 36 36 2.540605
1020 441 162 36 36 2.446629
1020 450 153 36 36 2.037539
1020 450 162 36 36 0.368940
1020 459 153 36 36 0.775362
1020 280 112 32 32 0.450606
1020 384 112 32 32 0.291228
1020 0 114 24 24 2.916374
1020 6 114 24 24 0.221858
1020 498 198 24 24 1.557746
1050 48 48 64 64 1.986257
1050 272 16 64 64 1.120922
1050 272 32 64 64 2.379983
1050 288 16 64 64 2.069226
1050 288 32 64 64 4.043136
1050 0 126 36 36 2.338466
1050 9 126 36 36 2.921789
1050 18 126 36 36 3.019765
1050 27 126 36 36 2.519192
1050 306 126 36 36 1.555903
1050 315 126 36 36 1.436271
1050 450 144 36 36 2.246810
1050 450 153 36 36 4.857063
1050 459 144 36 36 4.172116
1050 459 153 36 36 8.444505
1050 459 162 36 36 4.018745
1050 8 128 32 32 0.993028
1050 16 112 32 32 2.421951
1050 16 136 32 32 1.123245
1050 16 144 32 32 0.637801
1050 24 112 32 32 4.105793
1050 24 128 32 32 0.104151
1050 128 152 32 32 2.054325
1050 136 152 32 32 2.181901
1050 144 152 32 32 1.296752
1050 384 112 32 32 3.050702
1050 384 144 32 32 1.604549
1050 21 119 28 28 0.915218
1050 462 112 28 28 0.160465
1050 469 119 28 28 0.920590
1050 480 192 24 24 4.485690
1050 480 198 24 24 0.282972
1050 486 192 24 24 3.601356
1050 486 198 24 24 1.627304
1050 492 192 24 24 0.311430
1080 32 32 64 64 1.467202
1080 48 32 64 64 2.870665
1080 48 48 64 64 2.954225
1080 288 32 64 64 0.206294
1080 288 48 64 64 1.657560
1080 350 140 40 40 2.278363
1080 144 152 32 32 0.351864
1080 384 128 32 32 3.402285
1080 392 112 32 32 3.414905
1080 392 128 32 32 3.996355
1080 400 112 32 32 7.212111
1080 400 128 32 32 1.094883
1080 408 112 32 32 3.853006
1080 119 133 28 28 0.941570
1080 350 133 28 28 3.317066
1080 357 133 28 28 0.014412
1080 448 119 28 28 2.021890
1080 455 119 28 28 1.233368
1080 455 126 28 28 2.019793
1080 462 119 28 28 4.077103
1080 462 126 28 28 4.010817
1080 469 119 28 28 2.006592
1080 469 126 28 28 0.275178
1110 32 32 64 64 0.749161
1110 48 32 64 64 3.411507
1110 48 48 64 64 1.400254
1110 272 16 64 64 0.505446
1110 288 32 64 64 2.098021
1110 288 48 64 64 0.410142
1110 352 16 64 64 1.056526
1110 352 32 64 64 0.775604
1110 352 48 64 64 1.692169
1110 432 126 36 36 0.181384
1110 0 144 32 32 1.296933
1110 8 152 32 32 0.186805
1110 16 144 32 32 0.049094
1110 128 128 32 32 0.288650
1110 144 144 32 32 0.899806
1110 384 128 32 32 6.088789
1110 384 136 32 32 1.630066
1110 392 128 32 32 5.949553
1110 392 136 32 32 2.206713
1110 400 128 32 32 6.409247
1110 400 136 32 32 0.366217
1110 408 128 32 32 2.448946
1110 0 133 28 28 0.656010
1110 126 133 28 28 1.669570
1110 336 0 28 28 0.603132
1110 336 7 28 28 4.686481
1110 343 0 28 28 1.273414
1110 343 7 28 28 5.000349
1110 343 14 28 28 2.112033
1110 448 119 28 28 0.610200
1110 448 126 28 28 2.853286
1110 455 126 28 28 0.590015
1110 0 102 24 24 1.121176
1110 0 108 24 24 1.493291
1110 96 102 24 24 0.864110
1110 96 108 24 24 0.449709
1110 492 114 24 24 0.305129
1110 498 114 24 24 2.378003
1140 0 48 64 64 4.035443
1140 16 48 64 64 0.159852
1140 32 32 64 64 2.847924
1140 48 32 64 64 4.000750
1140 272 48 64 64 1.173895
1140 288 16 64 64 0.054518
1140 352 16 64 64 3.952870
1140 352 32 64 64 6.921756
1140 352 48 64 64 4.369900
1140 27 126 36 36 0.341524
1140 432 126 36 36 1.503802
1140 128 136 32 32 0.807101
1140 128 144 32 32 1.772506
1140 136 144 32 32 2.324934
1140 144 144 32 32 0.680001
1140 256 112 32 32 0.510738
1140 408 128 32 32 2.108708
1140 112 133 28 28 0.323763
1140 119 133 28 28 0.461713
1140 469 7 28 28 0.315128
1140 480 12 24 24 4.353714
1140 480 18 24 24 2.545192
1140 486 12 24 24 3.363049
1140 486 18 24 24 0.081265
1140 492 6 24 24 1.374483
1140 492 12 24 24 4.080777
1140 498 12 24 24 0.048867
1170 16 32 64 64 1.735289
1170 32 16 64 64 0.399544
1170 32 32 64 64 2.407153
1170 48 32 64 64 2.596712
1170 272 32 64 64 0.192979
1170 352 16 64 64 0.795024
1170 352 32 64 64 3.871647
1170 352 48 64 64 6.291397
1170 459 126 36 36 3.411307
1170 8 144 32 32 2.687534
1170 16 144 32 32 2.115919
1170 16 152 32 32 1.441032
1170 136 144 32 32 0.554206
1170 392 152 32 32 0.686825
1170 400 136 32 32 1.310410
1170 400 144 32 32 1.966777
1170 400 152 32 32 2.998825
1170 408 136 32 32 3.447574
1170 408 144 32 32 2.792938
1170 112 126 28 28 4.223264
1170 112 133 28 28 6.471998
1170 119 126 28 28 5.874928
1170 119 133 28 28 6.103362
1170 126 133 28 28 0.583455
1170 18 96 24 24 0.977486
1170 18 102 24 24 0.099059
1170 390 210 24 24 0.165058
1170 396 210 24 24 1.821628
1170 480 84 24 24 0.130849
1200 0 16 64 64 2.124357
1200 0 32 64 64 0.266889
1200 16 16 64 64 2.881183
1200 16 32 64 64 2.033588
1200 32 16 64 64 0.536454
1200 32 32 64 64 0.756126
1200 256 32 64 64 0.009343
1200 385 0 44 44 0.604218
1200 432 18 36 36 3.402627
1200 432 27 36 36 2.034874
1200 450 144 36 36 3.018834
1200 450 153 36 36 3.639202
1200 459 144 36 36 4.558359
1200 459 153 36 36 1.514810
1200 16 128 32 32 1.479952
1200 128 144 32 32 1.176842
1200 7 133 28 28 1.524039
1200 14 133 28 28 3.490753
1200 21 126 28 28 0.234118
1200 21 133 28 28 3.084178
1200 480 192 24 24 3.733237
1230 0 16 64 64 3.002891
1230 16 16 64 64 4.895767
1230 32 16 64 64 1.033690
1230 48 16 64 64 0.010674
1230 315 126 36 36 0.058215
1230 0 112 32 32 1.527350
1230 128 136 32 32 2.402018
1230 136 136 32 32 3.264243
1230 136 144 32 32 0.471561
1230 7 119 28 28 0.134953
1230 112 133 28 28 0.411472
1260 0 0 64 64 0.086315
1260 16 16 64 64 0.713405
1260 32 16 64 64 0.081506
1260 408 168 48 48 0.847731
1260 420 168 48 48 3.597228
1260 408 168 48 48 0.847731
1260 420 168 48 48 3.597228
1260 144 126 36 36 1.689443
1260 153 126 36 36 0.629980
1260 441 162 36 36 1.341903
1260 441 171 36 36 4.460242
1260 450 162 36 36 4.105561
1260 450 171 36 36 3.352086
1260 459 162 36 36 3.546477
1260 256 112 32 32 0.465719
1260 384 144 32 32 3.544797
1260 384 152 32 32 4.024723
1260 392 144 32 32 0.537052
1260 392 152 32 32 1.301308
1260 0 112 28 28 1.532424
1260 0 119 28 28 1.314066
1260 112 126 28 28 1.344898
1260 112 133 28 28 4.421791
1260 119 126 28 28 2.295068
1260 119 133 28 28 5.299179
1260 126 133 28 28 3.127961
1260 336 119 28 28 2.591568
1260 343 119 28 28 4.036272
1260 343 126 28 28 0.402503
1260 350 119 28 28 0.392462
1260 350 126 28 28 0.505169
1260 357 126 28 28 0.537804
1260 357 133 28 28 2.666621
1260 455 224 28 28 0.636309
1260 462 224 28 28 4.168702
1260 469 224 28 28 2.623052
1290 352 48 64 64 0.805332
1290 0 126 36 36 1.136142
1290 0 144 36 36 1.155177
1290 9 144 36 36 0.760597
1290 18 144 36 36 1.018595
1290 27 126 36 36 0.611890
1290 144 126 36 36 4.225014
1290 153 126 36 36 0.603191
1290 432 144 36 36 3.832344
1290 432 153 36 36 6.051270
1290 432 162 36 36 8.857867
1290 432 171 36 36 5.809411
1290 441 144 36 36 4.587226
1290 441 153 36 36 5.355783
1290 441 162 36 36 7.369843
1290 441 171 36 36 4.653812
1290 450 153 36 36 0.150656
1290 450 162 36 36 2.579062
1290 450 171 36 36 2.783552
1290 459 162 36 36 0.580080
1290 459 171 36 36 1.890680
1290 0 128 32 32 2.511934
1290 0 136 32 32 1.490170
1290 8 136 32 32 0.138685
1290 16 144 32 32 3.711322
1290 16 152 32 32 1.822342
1290 24 144 32 32 4.392831
1290 24 152 32 32 5.273174
1290 128 112 32 32 1.683059
1290 128 128 32 32 3.146644
1290 136 128 32 32 0.276680
1290 144 128 32 32 3.166237
1290 144 136 32 32 3.606591
1290 256 112 32 32 3.040867
1290 264 112 32 32 2.338203
1290 384 128 32 32 1.922265
1290 384 136 32 32 5.061397
1290 384 144 32 32 1.189279
1290 392 128 32 32 2.791002
1290 392 136 32 32 4.855181
1290 392 144 32 32 0.367504
1290 0 231 28 28 0.570122
1290 0 238 28 28 4.985659
1290 0 245 28 28 4.138740
1290 7 238 28 28 1.080500
1290 7 245 28 28 1.607150
1290 119 133 28 28 3.086936
1290 126 133 28 28 2.299315
1290 154 126 28 28 2.097498
1290 154 133 28 28 1.233667
1290 336 119 28 28 2.900540
1290 336 126 28 28 4.522770
1290 343 119 28 28 2.753278
1290 343 126 28 28 4.586214
1290 343 133 28 28 1.342293
1290 350 126 28 28 2.756670
1290 350 133 28 28 3.659258
1290 357 126 28 28 4.996665
1290 357 133 28 28 5.616360
1290 455 98 28 28 3.510422
1290 462 98 28 28 3.901308
1290 480 84 24 24 0.008623
1290 480 192 24 24 2.296165
1290 480 198 24 24 0.604583
1290 486 84 24 24 0.457880
1290 486 192 24 24 2.147959
1290 492 192 24 24 4.979198
1290 492 198 24 24 3.809476
1290 492 204 24 24 0.387728
1290 498 192 24 24 5.172659
1290 498 198 24 24 1.406119
1320 18 126 36 36 0.739879
1320 0 128 32 32 3.356212
1320 8 128 32 32 1.800440
1320 16 128 32 32 0.952290
1320 24 128 32 32 3.908200
1320 24 136 32 32 1.668636
1320 128 112 32 32 3.234058
1320 128 128 32 32 0.883331
1320 136 112 32 32 2.484394
1320 136 128 32 32 2.262969
1320 256 112 32 32 4.336709
1320 264 112 32 32 2.691463
1320 272 112 32 32 0.155400
1320 392 136 32 32 1.813890
1320 400 128 32 32 1.518580
1320 400 136 32 32 3.900248
1320 400 144 32 32 1.314341
1320 408 128 32 32 1.357829
1320 408 136 32 32 2.420701
1320 408 144 32 32 1.881222
1320 7 133 28 28 1.904001
1320 112 126 28 28 1.847975
1320 112 133 28 28 0.606949
1320 119 119 28 28 2.774246
1320 119 126 28 28 7.790508
1320 119 133 28 28 3.014721
1320 126 119 28 28 0.356494
1320 126 126 28 28 4.768992
1320 126 133 28 28 4.001509
1320 343 126 28 28 0.746910
1320 343 133 28 28 1.261667
1320 350 119 28 28 2.903494
1320 350 126 28 28 6.923356
1320 350 133 28 28 6.083938
1320 357 119 28 28 3.225810
1320 357 126 28 28 8.232408
1320 357 133 28 28 8.997905
1320 480 192 24 24 1.461189
1350 352 32 64 64 2.764948
1350 0 126 36 36 4.169705
1350 9 126 36 36 3.069787
1350 18 126 36 36 2.956811
1350 27 126 36 36 3.860849
1350 144 126 36 36 0.925423
1350 153 126 36 36 0.831019
1350 441 144 36 36 1.377300
1350 450 144 36 36 5.449497
1350 450 153 36 36 4.627359
1350 459 144 36 36 3.911374
1350 459 153 36 36 4.557317
1350 459 162 36 36 0.389349
1350 16 128 32 32 2.666651
1350 24 128 32 32 0.998924
1350 128 112 32 32 1.601761
1350 128 128 32 32 3.131174
1350 256 112 32 32 3.902851
1350 264 112 32 32 2.618598
1350 272 112 32 32 1.568756
1350 392 112 32 32 1.255084
1350 392 128 32 32 4.446101
1350 392 136 32 32 4.515174
1350 400 112 32 32 1.470875
1350 400 128 32 32 5.355635
1350 400 136 32 32 5.973195
1350 400 144 32 32 2.381781
1350 408 112 32 32 0.432436
1350 408 128 32 32 2.209789
1350 408 136 32 32 0.199574
1350 112 126 28 28 0.664666
1350 119 126 28 28 2.631689
1350 119 133 28 28 2.462389
1350 126 126 28 28 4.641070
1350 126 133 28 28 6.352677
1350 336 119 28 28 1.428170
1350 343 112 28 28 2.086942
1350 343 119 28 28 3.591786
1350 350 112 28 28 1.656635
1350 350 119 28 28 2.524859
1350 350 126 28 28 1.230453
1350 357 112 28 28 2.987459
1350 357 119 28 28 8.248991
1350 357 126 28 28 5.749763
1350 357 133 28 28 1.329420
1380 352 16 64 64 1.630099
1380 352 32 64 64 1.495992
1380 352 48 64 64 2.222304
1380 432 126 36 36 4.370671
1380 441 126 36 36 2.521111
1380 441 144 36 36 1.991649
1380 450 126 36 36 1.313359
1380 450 144 36 36 1.966483
1380 450 153 36 36 0.695547
1380 128 112 32 32 1.591081
1380 128 128 32 32 4.324354
1380 256 112 32 32 3.232382
1380 264 112 32 32 2.854533
1380 272 112 32 32 2.633321
1380 280 112 32 32 1.210091
1380 384 112 32 32 2.643134
1380 384 128 32 32 3.061803
1380 112 126 28 28 0.105289
1380 112 133 28 28 0.588423
1380 119 126 28 28 6.170403
1380 119 133 28 28 5.572422
1380 126 126 28 28 4.585918
1380 126 133 28 28 4.938120
1380 336 119 28 28 0.044374
1380 336 126 28 28 3.582070
1380 343 119 28 28 3.158000
1380 343 126 28 28 5.226197
1380 350 119 28 28 3.473217
1380 350 126 28 28 7.075181
1380 357 119 28 28 6.426924
1380 357 126 28 28 6.182059
1380 462 133 28 28 1.751778
1380 384 102 24 24 0.511408
1380 384 108 24 24 3.626009
1380 390 102 24 24 1.466892
1380 390 108 24 24 3.211430
1380 390 114 24 24 1.122810
1410 32 32 64 64 0.178146
1410 48 32 64 64 5.976734
1410 48 48 64 64 0.195208
1410 352 32 64 64 0.798883
1410 144 126 36 36 0.689546
1410 144 144 32 32 0.549680
1410 272 112 32 32 1.082546
1410 280 112 32 32 0.989463
1410 384 112 32 32 2.219033
1410 392 112 32 32 3.928699
1410 392 128 32 32 0.001746
1410 400 112 32 32 1.569907
1410 400 128 32 32 2.990398
1410 408 112 32 32 0.868045
1410 408 128 32 32 0.707012
1410 7 112 28 28 0.344309
1410 7 119 28 28 2.111144
1410 336 119 28 28 3.685279
1410 336 126 28 28 3.450870
1410 343 119 28 28 4.262093
1410 343 126 28 28 6.008715
1410 350 119 28 28 3.632552
1410 350 126 28 28 8.407378
1410 357 119 28 28 3.083696
1410 357 126 28 28 7.165879
1410 455 133 28 28 0.517886
1410 294 6 24 24 0.143638
1410 384 84 24 24 0.981763
1410 384 108 24 24 1.898158
1410 390 108 24 24 0.137561
1410 402 96 24 24 0.599612
1410 402 102 24 24 0.076961
1440 32 16 64 64 0.995954
1440 48 16 64 64 4.117273
1440 48 32 64 64 0.708022
1440 272 16 64 64 2.003480
1440 288 0 64 64 0.005193
1440 288 16 64 64 4.387284
1440 352 16 64 64 3.824878
1440 352 32 64 64 5.248775
1440 352 48 64 64 0.386044
1440 30 140 40 40 3.323115
1440 27 144 36 36 0.829024
1440 144 126 36 36 2.873685
1440 144 144 32 32 2.728554
1440 264 112 32 32 0.083669
1440 272 112 32 32 1.577343
1440 280 112 32 32 2.724569
1440 384 112 32 32 4.539958
1440 384 128 32 32 1.226675
1440 392 112 32 32 4.672382
1440 392 128 32 32 6.326085
1440 392 136 32 32 2.762098
1440 400 112 32 32 4.415418
1440 400 128 32 32 7.789882
1440 400 136 32 32 3.719890
1440 408 128 32 32 4.519357
1440 336 119 28 28 6.135696
1440 336 126 28 28 3.114717
1440 343 112 28 28 0.968956
1440 343 119 28 28 6.285741
1440 343 126 28 28 3.475238
1440 350 112 28 28 3.061236
1440 350 119 28 28 7.025081
1440 350 126 28 28 4.236754
1440 357 112 28 28 0.948734
1440 357 119 28 28 8.168566
1440 357 126 28 28 3.961488
1440 448 133 28 28 2.832168
1440 469 133 28 28 0.929641
1440 402 96 24 24 4.049218
1470 16 16 64 64 1.438561
1470 256 0 64 64 1.723828
1470 256 16 64 64 3.018497
1470 272 0 64 64 5.791122
1470 272 16 64 64 4.901076
1470 288 0 64 64 6.609647
1470 288 16 64 64 4.737362
1470 352 0 64 64 1.509947
1470 352 16 64 64 9.036057
1470 352 32 64 64 8.672268
1470 288 36 48 48 0.548858
1470 408 12 48 48 0.913499
1470 420 12 48 48 1.238507
1470 288 36 48 48 0.548858
1470 408 12 48 48 0.913499
1470 420 12 48 48 1.238507
1470 352 11 44 44 2.859726
1470 352 22 44 44 2.191272
1470 363 11 44 44 2.651676
1470 363 22 44 44 0.948777
1470 350 30 40 40 2.428877
1470 441 18 36 36 0.425924
1470 459 144 36 36 2.651102
1470 264 112 32 32 4.143517
1470 272 112 32 32 4.281940
1470 280 112 32 32 0.875785
1470 384 112 32 32 4.700511
1470 384 128 32 32 8.434510
1470 384 136 32 32 1.118844
1470 392 112 32 32 2.709913
1470 392 128 32 32 3.657264
1470 392 136 32 32 1.600110
1470 400 128 32 32 1.584742
1470 336 112 28 28 2.846269
1470 336 119 28 28 2.463630
1470 343 112 28 28 2.260434
1470 396 18 24 24 1.349866
1470 396 96 24 24 0.744953
1470 402 6 24 24 1.542247
1470 402 12 24 24 6.511450
1470 402 18 24 24 4.012052
1470 402 96 24 24 1.951500
1500 256 16 64 64 0.875271
1500 272 0 64 64 1.968732
1500 272 16 64 64 2.174011
1500 272 32 64 64 0.712520
1500 288 0 64 64 5.296840
1500 288 16 64 64 4.546335
1500 288 32 64 64 2.856797
1500 288 48 64 64 1.336425
1500 352 16 64 64 1.086333
1500 408 12 48 48 1.880383
1500 420 0 48 48 1.559821
1500 420 12 48 48 6.695773
1500 420 24 48 48 7.245123
1500 408 12 48 48 1.880383
1500 420 0 48 48 1.559821
1500 420 12 48 48 6.695773
1500 420 24 48 48 7.245123
1500 363 0 44 44 2.219830
1500 363 11 44 44 1.529868
1500 374 0 44 44 1.286944
1500 374 11 44 44 1.438463
1500 374 22 44 44 1.063274
1500 340 10 40 40 0.359115
1500 441 18 36 36 3.967040
1500 441 27 36 36 5.874292
1500 24 112 32 32 0.714175
1500 264 112 32 32 3.021472
1500 272 112 32 32 7.082011
1500 280 112 32 32 5.906770
1500 392 24 32 32 0.559887
1500 392 128 32 32 0.160841
1500 392 136 32 32 1.076882
1500 400 24 32 32 1.423794
1500 400 112 32 32 2.932494
1500 400 128 32 32 1.886415
1500 408 128 32 32 0.197623
1500 238 112 28 28 0.634018
1500 245 112 28 28 1.157492
1500 336 126 28 28 1.433818
1500 336 133 28 28 0.047306
1500 343 126 28 28 0.154726
1500 343 133 28 28 0.339409
1500 357 133 28 28 2.115151
1500 192 192 24 24 0.257529
1500 198 192 24 24 0.355507
1500 198 198 24 24 0.839618
1500 486 6 24 24 0.937464
1500 486 12 24 24 2.012850
1500 492 6 24 24 0.772822
1500 492 12 24 24 7.441354
1500 492 18 24 24 8.381134
1500 498 6 24 24 0.899528
1500 498 12 24 24 4.142621
1530 256 16 64 64 2.587924
1530 256 32 64 64 6.952181
1530 256 48 64 64 6.788960
1530 272 0 64 64 2.503392
1530 272 16 64 64 4.779221
1530 272 32 64 64 6.607202
1530 272 48 64 64 5.479136
1530 288 0 64 64 1.087994
1530 288 16 64 64 1.391408
1530 288 32 64 64 2.959023
1530 288 48 64 64 0.825805
1530 352 0 64 64 4.502010
1530 352 16 64 64 4.212939
1530 384 0 48 48 0.667654
1530 384 12 48 48 0.554431
1530 384 24 48 48 0.841994
1530 384 36 48 48 0.525700
1530 384 0 48 48 0.667654
1530 384 12 48 48 0.554431
1530 384 24 48 48 0.841994
1530 384 36 48 48 0.525700
1530 20 170 40 40 0.350024
1530 20 180 40 40 0.724233
1530 288 126 36 36 4.653504
1530 297 126 36 36 9.033554
1530 297 144 36 36 0.303276
1530 306 126 36 36 6.035504
1530 306 144 36 36 6.822131
1530 315 126 36 36 3.260825
1530 315 144 36 36 1.981772
1530 256 24 32 32 0.804174
1530 264 24 32 32 0.116653
1530 272 112 32 32 0.708208
1530 408 112 32 32 4.572526
1530 238 21 28 28 2.051127
1530 480 6 24 24 0.839049
1560 256 48 64 64 0.500423
1560 352 0 64 64 4.397319
1560 352 16 64 64 5.750763
1560 352 32 64 64 3.236108
1560 12 192 48 48 1.061439
1560 12 204 48 48 0.752880
1560 24 168 48 48 0.514790
1560 24 192 48 48 3.433998
1560 24 204 48 48 2.418795
1560 36 168 48 48 3.635811
1560 36 192 48 48 3.413857
1560 36 204 48 48 2.092020
1560 36 216 48 48 0.092522
1560 288 36 48 48 2.496993
1560 384 24 48 48 1.956702
1560 384 36 48 48 0.304912
1560 12 192 48 48 1.061439
1560 12 204 48 48 0.752880
1560 24 168 48 48 0.514790
1560 24 192 48 48 3.433998
1560 24 204 48 48 2.418795
1560 36 168 48 48 3.635811
1560 36 192 48 48 3.413857
1560 36 204 48 48 2.092020
1560 36 216 48 48 0.092522
1560 288 36 48 48 2.496993
1560 384 24 48 48 1.956702
1560 384 36 48 48 0.304912
1560 0 154 44 44 1.249761
1560 11 154 44 44 2.142994
1560 22 176 44 44 0.431164
1560 22 187 44 44 0.762115
1560 22 209 44 44 0.145875
1560 33 176 44 44 2.197420
1560 33 187 44 44 4.463538
1560 33 198 44 44 3.537292
1560 33 209 44 44 2.359522
1560 220 140 40 40 10.582786
1560 240 140 40 40 11.662836
1560 350 0 40 40 1.742125
1560 27 162 36 36 1.145398
1560 27 171 36 36 0.992290
1560 198 144 36 36 10.763927
1560 198 153 36 36 2.344384
1560 216 144 36 36 12.983474
1560 216 153 36 36 6.748306
1560 216 162 36 36 0.568379
1560 288 126 36 36 2.773819
1560 297 126 36 36 0.601132
1560 297 144 36 36 0.261382
1560 306 126 36 36 2.359876
1560 306 144 36 36 1.168824
1560 24 152 32 32 0.935344
1560 256 8 32 32 0.127857
1560 256 16 32 32 3.735143
1560 256 24 32 32 1.779605
1560 256 144 32 32 1.700652
1560 256 152 32 32 8.409085
1560 336 98 28 28 1.341893
1560 343 98 28 28 4.243186
1560 350 98 28 28 4.883148
1560 357 98 28 28 4.659039
1560 384 102 24 24 5.903159
1560 384 108 24 24 2.767008
1560 390 18 24 24 0.666593
1560 390 102 24 24 3.748065
1590 256 0 64 64 0.112224
1590 256 16 64 64 2.269171
1590 272 0 64 64 5.227335
1590 272 16 64 64 3.704395
1590 288 16 64 64 2.529999
1590 352 0 64 64 2.907372
1590 352 16 64 64 4.084519
1590 0 192 48 48 1.740922
1590 0 204 48 48 2.214615
1590 12 192 48 48 7.066780
1590 12 204 48 48 5.088870
1590 24 192 48 48 2.704777
1590 0 192 48 48 1.740922
1590 0 204 48 48 2.214615
1590 12 192 48 48 7.066780
1590 12 204 48 48 5.088870
1590 24 192 48 48 2.704777
1590 0 209 44 44 0.395775
1590 11 198 44 44 4.635121
1590 11 209 44 44 4.488120
1590 22 187 44 44 3.503221
1590 22 198 44 44 7.895692
1590 22 209 44 44 5.226020
1590 33 187 44 44 1.878426
1590 33 198 44 44 2.939049
1590 33 209 44 44 0.589581
1590 220 140 40 40 10.772840
1590 144 144 36 36 10.938704
1590 144 153 36 36 8.801754
1590 144 162 36 36 7.356287
1590 144 171 36 36 8.980089
1590 153 144 36 36 5.555212
1590 153 153 36 36 4.205820
1590 153 162 36 36 4.850241
1590 153 171 36 36 8.650702
1590 162 162 36 36 1.393558
1590 162 171 36 36 4.675662
1590 216 126 36 36 5.786009
1590 216 144 36 36 13.968283
1590 216 153 36 36 11.915476
1590 216 162 36 36 2.523272
1590 0 144 32 32 0.682557
1590 128 152 32 32 0.437530
1590 136 152 32 32 0.338071
1590 256 0 32 32 3.341572
1590 256 8 32 32 2.152456
1590 384 16 32 32 2.325597
1590 384 24 32 32 2.918379
1590 392 24 32 32 1.250061
1590 400 112 32 32 3.324723
1590 408 112 32 32 2.957053
1590 238 14 28 28 1.752862
1590 238 112 28 28 0.892611
1590 245 14 28 28 0.871299
1590 336 119 28 28 0.439967
1590 336 126 28 28 1.342155
1590 343 112 28 28 1.524048
1590 343 119 28 28 3.834504
1590 343 126 28 28 4.614829
1590 350 112 28 28 4.159482
1590 350 119 28 28 5.500713
1590 350 126 28 28 3.987070
1590 357 119 28 28 3.486604
1590 357 126 28 28 3.740829
1590 448 126 28 28 0.574626
1590 448 133 28 28 1.853941
1590 455 126 28 28 0.420154
1590 455 133 28 28 1.881187
1590 132 192 24 24 3.418440
1590 144 192 24 24 4.157322
1590 144 198 24 24 3.850270
1590 144 204 24 24 4.643143
1620 32 48 64 64 3.182677
1620 48 48 64 64 2.600373
1620 256 0 64 64 0.489431
1620 272 0 64 64 4.541087
1620 272 16 64 64 2.966247
1620 288 0 64 64 3.215823
1620 288 16 64 64 2.830785
1620 352 0 64 64 3.268778
1620 352 16 64 64 1.031679
1620 396 0 48 48 1.853394
1620 396 0 48 48 1.853394
1620 0 154 44 44 4.333531
1620 0 176 44 44 1.800689
1620 0 140 40 40 9.634800
1620 0 160 40 40 4.827842
1620 0 170 40 40 6.127133
1620 0 180 40 40 3.925164
1620 10 140 40 40 0.348732
1620 10 160 40 40 0.766122
1620 10 170 40 40 3.532934
1620 10 180 40 40 4.274274
1620 0 126 36 36 6.370162
1620 0 144 36 36 7.194260
1620 0 153 36 36 5.881511
1620 0 162 36 36 1.083457
1620 0 171 36 36 3.464245
1620 9 126 36 36 9.239417
1620 9 144 36 36 7.135403
1620 9 153 36 36 5.229561
1620 9 171 36 36 2.756702
1620 18 126 36 36 1.870868
1620 8 112 32 32 0.570507
1620 8 128 32 32 4.693165
1620 8 136 32 32 1.224908
1620 8 152 32 32 2.615036
1620 16 112 32 32 1.711625
1620 16 128 32 32 9.750371
1620 16 136 32 32 6.040709
1620 16 144 32 32 2.173422
1620 16 152 32 32 2.812266
1620 24 128 32 32 4.563633
1620 24 136 32 32 2.402900
1620 128 152 32 32 0.133741
1620 176 112 32 32 0.365419
1620 176 128 32 32 0.080025
1620 384 16 32 32 1.215029
1620 384 24 32 32 1.496059
1620 384 112 32 32 3.097815
1620 392 8 32 32 2.578104
1620 392 16 32 32 0.212068
1620 392 112 32 32 1.212936
1620 14 126 28 28 2.584090
1620 14 133 28 28 2.802057
1620 21 126 28 28 5.384278
1620 21 133 28 28 7.170937
1620 112 98 28 28 0.319165
1620 112 112 28 28 0.708383
1620 119 112 28 28 2.151231
1620 126 133 28 28 0.163329
1620 231 0 28 28 3.399474
1620 231 7 28 28 0.241870
1620 238 0 28 28 1.242813
1620 238 126 28 28 1.828206
1620 238 133 28 28 0.634565
1620 245 126 28 28 3.765914
1620 245 133 28 28 6.158238
1620 336 112 28 28 3.200295
1620 336 119 28 28 1.465680
1620 343 112 28 28 3.920001
1620 343 119 28 28 3.749773
1620 350 112 28 28 6.194749
1620 350 119 28 28 5.675111
1620 357 112 28 28 4.386004
1620 357 119 28 28 4.948463
1620 132 192 24 24 3.103636
1620 132 198 24 24 0.781462
1620 144 192 24 24 3.560347
1620 144 198 24 24 4.785724
1620 144 204 24 24 1.763251
1650 48 16 64 64 0.376963
1650 272 0 64 64 2.284278
1650 272 16 64 64 3.380622
1650 272 32 64 64 1.498542
1650 288 0 64 64 2.170865
1650 288 16 64 64 4.972552
1650 288 32 64 64 5.452679
1650 396 0 48 48 0.075755
1650 396 12 48 48 2.665633
1650 396 24 48 48 0.613938
1650 408 0 48 48 3.111483
1650 408 12 48 48 4.604320
1650 408 24 48 48 2.066170
1650 420 12 48 48 2.670179
1650 420 24 48 48 0.174256
1650 396 0 48 48 0.075755
1650 396 12 48 48 2.665633
1650 396 24 48 48 0.613938
1650 408 0 48 48 3.111483
1650 408 12 48 48 4.604320
1650 408 24 48 48 2.066170
1650 420 12 48 48 2.670179
1650 420 24 48 48 0.174256
1650 352 0 44 44 0.505336
1650 432 27 36 36 0.487013
1650 0 136 32 32 2.205283
1650 8 112 32 32 0.800715
1650 8 128 32 32 4.645261
1650 8 136 32 32 2.104812
1650 16 128 32 32 1.875360
1650 144 128 32 32 0.591737
1650 176 128 32 32 0.433655
1650 384 24 32 32 0.325645
1650 384 144 32 32 0.507337
1650 14 126 28 28 0.884983
1650 14 133 28 28 3.655431
1650 21 126 28 28 2.145196
1650 21 133 28 28 2.415813
1650 126 133 28 28 1.976201
1650 154 133 28 28 1.971137
1650 168 133 28 28 8.642134
1650 224 0 28 28 0.230067
1650 231 0 28 28 2.248509
1650 231 7 28 28 0.978284
1650 336 112 28 28 2.667580
1650 336 119 28 28 5.045176
1650 336 126 28 28 1.746613
1650 343 112 28 28 1.326552
1650 343 119 28 28 1.140936
1650 357 98 28 28 3.937447
1650 0 210 24 24 0.290486
1650 6 210 24 24 0.664676
1650 306 114 24 24 0.477193
1650 390 114 24 24 0.558947
1650 396 114 24 24 2.912786
1650 402 108 24 24 0.372944
1650 402 114 24 24 3.112200
1680 256 16 64 64 0.575166
1680 272 0 64 64 2.213215
1680 272 16 64 64 2.300895
1680 288 0 64 64 2.094843
1680 288 16 64 64 4.120729
1680 352 0 64 64 3.441431
1680 352 16 64 64 4.721108
1680 352 32 64 64 3.387419
1680 420 0 48 48 0.628507
1680 420 12 48 48 2.212725
1680 420 24 48 48 0.818313
1680 420 0 48 48 0.628507
1680 420 12 48 48 2.212725
1680 420 24 48 48 0.818313
1680 0 22 44 44 1.152929
1680 363 0 44 44 1.478082
1680 0 30 40 40 1.538670
1680 441 18 36 36 0.354668
1680 264 112 32 32 1.834974
1680 384 112 32 32 0.552255
1680 384 128 32 32 2.137961
1680 392 24 32 32 0.927995
1680 392 128 32 32 0.696691
1680 224 0 28 28 0.206591
1680 231 0 28 28 3.174285
1680 231 7 28 28 2.369184
1680 231 112 28 28 2.616761
1680 238 112 28 28 1.276053
1680 238 119 28 28 0.512480
1680 245 112 28 28 0.338018
1680 245 119 28 28 0.764410
1680 336 119 28 28 1.762676
1680 336 126 28 28 0.901195
1680 343 119 28 28 3.626168
1680 343 126 28 28 2.604676
1680 350 112 28 28 0.762280
1680 350 119 28 28 4.109698
1680 350 126 28 28 3.938230
1680 357 112 28 28 0.732534
1680 357 119 28 28 4.589114
1680 357 126 28 28 4.287488
1680 357 133 28 28 1.081633
1680 0 204 24 24 2.366186
1680 144 198 24 24 0.872436
1710 352 0 64 64 2.551883
1710 384 36 48 48 0.890088
1710 396 36 48 48 1.785828
1710 408 0 48 48 0.329382
1710 408 24 48 48 0.114565
1710 408 36 48 48 1.524212
1710 420 0 48 48 3.776754
1710 420 12 48 48 2.995012
1710 420 24 48 48 4.057349
1710 420 36 48 48 5.137849
1710 384 36 48 48 0.890088
1710 396 36 48 48 1.785828
1710 408 0 48 48 0.329382
1710 408 24 48 48 0.114565
1710 408 36 48 48 1.524212
1710 420 0 48 48 3.776754
1710 420 12 48 48 2.995012
1710 420 24 48 48 4.057349
1710 420 36 48 48 5.137849
1710 352 0 44 44 1.626715
1710 352 11 44 44 3.428930
1710 352 22 44 44 2.440313
1710 363 0 44 44 3.870718
1710 363 11 44 44 4.819401
1710 363 22 44 44 3.398126
1710 363 33 44 44 0.381127
1710 374 0 44 44 1.400132
1710 374 11 44 44 4.583660
1710 374 22 44 44 3.658063
1710 374 33 44 44 2.488385
1710 385 0 44 44 0.002829
1710 385 11 44 44 0.568704
1710 385 22 44 44 3.429831
1710 385 33 44 44 2.556974
1710 170 140 40 40 1.114335
1710 220 160 40 40 1.690535
1710 240 160 40 40 4.919757
1710 240 170 40 40 2.981167
1710 320 30 40 40 3.439988
1710 330 20 40 40 3.334604
1710 330 30 40 40 5.269950
1710 340 20 40 40 4.614089
1710 340 30 40 40 5.386843
1710 350 20 40 40 3.277596
1710 350 30 40 40 5.465401
1710 0 126 36 36 1.887157
1710 144 126 36 36 3.963629
1710 153 126 36 36 2.452352
1710 162 126 36 36 0.704225
1710 162 144 36 36 2.080417
1710 441 9 36 36 0.661636
1710 441 18 36 36 1.565134
1710 450 162 36 36 0.510061
1710 459 162 36 36 0.260705
1710 0 128 32 32 2.939054
1710 0 136 32 32 1.350545
1710 0 144 32 32 0.294166
1710 8 128 32 32 3.563810
1710 8 136 32 32 3.029543
1710 144 136 32 32 1.993990
1710 176 128 32 32 1.417645
1710 176 136 32 32 1.660032
1710 176 152 32 32 1.738971
1710 192 152 32 32 2.403148
1710 400 24 32 32 0.708859
1710 0 133 28 28 2.242162
1710 7 133 28 28 2.254612
1710 14 133 28 28 2.407395
1710 168 133 28 28 3.182182
1710 231 0 28 28 1.722390
1710 231 7 28 28 1.007740
1710 462 98 28 28 2.166713
1710 469 98 28 28 3.669210
1710 469 112 28 28 1.517204
1710 108 108 24 24 0.539602
1710 384 84 24 24 2.138038
1710 390 84 24 24 2.929130
1710 396 84 24 24 3.329280
1710 402 84 24 24 3.804328
1710 402 114 24 24 0.559913
1710 480 84 24 24 3.111902
1710 480 114 24 24 0.844037
1710 480 204 24 24 1.230894
1710 486 204 24 24 0.575155
1710 492 204 24 24 0.421498
1740 16 48 64 64 1.033361
1740 256 16 64 64 0.554691
1740 256 32 64 64 1.073379
1740 272 0 64 64 0.380844
1740 272 16 64 64 3.455926
1740 272 32 64 64 2.423476
1740 288 0 64 64 0.453202
1740 288 16 64 64 4.631558
1740 288 32 64 64 2.296417
1740 352 0 64 64 1.402225
1740 352 16 64 64 4.580507
1740 352 32 64 64 6.817472
1740 352 48 64 64 4.841988
1740 420 0 48 48 2.017217
1740 420 12 48 48 1.644891
1740 420 0 48 48 2.017217
1740 420 12 48 48 1.644891
1740 363 0 44 44 1.602522
1740 385 0 44 44 0.414156
1740 216 126 36 36 2.259876
1740 297 126 36 36 2.023865
1740 432 126 36 36 0.736627
1740 432 144 36 36 0.318533
1740 441 9 36 36 0.386250
1740 441 18 36 36 2.772206
1740 441 27 36 36 0.372448
1740 441 126 36 36 0.371936
1740 441 144 36 36 1.382151
1740 384 128 32 32 4.241523
1740 392 128 32 32 2.406428
1740 400 128 32 32 2.699245
1740 408 128 32 32 0.796405
1740 231 0 28 28 1.339574
1740 231 7 28 28 1.884961
1740 231 112 28 28 2.793763
1740 238 112 28 28 4.705369
1740 238 119 28 28 4.594683
1740 245 119 28 28 0.020051
1740 336 126 28 28 3.454184
1740 336 133 28 28 3.358153
1740 343 126 28 28 0.718983
1740 343 133 28 28 1.717003
1740 350 126 28 28 4.622876
1740 350 133 28 28 3.652524
1740 357 119 28 28 2.126204
1740 357 126 28 28 4.984658
1740 357 133 28 28 4.286503
1740 480 84 24 24 2.822583
1770 272 16 64 64 3.280006
1770 272 32 64 64 3.054653
1770 288 16 64 64 4.215363
1770 288 32 64 64 4.245432
1770 352 0 64 64 2.393297
1770 352 16 64 64 3.748967
1770 352 32 64 64 3.005991
1770 0 192 48 48 0.034710
1770 0 204 48 48 1.512024
1770 0 216 48 48 3.818360
1770 0 228 48 48 2.344691
1770 12 204 48 48 1.940311
1770 12 216 48 48 2.713556
1770 12 228 48 48 0.631736
1770 24 192 48 48 2.287737
1770 24 204 48 48 3.142753
1770 24 216 48 48 4.026906
1770 24 228 48 48 2.234181
1770 36 192 48 48 3.179910
1770 36 204 48 48 4.180810
1770 36 216 48 48 5.787788
1770 36 228 48 48 3.760775
1770 420 0 48 48 2.746527
1770 420 12 48 48 3.135256
1770 0 192 48 48 0.034710
1770 0 204 48 48 1.512024
1770 0 216 48 48 3.818360
1770 0 228 48 48 2.344691
1770 12 204 48 48 1.940311
1770 12 216 48 48 2.713556
1770 12 228 48 48 0.631736
1770 24 192 48 48 2.287737
1770 24 204 48 48 3.142753
1770 24 216 48 48 4.026906
1770 24 228 48 48 2.234181
1770 36 192 48 48 3.179910
1770 36 204 48 48 4.180810
1770 36 216 48 48 5.787788
1770 36 228 48 48 3.760775
1770 420 0 48 48 2.746527
1770 420 12 48 48 3.135256
1770 0 209 44 44 2.253741
1770 33 209 44 44 2.830946
1770 363 0 44 44 1.538384
1770 385 0 44 44 0.181781
1770 0 160 40 40 1.122220
1770 0 170 40 40 3.613565
1770 0 180 40 40 1.860701
1770 10 180 40 40 0.949727
1770 0 171 36 36 1.642197
1770 9 171 36 36 0.805080
1770 441 18 36 36 2.651973
1770 441 27 36 36 0.403371
1770 8 264 32 32 1.264251
1770 8 272 32 32 2.222335
1770 8 280 32 32 1.655850
1770 16 256 32 32 0.539492
1770 16 264 32 32 3.499290
1770 16 272 32 32 5.553004
1770 16 280 32 32 5.198564
1770 24 256 32 32 0.550329
1770 24 264 32 32 2.954578
1770 24 272 32 32 3.067631
1770 24 280 32 32 1.405323
1770 264 112 32 32 2.368820
1770 384 128 32 32 2.628819
1770 392 128 32 32 1.760233
1770 400 128 32 32 3.506391
1770 408 128 32 32 0.421205
1770 231 0 28 28 0.608256
1770 231 7 28 28 2.038981
1770 231 112 28 28 3.114953
1770 231 119 28 28 4.497176
1770 238 112 28 28 4.375446
1770 238 119 28 28 7.426765
1770 245 119 28 28 2.770493
1770 336 126 28 28 1.227068
1770 343 126 28 28 2.307224
1770 343 133 28 28 0.875696
1770 350 126 28 28 5.810220
1770 350 133 28 28 5.414150
1770 357 126 28 28 6.992016
1770 357 133 28 28 8.486446
1770 469 112 28 28 0.368086
1770 18 204 24 24 2.224944
1770 18 210 24 24 3.083211
1770 96 204 24 24 0.513883
1770 96 210 24 24 2.459754
1770 108 108 24 24 1.670315
1770 108 114 24 24 0.625701
1770 480 0 24 24 2.083369
1770 480 84 24 24 3.221048
1800 0 48 64 64 0.340082
1800 352 0 64 64 0.653363
1800 0 168 48 48 4.801298
1800 0 192 48 48 8.990121
1800 0 204 48 48 5.612431
1800 12 168 48 48 4.730600
1800 12 192 48 48 9.633759
1800 12 204 48 48 5.449855
1800 24 168 48 48 3.800665
1800 24 192 48 48 11.666268
1800 24 204 48 48 8.021802
1800 24 216 48 48 1.218241
1800 36 168 48 48 0.037644
1800 36 192 48 48 7.424002
1800 36 204 48 48 4.528489
1800 192 168 48 48 1.103302
1800 192 192 48 48 1.689061
1800 192 204 48 48 2.252965
1800 192 216 48 48 5.016989
1800 192 228 48 48 2.851624
1800 204 168 48 48 0.573128
1800 204 192 48 48 3.464210
1800 204 204 48 48 3.766791
1800 204 216 48 48 3.852563
1800 204 228 48 48 2.614367
1800 216 192 48 48 2.286892
1800 216 204 48 48 2.384951
1800 216 216 48 48 4.081224
1800 216 228 48 48 3.416122
1800 384 12 48 48 1.044118
1800 384 24 48 48 2.708810
1800 384 36 48 48 1.614620
1800 420 0 48 48 2.198612
1800 420 12 48 48 5.591754
1800 420 24 48 48 3.474993
1800 420 36 48 48 1.488499
1800 0 168 48 48 4.801298
1800 0 192 48 48 8.990121
1800 0 204 48 48 5.612431
1800 12 168 48 48 4.730600
1800 12 192 48 48 9.633759
1800 12 204 48 48 5.449855
1800 24 168 48 48 3.800665
1800 24 192 48 48 11.666268
1800 24 204 48 48 8.021802
1800 24 216 48 48 1.218241
1800 36 168 48 48 0.037644
1800 36 192 48 48 7.424002
1800 36 204 48 48 4.528489
1800 192 168 48 48 1.103302
1800 192 192 48 48 1.689061
1800 192 204 48 48 2.252965
1800 192 216 48 48 5.016989
1800 192 228 48 48 2.851624
1800 204 168 48 48 0.573128
1800 204 192 48 48 3.464210
1800 204 204 48 48 3.766791
1800 204 216 48 48 3.852563
1800 204 228 48 48 2.614367
1800 216 192 48 48 2.286892
1800 216 204 48 48 2.384951
1800 216 216 48 48 4.081224
1800 216 228 48 48 3.416122
1800 384 12 48 48 1.044118
1800 384 24 48 48 2.708810
1800 384 36 48 48 1.614620
1800 420 0 48 48 2.198612
1800 420 12 48 48 5.591754
1800 420 24 48 48 3.474993
1800 420 36 48 48 1.488499
1800 0 176 44 44 5.646416
1800 0 187 44 44 11.405251
1800 0 198 44 44 10.292750
1800 0 209 44 44 6.799413
1800 11 176 44 44 4.745981
1800 11 187 44 44 9.277976
1800 11 198 44 44 10.305080
1800 11 209 44 44 7.689506
1800 22 154 44 44 0.212813
1800 22 176 44 44 3.019298
1800 22 187 44 44 6.801447
1800 22 198 44 44 9.434794
1800 22 209 44 44 6.910904
1800 33 176 44 44 3.399346
1800 33 187 44 44 9.276539
1800 33 198 44 44 12.509645
1800 33 209 44 44 11.116244
1800 176 176 44 44 1.279418
1800 176 187 44 44 0.393340
1800 176 198 44 44 3.617752
1800 176 209 44 44 6.053448
1800 187 209 44 44 3.029150
1800 352 33 44 44 2.878758
1800 363 0 44 44 1.399269
1800 363 22 44 44 1.035016
1800 363 33 44 44 6.750902
1800 374 22 44 44 4.096062
1800 374 33 44 44 6.543186
1800 385 0 44 44 0.227879
1800 385 22 44 44 0.753555
1800 385 33 44 44 6.187897
1800 10 140 40 40 3.416972
1800 10 190 40 40 7.275334
1800 20 140 40 40 0.329155
1800 20 190 40 40 5.901182
1800 30 140 40 40 0.344202
1800 30 190 40 40 4.725157
1800 160 140 40 40 0.231406
1800 170 140 40 40 2.379196
1800 180 190 40 40 0.204495
1800 240 160 40 40 1.172978
1800 320 160 40 40 1.776292
1800 330 160 40 40 2.102133
1800 9 126 36 36 4.553358
1800 9 144 36 36 0.357731
1800 18 126 36 36 3.231684
1800 18 144 36 36 1.778042
1800 27 126 36 36 0.988476
1800 27 144 36 36 1.878123
1800 144 126 36 36 3.817491
1800 153 126 36 36 5.966566
1800 162 126 36 36 0.838179
1800 297 171 36 36 0.441341
1800 441 18 36 36 2.514575
1800 441 27 36 36 0.765719
1800 16 136 32 32 3.720968
1800 16 144 32 32 2.432062
1800 16 152 32 32 0.061228
1800 24 112 32 32 2.948447
1800 24 128 32 32 2.845536
1800 24 136 32 32 4.551535
1800 24 144 32 32 1.890359
1800 24 152 32 32 0.097235
1800 176 272 32 32 1.406513
1800 192 144 32 32 2.393994
1800 192 152 32 32 2.065902
1800 192 256 32 32 6.236620
1800 192 264 32 32 7.130432
1800 192 272 32 32 5.262998
1800 192 280 32 32 2.799179
1800 256 256 32 32 0.206550
1800 256 264 32 32 1.004294
1800 264 112 32 32 1.363315
1800 264 256 32 32 2.049311
1800 264 264 32 32 2.525581
1800 272 112 32 32 0.515416
1800 272 256 32 32 0.624353
1800 21 231 28 28 3.559576
1800 21 238 28 28 6.021266
1800 21 245 28 28 2.794772
1800 231 0 28 28 0.476034
1800 231 7 28 28 2.144021
1800 455 14 28 28 0.013178
1800 469 98 28 28 2.152620
1800 198 192 24 24 1.015532
1800 198 198 24 24 0.317676
1800 204 192 24 24 6.119573
1800 204 198 24 24 1.970631
1800 204 204 24 24 0.177149
1800 204 288 24 24 2.145957
1800 204 294 24 24 0.896608
1800 204 300 24 24 0.793114
1800 210 192 24 24 2.455812
1800 210 288 24 24 4.001997
1800 210 294 24 24 4.145421
1800 210 300 24 24 2.930190
1800 384 108 24 24 2.095804
1800 390 108 24 24 0.515207
1800 396 108 24 24 2.510132
1800 402 96 24 24 1.283519
1800 402 102 24 24 2.081996
1800 402 108 24 24 4.285462
1800 480 0 24 24 2.992626
1800 480 84 24 24 3.270595
1800 480 96 24 24 1.919594
1830 272 32 64 64 0.756279
1830 272 48 64 64 0.962408
1830 288 16 64 64 0.534392
1830 288 32 64 64 5.813723
1830 288 48 64 64 3.728007
1830 352 32 64 64 0.858666
1830 352 48 64 64 2.434476
1830 192 192 48 48 2.993179
1830 192 204 48 48 0.899242
1830 384 192 48 48 2.206799
1830 384 204 48 48 3.593782
1830 384 216 48 48 4.649512
1830 384 228 48 48 4.326406
1830 396 192 48 48 1.828163
1830 396 204 48 48 5.908393
1830 396 216 48 48 6.240724
1830 396 228 48 48 3.378087
1830 408 204 48 48 1.875413
1830 408 216 48 48 2.833929
1830 420 0 48 48 1.895299
1830 420 12 48 48 2.353719
1830 420 36 48 48 2.281207
1830 192 192 48 48 2.993179
1830 192 204 48 48 0.899242
1830 384 192 48 48 2.206799
1830 384 204 48 48 3.593782
1830 384 216 48 48 4.649512
1830 384 228 48 48 4.326406
1830 396 192 48 48 1.828163
1830 396 204 48 48 5.908393
1830 396 216 48 48 6.240724
1830 396 228 48 48 3.378087
1830 408 204 48 48 1.875413
1830 408 216 48 48 2.833929
1830 420 0 48 48 1.895299
1830 420 12 48 48 2.353719
1830 420 36 48 48 2.281207
1830 11 154 44 44 0.278229
1830 176 154 44 44 3.826914
1830 176 176 44 44 2.012716
1830 176 187 44 44 5.477184
1830 176 198 44 44 8.096814
1830 176 209 44 44 8.315558
1830 187 176 44 44 1.803697
1830 187 187 44 44 4.709517
1830 187 198 44 44 6.972810
1830 187 209 44 44 6.494230
1830 198 198 44 44 4.277743
1830 198 209 44 44 2.080732
1830 352 154 44 44 1.563976
1830 363 22 44 44 0.538934
1830 363 33 44 44 0.032896
1830 363 154 44 44 0.699432
1830 374 11 44 44 1.812050
1830 374 22 44 44 3.863944
1830 374 33 44 44 2.071079
1830 385 33 44 44 1.954592
1830 0 140 40 40 3.346098
1830 10 160 40 40 1.309310
1830 20 160 40 40 2.332919
1830 30 140 40 40 1.354599
1830 30 160 40 40 2.562564
1830 160 190 40 40 3.152366
1830 170 190 40 40 2.749118
1830 180 140 40 40 0.079071
1830 180 160 40 40 0.624330
1830 180 180 40 40 1.290912
1830 180 190 40 40 3.813468
1830 330 140 40 40 1.695783
1830 330 170 40 40 0.466863
1830 340 160 40 40 2.062840
1830 340 170 40 40 4.396017
1830 340 180 40 40 5.860296
1830 340 190 40 40 1.213588
1830 350 160 40 40 0.602355
1830 350 170 40 40 5.357548
1830 350 180 40 40 4.770234
1830 0 153 36 36 4.033664
1830 0 162 36 36 2.781724
1830 9 153 36 36 2.557439
1830 9 162 36 36 2.705789
1830 18 162 36 36 2.952963
1830 18 171 36 36 0.140302
1830 27 162 36 36 2.440509
1830 27 171 36 36 2.653198
1830 153 126 36 36 4.929029
1830 153 144 36 36 4.933831
1830 162 126 36 36 4.100298
1830 162 144 36 36 3.495384
1830 198 144 36 36 3.188368
1830 198 162 36 36 0.934921
1830 198 171 36 36 1.369077
1830 315 126 36 36 2.794111
1830 441 18 36 36 1.285690
1830 441 27 36 36 0.324724
1830 450 126 36 36 0.307485
1830 176 128 32 32 1.323457
1830 176 136 32 32 2.275017
1830 176 144 32 32 2.363417
1830 192 144 32 32 2.194249
1830 192 152 32 32 0.623593
1830 264 112 32 32 0.443506
1830 264 128 32 32 0.200141
1830 264 144 32 32 3.710390
1830 264 152 32 32 3.943633
1830 272 128 32 32 3.051349
1830 272 144 32 32 3.586145
1830 272 152 32 32 4.455535
1830 384 256 32 32 5.048873
1830 384 264 32 32 5.313157
1830 384 272 32 32 3.044117
1830 392 256 32 32 5.220541
1830 392 264 32 32 4.955407
1830 392 272 32 32 2.171761
1830 400 256 32 32 3.263000
1830 400 264 32 32 4.232384
1830 400 272 32 32 2.121988
1830 408 256 32 32 4.854780
1830 408 264 32 32 4.611459
1830 408 272 32 32 1.407437
1830 224 224 28 28 0.891030
1830 224 231 28 28 2.465912
1830 224 238 28 28 1.316898
1830 224 245 28 28 1.982641
1830 231 0 28 28 0.348468
1830 231 7 28 28 2.180021
1830 238 119 28 28 1.952194
1830 455 14 28 28 0.144129
1830 455 112 28 28 4.359538
1830 455 119 28 28 3.865069
1830 462 112 28 28 2.225153
1830 462 119 28 28 1.428918
1830 469 112 28 28 0.474984
1830 469 119 28 28 1.030835
1830 12 192 24 24 1.646576
1830 12 198 24 24 1.592985
1830 12 210 24 24 0.277209
1830 18 192 24 24 6.374453
1830 18 198 24 24 6.868657
1830 18 204 24 24 3.500938
1830 18 210 24 24 3.403318
1830 384 300 24 24 1.171349
1830 390 294 24 24 1.278710
1830 390 300 24 24 3.620688
1830 390 306 24 24 0.600923
1830 396 288 24 24 3.384448
1830 396 294 24 24 4.205466
1830 396 300 24 24 3.780669
1830 402 288 24 24 4.560008
1830 402 294 24 24 3.455558
1830 480 0 24 24 3.814961
1830 480 84 24 24 3.542651
1830 486 0 24 24 0.149140
