30 0 16 64 64 2.613970
30 0 32 64 64 2.088251
30 16 16 64 64 4.463211
30 16 32 64 64 1.684017
30 32 16 64 64 4.182930
30 288 16 64 64 0.676032
30 192 12 48 48 3.963569
30 192 24 48 48 0.918674
30 192 12 48 48 3.963569
30 192 24 48 48 0.918674
30 144 0 36 36 2.489431
30 297 144 36 36 1.387129
30 306 144 36 36 3.339664
30 306 153 36 36 0.338300
30 315 144 36 36 0.529313
30 136 8 32 32 0.782067
30 144 0 32 32 2.617392
30 144 8 32 32 5.141308
30 384 112 32 32 1.457879
30 119 98 28 28 1.841009
30 126 98 28 28 1.523897
30 154 7 28 28 0.813239
30 154 14 28 28 5.785182
30 154 21 28 28 0.618488
30 168 14 28 28 0.255190
30 168 133 28 28 0.532274
30 238 0 28 28 1.443819
30 245 0 28 28 0.009532
30 462 126 28 28 0.462668
30 469 126 28 28 3.507172
30 132 108 24 24 0.805426
30 132 114 24 24 2.933434
30 204 102 24 24 1.594794
60 0 16 64 64 2.514964
60 0 32 64 64 2.009658
60 16 0 64 64 1.959877
60 16 16 64 64 2.489856
60 16 32 64 64 0.750265
60 32 16 64 64 2.836909
60 48 16 64 64 1.833920
60 192 24 48 48 0.110757
60 192 24 48 48 0.110757
60 306 126 36 36 0.106778
60 315 126 36 36 2.299044
60 384 112 32 32 3.955618
60 392 112 32 32 4.008916
60 400 112 32 32 5.568734
60 408 112 32 32 3.623595
60 14 126 28 28 1.177173
60 112 98 28 28 0.406642
60 119 98 28 28 1.656643
60 126 98 28 28 1.162164
60 132 6 24 24 2.156784
60 132 12 24 24 2.114374
60 132 102 24 24 1.570583
60 144 0 24 24 1.005672
60 144 6 24 24 0.895812
60 192 102 24 24 0.765345
60 198 96 24 24 2.592911
60 198 102 24 24 2.089948
60 198 108 24 24 1.217227
60 204 96 24 24 1.194209
60 204 102 24 24 0.792578
60 210 18 24 24 0.438049
60 384 114 24 24 4.706206
60 390 114 24 24 1.776510
60 402 114 24 24 3.788076
60 492 294 24 24 0.151458
90 0 36 48 48 1.542797
90 12 36 48 48 1.067171
90 0 36 48 48 1.542797
90 12 36 48 48 1.067171
90 0 33 44 44 0.106490
90 11 33 44 44 1.035431
90 288 126 36 36 7.488943
90 297 126 36 36 6.340915
90 264 112 32 32 0.780806
90 264 136 32 32 0.334970
90 272 112 32 32 1.322028
90 280 112 32 32 1.163035
90 245 98 28 28 0.664872
90 210 192 24 24 0.399256
90 288 108 24 24 3.077252
90 288 114 24 24 5.003051
90 294 102 24 24 1.118375
90 294 108 24 24 4.120990
90 294 114 24 24 5.507433
90 300 108 24 24 4.421542
90 300 114 24 24 7.098173
90 306 114 24 24 4.556074
90 486 12 24 24 0.211726
90 486 18 24 24 1.518832
90 486 114 24 24 0.404993
90 492 102 24 24 1.038995
90 492 108 24 24 2.786476
90 492 114 24 24 2.288351
90 498 102 24 24 0.200098
120 242 154 44 44 2.483560
120 264 154 44 44 0.789488
120 220 140 40 40 1.022920
120 220 160 40 40 2.983290
120 220 170 40 40 1.269108
120 220 180 40 40 0.168467
120 240 140 40 40 2.298531
120 240 160 40 40 3.171755
120 240 170 40 40 3.295276
120 320 160 40 40 0.132852
120 320 170 40 40 0.388623
120 0 126 36 36 0.330751
120 9 126 36 36 3.914970
120 27 126 36 36 0.057133
120 27 144 36 36 0.354367
120 198 153 36 36 3.203073
120 198 162 36 36 3.330515
120 216 153 36 36 2.041677
120 216 162 36 36 2.794834
120 216 171 36 36 0.221559
120 288 153 36 36 3.083566
120 288 162 36 36 4.618012
120 288 171 36 36 3.854502
120 297 171 36 36 0.437171
120 315 162 36 36 0.090808
120 315 171 36 36 1.877082
120 16 136 32 32 3.117273
120 16 144 32 32 2.586462
120 24 136 32 32 1.023034
120 24 144 32 32 1.901832
120 96 102 24 24 0.536486
120 96 108 24 24 0.622125
120 96 114 24 24 0.684756
120 132 192 24 24 0.311723
120 132 198 24 24 2.563249
120 192 96 24 24 2.085331
120 204 96 24 24 0.875147
120 210 96 24 24 3.189672
120 210 102 24 24 4.099202
120 210 108 24 24 3.003727
120 288 192 24 24 3.575500
120 288 198 24 24 2.362496
150 242 154 44 44 2.362656
150 242 176 44 44 0.338635
150 352 187 44 44 0.585541
150 363 154 44 44 2.079799
150 363 176 44 44 2.137613
150 363 187 44 44 1.225879
150 374 154 44 44 2.701035
150 374 176 44 44 3.080273
150 374 187 44 44 0.662849
150 385 154 44 44 3.349246
150 385 176 44 44 2.412841
150 385 187 44 44 1.369730
150 0 140 40 40 0.393818
150 10 140 40 40 0.250728
150 220 170 40 40 0.576209
150 220 180 40 40 3.173174
150 220 190 40 40 0.306025
150 240 160 40 40 0.002764
150 240 170 40 40 3.267656
150 240 180 40 40 1.836249
150 0 126 36 36 0.502202
150 9 126 36 36 0.972982
150 9 144 36 36 1.045923
150 18 126 36 36 2.354333
150 27 126 36 36 1.564258
150 16 136 32 32 0.297629
150 16 144 32 32 0.567425
150 16 152 32 32 1.935752
150 24 136 32 32 0.463979
150 24 152 32 32 0.773317
150 448 119 28 28 1.447024
150 448 126 28 28 1.664750
150 132 210 24 24 1.733254
150 288 210 24 24 0.239959
150 384 204 24 24 2.191803
150 390 204 24 24 2.437484
180 0 36 48 48 0.562410
180 0 36 48 48 0.562410
180 128 128 32 32 2.279124
180 128 136 32 32 3.760544
180 136 112 32 32 1.047744
180 136 128 32 32 4.777465
180 136 136 32 32 2.342035
180 144 112 32 32 3.204408
180 144 128 32 32 0.320321
180 176 128 32 32 2.524928
180 192 112 32 32 10.034599
180 192 128 32 32 6.832215
180 256 128 32 32 0.837499
180 0 133 28 28 0.563785
180 126 224 28 28 1.841844
180 126 231 28 28 2.382992
180 126 238 28 28 2.681219
180 126 245 28 28 1.013263
180 154 98 28 28 2.215328
180 154 133 28 28 2.597857
180 168 133 28 28 4.856368
180 486 0 24 24 2.523144
180 486 6 24 24 0.299709
180 486 18 24 24 2.050295
180 492 0 24 24 0.238012
210 0 126 36 36 4.199246
210 9 126 36 36 2.154595
210 18 126 36 36 0.557516
210 450 144 36 36 2.348529
210 459 144 36 36 3.829985
210 0 128 32 32 2.708946
210 0 136 32 32 0.145280
210 8 128 32 32 2.663711
210 8 136 32 32 1.518271
210 16 128 32 32 2.836436
210 16 136 32 32 1.892745
210 16 144 32 32 1.738114
210 24 128 32 32 2.116017
210 24 136 32 32 1.529304
210 24 144 32 32 0.093899
210 384 128 32 32 0.236890
210 392 128 32 32 0.988068
210 408 136 32 32 0.063794
210 408 144 32 32 2.583366
210 112 133 28 28 0.555828
210 336 126 28 28 0.423802
210 336 133 28 28 0.789385
210 12 84 24 24 1.376923
210 18 84 24 24 0.987939
210 96 108 24 24 0.134592
210 96 114 24 24 1.129157
210 102 108 24 24 2.723543
210 102 114 24 24 0.339493
210 288 294 24 24 0.641932
210 486 192 24 24 2.000083
210 492 192 24 24 1.255049
210 492 204 24 24 0.443858
240 288 16 64 64 0.279148
240 288 32 64 64 1.165640
240 0 126 36 36 4.516030
240 9 126 36 36 2.261155
240 18 126 36 36 0.646139
240 27 126 36 36 3.061621
240 441 144 36 36 0.493191
240 450 126 36 36 0.351785
240 459 126 36 36 1.918679
240 0 128 32 32 3.229226
240 0 136 32 32 5.066132
240 0 144 32 32 3.793360
240 8 136 32 32 3.549403
240 8 144 32 32 3.038719
240 16 136 32 32 1.715892
240 16 144 32 32 2.394276
240 24 136 32 32 1.183876
240 24 144 32 32 0.588027
240 112 126 28 28 2.045606
240 112 133 28 28 2.060004
270 256 32 64 64 0.149698
270 288 32 64 64 2.493688
270 288 48 64 64 0.337397
270 0 36 48 48 3.320886
270 12 36 48 48 2.674110
270 24 36 48 48 2.140018
270 0 36 48 48 3.320886
270 12 36 48 48 2.674110
270 24 36 48 48 2.140018
270 9 144 36 36 1.903356
270 18 126 36 36 2.768345
270 18 144 36 36 1.778631
270 27 126 36 36 2.272115
270 27 144 36 36 0.410562
270 8 112 32 32 1.088010
270 16 112 32 32 4.501263
270 16 144 32 32 0.008171
270 16 152 32 32 1.196187
270 24 112 32 32 4.403139
270 24 128 32 32 1.137634
270 24 136 32 32 0.985151
270 24 144 32 32 6.253699
270 24 152 32 32 5.868573
270 176 128 32 32 3.234957
270 384 112 32 32 2.358057
270 384 128 32 32 4.672824
270 392 128 32 32 3.501718
270 0 112 28 28 2.746274
270 7 112 28 28 2.496896
270 21 112 28 28 2.598401
270 21 119 28 28 2.462257
270 224 119 28 28 2.237740
270 231 119 28 28 0.034230
270 448 133 28 28 1.052312
270 462 133 28 28 0.448454
270 18 114 24 24 0.760113
270 102 96 24 24 0.858560
270 102 102 24 24 1.546647
270 108 96 24 24 6.099115
270 108 102 24 24 4.484601
300 32 32 64 64 4.056888
300 48 32 64 64 1.774819
300 256 16 64 64 1.021716
300 256 32 64 64 1.273118
300 272 16 64 64 1.220298
300 272 32 64 64 1.462557
300 288 32 64 64 0.664920
300 0 12 48 48 3.373011
300 0 24 48 48 2.360089
300 12 12 48 48 3.221867
300 0 12 48 48 3.373011
300 0 24 48 48 2.360089
300 12 12 48 48 3.221867
300 11 22 44 44 3.470251
300 22 11 44 44 0.389053
300 22 22 44 44 2.708624
300 20 30 40 40 0.654563
300 30 30 40 40 0.701355
300 0 126 36 36 3.416178
300 9 126 36 36 2.104351
300 0 128 32 32 1.169675
300 0 136 32 32 2.604996
300 0 144 32 32 1.498997
300 8 136 32 32 1.278558
300 8 144 32 32 0.139451
300 231 119 28 28 0.138551
300 343 133 28 28 2.406474
300 384 114 24 24 1.067184
300 396 114 24 24 2.189880
300 486 84 24 24 2.269144
330 0 16 64 64 0.425802
330 16 16 64 64 3.362952
330 32 16 64 64 3.241730
330 32 32 64 64 3.515738
330 0 36 48 48 4.796506
330 12 36 48 48 1.527910
330 0 36 48 48 4.796506
330 12 36 48 48 1.527910
330 0 153 36 36 0.798093
330 441 126 36 36 1.482649
330 0 98 28 28 5.789828
330 0 112 28 28 0.740524
330 0 119 28 28 0.559394
330 0 126 28 28 2.824074
330 7 119 28 28 0.393686
330 14 119 28 28 1.051843
330 14 126 28 28 2.795821
330 455 112 28 28 2.207778
330 455 119 28 28 3.796036
330 455 126 28 28 0.393414
330 462 112 28 28 3.268869
330 462 119 28 28 4.580010
330 462 126 28 28 2.671616
330 469 112 28 28 4.754622
330 469 119 28 28 3.767773
330 0 108 24 24 2.099348
330 0 114 24 24 3.704788
330 6 102 24 24 1.168010
330 6 108 24 24 2.744055
330 6 114 24 24 2.999157
330 12 102 24 24 1.304646
330 12 108 24 24 4.074037
330 12 114 24 24 0.224173
330 390 114 24 24 1.973804
330 396 114 24 24 3.960946
330 402 114 24 24 0.345242
330 492 84 24 24 0.915249
330 498 84 24 24 1.064785
360 0 0 64 64 1.019576
360 0 16 64 64 1.181320
360 0 24 48 48 1.074522
360 12 12 48 48 0.114098
360 12 24 48 48 3.596096
360 24 12 48 48 1.866657
360 24 24 48 48 4.094971
360 0 24 48 48 1.074522
360 12 12 48 48 0.114098
360 12 24 48 48 3.596096
360 24 12 48 48 1.866657
360 24 24 48 48 4.094971
360 22 33 44 44 1.603299
360 384 152 32 32 2.699056
360 245 119 28 28 6.191839
360 245 126 28 28 2.081935
360 357 126 28 28 1.054188
360 357 133 28 28 1.998066
360 0 114 24 24 1.292600
360 6 114 24 24 0.080852
360 18 96 24 24 1.209930
360 18 102 24 24 1.445327
360 192 294 24 24 3.191196
360 198 288 24 24 4.474947
360 198 294 24 24 2.730189
360 204 288 24 24 1.272446
360 204 294 24 24 1.103499
360 210 288 24 24 1.918318
360 210 294 24 24 0.746203
360 288 294 24 24 1.957117
360 294 294 24 24 1.819055
360 300 294 24 24 0.489111
360 306 294 24 24 1.191536
360 402 108 24 24 0.964123
390 352 48 64 64 2.716575
390 0 0 48 48 1.881386
390 384 216 48 48 0.625631
390 396 216 48 48 0.436393
390 0 0 48 48 1.881386
390 384 216 48 48 0.625631
390 396 216 48 48 0.436393
390 0 22 44 44 0.076258
390 9 0 36 36 1.806829
390 18 0 36 36 3.581044
390 432 144 36 36 3.727247
390 432 153 36 36 1.943720
390 441 144 36 36 1.593671
390 441 153 36 36 0.341771
390 8 128 32 32 0.552159
390 8 136 32 32 1.753706
390 16 128 32 32 4.140455
390 24 128 32 32 1.459599
390 384 128 32 32 5.777351
390 384 136 32 32 5.593284
390 384 144 32 32 3.781768
390 392 128 32 32 5.166573
390 392 136 32 32 7.010395
390 392 144 32 32 6.487201
390 392 152 32 32 0.503017
390 400 128 32 32 3.080915
390 400 136 32 32 6.524765
390 400 144 32 32 6.805139
390 400 152 32 32 2.838466
390 408 128 32 32 1.314408
390 408 136 32 32 4.963979
390 408 144 32 32 5.443626
390 408 152 32 32 3.738679
390 21 133 28 28 0.542031
390 231 98 28 28 1.587633
390 231 112 28 28 4.616104
390 238 112 28 28 5.020011
390 357 112 28 28 1.970499
390 0 96 24 24 3.161174
390 6 84 24 24 0.824415
390 6 96 24 24 2.672185
390 12 84 24 24 2.497172
390 18 84 24 24 1.126823
390 384 108 24 24 0.111622
420 352 0 64 64 0.298303
420 352 16 64 64 1.747796
420 352 32 64 64 0.238516
420 0 9 36 36 2.035870
420 9 9 36 36 0.244447
420 432 144 36 36 4.854503
420 432 153 36 36 3.258871
420 441 144 36 36 3.930725
420 441 153 36 36 2.931619
420 450 153 36 36 1.936190
420 16 128 32 32 0.613366
420 24 128 32 32 2.971667
420 280 112 32 32 0.336207
420 392 112 32 32 0.995606
420 408 112 32 32 2.227093
420 21 126 28 28 0.255854
420 21 133 28 28 6.008791
420 112 119 28 28 0.924667
420 112 126 28 28 1.834066
420 224 112 28 28 4.862316
420 357 112 28 28 2.434827
420 0 84 24 24 4.540668
420 6 0 24 24 1.413791
420 12 0 24 24 3.310492
420 18 0 24 24 1.631824
420 486 192 24 24 1.356300
420 492 198 24 24 0.353930
420 492 204 24 24 0.362259
420 492 210 24 24 1.371568
420 498 210 24 24 3.352293
450 352 0 64 64 0.661847
450 352 16 64 64 0.195029
450 384 112 32 32 3.915424
450 392 112 32 32 4.265941
450 400 112 32 32 4.089696
450 408 112 32 32 5.130165
450 343 119 28 28 0.472617
450 350 119 28 28 3.193393
450 357 112 28 28 2.539318
450 357 119 28 28 3.073563
450 448 126 28 28 4.059502
450 448 133 28 28 2.163290
450 455 126 28 28 2.969060
450 455 133 28 28 1.139666
450 462 126 28 28 0.504512
450 0 96 24 24 2.715769
450 0 102 24 24 0.545531
450 6 96 24 24 1.662928
450 6 102 24 24 2.082371
450 12 96 24 24 1.019233
480 352 0 64 64 1.487915
480 352 16 64 64 3.543648
480 0 128 32 32 1.524973
480 8 128 32 32 2.121849
480 16 128 32 32 0.291382
480 280 128 32 32 1.586370
480 400 112 32 32 1.381729
480 408 112 32 32 3.157413
480 14 133 28 28 2.819886
480 21 133 28 28 3.753221
480 238 21 28 28 1.901847
480 245 14 28 28 1.526686
480 245 21 28 28 0.702349
480 462 126 28 28 2.139980
480 462 133 28 28 2.625710
480 469 126 28 28 2.693000
480 469 133 28 28 3.760477
510 352 0 64 64 0.133102
510 288 144 36 36 1.875989
510 441 126 36 36 0.364034
510 126 112 28 28 2.979129
510 238 0 28 28 2.720952
510 238 7 28 28 0.840912
510 245 0 28 28 1.112536
510 357 112 28 28 0.143234
510 357 119 28 28 1.506241
510 455 133 28 28 2.255458
510 462 133 28 28 2.617304
510 469 133 28 28 4.039530
540 408 36 48 48 2.240921
540 420 36 48 48 1.758109
540 408 36 48 48 2.240921
540 420 36 48 48 1.758109
540 198 154 44 44 0.929652
540 220 180 40 40 1.180543
540 288 144 36 36 0.156108
540 264 8 32 32 1.693941
540 112 112 28 28 2.073434
540 112 119 28 28 1.017842
540 119 112 28 28 5.447759
540 119 119 28 28 3.917055
540 126 112 28 28 3.238733
540 126 119 28 28 3.064171
540 245 224 28 28 0.254415
540 462 14 28 28 0.525248
540 384 114 24 24 3.029168
570 352 0 64 64 0.755320
570 320 170 40 40 1.403629
570 320 180 40 40 0.218346
570 144 288 36 36 4.194778
570 144 297 36 36 2.315759
570 153 288 36 36 5.635504
570 153 297 36 36 4.678291
570 153 306 36 36 0.820357
570 162 288 36 36 2.867826
570 162 297 36 36 1.187575
570 198 288 36 36 3.999124
570 198 297 36 36 0.995550
570 216 288 36 36 1.662163
570 216 297 36 36 0.349576
570 288 288 36 36 0.960470
570 450 126 36 36 4.306913
570 450 144 36 36 2.989784
570 450 153 36 36 1.166973
570 459 126 36 36 7.798161
570 459 144 36 36 4.379642
570 459 153 36 36 0.625591
570 112 112 28 28 1.733752
570 462 119 28 28 1.917005
570 462 126 28 28 0.010375
570 469 119 28 28 1.684901
570 469 126 28 28 1.262718
570 469 133 28 28 1.415413
570 108 114 24 24 2.031394
570 144 306 24 24 4.597898
570 492 0 24 24 2.983593
570 492 6 24 24 0.075270
570 498 0 24 24 3.710511
570 498 6 24 24 3.865630
600 352 48 64 64 1.582693
600 432 126 36 36 5.042776
600 432 144 36 36 6.782068
600 432 153 36 36 4.319834
600 441 126 36 36 0.086198
600 441 144 36 36 5.827807
600 441 153 36 36 2.967700
600 450 144 36 36 3.558128
600 392 112 32 32 0.915980
600 408 128 32 32 0.167625
600 408 136 32 32 0.642543
600 408 144 32 32 0.826694
600 408 152 32 32 2.185878
600 112 112 28 28 1.752216
600 448 112 28 28 0.949432
600 448 119 28 28 1.261184
600 448 126 28 28 0.498511
600 455 126 28 28 0.085952
600 469 112 28 28 1.434217
600 390 96 24 24 2.348522
600 396 96 24 24 1.410697
600 396 114 24 24 0.560589
600 480 192 24 24 1.161901
630 144 136 32 32 0.374639
630 21 112 28 28 0.433785
630 112 119 28 28 0.759536
630 112 126 28 28 2.239364
630 119 119 28 28 0.481936
630 119 126 28 28 3.534078
630 154 133 28 28 2.146564
630 357 119 28 28 1.451945
630 357 126 28 28 2.792376
630 357 133 28 28 2.716023
630 448 119 28 28 0.109347
630 469 126 28 28 0.954821
660 128 136 32 32 0.791578
660 176 280 32 32 0.370960
660 384 112 32 32 1.821910
660 392 112 32 32 0.741641
660 400 112 32 32 1.086115
660 112 133 28 28 0.825173
660 336 112 28 28 0.151679
660 448 119 28 28 0.965335
660 448 126 28 28 1.455520
660 462 133 28 28 0.556116
660 469 133 28 28 2.088186
660 288 84 24 24 1.003807
660 390 96 24 24 0.938833
660 390 102 24 24 0.130801
660 396 102 24 24 1.175481
690 136 264 32 32 0.851266
690 384 112 32 32 1.827795
690 392 112 32 32 1.679543
690 400 112 32 32 1.518055
690 357 119 28 28 0.143326
690 448 126 28 28 2.326810
690 469 133 28 28 1.221075
690 132 204 24 24 4.213920
690 132 210 24 24 4.933086
690 288 84 24 24 0.434877
690 390 96 24 24 0.543137
690 390 102 24 24 0.038505
690 390 108 24 24 0.129084
690 402 96 24 24 0.070705
720 0 126 36 36 0.701199
720 9 126 36 36 2.011992
720 18 126 36 36 2.203743
720 0 128 32 32 2.031524
720 0 136 32 32 1.777920
720 8 128 32 32 0.548981
720 8 136 32 32 3.835451
720 16 128 32 32 2.720409
720 16 136 32 32 6.178592
720 24 128 32 32 1.762600
720 24 136 32 32 4.280761
720 128 144 32 32 0.047779
720 128 152 32 32 0.830943
720 136 264 32 32 0.076674
720 384 112 32 32 2.310086
720 392 112 32 32 1.681208
720 400 112 32 32 1.933424
720 0 126 28 28 0.099136
720 0 133 28 28 2.528777
720 448 126 28 28 1.981268
720 448 133 28 28 1.655492
720 0 204 24 24 6.332906
720 0 210 24 24 9.659055
720 6 204 24 24 6.943458
720 6 210 24 24 9.694590
720 12 210 24 24 4.411382
720 18 210 24 24 0.740175
720 390 102 24 24 2.008002
720 396 96 24 24 1.119763
720 396 102 24 24 0.471516
720 402 96 24 24 2.910566
750 128 152 32 32 2.771485
750 136 272 32 32 0.392787
750 400 112 32 32 0.688230
750 448 126 28 28 1.230445
750 448 133 28 28 2.682171
750 390 102 24 24 1.617935
750 390 108 24 24 1.321099
750 396 96 24 24 2.513193
750 396 102 24 24 1.849428
750 396 108 24 24 3.189285
750 396 114 24 24 1.034173
750 402 96 24 24 3.128054
750 402 102 24 24 2.476208
750 402 108 24 24 0.941126
780 30 140 40 40 1.625693
780 136 272 32 32 0.221280
780 384 112 32 32 2.107286
780 357 126 28 28 3.019256
780 448 133 28 28 2.207484
780 288 96 24 24 1.463487
780 390 108 24 24 2.283720
780 390 114 24 24 0.546461
780 396 96 24 24 0.523465
780 396 102 24 24 0.705735
780 396 108 24 24 3.004259
780 396 114 24 24 0.071716
780 402 96 24 24 1.959451
780 402 102 24 24 1.765964
810 136 272 32 32 0.133508
810 384 112 32 32 0.777399
810 392 112 32 32 0.023262
810 400 112 32 32 1.604961
810 350 126 28 28 0.663853
810 357 126 28 28 2.584176
810 448 133 28 28 2.566180
810 288 96 24 24 0.582821
810 390 108 24 24 2.397172
810 390 114 24 24 1.050206
810 396 102 24 24 1.112937
810 396 108 24 24 2.907171
810 396 114 24 24 0.963169
810 402 96 24 24 1.177827
810 402 102 24 24 2.591349
810 402 108 24 24 1.105054
840 136 272 32 32 0.257642
840 384 136 32 32 1.285374
840 384 144 32 32 4.308922
840 384 152 32 32 2.064161
840 350 126 28 28 0.039488
840 357 126 28 28 2.198944
840 448 133 28 28 2.543883
840 96 114 24 24 4.134330
840 288 84 24 24 0.535210
840 288 96 24 24 1.713526
840 384 192 24 24 1.280842
840 390 108 24 24 2.034515
840 390 114 24 24 1.752184
840 390 192 24 24 1.316642
840 396 96 24 24 0.462732
840 396 102 24 24 0.353749
840 396 108 24 24 2.398417
840 396 114 24 24 1.190715
840 402 96 24 24 1.713897
840 402 102 24 24 0.817424
870 136 272 32 32 1.115731
870 384 112 32 32 0.017619
870 384 144 32 32 2.633615
870 392 144 32 32 2.437446
870 350 126 28 28 0.393881
870 357 126 28 28 2.298100
870 448 133 28 28 2.735291
870 288 96 24 24 1.223066
870 390 108 24 24 1.302281
870 396 108 24 24 2.601883
870 396 114 24 24 1.159156
870 402 96 24 24 0.463348
900 16 128 32 32 1.356644
900 128 152 32 32 4.489467
900 136 152 32 32 0.962592
900 136 272 32 32 0.922828
900 384 112 32 32 0.184339
900 384 136 32 32 0.574177
900 384 144 32 32 0.815983
900 392 136 32 32 0.956879
900 392 144 32 32 3.381342
900 400 144 32 32 0.146225
900 350 126 28 28 1.690523
900 357 126 28 28 3.112370
900 448 133 28 28 2.907263
900 288 96 24 24 0.851635
900 390 108 24 24 0.347979
900 390 114 24 24 2.260319
900 396 96 24 24 0.106894
900 396 108 24 24 1.292024
900 396 114 24 24 2.125509
900 402 96 24 24 0.765309
930 9 126 36 36 1.952410
930 8 152 32 32 1.726847
930 16 144 32 32 1.477151
930 16 152 32 32 0.322901
930 136 272 32 32 0.873981
930 384 136 32 32 2.107248
930 384 144 32 32 2.175556
930 392 136 32 32 2.355248
930 392 144 32 32 3.481666
930 400 112 32 32 0.892271
930 357 126 28 28 2.330380
930 448 133 28 28 2.609611
930 288 96 24 24 0.617727
930 390 114 24 24 1.187839
930 396 96 24 24 0.479869
930 396 114 24 24 1.461902
930 402 96 24 24 0.956443
960 24 168 48 48 0.436605
960 24 168 48 48 0.436605
960 33 176 44 44 0.047383
960 136 272 32 32 0.924222
960 384 136 32 32 2.220003
960 448 133 28 28 2.743577
960 96 210 24 24 1.141703
960 108 204 24 24 2.757859
960 108 210 24 24 2.483866
960 132 204 24 24 1.132173
960 132 210 24 24 1.041368
960 288 96 24 24 0.804007
960 390 108 24 24 1.914983
960 390 114 24 24 1.711805
960 396 102 24 24 1.181153
960 396 108 24 24 3.376253
960 396 114 24 24 3.698623
960 402 102 24 24 1.279634
960 402 108 24 24 0.082070
990 128 152 32 32 4.404340
990 136 272 32 32 0.281143
990 336 126 28 28 0.746702
990 448 133 28 28 2.959464
990 288 96 24 24 0.923196
990 390 108 24 24 0.699555
990 396 96 24 24 1.593497
990 396 102 24 24 1.910219
990 396 108 24 24 3.327687
990 396 114 24 24 2.376742
990 402 96 24 24 0.293081
990 402 102 24 24 1.327178
990 402 108 24 24 1.511239
1020 450 126 36 36 3.294178
1020 459 126 36 36 2.888987
1020 128 152 32 32 4.823927
1020 384 112 32 32 1.760932
1020 400 112 32 32 0.446811
1020 448 133 28 28 2.254692
1020 288 96 24 24 1.020736
1020 390 108 24 24 1.913699
1020 390 114 24 24 3.113518
1020 396 108 24 24 3.234653
1020 396 114 24 24 4.447545
1020 402 96 24 24 0.393786
1020 402 102 24 24 0.998330
1020 402 108 24 24 0.343168
1050 0 126 36 36 3.130886
1050 9 126 36 36 3.692292
1050 16 136 32 32 0.621915
1050 136 272 32 32 0.144476
1050 384 112 32 32 2.683657
1050 392 112 32 32 0.058656
1050 357 126 28 28 0.133022
1050 448 133 28 28 2.820272
1050 96 114 24 24 3.340513
1050 102 114 24 24 1.742226
1050 108 114 24 24 0.104642
1050 288 96 24 24 0.664654
1050 390 108 24 24 0.952572
1050 390 114 24 24 2.828275
1050 396 108 24 24 1.691353
1050 396 114 24 24 3.511123
1050 402 96 24 24 0.312753
1050 402 102 24 24 0.353974
1080 128 152 32 32 5.655992
1080 136 152 32 32 2.162957
1080 136 272 32 32 0.404646
1080 384 112 32 32 2.446196
1080 392 112 32 32 2.376229
1080 400 112 32 32 4.198271
1080 408 112 32 32 2.168382
1080 357 126 28 28 1.999549
1080 448 133 28 28 2.192603
1080 288 84 24 24 0.309087
1080 288 96 24 24 0.429093
1080 384 114 24 24 0.009134
1080 390 108 24 24 0.325749
1080 390 114 24 24 2.293752
1080 396 108 24 24 0.705534
1080 396 114 24 24 2.598514
1110 128 152 32 32 2.493155
1110 136 152 32 32 0.892101
1110 136 272 32 32 0.984138
1110 384 112 32 32 3.867748
1110 392 112 32 32 3.925362
1110 400 112 32 32 2.446692
1110 408 112 32 32 1.868597
1110 350 126 28 28 0.309177
1110 357 126 28 28 1.586677
1110 448 133 28 28 2.946354
1110 288 84 24 24 0.014128
1110 288 96 24 24 0.614101
1110 390 114 24 24 0.125718
1110 396 114 24 24 0.322901
1140 162 288 36 36 0.630076
1140 136 272 32 32 1.100491
1140 384 112 32 32 0.590102
1140 392 112 32 32 0.780233
1140 400 112 32 32 3.378737
1140 408 112 32 32 2.954544
1140 448 133 28 28 2.059463
1140 288 84 24 24 0.047476
1140 288 96 24 24 0.630686
1140 384 114 24 24 0.130276
1140 390 108 24 24 1.142339
1140 390 114 24 24 4.975416
1140 396 108 24 24 2.957191
1140 396 114 24 24 5.134481
1140 402 96 24 24 0.306939
1170 162 288 36 36 0.892392
1170 136 272 32 32 1.357511
1170 384 112 32 32 3.389513
1170 392 112 32 32 1.351759
1170 400 112 32 32 3.384760
1170 408 112 32 32 2.429418
1170 343 126 28 28 0.818537
1170 350 126 28 28 1.540851
1170 357 126 28 28 2.711266
1170 448 133 28 28 1.494487
1170 288 96 24 24 1.493510
1170 390 108 24 24 0.207548
1170 390 114 24 24 2.774083
1170 396 114 24 24 1.221019
1200 128 152 32 32 2.435501
1200 136 272 32 32 1.037183
1200 384 112 32 32 0.922192
1200 400 112 32 32 2.665712
1200 408 112 32 32 0.940204
1200 343 126 28 28 0.432684
1200 350 126 28 28 1.646949
1200 357 126 28 28 1.611137
1200 448 133 28 28 3.430359
1200 288 96 24 24 1.257029
1200 300 84 24 24 0.055781
1200 384 114 24 24 0.012022
1200 390 108 24 24 1.037877
1200 390 114 24 24 2.510664
1200 396 108 24 24 1.653826
1200 396 114 24 24 3.103172
1200 402 96 24 24 0.007402
1230 128 152 32 32 0.754430
1230 136 272 32 32 0.651638
1230 384 112 32 32 3.398209
1230 392 112 32 32 2.056408
1230 400 112 32 32 1.961534
1230 408 112 32 32 0.065515
1230 343 126 28 28 0.570785
1230 350 126 28 28 1.437102
1230 357 126 28 28 1.955574
1230 448 133 28 28 2.872530
1230 288 96 24 24 0.649725
1230 390 108 24 24 0.794594
1230 390 114 24 24 2.032120
1230 396 108 24 24 0.777823
1230 396 114 24 24 3.206909
1260 136 272 32 32 0.830863
1260 384 112 32 32 2.103863
1260 392 112 32 32 0.657763
1260 400 112 32 32 2.549674
1260 343 126 28 28 0.484411
1260 350 126 28 28 2.078420
1260 357 126 28 28 2.276172
1260 448 133 28 28 2.609324
1260 96 114 24 24 1.006905
1260 102 114 24 24 1.102890
1260 288 84 24 24 0.125537
1260 288 96 24 24 0.902540
1260 390 108 24 24 0.496059
1260 390 114 24 24 1.963546
1260 396 96 24 24 0.366656
1260 396 114 24 24 2.203793
1260 402 96 24 24 0.609040
1290 16 128 32 32 0.207580
1290 128 152 32 32 2.537226
1290 136 152 32 32 0.605619
1290 136 272 32 32 0.300963
1290 384 112 32 32 2.514738
1290 392 112 32 32 0.932311
1290 400 112 32 32 2.203299
1290 408 112 32 32 0.984676
1290 336 119 28 28 1.202550
1290 343 126 28 28 0.654312
1290 350 126 28 28 0.968850
1290 357 126 28 28 0.038642
1290 448 126 28 28 0.305507
1290 448 133 28 28 1.981377
1290 288 96 24 24 0.301345
1290 390 108 24 24 1.864332
1290 390 114 24 24 2.153940
1290 396 108 24 24 3.544590
1290 396 114 24 24 3.604169
1290 402 96 24 24 0.763046
1320 16 128 32 32 0.043113
1320 128 152 32 32 1.949640
1320 136 272 32 32 0.673706
1320 384 112 32 32 3.170756
1320 392 112 32 32 1.739699
1320 400 112 32 32 2.390728
1320 408 112 32 32 0.192755
1320 343 126 28 28 0.506585
1320 350 126 28 28 1.841894
1320 357 126 28 28 1.816286
1320 448 133 28 28 2.389600
1320 288 84 24 24 0.118605
1320 288 96 24 24 1.428877
1320 300 84 24 24 0.290239
1320 390 108 24 24 1.144613
1320 390 114 24 24 2.373871
1320 396 96 24 24 0.045209
1320 396 108 24 24 1.768474
1320 396 114 24 24 2.960287
1320 402 96 24 24 1.299976
1320 402 102 24 24 0.074120
1350 128 152 32 32 1.935251
1350 136 152 32 32 0.181856
1350 136 272 32 32 0.971716
1350 384 112 32 32 0.549393
1350 350 126 28 28 0.816793
1350 357 126 28 28 2.048436
1350 357 133 28 28 0.031177
1350 448 126 28 28 0.115742
1350 448 133 28 28 2.933431
1350 469 133 28 28 0.029914
1350 288 84 24 24 0.147926
1350 288 96 24 24 1.315057
1350 300 84 24 24 0.052707
1350 390 108 24 24 1.326311
1350 390 114 24 24 2.563686
1350 396 108 24 24 2.699137
1350 396 114 24 24 3.238857
1350 402 96 24 24 1.059240
1350 402 102 24 24 0.444246
1380 162 288 36 36 0.091570
1380 459 126 36 36 1.075877
1380 136 272 32 32 0.496740
1380 384 112 32 32 0.222048
1380 350 126 28 28 1.512769
1380 357 126 28 28 2.060448
1380 357 133 28 28 0.281879
1380 448 126 28 28 0.358694
1380 448 133 28 28 4.912663
1380 455 133 28 28 0.217599
1380 469 133 28 28 2.793049
1380 288 96 24 24 0.802058
1380 390 108 24 24 0.993738
1380 390 114 24 24 2.958882
1380 396 108 24 24 0.765435
1380 396 114 24 24 3.774373
1380 402 96 24 24 0.093694
1380 402 102 24 24 0.782902
1410 450 126 36 36 0.640706
1410 459 126 36 36 3.317666
1410 128 152 32 32 1.444293
1410 350 126 28 28 1.113455
1410 357 126 28 28 2.154617
1410 448 126 28 28 1.652539
1410 448 133 28 28 4.308173
1410 455 126 28 28 0.685890
1410 455 133 28 28 4.039205
1410 462 133 28 28 3.377086
1410 469 133 28 28 2.566539
1410 384 114 24 24 0.397466
1410 390 108 24 24 1.108771
1410 390 114 24 24 3.271857
1410 396 108 24 24 1.802152
1410 396 114 24 24 3.845347
1410 402 96 24 24 0.326261
1410 402 102 24 24 0.255960
1410 402 114 24 24 0.020514
1440 450 126 36 36 2.919152
1440 459 126 36 36 3.520799
1440 128 152 32 32 0.496247
1440 136 272 32 32 0.064986
1440 384 112 32 32 0.315574
1440 400 112 32 32 0.686190
1440 350 126 28 28 1.573710
1440 357 126 28 28 2.141009
1440 448 126 28 28 0.543581
1440 448 133 28 28 2.889176
1440 455 126 28 28 0.388727
1440 455 133 28 28 3.312761
1440 462 133 28 28 1.606076
1440 469 133 28 28 2.611402
1440 102 114 24 24 0.181396
1440 390 108 24 24 1.630277
1440 390 114 24 24 3.071825
1440 396 108 24 24 1.799847
1440 396 114 24 24 3.553157
1440 402 96 24 24 1.055329
1440 402 102 24 24 0.209240
1440 402 108 24 24 0.074779
1440 402 114 24 24 0.270527
1470 459 126 36 36 1.194231
1470 384 112 32 32 2.193724
1470 350 126 28 28 1.093655
1470 357 126 28 28 2.883425
1470 448 126 28 28 1.979017
1470 448 133 28 28 4.034490
1470 455 133 28 28 2.049593
1470 462 133 28 28 0.360415
1470 469 133 28 28 4.892398
1470 390 102 24 24 1.245620
1470 390 108 24 24 1.981052
1470 390 114 24 24 1.612593
1470 396 96 24 24 2.293028
1470 396 102 24 24 3.088775
1470 396 108 24 24 4.078045
1470 396 114 24 24 1.522704
1470 402 96 24 24 3.941289
1470 402 102 24 24 2.241263
1500 408 168 48 48 2.828418
1500 420 168 48 48 4.377857
1500 408 168 48 48 2.828418
1500 420 168 48 48 4.377857
1500 384 112 32 32 2.097960
1500 408 144 32 32 0.282886
1500 336 119 28 28 1.776228
1500 357 126 28 28 0.271201
1500 448 126 28 28 5.146643
1500 448 133 28 28 4.320258
1500 448 224 28 28 2.693088
1500 448 231 28 28 2.159335
1500 448 238 28 28 1.106751
1500 455 126 28 28 1.166013
1500 455 224 28 28 4.076578
1500 455 231 28 28 1.759376
1500 462 224 28 28 1.420765
1500 462 231 28 28 1.313770
1500 390 102 24 24 0.939767
1500 390 114 24 24 1.657365
1500 396 96 24 24 2.317867
1500 396 102 24 24 4.175193
1500 396 108 24 24 2.085083
1500 402 84 24 24 2.812232
1500 402 96 24 24 3.320183
1500 402 102 24 24 2.536055
1530 288 204 48 48 4.568666
1530 288 216 48 48 2.176455
1530 288 204 48 48 4.568666
1530 288 216 48 48 2.176455
1530 374 154 44 44 1.105330
1530 385 154 44 44 5.832556
1530 459 144 36 36 0.754404
1530 384 144 32 32 3.188742
1530 384 152 32 32 0.086256
1530 392 128 32 32 1.903411
1530 392 136 32 32 0.469115
1530 400 128 32 32 0.116528
1530 400 136 32 32 0.927806
1530 343 98 28 28 0.451457
1530 350 98 28 28 0.455087
1530 448 133 28 28 0.197587
1530 96 114 24 24 0.292615
1530 300 102 24 24 1.594211
1530 486 288 24 24 0.580431
1530 492 288 24 24 0.713039
1560 374 154 44 44 1.049903
1560 385 154 44 44 4.308758
1560 27 144 36 36 0.067703
1560 176 144 32 32 1.258358
1560 384 128 32 32 1.122769
1560 392 128 32 32 0.861452
1560 400 128 32 32 1.957412
1560 408 128 32 32 2.467506
1560 7 98 28 28 2.581983
1560 14 98 28 28 3.065075
1560 357 98 28 28 0.278371
1560 455 98 28 28 3.041646
1560 462 98 28 28 0.804122
1560 462 119 28 28 1.176169
1560 469 98 28 28 1.468341
1560 18 114 24 24 3.550761
1560 96 114 24 24 0.635217
1560 102 114 24 24 0.476269
1560 480 114 24 24 2.230208
1590 153 144 36 36 0.590919
1590 0 128 32 32 0.127456
1590 400 128 32 32 1.545916
1590 408 128 32 32 3.705927
1590 408 136 32 32 0.598142
1590 0 133 28 28 3.266897
1590 7 133 28 28 1.213755
1590 96 0 24 24 1.923990
1590 96 6 24 24 0.813539
1590 96 108 24 24 1.858381
1590 96 114 24 24 2.073313
1590 288 114 24 24 1.980426
1590 306 108 24 24 1.203772
1590 306 114 24 24 1.640418
1590 486 114 24 24 2.396626
1590 492 108 24 24 0.175167
1590 492 114 24 24 4.265238
1590 498 114 24 24 0.729485
1620 0 48 64 64 0.730285
1620 16 48 64 64 3.882424
1620 32 48 64 64 0.491900
1620 288 32 64 64 0.104678
1620 420 168 48 48 0.373595
1620 420 168 48 48 0.373595
1620 162 126 36 36 2.394358
1620 176 128 32 32 2.935017
1620 176 136 32 32 4.987471
1620 176 144 32 32 1.154894
1620 462 224 28 28 1.861712
1620 469 224 28 28 3.577549
1620 469 231 28 28 1.661077
1620 0 96 24 24 0.780153
1620 6 96 24 24 1.946995
1620 12 96 24 24 3.618114
1620 18 96 24 24 1.911172
1620 402 114 24 24 1.174961
1620 480 114 24 24 2.749764
1620 486 114 24 24 2.203203
1650 288 16 64 64 0.631979
1650 420 24 48 48 1.042533
1650 420 24 48 48 1.042533
1650 112 133 28 28 1.997221
1650 294 300 24 24 0.066951
1650 300 96 24 24 0.266583
1650 384 114 24 24 1.358542
1650 390 114 24 24 1.260707
1650 480 96 24 24 0.156228
1650 486 102 24 24 2.738714
1650 486 108 24 24 0.620076
1650 492 102 24 24 2.238157
1650 492 108 24 24 2.364984
1680 0 16 64 64 0.960347
1680 256 0 64 64 1.476837
1680 256 16 64 64 0.203610
1680 272 16 64 64 1.491544
1680 272 32 64 64 0.418736
1680 288 16 64 64 1.806195
1680 288 32 64 64 0.334968
1680 352 32 64 64 0.752936
1680 288 36 48 48 1.915689
1680 420 12 48 48 0.334728
1680 288 36 48 48 1.915689
1680 420 12 48 48 0.334728
1680 432 153 36 36 0.259223
1680 441 144 36 36 1.693518
1680 441 153 36 36 0.612392
1680 128 144 32 32 1.812295
1680 294 84 24 24 0.116511
1680 306 18 24 24 0.748449
1680 390 108 24 24 0.463981
1680 498 96 24 24 1.338279
1710 0 16 64 64 1.087322
1710 256 0 64 64 1.698840
1710 256 16 64 64 1.319954
1710 272 0 64 64 0.562252
1710 272 16 64 64 3.505835
1710 288 16 64 64 0.506873
1710 288 32 64 64 0.725269
1710 288 288 36 36 0.036423
1710 459 153 36 36 2.531658
1710 459 162 36 36 3.290853
1710 144 264 32 32 0.419885
1710 384 112 32 32 3.659451
1710 384 136 32 32 1.304598
1710 392 112 32 32 3.102174
1710 400 112 32 32 0.656973
1710 350 14 28 28 0.281467
1710 384 192 24 24 3.292557
1710 480 96 24 24 3.823720
1710 486 96 24 24 0.073865
1710 486 102 24 24 0.477015
1710 492 102 24 24 0.718617
1740 0 32 64 64 0.360916
1740 272 16 64 64 1.723094
1740 352 48 64 64 0.703488
1740 162 126 36 36 0.580775
1740 441 171 36 36 0.952536
1740 24 128 32 32 0.565003
1740 392 112 32 32 3.984761
1740 400 112 32 32 3.234043
1740 400 136 32 32 1.118700
1740 400 144 32 32 3.134048
1740 408 112 32 32 0.238860
1740 350 14 28 28 0.024499
1740 390 288 24 24 0.048357
1740 390 294 24 24 2.435927
1740 390 300 24 24 0.799268
1740 396 294 24 24 2.227329
1740 396 300 24 24 0.676882
1740 402 192 24 24 3.685840
1740 402 198 24 24 1.788123
1740 486 96 24 24 1.237224
1740 492 96 24 24 0.885490
1740 492 102 24 24 1.968843
1740 492 114 24 24 0.124995
1740 498 96 24 24 1.747374
1740 498 102 24 24 2.651150
1740 498 108 24 24 0.221967
1770 352 48 64 64 0.724443
1770 0 126 36 36 0.387991
1770 9 126 36 36 2.102482
1770 8 128 32 32 1.994769
1770 16 128 32 32 2.928292
1770 16 136 32 32 2.936952
1770 176 128 32 32 1.703966
1770 176 136 32 32 1.343598
1770 264 256 32 32 0.280631
1770 272 256 32 32 0.103418
1770 384 136 32 32 0.026311
1770 384 152 32 32 1.198903
1770 392 152 32 32 1.393770
1770 168 133 28 28 1.941372
1800 0 32 64 64 0.824766
1800 27 9 36 36 2.471260
1800 27 126 36 36 4.845981
1800 432 153 36 36 2.018386
1800 432 162 36 36 3.585917
1800 432 171 36 36 2.391013
1800 441 153 36 36 0.976188
1800 441 171 36 36 0.507278
1800 459 126 36 36 2.813508
1800 0 136 32 32 2.153520
1800 176 128 32 32 0.444523
1800 176 136 32 32 0.003180
1800 192 128 32 32 0.040992
1800 384 0 24 24 0.085431
1830 0 0 36 36 1.054223
1830 0 126 36 36 6.698256
1830 9 0 36 36 2.672994
1830 9 126 36 36 7.216779
1830 18 0 36 36 0.323873
1830 18 126 36 36 5.820640
1830 27 0 36 36 0.687592
1830 27 126 36 36 4.305108
1830 441 162 36 36 0.252115
1830 441 171 36 36 0.354868
1830 450 162 36 36 1.004015
1830 450 171 36 36 1.536039
1830 0 128 32 32 4.936340
1830 0 136 32 32 5.491825
1830 0 144 32 32 0.629842
1830 8 8 32 32 0.029011
1830 8 16 32 32 0.206686
1830 8 128 32 32 5.498842
1830 8 136 32 32 6.461184
1830 8 144 32 32 2.610327
1830 16 8 32 32 2.371398
1830 16 16 32 32 2.489644
1830 16 128 32 32 5.412264
1830 16 136 32 32 6.370807
1830 16 144 32 32 3.321486
1830 24 16 32 32 0.785043
1830 24 128 32 32 4.581974
1830 24 136 32 32 6.378862
1830 24 144 32 32 4.086789
1830 176 128 32 32 0.082334
1830 384 136 32 32 3.168905
1830 384 144 32 32 3.096682
1830 392 136 32 32 1.560240
1830 392 144 32 32 2.464994
1830 392 152 32 32 1.464894
1830 400 128 32 32 1.174197
1830 400 136 32 32 4.093205
1830 400 144 32 32 3.305005
1830 408 136 32 32 2.201053
1830 14 133 28 28 1.338417
1830 21 133 28 28 1.718732
1830 336 133 28 28 1.396731
1830 448 7 28 28 0.071615
1830 18 0 24 24 0.884660
1830 18 6 24 24 0.998543
1830 18 96 24 24 0.290848
1830 402 192 24 24 3.403023
1830 480 210 24 24 2.823859
1830 486 204 24 24 0.121416
1830 486 210 24 24 0.000724
