30 352 16 64 64 0.175943
30 352 32 64 64 0.636169
30 352 48 64 64 1.785631
30 8 152 32 32 0.560174
30 192 144 32 32 2.090030
30 264 144 32 32 0.027921
30 384 152 32 32 7.766225
30 392 152 32 32 4.949528
30 400 152 32 32 1.508771
30 408 152 32 32 2.706266
30 455 133 28 28 2.487394
30 462 133 28 28 0.715032
30 192 198 24 24 0.298539
30 192 204 24 24 3.222968
30 198 204 24 24 2.406314
30 384 96 24 24 0.950552
30 390 84 24 24 2.724808
30 498 0 24 24 0.374978
60 0 48 64 64 1.878693
60 256 0 64 64 1.850663
60 256 16 64 64 3.488472
60 256 48 64 64 1.761974
60 352 16 64 64 1.095411
60 352 32 64 64 1.547649
60 0 22 44 44 0.633926
60 352 154 44 44 0.034317
60 320 140 40 40 2.364532
60 320 160 40 40 0.288206
60 330 140 40 40 3.650283
60 330 160 40 40 5.362267
60 330 170 40 40 2.603268
60 330 180 40 40 3.084516
60 330 190 40 40 1.842658
60 340 140 40 40 2.739002
60 340 160 40 40 4.136330
60 340 170 40 40 2.448597
60 340 180 40 40 2.106984
60 340 190 40 40 0.244064
60 350 140 40 40 4.887426
60 288 144 36 36 1.195973
60 288 153 36 36 9.799103
60 288 162 36 36 9.175921
60 297 144 36 36 1.960449
60 297 153 36 36 10.166707
60 297 162 36 36 8.713821
60 297 171 36 36 1.112553
60 306 144 36 36 0.001348
60 306 153 36 36 7.526814
60 306 162 36 36 4.927287
60 315 153 36 36 6.026576
60 315 162 36 36 2.378078
60 459 9 36 36 0.130741
60 384 264 32 32 0.206410
60 384 272 32 32 4.824697
60 384 280 32 32 6.843628
60 392 280 32 32 0.713705
60 300 192 24 24 1.787510
60 306 192 24 24 0.711098
60 384 288 24 24 1.923936
60 384 294 24 24 1.921917
60 384 300 24 24 1.296317
60 402 300 24 24 0.823787
60 402 306 24 24 2.004868
90 272 48 64 64 0.853913
90 288 48 64 64 0.240642
90 36 168 48 48 1.026357
90 216 24 48 48 0.523288
90 216 36 48 48 0.151358
90 264 12 48 48 2.238401
90 264 24 48 48 2.115319
90 36 168 48 48 1.026357
90 216 24 48 48 0.523288
90 216 36 48 48 0.151358
90 264 12 48 48 2.238401
90 264 24 48 48 2.115319
90 33 154 44 44 2.442736
90 264 22 44 44 0.727781
90 264 33 44 44 1.472357
90 30 160 40 40 0.509248
90 144 153 36 36 1.030448
90 144 162 36 36 1.878667
90 288 0 36 36 1.061652
90 288 9 36 36 0.444539
90 288 27 36 36 0.039036
90 315 144 36 36 0.133852
90 315 153 36 36 2.146086
90 315 162 36 36 4.308913
90 315 171 36 36 0.813721
90 16 128 32 32 0.310293
90 24 136 32 32 0.402577
90 14 119 28 28 0.351784
90 112 245 28 28 0.127468
90 469 21 28 28 0.678999
90 96 198 24 24 1.542884
90 96 204 24 24 1.636211
90 96 210 24 24 2.725379
90 102 204 24 24 1.580370
90 102 210 24 24 2.468984
90 108 204 24 24 1.632128
90 108 210 24 24 2.075538
90 132 198 24 24 6.002454
90 132 204 24 24 10.465319
90 132 210 24 24 7.377449
90 144 198 24 24 5.346391
90 144 204 24 24 7.489223
90 144 210 24 24 3.346438
120 352 32 64 64 1.707102
120 352 48 64 64 7.476402
120 192 168 48 48 3.580351
120 192 192 48 48 4.121459
120 192 216 48 48 0.768553
120 192 228 48 48 0.471821
120 204 168 48 48 3.998486
120 204 192 48 48 3.962497
120 204 204 48 48 0.948746
120 204 216 48 48 2.496680
120 204 228 48 48 3.575658
120 216 168 48 48 2.899458
120 216 228 48 48 2.404526
120 264 168 48 48 4.954449
120 192 168 48 48 3.580351
120 192 192 48 48 4.121459
120 192 216 48 48 0.768553
120 192 228 48 48 0.471821
120 204 168 48 48 3.998486
120 204 192 48 48 3.962497
120 204 204 48 48 0.948746
120 204 216 48 48 2.496680
120 204 228 48 48 3.575658
120 216 168 48 48 2.899458
120 216 228 48 48 2.404526
120 264 168 48 48 4.954449
120 176 176 44 44 1.620203
120 187 176 44 44 3.317483
120 187 187 44 44 1.096452
120 198 176 44 44 4.466370
120 198 187 44 44 6.772799
120 198 198 44 44 5.024716
120 242 154 44 44 2.932778
120 242 176 44 44 2.110490
120 264 154 44 44 10.145907
120 264 176 44 44 6.900662
120 264 187 44 44 4.239408
120 264 198 44 44 1.104003
120 352 198 44 44 2.769204
120 352 209 44 44 2.601902
120 363 187 44 44 1.764732
120 363 198 44 44 1.469142
120 363 209 44 44 2.116344
120 374 198 44 44 1.405637
120 180 180 40 40 1.186305
120 240 170 40 40 0.521055
120 240 180 40 40 0.011486
120 0 18 36 36 1.015133
120 216 153 36 36 1.233868
120 288 162 36 36 1.987787
120 288 171 36 36 4.217028
120 400 136 32 32 4.114554
120 400 144 32 32 5.263292
120 408 144 32 32 1.177029
120 168 21 28 28 0.138284
120 132 6 24 24 1.953665
120 132 12 24 24 2.156253
120 204 12 24 24 1.479898
120 210 12 24 24 1.240936
120 210 192 24 24 2.670749
120 210 198 24 24 2.307644
120 288 210 24 24 1.699315
120 294 204 24 24 0.039903
120 294 210 24 24 4.410811
120 300 210 24 24 1.639623
120 306 192 24 24 1.481155
120 306 198 24 24 2.232909
120 306 204 24 24 2.519022
120 306 210 24 24 2.117178
150 0 48 64 64 1.648136
150 32 48 64 64 1.594820
150 48 48 64 64 3.909054
150 216 168 48 48 1.574994
150 216 192 48 48 0.043433
150 216 168 48 48 1.574994
150 216 192 48 48 0.043433
150 220 190 40 40 1.877073
150 320 170 40 40 4.912384
150 320 180 40 40 2.030199
150 330 170 40 40 3.879636
150 330 180 40 40 3.356171
150 330 190 40 40 1.017573
150 340 170 40 40 2.498984
150 340 180 40 40 3.412130
150 340 190 40 40 1.064173
150 198 144 36 36 4.667379
150 198 153 36 36 2.539982
150 198 162 36 36 1.427458
150 216 144 36 36 0.428715
150 216 153 36 36 0.769900
150 441 162 36 36 1.538879
150 441 171 36 36 2.118907
150 450 162 36 36 5.287942
150 450 171 36 36 5.153490
150 459 162 36 36 2.045450
150 459 171 36 36 2.397633
150 245 224 28 28 0.398631
150 350 224 28 28 0.396022
150 357 224 28 28 3.013383
150 357 231 28 28 2.805629
150 144 210 24 24 1.935479
150 198 102 24 24 0.429302
150 288 0 24 24 3.159790
150 288 6 24 24 3.118855
150 294 0 24 24 2.716655
150 294 6 24 24 3.185639
150 300 0 24 24 3.289350
150 300 6 24 24 4.467175
150 300 12 24 24 2.363546
150 306 6 24 24 0.740830
150 480 192 24 24 3.082165
150 480 198 24 24 4.224194
150 480 204 24 24 2.715688
150 486 198 24 24 0.093706
180 32 16 64 64 0.303623
180 48 32 64 64 1.246053
180 18 162 36 36 2.091135
180 392 144 32 32 0.288485
180 400 136 32 32 1.971649
180 400 144 32 32 0.991418
180 408 128 32 32 0.702817
180 408 136 32 32 4.334259
180 408 144 32 32 3.634768
180 0 224 28 28 3.082087
180 455 126 28 28 0.065782
180 455 133 28 28 0.726149
180 462 126 28 28 0.848889
180 462 133 28 28 3.825376
180 469 133 28 28 2.223671
180 6 210 24 24 2.261167
180 12 210 24 24 0.916914
180 396 102 24 24 0.412631
210 432 153 36 36 1.224072
210 459 126 36 36 0.640515
210 136 128 32 32 0.617317
210 136 136 32 32 0.071332
210 144 128 32 32 0.124422
210 192 128 32 32 0.935435
210 238 133 28 28 0.242095
210 245 133 28 28 4.891281
210 204 114 24 24 0.733637
240 352 32 64 64 2.673421
240 352 48 64 64 1.989714
240 432 126 36 36 3.750582
240 459 126 36 36 0.205309
240 16 128 32 32 2.229095
240 24 128 32 32 0.719490
240 384 136 32 32 2.651828
240 392 136 32 32 0.964026
240 154 133 28 28 0.271727
240 168 133 28 28 3.050392
240 350 21 28 28 3.567944
240 357 21 28 28 1.399212
240 492 18 24 24 0.193858
240 498 204 24 24 1.082461
240 498 210 24 24 1.143287
270 352 48 64 64 2.193384
270 450 126 36 36 0.383166
270 0 136 32 32 2.445048
270 8 128 32 32 0.619019
270 8 136 32 32 0.036767
270 384 152 32 32 0.242015
270 400 144 32 32 1.326661
270 400 152 32 32 2.243781
270 408 144 32 32 1.055927
270 408 152 32 32 1.635681
270 126 133 28 28 1.149242
300 0 126 36 36 4.010878
300 9 126 36 36 5.280316
300 18 126 36 36 4.198225
300 27 126 36 36 0.187293
300 441 0 36 36 2.493597
300 450 0 36 36 1.406496
300 0 128 32 32 4.920053
300 0 136 32 32 3.658466
300 8 128 32 32 5.554074
300 8 136 32 32 4.478564
300 16 128 32 32 4.303757
300 16 136 32 32 4.667027
300 24 128 32 32 2.099823
300 24 136 32 32 3.838040
300 128 112 32 32 1.260450
300 392 112 32 32 0.236368
300 400 152 32 32 0.125294
300 408 152 32 32 1.537541
300 112 126 28 28 6.715209
300 112 133 28 28 10.181458
300 119 126 28 28 6.823027
300 119 133 28 28 9.881117
300 126 126 28 28 3.956487
300 126 133 28 28 6.306666
300 357 119 28 28 0.068361
300 455 7 28 28 0.272281
300 462 7 28 28 5.585969
300 462 14 28 28 3.506429
300 498 198 24 24 1.214965
330 441 171 36 36 0.526701
330 459 171 36 36 1.600785
330 112 133 28 28 0.185401
330 119 133 28 28 3.429387
330 480 204 24 24 0.512056
330 480 210 24 24 0.265133
330 486 192 24 24 0.675892
330 486 198 24 24 2.700500
330 486 204 24 24 1.421683
330 486 210 24 24 0.331320
360 432 126 36 36 2.020948
360 441 126 36 36 2.340816
360 450 126 36 36 0.090972
360 112 126 28 28 2.823285
360 112 133 28 28 0.932000
360 168 133 28 28 1.870647
360 448 126 28 28 2.296679
360 448 133 28 28 1.386121
360 455 133 28 28 0.593516
360 462 133 28 28 0.693618
360 469 133 28 28 3.262682
390 0 126 36 36 0.395633
390 9 126 36 36 2.922612
390 18 126 36 36 0.547856
390 8 112 32 32 3.911400
390 16 112 32 32 5.195344
390 16 128 32 32 0.561314
390 16 136 32 32 1.093773
390 24 112 32 32 2.730766
390 24 136 32 32 1.016309
390 144 128 32 32 1.858720
390 384 112 32 32 5.303989
390 392 112 32 32 2.136243
390 14 112 28 28 2.975606
390 14 119 28 28 0.698390
390 21 112 28 28 6.714820
390 21 119 28 28 4.694202
390 21 126 28 28 2.473665
390 112 126 28 28 0.705309
390 112 133 28 28 0.192351
390 154 119 28 28 1.149283
390 154 126 28 28 4.058894
390 154 133 28 28 2.903018
390 469 126 28 28 0.909964
420 0 32 64 64 1.002061
420 0 48 64 64 2.647601
420 16 32 64 64 2.117597
420 16 48 64 64 1.566666
420 0 112 32 32 0.387775
420 128 112 32 32 1.351604
420 136 112 32 32 3.173033
420 136 128 32 32 0.705784
420 144 112 32 32 2.779435
420 144 128 32 32 2.157734
420 400 112 32 32 5.001108
420 400 128 32 32 2.208488
420 408 112 32 32 8.000379
420 408 128 32 32 3.428312
420 0 119 28 28 0.648403
420 0 126 28 28 2.821879
420 7 126 28 28 3.976605
420 7 133 28 28 2.808632
420 14 126 28 28 2.144623
420 14 133 28 28 4.111516
420 21 133 28 28 0.127413
420 154 119 28 28 4.184753
420 154 126 28 28 3.152203
420 469 119 28 28 1.071258
420 144 102 24 24 0.121140
450 0 0 64 64 2.654638
450 0 16 64 64 1.094262
450 16 0 64 64 1.553294
450 32 0 64 64 0.553610
450 384 204 48 48 2.158809
450 396 204 48 48 0.690821
450 396 216 48 48 1.251478
450 408 216 48 48 2.278199
450 420 36 48 48 4.893184
450 420 192 48 48 0.277554
450 384 204 48 48 2.158809
450 396 204 48 48 0.690821
450 396 216 48 48 1.251478
450 408 216 48 48 2.278199
450 420 36 48 48 4.893184
450 420 192 48 48 0.277554
450 224 98 28 28 0.401331
450 231 98 28 28 1.297468
450 238 98 28 28 1.244869
450 448 112 28 28 3.295810
450 448 119 28 28 2.746843
450 455 98 28 28 1.973464
450 455 112 28 28 4.786097
450 455 119 28 28 1.433600
450 462 98 28 28 3.531092
450 462 112 28 28 4.302910
450 469 98 28 28 3.189963
450 469 112 28 28 0.851121
450 132 96 24 24 2.590876
450 144 96 24 24 1.772573
450 144 102 24 24 4.801659
450 288 108 24 24 0.369847
450 288 300 24 24 0.119259
450 300 300 24 24 0.284589
450 306 300 24 24 0.299230
450 384 300 24 24 1.213516
450 390 300 24 24 0.743151
450 396 300 24 24 0.307092
450 480 108 24 24 1.753711
450 480 114 24 24 3.932078
450 480 300 24 24 0.794433
450 480 306 24 24 1.044458
450 486 114 24 24 2.560537
450 486 300 24 24 1.412439
450 486 306 24 24 1.592639
450 492 300 24 24 1.125434
450 492 306 24 24 1.294069
450 498 114 24 24 1.907572
450 498 306 24 24 0.855176
480 420 36 48 48 1.388870
480 420 36 48 48 1.388870
480 119 98 28 28 0.223610
480 448 112 28 28 2.477584
480 462 98 28 28 1.051277
480 462 112 28 28 0.022794
480 469 112 28 28 0.975137
480 0 84 24 24 0.019978
480 0 96 24 24 2.620029
480 6 96 24 24 1.205397
480 108 0 24 24 0.288687
480 132 108 24 24 0.369291
480 132 114 24 24 1.844231
480 144 114 24 24 0.063295
480 384 102 24 24 0.150826
480 480 108 24 24 2.777120
480 480 114 24 24 3.201498
480 486 108 24 24 2.638096
480 486 114 24 24 3.480229
480 492 108 24 24 3.179772
480 492 114 24 24 3.702480
480 498 108 24 24 2.460282
480 498 114 24 24 2.007850
510 36 36 48 48 0.091144
510 36 36 48 48 0.091144
510 14 98 28 28 0.893187
510 112 98 28 28 2.074399
510 119 98 28 28 3.135108
510 126 98 28 28 0.792947
510 126 126 28 28 1.206859
510 96 102 24 24 4.866555
510 96 108 24 24 5.700859
510 102 102 24 24 5.191244
510 102 108 24 24 6.870767
510 108 96 24 24 0.799341
510 108 102 24 24 4.637805
510 108 108 24 24 3.540423
510 132 96 24 24 1.244002
510 132 102 24 24 3.120549
510 132 108 24 24 1.547104
510 480 108 24 24 1.297566
510 480 114 24 24 0.816179
510 486 108 24 24 0.982529
510 486 114 24 24 2.027612
510 492 114 24 24 0.196420
510 498 114 24 24 1.578113
540 112 98 28 28 0.774517
540 119 98 28 28 2.993251
540 126 98 28 28 4.322526
540 154 98 28 28 2.335078
540 224 98 28 28 0.999250
540 231 98 28 28 1.378790
540 336 98 28 28 2.333226
540 343 98 28 28 2.735887
540 350 98 28 28 2.255800
540 357 98 28 28 3.521799
540 455 119 28 28 0.266752
540 96 108 24 24 3.127714
540 96 114 24 24 5.184306
540 102 114 24 24 0.235816
540 144 108 24 24 2.540147
540 144 114 24 24 2.076941
570 0 16 64 64 0.998983
570 0 112 32 32 4.478718
570 8 112 32 32 1.522531
570 16 112 32 32 1.319028
570 24 112 32 32 5.551905
570 7 98 28 28 0.750928
570 7 112 28 28 1.594958
570 7 119 28 28 0.912747
570 7 126 28 28 2.346178
570 7 133 28 28 0.300085
570 112 112 28 28 1.582258
570 154 119 28 28 0.686732
570 224 112 28 28 1.399682
570 231 112 28 28 0.984879
570 238 112 28 28 0.418065
570 336 112 28 28 4.000988
570 343 112 28 28 3.176643
570 350 112 28 28 5.124329
570 357 112 28 28 2.350585
570 12 114 24 24 0.929896
570 96 114 24 24 1.124664
600 0 16 64 64 6.248458
600 0 32 64 64 0.657939
600 0 128 32 32 3.105986
600 8 128 32 32 0.678455
600 24 112 32 32 3.325067
600 0 133 28 28 0.645384
600 7 133 28 28 2.596041
600 112 126 28 28 1.478943
600 119 119 28 28 1.418641
600 224 112 28 28 0.517550
600 224 119 28 28 1.465753
600 336 112 28 28 3.512869
600 336 119 28 28 3.515297
600 343 112 28 28 3.231311
600 343 119 28 28 3.385960
600 343 126 28 28 1.304244
600 350 112 28 28 3.341830
600 350 119 28 28 4.820780
600 357 112 28 28 1.041910
600 357 119 28 28 4.224855
600 0 114 24 24 0.121139
600 96 96 24 24 0.724711
630 432 126 36 36 0.079542
630 0 128 32 32 2.964899
630 0 136 32 32 2.921799
630 24 128 32 32 0.055069
630 0 112 28 28 3.303026
630 0 133 28 28 4.238990
630 7 133 28 28 0.617030
630 336 112 28 28 0.029466
630 336 119 28 28 3.553003
630 336 126 28 28 3.957234
630 343 119 28 28 2.517734
630 343 126 28 28 3.178454
630 343 133 28 28 2.435852
630 350 119 28 28 3.285990
630 350 126 28 28 2.157973
630 357 119 28 28 3.363274
630 357 126 28 28 0.600004
630 448 133 28 28 5.296671
630 455 133 28 28 3.693945
630 462 133 28 28 0.091525
630 469 126 28 28 0.579351
630 0 96 24 24 0.101050
630 12 114 24 24 1.333832
660 192 112 32 32 0.147665
660 392 112 32 32 2.761537
660 400 112 32 32 0.903361
660 112 126 28 28 5.067582
660 112 133 28 28 4.983327
660 119 126 28 28 0.661846
660 119 133 28 28 3.111445
660 126 133 28 28 2.540297
660 336 119 28 28 0.040522
660 343 119 28 28 4.405703
660 343 126 28 28 1.672945
660 350 119 28 28 3.529753
660 350 126 28 28 0.929310
660 357 119 28 28 1.911467
660 357 126 28 28 1.449455
660 357 133 28 28 1.740812
660 0 84 24 24 2.536092
660 0 114 24 24 4.061560
660 6 84 24 24 2.782976
660 6 114 24 24 3.326040
690 352 0 64 64 2.363933
690 352 16 64 64 0.868820
690 459 126 36 36 1.736333
690 144 112 32 32 0.291436
690 192 112 32 32 1.090949
690 400 112 32 32 3.167008
690 408 112 32 32 4.125277
690 408 128 32 32 0.143764
690 14 126 28 28 3.237848
690 14 133 28 28 1.112391
690 21 126 28 28 0.773752
690 21 133 28 28 2.953552
690 12 84 24 24 2.175475
690 384 108 24 24 3.406284
690 384 114 24 24 5.398356
690 390 108 24 24 3.616660
690 390 114 24 24 5.570668
690 396 108 24 24 1.183343
690 396 114 24 24 5.085618
690 402 114 24 24 4.910300
720 288 32 64 64 0.448946
720 441 126 36 36 2.562816
720 450 126 36 36 6.400360
720 450 144 36 36 2.324380
720 459 126 36 36 3.897423
720 459 144 36 36 0.064942
720 0 112 32 32 2.817694
720 272 128 32 32 0.190546
720 280 128 32 32 0.664493
720 384 112 32 32 2.881498
720 392 112 32 32 4.291173
720 400 112 32 32 3.725110
720 112 133 28 28 1.438855
720 119 126 28 28 2.957361
720 119 133 28 28 2.079666
720 126 126 28 28 3.574112
720 126 133 28 28 1.721848
720 462 126 28 28 0.234297
720 462 133 28 28 1.115540
720 469 133 28 28 2.951212
750 352 0 64 64 0.508177
750 352 16 64 64 0.192107
750 0 112 32 32 3.904082
750 8 112 32 32 1.254589
750 16 112 32 32 2.255675
750 24 112 32 32 2.823893
750 128 112 32 32 0.768610
750 192 136 32 32 1.872983
750 192 144 32 32 2.445459
750 192 152 32 32 2.488798
750 256 144 32 32 2.331352
750 272 0 32 32 0.583530
750 280 112 32 32 0.701136
750 392 128 32 32 0.867799
750 392 152 32 32 0.317063
750 400 128 32 32 0.885418
750 0 133 28 28 2.365396
750 7 133 28 28 1.287658
750 14 133 28 28 2.870781
750 21 133 28 28 2.262626
750 112 126 28 28 2.435294
750 119 126 28 28 0.009080
750 126 126 28 28 1.076841
750 288 18 24 24 1.515571
750 294 18 24 24 0.161249
780 352 16 64 64 3.028055
780 352 32 64 64 0.928902
780 396 168 48 48 0.363095
780 396 168 48 48 0.363095
780 0 140 40 40 5.775411
780 10 140 40 40 7.041531
780 20 140 40 40 3.709055
780 9 144 36 36 3.370931
780 9 153 36 36 4.613460
780 9 162 36 36 1.877071
780 18 144 36 36 3.643701
780 18 153 36 36 5.679585
780 18 162 36 36 4.172509
780 27 144 36 36 2.663065
780 27 153 36 36 3.640267
780 27 162 36 36 1.281974
780 280 112 32 32 0.575569
780 400 112 32 32 3.933689
780 408 112 32 32 1.858810
780 408 128 32 32 0.359333
780 0 98 28 28 4.430721
780 0 112 28 28 1.937606
780 7 98 28 28 3.506881
780 14 98 28 28 2.309881
780 21 98 28 28 3.311918
780 112 112 28 28 3.284322
780 119 112 28 28 1.737446
780 126 112 28 28 3.274781
780 126 119 28 28 1.517878
780 126 126 28 28 2.134661
780 126 133 28 28 0.190713
780 168 126 28 28 0.552982
780 448 126 28 28 0.563197
780 0 114 24 24 0.052469
780 6 108 24 24 0.356294
780 6 114 24 24 4.342357
780 12 108 24 24 4.588352
780 12 114 24 24 6.538926
780 18 108 24 24 5.151718
780 18 114 24 24 5.257610
780 102 114 24 24 0.293562
780 108 114 24 24 3.578377
780 288 0 24 24 0.163506
780 288 6 24 24 3.163111
780 288 12 24 24 1.877727
810 352 16 64 64 2.040640
810 385 187 44 44 0.181901
810 16 128 32 32 2.613342
810 24 128 32 32 2.294708
810 408 112 32 32 3.879799
810 0 133 28 28 0.274923
810 14 133 28 28 2.646017
810 21 133 28 28 3.057388
810 112 119 28 28 0.068999
810 112 126 28 28 2.412099
810 112 133 28 28 1.629273
810 154 112 28 28 0.791885
810 154 119 28 28 3.053046
810 154 126 28 28 0.183670
810 448 126 28 28 2.982821
810 448 133 28 28 1.118273
810 96 108 24 24 0.773728
810 96 114 24 24 2.516628
810 102 114 24 24 0.548931
810 108 114 24 24 0.525466
840 352 16 64 64 0.426032
840 192 216 48 48 0.018122
840 408 204 48 48 0.572030
840 408 216 48 48 1.035120
840 408 228 48 48 1.240007
840 420 204 48 48 1.074343
840 420 216 48 48 0.261537
840 192 216 48 48 0.018122
840 408 204 48 48 0.572030
840 408 216 48 48 1.035120
840 408 228 48 48 1.240007
840 420 204 48 48 1.074343
840 420 216 48 48 0.261537
840 0 128 32 32 0.281071
840 8 128 32 32 0.131819
840 16 128 32 32 0.822750
840 24 112 32 32 2.912486
840 24 128 32 32 2.899492
840 0 126 28 28 0.319527
840 0 133 28 28 2.114452
840 7 126 28 28 1.662486
840 7 133 28 28 0.950777
840 14 126 28 28 2.641689
840 14 133 28 28 1.372146
840 21 126 28 28 3.131529
840 21 133 28 28 1.058978
840 154 112 28 28 4.123824
840 154 119 28 28 2.364975
840 154 126 28 28 0.209937
840 336 112 28 28 2.272528
840 448 112 28 28 5.303515
840 448 119 28 28 6.043416
840 448 126 28 28 3.654352
840 455 119 28 28 0.496627
840 455 126 28 28 1.039844
840 462 126 28 28 1.587024
840 96 108 24 24 2.381535
840 96 114 24 24 1.504723
840 102 108 24 24 4.163226
840 102 114 24 24 3.743956
840 108 108 24 24 1.855973
840 108 114 24 24 3.574842
840 192 114 24 24 1.120008
840 384 288 24 24 0.100825
840 390 114 24 24 1.008788
840 396 114 24 24 2.396009
870 8 112 32 32 1.074879
870 8 128 32 32 0.904929
870 16 112 32 32 1.660947
870 16 128 32 32 3.362894
870 24 128 32 32 3.400935
870 144 112 32 32 0.438150
870 0 126 28 28 1.759993
870 0 238 28 28 0.248757
870 14 119 28 28 1.682214
870 14 126 28 28 4.674441
870 14 133 28 28 2.136503
870 21 119 28 28 0.080966
870 21 126 28 28 7.248427
870 21 133 28 28 4.381799
870 154 112 28 28 3.986849
870 154 119 28 28 1.226008
870 336 112 28 28 1.518919
870 448 119 28 28 2.485291
870 448 126 28 28 0.596036
870 455 112 28 28 0.993229
870 455 119 28 28 1.818874
870 462 126 28 28 0.227931
870 469 126 28 28 1.339532
870 469 133 28 28 0.922337
870 96 108 24 24 2.918752
870 96 114 24 24 4.611920
870 102 108 24 24 2.314484
870 102 114 24 24 4.796225
870 108 108 24 24 0.849955
870 108 114 24 24 5.227272
870 192 114 24 24 2.759200
870 198 114 24 24 1.436600
870 396 114 24 24 3.185673
870 402 114 24 24 2.280875
900 0 126 36 36 1.567090
900 9 126 36 36 0.909552
900 306 126 36 36 0.060956
900 315 126 36 36 1.023610
900 0 112 32 32 0.862006
900 0 128 32 32 4.749044
900 8 128 32 32 5.988841
900 16 112 32 32 0.025537
900 16 128 32 32 4.339503
900 16 136 32 32 0.906719
900 24 128 32 32 1.783174
900 136 112 32 32 0.335955
900 144 112 32 32 0.874659
900 7 126 28 28 1.379116
900 7 133 28 28 3.669120
900 14 126 28 28 3.791227
900 14 133 28 28 6.444745
900 21 126 28 28 3.393958
900 21 133 28 28 5.660868
900 154 112 28 28 4.433345
900 154 119 28 28 3.161217
900 336 112 28 28 1.518959
900 336 119 28 28 0.508412
900 448 119 28 28 0.264184
900 448 126 28 28 3.747193
900 455 119 28 28 2.877533
900 455 126 28 28 4.566870
900 455 133 28 28 0.922596
900 462 119 28 28 0.654256
900 462 126 28 28 1.762533
900 96 114 24 24 2.238914
900 102 114 24 24 1.363850
900 108 114 24 24 2.550605
900 192 114 24 24 1.375643
930 0 126 36 36 4.713905
930 9 126 36 36 3.669338
930 18 126 36 36 4.580428
930 27 126 36 36 2.772156
930 306 126 36 36 0.287715
930 315 126 36 36 1.124537
930 0 128 32 32 7.378863
930 0 136 32 32 4.375805
930 8 128 32 32 5.962999
930 8 136 32 32 3.793507
930 16 128 32 32 4.130415
930 16 136 32 32 1.877135
930 24 128 32 32 4.396892
930 24 136 32 32 1.568916
930 128 128 32 32 1.362341
930 128 136 32 32 1.970792
930 136 112 32 32 1.413246
930 144 112 32 32 1.404392
930 176 112 32 32 2.276589
930 0 133 28 28 3.955889
930 7 133 28 28 6.818023
930 14 133 28 28 6.121571
930 21 133 28 28 3.188481
930 154 119 28 28 5.892740
930 154 126 28 28 2.410845
930 336 112 28 28 0.818015
930 336 119 28 28 2.481690
930 336 126 28 28 0.685838
930 343 119 28 28 0.181886
930 448 126 28 28 0.976672
930 448 133 28 28 0.760959
930 455 119 28 28 0.356194
930 455 126 28 28 4.519334
930 455 133 28 28 2.508535
930 462 119 28 28 2.497611
930 462 126 28 28 5.339179
930 462 133 28 28 3.384725
930 469 133 28 28 0.011476
930 96 300 24 24 0.971179
930 102 300 24 24 1.255219
930 108 300 24 24 1.364314
960 0 126 36 36 4.739666
960 9 126 36 36 2.385482
960 18 126 36 36 1.627738
960 27 144 36 36 1.783185
960 0 112 32 32 0.555747
960 0 128 32 32 2.617907
960 0 136 32 32 2.931574
960 0 144 32 32 2.130942
960 0 152 32 32 1.110919
960 8 128 32 32 1.064609
960 8 136 32 32 1.842346
960 8 144 32 32 1.326000
960 8 152 32 32 0.344617
960 24 136 32 32 0.646240
960 128 112 32 32 1.753179
960 128 136 32 32 1.949136
960 136 112 32 32 1.802419
960 136 128 32 32 2.660097
960 136 136 32 32 1.312384
960 144 112 32 32 4.516402
960 176 112 32 32 1.082772
960 0 112 28 28 1.553657
960 0 133 28 28 4.321146
960 7 112 28 28 2.923047
960 7 133 28 28 2.941395
960 14 133 28 28 2.144350
960 126 126 28 28 0.138835
960 126 133 28 28 1.442045
960 154 119 28 28 5.449038
960 154 126 28 28 5.660578
960 154 133 28 28 2.501195
960 336 126 28 28 1.382150
960 343 126 28 28 1.056774
960 448 133 28 28 3.068953
960 455 133 28 28 3.376018
960 462 126 28 28 0.370312
960 462 133 28 28 6.041409
960 469 126 28 28 4.224572
960 469 133 28 28 9.461376
990 459 27 36 36 1.260659
990 8 112 32 32 2.178387
990 24 112 32 32 0.384099
990 136 112 32 32 3.484803
990 136 128 32 32 0.275260
990 176 112 32 32 3.283744
990 176 128 32 32 4.069227
990 384 128 32 32 2.673990
990 392 128 32 32 1.652026
990 408 112 32 32 0.119680
990 21 126 28 28 0.005879
990 119 126 28 28 0.243712
990 119 133 28 28 3.720631
990 126 119 28 28 0.234438
990 126 126 28 28 4.917120
990 126 133 28 28 4.511076
990 336 133 28 28 1.342940
990 343 133 28 28 0.039997
990 6 192 24 24 2.517556
990 12 192 24 24 2.185749
1020 8 112 32 32 5.896193
1020 16 112 32 32 5.974098
1020 24 112 32 32 5.022009
1020 128 112 32 32 1.211679
1020 384 128 32 32 3.087722
1020 408 112 32 32 3.366800
1020 0 119 28 28 0.495399
1020 14 112 28 28 3.506174
1020 14 119 28 28 4.688611
1020 14 126 28 28 0.150135
1020 21 112 28 28 5.211386
1020 21 119 28 28 7.696558
1020 21 126 28 28 3.664523
1020 112 119 28 28 0.822656
1020 112 126 28 28 0.279106
1020 119 112 28 28 1.108785
1020 119 119 28 28 3.836615
1020 119 126 28 28 1.581125
1020 126 112 28 28 1.917902
1020 126 119 28 28 3.579960
1020 126 126 28 28 0.994463
1020 168 112 28 28 3.732466
1020 168 119 28 28 4.740388
1020 168 126 28 28 0.332335
1020 343 112 28 28 1.341003
1020 343 119 28 28 0.759242
1020 350 119 28 28 0.276955
1020 455 126 28 28 0.681640
1020 462 126 28 28 1.874715
1020 469 126 28 28 1.086803
1020 384 114 24 24 2.472841
1020 390 114 24 24 2.421701
1020 396 114 24 24 0.293303
1050 24 112 32 32 3.679220
1050 136 112 32 32 0.939020
1050 144 112 32 32 3.548489
1050 384 112 32 32 3.133135
1050 392 112 32 32 3.015725
1050 0 98 28 28 3.533706
1050 0 119 28 28 0.641232
1050 112 112 28 28 5.740025
1050 112 119 28 28 1.399873
1050 119 112 28 28 1.111724
1050 126 112 28 28 0.705845
1050 126 119 28 28 1.086433
1050 154 112 28 28 6.150395
1050 154 119 28 28 5.703536
1050 168 112 28 28 2.509877
1050 168 119 28 28 5.129323
1050 336 126 28 28 1.223493
1050 343 112 28 28 1.519068
1050 343 119 28 28 0.250137
1050 343 126 28 28 1.266690
1050 350 126 28 28 1.632603
1050 448 126 28 28 1.230220
1050 455 126 28 28 3.233335
1050 0 96 24 24 0.981118
1050 0 102 24 24 0.301745
1050 6 96 24 24 0.576408
1050 6 102 24 24 1.162230
1050 12 96 24 24 1.023633
1050 12 102 24 24 1.006848
1050 132 114 24 24 3.667862
1080 48 0 64 64 0.170567
1080 48 16 64 64 3.350505
1080 320 140 40 40 2.734026
1080 330 140 40 40 2.166751
1080 306 18 36 36 1.562685
1080 306 27 36 36 0.467435
1080 315 27 36 36 1.619341
1080 441 27 36 36 0.508021
1080 0 128 32 32 1.421177
1080 8 128 32 32 1.603197
1080 128 112 32 32 0.444255
1080 136 112 32 32 2.677071
1080 392 112 32 32 1.107866
1080 400 112 32 32 7.168678
1080 408 112 32 32 7.848381
1080 408 136 32 32 4.686991
1080 408 144 32 32 6.477836
1080 408 152 32 32 4.296547
1080 21 133 28 28 1.265417
1080 112 119 28 28 2.435711
1080 112 126 28 28 4.290523
1080 462 98 28 28 1.491934
1080 469 98 28 28 0.989168
1080 102 114 24 24 0.103681
1080 108 108 24 24 0.560074
1080 108 114 24 24 1.616564
1080 384 114 24 24 4.908156
1080 390 114 24 24 1.288358
1080 480 114 24 24 0.963313
1080 498 108 24 24 0.411896
1080 498 114 24 24 2.966623
1110 340 140 40 40 0.843262
1110 0 126 36 36 1.852942
1110 9 126 36 36 4.099308
1110 18 126 36 36 3.901298
1110 441 126 36 36 2.763300
1110 450 126 36 36 4.705635
1110 459 126 36 36 0.780578
1110 24 144 32 32 0.124310
1110 128 112 32 32 5.768765
1110 384 136 32 32 1.324436
1110 392 136 32 32 4.496100
1110 392 144 32 32 2.003800
1110 0 126 28 28 1.508938
1110 0 133 28 28 3.877362
1110 7 133 28 28 1.867167
1110 21 119 28 28 0.983744
1110 112 126 28 28 0.411071
1110 119 126 28 28 1.979243
1110 126 119 28 28 5.478272
1110 126 126 28 28 5.897027
1110 126 133 28 28 2.123233
1110 336 119 28 28 1.817338
1110 336 126 28 28 2.365109
1110 343 119 28 28 1.146672
1110 448 112 28 28 2.544697
1110 448 119 28 28 4.002653
1110 448 126 28 28 4.166967
1110 455 119 28 28 4.266117
1110 455 126 28 28 6.679490
1110 455 133 28 28 4.716423
1110 462 119 28 28 1.695715
1110 462 126 28 28 8.838673
1110 462 133 28 28 9.226506
1110 469 126 28 28 0.580394
1110 469 133 28 28 4.986620
1110 396 114 24 24 0.008051
1110 402 114 24 24 2.767435
1110 492 96 24 24 0.216834
1110 492 102 24 24 1.756226
1110 492 108 24 24 1.581733
1110 498 102 24 24 3.445212
1140 320 0 40 40 3.883666
1140 330 0 40 40 2.829586
1140 330 10 40 40 0.273989
1140 27 126 36 36 2.518070
1140 306 0 36 36 3.072715
1140 306 9 36 36 0.165859
1140 315 0 36 36 4.539297
1140 315 9 36 36 5.033952
1140 450 153 36 36 0.659958
1140 450 162 36 36 1.236615
1140 384 112 32 32 2.196248
1140 21 98 28 28 3.899598
1140 21 112 28 28 0.777854
1140 112 119 28 28 2.045743
1140 119 119 28 28 4.077901
1140 126 119 28 28 2.738695
1140 448 112 28 28 4.551048
1140 448 119 28 28 2.299356
1140 455 112 28 28 7.517620
1140 455 119 28 28 4.799862
1140 455 126 28 28 0.373101
1140 462 112 28 28 3.457354
1140 462 119 28 28 3.552703
1140 469 112 28 28 0.227175
1140 469 119 28 28 0.695281
1140 480 192 24 24 0.476419
1140 480 198 24 24 3.413103
1140 480 204 24 24 1.576308
1140 486 102 24 24 0.125364
1140 486 192 24 24 2.425605
1140 486 198 24 24 2.369036
1170 16 32 64 64 0.560871
1170 32 16 64 64 1.143836
1170 32 32 64 64 0.009767
1170 48 16 64 64 1.691186
1170 288 16 64 64 1.433414
1170 352 16 64 64 4.367303
1170 352 32 64 64 1.267464
1170 420 36 48 48 0.288563
1170 420 36 48 48 0.288563
1170 136 112 32 32 1.705359
1170 144 112 32 32 4.707140
1170 384 112 32 32 1.386403
1170 408 112 32 32 0.286159
1170 112 119 28 28 2.391468
1170 112 126 28 28 2.134261
1170 112 133 28 28 1.263518
1170 119 126 28 28 2.575189
1170 119 133 28 28 1.593703
1170 126 126 28 28 1.989866
1170 154 119 28 28 5.766526
1170 154 126 28 28 6.759491
1170 336 14 28 28 0.178063
1170 343 14 28 28 3.540289
1170 343 21 28 28 3.533350
1170 350 14 28 28 5.325596
1170 350 21 28 28 2.969574
1170 357 14 28 28 1.123826
1170 448 119 28 28 0.044149
1170 455 119 28 28 1.793792
1170 469 112 28 28 0.312663
1170 0 84 24 24 0.449342
1170 6 84 24 24 1.986272
1170 102 102 24 24 3.263265
1170 108 102 24 24 4.243842
1170 480 114 24 24 0.520680
1170 486 114 24 24 0.598943
1200 0 0 64 64 6.793158
1200 0 16 64 64 8.977861
1200 0 32 64 64 0.059811
1200 16 0 64 64 6.993857
1200 16 16 64 64 8.248192
1200 16 32 64 64 0.156825
1200 32 0 64 64 2.461772
1200 352 16 64 64 1.893343
1200 432 9 36 36 3.487546
1200 441 126 36 36 4.836437
1200 450 126 36 36 2.407290
1200 8 112 32 32 2.679629
1200 16 112 32 32 3.837476
1200 24 112 32 32 5.918217
1200 128 112 32 32 8.089881
1200 136 112 32 32 6.848736
1200 392 112 32 32 4.608181
1200 400 16 32 32 0.840271
1200 400 112 32 32 7.663072
1200 14 126 28 28 1.477890
1200 21 126 28 28 0.050152
1200 112 119 28 28 3.307583
1200 112 126 28 28 7.517446
1200 112 133 28 28 1.841505
1200 119 119 28 28 6.888177
1200 119 126 28 28 11.794971
1200 119 133 28 28 1.398039
1200 126 119 28 28 4.871354
1200 126 126 28 28 9.071010
1200 126 133 28 28 0.094217
1200 357 126 28 28 1.696723
1200 455 21 28 28 1.318509
1200 96 96 24 24 0.129079
1200 144 114 24 24 2.680760
1230 352 0 64 64 2.575770
1230 352 16 64 64 5.697595
1230 0 112 32 32 4.806743
1230 0 128 32 32 2.342299
1230 0 136 32 32 0.205093
1230 8 112 32 32 3.499495
1230 8 128 32 32 2.286903
1230 16 112 32 32 3.364393
1230 16 128 32 32 1.880930
1230 24 112 32 32 4.250927
1230 128 112 32 32 2.693423
1230 392 112 32 32 0.632341
1230 400 112 32 32 3.925779
1230 408 112 32 32 3.655048
1230 0 126 28 28 3.226697
1230 0 133 28 28 3.394529
1230 7 126 28 28 1.880352
1230 7 133 28 28 2.333192
1230 14 133 28 28 0.432428
1230 21 133 28 28 2.570539
1230 112 119 28 28 2.071915
1230 112 126 28 28 3.694417
1230 119 119 28 28 1.406912
1230 119 126 28 28 3.963757
1230 119 133 28 28 0.398967
1230 126 119 28 28 1.121021
1230 462 126 28 28 1.372298
1230 462 133 28 28 1.240910
1230 12 84 24 24 1.607265
1230 18 84 24 24 0.437879
1230 486 12 24 24 0.967804
1260 352 16 64 64 1.889156
1260 352 32 64 64 0.679341
1260 0 128 32 32 4.082620
1260 0 136 32 32 0.254639
1260 8 128 32 32 2.594856
1260 16 128 32 32 0.170023
1260 136 112 32 32 1.485410
1260 144 112 32 32 0.235270
1260 0 133 28 28 3.123626
1260 7 133 28 28 2.567138
1260 14 133 28 28 1.644134
1260 21 133 28 28 2.556617
1260 112 98 28 28 0.860233
1260 154 119 28 28 5.210105
1260 168 119 28 28 0.471127
1260 455 126 28 28 0.271234
1260 462 126 28 28 0.354971
1260 469 126 28 28 2.206742
1260 0 84 24 24 2.186658
1290 0 0 64 64 1.451867
1290 0 16 64 64 1.929947
1290 24 36 48 48 2.965493
1290 36 36 48 48 2.848773
1290 24 36 48 48 2.965493
1290 36 36 48 48 2.848773
1290 126 112 28 28 0.627180
1290 336 126 28 28 0.393180
1290 343 133 28 28 0.876402
1290 462 119 28 28 1.141858
1290 462 126 28 28 0.452998
1290 469 112 28 28 0.022785
1290 469 126 28 28 0.403220
1290 469 133 28 28 1.809969
1290 96 96 24 24 1.902243
1290 102 96 24 24 1.881020
1290 108 96 24 24 0.789976
1290 144 114 24 24 0.812917
1290 396 102 24 24 0.131369
1290 396 108 24 24 0.957620
1290 396 114 24 24 3.878795
1290 402 114 24 24 1.153918
1290 486 108 24 24 2.232511
1290 486 114 24 24 3.998185
1290 492 84 24 24 0.660357
1290 492 114 24 24 0.466930
1320 0 16 64 64 0.174891
1320 0 24 48 48 0.308124
1320 0 36 48 48 4.557507
1320 12 36 48 48 2.373650
1320 0 24 48 48 0.308124
1320 0 36 48 48 4.557507
1320 12 36 48 48 2.373650
1320 408 128 32 32 1.403014
1320 0 98 28 28 3.999348
1320 119 98 28 28 0.656494
1320 126 98 28 28 4.007237
1320 336 119 28 28 0.324772
1320 343 133 28 28 1.554370
1320 350 133 28 28 0.776702
1320 0 108 24 24 2.066348
1320 6 102 24 24 1.673922
1320 6 108 24 24 2.089159
1320 144 108 24 24 1.851748
1320 144 114 24 24 2.460681
1350 432 126 36 36 4.247550
1350 441 126 36 36 3.999738
1350 450 126 36 36 1.226270
1350 8 112 32 32 2.725554
1350 16 112 32 32 1.154060
1350 112 98 28 28 2.133789
1350 119 98 28 28 0.912324
1350 154 112 28 28 0.443304
1350 336 98 28 28 1.682953
1350 336 112 28 28 1.384082
1350 204 114 24 24 0.914810
1380 48 0 64 64 0.304206
1380 128 112 32 32 1.874228
1380 384 128 32 32 1.850504
1380 392 128 32 32 0.283766
1380 392 136 32 32 0.960646
1380 119 112 28 28 3.139441
1380 126 112 28 28 7.187466
1380 126 119 28 28 3.924033
1380 336 112 28 28 1.986903
1380 336 119 28 28 1.087574
1380 343 112 28 28 0.876935
1380 350 98 28 28 0.679042
1380 144 114 24 24 0.278255
1380 480 96 24 24 1.717055
1380 486 96 24 24 2.709654
1380 492 96 24 24 3.108172
1380 498 96 24 24 1.328436
1410 288 16 64 64 0.135287
1410 432 144 36 36 3.156667
1410 432 153 36 36 2.351270
1410 441 144 36 36 3.975182
1410 441 153 36 36 0.194470
1410 450 144 36 36 1.380070
1410 459 162 36 36 1.565837
1410 384 128 32 32 0.907133
1410 112 112 28 28 3.357264
1410 112 119 28 28 6.151762
1410 112 126 28 28 4.474711
1410 112 133 28 28 0.394933
1410 119 112 28 28 1.718824
1410 119 119 28 28 4.531643
1410 119 126 28 28 1.458002
1410 126 112 28 28 0.536576
1410 126 119 28 28 1.594632
1410 126 126 28 28 0.815010
1410 336 112 28 28 1.986663
1410 336 119 28 28 3.136848
1410 336 126 28 28 0.480386
1410 343 112 28 28 1.272480
1410 343 119 28 28 0.637807
1410 350 112 28 28 0.700930
1410 350 119 28 28 2.531960
1410 350 126 28 28 2.963340
1410 350 133 28 28 1.852269
1410 357 119 28 28 0.738099
1410 357 126 28 28 4.166944
1410 357 133 28 28 3.328626
1410 396 114 24 24 0.992104
1410 402 114 24 24 0.638064
1410 486 192 24 24 1.375010
1410 486 204 24 24 0.237901
1410 492 198 24 24 0.232825
1410 498 204 24 24 0.411779
1440 32 16 64 64 0.613079
1440 288 16 64 64 0.865689
1440 288 32 64 64 1.474999
1440 352 0 64 64 1.281267
1440 352 16 64 64 0.892226
1440 384 24 48 48 3.344033
1440 384 24 48 48 3.344033
1440 0 126 36 36 5.868602
1440 0 128 32 32 2.180412
1440 0 136 32 32 5.608975
1440 8 128 32 32 2.995601
1440 8 136 32 32 5.346573
1440 16 128 32 32 0.109416
1440 24 128 32 32 0.480375
1440 7 119 28 28 0.203209
1440 21 126 28 28 0.287778
1440 336 112 28 28 4.410250
1440 336 119 28 28 6.177503
1440 343 112 28 28 5.823906
1440 343 119 28 28 2.384488
1440 480 18 24 24 1.135367
1470 0 16 64 64 0.085974
1470 0 32 64 64 2.601507
1470 396 24 48 48 0.506680
1470 408 24 48 48 0.954171
1470 396 24 48 48 0.506680
1470 408 24 48 48 0.954171
1470 8 128 32 32 2.863849
1470 16 128 32 32 3.635146
1470 408 152 32 32 2.137428
1470 0 126 28 28 3.289286
1470 14 126 28 28 1.321048
1470 21 126 28 28 4.587998
1470 21 133 28 28 4.985268
1470 462 119 28 28 0.435513
1470 462 126 28 28 2.338276
1500 352 32 64 64 3.175383
1500 352 48 64 64 4.622552
1500 27 126 36 36 0.316675
1500 0 128 32 32 2.032844
1500 8 128 32 32 1.554306
1500 16 128 32 32 0.542261
1500 24 112 32 32 2.008899
1500 24 128 32 32 2.282604
1500 408 136 32 32 0.474337
1500 408 144 32 32 0.687169
1500 408 152 32 32 2.757697
1500 0 126 28 28 2.673014
1500 0 133 28 28 4.147239
1500 7 133 28 28 3.645177
1500 14 133 28 28 3.040759
1500 21 126 28 28 1.800508
1500 21 133 28 28 2.418792
1500 448 98 28 28 3.187615
1500 455 98 28 28 3.744101
1500 462 98 28 28 0.520000
1500 469 98 28 28 1.467805
1500 498 204 24 24 0.699716
1530 0 112 32 32 2.458420
1530 0 128 32 32 2.200416
1530 8 112 32 32 2.070825
1530 16 112 32 32 2.692281
1530 24 112 32 32 0.178702
1530 0 126 28 28 1.761221
1530 0 133 28 28 2.456194
1530 7 112 28 28 2.243196
1530 7 119 28 28 2.403560
1530 7 126 28 28 3.529997
1530 7 133 28 28 1.421176
1530 14 112 28 28 0.088657
1530 14 119 28 28 1.062800
1530 14 126 28 28 2.737149
1530 14 133 28 28 3.083324
1530 21 126 28 28 2.154809
1530 21 133 28 28 1.335465
1560 352 16 64 64 0.411475
1560 352 32 64 64 0.221241
1560 396 0 48 48 0.273018
1560 396 0 48 48 0.273018
1560 297 153 36 36 1.505268
1560 21 133 28 28 1.785489
1560 462 126 28 28 1.793229
1560 469 126 28 28 3.216660
1560 469 133 28 28 3.317568
1560 390 204 24 24 0.901286
1590 288 16 64 64 0.040978
1590 384 112 32 32 0.004629
1590 12 114 24 24 0.164878
1620 36 12 48 48 0.267875
1620 36 12 48 48 0.267875
1620 0 30 40 40 0.300585
1620 10 30 40 40 0.275467
1620 432 126 36 36 3.997457
1620 441 126 36 36 1.826120
1620 448 126 28 28 1.584856
1620 448 133 28 28 4.867588
1620 455 126 28 28 1.142645
1620 455 133 28 28 4.702565
1620 462 126 28 28 1.630562
1620 462 133 28 28 4.227398
1620 469 133 28 28 0.309519
1620 96 114 24 24 0.042809
1650 12 12 48 48 0.981103
1650 24 12 48 48 0.153027
1650 12 12 48 48 0.981103
1650 24 12 48 48 0.153027
1650 22 22 44 44 0.376992
1650 126 98 28 28 0.425733
1650 469 126 28 28 2.280982
1650 0 84 24 24 3.577763
1650 96 114 24 24 0.522992
1650 132 108 24 24 1.764216
1650 132 114 24 24 0.372828
1650 144 108 24 24 0.306922
1650 144 114 24 24 3.573690
1650 300 114 24 24 1.187675
1650 480 306 24 24 2.089571
1650 486 306 24 24 1.342209
1650 492 306 24 24 0.049688
1680 400 112 32 32 0.212278
1680 400 128 32 32 1.621277
1680 400 136 32 32 1.104645
1680 112 119 28 28 2.923518
1680 112 126 28 28 0.838977
1680 455 0 28 28 0.458735
1680 462 0 28 28 2.775949
1680 480 6 24 24 0.485949
1710 352 16 64 64 0.100929
1710 8 128 32 32 2.660752
1710 16 128 32 32 1.825682
1710 14 133 28 28 2.278012
1710 21 133 28 28 2.329648
1710 126 126 28 28 0.286232
1710 498 192 24 24 3.366487
1710 498 198 24 24 4.320982
1710 498 204 24 24 1.647274
1710 498 210 24 24 0.729710
1740 119 133 28 28 1.820657
1740 448 133 28 28 1.134484
1770 0 112 32 32 3.595707
1770 8 112 32 32 2.661266
1770 272 112 32 32 0.236968
1770 0 119 28 28 0.377362
1770 0 126 28 28 6.943219
1770 0 133 28 28 1.518822
1770 7 119 28 28 1.866315
1770 7 126 28 28 3.066861
1770 14 119 28 28 0.641145
1770 14 126 28 28 1.255564
1770 112 133 28 28 1.779061
1770 343 126 28 28 2.965826
1770 343 133 28 28 2.437315
1770 350 126 28 28 2.931563
1770 350 133 28 28 2.160655
1770 357 126 28 28 1.010951
1770 357 133 28 28 0.799423
1770 448 126 28 28 2.458431
1800 256 16 64 64 1.963378
1800 256 32 64 64 0.069791
1800 272 16 64 64 1.453018
1800 272 32 64 64 1.950787
1800 288 16 64 64 2.969703
1800 288 32 64 64 4.209561
1800 0 112 32 32 1.801521
1800 8 112 32 32 3.803795
1800 16 112 32 32 2.325302
1800 24 112 32 32 3.536669
1800 384 128 32 32 0.248931
1800 392 128 32 32 3.378157
1800 400 128 32 32 3.463069
1800 0 126 28 28 4.378968
1800 0 133 28 28 5.759441
1800 7 126 28 28 3.117064
1800 7 133 28 28 3.411449
1800 14 126 28 28 6.878794
1800 21 126 28 28 1.591740
1800 154 126 28 28 0.877863
1800 350 133 28 28 0.459626
1800 357 133 28 28 2.242311
1800 448 133 28 28 2.057393
1830 198 126 36 36 1.401575
1830 297 144 36 36 0.994583
1830 432 126 36 36 4.005268
1830 441 126 36 36 7.691536
1830 450 126 36 36 3.990015
1830 459 126 36 36 2.681799
1830 459 144 36 36 0.318822
1830 0 112 32 32 0.672382
1830 8 112 32 32 4.990053
1830 16 112 32 32 4.670042
1830 24 112 32 32 2.822896
1830 128 112 32 32 6.717117
1830 136 112 32 32 1.839890
1830 176 112 32 32 1.811287
1830 384 128 32 32 1.145568
1830 0 126 28 28 0.699345
1830 7 126 28 28 2.835073
1830 7 133 28 28 2.478194
1830 14 126 28 28 4.195978
1830 14 133 28 28 2.790167
1830 21 133 28 28 0.625066
1830 112 119 28 28 0.744005
1830 112 126 28 28 8.334152
1830 112 133 28 28 6.327405
1830 119 119 28 28 0.261677
1830 119 126 28 28 5.955964
1830 119 133 28 28 5.619069
1830 126 119 28 28 4.220315
1830 126 126 28 28 5.681734
1830 126 133 28 28 3.215634
1830 168 126 28 28 1.687792
1830 336 133 28 28 5.730810
1830 343 126 28 28 2.518071
1830 343 133 28 28 4.646571
1830 350 112 28 28 4.133609
1830 350 119 28 28 1.835716
1830 350 133 28 28 1.626983
1830 357 112 28 28 1.232511
1860 0 112 32 32 2.066011
1860 128 112 32 32 2.268770
1860 136 112 32 32 7.634730
1860 144 112 32 32 6.722783
1860 176 112 32 32 1.608532
1860 272 152 32 32 0.110382
1860 392 112 32 32 2.201684
1860 392 128 32 32 2.942932
1860 400 128 32 32 3.120913
1860 400 136 32 32 2.399980
1860 408 128 32 32 2.984786
1860 408 136 32 32 1.058818
1860 0 119 28 28 1.809428
1860 0 126 28 28 3.557716
1860 7 119 28 28 3.152917
1860 7 126 28 28 6.098594
1860 7 133 28 28 1.986488
1860 14 126 28 28 4.315384
1860 14 133 28 28 2.424097
1860 21 126 28 28 1.760046
1860 112 112 28 28 0.692580
1860 112 119 28 28 4.727107
1860 112 126 28 28 2.752825
1860 119 112 28 28 0.404587
1860 119 119 28 28 3.759961
1860 119 126 28 28 2.547455
1860 126 119 28 28 2.780017
1860 126 126 28 28 0.020667
1860 154 119 28 28 5.171203
1860 154 126 28 28 4.362744
1860 168 112 28 28 6.226153
1860 168 119 28 28 7.897937
1860 168 126 28 28 4.258127
1860 224 112 28 28 3.507908
1860 224 119 28 28 6.591802
1860 231 112 28 28 0.860246
1860 231 119 28 28 7.216480
1860 238 119 28 28 3.156744
1860 245 119 28 28 0.760060
1890 0 0 64 64 2.780948
1890 16 0 64 64 0.055749
1890 256 0 64 64 0.242078
1890 24 36 48 48 1.172742
1890 204 192 48 48 1.229432
1890 216 192 48 48 1.476049
1890 288 168 48 48 0.725460
1890 384 192 48 48 1.934081
1890 396 192 48 48 4.640505
1890 408 192 48 48 3.179152
1890 420 192 48 48 2.511495
1890 24 36 48 48 1.172742
1890 204 192 48 48 1.229432
1890 216 192 48 48 1.476049
1890 288 168 48 48 0.725460
1890 384 192 48 48 1.934081
1890 396 192 48 48 4.640505
1890 408 192 48 48 3.179152
1890 420 192 48 48 2.511495
1890 352 198 44 44 0.871286
1890 385 187 44 44 1.327078
1890 350 190 40 40 0.611065
1890 432 126 36 36 2.249985
1890 441 126 36 36 1.964445
1890 441 144 36 36 0.355024
1890 450 153 36 36 0.372387
1890 0 112 28 28 2.936491
1890 7 112 28 28 3.281995
1890 14 112 28 28 3.993543
1890 21 112 28 28 4.505590
1890 168 112 28 28 3.011468
1890 238 98 28 28 2.216919
1890 245 98 28 28 5.027406
1890 455 98 28 28 1.906533
1890 455 112 28 28 1.831335
1890 462 98 28 28 3.377014
1890 462 112 28 28 8.796701
1890 462 119 28 28 3.235054
1890 469 112 28 28 7.798031
1890 469 119 28 28 9.051791
1890 469 126 28 28 4.338933
1890 469 133 28 28 1.907301
1890 96 114 24 24 3.659523
1890 102 114 24 24 3.993659
1890 198 96 24 24 3.102789
1890 204 96 24 24 7.131599
1890 210 96 24 24 6.091695
1890 480 114 24 24 0.126565
1920 0 36 48 48 0.793894
1920 24 36 48 48 0.841007
1920 36 36 48 48 3.116527
1920 0 36 48 48 0.793894
1920 24 36 48 48 0.841007
1920 36 36 48 48 3.116527
1920 441 126 36 36 0.806385
1920 24 112 32 32 2.012004
1920 0 119 28 28 0.697343
1920 96 114 24 24 0.492376
1920 102 114 24 24 1.023307
1920 108 114 24 24 0.247730
1920 204 114 24 24 0.073199
1920 300 102 24 24 0.147337
1920 498 84 24 24 1.839705
1950 0 0 64 64 1.867264
1950 0 16 64 64 0.076557
1950 0 32 64 64 1.554660
1950 32 16 64 64 2.027462
1950 48 16 64 64 2.345270
1950 48 32 64 64 1.531841
1950 0 112 32 32 2.089880
1950 8 112 32 32 4.862414
1950 16 112 32 32 2.624763
1950 144 112 32 32 2.848019
1950 0 126 28 28 1.642372
1950 14 119 28 28 2.866569
1950 14 126 28 28 2.612192
1950 21 112 28 28 0.633396
1950 21 119 28 28 2.210005
1950 21 126 28 28 2.060491
1950 154 119 28 28 4.114079
1950 154 126 28 28 5.270715
1950 238 112 28 28 2.165077
1950 245 112 28 28 1.383386
1950 455 112 28 28 1.308290
1950 455 126 28 28 0.982511
1950 462 112 28 28 0.677122
1950 462 133 28 28 0.121599
1950 492 96 24 24 0.450594
