30 256 32 64 64 1.638643
30 256 48 64 64 0.277825
30 272 32 64 64 1.158461
30 288 32 64 64 1.237313
30 0 22 44 44 0.567835
30 242 11 44 44 11.262130
30 242 22 44 44 10.890278
30 242 33 44 44 0.425508
30 320 20 40 40 2.936017
30 320 30 40 40 0.573242
30 330 20 40 40 0.115932
30 119 112 28 28 1.718340
30 126 112 28 28 0.775574
30 6 108 24 24 0.209632
30 12 114 24 24 0.347225
30 102 204 24 24 0.194810
30 144 192 24 24 1.246139
30 144 198 24 24 0.818129
30 288 114 24 24 0.695551
30 300 84 24 24 1.434382
30 498 192 24 24 0.812022
60 256 0 64 64 1.839551
60 272 0 64 64 2.152371
60 264 12 48 48 2.964678
60 264 24 48 48 2.378347
60 288 12 48 48 4.410244
60 288 24 48 48 3.561269
60 264 12 48 48 2.964678
60 264 24 48 48 2.378347
60 288 12 48 48 4.410244
60 288 24 48 48 3.561269
60 242 11 44 44 4.659254
60 242 22 44 44 15.398635
60 242 33 44 44 7.161741
60 264 22 44 44 2.037323
60 264 33 44 44 1.253923
60 320 30 40 40 2.670973
60 330 30 40 40 4.402629
60 330 160 40 40 0.652200
60 340 160 40 40 0.158501
60 272 128 32 32 1.256064
60 280 128 32 32 1.969309
60 280 136 32 32 0.154853
60 0 119 28 28 2.155917
60 0 126 28 28 1.040573
60 21 126 28 28 1.687900
60 350 98 28 28 1.800021
60 357 98 28 28 1.159993
60 288 84 24 24 2.729244
60 294 84 24 24 1.589512
60 300 84 24 24 3.145776
60 300 108 24 24 0.158982
60 306 108 24 24 2.428567
60 306 114 24 24 1.347630
60 390 96 24 24 1.878020
60 396 96 24 24 0.236448
60 480 288 24 24 0.310251
60 486 288 24 24 0.217899
60 498 204 24 24 2.770030
90 256 0 64 64 1.372496
90 256 48 64 64 2.286755
90 272 48 64 64 0.497604
90 288 48 64 64 0.892589
90 288 12 48 48 1.060928
90 288 12 48 48 1.060928
90 242 11 44 44 2.110353
90 242 22 44 44 14.927533
90 242 33 44 44 8.084772
90 264 22 44 44 0.883779
90 320 30 40 40 1.906838
90 330 30 40 40 2.921005
90 0 119 28 28 1.183420
90 0 126 28 28 1.105477
90 7 126 28 28 0.180438
90 21 126 28 28 1.346086
90 288 84 24 24 3.876579
90 294 84 24 24 2.664939
90 300 84 24 24 2.953262
90 480 288 24 24 0.652674
90 486 288 24 24 0.220763
90 498 198 24 24 0.339777
120 256 0 64 64 2.623588
120 256 48 64 64 1.683532
120 272 0 64 64 0.188164
120 272 48 64 64 0.406962
120 288 48 64 64 0.763388
120 288 12 48 48 1.092336
120 288 12 48 48 1.092336
120 242 22 44 44 12.328071
120 242 33 44 44 8.706422
120 320 30 40 40 1.806160
120 330 30 40 40 2.127125
120 0 144 32 32 0.031847
120 0 119 28 28 0.374151
120 0 126 28 28 2.771684
120 7 126 28 28 0.926507
120 21 126 28 28 0.888468
120 288 84 24 24 3.411878
120 294 84 24 24 1.782622
120 300 84 24 24 2.069708
120 498 198 24 24 0.129642
150 16 32 64 64 0.137105
150 256 0 64 64 2.676172
150 256 48 64 64 1.595855
150 272 0 64 64 0.377214
150 272 48 64 64 0.573874
150 288 48 64 64 0.840221
150 288 12 48 48 1.115405
150 288 12 48 48 1.115405
150 242 11 44 44 0.100526
150 242 22 44 44 12.575153
150 242 33 44 44 8.413465
150 320 30 40 40 2.148474
150 330 30 40 40 2.502595
150 0 144 32 32 0.207621
150 0 119 28 28 0.534753
150 0 126 28 28 2.448048
150 7 126 28 28 0.603712
150 21 126 28 28 0.879889
150 288 84 24 24 3.450388
150 294 84 24 24 1.714013
150 300 84 24 24 2.043183
180 256 0 64 64 2.768603
180 256 48 64 64 0.971964
180 272 0 64 64 0.109034
180 272 48 64 64 0.760434
180 288 48 64 64 1.548537
180 288 12 48 48 1.497932
180 288 12 48 48 1.497932
180 242 22 44 44 12.314865
180 242 33 44 44 9.863298
180 320 30 40 40 2.479584
180 330 30 40 40 2.096794
180 0 144 32 32 0.931883
180 272 112 32 32 0.528777
180 0 126 28 28 2.548142
180 7 126 28 28 0.521461
180 21 126 28 28 0.119925
180 288 84 24 24 4.108674
180 294 84 24 24 0.885640
180 300 84 24 24 1.250989
210 0 32 64 64 0.466290
210 16 32 64 64 0.835832
210 256 0 64 64 2.662349
210 256 48 64 64 0.655929
210 272 0 64 64 0.040178
210 272 48 64 64 0.979331
210 288 48 64 64 1.687336
210 288 12 48 48 1.606572
210 288 12 48 48 1.606572
210 242 22 44 44 13.386636
210 242 33 44 44 10.999441
210 320 30 40 40 1.988533
210 330 30 40 40 2.475837
210 0 144 32 32 1.538538
210 0 126 28 28 2.482411
210 7 126 28 28 0.481661
210 21 126 28 28 0.030650
210 154 133 28 28 0.139429
210 288 84 24 24 5.013437
210 294 84 24 24 1.480064
210 300 84 24 24 1.723902
240 256 0 64 64 2.748566
240 256 48 64 64 0.836079
240 272 48 64 64 0.933623
240 288 48 64 64 1.813794
240 24 228 48 48 2.068333
240 288 12 48 48 1.448063
240 24 228 48 48 2.068333
240 288 12 48 48 1.448063
240 0 198 44 44 0.425163
240 11 187 44 44 1.851487
240 11 198 44 44 2.096556
240 242 22 44 44 12.837799
240 242 33 44 44 10.716205
240 320 30 40 40 2.253650
240 330 30 40 40 2.273431
240 0 264 32 32 1.328034
240 0 272 32 32 1.659765
240 0 280 32 32 0.066443
240 8 256 32 32 0.992498
240 8 264 32 32 2.620785
240 8 272 32 32 4.024623
240 8 280 32 32 3.365180
240 16 272 32 32 0.067759
240 7 98 28 28 0.235712
240 14 98 28 28 2.478268
240 21 98 28 28 6.063673
240 6 114 24 24 0.259949
240 18 288 24 24 3.990397
240 18 294 24 24 4.898318
240 18 300 24 24 3.737425
240 18 306 24 24 1.016158
240 288 84 24 24 5.069905
240 294 84 24 24 1.606121
240 300 84 24 24 1.969897
270 256 0 64 64 2.674962
270 256 48 64 64 1.167098
270 272 0 64 64 1.147408
270 272 48 64 64 0.675941
270 288 48 64 64 2.305495
270 192 216 48 48 1.646736
270 192 228 48 48 3.358248
270 204 228 48 48 2.643615
270 216 228 48 48 0.997317
270 288 12 48 48 1.125193
270 192 216 48 48 1.646736
270 192 228 48 48 3.358248
270 204 228 48 48 2.643615
270 216 228 48 48 0.997317
270 288 12 48 48 1.125193
270 176 198 44 44 1.168972
270 176 209 44 44 0.923389
270 187 198 44 44 1.216872
270 187 209 44 44 0.438925
270 242 22 44 44 14.437304
270 242 33 44 44 13.474283
270 320 30 40 40 1.960953
270 330 30 40 40 1.570753
270 0 144 32 32 1.483774
270 128 256 32 32 1.086156
270 128 264 32 32 2.281519
270 136 256 32 32 1.905036
270 136 264 32 32 2.302264
270 144 256 32 32 0.361090
270 144 264 32 32 1.352413
270 176 280 32 32 3.953541
270 192 264 32 32 1.933252
270 192 272 32 32 2.399579
270 192 280 32 32 2.850698
270 272 112 32 32 2.787266
270 0 126 28 28 2.088108
270 7 126 28 28 0.244167
270 198 294 24 24 2.249627
270 198 300 24 24 2.402225
270 198 306 24 24 2.737897
270 204 294 24 24 0.090763
270 204 300 24 24 1.303523
270 204 306 24 24 2.091332
270 210 192 24 24 0.462034
270 210 294 24 24 0.144578
270 288 84 24 24 5.166251
270 294 84 24 24 0.697617
270 300 84 24 24 0.632896
300 256 0 64 64 1.547334
300 256 32 64 64 0.777321
300 256 48 64 64 0.691623
300 272 0 64 64 0.060609
300 288 12 48 48 0.948847
300 384 204 48 48 1.776428
300 384 216 48 48 3.937551
300 384 228 48 48 2.328369
300 288 12 48 48 0.948847
300 384 204 48 48 1.776428
300 384 216 48 48 3.937551
300 384 228 48 48 2.328369
300 11 209 44 44 0.334219
300 242 22 44 44 11.488739
300 242 33 44 44 8.413415
300 374 209 44 44 1.345049
300 385 209 44 44 1.585579
300 320 30 40 40 1.711805
300 330 30 40 40 0.809315
300 400 256 32 32 1.865168
300 400 264 32 32 0.817776
300 400 272 32 32 2.314144
300 408 256 32 32 2.094857
300 408 264 32 32 2.063245
300 408 272 32 32 0.603687
300 288 84 24 24 3.228247
300 294 84 24 24 1.801284
300 300 84 24 24 1.943052
300 384 288 24 24 0.210826
330 256 0 64 64 2.616581
330 256 48 64 64 0.350551
330 272 0 64 64 0.842737
330 272 48 64 64 0.054954
330 288 48 64 64 2.689398
330 36 204 48 48 1.317359
330 288 12 48 48 1.114868
330 36 204 48 48 1.317359
330 288 12 48 48 1.114868
330 242 22 44 44 9.995360
330 242 33 44 44 10.093054
330 320 30 40 40 2.089063
330 330 30 40 40 0.988954
330 0 144 32 32 1.232707
330 128 256 32 32 1.113228
330 128 264 32 32 1.260849
330 136 256 32 32 2.190172
330 272 112 32 32 0.193060
330 272 128 32 32 0.931616
330 0 126 28 28 2.254978
330 21 133 28 28 1.076112
330 112 133 28 28 0.586286
330 132 288 24 24 2.035586
330 132 294 24 24 1.687450
330 288 84 24 24 4.336337
330 294 84 24 24 0.327646
330 300 84 24 24 0.575179
330 480 288 24 24 0.283102
360 0 32 64 64 1.824896
360 16 32 64 64 2.168071
360 256 0 64 64 0.742241
360 288 32 64 64 2.180249
360 288 48 64 64 1.325329
360 204 192 48 48 2.543894
360 204 204 48 48 2.081116
360 216 192 48 48 5.320206
360 216 204 48 48 2.876065
360 204 192 48 48 2.543894
360 204 204 48 48 2.081116
360 216 192 48 48 5.320206
360 216 204 48 48 2.876065
360 187 198 44 44 1.976964
360 187 209 44 44 2.562289
360 198 209 44 44 2.198373
360 242 22 44 44 9.035913
360 242 33 44 44 7.695148
360 242 187 44 44 0.825531
360 242 198 44 44 3.928181
360 242 209 44 44 1.496144
360 264 154 44 44 0.070849
360 264 187 44 44 0.088856
360 264 198 44 44 1.520238
360 264 209 44 44 0.560300
360 320 30 40 40 1.065247
360 297 171 36 36 1.251476
360 0 144 32 32 2.312798
360 24 136 32 32 0.692951
360 256 144 32 32 0.718247
360 256 264 32 32 0.258040
360 264 144 32 32 1.055687
360 264 256 32 32 0.623836
360 0 126 28 28 3.310246
360 0 133 28 28 0.617226
360 7 126 28 28 1.296547
360 7 133 28 28 1.405041
360 14 126 28 28 1.629241
360 14 133 28 28 1.081118
360 21 126 28 28 1.050656
360 21 133 28 28 0.679740
360 480 294 24 24 1.282994
390 256 32 64 64 0.606506
390 272 48 64 64 1.506697
390 288 32 64 64 0.075841
390 288 192 48 48 0.316514
390 288 204 48 48 1.267913
390 384 168 48 48 1.401229
390 384 192 48 48 2.245566
390 384 204 48 48 1.976747
390 396 192 48 48 0.411112
390 288 192 48 48 0.316514
390 288 204 48 48 1.267913
390 384 168 48 48 1.401229
390 384 192 48 48 2.245566
390 384 204 48 48 1.976747
390 396 192 48 48 0.411112
390 242 11 44 44 1.475742
390 242 22 44 44 13.450296
390 242 33 44 44 7.022130
390 264 22 44 44 0.731467
390 352 198 44 44 1.230861
390 363 187 44 44 3.163086
390 363 198 44 44 3.538153
390 363 209 44 44 0.214749
390 374 187 44 44 3.297487
390 374 198 44 44 4.943198
390 374 209 44 44 4.394673
390 385 198 44 44 3.255207
390 385 209 44 44 2.876252
390 320 30 40 40 1.573302
390 9 126 36 36 4.582683
390 315 297 36 36 1.357283
390 432 144 36 36 0.025808
390 432 153 36 36 0.637623
390 0 112 32 32 2.053085
390 16 112 32 32 0.376071
390 16 128 32 32 1.564587
390 16 136 32 32 3.433137
390 16 144 32 32 3.726556
390 24 136 32 32 1.627002
390 24 144 32 32 0.632368
390 272 112 32 32 2.132705
390 384 144 32 32 0.988150
390 384 152 32 32 5.956816
390 384 256 32 32 4.057204
390 384 264 32 32 0.201886
390 392 152 32 32 3.446014
390 392 256 32 32 3.645557
390 392 264 32 32 3.005468
390 400 144 32 32 0.661426
390 400 152 32 32 2.166646
390 400 256 32 32 1.198184
390 400 264 32 32 2.597719
390 408 256 32 32 2.903041
390 408 264 32 32 2.072277
390 0 119 28 28 1.272411
390 0 126 28 28 3.021809
390 7 126 28 28 2.709475
390 14 126 28 28 0.556012
390 21 126 28 28 0.432682
390 336 231 28 28 0.283628
390 336 238 28 28 0.013047
390 350 245 28 28 2.478105
390 357 245 28 28 0.176554
390 288 84 24 24 1.006964
390 294 84 24 24 0.674700
390 300 84 24 24 1.462095
390 396 192 24 24 0.309321
390 492 294 24 24 1.072153
420 0 32 64 64 1.129806
420 16 32 64 64 0.225387
420 256 0 64 64 1.224882
420 256 48 64 64 3.103950
420 272 0 64 64 1.302088
420 272 48 64 64 0.982411
420 288 16 64 64 0.106383
420 288 32 64 64 2.439394
420 288 48 64 64 3.198336
420 242 22 44 44 11.404874
420 242 33 44 44 10.987811
420 264 33 44 44 0.194276
420 320 30 40 40 2.277409
420 0 126 36 36 0.837307
420 0 112 32 32 1.257499
420 0 128 32 32 2.869474
420 0 136 32 32 2.982169
420 0 144 32 32 5.228652
420 0 152 32 32 0.420541
420 8 128 32 32 0.364777
420 264 112 32 32 0.062823
420 272 112 32 32 1.590244
420 384 144 32 32 0.960720
420 0 119 28 28 0.892915
420 0 126 28 28 3.986075
420 0 133 28 28 4.668615
420 7 119 28 28 0.962997
420 7 126 28 28 3.091235
420 7 133 28 28 3.068900
420 14 126 28 28 1.288211
420 14 133 28 28 1.913106
420 288 84 24 24 0.697899
420 300 96 24 24 1.445199
450 0 32 64 64 0.479027
450 272 48 64 64 1.054844
450 264 12 48 48 3.956672
450 264 24 48 48 3.473299
450 264 12 48 48 3.956672
450 264 24 48 48 3.473299
450 264 11 44 44 4.418015
450 264 22 44 44 13.091110
450 264 33 44 44 7.544030
450 363 22 44 44 0.291542
450 384 152 32 32 1.151901
450 336 133 28 28 2.774827
450 144 0 24 24 0.785426
450 306 84 24 24 0.249426
450 402 198 24 24 0.044186
450 486 204 24 24 0.755825
480 256 0 64 64 3.969777
480 256 16 64 64 1.260293
480 272 0 64 64 2.128883
480 272 16 64 64 1.520370
480 272 32 64 64 1.852343
480 288 16 64 64 2.596023
480 288 32 64 64 7.756988
480 288 48 64 64 2.835739
480 0 204 48 48 3.493535
480 0 216 48 48 1.614972
480 0 228 48 48 0.966524
480 12 204 48 48 3.893045
480 12 216 48 48 3.990916
480 12 228 48 48 2.191515
480 24 204 48 48 2.785609
480 24 216 48 48 3.206830
480 24 228 48 48 1.357404
480 36 204 48 48 1.337819
480 36 216 48 48 0.815279
480 264 0 48 48 4.667179
480 264 12 48 48 10.330898
480 264 24 48 48 0.484404
480 288 12 48 48 1.265737
480 0 204 48 48 3.493535
480 0 216 48 48 1.614972
480 0 228 48 48 0.966524
480 12 204 48 48 3.893045
480 12 216 48 48 3.990916
480 12 228 48 48 2.191515
480 24 204 48 48 2.785609
480 24 216 48 48 3.206830
480 24 228 48 48 1.357404
480 36 204 48 48 1.337819
480 36 216 48 48 0.815279
480 264 0 48 48 4.667179
480 264 12 48 48 10.330898
480 264 24 48 48 0.484404
480 288 12 48 48 1.265737
480 11 209 44 44 1.717738
480 22 209 44 44 1.865926
480 297 18 36 36 2.603048
480 297 27 36 36 3.743228
480 432 162 36 36 0.637041
480 441 0 36 36 0.479680
480 441 9 36 36 0.413992
480 441 18 36 36 0.588148
480 441 162 36 36 0.841839
480 450 0 36 36 2.040157
480 450 9 36 36 0.904235
480 450 18 36 36 3.548954
480 459 0 36 36 1.450276
480 459 9 36 36 1.763855
480 459 18 36 36 2.417964
480 336 126 28 28 2.194351
480 336 133 28 28 0.438498
480 343 126 28 28 2.171000
480 357 133 28 28 1.631407
480 448 0 28 28 2.861993
480 448 7 28 28 0.937800
480 480 0 24 24 0.585478
510 256 0 64 64 2.272078
510 256 16 64 64 2.309514
510 288 16 64 64 0.696828
510 288 32 64 64 2.928249
510 264 0 48 48 6.743630
510 288 0 48 48 0.174894
510 264 0 48 48 6.743630
510 288 0 48 48 0.174894
510 11 11 44 44 3.620013
510 11 22 44 44 0.207642
510 22 11 44 44 2.674912
510 22 22 44 44 1.084210
510 20 20 40 40 3.435643
510 20 30 40 40 1.231059
510 30 20 40 40 4.011888
510 30 30 40 40 2.079488
510 27 27 36 36 2.126380
510 297 9 36 36 0.199808
510 297 18 36 36 1.502487
510 306 18 36 36 0.313821
510 136 144 32 32 1.406578
510 384 136 32 32 1.924689
510 392 128 32 32 1.794828
510 392 136 32 32 3.328056
510 400 136 32 32 2.213595
510 0 231 28 28 0.007919
510 0 238 28 28 0.637819
510 119 7 28 28 2.223784
510 154 224 28 28 0.034808
510 224 119 28 28 0.619538
510 336 112 28 28 1.356797
510 336 119 28 28 4.832767
510 336 126 28 28 2.060299
510 343 119 28 28 2.819064
510 0 96 24 24 0.396033
510 132 0 24 24 1.845618
510 132 210 24 24 0.015058
510 144 210 24 24 1.812602
540 256 16 64 64 6.021460
540 256 32 64 64 1.553409
540 272 16 64 64 2.109767
540 272 32 64 64 2.253253
540 288 16 64 64 1.527094
540 288 32 64 64 2.936769
540 352 32 64 64 0.118289
540 352 48 64 64 2.181325
540 0 36 48 48 0.744782
540 0 36 48 48 0.744782
540 33 154 44 44 1.971311
540 306 18 36 36 1.082833
540 408 144 32 32 1.290163
540 0 7 28 28 2.103334
540 7 98 28 28 2.327795
540 14 98 28 28 3.336405
540 21 98 28 28 0.168811
540 336 119 28 28 2.093541
540 336 126 28 28 7.007061
540 336 133 28 28 3.315077
540 343 126 28 28 3.342192
540 343 133 28 28 0.990730
540 0 12 24 24 0.719233
540 0 18 24 24 3.841787
540 6 18 24 24 1.346232
540 12 114 24 24 0.929865
540 18 108 24 24 2.734490
540 18 114 24 24 3.567322
540 396 108 24 24 0.343583
540 402 108 24 24 1.164637
570 256 16 64 64 3.151096
570 256 32 64 64 0.929135
570 272 16 64 64 1.171381
570 272 32 64 64 0.389021
570 288 16 64 64 2.798526
570 288 32 64 64 2.624643
570 160 140 40 40 0.079177
570 162 162 36 36 0.260068
570 384 136 32 32 0.886821
570 336 126 28 28 4.193074
570 343 126 28 28 1.871739
570 0 12 24 24 0.473231
570 132 192 24 24 2.464633
570 132 198 24 24 0.703338
570 204 204 24 24 1.698343
570 480 84 24 24 0.852778
570 492 294 24 24 0.642999
570 498 300 24 24 1.741357
600 288 16 64 64 0.693830
600 320 10 40 40 0.746319
600 320 20 40 40 0.755016
600 9 126 36 36 1.146827
600 18 126 36 36 1.283284
600 27 126 36 36 0.675111
600 306 9 36 36 0.512023
600 315 9 36 36 1.565783
600 16 136 32 32 1.155266
600 24 128 32 32 2.540229
600 24 136 32 32 2.059753
600 343 14 28 28 0.823758
600 350 14 28 28 0.117459
630 352 48 64 64 2.494851
630 352 11 44 44 0.761008
630 330 10 40 40 2.498370
630 340 10 40 40 2.803222
630 340 20 40 40 2.938490
630 162 126 36 36 1.208195
630 216 126 36 36 0.141268
630 432 144 36 36 3.531739
630 432 153 36 36 1.254602
630 176 144 32 32 0.251129
630 336 0 28 28 2.991545
630 336 7 28 28 6.181378
630 336 14 28 28 6.289394
630 336 21 28 28 0.716780
630 336 126 28 28 2.376192
630 336 133 28 28 0.344572
630 18 192 24 24 1.506813
630 486 198 24 24 1.198743
630 492 198 24 24 2.924529
630 492 204 24 24 2.428248
630 498 198 24 24 1.429550
630 498 204 24 24 1.202054
660 256 32 64 64 0.341117
660 272 16 64 64 1.077839
660 272 32 64 64 2.405562
660 288 32 64 64 0.948964
660 20 140 40 40 4.320978
660 30 140 40 40 3.284683
660 27 153 36 36 2.785617
660 400 16 32 32 3.992255
660 400 24 32 32 4.548862
660 408 8 32 32 0.740840
660 408 16 32 32 3.314046
660 408 24 32 32 3.352780
660 357 133 28 28 1.059340
660 469 14 28 28 1.532639
660 396 12 24 24 0.425561
660 486 288 24 24 0.429966
660 492 288 24 24 0.348375
690 144 171 36 36 0.498847
690 153 153 36 36 1.737327
690 153 162 36 36 1.836180
690 162 153 36 36 0.051824
690 315 162 36 36 0.842075
690 459 126 36 36 1.720216
690 384 128 32 32 1.758253
690 384 136 32 32 2.054672
690 384 144 32 32 0.357696
690 384 152 32 32 1.255295
690 392 128 32 32 0.465698
690 392 136 32 32 2.332756
690 392 144 32 32 0.217986
690 400 144 32 32 2.023026
720 352 32 64 64 6.111546
720 352 48 64 64 0.257179
720 432 144 36 36 1.545685
720 441 144 36 36 0.332608
720 498 192 24 24 1.578356
720 498 210 24 24 0.062910
750 352 16 64 64 1.031186
750 352 32 64 64 2.522358
750 0 140 40 40 1.773324
750 0 126 36 36 2.388494
750 0 144 36 36 1.901502
750 0 153 36 36 0.489129
750 9 126 36 36 0.201362
750 9 144 36 36 2.190700
750 9 153 36 36 0.266073
750 450 126 36 36 1.432792
750 0 128 32 32 2.392125
750 0 136 32 32 2.759612
750 0 144 32 32 2.534107
750 8 128 32 32 2.607228
750 8 136 32 32 4.329411
750 8 144 32 32 4.278777
750 8 152 32 32 2.289118
750 16 128 32 32 0.598620
750 16 136 32 32 3.360116
750 16 144 32 32 3.014343
750 16 152 32 32 1.964913
750 392 128 32 32 1.960797
750 7 133 28 28 0.252224
750 14 133 28 28 4.207140
750 21 133 28 28 2.281604
780 10 140 40 40 0.240716
780 10 160 40 40 1.315141
780 10 170 40 40 2.188419
780 340 140 40 40 0.403773
780 9 162 36 36 1.347223
780 18 162 36 36 0.867721
780 18 171 36 36 2.249748
780 459 126 36 36 1.642265
780 8 136 32 32 1.175689
780 400 24 32 32 0.087363
780 224 126 28 28 2.493622
780 224 133 28 28 0.900211
780 231 126 28 28 0.036014
810 256 16 64 64 1.363813
840 256 0 64 64 5.771064
840 256 16 64 64 9.688597
840 256 32 64 64 3.482724
840 272 0 64 64 5.442969
840 272 16 64 64 9.216721
840 272 32 64 64 1.931192
840 288 16 64 64 2.443024
840 288 32 64 64 2.945612
840 24 144 32 32 0.318285
840 384 128 32 32 4.818225
840 0 119 28 28 0.646510
840 336 126 28 28 0.116570
870 256 32 64 64 0.086577
870 272 48 64 64 0.751848
870 352 32 64 64 6.340666
870 352 48 64 64 3.071018
870 350 140 40 40 1.735663
870 432 126 36 36 2.184092
870 8 144 32 32 1.583820
870 8 152 32 32 1.061015
870 16 144 32 32 0.675418
870 384 128 32 32 0.192152
870 384 136 32 32 4.378911
870 384 144 32 32 3.781700
870 384 152 32 32 0.409466
870 392 136 32 32 0.681493
870 384 108 24 24 1.929779
870 390 108 24 24 0.016957
870 390 192 24 24 1.022727
870 396 192 24 24 2.413506
900 363 187 44 44 0.612491
900 330 140 40 40 0.308234
900 330 180 40 40 0.666741
900 340 180 40 40 2.501346
900 350 180 40 40 1.093461
900 350 190 40 40 0.942073
900 492 198 24 24 1.018086
900 492 204 24 24 0.902316
900 498 204 24 24 2.064442
930 48 16 64 64 0.566924
930 330 170 40 40 0.303248
930 392 152 32 32 0.057935
930 408 144 32 32 1.515725
930 408 152 32 32 2.071525
930 492 192 24 24 1.814303
930 498 192 24 24 0.348987
960 336 112 28 28 0.228846
960 336 119 28 28 2.794530
960 336 126 28 28 2.212690
960 343 119 28 28 2.528914
960 343 126 28 28 3.945687
960 343 133 28 28 2.376798
960 350 119 28 28 1.923672
960 350 126 28 28 4.046071
960 350 133 28 28 2.521602
960 357 126 28 28 2.187079
960 357 133 28 28 0.091372
990 0 32 64 64 0.526107
990 288 0 64 64 1.264815
990 176 11 44 44 0.314679
990 176 22 44 44 0.950269
990 384 112 32 32 5.123625
990 384 128 32 32 1.481471
990 384 136 32 32 2.002246
990 392 112 32 32 2.903983
990 400 136 32 32 0.141032
990 336 112 28 28 3.484360
990 336 119 28 28 4.711999
990 343 112 28 28 1.302570
990 343 119 28 28 4.120074
990 350 119 28 28 1.365714
990 350 126 28 28 1.919610
990 357 119 28 28 1.829436
990 357 126 28 28 4.922638
990 357 133 28 28 3.015248
990 384 84 24 24 0.486498
990 390 84 24 24 4.458197
1020 288 16 64 64 3.888521
1020 288 32 64 64 0.512531
1020 352 48 64 64 3.976806
1020 396 24 48 48 2.310802
1020 396 24 48 48 2.310802
1020 8 128 32 32 0.026311
1020 384 128 32 32 2.961106
1020 392 128 32 32 1.137545
1020 408 128 32 32 3.136124
1020 14 133 28 28 0.523262
1020 343 119 28 28 1.541111
1020 350 119 28 28 4.599202
1020 350 126 28 28 2.371137
1020 357 119 28 28 2.292393
1020 448 112 28 28 0.950707
1050 288 0 64 64 2.188156
1050 288 16 64 64 0.755315
1050 352 48 64 64 0.220772
1050 306 144 36 36 0.089027
1050 306 153 36 36 1.714644
1050 432 126 36 36 0.076381
1050 441 126 36 36 4.039490
1050 450 126 36 36 4.628935
1050 450 144 36 36 1.473369
1050 459 126 36 36 3.192101
1050 459 144 36 36 1.834510
1050 0 128 32 32 1.199601
1050 24 112 32 32 0.795929
1050 384 136 32 32 0.957745
1050 384 144 32 32 0.616672
1050 392 128 32 32 3.978481
1050 392 136 32 32 6.654468
1050 392 144 32 32 5.031186
1050 400 128 32 32 1.676225
1050 400 136 32 32 3.853828
1050 400 144 32 32 4.382203
1050 408 136 32 32 0.836578
1050 408 144 32 32 0.557949
1050 0 133 28 28 2.975415
1050 7 133 28 28 1.241529
1050 14 133 28 28 0.089687
1050 350 133 28 28 0.412118
1050 357 119 28 28 1.498388
1050 357 126 28 28 0.919917
1050 469 133 28 28 0.117151
1050 306 114 24 24 0.442338
1050 480 84 24 24 0.705743
1050 480 192 24 24 4.131954
1050 486 84 24 24 4.158841
1050 486 108 24 24 2.670702
1050 486 192 24 24 3.158252
1050 492 84 24 24 3.692136
1050 492 108 24 24 0.680694
1050 498 102 24 24 0.396140
1080 288 0 64 64 8.329053
1080 288 16 64 64 7.091091
1080 288 32 64 64 0.154068
1080 340 160 40 40 1.102936
1080 350 160 40 40 2.093431
1080 350 170 40 40 0.366337
1080 432 144 36 36 2.944224
1080 441 144 36 36 1.716066
1080 450 144 36 36 3.033505
1080 459 144 36 36 5.094833
1080 16 112 32 32 0.141746
1080 24 0 32 32 0.578180
1080 24 8 32 32 0.369057
1080 24 112 32 32 6.951597
1080 24 128 32 32 1.414983
1080 24 136 32 32 3.176604
1080 128 112 32 32 0.389806
1080 392 152 32 32 2.259305
1080 400 144 32 32 1.591545
1080 400 152 32 32 7.566218
1080 408 144 32 32 3.491567
1080 408 152 32 32 6.561755
1080 7 126 28 28 0.131476
1080 126 119 28 28 0.474593
1110 288 168 48 48 1.454836
1110 384 192 48 48 0.162397
1110 408 0 48 48 0.341561
1110 420 0 48 48 1.353239
1110 288 168 48 48 1.454836
1110 384 192 48 48 0.162397
1110 408 0 48 48 0.341561
1110 420 0 48 48 1.353239
1110 176 187 44 44 0.522896
1110 352 0 44 44 0.055023
1110 352 154 44 44 0.551885
1110 374 154 44 44 0.925870
1110 385 0 44 44 0.104972
1110 385 154 44 44 0.426382
1110 385 187 44 44 0.023798
1110 385 198 44 44 1.686429
1110 385 209 44 44 0.215846
1110 320 160 40 40 0.574408
1110 320 170 40 40 0.105695
1110 320 190 40 40 1.809208
1110 330 140 40 40 1.105965
1110 330 160 40 40 2.609126
1110 330 170 40 40 0.457221
1110 340 140 40 40 2.901269
1110 340 160 40 40 3.671853
1110 350 10 40 40 2.761188
1110 350 140 40 40 2.291288
1110 350 160 40 40 5.709801
1110 0 126 36 36 2.307982
1110 9 126 36 36 0.599782
1110 297 171 36 36 2.512463
1110 306 171 36 36 1.782280
1110 315 171 36 36 1.443381
1110 432 153 36 36 1.291272
1110 432 162 36 36 3.711130
1110 432 171 36 36 5.835344
1110 441 27 36 36 0.295176
1110 441 126 36 36 2.985332
1110 441 144 36 36 1.110123
1110 441 162 36 36 2.881085
1110 441 171 36 36 2.285382
1110 450 126 36 36 5.318785
1110 450 144 36 36 2.411280
1110 459 126 36 36 3.343790
1110 0 128 32 32 0.161015
1110 8 112 32 32 2.515508
1110 8 128 32 32 2.659171
1110 8 136 32 32 3.290928
1110 16 112 32 32 6.794730
1110 16 128 32 32 3.441585
1110 16 136 32 32 3.210661
1110 24 112 32 32 1.527872
1110 24 128 32 32 1.351634
1110 14 126 28 28 2.691811
1110 14 133 28 28 3.440758
1110 21 0 28 28 0.351909
1110 21 112 28 28 2.173409
1110 21 119 28 28 5.002200
1110 21 126 28 28 6.959751
1110 21 133 28 28 5.561985
1110 455 14 28 28 1.000455
1110 455 133 28 28 1.248049
1110 462 14 28 28 0.330560
1110 469 133 28 28 0.062398
1110 96 18 24 24 0.770827
1110 396 0 24 24 3.728808
1110 396 204 24 24 1.197330
1110 396 210 24 24 0.660422
1110 402 204 24 24 4.702868
1110 402 210 24 24 0.828454
1110 480 192 24 24 0.905389
1110 480 198 24 24 0.015786
1140 176 154 44 44 3.930106
1140 176 176 44 44 0.068217
1140 187 154 44 44 5.048137
1140 187 176 44 44 3.610646
1140 198 154 44 44 2.945275
1140 198 176 44 44 1.292025
1140 352 0 44 44 4.384408
1140 352 11 44 44 2.660972
1140 363 0 44 44 0.914064
1140 160 160 40 40 0.556713
1140 160 170 40 40 0.737555
1140 180 170 40 40 0.485042
1140 0 126 36 36 2.256159
1140 9 126 36 36 0.399392
1140 198 153 36 36 0.393584
1140 198 171 36 36 2.568507
1140 288 144 36 36 1.112996
1140 288 153 36 36 1.076716
1140 441 126 36 36 2.253008
1140 450 126 36 36 2.568029
1140 459 18 36 36 0.561181
1140 459 126 36 36 2.039258
1140 459 297 36 36 1.046957
1140 0 112 32 32 2.254164
1140 0 128 32 32 4.705125
1140 0 136 32 32 4.680214
1140 0 144 32 32 0.872164
1140 8 112 32 32 4.900701
1140 8 128 32 32 4.181118
1140 8 136 32 32 3.159851
1140 136 112 32 32 2.066711
1140 272 112 32 32 1.666681
1140 272 144 32 32 0.501827
1140 272 152 32 32 4.056413
1140 280 112 32 32 2.944180
1140 280 128 32 32 0.253733
1140 280 144 32 32 0.930223
1140 280 152 32 32 3.445697
1140 384 112 32 32 0.394687
1140 384 128 32 32 3.263544
1140 392 128 32 32 0.882392
1140 7 0 28 28 0.816577
1140 7 126 28 28 1.826287
1140 7 133 28 28 4.465227
1140 14 0 28 28 0.299939
1140 14 119 28 28 3.100419
1140 14 126 28 28 5.579068
1140 14 133 28 28 5.891570
1140 126 126 28 28 0.241316
1140 192 210 24 24 1.282214
1140 288 192 24 24 1.056649
1140 498 192 24 24 5.484698
1140 498 198 24 24 6.170533
1140 498 204 24 24 4.973321
1140 498 210 24 24 0.457437
1170 0 168 48 48 3.726452
1170 12 168 48 48 5.047075
1170 12 192 48 48 1.270615
1170 24 168 48 48 2.363097
1170 408 0 48 48 2.545434
1170 0 168 48 48 3.726452
1170 12 168 48 48 5.047075
1170 12 192 48 48 1.270615
1170 24 168 48 48 2.363097
1170 408 0 48 48 2.545434
1170 0 187 44 44 2.818948
1170 11 154 44 44 2.204864
1170 11 176 44 44 3.971150
1170 11 187 44 44 3.306689
1170 22 154 44 44 2.006891
1170 22 176 44 44 4.433473
1170 22 187 44 44 4.441116
1170 22 198 44 44 1.947278
1170 33 176 44 44 1.150711
1170 33 187 44 44 2.701325
1170 33 198 44 44 0.445175
1170 352 0 44 44 3.565204
1170 352 11 44 44 0.205225
1170 363 0 44 44 0.011225
1170 363 11 44 44 0.119321
1170 363 22 44 44 0.884778
1170 363 33 44 44 0.640313
1170 20 160 40 40 4.635707
1170 20 170 40 40 0.254493
1170 20 190 40 40 2.899269
1170 30 160 40 40 4.712623
1170 30 170 40 40 2.085005
1170 30 190 40 40 1.353891
1170 18 171 36 36 0.618722
1170 27 162 36 36 2.646191
1170 27 171 36 36 6.087508
1170 432 18 36 36 0.467725
1170 432 27 36 36 1.669526
1170 441 126 36 36 0.848953
1170 0 128 32 32 6.403539
1170 0 136 32 32 3.836154
1170 0 144 32 32 0.577566
1170 24 0 32 32 0.999486
1170 384 128 32 32 5.260584
1170 384 136 32 32 4.017038
1170 392 128 32 32 4.224368
1170 392 136 32 32 2.626318
1170 400 128 32 32 3.973060
1170 400 136 32 32 1.023860
1170 408 128 32 32 1.255865
1170 0 133 28 28 2.713710
1170 0 224 28 28 5.707554
1170 0 231 28 28 7.693259
1170 0 238 28 28 4.235307
1170 0 245 28 28 1.511371
1170 7 126 28 28 1.142741
1170 7 133 28 28 4.513193
1170 7 224 28 28 6.975252
1170 7 231 28 28 6.923097
1170 7 238 28 28 3.566315
1170 14 224 28 28 3.416978
1170 14 231 28 28 3.843896
1170 14 238 28 28 0.149386
1170 21 231 28 28 0.781023
1170 112 119 28 28 2.013066
1170 112 126 28 28 0.387035
1170 112 133 28 28 3.948824
1170 119 119 28 28 2.042728
1170 126 112 28 28 0.865591
1170 126 119 28 28 2.552147
1170 154 238 28 28 0.311905
1170 12 0 24 24 0.168657
1170 18 0 24 24 0.184902
1200 408 0 48 48 6.034103
1200 408 12 48 48 1.287299
1200 408 0 48 48 6.034103
1200 408 12 48 48 1.287299
1200 352 0 44 44 3.503251
1200 352 11 44 44 0.018225
1200 363 0 44 44 0.943789
1200 363 11 44 44 0.894410
1200 363 22 44 44 0.487528
1200 363 33 44 44 1.023684
1200 0 126 36 36 3.110164
1200 9 126 36 36 3.000544
1200 432 27 36 36 2.337556
1200 441 126 36 36 0.353182
1200 0 128 32 32 3.226171
1200 0 136 32 32 3.321660
1200 0 144 32 32 2.788783
1200 8 128 32 32 2.911755
1200 8 136 32 32 3.528902
1200 8 144 32 32 0.862991
1200 16 136 32 32 3.251993
1200 24 8 32 32 1.176480
1200 384 128 32 32 2.073684
1200 384 136 32 32 4.670301
1200 392 128 32 32 2.859534
1200 392 136 32 32 3.784681
1200 400 128 32 32 2.399698
1200 400 136 32 32 2.361745
1200 7 7 28 28 0.274320
1200 7 133 28 28 0.327960
1200 112 133 28 28 2.135167
1200 119 133 28 28 1.112669
1230 408 0 48 48 7.985290
1230 408 12 48 48 1.133247
1230 408 0 48 48 7.985290
1230 408 12 48 48 1.133247
1230 352 0 44 44 4.125021
1230 352 11 44 44 0.443689
1230 363 0 44 44 1.712785
1230 363 11 44 44 1.141841
1230 363 22 44 44 0.532383
1230 363 33 44 44 1.010632
1230 432 27 36 36 2.488828
1230 450 126 36 36 0.169751
1230 0 128 32 32 1.915478
1230 0 136 32 32 3.300443
1230 0 144 32 32 1.506191
1230 16 128 32 32 0.722742
1230 24 8 32 32 2.444425
1230 384 136 32 32 4.327964
1230 384 144 32 32 1.344108
1230 392 128 32 32 1.444672
1230 392 136 32 32 4.152702
1230 392 144 32 32 1.282641
1230 400 128 32 32 1.602507
1230 400 136 32 32 3.550472
1230 408 136 32 32 0.793973
1230 0 7 28 28 0.274489
1230 0 126 28 28 2.644865
1230 0 133 28 28 2.892000
1230 7 7 28 28 0.909811
1230 7 14 28 28 0.009951
1230 7 133 28 28 2.311423
1230 21 133 28 28 0.266845
1230 6 0 24 24 1.184695
1230 6 6 24 24 0.119166
1230 12 6 24 24 0.531470
1230 18 6 24 24 0.626986
1260 396 0 48 48 0.528938
1260 408 0 48 48 8.100224
1260 408 12 48 48 1.594781
1260 396 0 48 48 0.528938
1260 408 0 48 48 8.100224
1260 408 12 48 48 1.594781
1260 352 0 44 44 3.828994
1260 352 11 44 44 1.079166
1260 363 0 44 44 2.178680
1260 363 11 44 44 1.187144
1260 363 22 44 44 0.244140
1260 363 33 44 44 0.933063
1260 432 27 36 36 1.911973
1260 450 126 36 36 0.535604
1260 0 128 32 32 2.574961
1260 0 136 32 32 3.073540
1260 24 8 32 32 1.971306
1260 128 128 32 32 1.846767
1260 384 136 32 32 3.763160
1260 384 144 32 32 2.926666
1260 392 136 32 32 4.223564
1260 392 144 32 32 2.493987
1260 400 136 32 32 3.557609
1260 400 144 32 32 0.454643
1260 408 136 32 32 1.040403
1260 0 7 28 28 0.431544
1260 0 133 28 28 2.746804
1260 7 7 28 28 0.087034
1260 7 14 28 28 0.553929
1260 7 133 28 28 1.915925
1260 6 0 24 24 0.341483
1260 6 6 24 24 0.137544
1260 12 6 24 24 1.574431
1260 18 6 24 24 1.355221
1290 396 0 48 48 0.749201
1290 408 0 48 48 7.859777
1290 408 12 48 48 1.457036
1290 396 0 48 48 0.749201
1290 408 0 48 48 7.859777
1290 408 12 48 48 1.457036
1290 352 0 44 44 3.649315
1290 352 11 44 44 1.040678
1290 363 0 44 44 1.784820
1290 363 11 44 44 0.736018
1290 363 22 44 44 0.240538
1290 363 33 44 44 0.778693
1290 0 126 36 36 3.329501
1290 0 144 36 36 0.262595
1290 9 126 36 36 5.889153
1290 18 126 36 36 0.059721
1290 432 27 36 36 0.655833
1290 450 126 36 36 0.463863
1290 0 128 32 32 0.450258
1290 0 136 32 32 3.844989
1290 0 144 32 32 1.513428
1290 0 152 32 32 1.824620
1290 8 136 32 32 2.028662
1290 8 144 32 32 3.152843
1290 16 136 32 32 5.310214
1290 16 144 32 32 6.374197
1290 16 152 32 32 0.668897
1290 24 8 32 32 0.689985
1290 24 144 32 32 0.495655
1290 128 128 32 32 0.938807
1290 128 136 32 32 0.878795
1290 384 136 32 32 3.419713
1290 384 144 32 32 3.002289
1290 392 136 32 32 4.290754
1290 392 144 32 32 3.201088
1290 400 136 32 32 3.845394
1290 400 144 32 32 1.515490
1290 408 136 32 32 1.612912
1290 0 133 28 28 0.009796
1290 7 14 28 28 0.548667
1290 12 6 24 24 0.080710
1290 12 12 24 24 0.022589
1290 18 6 24 24 0.177956
1290 390 84 24 24 0.290406
1320 396 0 48 48 0.731347
1320 408 0 48 48 8.264849
1320 408 12 48 48 1.465038
1320 396 0 48 48 0.731347
1320 408 0 48 48 8.264849
1320 408 12 48 48 1.465038
1320 352 0 44 44 3.522159
1320 352 11 44 44 0.874362
1320 363 0 44 44 1.523713
1320 363 11 44 44 0.543596
1320 363 22 44 44 0.106584
1320 363 33 44 44 0.723665
1320 432 27 36 36 0.290170
1320 450 126 36 36 0.661402
1320 0 136 32 32 0.770079
1320 0 144 32 32 3.887582
1320 0 152 32 32 3.644487
1320 8 144 32 32 1.299654
1320 24 8 32 32 0.994798
1320 128 128 32 32 1.145174
1320 128 136 32 32 0.770486
1320 384 136 32 32 3.425231
1320 384 144 32 32 3.219178
1320 392 136 32 32 4.395514
1320 392 144 32 32 3.098536
1320 400 136 32 32 3.766996
1320 400 144 32 32 1.214676
1320 408 136 32 32 1.393214
1320 7 14 28 28 0.690880
1320 6 6 24 24 0.347629
1320 12 6 24 24 1.255431
1320 12 12 24 24 0.436028
1320 18 6 24 24 1.058273
1320 390 84 24 24 0.407088
1350 396 0 48 48 1.149528
1350 408 0 48 48 7.747885
1350 408 12 48 48 1.277666
1350 396 0 48 48 1.149528
1350 408 0 48 48 7.747885
1350 408 12 48 48 1.277666
1350 352 0 44 44 2.900620
1350 352 11 44 44 0.921986
1350 363 0 44 44 0.988692
1350 363 11 44 44 0.262100
1350 363 22 44 44 0.216583
1350 363 33 44 44 0.598912
1350 0 144 32 32 2.178837
1350 0 152 32 32 1.220543
1350 384 136 32 32 2.964044
1350 384 144 32 32 3.569033
1350 392 136 32 32 3.866816
1350 392 144 32 32 3.230349
1350 400 136 32 32 3.277831
1350 400 144 32 32 1.288484
1350 408 136 32 32 0.949095
1350 7 14 28 28 0.689899
1350 12 6 24 24 0.816748
1350 12 12 24 24 0.550811
1350 18 6 24 24 1.339465
1380 396 0 48 48 1.498535
1380 408 0 48 48 8.052405
1380 408 12 48 48 1.667474
1380 396 0 48 48 1.498535
1380 408 0 48 48 8.052405
1380 408 12 48 48 1.667474
1380 352 0 44 44 2.851621
1380 352 11 44 44 1.062386
1380 363 0 44 44 0.879376
1380 363 11 44 44 0.287375
1380 363 33 44 44 0.109851
1380 450 126 36 36 0.012685
1380 0 144 32 32 2.035187
1380 0 152 32 32 0.998761
1380 384 136 32 32 2.915908
1380 384 144 32 32 3.528847
1380 392 128 32 32 0.468954
1380 392 136 32 32 3.996219
1380 392 144 32 32 3.223999
1380 400 136 32 32 3.234761
1380 400 144 32 32 1.135969
1380 408 136 32 32 0.253545
1380 7 14 28 28 0.435113
1380 6 6 24 24 0.099405
1380 12 6 24 24 0.769637
1380 12 12 24 24 0.628044
1380 18 6 24 24 0.972117
1410 396 0 48 48 1.097053
1410 408 0 48 48 7.926652
1410 408 12 48 48 1.432887
1410 396 0 48 48 1.097053
1410 408 0 48 48 7.926652
1410 408 12 48 48 1.432887
1410 352 0 44 44 2.739244
1410 352 11 44 44 0.873596
1410 363 0 44 44 0.765044
1410 363 11 44 44 0.242285
1410 363 33 44 44 0.114534
1410 0 144 32 32 1.747179
1410 0 152 32 32 0.534296
1410 384 136 32 32 2.954607
1410 384 144 32 32 3.388679
1410 392 136 32 32 3.756429
1410 392 144 32 32 3.279130
1410 400 136 32 32 3.150944
1410 400 144 32 32 1.279715
1410 408 136 32 32 0.317268
1410 7 14 28 28 0.518032
1410 6 6 24 24 0.169412
1410 12 6 24 24 0.769573
1410 12 12 24 24 1.021482
1410 18 6 24 24 1.145560
1440 396 0 48 48 1.409158
1440 408 0 48 48 7.916924
1440 408 12 48 48 1.193800
1440 396 0 48 48 1.409158
1440 408 0 48 48 7.916924
1440 408 12 48 48 1.193800
1440 352 0 44 44 3.052433
1440 352 11 44 44 1.116879
1440 363 0 44 44 1.072505
1440 363 11 44 44 0.403242
1440 363 22 44 44 0.245705
1440 363 33 44 44 0.529246
1440 0 144 32 32 2.260898
1440 0 152 32 32 1.210467
1440 384 136 32 32 2.719249
1440 384 144 32 32 3.534528
1440 392 128 32 32 0.420988
1440 392 136 32 32 4.052267
1440 392 144 32 32 3.300541
1440 400 136 32 32 3.295806
1440 400 144 32 32 1.018147
1440 408 136 32 32 0.582606
1440 7 14 28 28 0.861941
1440 12 6 24 24 0.476851
1440 12 12 24 24 0.468215
1440 18 6 24 24 0.992066
1470 396 0 48 48 1.444169
1470 408 0 48 48 8.109088
1470 408 12 48 48 1.658635
1470 396 0 48 48 1.444169
1470 408 0 48 48 8.109088
1470 408 12 48 48 1.658635
1470 352 0 44 44 2.940095
1470 352 11 44 44 1.005423
1470 363 0 44 44 0.931422
1470 363 11 44 44 0.245618
1470 363 22 44 44 0.163165
1470 363 33 44 44 0.545837
1470 0 144 32 32 2.277374
1470 0 152 32 32 1.233586
1470 384 136 32 32 3.183954
1470 384 144 32 32 3.698857
1470 392 128 32 32 0.219916
1470 392 136 32 32 4.021417
1470 392 144 32 32 3.471792
1470 400 136 32 32 3.313747
1470 400 144 32 32 1.372722
1470 408 136 32 32 0.384721
1470 7 14 28 28 0.589721
1470 12 6 24 24 0.431760
1470 12 12 24 24 0.571510
1470 18 6 24 24 0.592303
1500 396 0 48 48 1.263246
1500 408 0 48 48 7.726111
1500 408 12 48 48 1.644083
1500 396 0 48 48 1.263246
1500 408 0 48 48 7.726111
1500 408 12 48 48 1.644083
1500 352 0 44 44 3.056440
1500 352 11 44 44 1.085727
1500 363 0 44 44 1.074116
1500 363 11 44 44 0.338757
1500 363 22 44 44 0.228545
1500 363 33 44 44 0.543805
1500 0 144 32 32 2.104093
1500 0 152 32 32 0.955235
1500 384 136 32 32 3.081784
1500 384 144 32 32 3.366258
1500 392 136 32 32 3.857132
1500 392 144 32 32 3.219462
1500 400 136 32 32 2.981883
1500 400 144 32 32 1.139345
1500 408 136 32 32 0.332641
1500 7 14 28 28 0.130035
1500 6 6 24 24 0.019788
1500 12 6 24 24 1.086357
1500 12 12 24 24 0.791531
1500 18 6 24 24 1.603115
1500 18 12 24 24 0.161089
1530 396 0 48 48 1.177432
1530 408 0 48 48 7.778220
1530 408 12 48 48 1.162381
1530 396 0 48 48 1.177432
1530 408 0 48 48 7.778220
1530 408 12 48 48 1.162381
1530 352 0 44 44 2.951437
1530 352 11 44 44 1.186457
1530 363 0 44 44 1.032930
1530 363 11 44 44 0.377778
1530 363 22 44 44 0.198534
1530 363 33 44 44 0.486605
1530 0 144 32 32 2.170615
1530 0 152 32 32 1.167804
1530 384 136 32 32 2.967283
1530 384 144 32 32 3.574910
1530 392 128 32 32 0.150208
1530 392 136 32 32 3.968035
1530 392 144 32 32 3.001744
1530 400 136 32 32 3.149312
1530 400 144 32 32 1.041726
1530 408 136 32 32 0.214766
1530 7 14 28 28 0.571528
1530 12 6 24 24 0.639653
1530 12 12 24 24 0.402505
1530 18 6 24 24 0.841082
1560 396 0 48 48 1.173699
1560 408 0 48 48 7.797542
1560 408 12 48 48 1.992739
1560 396 0 48 48 1.173699
1560 408 0 48 48 7.797542
1560 408 12 48 48 1.992739
1560 352 0 44 44 3.065708
1560 352 11 44 44 1.083818
1560 363 0 44 44 1.291187
1560 363 11 44 44 0.438299
1560 363 22 44 44 0.337828
1560 363 33 44 44 0.513770
1560 432 27 36 36 0.294607
1560 0 136 32 32 0.165362
1560 0 144 32 32 2.288005
1560 0 152 32 32 0.731191
1560 384 136 32 32 3.051921
1560 384 144 32 32 3.229913
1560 392 128 32 32 0.119351
1560 392 136 32 32 4.092970
1560 392 144 32 32 2.948051
1560 400 136 32 32 3.297244
1560 400 144 32 32 1.287276
1560 408 136 32 32 0.839833
1560 7 14 28 28 0.224004
1560 6 6 24 24 0.253598
1560 12 6 24 24 0.939866
1560 12 12 24 24 0.871128
1560 18 6 24 24 0.932749
1590 408 0 48 48 6.551330
1590 408 12 48 48 1.094297
1590 408 0 48 48 6.551330
1590 408 12 48 48 1.094297
1590 352 0 44 44 2.671458
1590 352 11 44 44 0.276913
1590 363 0 44 44 0.561271
1590 363 33 44 44 0.154116
1590 0 144 32 32 1.871955
1590 0 152 32 32 0.750305
1590 128 136 32 32 0.471553
1590 384 136 32 32 2.860778
1590 384 144 32 32 3.377825
1590 392 128 32 32 0.056384
1590 392 136 32 32 3.908253
1590 392 144 32 32 3.080908
1590 400 136 32 32 3.072152
1590 400 144 32 32 1.065695
1590 408 136 32 32 0.688113
1590 7 14 28 28 1.022008
1590 6 6 24 24 0.420205
1590 12 6 24 24 1.040360
1590 12 12 24 24 0.686793
1590 18 6 24 24 1.109865
1620 408 0 48 48 5.922776
1620 408 12 48 48 0.475926
1620 408 0 48 48 5.922776
1620 408 12 48 48 0.475926
1620 352 0 44 44 3.101089
1620 363 0 44 44 0.889291
1620 363 22 44 44 0.128293
1620 363 33 44 44 0.557912
1620 432 27 36 36 0.342902
1620 0 152 32 32 0.646535
1620 128 136 32 32 0.798315
1620 384 136 32 32 1.588079
1620 384 144 32 32 3.547182
1620 392 136 32 32 2.936424
1620 392 144 32 32 3.179969
1620 400 136 32 32 2.153143
1620 400 144 32 32 1.346446
1620 6 6 24 24 0.987905
1620 12 6 24 24 1.600389
1620 18 6 24 24 0.662593
1650 420 0 48 48 5.959794
1650 420 12 48 48 0.110293
1650 420 0 48 48 5.959794
1650 420 12 48 48 0.110293
1650 363 0 44 44 0.271526
1650 374 33 44 44 1.683134
1650 384 144 32 32 3.201534
1650 384 152 32 32 3.663608
1650 392 136 32 32 0.628539
1650 392 144 32 32 3.317254
1650 392 152 32 32 4.208788
1650 400 144 32 32 2.983119
1650 400 152 32 32 2.563798
1650 408 144 32 32 1.211388
1650 408 152 32 32 0.468221
1650 0 0 24 24 0.301446
1650 0 6 24 24 1.867765
1650 0 12 24 24 2.594023
1650 6 6 24 24 0.858125
1650 6 12 24 24 1.952729
1650 12 6 24 24 2.720720
1650 12 12 24 24 1.821811
1650 18 0 24 24 0.672233
1650 18 6 24 24 3.094265
1650 480 288 24 24 1.436024
1650 492 288 24 24 2.147918
1650 492 294 24 24 0.754615
1650 498 288 24 24 0.535249
1680 384 24 48 48 0.583732
1680 384 24 48 48 0.583732
1680 320 180 40 40 0.383080
1680 315 171 36 36 0.955159
1680 280 112 32 32 0.921753
1680 384 144 32 32 1.341709
1680 408 152 32 32 1.539788
1680 154 133 28 28 0.103525
1680 0 6 24 24 0.102627
1680 12 6 24 24 0.198436
1710 0 0 40 40 0.106680
1710 10 140 40 40 3.322362
1710 20 140 40 40 3.529406
1710 320 170 40 40 0.471755
1710 330 170 40 40 0.484329
1710 330 180 40 40 2.174311
1710 340 180 40 40 0.740401
1710 9 153 36 36 0.125895
1710 18 144 36 36 2.548412
1710 18 153 36 36 3.925469
1710 18 162 36 36 0.127497
1710 27 144 36 36 3.992170
1710 27 153 36 36 3.223295
1710 432 144 36 36 0.272460
1710 441 171 36 36 1.100644
1710 450 171 36 36 2.314125
1710 459 171 36 36 3.313517
1710 16 16 32 32 0.672069
1710 16 24 32 32 1.084992
1710 24 152 32 32 1.298851
1710 144 128 32 32 0.573651
1710 400 144 32 32 1.954769
1710 21 21 28 28 0.028223
1710 154 133 28 28 1.581253
1710 480 210 24 24 1.467071
1740 352 187 44 44 0.041590
1740 350 180 40 40 0.115994
1740 350 190 40 40 0.066684
1740 450 153 36 36 0.048404
1740 459 153 36 36 0.682659
1740 0 272 32 32 0.665040
1740 0 280 32 32 0.653884
1740 136 136 32 32 1.569610
1740 144 136 32 32 1.745596
1740 0 238 28 28 1.527602
1740 0 245 28 28 0.910639
1740 448 98 28 28 19.717915
1740 455 98 28 28 7.669835
1740 0 294 24 24 0.461651
1740 6 288 24 24 3.036038
1740 6 294 24 24 3.157323
1740 6 300 24 24 0.246106
1740 12 6 24 24 0.032201
1740 12 288 24 24 1.759948
1740 12 294 24 24 4.003223
1740 18 6 24 24 1.486719
1740 486 192 24 24 0.494433
1740 498 84 24 24 0.969128
1770 12 216 48 48 1.617293
1770 24 204 48 48 1.734822
1770 24 216 48 48 2.915416
1770 24 228 48 48 0.472776
1770 12 216 48 48 1.617293
1770 24 204 48 48 1.734822
1770 24 216 48 48 2.915416
1770 24 228 48 48 0.472776
1770 22 209 44 44 0.421158
1770 33 198 44 44 0.075695
1770 33 209 44 44 2.033228
1770 128 136 32 32 0.057879
1770 392 136 32 32 1.172579
1770 408 152 32 32 0.442855
1770 0 133 28 28 5.845163
1770 0 231 28 28 1.412475
1770 0 238 28 28 2.024920
1770 0 245 28 28 1.994735
1770 7 126 28 28 1.259255
1770 7 133 28 28 4.678126
1770 14 133 28 28 0.401422
1770 469 98 28 28 1.146416
1770 480 108 24 24 2.047933
1770 486 108 24 24 0.670480
1770 486 204 24 24 0.032531
1800 256 32 64 64 1.491159
1800 24 204 48 48 3.942552
1800 36 204 48 48 1.547074
1800 24 204 48 48 3.942552
1800 36 204 48 48 1.547074
1800 0 154 44 44 0.573206
1800 22 209 44 44 1.512925
1800 33 209 44 44 4.072037
1800 0 140 40 40 2.282829
1800 0 160 40 40 2.533459
1800 10 160 40 40 2.355208
1800 10 170 40 40 0.068121
1800 0 171 36 36 1.024589
1800 9 153 36 36 1.245625
1800 9 162 36 36 2.122675
1800 9 171 36 36 3.502702
1800 18 162 36 36 1.486467
1800 18 171 36 36 2.079841
1800 432 153 36 36 0.362574
1800 112 231 28 28 0.468252
1800 112 238 28 28 0.334387
1800 112 245 28 28 1.405390
1800 480 192 24 24 0.855614
1800 486 198 24 24 0.912365
1800 492 198 24 24 0.540262
1800 498 198 24 24 0.383751
1830 256 16 64 64 5.788321
1830 272 16 64 64 4.625807
1830 288 16 64 64 0.271023
1830 352 16 64 64 1.647146
1830 352 32 64 64 2.045762
1830 374 33 44 44 0.646794
1830 450 153 36 36 0.024827
1830 459 153 36 36 0.992754
1830 119 224 28 28 0.215987
1830 480 102 24 24 0.196013
1830 480 108 24 24 0.076081
1830 486 192 24 24 2.423908
1830 492 192 24 24 2.935599
1830 498 192 24 24 0.924871
