30 400 136 32 32 2.421016
30 408 136 32 32 2.041279
30 21 126 28 28 0.501246
30 126 112 28 28 0.972014
30 0 114 24 24 4.667699
30 6 114 24 24 1.197825
30 144 114 24 24 0.598491
60 432 126 36 36 2.333711
60 441 126 36 36 2.318505
60 8 112 32 32 1.678267
60 343 112 28 28 0.538757
60 448 112 28 28 1.698759
90 128 112 32 32 1.753776
90 384 128 32 32 4.422642
90 384 136 32 32 3.784493
90 392 136 32 32 3.064351
90 392 144 32 32 1.048390
90 400 144 32 32 0.162525
90 126 119 28 28 3.414276
90 336 112 28 28 4.106353
90 336 119 28 28 2.591656
90 343 112 28 28 3.017449
90 343 119 28 28 1.684446
90 350 112 28 28 4.872237
90 350 119 28 28 1.251616
90 357 112 28 28 4.295517
90 462 98 28 28 2.045031
90 480 96 24 24 3.064056
90 480 102 24 24 2.567262
90 486 96 24 24 5.320734
90 486 102 24 24 2.866346
90 492 96 24 24 6.195723
90 498 96 24 24 3.718143
120 432 126 36 36 0.831402
120 432 144 36 36 2.116241
120 432 153 36 36 1.819108
120 441 144 36 36 1.509904
120 441 153 36 36 2.071264
120 450 144 36 36 2.251735
120 450 153 36 36 3.529210
120 450 162 36 36 0.299517
120 459 144 36 36 2.607816
120 459 153 36 36 3.383931
120 459 162 36 36 3.531366
120 128 112 32 32 0.516377
120 392 128 32 32 2.704046
120 392 136 32 32 1.606364
120 400 128 32 32 3.618860
120 400 136 32 32 3.995502
120 408 136 32 32 2.799192
120 408 144 32 32 0.860450
120 112 112 28 28 1.903963
120 112 119 28 28 7.303549
120 112 126 28 28 5.202543
120 119 112 28 28 1.998056
120 119 119 28 28 7.249097
120 119 126 28 28 4.845581
120 126 112 28 28 0.769114
120 126 119 28 28 4.919037
120 126 126 28 28 2.910545
120 126 133 28 28 1.625253
120 336 112 28 28 1.742545
120 336 119 28 28 4.459134
120 343 112 28 28 2.137704
120 343 119 28 28 4.039451
120 350 112 28 28 0.118260
120 350 119 28 28 1.000185
120 357 119 28 28 1.971046
120 357 126 28 28 0.593568
120 357 133 28 28 0.425364
120 448 126 28 28 2.644950
120 448 133 28 28 2.295973
120 455 126 28 28 0.925935
120 480 198 24 24 1.678602
120 480 204 24 24 0.953246
120 486 198 24 24 0.216007
120 492 192 24 24 2.122946
120 492 198 24 24 1.258662
120 492 204 24 24 0.871704
120 498 198 24 24 0.622195
120 498 204 24 24 1.455498
150 0 126 36 36 3.400779
150 9 126 36 36 6.513656
150 18 126 36 36 3.265749
150 27 126 36 36 0.153267
150 459 153 36 36 0.091527
150 8 136 32 32 1.965614
150 16 128 32 32 1.417572
150 16 136 32 32 5.394643
150 24 128 32 32 2.778694
150 24 136 32 32 6.870637
150 280 144 32 32 0.241342
150 112 119 28 28 2.563544
150 112 126 28 28 5.597257
150 112 133 28 28 2.337515
150 119 126 28 28 0.750589
150 336 119 28 28 3.294058
150 343 119 28 28 5.249137
150 350 119 28 28 4.361637
150 492 18 24 24 0.351088
150 492 192 24 24 0.320024
150 492 198 24 24 0.477700
150 498 192 24 24 2.582984
150 498 198 24 24 0.139988
180 0 16 64 64 0.765562
180 0 32 64 64 3.057280
180 16 16 64 64 2.081019
180 32 16 64 64 0.827589
180 352 16 64 64 2.584164
180 16 128 32 32 1.622478
180 24 128 32 32 1.758391
180 384 128 32 32 1.160646
180 384 136 32 32 3.603618
180 384 144 32 32 0.611206
180 408 152 32 32 3.423329
180 0 119 28 28 2.320882
180 0 126 28 28 4.464048
180 7 126 28 28 2.031151
180 112 133 28 28 1.392592
180 350 119 28 28 0.057413
180 357 112 28 28 1.249365
180 357 119 28 28 1.756763
180 455 126 28 28 0.674702
180 462 126 28 28 2.959914
210 352 32 64 64 1.798478
210 352 48 64 64 3.201349
210 432 144 36 36 0.695194
210 432 153 36 36 0.853198
210 0 128 32 32 2.403156
210 8 128 32 32 3.261906
210 16 128 32 32 2.367546
210 24 128 32 32 2.840161
210 408 152 32 32 3.264054
210 0 126 28 28 2.134849
210 0 133 28 28 3.791898
210 7 133 28 28 2.922445
210 14 133 28 28 2.921250
210 21 126 28 28 1.572517
210 21 133 28 28 4.545028
210 448 98 28 28 3.490646
210 455 98 28 28 0.302430
210 469 98 28 28 0.657474
210 486 192 24 24 1.021827
210 486 198 24 24 0.487175
210 492 114 24 24 0.792292
210 498 114 24 24 5.069438
240 0 112 32 32 0.543341
240 0 128 32 32 2.641156
240 8 112 32 32 2.608522
240 8 128 32 32 2.210984
240 16 112 32 32 3.762101
240 24 112 32 32 4.376536
240 7 126 28 28 1.333478
240 7 133 28 28 0.815748
240 14 119 28 28 2.548421
240 14 126 28 28 4.513658
240 14 133 28 28 2.488811
240 21 119 28 28 1.307719
240 21 126 28 28 3.793935
240 21 133 28 28 2.816297
270 352 16 64 64 0.014842
270 352 32 64 64 0.698444
270 288 153 36 36 2.459031
270 297 153 36 36 1.042071
270 0 128 32 32 0.253275
270 8 136 32 32 0.197906
270 0 133 28 28 2.364484
270 7 133 28 28 3.042697
270 14 133 28 28 2.170207
270 448 126 28 28 2.178132
270 448 133 28 28 1.297049
270 455 119 28 28 0.514348
270 455 126 28 28 3.219938
270 455 133 28 28 3.497332
270 462 119 28 28 1.267684
270 462 126 28 28 2.272056
270 462 133 28 28 4.661198
270 469 133 28 28 1.992603
270 102 114 24 24 1.064973
270 108 114 24 24 0.832843
270 384 204 24 24 0.498756
300 384 192 48 48 0.321099
300 408 192 48 48 0.575645
300 420 192 48 48 1.801096
300 384 192 48 48 0.321099
300 408 192 48 48 0.575645
300 420 192 48 48 1.801096
300 385 187 44 44 0.116673
300 0 98 28 28 1.831887
300 7 98 28 28 3.085004
300 14 98 28 28 1.170333
300 0 84 24 24 0.116040
300 0 108 24 24 0.952875
300 6 84 24 24 3.303897
300 6 96 24 24 0.653521
300 6 102 24 24 2.491200
300 12 84 24 24 0.397543
300 12 96 24 24 0.084858
300 12 102 24 24 2.780946
300 18 102 24 24 0.883858
330 0 297 36 36 0.623151
330 9 297 36 36 0.858993
330 432 126 36 36 0.186518
330 448 133 28 28 0.702954
330 300 96 24 24 2.681896
330 300 102 24 24 3.113003
360 0 112 28 28 0.575527
360 245 119 28 28 0.222832
360 0 84 24 24 0.771862
360 6 84 24 24 1.087865
360 210 102 24 24 0.316361
360 300 96 24 24 2.051621
360 306 96 24 24 0.638996
390 450 144 36 36 0.005425
390 459 144 36 36 2.488208
390 459 153 36 36 2.461806
390 126 119 28 28 0.028774
390 154 112 28 28 0.201553
390 154 119 28 28 0.390539
390 306 108 24 24 3.632845
390 306 114 24 24 2.375405
390 486 192 24 24 0.661122
390 492 96 24 24 1.617717
390 492 102 24 24 0.064366
390 492 192 24 24 2.868239
390 498 102 24 24 1.393499
390 498 192 24 24 1.736101
420 400 112 32 32 0.402674
420 408 112 32 32 0.270079
420 21 133 28 28 1.147694
420 119 133 28 28 1.716751
420 126 126 28 28 0.417975
420 126 133 28 28 2.403420
450 0 128 32 32 3.001053
450 0 136 32 32 3.425954
450 126 133 28 28 2.286368
450 448 133 28 28 2.280644
450 455 133 28 28 0.200586
480 432 126 36 36 3.136968
480 441 126 36 36 3.935337
480 450 126 36 36 1.377375
480 459 126 36 36 1.676556
480 176 144 32 32 0.411462
480 7 126 28 28 0.814874
480 14 126 28 28 1.219887
480 112 126 28 28 0.871503
480 112 133 28 28 6.038406
480 119 133 28 28 1.231749
480 336 126 28 28 1.544677
480 336 133 28 28 1.850356
480 343 126 28 28 0.358549
480 343 133 28 28 1.775407
480 350 133 28 28 0.701556
510 272 112 32 32 0.380880
510 280 112 32 32 2.713537
510 408 112 32 32 0.170661
510 0 126 28 28 2.219825
510 112 126 28 28 2.600220
510 112 133 28 28 5.344414
510 119 126 28 28 2.096743
510 119 133 28 28 2.544753
510 126 126 28 28 0.100314
510 126 133 28 28 0.468320
510 350 126 28 28 0.467483
510 350 133 28 28 2.073561
510 357 126 28 28 3.021268
510 357 133 28 28 1.352980
510 448 126 28 28 3.531413
510 455 126 28 28 1.868253
510 462 126 28 28 0.781165
540 256 16 64 64 0.925399
540 256 32 64 64 1.496136
540 272 16 64 64 2.671331
540 272 32 64 64 3.840211
540 288 16 64 64 1.156401
540 288 32 64 64 1.835944
540 315 126 36 36 1.309119
540 0 112 32 32 0.265187
540 128 128 32 32 2.177235
540 136 112 32 32 0.387040
540 136 128 32 32 3.245753
540 136 136 32 32 3.561383
540 144 128 32 32 1.387416
540 144 136 32 32 2.282771
540 264 128 32 32 0.518964
540 272 128 32 32 0.584100
540 384 128 32 32 5.215550
540 392 128 32 32 3.280243
540 0 126 28 28 6.376122
540 0 133 28 28 1.926327
540 7 126 28 28 0.238985
540 119 126 28 28 4.149417
540 126 126 28 28 3.867317
540 336 126 28 28 1.178660
540 336 133 28 28 6.164650
540 343 133 28 28 3.240611
540 469 133 28 28 0.294586
570 144 126 36 36 2.380881
570 153 126 36 36 1.511255
570 432 126 36 36 4.758714
570 441 126 36 36 4.211580
570 0 112 32 32 0.366284
570 128 112 32 32 2.980376
570 136 112 32 32 4.725127
570 136 128 32 32 1.084424
570 144 112 32 32 0.809213
570 144 128 32 32 1.058412
570 144 136 32 32 2.028668
570 400 136 32 32 5.466440
570 400 144 32 32 4.752008
570 408 136 32 32 6.131334
570 408 144 32 32 5.397208
570 0 112 28 28 0.260188
570 0 119 28 28 2.105020
570 7 119 28 28 1.296844
570 112 126 28 28 1.717471
570 119 126 28 28 0.045084
570 154 119 28 28 1.132818
570 154 126 28 28 2.996200
570 154 133 28 28 1.343291
600 128 112 32 32 6.565384
600 136 112 32 32 1.890748
600 144 112 32 32 2.112290
600 176 112 32 32 3.898289
600 192 144 32 32 1.556111
600 192 152 32 32 0.131860
600 384 136 32 32 0.123341
600 384 144 32 32 1.177598
600 392 128 32 32 1.372010
600 392 136 32 32 1.325459
600 392 144 32 32 3.024673
600 400 128 32 32 2.394636
600 400 136 32 32 1.291450
600 400 144 32 32 3.226244
600 400 152 32 32 1.031536
600 408 144 32 32 1.671434
600 112 119 28 28 5.416841
600 112 126 28 28 6.078838
600 119 119 28 28 4.879826
600 119 126 28 28 4.592860
600 126 112 28 28 2.241387
600 126 119 28 28 5.909346
600 126 126 28 28 4.701401
600 154 119 28 28 3.156744
600 154 126 28 28 1.095755
600 343 126 28 28 2.092515
600 350 119 28 28 2.223036
600 350 126 28 28 4.894958
600 350 133 28 28 3.725014
600 357 119 28 28 8.642630
600 357 126 28 28 11.029649
600 357 133 28 28 4.989032
630 0 0 64 64 0.086808
630 240 140 40 40 4.308806
630 459 144 36 36 0.968246
630 128 112 32 32 3.873440
630 136 112 32 32 3.811161
630 144 112 32 32 1.144482
630 256 152 32 32 2.037448
630 384 112 32 32 4.047717
630 392 112 32 32 4.957925
630 392 128 32 32 3.823421
630 400 112 32 32 4.670851
630 400 128 32 32 3.674909
630 408 112 32 32 0.828599
630 408 128 32 32 2.622358
630 0 119 28 28 1.583442
630 0 126 28 28 0.167080
630 112 112 28 28 2.696391
630 112 119 28 28 5.047070
630 154 112 28 28 4.711651
630 154 119 28 28 4.706114
630 168 112 28 28 5.276901
630 168 119 28 28 2.294067
630 224 112 28 28 9.200139
630 224 119 28 28 5.638361
630 231 112 28 28 8.555696
630 231 119 28 28 7.526380
630 231 126 28 28 3.255054
630 238 112 28 28 3.252910
630 238 119 28 28 3.140716
630 238 126 28 28 1.079630
630 245 126 28 28 0.721533
630 448 133 28 28 2.571150
630 455 126 28 28 3.712527
630 455 133 28 28 6.771183
630 462 126 28 28 0.290969
630 462 133 28 28 4.992961
630 469 126 28 28 2.914162
630 469 133 28 28 4.343141
630 480 192 24 24 1.856420
630 486 192 24 24 3.217698
630 486 198 24 24 0.322178
630 492 192 24 24 0.954028
630 492 198 24 24 1.094137
630 498 192 24 24 2.562267
660 0 0 64 64 0.363811
660 352 32 64 64 0.122916
660 24 36 48 48 0.373428
660 24 36 48 48 0.373428
660 330 140 40 40 0.183397
660 432 126 36 36 3.588134
660 441 126 36 36 4.117705
660 450 126 36 36 0.599417
660 459 144 36 36 2.044018
660 459 153 36 36 0.793915
660 384 112 32 32 2.518003
660 392 112 32 32 0.945098
660 392 128 32 32 4.318777
660 392 136 32 32 1.262525
660 392 144 32 32 2.315356
660 392 152 32 32 2.625471
660 400 152 32 32 1.718566
660 0 119 28 28 5.262900
660 14 119 28 28 0.413702
660 21 119 28 28 1.849033
660 112 112 28 28 5.289673
660 112 119 28 28 1.172460
660 119 112 28 28 5.773302
660 119 119 28 28 4.372795
660 126 112 28 28 1.971672
660 126 119 28 28 1.030316
660 154 112 28 28 7.023096
660 168 112 28 28 3.766489
660 168 119 28 28 0.062374
660 224 112 28 28 1.324989
660 231 112 28 28 3.389356
660 238 112 28 28 6.685110
660 238 119 28 28 1.995215
660 245 98 28 28 1.025536
660 245 112 28 28 8.335702
660 245 119 28 28 4.082656
660 448 112 28 28 1.371977
660 448 133 28 28 3.849731
660 455 133 28 28 3.237790
660 192 102 24 24 1.946551
660 480 204 24 24 1.613276
660 486 204 24 24 0.389380
660 486 210 24 24 1.440171
660 492 198 24 24 1.483667
660 498 198 24 24 1.490609
690 0 0 64 64 0.634919
690 16 0 64 64 0.015951
690 32 0 64 64 1.198066
690 24 36 48 48 1.773884
690 24 36 48 48 1.773884
690 264 187 44 44 1.323760
690 350 160 40 40 0.691422
690 408 152 32 32 2.909110
690 0 112 28 28 3.666485
690 0 119 28 28 3.749561
690 7 112 28 28 2.158342
690 7 119 28 28 1.099005
690 14 112 28 28 2.142509
690 14 119 28 28 0.220789
690 119 112 28 28 1.372682
690 126 112 28 28 2.895106
690 154 112 28 28 2.658590
690 168 98 28 28 0.431612
690 168 112 28 28 3.068537
690 231 98 28 28 0.727651
690 238 98 28 28 1.958006
690 245 98 28 28 5.334000
690 245 112 28 28 3.079941
690 357 126 28 28 4.081414
690 448 112 28 28 4.826873
690 448 119 28 28 5.935797
690 448 126 28 28 5.837447
690 448 133 28 28 4.612659
690 455 119 28 28 3.297974
690 455 126 28 28 4.105602
690 455 133 28 28 2.645238
690 462 126 28 28 0.521847
690 462 133 28 28 1.511411
690 96 114 24 24 2.900059
690 192 96 24 24 0.492135
690 198 96 24 24 3.277186
690 198 102 24 24 0.351867
690 204 96 24 24 0.070901
720 0 0 64 64 0.392428
720 32 0 64 64 0.368623
720 288 168 48 48 1.833101
720 384 192 48 48 2.764643
720 396 192 48 48 3.597827
720 408 192 48 48 0.262515
720 288 168 48 48 1.833101
720 384 192 48 48 2.764643
720 396 192 48 48 3.597827
720 408 192 48 48 0.262515
720 363 187 44 44 0.312363
720 363 198 44 44 3.233570
720 374 187 44 44 0.545895
720 374 198 44 44 1.844841
720 385 187 44 44 1.333954
720 385 198 44 44 1.156986
720 220 160 40 40 2.630957
720 220 170 40 40 1.401103
720 240 170 40 40 0.052390
720 240 180 40 40 0.286365
720 240 190 40 40 1.696712
720 432 126 36 36 1.171082
720 432 153 36 36 0.481519
720 0 112 28 28 2.024471
720 7 112 28 28 5.048743
720 14 112 28 28 4.390563
720 14 119 28 28 0.022882
720 21 112 28 28 1.200654
720 126 112 28 28 0.619214
720 154 112 28 28 0.424392
720 168 112 28 28 2.833168
720 224 98 28 28 1.530641
720 224 112 28 28 0.342741
720 224 119 28 28 3.275505
720 224 126 28 28 1.106491
720 231 98 28 28 2.288547
720 231 112 28 28 2.224710
720 231 119 28 28 5.420982
720 231 126 28 28 3.314716
720 231 133 28 28 0.315315
720 238 98 28 28 4.510912
720 238 112 28 28 0.759384
720 238 119 28 28 3.939257
720 238 126 28 28 2.758511
720 238 133 28 28 0.303023
720 245 98 28 28 3.619475
720 245 119 28 28 2.150019
720 245 126 28 28 3.283465
720 448 98 28 28 2.406007
720 448 112 28 28 3.354174
720 448 119 28 28 1.024817
720 455 98 28 28 0.616318
720 455 112 28 28 7.460224
720 455 119 28 28 4.581655
720 455 126 28 28 2.796314
720 455 133 28 28 1.157883
720 462 112 28 28 4.770930
720 462 119 28 28 4.421638
720 462 126 28 28 5.694653
720 462 133 28 28 4.485570
720 469 119 28 28 3.813184
720 469 126 28 28 5.633818
720 469 133 28 28 4.885334
720 96 114 24 24 2.770248
720 198 96 24 24 0.852431
750 0 32 64 64 0.083907
750 264 204 48 48 1.393092
750 384 192 48 48 0.802668
750 384 204 48 48 1.006392
750 384 216 48 48 1.573793
750 396 192 48 48 1.012967
750 396 204 48 48 0.792590
750 396 216 48 48 1.029094
750 408 192 48 48 3.455114
750 408 204 48 48 2.802574
750 420 204 48 48 1.387229
750 264 204 48 48 1.393092
750 384 192 48 48 0.802668
750 384 204 48 48 1.006392
750 384 216 48 48 1.573793
750 396 192 48 48 1.012967
750 396 204 48 48 0.792590
750 396 216 48 48 1.029094
750 408 192 48 48 3.455114
750 408 204 48 48 2.802574
750 420 204 48 48 1.387229
750 33 154 44 44 0.978745
750 374 209 44 44 0.348173
750 385 209 44 44 1.504233
750 432 126 36 36 3.082581
750 441 126 36 36 2.717086
750 0 112 32 32 0.381895
750 16 112 32 32 3.504429
750 24 112 32 32 8.123806
750 7 119 28 28 2.035281
750 14 119 28 28 2.100583
750 21 112 28 28 0.223416
750 21 119 28 28 3.477303
750 154 126 28 28 0.052175
750 168 112 28 28 0.787736
750 238 98 28 28 1.179620
750 245 98 28 28 1.929636
750 245 112 28 28 0.841685
750 455 98 28 28 1.121578
750 455 112 28 28 4.191888
750 455 119 28 28 1.092552
750 455 126 28 28 0.776023
750 462 98 28 28 1.219682
750 462 112 28 28 6.471481
750 462 119 28 28 4.851070
750 462 126 28 28 2.229332
750 469 112 28 28 3.563069
750 469 119 28 28 7.374466
750 469 126 28 28 7.156972
750 469 133 28 28 4.504951
780 0 16 64 64 0.251567
780 396 228 48 48 1.374191
780 420 204 48 48 0.101488
780 396 228 48 48 1.374191
780 420 204 48 48 0.101488
780 441 126 36 36 3.332720
780 441 144 36 36 3.992150
780 450 126 36 36 4.952887
780 459 126 36 36 2.293485
780 0 112 32 32 1.173177
780 16 112 32 32 0.452616
780 24 112 32 32 0.776084
780 176 112 32 32 0.773344
780 0 119 28 28 0.785161
780 7 112 28 28 1.392009
780 7 119 28 28 2.728634
780 14 112 28 28 0.254033
780 14 119 28 28 3.325445
780 21 119 28 28 0.824907
780 112 133 28 28 0.598048
780 168 112 28 28 4.111356
780 168 119 28 28 0.087817
780 238 112 28 28 0.448106
780 245 112 28 28 4.046724
780 462 112 28 28 0.938529
780 462 119 28 28 0.153379
780 462 133 28 28 1.744118
780 469 98 28 28 0.398054
780 469 112 28 28 4.097239
780 469 119 28 28 5.235775
780 469 126 28 28 4.296019
780 469 133 28 28 0.604466
780 96 108 24 24 2.524788
780 96 114 24 24 0.194299
810 450 126 36 36 2.164956
810 450 144 36 36 2.706700
810 450 153 36 36 1.574445
810 459 126 36 36 3.618343
810 176 112 32 32 2.230156
810 256 112 32 32 1.267466
810 168 112 28 28 1.403399
810 168 119 28 28 3.299996
810 238 112 28 28 0.840438
810 245 112 28 28 4.934055
810 469 112 28 28 0.017742
810 469 126 28 28 0.436538
810 469 133 28 28 2.365182
810 492 114 24 24 0.519193
840 0 16 64 64 0.050570
840 16 0 64 64 0.329134
840 459 144 36 36 0.443383
840 0 152 32 32 0.152275
840 128 112 32 32 0.679771
840 176 112 32 32 0.730180
840 192 112 32 32 2.027583
840 264 112 32 32 2.749557
840 272 112 32 32 0.104036
840 112 119 28 28 0.704653
840 112 126 28 28 2.975119
840 112 133 28 28 0.746764
840 498 102 24 24 0.751721
870 0 16 64 64 1.930005
870 16 16 64 64 0.006244
870 176 112 32 32 4.000181
870 192 112 32 32 3.114974
870 256 112 32 32 3.239445
870 264 112 32 32 4.640256
870 272 112 32 32 5.691133
870 280 112 32 32 6.451012
870 7 126 28 28 0.522084
870 14 126 28 28 2.838981
870 14 133 28 28 1.461801
870 21 126 28 28 0.958555
870 112 126 28 28 0.676421
870 112 133 28 28 3.851966
900 16 16 64 64 1.262944
900 48 16 64 64 0.341853
900 27 126 36 36 1.849907
900 432 153 36 36 2.264105
900 441 153 36 36 0.100198
900 441 162 36 36 1.671040
900 450 153 36 36 0.248174
900 450 162 36 36 2.582466
900 459 153 36 36 0.458242
900 459 162 36 36 4.182036
900 459 171 36 36 2.923027
900 0 128 32 32 2.239345
900 8 128 32 32 3.198317
900 16 128 32 32 2.024608
900 24 128 32 32 3.736238
900 192 112 32 32 2.597383
900 192 128 32 32 1.026367
900 256 112 32 32 1.751903
900 264 112 32 32 6.265531
900 272 112 32 32 9.233287
900 280 112 32 32 7.695191
900 14 133 28 28 2.502064
900 480 204 24 24 1.078996
900 480 210 24 24 0.426344
900 486 204 24 24 1.184025
900 486 210 24 24 0.321527
930 0 16 64 64 0.833282
930 0 32 64 64 0.604480
930 16 16 64 64 0.053314
930 16 32 64 64 0.606419
930 32 16 64 64 2.958280
930 48 16 64 64 1.887451
930 0 126 36 36 5.945747
930 9 126 36 36 6.790659
930 18 126 36 36 5.207535
930 27 126 36 36 3.074588
930 0 128 32 32 2.151329
930 0 136 32 32 1.235026
930 8 128 32 32 0.917194
930 8 136 32 32 1.522350
930 16 128 32 32 2.106940
930 16 136 32 32 5.373239
930 16 144 32 32 0.652494
930 24 128 32 32 3.774563
930 24 136 32 32 5.342099
930 24 144 32 32 3.444045
930 176 128 32 32 1.234249
930 256 112 32 32 2.657841
930 264 112 32 32 7.463541
930 272 112 32 32 9.333726
930 280 112 32 32 5.836814
930 280 128 32 32 0.607176
930 400 112 32 32 0.009376
930 192 96 24 24 1.172906
960 0 16 64 64 4.173148
960 0 48 64 64 1.094155
960 48 32 64 64 1.722930
960 9 126 36 36 0.479441
960 18 126 36 36 2.871632
960 432 126 36 36 2.167841
960 450 126 36 36 0.072894
960 459 144 36 36 2.225026
960 16 128 32 32 3.524171
960 16 136 32 32 1.135628
960 24 128 32 32 2.920893
960 24 136 32 32 1.256369
960 256 112 32 32 9.000734
960 264 112 32 32 9.176905
960 272 112 32 32 5.732509
960 168 133 28 28 0.245697
990 0 32 64 64 1.640100
990 0 48 64 64 0.576362
990 16 16 64 64 1.552611
990 16 32 64 64 2.209871
990 16 48 64 64 0.599136
990 32 16 64 64 2.870389
990 32 32 64 64 2.915786
990 48 16 64 64 2.796380
990 48 32 64 64 2.214989
990 224 119 28 28 5.468859
990 224 126 28 28 8.122040
990 224 133 28 28 1.309758
990 231 112 28 28 1.288280
990 231 119 28 28 6.764924
990 231 126 28 28 9.110387
990 231 133 28 28 3.448081
990 238 112 28 28 1.464504
990 238 119 28 28 5.273418
990 238 126 28 28 6.519430
990 238 133 28 28 2.288850
990 245 119 28 28 4.599003
990 245 126 28 28 4.460551
990 245 133 28 28 0.230799
990 448 133 28 28 1.011396
990 469 133 28 28 1.250539
1020 0 16 64 64 1.158864
1020 32 32 64 64 2.357737
1020 48 16 64 64 0.324657
1020 48 32 64 64 1.376369
1020 288 32 64 64 0.493417
1020 176 112 32 32 8.162906
1020 400 128 32 32 1.231045
1020 408 136 32 32 0.082898
1020 112 133 28 28 2.179363
1020 119 133 28 28 3.643091
1020 126 133 28 28 3.160434
1020 168 119 28 28 4.481634
1020 168 126 28 28 6.184896
1020 168 133 28 28 2.129431
1020 192 114 24 24 0.006039
1020 480 96 24 24 1.415712
1020 480 102 24 24 4.484253
1020 480 108 24 24 3.296365
1020 486 102 24 24 0.003749
1050 32 32 64 64 0.678462
1050 352 48 64 64 0.800588
1050 408 36 48 48 0.363233
1050 408 36 48 48 0.363233
1050 459 144 36 36 1.522919
1050 459 153 36 36 0.695663
1050 0 136 32 32 0.053753
1050 112 119 28 28 3.036827
1050 112 126 28 28 4.719144
1050 112 133 28 28 2.344030
1050 96 18 24 24 0.850594
1050 480 96 24 24 4.387986
1050 480 102 24 24 4.280294
1050 486 96 24 24 4.293146
1050 486 102 24 24 3.690068
1050 492 96 24 24 2.945284
1050 492 102 24 24 1.545486
1080 408 24 48 48 1.316883
1080 408 36 48 48 4.214594
1080 420 36 48 48 1.005451
1080 408 24 48 48 1.316883
1080 408 36 48 48 4.214594
1080 420 36 48 48 1.005451
1080 330 140 40 40 0.779239
1080 340 140 40 40 0.707784
1080 432 126 36 36 2.812861
1080 441 126 36 36 2.183155
1080 459 144 36 36 0.531811
1080 384 128 32 32 3.215087
1080 392 128 32 32 0.465508
1080 0 7 28 28 0.708589
1080 14 133 28 28 0.988056
1080 224 119 28 28 0.571454
1080 0 6 24 24 2.831863
1080 0 12 24 24 5.964733
1080 0 18 24 24 6.918952
1080 6 12 24 24 1.890118
1080 6 18 24 24 2.343261
1080 402 108 24 24 1.478127
1080 402 114 24 24 2.793337
1110 352 48 64 64 1.654745
1110 384 36 48 48 0.760276
1110 420 24 48 48 1.884881
1110 384 36 48 48 0.760276
1110 420 24 48 48 1.884881
1110 352 154 44 44 2.094809
1110 459 153 36 36 2.226748
1110 128 112 32 32 2.592042
1110 384 128 32 32 0.314747
1110 384 144 32 32 1.620143
1110 392 128 32 32 2.357854
1110 392 136 32 32 2.670893
1110 392 144 32 32 0.534998
1110 400 128 32 32 2.906392
1110 400 136 32 32 0.189741
1110 154 126 28 28 0.236529
1110 486 192 24 24 2.540396
1110 486 198 24 24 0.161664
1110 492 6 24 24 2.411652
1110 492 12 24 24 0.316674
1110 492 18 24 24 0.831412
1110 492 198 24 24 1.144284
1110 498 192 24 24 1.189951
1110 498 198 24 24 2.035832
1140 288 48 64 64 1.169989
1140 352 16 64 64 3.076666
1140 352 32 64 64 6.445036
1140 352 48 64 64 4.423519
1140 384 36 48 48 0.951453
1140 396 36 48 48 1.708583
1140 420 168 48 48 1.305533
1140 384 36 48 48 0.951453
1140 396 36 48 48 1.708583
1140 420 168 48 48 1.305533
1140 432 18 36 36 1.761909
1140 432 27 36 36 2.323299
1140 441 144 36 36 1.475376
1140 441 162 36 36 2.252266
1140 441 171 36 36 5.440047
1140 450 144 36 36 4.418154
1140 450 153 36 36 1.383523
1140 450 162 36 36 1.493554
1140 450 171 36 36 3.524994
1140 459 144 36 36 2.886037
1140 459 171 36 36 0.541970
1140 384 128 32 32 2.984039
1140 392 128 32 32 3.480127
1140 392 136 32 32 5.066128
1140 400 136 32 32 4.583618
1140 400 144 32 32 3.314570
1140 408 136 32 32 4.155655
1140 408 144 32 32 4.767249
1140 21 112 28 28 0.132108
1140 112 112 28 28 0.349918
1140 112 119 28 28 5.306426
1140 112 126 28 28 6.229066
1140 112 133 28 28 4.231504
1140 119 119 28 28 3.695085
1140 119 126 28 28 7.428918
1140 119 133 28 28 5.725961
1140 126 126 28 28 2.413879
1140 126 133 28 28 2.880401
1140 469 238 28 28 0.298204
1170 48 16 64 64 0.441167
1170 288 16 64 64 2.036259
1170 288 32 64 64 0.862417
1170 352 16 64 64 0.694030
1170 352 48 64 64 0.151286
1170 384 24 48 48 1.246463
1170 396 0 48 48 1.250425
1170 396 12 48 48 3.461188
1170 396 24 48 48 5.894233
1170 396 36 48 48 0.109742
1170 408 12 48 48 0.694014
1170 408 24 48 48 5.019730
1170 408 36 48 48 2.957438
1170 420 0 48 48 0.339014
1170 420 12 48 48 4.083189
1170 420 24 48 48 7.824972
1170 420 36 48 48 4.081192
1170 384 24 48 48 1.246463
1170 396 0 48 48 1.250425
1170 396 12 48 48 3.461188
1170 396 24 48 48 5.894233
1170 396 36 48 48 0.109742
1170 408 12 48 48 0.694014
1170 408 24 48 48 5.019730
1170 408 36 48 48 2.957438
1170 420 0 48 48 0.339014
1170 420 12 48 48 4.083189
1170 420 24 48 48 7.824972
1170 420 36 48 48 4.081192
1170 432 9 36 36 0.042663
1170 432 144 36 36 0.935308
1170 450 0 36 36 1.636533
1170 450 153 36 36 1.214185
1170 459 9 36 36 1.048208
1170 459 18 36 36 1.354532
1170 459 153 36 36 1.453098
1170 459 162 36 36 2.704862
1170 24 112 32 32 1.698613
1170 384 112 32 32 4.605438
1170 384 128 32 32 3.848420
1170 392 112 32 32 4.046487
1170 392 128 32 32 3.019299
1170 400 112 32 32 2.939925
1170 408 144 32 32 3.864072
1170 408 152 32 32 3.063459
1170 7 126 28 28 2.629114
1170 14 119 28 28 0.501154
1170 14 126 28 28 1.920806
1170 14 133 28 28 0.492125
1170 21 119 28 28 1.301386
1170 21 126 28 28 2.774615
1170 21 133 28 28 1.678715
1170 112 126 28 28 0.473601
1170 112 133 28 28 0.479651
1170 448 14 28 28 0.938079
1170 462 7 28 28 1.629462
1170 462 14 28 28 2.737029
1170 469 7 28 28 3.801843
1170 469 14 28 28 5.715684
1170 469 21 28 28 0.780275
1170 402 84 24 24 0.811349
1170 480 12 24 24 2.414014
1170 480 18 24 24 5.949998
1170 480 192 24 24 4.001010
1170 480 198 24 24 0.633872
1170 486 12 24 24 2.534091
1170 486 18 24 24 1.315962
1170 486 192 24 24 3.883320
1170 492 18 24 24 1.966238
1170 492 192 24 24 1.648010
1170 498 18 24 24 0.416412
1200 288 0 64 64 0.246432
1200 352 0 64 64 2.305269
1200 352 16 64 64 0.542405
1200 352 32 64 64 5.508504
1200 352 48 64 64 3.421780
1200 408 0 48 48 0.802049
1200 420 0 48 48 2.575049
1200 408 0 48 48 0.802049
1200 420 0 48 48 2.575049
1200 432 126 36 36 3.866368
1200 432 144 36 36 2.656055
1200 432 153 36 36 1.115474
1200 441 126 36 36 1.094061
1200 441 144 36 36 2.798043
1200 441 153 36 36 3.348955
1200 450 144 36 36 2.313031
1200 450 153 36 36 2.949621
1200 450 162 36 36 0.267973
1200 459 153 36 36 1.492465
1200 459 162 36 36 0.731833
1200 0 112 32 32 0.205122
1200 8 112 32 32 0.457465
1200 24 128 32 32 1.407257
1200 392 112 32 32 4.791455
1200 400 112 32 32 7.762928
1200 408 112 32 32 5.266490
1200 7 126 28 28 0.283182
1200 7 133 28 28 1.506270
1200 14 133 28 28 2.556191
1200 21 133 28 28 0.326367
1200 448 112 28 28 1.523533
1200 448 119 28 28 1.553334
1200 448 126 28 28 0.920806
1200 448 133 28 28 3.661698
1200 462 119 28 28 1.040649
1200 480 198 24 24 2.459244
1200 480 204 24 24 0.089833
1200 486 192 24 24 2.238373
1200 486 198 24 24 2.999350
1200 486 204 24 24 0.289163
1200 492 6 24 24 0.861491
1200 492 18 24 24 1.307029
1200 492 198 24 24 1.038425
1200 498 0 24 24 1.577066
1200 498 12 24 24 2.710592
1200 498 18 24 24 4.536200
1200 498 198 24 24 0.195980
1230 352 0 64 64 0.800011
1230 352 16 64 64 5.951970
1230 352 32 64 64 3.007660
1230 216 144 36 36 1.574794
1230 450 126 36 36 1.117768
1230 24 128 32 32 1.687195
1230 0 126 28 28 2.385732
1230 0 133 28 28 3.226219
1230 7 133 28 28 0.387220
1230 119 133 28 28 1.352721
1230 448 119 28 28 2.044842
1230 448 126 28 28 3.191372
1230 455 119 28 28 4.623168
1230 455 126 28 28 3.905138
1230 462 126 28 28 3.021092
1260 352 0 64 64 1.580585
1260 352 16 64 64 3.649349
1260 352 32 64 64 1.016336
1260 420 36 48 48 1.011600
1260 420 36 48 48 1.011600
1260 27 126 36 36 1.209478
1260 216 144 36 36 2.381838
1260 441 0 36 36 0.145098
1260 450 9 36 36 0.406175
1260 8 128 32 32 0.160688
1260 24 112 32 32 4.090323
1260 24 128 32 32 2.100965
1260 126 119 28 28 3.613977
1260 126 126 28 28 2.618502
1260 336 126 28 28 3.091790
1260 343 126 28 28 1.558818
1260 455 133 28 28 0.166374
1260 462 126 28 28 1.001799
1260 462 133 28 28 1.057608
1260 469 126 28 28 0.941725
1260 469 133 28 28 2.459375
1290 216 144 36 36 1.430454
1290 0 98 28 28 1.785882
1290 7 98 28 28 5.855982
1290 14 98 28 28 6.699659
1290 21 98 28 28 3.577549
1290 21 112 28 28 1.019498
1290 112 126 28 28 2.082105
1290 112 133 28 28 1.766489
1290 119 119 28 28 0.436455
1290 119 126 28 28 3.580794
1290 119 133 28 28 3.744545
1290 126 126 28 28 4.040145
1290 126 133 28 28 5.188030
1290 336 126 28 28 3.614066
1290 336 133 28 28 3.182954
1290 343 133 28 28 3.684049
1290 350 133 28 28 1.824399
1290 448 0 28 28 0.962193
1290 455 0 28 28 8.662860
1290 455 7 28 28 5.403190
1290 462 0 28 28 5.440460
1290 462 7 28 28 4.210925
1290 469 0 28 28 3.502349
1290 469 7 28 28 0.064995
1290 12 114 24 24 0.071113
1290 18 108 24 24 4.800280
1290 18 114 24 24 4.388471
1290 300 0 24 24 0.017778
1320 0 126 36 36 0.406076
1320 9 126 36 36 1.247226
1320 9 144 36 36 2.203516
1320 18 126 36 36 1.900553
1320 315 144 36 36 1.111770
1320 0 112 32 32 1.849986
1320 16 144 32 32 1.300815
1320 16 152 32 32 0.843955
1320 24 136 32 32 0.457921
1320 0 112 28 28 8.550937
1320 0 119 28 28 7.843908
1320 0 126 28 28 2.537667
1320 7 112 28 28 3.563752
1320 7 119 28 28 3.895994
1320 7 126 28 28 1.214074
1320 14 119 28 28 1.040761
1320 14 126 28 28 0.843551
1320 112 119 28 28 1.964539
1320 112 126 28 28 2.947233
1320 119 126 28 28 0.464664
1320 154 112 28 28 2.873018
1320 154 119 28 28 2.546442
1320 154 126 28 28 1.016925
1320 343 126 28 28 1.537524
1320 343 133 28 28 1.646857
1320 350 126 28 28 3.309006
1320 350 133 28 28 3.917582
1320 357 126 28 28 3.038668
1320 357 133 28 28 2.680182
1320 12 84 24 24 4.047228
1320 18 84 24 24 3.026163
1320 486 0 24 24 3.859919
1320 492 0 24 24 2.314903
1320 492 6 24 24 2.323301
1320 492 12 24 24 2.883504
1320 492 18 24 24 0.730192
1320 498 6 24 24 1.040993
1320 498 12 24 24 2.862513
1320 498 18 24 24 1.838182
1350 288 162 36 36 2.488801
1350 288 171 36 36 0.231586
1350 297 162 36 36 1.588081
1350 306 153 36 36 1.510654
1350 306 162 36 36 0.136066
1350 315 153 36 36 1.922851
1350 315 162 36 36 1.813330
1350 432 144 36 36 2.753511
1350 432 153 36 36 4.246406
1350 432 162 36 36 3.818113
1350 441 126 36 36 0.128280
1350 441 144 36 36 7.102985
1350 441 153 36 36 7.924005
1350 441 162 36 36 5.477809
1350 441 171 36 36 3.585267
1350 450 144 36 36 4.642654
1350 450 153 36 36 5.587118
1350 450 162 36 36 4.422329
1350 450 171 36 36 3.799155
1350 459 144 36 36 1.171398
1350 459 153 36 36 1.037832
1350 459 162 36 36 0.262359
1350 264 152 32 32 3.360723
1350 272 136 32 32 0.472553
1350 272 144 32 32 0.471324
1350 272 152 32 32 2.686319
1350 280 128 32 32 5.305378
1350 280 136 32 32 4.728979
1350 280 144 32 32 4.952708
1350 280 152 32 32 4.516891
1350 112 119 28 28 0.410175
1350 112 126 28 28 0.518931
1350 154 112 28 28 0.715986
1350 154 119 28 28 2.528977
1350 168 119 28 28 0.810619
1350 343 126 28 28 1.488526
1350 350 126 28 28 3.672335
1350 350 133 28 28 1.993677
1350 357 119 28 28 1.666977
1350 357 126 28 28 4.531464
1350 357 133 28 28 4.596274
1350 0 84 24 24 0.421570
1350 6 84 24 24 3.815426
1350 144 114 24 24 5.232615
1350 306 198 24 24 1.951869
1350 306 204 24 24 4.412076
1350 480 192 24 24 2.920524
1350 480 198 24 24 0.093534
1350 480 204 24 24 1.344593
1350 480 210 24 24 1.994523
1350 498 6 24 24 0.780775
1350 498 12 24 24 3.718426
1380 0 48 64 64 0.218859
1380 242 154 44 44 1.834258
1380 264 154 44 44 0.806041
1380 30 140 40 40 2.481772
1380 240 160 40 40 0.669799
1380 0 126 36 36 1.072358
1380 9 126 36 36 0.667283
1380 27 126 36 36 2.866150
1380 0 112 32 32 0.156677
1380 0 128 32 32 4.698354
1380 8 112 32 32 2.270184
1380 8 128 32 32 1.611551
1380 16 112 32 32 0.090039
1380 16 128 32 32 2.882572
1380 176 112 32 32 1.224928
1380 272 136 32 32 0.693231
1380 272 144 32 32 2.537072
1380 272 152 32 32 3.042256
1380 280 136 32 32 2.355146
1380 280 144 32 32 4.468889
1380 280 152 32 32 4.719504
1380 400 112 32 32 1.591011
1380 408 112 32 32 0.715046
1380 0 133 28 28 2.996934
1380 7 126 28 28 1.768121
1380 7 133 28 28 5.152070
1380 14 133 28 28 2.763299
1380 21 133 28 28 1.138711
1380 154 98 28 28 3.012965
1380 154 112 28 28 2.664203
1380 168 112 28 28 0.446929
1380 168 119 28 28 1.074380
1380 343 119 28 28 0.634180
1380 350 119 28 28 2.258288
1380 350 224 28 28 1.764981
1380 357 119 28 28 1.968619
1380 357 126 28 28 2.386693
1380 357 224 28 28 2.604059
1380 357 231 28 28 4.045573
1380 455 126 28 28 0.013574
1380 462 112 28 28 1.980996
1380 469 112 28 28 0.611847
1380 144 102 24 24 2.321994
1380 144 108 24 24 7.157586
1380 144 114 24 24 6.749265
1380 288 192 24 24 3.423770
1380 288 198 24 24 3.800078
1380 288 204 24 24 2.791459
1380 294 198 24 24 2.511930
1410 204 216 48 48 1.082138
1410 408 192 48 48 0.350886
1410 408 204 48 48 2.817221
1410 408 216 48 48 2.665527
1410 420 204 48 48 2.724782
1410 420 216 48 48 0.188983
1410 204 216 48 48 1.082138
1410 408 192 48 48 0.350886
1410 408 204 48 48 2.817221
1410 408 216 48 48 2.665527
1410 420 204 48 48 2.724782
1410 420 216 48 48 0.188983
1410 352 209 44 44 2.407254
1410 0 170 40 40 0.658781
1410 0 153 36 36 0.503381
1410 9 171 36 36 0.797958
1410 176 112 32 32 3.480985
1410 264 112 32 32 0.286571
1410 126 119 28 28 2.087409
1410 154 112 28 28 2.432523
1410 154 119 28 28 2.550027
1410 168 119 28 28 4.315744
1410 168 126 28 28 2.564991
1410 343 119 28 28 1.610064
1410 350 119 28 28 2.011061
1410 357 126 28 28 0.520967
1410 0 192 24 24 1.953732
1410 0 198 24 24 1.631829
1410 0 204 24 24 0.727027
1410 6 204 24 24 0.509863
1410 6 210 24 24 0.427413
1410 12 192 24 24 0.432905
1410 18 84 24 24 0.431921
1410 18 198 24 24 3.433495
1410 132 108 24 24 0.641716
1410 132 114 24 24 2.606498
1410 144 108 24 24 5.118289
1410 144 114 24 24 5.713015
1440 128 112 32 32 2.230843
1440 136 112 32 32 4.674609
1440 144 112 32 32 3.096338
1440 264 112 32 32 0.686996
1440 119 119 28 28 0.590791
1440 126 98 28 28 3.999037
1440 126 112 28 28 2.869635
1440 154 112 28 28 2.826054
1440 154 119 28 28 2.561827
1440 154 126 28 28 4.651474
1440 154 133 28 28 1.353033
1440 168 119 28 28 1.047882
1440 168 126 28 28 1.705090
1440 336 119 28 28 0.943451
1440 343 119 28 28 3.554075
1440 350 119 28 28 1.190060
1440 448 112 28 28 2.930571
1440 448 119 28 28 2.433901
1440 448 126 28 28 1.429325
1440 469 119 28 28 0.756863
1440 469 126 28 28 0.178076
1440 132 108 24 24 3.874132
1440 132 114 24 24 4.879735
1440 144 108 24 24 2.433460
1440 144 114 24 24 3.005873
1470 0 32 64 64 1.987824
1470 144 112 32 32 1.437003
1470 264 112 32 32 0.028335
1470 384 112 32 32 1.180673
1470 112 119 28 28 0.764947
1470 112 126 28 28 0.412942
1470 119 98 28 28 2.049576
1470 119 119 28 28 0.757098
1470 119 126 28 28 3.889766
1470 126 98 28 28 3.814051
1470 126 126 28 28 0.620165
1470 154 112 28 28 1.743524
1470 154 119 28 28 3.727861
1470 154 126 28 28 4.520278
1470 336 119 28 28 1.745737
1470 343 119 28 28 4.563748
1470 343 126 28 28 2.136386
1470 350 119 28 28 3.249476
1470 350 126 28 28 2.437562
1470 357 119 28 28 0.067451
1470 357 126 28 28 0.749909
1470 448 119 28 28 1.964621
1470 448 126 28 28 3.206828
1470 455 112 28 28 0.883408
1470 455 119 28 28 1.252819
1470 455 126 28 28 2.486008
1470 132 108 24 24 6.404308
1470 132 114 24 24 3.957728
1470 144 108 24 24 1.986499
1470 144 114 24 24 2.486875
1500 128 112 32 32 0.678177
1500 128 128 32 32 1.619380
1500 136 112 32 32 2.586972
1500 136 128 32 32 2.033484
1500 176 112 32 32 0.493177
1500 256 112 32 32 0.202251
1500 264 112 32 32 1.404295
1500 384 128 32 32 2.724686
1500 384 136 32 32 2.207633
1500 392 128 32 32 2.721765
1500 392 136 32 32 1.719972
1500 400 128 32 32 0.958804
1500 400 136 32 32 1.161920
1500 112 112 28 28 3.405788
1500 119 112 28 28 4.017459
1500 126 112 28 28 2.038894
1500 336 126 28 28 1.302498
1500 336 133 28 28 0.945270
1500 343 126 28 28 4.174925
1500 343 133 28 28 2.612612
1500 350 126 28 28 3.361365
1500 350 133 28 28 2.735839
1500 357 126 28 28 2.388650
1500 357 133 28 28 4.493822
1500 462 133 28 28 3.545628
1500 469 126 28 28 4.208751
1500 469 133 28 28 6.076861
1530 27 144 36 36 0.262298
1530 315 126 36 36 2.980433
1530 136 112 32 32 0.230892
1530 136 128 32 32 1.223899
1530 144 112 32 32 4.927280
1530 144 128 32 32 4.809208
1530 264 112 32 32 1.148855
1530 384 128 32 32 2.600321
1530 384 136 32 32 7.711800
1530 384 144 32 32 9.123853
1530 384 152 32 32 3.384913
1530 392 136 32 32 4.851238
1530 392 144 32 32 6.460349
1530 392 152 32 32 4.418630
1530 400 136 32 32 2.653772
1530 400 144 32 32 3.136594
1530 400 152 32 32 1.680200
1530 408 136 32 32 0.835434
1530 408 144 32 32 4.083302
1530 408 152 32 32 2.535071
1530 112 112 28 28 2.834317
1530 112 126 28 28 2.298355
1530 112 133 28 28 2.463029
1530 154 119 28 28 2.728739
1530 154 126 28 28 9.451478
1530 154 133 28 28 13.902424
1530 168 133 28 28 0.854396
1530 336 126 28 28 2.351979
1530 336 133 28 28 3.019329
1530 343 126 28 28 1.038708
1530 343 133 28 28 3.047092
1530 350 126 28 28 2.043780
1530 350 133 28 28 3.842835
1530 357 133 28 28 2.967207
1530 455 98 28 28 4.429969
1530 462 98 28 28 2.287923
1530 18 84 24 24 1.205296
1530 96 108 24 24 0.244083
1530 96 114 24 24 0.165043
1530 108 114 24 24 0.972355
1530 132 114 24 24 4.987545
1530 144 114 24 24 0.369658
1560 432 144 36 36 3.987495
1560 432 153 36 36 3.028206
1560 441 144 36 36 4.567474
1560 441 153 36 36 3.403630
1560 441 162 36 36 0.193946
1560 450 144 36 36 4.006249
1560 450 153 36 36 3.515879
1560 450 162 36 36 3.129324
1560 459 144 36 36 3.174016
1560 459 153 36 36 1.666581
1560 459 162 36 36 0.080218
1560 128 112 32 32 5.927773
1560 128 128 32 32 0.776119
1560 136 112 32 32 5.163176
1560 176 112 32 32 0.293581
1560 272 112 32 32 1.715453
1560 384 112 32 32 0.234929
1560 384 128 32 32 3.009735
1560 384 136 32 32 2.202942
1560 392 112 32 32 3.079626
1560 392 128 32 32 4.317831
1560 392 136 32 32 3.164643
1560 400 112 32 32 0.348368
1560 408 136 32 32 2.417895
1560 408 144 32 32 5.196960
1560 408 152 32 32 5.796107
1560 14 98 28 28 0.558730
1560 112 98 28 28 1.373064
1560 112 112 28 28 4.074574
1560 119 112 28 28 1.721707
1560 126 112 28 28 2.153026
1560 126 119 28 28 2.777332
1560 126 126 28 28 4.097938
1560 126 133 28 28 0.632990
1560 154 112 28 28 0.571306
1560 336 119 28 28 4.348923
1560 336 126 28 28 2.684001
1560 357 119 28 28 0.367102
1560 357 126 28 28 2.342562
1560 357 133 28 28 3.065162
1560 0 84 24 24 8.333344
1560 96 102 24 24 7.540407
1560 96 108 24 24 8.025252
1560 96 114 24 24 0.948332
1560 102 102 24 24 2.709367
1560 102 108 24 24 6.434561
1560 102 114 24 24 1.754147
1560 108 114 24 24 1.178321
1560 144 114 24 24 0.124390
1560 480 192 24 24 4.007439
1560 480 198 24 24 1.416779
1560 486 192 24 24 3.384766
1560 486 198 24 24 0.908270
1560 492 192 24 24 3.434263
1560 492 198 24 24 2.026541
1590 256 16 64 64 0.044196
1590 441 153 36 36 1.578520
1590 450 144 36 36 0.835972
1590 450 153 36 36 5.622128
1590 450 162 36 36 3.138946
1590 459 144 36 36 3.955304
1590 459 153 36 36 3.559292
1590 459 162 36 36 3.423179
1590 24 128 32 32 1.124045
1590 24 136 32 32 1.052988
1590 128 112 32 32 3.304533
1590 128 128 32 32 7.192183
1590 128 136 32 32 3.466580
1590 136 112 32 32 2.694521
1590 136 128 32 32 5.061448
1590 144 112 32 32 4.628757
1590 144 128 32 32 2.586694
1590 272 112 32 32 1.161451
1590 384 136 32 32 0.096427
1590 119 119 28 28 0.439588
1590 126 112 28 28 1.204692
1590 126 119 28 28 0.800954
1590 154 119 28 28 0.638848
1590 154 126 28 28 5.908259
1590 154 133 28 28 4.061119
1590 168 126 28 28 0.092042
1590 343 119 28 28 4.798069
1590 343 126 28 28 4.251923
1590 350 119 28 28 1.489331
1590 350 126 28 28 2.719939
1590 357 119 28 28 0.510303
1590 455 112 28 28 1.711608
1590 455 119 28 28 1.130401
1590 132 114 24 24 3.997115
1590 480 192 24 24 2.819511
1590 480 198 24 24 0.812686
1590 486 192 24 24 3.371708
1590 486 198 24 24 1.177447
1590 492 192 24 24 3.781438
1590 492 198 24 24 3.302629
1590 498 102 24 24 1.374445
1590 498 108 24 24 0.833422
1590 498 192 24 24 2.741148
1590 498 198 24 24 3.538318
1620 256 16 64 64 1.011942
1620 272 48 64 64 2.357409
1620 288 48 64 64 2.904959
1620 352 48 64 64 2.006235
1620 27 126 36 36 0.674969
1620 128 112 32 32 4.494158
1620 264 112 32 32 1.149734
1620 384 152 32 32 1.067594
1620 392 144 32 32 2.160299
1620 400 136 32 32 3.710807
1620 400 144 32 32 6.309464
1620 408 144 32 32 3.697816
1620 0 133 28 28 0.524729
1620 112 112 28 28 7.097921
1620 112 119 28 28 8.658875
1620 119 112 28 28 8.854943
1620 119 119 28 28 7.900941
1620 126 112 28 28 5.551828
1620 126 119 28 28 5.537432
1620 126 126 28 28 0.632260
1620 154 119 28 28 1.242976
1620 231 112 28 28 0.227567
1620 238 112 28 28 0.637767
1620 238 119 28 28 0.321527
1620 336 112 28 28 1.433106
1620 336 119 28 28 3.693024
1620 336 126 28 28 0.071486
1620 343 119 28 28 0.887747
1620 343 126 28 28 1.422312
1620 462 98 28 28 2.477300
1620 469 98 28 28 3.404840
1620 0 84 24 24 4.971293
1620 6 84 24 24 3.570564
1620 12 84 24 24 1.898560
1620 12 96 24 24 1.533361
1620 12 102 24 24 0.277244
1620 12 108 24 24 0.716837
1620 12 114 24 24 0.753235
1620 18 84 24 24 3.109904
1620 480 102 24 24 3.173849
1620 480 108 24 24 0.886749
1620 486 102 24 24 2.441192
1620 486 108 24 24 1.645541
1650 272 48 64 64 0.447195
1650 288 48 64 64 3.739752
1650 352 16 64 64 2.998322
1650 352 32 64 64 4.949039
1650 352 48 64 64 3.065760
1650 432 126 36 36 2.355358
1650 432 144 36 36 7.741380
1650 432 153 36 36 0.666873
1650 441 144 36 36 2.652994
1650 24 128 32 32 1.027693
1650 128 112 32 32 0.626873
1650 136 112 32 32 0.324260
1650 256 112 32 32 1.140092
1650 384 136 32 32 2.252817
1650 112 112 28 28 1.957842
1650 112 119 28 28 2.738949
1650 154 112 28 28 2.703622
1650 154 119 28 28 3.186905
1650 168 112 28 28 0.856615
1650 168 119 28 28 0.003277
1650 224 112 28 28 3.268685
1650 224 119 28 28 3.823123
1650 231 112 28 28 1.638194
1650 231 119 28 28 2.430699
1650 336 112 28 28 2.102202
1650 336 119 28 28 5.236457
1650 336 126 28 28 5.505675
1650 343 119 28 28 0.586679
1650 343 126 28 28 4.388673
1650 357 126 28 28 0.635234
1650 455 119 28 28 1.195107
1650 96 114 24 24 2.350369
1650 102 114 24 24 2.242045
1650 486 96 24 24 3.514462
1650 492 96 24 24 3.815110
1650 498 96 24 24 3.940787
1650 498 102 24 24 2.049104
1650 498 192 24 24 0.650781
1680 432 126 36 36 0.425883
1680 128 112 32 32 1.903445
1680 136 112 32 32 3.469692
1680 144 112 32 32 4.876886
1680 384 112 32 32 0.747945
1680 119 119 28 28 0.278624
1680 119 126 28 28 0.890877
1680 126 126 28 28 0.277967
1680 126 133 28 28 0.015531
1680 154 112 28 28 0.757547
1680 154 119 28 28 6.186534
1680 154 126 28 28 2.948511
1680 224 119 28 28 0.554700
1680 231 119 28 28 0.153909
1680 336 112 28 28 0.917244
1680 343 126 28 28 4.974644
1680 343 133 28 28 4.310793
1680 350 126 28 28 3.338279
1680 350 133 28 28 3.927633
1680 492 12 24 24 0.008936
1680 492 18 24 24 2.161128
1680 492 84 24 24 1.533336
1680 498 12 24 24 1.498075
1680 498 18 24 24 1.031586
1680 498 108 24 24 0.599284
1710 352 16 64 64 2.775614
1710 352 32 64 64 0.382704
1710 128 112 32 32 1.805213
1710 408 112 32 32 0.565678
1710 112 126 28 28 0.084291
1710 112 133 28 28 0.077344
1710 224 119 28 28 2.723631
1710 231 119 28 28 1.045040
1710 343 126 28 28 0.491863
1710 350 119 28 28 3.591888
1710 350 126 28 28 5.462699
1710 350 133 28 28 5.689458
1710 357 119 28 28 1.655717
1710 357 126 28 28 6.656894
1710 357 133 28 28 6.739003
1740 32 0 64 64 1.460877
1740 272 32 64 64 1.643800
1740 272 48 64 64 0.064898
1740 288 32 64 64 0.290310
1740 288 48 64 64 1.630532
1740 352 16 64 64 1.930717
1740 0 126 36 36 2.352613
1740 9 126 36 36 2.449293
1740 18 126 36 36 2.445241
1740 459 126 36 36 2.234454
1740 0 128 32 32 2.938752
1740 0 136 32 32 2.730542
1740 8 112 32 32 0.711029
1740 8 128 32 32 2.032341
1740 8 136 32 32 2.761454
1740 16 128 32 32 1.528049
1740 16 136 32 32 1.912603
1740 24 128 32 32 1.509117
1740 24 136 32 32 2.072542
1740 136 112 32 32 5.977255
1740 144 112 32 32 4.183593
1740 7 119 28 28 0.921045
1740 154 126 28 28 1.017523
1740 357 126 28 28 0.195079
1770 0 16 64 64 0.735248
1770 16 0 64 64 0.308538
1770 16 16 64 64 4.864626
1770 16 32 64 64 2.247524
1770 32 16 64 64 3.363814
1770 32 32 64 64 2.315957
1770 288 18 36 36 0.151859
1770 441 9 36 36 3.932634
1770 441 18 36 36 5.367049
1770 441 144 36 36 0.771005
1770 450 144 36 36 1.438093
1770 128 112 32 32 2.991905
1770 136 112 32 32 2.550640
1770 126 119 28 28 0.339625
1770 336 119 28 28 1.412908
1770 343 119 28 28 1.871865
1770 350 119 28 28 0.269104
1770 357 119 28 28 0.201234
1770 384 84 24 24 0.980777
1770 390 84 24 24 1.514655
1770 396 84 24 24 2.254663
1770 402 84 24 24 3.059912
1770 498 0 24 24 0.511358
1770 498 12 24 24 2.935213
1770 498 18 24 24 0.575613
1800 352 0 64 64 0.283521
1800 408 24 48 48 0.306437
1800 408 36 48 48 3.599113
1800 420 24 48 48 0.166966
1800 420 36 48 48 2.266964
1800 408 24 48 48 0.306437
1800 408 36 48 48 3.599113
1800 420 24 48 48 0.166966
1800 420 36 48 48 2.266964
1800 441 9 36 36 0.128444
1800 441 18 36 36 0.019826
1800 450 18 36 36 1.628111
1800 128 112 32 32 0.943733
1800 0 133 28 28 1.494306
1800 7 133 28 28 2.686304
1800 112 119 28 28 5.168906
1800 112 126 28 28 7.233989
1800 119 119 28 28 4.651143
1800 119 126 28 28 5.551214
1800 126 119 28 28 1.771640
1800 126 126 28 28 3.279474
1800 154 126 28 28 0.392565
1800 336 112 28 28 2.127519
1800 336 119 28 28 1.997404
1800 343 112 28 28 3.735539
1800 343 119 28 28 4.020325
1800 350 112 28 28 3.186741
1800 350 119 28 28 2.499643
1800 357 112 28 28 4.081206
1800 357 119 28 28 0.251966
1800 448 119 28 28 3.789486
1800 288 18 24 24 1.154358
1800 306 18 24 24 0.817859
1830 32 16 64 64 3.010772
1830 48 16 64 64 2.119152
1830 408 144 32 32 1.876758
1830 408 152 32 32 2.054587
1830 112 119 28 28 3.935148
1830 238 119 28 28 0.021100
1830 238 126 28 28 0.527886
1830 336 112 28 28 0.408884
1830 343 112 28 28 2.044085
1830 350 112 28 28 3.326345
1830 357 112 28 28 2.893252
1830 390 0 24 24 4.250966
1830 390 6 24 24 3.137218
1830 390 12 24 24 0.386899
1830 396 0 24 24 4.497789
1830 396 6 24 24 5.376096
1830 396 12 24 24 1.035340
1830 402 0 24 24 1.785019
1830 402 6 24 24 2.939909
1830 480 0 24 24 2.060120
1830 492 18 24 24 1.809609
1830 498 18 24 24 0.886817
