30 33 154 44 44 1.403722
30 242 154 44 44 0.814931
30 264 154 44 44 1.716094
30 352 0 44 44 0.597956
30 363 0 44 44 4.155507
30 374 0 44 44 2.664439
30 385 0 44 44 4.700470
30 220 170 40 40 1.345507
30 9 126 36 36 0.103743
30 441 27 36 36 0.014009
30 8 112 32 32 0.152536
30 192 128 32 32 1.794147
30 0 126 28 28 0.009175
30 7 126 28 28 2.023984
30 7 133 28 28 2.408520
30 14 126 28 28 1.466914
30 14 133 28 28 1.106154
30 21 126 28 28 0.887095
30 154 98 28 28 1.457644
30 154 112 28 28 0.401824
30 168 98 28 28 4.326820
30 168 112 28 28 2.481932
30 168 126 28 28 0.192507
30 96 114 24 24 0.056979
30 96 210 24 24 2.939770
30 102 108 24 24 0.549622
30 102 210 24 24 0.914017
30 288 210 24 24 1.661253
30 294 210 24 24 2.437570
30 300 210 24 24 1.838544
30 306 210 24 24 0.738882
30 384 192 24 24 3.596343
30 384 198 24 24 3.373135
30 390 192 24 24 3.465667
30 390 198 24 24 2.776094
30 396 192 24 24 2.759266
30 402 192 24 24 0.014617
30 480 84 24 24 0.729297
30 498 192 24 24 0.439745
60 352 0 44 44 0.360779
60 363 0 44 44 2.592759
60 363 11 44 44 0.165314
60 374 0 44 44 2.034519
60 385 0 44 44 3.969112
60 240 160 40 40 0.770972
60 144 126 36 36 1.043134
60 432 126 36 36 3.079323
60 128 136 32 32 3.494705
60 128 144 32 32 4.800018
60 128 152 32 32 3.816672
60 136 136 32 32 0.447292
60 136 144 32 32 1.797972
60 136 152 32 32 2.815608
60 144 136 32 32 0.761195
60 144 144 32 32 1.034428
60 400 112 32 32 1.043665
60 408 112 32 32 3.035257
60 168 119 28 28 2.395825
60 168 126 28 28 4.702698
60 168 133 28 28 0.006287
60 384 198 24 24 0.147978
60 396 198 24 24 0.004266
60 402 192 24 24 0.210791
60 402 198 24 24 0.697187
90 33 154 44 44 1.857368
90 363 0 44 44 3.327034
90 374 0 44 44 2.222013
90 385 0 44 44 4.202500
90 10 170 40 40 1.285461
90 10 180 40 40 0.998130
90 10 190 40 40 1.373794
90 20 170 40 40 1.998290
90 20 180 40 40 3.993800
90 30 170 40 40 4.022425
90 30 180 40 40 2.922934
90 160 170 40 40 0.127048
90 160 180 40 40 1.508297
90 170 140 40 40 0.174868
90 170 160 40 40 2.504079
90 170 170 40 40 1.403118
90 180 140 40 40 2.140843
90 162 171 36 36 2.148235
90 288 126 36 36 2.269962
90 441 18 36 36 0.406245
90 441 27 36 36 0.011402
90 192 204 24 24 2.320371
90 192 210 24 24 4.691933
90 198 204 24 24 1.912721
90 198 210 24 24 3.235493
90 204 210 24 24 0.454903
90 210 192 24 24 0.243333
90 210 198 24 24 0.476603
90 210 204 24 24 1.166817
120 0 48 64 64 0.058296
120 16 48 64 64 2.788759
120 32 32 64 64 0.520314
120 363 0 44 44 3.241799
120 374 0 44 44 2.143613
120 385 0 44 44 4.279519
120 288 126 36 36 2.901137
120 441 18 36 36 0.268334
120 168 112 28 28 3.348631
120 168 119 28 28 0.064059
150 0 48 64 64 0.320240
150 16 48 64 64 0.674924
150 352 0 44 44 0.144724
150 363 0 44 44 3.821267
150 374 0 44 44 2.454458
150 385 0 44 44 5.083203
150 144 126 36 36 0.577894
150 288 126 36 36 1.980357
150 441 18 36 36 0.181892
150 168 112 28 28 2.634110
180 0 48 64 64 1.456578
180 16 48 64 64 1.465766
180 363 0 44 44 3.692693
180 374 0 44 44 2.321316
180 385 0 44 44 5.210440
180 144 126 36 36 1.068042
180 288 126 36 36 2.470894
180 441 18 36 36 0.488067
180 168 112 28 28 3.084032
210 16 48 64 64 0.186589
210 352 0 44 44 0.794510
210 363 0 44 44 3.887048
210 374 0 44 44 2.250487
210 385 0 44 44 4.660424
210 144 126 36 36 1.683535
210 288 126 36 36 1.869911
210 441 18 36 36 0.245488
210 24 152 32 32 0.557638
210 168 112 28 28 2.618891
210 168 119 28 28 0.666347
240 352 0 44 44 1.037650
240 363 0 44 44 4.108346
240 374 0 44 44 2.500232
240 385 0 44 44 4.501484
240 144 126 36 36 1.686485
240 288 126 36 36 1.767756
240 168 112 28 28 2.435849
240 168 119 28 28 1.035821
270 0 48 64 64 1.176996
270 16 48 64 64 1.934554
270 352 0 44 44 0.823923
270 363 0 44 44 3.540881
270 374 0 44 44 2.030542
270 385 0 44 44 4.643075
270 144 126 36 36 2.431747
270 288 126 36 36 1.865552
270 168 112 28 28 1.587950
270 168 119 28 28 1.283591
300 0 48 64 64 1.924634
300 16 48 64 64 1.924155
300 363 0 44 44 2.513443
300 374 0 44 44 1.998807
300 385 0 44 44 3.401387
300 27 144 36 36 3.093547
300 144 126 36 36 2.683580
300 288 126 36 36 2.033141
300 297 27 36 36 0.183803
330 0 48 64 64 1.716220
330 16 48 64 64 0.381580
330 352 32 64 64 0.045375
330 363 0 44 44 2.239526
330 374 0 44 44 2.281072
330 385 0 44 44 2.623351
330 9 144 36 36 1.344920
330 18 144 36 36 0.406415
330 288 126 36 36 1.959489
330 16 144 32 32 0.773585
330 16 152 32 32 1.343724
330 24 152 32 32 0.638252
330 144 128 32 32 0.661662
330 154 112 28 28 1.660375
330 154 119 28 28 0.962168
360 0 48 64 64 2.298890
360 363 0 44 44 1.021589
360 0 140 40 40 4.388822
360 30 140 40 40 3.007489
360 30 160 40 40 1.511264
360 0 144 36 36 4.472702
360 0 153 36 36 3.343885
360 9 144 36 36 2.834938
360 9 153 36 36 2.319497
360 27 153 36 36 0.945819
360 288 126 36 36 1.346294
360 297 18 36 36 1.718259
360 432 27 36 36 0.261277
360 441 27 36 36 0.082035
360 0 152 32 32 0.071047
360 8 144 32 32 0.657136
360 8 152 32 32 3.767740
360 16 152 32 32 1.436854
360 144 112 32 32 0.496242
360 154 112 28 28 0.247703
360 154 119 28 28 0.903960
360 12 192 24 24 0.772034
360 18 192 24 24 4.293293
390 11 154 44 44 1.602476
390 33 154 44 44 0.072216
390 0 140 40 40 1.323809
390 10 140 40 40 2.061943
390 10 160 40 40 2.374032
390 20 140 40 40 4.410731
390 20 160 40 40 3.665620
390 30 160 40 40 1.252782
390 9 153 36 36 0.208376
390 18 144 36 36 1.749390
390 18 153 36 36 4.280752
390 18 162 36 36 3.623397
390 18 171 36 36 2.051483
390 27 144 36 36 3.741297
390 27 153 36 36 6.406159
390 27 162 36 36 5.820579
390 27 171 36 36 3.730012
390 288 126 36 36 0.950975
390 432 18 36 36 0.124785
390 432 27 36 36 0.273395
390 441 9 36 36 0.431966
390 0 152 32 32 2.640944
390 24 152 32 32 0.489071
390 136 112 32 32 0.553130
390 280 128 32 32 1.229626
390 280 136 32 32 0.079779
390 280 144 32 32 1.350263
390 455 133 28 28 0.189970
390 0 192 24 24 1.048027
390 6 192 24 24 3.129710
420 0 140 40 40 3.186096
420 0 160 40 40 3.026490
420 10 160 40 40 0.172647
420 0 144 36 36 0.866972
420 0 153 36 36 3.102933
420 0 162 36 36 0.834077
420 9 144 36 36 4.261812
420 9 153 36 36 5.341389
420 9 162 36 36 5.375134
420 9 171 36 36 3.641972
420 18 162 36 36 1.053156
420 18 171 36 36 0.035013
420 288 9 36 36 1.635312
420 288 126 36 36 2.802626
420 297 9 36 36 0.157050
420 441 0 36 36 0.241329
420 441 18 36 36 0.888782
420 16 152 32 32 3.150625
420 128 112 32 32 0.825283
420 272 128 32 32 0.494416
420 280 128 32 32 1.864731
420 280 136 32 32 2.052713
420 280 144 32 32 2.492545
450 48 32 64 64 0.252789
450 30 140 40 40 3.088789
450 30 160 40 40 1.074559
450 0 162 36 36 1.252182
450 0 171 36 36 0.280540
450 288 0 36 36 0.451131
450 297 0 36 36 0.430855
450 432 18 36 36 0.235249
450 441 9 36 36 0.534865
450 441 18 36 36 0.367405
450 0 144 32 32 0.107208
450 0 152 32 32 3.285153
450 264 136 32 32 2.303270
450 264 144 32 32 1.485686
450 272 136 32 32 0.528315
450 272 144 32 32 1.374332
450 280 144 32 32 0.115293
450 126 112 28 28 3.226835
450 126 119 28 28 0.528659
450 12 192 24 24 4.844298
450 12 198 24 24 3.217563
450 18 192 24 24 3.011458
450 18 198 24 24 0.028283
480 20 140 40 40 2.389056
480 20 160 40 40 0.950839
480 30 140 40 40 3.093055
480 160 160 40 40 2.885741
480 170 160 40 40 0.498965
480 27 153 36 36 2.136403
480 27 162 36 36 2.043650
480 288 0 36 36 0.985444
480 306 144 36 36 0.921856
480 306 153 36 36 0.497413
480 315 144 36 36 0.683204
480 315 153 36 36 1.961222
480 432 9 36 36 3.214842
480 441 9 36 36 3.253878
480 450 9 36 36 1.860762
480 272 152 32 32 0.710769
480 280 152 32 32 0.277089
480 408 24 32 32 1.500155
480 119 112 28 28 1.861072
480 343 126 28 28 1.396456
480 343 133 28 28 4.230695
480 350 133 28 28 2.598701
480 0 192 24 24 1.070376
480 198 204 24 24 0.049191
480 288 192 24 24 3.209304
480 294 192 24 24 3.768121
510 0 168 48 48 1.697820
510 0 192 48 48 4.145678
510 0 204 48 48 4.006938
510 12 168 48 48 1.103498
510 12 192 48 48 0.915484
510 12 204 48 48 3.181018
510 24 204 48 48 1.630343
510 36 204 48 48 0.025791
510 0 168 48 48 1.697820
510 0 192 48 48 4.145678
510 0 204 48 48 4.006938
510 12 168 48 48 1.103498
510 12 192 48 48 0.915484
510 12 204 48 48 3.181018
510 24 204 48 48 1.630343
510 36 204 48 48 0.025791
510 0 187 44 44 0.994373
510 0 198 44 44 3.256442
510 0 209 44 44 3.831245
510 11 187 44 44 2.919826
510 11 198 44 44 4.015676
510 11 209 44 44 4.135407
510 22 187 44 44 3.228291
510 22 198 44 44 1.445164
510 22 209 44 44 2.354209
510 33 209 44 44 1.494048
510 20 190 40 40 2.501276
510 30 190 40 40 2.513949
510 432 0 36 36 0.219349
510 441 0 36 36 2.428534
510 450 0 36 36 2.452333
510 0 256 32 32 0.375556
510 24 256 32 32 1.331281
510 264 128 32 32 5.111226
510 264 136 32 32 4.789226
510 264 144 32 32 2.583826
510 272 128 32 32 2.085541
510 272 136 32 32 3.773865
510 272 144 32 32 2.881484
510 408 8 32 32 0.239567
510 238 126 28 28 3.231413
510 238 133 28 28 2.873891
510 245 126 28 28 2.662002
510 245 133 28 28 2.255031
510 336 126 28 28 3.547418
510 343 126 28 28 0.226468
510 350 126 28 28 1.312998
510 455 21 28 28 3.429130
510 462 21 28 28 3.483069
510 469 21 28 28 3.466830
510 132 102 24 24 2.044517
510 144 108 24 24 3.439461
510 144 114 24 24 3.122638
540 48 48 64 64 1.334192
540 256 32 64 64 0.188978
540 272 32 64 64 2.393643
540 10 140 40 40 0.088996
540 20 140 40 40 0.866733
540 18 153 36 36 2.115755
540 27 153 36 36 4.036596
540 27 162 36 36 2.456903
540 216 126 36 36 3.653781
540 441 0 36 36 0.415560
540 441 9 36 36 0.225021
540 450 0 36 36 1.240470
540 450 9 36 36 0.218580
540 192 128 32 32 2.767525
540 408 8 32 32 0.136333
540 336 133 28 28 1.637971
540 455 21 28 28 0.872543
540 462 21 28 28 1.054081
540 144 192 24 24 1.390054
570 256 32 64 64 3.228887
570 352 16 64 64 1.232855
570 170 140 40 40 1.803610
570 180 140 40 40 0.295696
570 162 153 36 36 1.531564
570 315 126 36 36 1.176356
570 128 128 32 32 1.917159
570 128 136 32 32 2.798021
570 136 128 32 32 2.020268
570 136 136 32 32 3.661787
570 144 128 32 32 0.696242
570 144 136 32 32 2.626037
570 176 144 32 32 0.038929
570 176 152 32 32 0.422174
570 408 112 32 32 2.257511
570 96 192 24 24 1.107095
570 96 198 24 24 0.703284
570 192 192 24 24 3.875355
570 198 192 24 24 3.400191
570 204 192 24 24 2.924865
570 210 192 24 24 3.569968
600 32 48 64 64 0.038278
600 352 16 64 64 3.711840
600 306 126 36 36 1.615319
600 441 9 36 36 0.228831
600 450 9 36 36 0.012131
600 448 126 28 28 0.575026
600 448 133 28 28 0.398853
600 0 192 24 24 1.528005
600 6 192 24 24 4.605317
600 6 198 24 24 2.272539
600 6 204 24 24 0.844897
600 6 210 24 24 1.042794
600 12 192 24 24 3.903690
600 12 198 24 24 3.216614
600 132 192 24 24 2.804720
600 144 192 24 24 5.887211
600 144 198 24 24 3.530937
630 256 48 64 64 0.083083
630 272 32 64 64 1.706690
630 272 48 64 64 1.013235
630 22 154 44 44 2.408648
630 33 154 44 44 3.590839
630 30 160 40 40 3.991731
630 30 170 40 40 0.637095
630 288 0 36 36 0.574061
630 297 0 36 36 0.691234
630 441 9 36 36 0.107654
630 0 144 32 32 0.527165
630 96 192 24 24 7.084266
630 96 198 24 24 6.247612
630 96 204 24 24 5.613141
630 96 210 24 24 2.150954
630 102 192 24 24 4.914669
630 102 198 24 24 5.731985
630 102 204 24 24 4.752595
660 0 154 44 44 3.898204
660 11 154 44 44 3.840625
660 22 154 44 44 3.091257
660 33 154 44 44 3.737767
660 0 160 40 40 6.112880
660 0 170 40 40 3.976875
660 10 140 40 40 3.279291
660 10 160 40 40 5.345339
660 10 170 40 40 3.598926
660 20 140 40 40 4.709851
660 20 160 40 40 4.848226
660 20 170 40 40 1.779586
660 30 160 40 40 4.739405
660 30 170 40 40 2.706141
660 0 171 36 36 2.072388
660 9 162 36 36 4.308097
660 9 171 36 36 6.486911
660 18 144 36 36 2.680375
660 18 153 36 36 0.723838
660 18 162 36 36 3.776289
660 18 171 36 36 5.337346
660 27 144 36 36 2.680850
660 27 153 36 36 2.446563
660 27 162 36 36 5.555017
660 27 171 36 36 4.082589
660 288 0 36 36 1.681971
660 297 0 36 36 1.469085
660 450 9 36 36 0.193080
660 408 136 32 32 0.355496
660 0 126 28 28 0.126131
660 102 192 24 24 0.917119
690 256 48 64 64 1.683491
690 272 48 64 64 1.048675
690 0 154 44 44 3.321306
690 0 160 40 40 4.637115
690 0 170 40 40 3.937731
690 0 180 40 40 0.027714
690 10 160 40 40 4.911115
690 10 170 40 40 2.759796
690 20 160 40 40 0.211697
690 320 140 40 40 2.659442
690 330 140 40 40 4.586826
690 340 140 40 40 3.376309
690 0 162 36 36 5.355601
690 0 171 36 36 4.625670
690 9 162 36 36 4.194506
690 9 171 36 36 6.131935
690 18 153 36 36 0.431726
690 18 162 36 36 3.859283
690 18 171 36 36 4.531228
690 27 162 36 36 1.950709
690 198 162 36 36 3.060519
690 288 0 36 36 0.947696
690 297 0 36 36 1.881810
690 441 9 36 36 1.015322
690 450 0 36 36 0.142280
690 450 9 36 36 0.544775
690 0 192 24 24 2.654020
690 0 198 24 24 2.212496
690 0 204 24 24 1.232988
690 0 210 24 24 1.890074
690 6 192 24 24 2.484784
690 6 198 24 24 1.942586
690 6 204 24 24 0.364849
690 12 192 24 24 2.755727
690 12 198 24 24 2.395781
690 12 204 24 24 1.557675
690 18 192 24 24 2.612693
690 18 198 24 24 3.449345
690 18 204 24 24 1.181917
690 18 210 24 24 0.666274
690 132 192 24 24 0.643301
690 132 198 24 24 0.453999
720 12 192 48 48 0.368914
720 24 192 48 48 0.265719
720 24 204 48 48 0.797331
720 36 204 48 48 1.833912
720 12 192 48 48 0.368914
720 24 192 48 48 0.265719
720 24 204 48 48 0.797331
720 36 204 48 48 1.833912
720 11 198 44 44 0.542419
720 11 209 44 44 1.903505
720 22 198 44 44 1.522350
720 22 209 44 44 0.802183
720 33 198 44 44 0.138543
720 33 209 44 44 1.384739
720 153 153 36 36 1.468124
720 153 162 36 36 2.660984
720 153 171 36 36 1.441518
720 441 0 36 36 0.600956
720 450 0 36 36 0.364051
720 112 133 28 28 3.183568
720 119 133 28 28 0.301705
720 448 112 28 28 0.824930
720 462 14 28 28 1.173050
720 469 21 28 28 2.141726
720 192 198 24 24 1.241098
720 390 18 24 24 2.705057
720 396 18 24 24 4.213469
720 402 18 24 24 0.477892
750 176 154 44 44 7.413449
750 187 154 44 44 3.430360
750 170 160 40 40 3.732386
750 180 160 40 40 8.792888
750 180 170 40 40 5.369431
750 180 180 40 40 1.164685
750 240 140 40 40 1.884460
750 198 162 36 36 4.088321
750 198 171 36 36 6.321127
750 288 126 36 36 3.474600
750 297 126 36 36 4.937979
750 306 126 36 36 3.261403
750 315 126 36 36 1.501741
750 264 144 32 32 2.985030
750 264 152 32 32 5.259145
750 272 144 32 32 2.140642
750 272 152 32 32 4.754649
750 280 144 32 32 1.181739
750 448 112 28 28 1.244281
750 455 14 28 28 0.602806
750 462 14 28 28 2.343298
750 469 14 28 28 1.709863
750 132 96 24 24 0.162434
750 132 102 24 24 3.597839
750 204 204 24 24 3.515582
750 204 210 24 24 4.014843
750 210 198 24 24 4.749386
750 210 204 24 24 6.332036
750 210 210 24 24 4.453149
750 390 18 24 24 2.685514
750 396 18 24 24 4.260775
750 396 96 24 24 0.395033
750 402 18 24 24 1.745299
750 402 102 24 24 1.489700
780 441 0 36 36 0.087595
780 24 112 32 32 2.076631
780 128 144 32 32 1.216830
780 128 152 32 32 4.767490
780 136 144 32 32 1.270255
780 136 152 32 32 3.691148
780 144 152 32 32 1.833071
780 256 144 32 32 1.327040
780 256 152 32 32 2.846814
780 264 128 32 32 4.599098
780 264 136 32 32 3.624959
780 264 144 32 32 3.799356
780 264 152 32 32 2.146947
780 272 128 32 32 2.102440
780 272 136 32 32 3.917053
780 272 144 32 32 3.979885
780 272 152 32 32 1.821549
780 280 136 32 32 1.248234
780 280 144 32 32 2.367049
780 0 98 28 28 0.112639
780 0 112 28 28 3.636553
780 0 119 28 28 0.951670
780 7 112 28 28 0.627829
780 448 112 28 28 0.222299
780 462 14 28 28 0.717835
780 469 21 28 28 0.409780
780 390 18 24 24 2.033805
780 396 18 24 24 3.966110
780 402 18 24 24 0.264121
780 402 108 24 24 0.418041
810 0 140 40 40 1.478043
810 10 140 40 40 3.303874
810 10 160 40 40 3.063719
810 30 140 40 40 0.806568
810 220 140 40 40 3.780874
810 240 140 40 40 0.820559
810 9 144 36 36 1.860398
810 9 153 36 36 1.859732
810 9 162 36 36 2.427021
810 18 144 36 36 4.536283
810 18 153 36 36 5.162433
810 18 162 36 36 6.815680
810 18 171 36 36 2.176056
810 27 144 36 36 0.812074
810 27 153 36 36 3.028665
810 27 162 36 36 3.597758
810 198 144 36 36 2.803160
810 198 153 36 36 4.208811
810 216 126 36 36 4.506225
810 216 144 36 36 2.592414
810 216 153 36 36 0.047409
810 24 152 32 32 3.360185
810 408 112 32 32 2.461850
810 245 98 28 28 0.777287
810 448 119 28 28 1.229447
810 455 21 28 28 0.528485
810 462 21 28 28 0.839725
840 408 112 32 32 4.372977
840 0 112 28 28 1.848557
840 0 119 28 28 2.307532
840 7 112 28 28 4.975891
840 7 119 28 28 4.376153
840 14 112 28 28 0.279983
840 14 119 28 28 0.596097
840 448 119 28 28 0.592800
840 96 192 24 24 1.650686
840 96 198 24 24 0.258923
840 102 192 24 24 1.831720
840 102 198 24 24 2.902145
840 108 192 24 24 0.569724
840 108 198 24 24 0.467165
840 192 114 24 24 0.090767
840 402 114 24 24 0.276488
870 32 48 64 64 0.946422
870 441 9 36 36 0.586405
870 408 112 32 32 3.235334
870 112 112 28 28 3.790745
870 112 119 28 28 0.628990
870 119 112 28 28 1.574484
870 448 126 28 28 2.244360
900 32 48 64 64 2.936353
900 48 16 64 64 0.134456
900 48 32 64 64 0.396805
900 48 48 64 64 1.690644
900 0 154 44 44 3.821818
900 11 154 44 44 2.911933
900 0 160 40 40 0.674599
900 10 160 40 40 3.255633
900 10 170 40 40 0.344084
900 20 160 40 40 1.537720
900 9 162 36 36 2.335529
900 9 171 36 36 0.978368
900 18 162 36 36 3.403053
900 18 171 36 36 2.009657
900 27 171 36 36 0.640192
900 408 112 32 32 2.464552
900 112 112 28 28 2.345852
900 112 119 28 28 0.657328
900 448 126 28 28 2.245183
900 396 114 24 24 0.410760
930 32 48 64 64 2.971485
930 48 16 64 64 0.351346
930 48 32 64 64 0.479397
930 48 48 64 64 1.919229
930 0 154 44 44 3.880137
930 11 154 44 44 3.044571
930 0 160 40 40 1.187861
930 10 160 40 40 3.513331
930 10 170 40 40 0.191231
930 20 160 40 40 0.698608
930 9 162 36 36 1.351611
930 9 171 36 36 2.210504
930 18 162 36 36 1.989862
930 18 171 36 36 2.636964
930 27 171 36 36 0.601606
930 441 18 36 36 0.606676
930 112 112 28 28 1.852198
930 112 119 28 28 0.288484
930 126 112 28 28 0.224187
930 448 126 28 28 1.515823
930 448 133 28 28 0.621819
960 32 48 64 64 2.963028
960 48 16 64 64 1.194298
960 48 32 64 64 0.582983
960 48 48 64 64 1.875957
960 0 154 44 44 3.043656
960 11 154 44 44 3.088758
960 0 160 40 40 0.955608
960 10 160 40 40 3.669701
960 10 170 40 40 0.894852
960 20 160 40 40 1.344657
960 9 171 36 36 2.539020
960 18 171 36 36 2.816261
960 441 18 36 36 0.145453
960 408 128 32 32 1.437956
960 112 112 28 28 1.668220
960 112 119 28 28 1.418753
960 448 126 28 28 0.293475
960 448 133 28 28 2.844934
960 455 133 28 28 0.525894
990 32 48 64 64 1.925432
990 48 16 64 64 0.328125
990 48 32 64 64 0.069347
990 48 48 64 64 1.105127
990 0 154 44 44 3.013445
990 11 154 44 44 2.249439
990 0 160 40 40 1.723066
990 10 160 40 40 3.615310
990 10 170 40 40 1.092200
990 9 162 36 36 0.091493
990 9 171 36 36 2.894438
990 18 171 36 36 2.885126
990 441 18 36 36 0.421788
990 408 112 32 32 1.388548
990 408 128 32 32 1.609426
990 112 112 28 28 0.966167
990 112 119 28 28 0.210099
990 448 133 28 28 4.092086
1020 32 48 64 64 2.244433
1020 48 16 64 64 0.872600
1020 48 32 64 64 0.270329
1020 48 48 64 64 1.822186
1020 256 48 64 64 0.088988
1020 0 154 44 44 3.691335
1020 11 154 44 44 2.897135
1020 0 160 40 40 1.379125
1020 10 160 40 40 3.508054
1020 10 170 40 40 2.111789
1020 20 170 40 40 0.240149
1020 9 171 36 36 3.028991
1020 18 171 36 36 2.821329
1020 450 18 36 36 0.194677
1020 112 112 28 28 3.122810
1020 112 119 28 28 2.298220
1020 112 126 28 28 0.218047
1020 119 112 28 28 1.197143
1020 448 119 28 28 2.222469
1020 448 126 28 28 0.898994
1020 448 133 28 28 0.065485
1050 0 48 64 64 3.706289
1050 352 48 64 64 0.558922
1050 12 168 48 48 0.939421
1050 12 168 48 48 0.939421
1050 0 154 44 44 0.025826
1050 11 154 44 44 5.020981
1050 22 154 44 44 4.177796
1050 10 160 40 40 1.400676
1050 20 140 40 40 3.188883
1050 20 160 40 40 6.692744
1050 20 170 40 40 3.567197
1050 20 180 40 40 0.363188
1050 30 140 40 40 2.256543
1050 30 160 40 40 4.082544
1050 30 170 40 40 2.822192
1050 30 180 40 40 0.518175
1050 27 153 36 36 2.844216
1050 27 162 36 36 7.050654
1050 27 171 36 36 7.956514
1050 231 112 28 28 0.287816
1050 238 112 28 28 0.525658
1080 256 16 64 64 0.755371
1080 256 32 64 64 3.281553
1080 256 48 64 64 0.845693
1080 272 0 64 64 0.210448
1080 272 16 64 64 1.929181
1080 272 32 64 64 3.118629
1080 272 48 64 64 3.625982
1080 288 16 64 64 0.622501
1080 288 32 64 64 2.142198
1080 288 48 64 64 1.104890
1080 33 154 44 44 1.793598
1080 385 154 44 44 2.907941
1080 320 140 40 40 1.125668
1080 320 160 40 40 5.235809
1080 320 170 40 40 1.459497
1080 320 180 40 40 0.732852
1080 330 160 40 40 3.110492
1080 330 170 40 40 1.749965
1080 330 180 40 40 0.599550
1080 340 160 40 40 1.382114
1080 340 170 40 40 2.414901
1080 144 144 36 36 2.934100
1080 144 153 36 36 2.457769
1080 306 162 36 36 0.806667
1080 306 171 36 36 1.435668
1080 315 153 36 36 2.237340
1080 315 162 36 36 7.426134
1080 315 171 36 36 11.759733
1080 432 171 36 36 0.258990
1080 144 144 32 32 3.561029
1080 144 152 32 32 2.998353
1110 36 216 48 48 0.974992
1110 216 168 48 48 3.114495
1110 264 168 48 48 2.633372
1110 408 168 48 48 3.249796
1110 36 216 48 48 0.974992
1110 216 168 48 48 3.114495
1110 264 168 48 48 2.633372
1110 408 168 48 48 3.249796
1110 242 154 44 44 1.383819
1110 242 176 44 44 6.732260
1110 242 187 44 44 7.593095
1110 242 198 44 44 6.761837
1110 242 209 44 44 2.447217
1110 264 176 44 44 5.983158
1110 264 187 44 44 3.456168
1110 352 154 44 44 3.531090
1110 363 154 44 44 2.805817
1110 385 187 44 44 3.976859
1110 160 170 40 40 1.198243
1110 160 180 40 40 0.821567
1110 220 160 40 40 0.942980
1110 240 140 40 40 0.184258
1110 240 160 40 40 5.966378
1110 240 170 40 40 2.068314
1110 240 180 40 40 4.564526
1110 240 190 40 40 6.624770
1110 350 160 40 40 0.792244
1110 350 170 40 40 0.646803
1110 153 171 36 36 1.051943
1110 162 162 36 36 0.253270
1110 162 171 36 36 4.402665
1110 432 153 36 36 0.268021
1110 448 224 28 28 3.983005
1110 448 231 28 28 2.321491
1110 448 238 28 28 0.899664
1110 455 224 28 28 0.013342
1110 455 231 28 28 1.550141
1110 455 238 28 28 0.018358
1110 198 204 24 24 1.584740
1110 198 210 24 24 0.922969
1110 288 192 24 24 0.497698
1110 288 198 24 24 3.266552
1110 288 204 24 24 0.522725
1110 384 204 24 24 2.220142
1110 384 210 24 24 4.405012
1110 390 204 24 24 1.505033
1110 390 210 24 24 2.691461
1110 396 210 24 24 0.152175
1110 498 192 24 24 0.497938
1140 420 204 48 48 1.154566
1140 420 216 48 48 1.054065
1140 420 204 48 48 1.154566
1140 420 216 48 48 1.054065
1140 11 198 44 44 0.125535
1140 22 198 44 44 0.420450
1140 33 198 44 44 0.686335
1140 154 224 28 28 3.655366
1140 154 231 28 28 2.669861
1140 204 192 24 24 0.259685
1140 210 192 24 24 0.012054
1140 402 210 24 24 1.111647
1140 486 192 24 24 1.663790
1140 486 198 24 24 2.263033
1140 492 192 24 24 0.697151
1140 492 198 24 24 2.698068
1140 498 198 24 24 1.313702
1140 498 204 24 24 2.370301
1170 420 216 48 48 0.442716
1170 420 216 48 48 0.442716
1170 180 170 40 40 1.190734
1170 180 180 40 40 0.463032
1170 112 0 28 28 0.176461
1170 112 7 28 28 4.395127
1170 112 14 28 28 4.198791
1170 96 0 24 24 3.098732
1170 102 0 24 24 0.691491
1170 102 6 24 24 0.949871
1170 108 6 24 24 3.332221
1170 132 192 24 24 2.353203
1170 210 192 24 24 1.421534
1170 210 198 24 24 0.506211
1200 264 168 48 48 1.257265
1200 396 168 48 48 1.677612
1200 264 168 48 48 1.257265
1200 396 168 48 48 1.677612
1200 264 176 44 44 1.950870
1200 297 171 36 36 1.128283
1200 306 171 36 36 1.787811
1200 128 128 32 32 0.477372
1200 136 128 32 32 0.994835
1200 144 112 32 32 2.113081
1200 176 136 32 32 1.083223
1200 192 136 32 32 3.389074
1200 192 144 32 32 2.259646
1200 126 119 28 28 2.388386
1200 126 126 28 28 1.547666
1200 154 119 28 28 0.990411
1200 154 126 28 28 1.042675
1200 238 112 28 28 2.415646
1200 245 112 28 28 1.676868
1200 306 0 24 24 3.944573
1200 306 6 24 24 0.288355
1230 256 32 64 64 2.090221
1230 256 48 64 64 3.731012
1230 272 16 64 64 3.337297
1230 272 32 64 64 3.361779
1230 272 48 64 64 3.942042
1230 288 48 64 64 2.878785
1230 288 126 36 36 1.479347
1230 297 126 36 36 3.164614
1230 306 126 36 36 1.076915
1230 315 126 36 36 2.586421
1230 315 144 36 36 0.458137
1230 16 128 32 32 1.300295
1230 256 112 32 32 1.225401
1230 256 136 32 32 0.990104
1230 264 136 32 32 0.094533
1230 384 136 32 32 0.695388
1230 384 144 32 32 2.972738
1230 384 152 32 32 0.476649
1230 245 112 28 28 2.399686
1230 245 119 28 28 4.876279
1230 306 96 24 24 3.820775
1230 384 0 24 24 1.105507
1230 402 114 24 24 1.518973
1260 256 0 64 64 4.828820
1260 256 16 64 64 5.178207
1260 256 32 64 64 4.212920
1260 256 48 64 64 0.780377
1260 272 0 64 64 2.440906
1260 272 16 64 64 4.307950
1260 272 32 64 64 3.792430
1260 272 48 64 64 1.125210
1260 288 0 64 64 3.163688
1260 288 16 64 64 3.664414
1260 288 32 64 64 3.150281
1260 288 48 64 64 1.517262
1260 352 32 64 64 3.072561
1260 352 48 64 64 3.755163
1260 350 140 40 40 3.283577
1260 432 126 36 36 0.930417
1260 441 126 36 36 1.060750
1260 450 144 36 36 0.134322
1260 450 153 36 36 0.804333
1260 459 144 36 36 1.775790
1260 459 153 36 36 1.564608
1260 459 171 36 36 0.744030
1260 144 112 32 32 2.969166
1260 384 144 32 32 1.129205
1260 384 152 32 32 0.925042
1260 392 144 32 32 3.628329
1260 392 152 32 32 4.244991
1260 154 112 28 28 3.403586
1260 154 119 28 28 5.946359
1260 336 21 28 28 2.362967
1260 343 21 28 28 0.884151
1260 343 112 28 28 1.003585
1260 343 119 28 28 5.122403
1260 343 126 28 28 3.335526
1260 343 133 28 28 1.241992
1260 350 119 28 28 0.181681
1260 455 98 28 28 1.727977
1260 384 192 24 24 1.496964
1260 390 192 24 24 1.980475
1260 396 192 24 24 0.896302
1290 16 32 64 64 0.640651
1290 16 48 64 64 2.915172
1290 32 32 64 64 0.390437
1290 32 48 64 64 1.895818
1290 48 16 64 64 0.778415
1290 48 32 64 64 3.008533
1290 256 16 64 64 1.244213
1290 256 32 64 64 1.400700
1290 272 16 64 64 2.955196
1290 272 32 64 64 4.316610
1290 272 48 64 64 0.023925
1290 288 16 64 64 1.899846
1290 288 32 64 64 1.541134
1290 330 20 40 40 0.449085
1290 330 140 40 40 1.080595
1290 340 10 40 40 0.615019
1290 340 20 40 40 1.038269
1290 340 140 40 40 2.406236
1290 432 18 36 36 1.055425
1290 459 27 36 36 0.006125
1290 128 112 32 32 3.543166
1290 136 112 32 32 1.285961
1290 400 24 32 32 2.745201
1290 408 24 32 32 4.458298
1290 408 136 32 32 1.315286
1290 126 126 28 28 0.583947
1290 384 18 24 24 0.507775
1320 0 16 64 64 3.839487
1320 0 32 64 64 9.192390
1320 0 48 64 64 5.572809
1320 16 16 64 64 4.205936
1320 16 32 64 64 7.424672
1320 16 48 64 64 3.110026
1320 32 16 64 64 0.285012
1320 32 32 64 64 1.617097
1320 48 32 64 64 1.923914
1320 272 32 64 64 3.502980
1320 288 16 64 64 4.430469
1320 288 32 64 64 8.341787
1320 288 48 64 64 2.087825
1320 352 0 64 64 0.145883
1320 352 16 64 64 1.205004
1320 352 32 64 64 2.544166
1320 352 0 44 44 2.330985
1320 363 0 44 44 0.588043
1320 363 22 44 44 0.297318
1320 363 33 44 44 1.656978
1320 374 154 44 44 2.178124
1320 385 154 44 44 0.248809
1320 432 0 36 36 4.202705
1320 432 9 36 36 6.621790
1320 432 18 36 36 3.186153
1320 441 9 36 36 3.983120
1320 441 126 36 36 0.867872
1320 450 126 36 36 0.640047
1320 192 8 32 32 0.478639
1320 384 8 32 32 0.381435
1320 384 16 32 32 7.400847
1320 384 24 32 32 7.789532
1320 392 16 32 32 3.635834
1320 392 24 32 32 3.223059
1320 112 7 28 28 0.322573
1320 112 133 28 28 2.576450
1320 119 14 28 28 0.362864
1320 119 133 28 28 1.944072
1320 126 14 28 28 0.470246
1320 238 126 28 28 1.243670
1320 245 126 28 28 1.071455
1320 350 14 28 28 0.270067
1320 350 133 28 28 4.024778
1320 357 126 28 28 1.036364
1320 357 133 28 28 5.333001
1320 402 6 24 24 1.089019
1320 402 12 24 24 0.259629
1350 0 16 64 64 3.052559
1350 0 32 64 64 5.631010
1350 0 48 64 64 1.416946
1350 16 32 64 64 3.723248
1350 16 48 64 64 1.269659
1350 288 16 64 64 3.675092
1350 288 32 64 64 5.961723
1350 352 16 64 64 1.701675
1350 352 32 64 64 1.606951
1350 374 11 44 44 0.334721
1350 18 162 36 36 0.134358
1350 450 9 36 36 0.609598
1350 459 126 36 36 1.718977
1350 384 8 32 32 0.279899
1350 384 16 32 32 1.849199
1350 392 8 32 32 1.359902
1350 392 16 32 32 2.995919
1350 392 24 32 32 3.052417
1350 400 8 32 32 1.241104
1350 400 16 32 32 3.021938
1350 400 24 32 32 0.098042
1350 231 133 28 28 5.387292
1350 238 133 28 28 3.457762
1350 245 133 28 28 0.036944
1350 350 0 28 28 0.268065
1350 350 7 28 28 1.376155
1350 357 7 28 28 2.205401
1350 96 18 24 24 0.056034
1350 102 12 24 24 0.652118
1350 108 12 24 24 0.411053
1350 108 18 24 24 0.585665
1350 204 102 24 24 1.251740
1350 204 108 24 24 3.165510
1350 210 102 24 24 0.805248
1350 210 108 24 24 3.552508
1350 288 18 24 24 0.078202
1350 294 18 24 24 1.787503
1350 300 18 24 24 0.512854
1350 384 114 24 24 1.062712
1380 0 32 64 64 3.476156
1380 0 48 64 64 4.588642
1380 16 32 64 64 2.581103
1380 16 48 64 64 3.430674
1380 32 48 64 64 1.630830
1380 288 16 64 64 0.824742
1380 288 32 64 64 7.992493
1380 288 48 64 64 5.786930
1380 352 32 64 64 1.770904
1380 384 168 48 48 1.745681
1380 384 168 48 48 1.745681
1380 374 0 44 44 1.570510
1380 374 11 44 44 0.645398
1380 374 22 44 44 0.284084
1380 384 16 32 32 2.447459
1380 384 24 32 32 3.038609
1380 392 16 32 32 2.069197
1380 392 24 32 32 4.465212
1380 400 8 32 32 0.089625
1380 400 16 32 32 3.437056
1380 400 24 32 32 5.918226
1380 408 24 32 32 0.930358
1380 336 7 28 28 0.273088
1380 343 14 28 28 0.082251
1380 350 14 28 28 0.123242
1380 350 21 28 28 1.071865
1380 357 14 28 28 0.997376
1380 357 21 28 28 1.708144
1380 462 119 28 28 0.447199
1380 462 126 28 28 4.327434
1380 462 133 28 28 5.413022
1380 469 126 28 28 5.742190
1380 469 133 28 28 8.036184
1380 204 114 24 24 0.224295
1380 210 114 24 24 0.893547
1410 0 32 64 64 2.691417
1410 0 48 64 64 5.207386
1410 16 48 64 64 2.687377
1410 32 48 64 64 0.969880
1410 288 32 64 64 0.493599
1410 288 48 64 64 3.427527
1410 352 0 64 64 0.273452
1410 352 16 64 64 1.634277
1410 352 32 64 64 4.866748
1410 352 48 64 64 5.434822
1410 374 0 44 44 0.611307
1410 272 16 32 32 1.274202
1410 272 24 32 32 0.434834
1410 280 16 32 32 0.617852
1410 384 24 32 32 1.054083
1410 392 16 32 32 2.061665
1410 392 24 32 32 1.840786
1410 400 16 32 32 0.971062
1410 400 24 32 32 0.960395
1410 400 144 32 32 0.247423
1410 400 152 32 32 0.236121
1410 350 21 28 28 0.312047
1410 357 21 28 28 0.599950
1410 448 126 28 28 1.665200
1410 448 133 28 28 7.385221
1410 455 126 28 28 4.459703
1410 455 133 28 28 9.247123
1410 462 133 28 28 0.615367
1410 0 192 24 24 4.136750
1410 6 192 24 24 0.525000
1410 288 192 24 24 0.903928
1440 0 32 64 64 1.504827
1440 0 48 64 64 5.508374
1440 16 48 64 64 1.413944
1440 288 32 64 64 3.431986
1440 288 48 64 64 4.870365
1440 352 32 64 64 4.197519
1440 352 48 64 64 5.396834
1440 384 168 48 48 0.664530
1440 384 168 48 48 0.664530
1440 385 154 44 44 1.837230
1440 9 162 36 36 3.749671
1440 9 171 36 36 2.021340
1440 400 152 32 32 0.144063
1440 408 144 32 32 0.850752
1440 408 152 32 32 0.543716
1440 350 21 28 28 1.742270
1440 357 21 28 28 1.284720
1440 18 192 24 24 0.550600
1440 288 192 24 24 0.666800
1470 0 48 64 64 4.720518
1470 16 48 64 64 2.721731
1470 288 32 64 64 4.731730
1470 288 48 64 64 4.989773
1470 352 0 64 64 1.596566
1470 352 32 64 64 0.433199
1470 352 48 64 64 1.050030
1470 396 168 48 48 0.406103
1470 396 168 48 48 0.406103
1470 385 187 44 44 0.661576
1470 432 9 36 36 2.124443
1470 441 9 36 36 2.613229
1470 441 144 36 36 3.026601
1470 384 24 32 32 0.175567
1470 343 7 28 28 0.128188
1470 343 14 28 28 0.962784
1470 343 21 28 28 1.859141
1470 350 7 28 28 0.705731
1470 350 14 28 28 1.079828
1470 350 21 28 28 1.696194
1470 357 14 28 28 0.238488
1500 0 48 64 64 3.179456
1500 272 48 64 64 4.076237
1500 288 32 64 64 0.925252
1500 288 48 64 64 4.038116
1500 352 32 64 64 3.099651
1500 352 48 64 64 3.001561
1500 320 0 40 40 1.477208
1500 330 140 40 40 2.256172
1500 340 140 40 40 0.382353
1500 392 128 32 32 0.419597
1500 392 136 32 32 0.197899
1500 392 144 32 32 0.512276
1500 392 152 32 32 3.877897
1500 400 128 32 32 4.023862
1500 400 136 32 32 3.009242
1500 400 144 32 32 1.613749
1500 400 152 32 32 2.110278
1500 408 112 32 32 0.818108
1500 408 128 32 32 5.141944
1500 408 136 32 32 2.751075
1500 408 144 32 32 0.798808
1500 408 152 32 32 0.233703
1500 350 133 28 28 1.608038
1500 357 133 28 28 0.088741
1500 486 0 24 24 1.926475
1500 492 192 24 24 4.217981
1500 498 192 24 24 4.690790
1500 498 198 24 24 0.006874
1530 256 48 64 64 4.487149
1530 272 48 64 64 4.605782
1530 288 48 64 64 0.878343
1530 374 154 44 44 3.041699
1530 385 154 44 44 2.193459
1530 20 140 40 40 4.760881
1530 30 140 40 40 5.574909
1530 320 0 40 40 0.067482
1530 320 10 40 40 0.757071
1530 320 140 40 40 4.875169
1530 340 20 40 40 1.113561
1530 18 144 36 36 0.724884
1530 27 144 36 36 6.314433
1530 27 153 36 36 1.536627
1530 288 0 36 36 1.167316
1530 297 0 36 36 0.211694
1530 306 0 36 36 0.283912
1530 315 0 36 36 0.176854
1530 315 126 36 36 2.283482
1530 315 144 36 36 3.942724
1530 336 133 28 28 1.497873
1530 343 133 28 28 1.762461
1530 462 231 28 28 1.704993
1530 469 224 28 28 0.987466
1530 469 231 28 28 1.625248
1530 402 204 24 24 2.103518
1530 402 210 24 24 0.960640
1560 256 48 64 64 5.839913
1560 272 48 64 64 4.641541
1560 288 48 64 64 0.702043
1560 384 168 48 48 1.597111
1560 384 168 48 48 1.597111
1560 374 154 44 44 2.640240
1560 374 176 44 44 0.475904
1560 374 187 44 44 3.610176
1560 374 198 44 44 2.141571
1560 385 154 44 44 2.331736
1560 385 176 44 44 1.600091
1560 385 187 44 44 4.078099
1560 385 198 44 44 2.314102
1560 0 180 40 40 0.429939
1560 20 140 40 40 3.825415
1560 30 140 40 40 8.101275
1560 320 140 40 40 5.222685
1560 27 144 36 36 4.217562
1560 27 153 36 36 3.174154
1560 315 0 36 36 1.342315
1560 315 126 36 36 0.822996
1560 315 144 36 36 5.765215
1560 400 256 32 32 0.700957
1560 408 256 32 32 2.815960
1560 343 133 28 28 1.244148
1560 402 204 24 24 0.020562
1590 0 48 64 64 5.085050
1590 16 48 64 64 2.928957
1590 32 48 64 64 0.605192
1590 272 48 64 64 1.830482
1590 288 48 64 64 3.053675
1590 22 154 44 44 0.283920
1590 363 0 44 44 3.739333
1590 363 11 44 44 2.041837
1590 30 170 40 40 1.046466
1590 330 140 40 40 5.753359
1590 340 140 40 40 9.604261
1590 306 0 36 36 0.405356
1590 343 14 28 28 0.655486
1590 350 14 28 28 0.533501
1590 350 21 28 28 0.045053
1590 357 14 28 28 0.869977
1590 357 21 28 28 0.263696
1590 357 133 28 28 1.470534
1590 469 112 28 28 1.977332
1590 12 198 24 24 0.482461
1620 48 48 64 64 1.849805
1620 352 48 64 64 1.140571
1620 420 0 48 48 1.690912
1620 420 12 48 48 0.305862
1620 420 0 48 48 1.690912
1620 420 12 48 48 0.305862
1620 144 144 36 36 5.918304
1620 432 0 36 36 0.538375
1620 441 9 36 36 2.239089
1620 441 18 36 36 2.594429
1620 441 27 36 36 3.054110
1620 450 18 36 36 0.971430
1620 450 27 36 36 1.379136
1620 128 144 32 32 1.188049
1620 128 152 32 32 1.924705
1620 136 24 32 32 0.828978
1620 136 136 32 32 0.087659
1620 136 144 32 32 3.237293
1620 136 152 32 32 4.191397
1620 144 24 32 32 3.181568
1620 144 144 32 32 2.567461
1620 144 152 32 32 4.772346
1620 272 24 32 32 0.047860
1620 408 0 32 32 0.202838
1620 408 8 32 32 0.039074
1620 408 128 32 32 0.826544
1620 408 144 32 32 1.355570
1620 408 152 32 32 3.081944
1620 154 133 28 28 0.325449
1620 336 21 28 28 0.446675
1620 0 192 24 24 1.674217
1620 132 204 24 24 2.317741
1620 132 210 24 24 1.865024
1620 390 18 24 24 0.064148
1650 0 153 36 36 3.216833
1650 144 126 36 36 3.250537
1650 153 126 36 36 3.182147
1650 162 126 36 36 3.792064
1650 176 136 32 32 0.209922
1650 256 16 32 32 1.976276
1650 256 24 32 32 1.047846
1650 256 144 32 32 3.184498
1650 256 152 32 32 6.331451
1650 264 152 32 32 4.022604
1650 384 16 32 32 0.987013
1650 384 24 32 32 0.777680
1650 448 21 28 28 2.218609
1650 6 192 24 24 1.342818
1650 12 192 24 24 3.665797
1650 18 192 24 24 2.580837
1650 498 18 24 24 1.198128
1680 352 32 64 64 3.046019
1680 352 48 64 64 5.923334
1680 144 126 36 36 2.510705
1680 153 126 36 36 4.725485
1680 162 126 36 36 2.186858
1680 0 136 32 32 1.592242
1680 144 136 32 32 2.009695
1680 176 136 32 32 1.679366
1680 264 0 32 32 0.469549
1680 448 21 28 28 0.303261
1710 352 32 64 64 4.675836
1710 352 48 64 64 3.222950
1710 144 126 36 36 0.962602
1710 162 126 36 36 0.125764
1710 144 136 32 32 2.538495
1710 144 144 32 32 0.890303
1710 384 136 32 32 0.413088
1710 384 144 32 32 2.731308
1710 392 128 32 32 1.548965
1710 392 136 32 32 3.898948
1710 392 144 32 32 2.009256
1710 400 128 32 32 2.391613
1710 400 136 32 32 4.372726
1710 400 144 32 32 3.485920
1710 408 136 32 32 2.799613
1710 408 144 32 32 2.074722
1740 272 48 64 64 1.017817
1740 288 32 64 64 0.409131
1740 288 48 64 64 4.988833
1740 330 140 40 40 0.271069
1740 198 162 36 36 1.345816
1740 441 144 36 36 1.110197
1740 450 126 36 36 1.250281
1740 450 144 36 36 4.632959
1740 450 153 36 36 2.521400
1740 450 162 36 36 3.394817
1740 459 126 36 36 5.621130
1740 459 144 36 36 2.085040
1740 459 153 36 36 2.237495
1740 459 162 36 36 0.351135
1740 128 152 32 32 0.563422
1740 102 0 24 24 3.261573
1740 108 0 24 24 2.754589
1740 192 84 24 24 2.076012
1740 198 84 24 24 1.371397
1770 288 48 64 64 2.978523
1770 220 140 40 40 3.647600
1770 330 140 40 40 5.510552
1770 330 160 40 40 4.417683
1770 340 140 40 40 1.637614
1770 216 144 36 36 0.591950
1770 216 153 36 36 2.032399
1770 441 153 36 36 1.428638
1770 450 153 36 36 4.317080
1770 459 144 36 36 0.210852
1770 459 153 36 36 2.915607
1770 0 192 24 24 4.761016
1770 6 192 24 24 2.024472
1770 6 198 24 24 1.068760
1770 96 192 24 24 4.579386
1770 102 192 24 24 5.247877
1770 108 192 24 24 1.547779
1770 132 192 24 24 0.185864
1770 210 192 24 24 1.762625
1770 390 192 24 24 0.126775
1770 396 192 24 24 0.437822
1770 402 192 24 24 0.728349
1770 402 198 24 24 0.093062
1770 486 192 24 24 3.191498
1770 486 198 24 24 0.243175
1770 492 192 24 24 1.038276
1800 0 140 40 40 4.522077
1800 10 140 40 40 3.542322
1800 20 140 40 40 0.171571
1800 240 140 40 40 0.135273
1800 330 140 40 40 0.514018
1800 340 140 40 40 0.914902
1800 350 140 40 40 1.678300
1800 0 144 36 36 1.620050
1800 0 153 36 36 5.007272
1800 0 162 36 36 2.920306
1800 9 144 36 36 3.989822
1800 9 153 36 36 4.953182
1800 9 162 36 36 1.739012
1800 18 144 36 36 1.371920
1800 18 153 36 36 4.503041
1800 18 162 36 36 3.206341
1800 27 153 36 36 2.662887
1800 27 162 36 36 0.996261
1800 144 153 36 36 2.738462
1800 144 162 36 36 0.568439
1800 153 144 36 36 2.167212
1800 153 153 36 36 3.339139
1800 153 162 36 36 3.256968
1800 162 153 36 36 2.850383
1800 162 162 36 36 3.670517
1800 216 153 36 36 0.166427
1800 288 162 36 36 5.077500
1800 288 171 36 36 1.102254
1800 297 162 36 36 0.181820
1800 297 171 36 36 0.434007
1800 16 152 32 32 1.758938
1800 24 152 32 32 1.695070
1800 136 152 32 32 3.888767
1800 144 144 32 32 0.178325
1800 144 152 32 32 0.101927
1800 12 192 24 24 2.102130
1800 18 192 24 24 8.703584
1800 18 198 24 24 0.673541
1800 132 192 24 24 0.284839
1800 144 192 24 24 3.065703
1800 192 192 24 24 2.054369
1800 192 198 24 24 1.574068
1800 192 204 24 24 0.397718
1800 192 210 24 24 0.376558
1800 198 192 24 24 2.896781
1800 198 198 24 24 2.541073
1800 288 198 24 24 1.936063
1830 0 32 64 64 0.597628
1830 384 0 48 48 0.914217
1830 396 0 48 48 0.858779
1830 396 12 48 48 0.393688
1830 408 12 48 48 0.083777
1830 408 36 48 48 1.277033
1830 420 24 48 48 0.669728
1830 384 0 48 48 0.914217
1830 396 0 48 48 0.858779
1830 396 12 48 48 0.393688
1830 408 12 48 48 0.083777
1830 408 36 48 48 1.277033
1830 420 24 48 48 0.669728
1830 352 0 44 44 6.844795
1830 352 11 44 44 7.316937
1830 352 22 44 44 2.452024
1830 363 0 44 44 2.051822
1830 363 11 44 44 2.709016
1830 363 22 44 44 0.822037
1830 385 22 44 44 0.857848
1830 350 10 40 40 1.411197
1830 350 20 40 40 3.519454
1830 350 30 40 40 1.298172
1830 450 162 36 36 0.714477
1830 459 171 36 36 2.142699
1830 176 8 32 32 0.906003
1830 256 0 32 32 4.980536
1830 256 8 32 32 1.226645
1830 264 0 32 32 5.865016
1830 264 8 32 32 3.352231
1830 272 0 32 32 7.351273
1830 272 8 32 32 7.397570
1830 272 16 32 32 2.467222
1830 280 0 32 32 2.983096
1830 280 8 32 32 3.399275
1830 280 16 32 32 2.430691
1830 336 14 28 28 1.162458
1830 343 14 28 28 0.276104
1830 350 14 28 28 0.179483
1830 390 84 24 24 0.321402
