30 16 48 64 64 0.030459
30 48 16 64 64 0.406899
30 48 32 64 64 2.106431
30 352 16 64 64 0.570733
30 0 126 36 36 2.441559
30 9 126 36 36 0.381495
30 18 126 36 36 4.570691
30 27 126 36 36 1.832894
30 0 136 32 32 0.498916
30 0 144 32 32 2.986648
30 16 144 32 32 1.440037
30 24 128 32 32 1.182552
30 24 136 32 32 2.172887
30 192 128 32 32 0.413171
30 384 112 32 32 1.267213
30 384 128 32 32 0.838582
30 400 112 32 32 1.383319
30 408 112 32 32 3.163340
30 408 128 32 32 3.030637
30 408 136 32 32 1.592083
30 245 126 28 28 0.930598
30 336 133 28 28 1.468576
30 343 133 28 28 1.087280
30 350 133 28 28 1.768738
60 48 16 64 64 0.253990
60 48 32 64 64 3.196110
60 288 32 64 64 1.371309
60 352 16 64 64 1.334019
60 384 36 48 48 0.773148
60 384 36 48 48 0.773148
60 0 126 36 36 0.933279
60 9 126 36 36 5.099100
60 18 126 36 36 3.408662
60 297 126 36 36 2.197459
60 306 126 36 36 0.307348
60 315 126 36 36 2.781934
60 459 126 36 36 3.794440
60 16 128 32 32 1.347278
60 16 136 32 32 2.388067
60 24 136 32 32 3.318798
60 192 136 32 32 0.744113
60 384 112 32 32 3.437907
60 384 128 32 32 1.183548
60 392 112 32 32 4.797983
60 400 112 32 32 7.275916
60 400 128 32 32 1.192175
60 408 112 32 32 5.475079
60 408 128 32 32 0.920909
60 21 133 28 28 1.049001
60 238 133 28 28 1.426565
60 336 133 28 28 2.569170
60 343 133 28 28 1.926122
60 448 119 28 28 0.382713
60 455 119 28 28 2.351792
60 462 119 28 28 0.136176
60 492 96 24 24 0.223537
90 32 16 64 64 1.714265
90 48 16 64 64 2.433430
90 48 32 64 64 3.166906
90 256 0 64 64 0.375698
90 272 16 64 64 1.397926
90 288 16 64 64 2.892031
90 352 16 64 64 0.822562
90 384 168 48 48 1.497580
90 396 168 48 48 0.715204
90 384 168 48 48 1.497580
90 396 168 48 48 0.715204
90 374 176 44 44 1.757262
90 385 176 44 44 1.892081
90 160 190 40 40 2.977155
90 0 126 36 36 5.208871
90 9 126 36 36 2.602607
90 162 162 36 36 0.546491
90 306 126 36 36 3.174883
90 315 126 36 36 3.174317
90 8 136 32 32 0.627066
90 16 136 32 32 1.917388
90 176 128 32 32 1.750618
90 176 136 32 32 0.888636
90 176 144 32 32 1.914536
90 176 152 32 32 0.927375
90 192 128 32 32 3.951177
90 192 136 32 32 0.492504
90 392 112 32 32 1.174757
90 392 128 32 32 1.066164
90 400 112 32 32 2.060111
90 400 128 32 32 5.252757
90 408 128 32 32 3.865585
90 14 133 28 28 0.311000
90 21 133 28 28 2.934573
90 126 231 28 28 0.047669
90 126 238 28 28 0.170044
90 336 126 28 28 4.220462
90 336 133 28 28 1.723853
90 343 119 28 28 0.564879
90 343 126 28 28 3.525106
90 343 133 28 28 1.242184
90 210 0 24 24 1.500294
120 32 32 64 64 2.684579
120 32 48 64 64 2.283630
120 48 32 64 64 1.032653
120 48 48 64 64 0.386129
120 352 16 64 64 0.478667
120 352 32 64 64 1.303336
120 160 140 40 40 0.288118
120 170 140 40 40 3.055021
120 180 140 40 40 3.222487
120 0 126 36 36 2.893412
120 198 144 36 36 0.270108
120 198 153 36 36 1.059822
120 288 126 36 36 4.074254
120 297 126 36 36 1.129300
120 306 126 36 36 3.965893
120 306 144 36 36 1.138455
120 315 126 36 36 5.097260
120 0 128 32 32 2.967172
120 0 144 32 32 0.971988
120 8 128 32 32 1.489746
120 8 136 32 32 1.615950
120 8 144 32 32 3.133567
120 192 152 32 32 3.703751
120 280 136 32 32 1.340788
120 384 128 32 32 1.501737
120 392 112 32 32 0.263856
120 392 128 32 32 3.310310
120 400 128 32 32 2.999125
120 400 136 32 32 3.932880
120 408 136 32 32 2.220558
120 7 133 28 28 0.462377
120 14 133 28 28 2.798883
120 204 0 24 24 2.648889
120 210 0 24 24 2.423792
120 210 192 24 24 0.567004
150 16 32 64 64 0.535713
150 16 48 64 64 0.086501
150 32 32 64 64 2.681306
150 32 48 64 64 1.665528
150 48 32 64 64 0.039858
150 220 140 40 40 1.073581
150 240 140 40 40 5.068254
150 162 126 36 36 0.996660
150 288 144 36 36 0.474085
150 297 126 36 36 0.835516
150 297 144 36 36 0.166078
150 306 126 36 36 3.078574
150 306 144 36 36 1.400892
150 315 126 36 36 2.131049
150 0 112 32 32 1.881224
150 176 136 32 32 0.236186
150 176 144 32 32 2.431251
150 256 136 32 32 0.756956
150 256 152 32 32 2.827209
150 264 136 32 32 0.451079
150 264 144 32 32 0.246929
150 264 152 32 32 2.570684
150 272 136 32 32 2.553012
150 272 144 32 32 0.647547
150 272 152 32 32 0.847243
150 280 128 32 32 2.923565
150 280 136 32 32 3.704961
150 384 112 32 32 0.742713
150 384 128 32 32 3.603025
150 384 136 32 32 3.062140
150 392 128 32 32 2.356824
150 392 136 32 32 4.692894
150 392 144 32 32 2.090629
150 400 136 32 32 4.828590
150 400 144 32 32 4.266208
150 408 136 32 32 3.457229
150 408 144 32 32 5.189408
150 0 119 28 28 0.604036
150 0 126 28 28 3.784581
150 0 133 28 28 5.138956
150 0 245 28 28 1.270926
150 7 119 28 28 1.435703
150 7 126 28 28 6.657858
150 7 133 28 28 6.361539
150 14 126 28 28 0.415604
150 14 133 28 28 3.318008
150 21 126 28 28 0.913444
150 21 133 28 28 2.092107
150 108 96 24 24 1.904724
150 192 0 24 24 1.105867
150 198 0 24 24 4.313124
150 204 0 24 24 2.830152
150 210 0 24 24 4.095752
180 16 32 64 64 0.881541
180 16 48 64 64 1.808373
180 32 32 64 64 2.298261
180 32 48 64 64 1.463502
180 288 48 64 64 0.503070
180 0 140 40 40 2.608478
180 10 140 40 40 0.078267
180 0 144 36 36 2.042835
180 9 144 36 36 2.489982
180 9 153 36 36 0.524999
180 162 126 36 36 0.243290
180 288 126 36 36 1.220432
180 288 144 36 36 2.293056
180 288 153 36 36 0.933137
180 297 126 36 36 1.050738
180 297 144 36 36 4.077850
180 297 153 36 36 5.505256
180 297 162 36 36 2.507282
180 306 126 36 36 0.539287
180 306 144 36 36 4.880848
180 306 153 36 36 5.597493
180 306 162 36 36 3.355946
180 315 144 36 36 4.462233
180 315 153 36 36 3.051400
180 0 152 32 32 0.294371
180 176 136 32 32 2.222986
180 176 144 32 32 0.974770
180 272 136 32 32 0.730029
180 272 144 32 32 1.792389
180 280 128 32 32 0.760065
180 280 136 32 32 0.535792
180 280 144 32 32 1.931907
180 280 152 32 32 0.155982
180 384 136 32 32 0.823666
180 400 136 32 32 3.095519
180 400 144 32 32 0.783012
180 408 112 32 32 1.935278
180 408 128 32 32 0.109785
180 408 136 32 32 4.999594
180 408 144 32 32 7.701153
180 408 152 32 32 0.566055
180 0 133 28 28 1.434425
180 102 96 24 24 0.477503
180 192 0 24 24 3.179522
180 198 0 24 24 3.944897
180 204 0 24 24 3.012750
180 210 0 24 24 2.608223
210 352 32 64 64 0.684161
210 0 160 40 40 2.863377
210 0 170 40 40 2.124243
210 10 140 40 40 0.885971
210 350 140 40 40 1.647183
210 0 162 36 36 1.021665
210 0 171 36 36 4.406966
210 9 162 36 36 2.698911
210 9 171 36 36 3.916111
210 18 171 36 36 1.389680
210 162 126 36 36 1.491504
210 288 126 36 36 1.636348
210 288 144 36 36 1.445580
210 297 126 36 36 2.027000
210 297 144 36 36 4.189276
210 297 153 36 36 2.506567
210 306 144 36 36 3.651216
210 459 126 36 36 0.496276
210 176 136 32 32 0.870888
210 176 144 32 32 0.860093
210 264 136 32 32 1.107911
210 264 144 32 32 0.728357
210 272 136 32 32 2.667456
210 272 144 32 32 2.376564
210 280 128 32 32 1.912850
210 280 136 32 32 4.114652
210 280 144 32 32 2.304455
210 280 152 32 32 1.642962
210 384 144 32 32 0.412873
210 384 152 32 32 2.154052
210 408 112 32 32 1.906365
210 408 144 32 32 3.226451
210 408 152 32 32 0.877926
210 102 96 24 24 0.414775
210 102 192 24 24 1.436031
210 108 192 24 24 0.293283
210 192 0 24 24 5.748560
210 198 0 24 24 4.748159
210 204 0 24 24 4.380622
210 210 0 24 24 3.161516
210 384 192 24 24 4.537967
210 384 198 24 24 1.715959
210 384 204 24 24 0.215726
210 390 192 24 24 5.740613
210 390 198 24 24 2.053569
210 396 192 24 24 4.945436
210 402 192 24 24 3.517970
210 480 6 24 24 0.222912
240 0 140 40 40 2.162755
240 0 144 36 36 0.232713
240 162 126 36 36 1.574848
240 288 126 36 36 1.841490
240 288 144 36 36 0.873867
240 297 126 36 36 0.878758
240 297 144 36 36 3.786346
240 297 153 36 36 1.594970
240 306 144 36 36 4.164567
240 306 153 36 36 0.255798
240 432 144 36 36 4.882336
240 432 153 36 36 1.251593
240 441 144 36 36 0.212959
240 459 126 36 36 0.101283
240 264 136 32 32 0.488557
240 264 144 32 32 0.082405
240 272 136 32 32 3.185293
240 272 144 32 32 2.297437
240 280 128 32 32 0.261182
240 280 136 32 32 4.891901
240 280 144 32 32 3.566119
240 280 152 32 32 0.524662
240 384 128 32 32 2.001067
240 384 136 32 32 0.509881
240 408 112 32 32 1.260796
240 408 144 32 32 0.600412
240 102 96 24 24 0.963450
240 132 192 24 24 3.230166
240 144 192 24 24 4.202950
240 144 198 24 24 1.705926
240 192 0 24 24 6.107594
240 198 0 24 24 4.990233
240 204 0 24 24 4.571558
240 210 0 24 24 3.073408
240 480 6 24 24 0.258387
270 16 48 64 64 2.454840
270 32 32 64 64 2.024142
270 32 48 64 64 4.132330
270 352 32 64 64 2.352969
270 396 24 48 48 0.681842
270 408 12 48 48 3.055225
270 408 24 48 48 4.678852
270 420 0 48 48 0.843383
270 420 12 48 48 7.538792
270 420 24 48 48 7.800753
270 396 24 48 48 0.681842
270 408 12 48 48 3.055225
270 408 24 48 48 4.678852
270 420 0 48 48 0.843383
270 420 12 48 48 7.538792
270 420 24 48 48 7.800753
270 352 176 44 44 1.223510
270 352 187 44 44 1.113124
270 363 154 44 44 0.694452
270 374 154 44 44 0.001749
270 0 140 40 40 3.275961
270 10 140 40 40 1.616796
270 350 140 40 40 1.531563
270 0 144 36 36 0.552051
270 162 126 36 36 0.485524
270 288 126 36 36 1.525872
270 288 144 36 36 1.051060
270 297 126 36 36 1.112735
270 297 144 36 36 4.026258
270 306 144 36 36 4.435963
270 306 153 36 36 0.407668
270 264 144 32 32 0.112539
270 272 136 32 32 3.732151
270 272 144 32 32 3.928833
270 272 152 32 32 2.041807
270 280 128 32 32 0.040652
270 280 136 32 32 6.386562
270 280 144 32 32 6.140702
270 280 152 32 32 1.851875
270 384 152 32 32 1.725811
270 392 152 32 32 0.122224
270 408 136 32 32 2.686935
270 408 144 32 32 0.970751
270 0 133 28 28 0.383401
270 192 0 24 24 6.203239
270 198 0 24 24 5.482407
270 204 0 24 24 5.154140
270 210 0 24 24 3.785751
270 390 114 24 24 0.356397
270 396 204 24 24 0.516459
270 396 210 24 24 0.435214
270 402 204 24 24 1.895611
270 402 210 24 24 4.040104
270 480 6 24 24 0.021218
270 480 96 24 24 5.062765
270 480 102 24 24 5.295423
270 486 96 24 24 9.019580
270 486 102 24 24 4.615311
270 492 96 24 24 3.476375
270 492 102 24 24 0.745668
300 16 32 64 64 1.870299
300 32 32 64 64 3.222645
300 352 32 64 64 0.832087
300 0 192 48 48 2.125822
300 0 204 48 48 3.504532
300 0 216 48 48 0.073671
300 0 228 48 48 0.376007
300 12 192 48 48 3.564033
300 12 204 48 48 4.733213
300 12 216 48 48 3.443929
300 12 228 48 48 0.961149
300 24 192 48 48 2.306050
300 24 204 48 48 4.699619
300 24 216 48 48 2.938222
300 36 192 48 48 1.247561
300 36 204 48 48 2.440912
300 36 216 48 48 0.451365
300 0 192 48 48 2.125822
300 0 204 48 48 3.504532
300 0 216 48 48 0.073671
300 0 228 48 48 0.376007
300 12 192 48 48 3.564033
300 12 204 48 48 4.733213
300 12 216 48 48 3.443929
300 12 228 48 48 0.961149
300 24 192 48 48 2.306050
300 24 204 48 48 4.699619
300 24 216 48 48 2.938222
300 36 192 48 48 1.247561
300 36 204 48 48 2.440912
300 36 216 48 48 0.451365
300 0 209 44 44 1.769171
300 11 198 44 44 0.620165
300 11 209 44 44 3.671532
300 22 198 44 44 2.682404
300 22 209 44 44 5.981251
300 33 198 44 44 1.510414
300 33 209 44 44 4.136093
300 162 126 36 36 0.223763
300 288 144 36 36 0.404632
300 297 144 36 36 3.574441
300 306 144 36 36 4.525211
300 459 126 36 36 2.808428
300 0 256 32 32 1.249930
300 8 256 32 32 2.364980
300 16 256 32 32 5.548045
300 24 256 32 32 3.258688
300 264 136 32 32 1.206531
300 264 144 32 32 2.136712
300 272 136 32 32 2.722450
300 272 144 32 32 4.796196
300 272 152 32 32 1.812084
300 280 136 32 32 5.941794
300 280 144 32 32 5.783677
300 280 152 32 32 1.691970
300 384 128 32 32 3.713204
300 384 136 32 32 2.929647
300 408 112 32 32 1.346067
300 0 245 28 28 0.642786
300 21 245 28 28 0.352103
300 96 84 24 24 0.150701
300 102 96 24 24 0.595579
300 102 102 24 24 1.424640
300 192 0 24 24 6.451937
300 198 0 24 24 6.260079
300 204 0 24 24 5.278632
300 204 6 24 24 0.163036
300 210 0 24 24 3.376834
300 480 6 24 24 0.313452
330 16 32 64 64 2.225290
330 16 48 64 64 1.968590
330 32 32 64 64 3.996377
330 32 48 64 64 3.733104
330 48 32 64 64 0.452284
330 48 48 64 64 1.016722
330 0 140 40 40 3.281216
330 10 140 40 40 0.725162
330 162 126 36 36 0.504061
330 288 144 36 36 0.252010
330 297 144 36 36 3.783676
330 306 144 36 36 5.147305
330 306 153 36 36 0.056444
330 432 144 36 36 1.133816
330 459 126 36 36 2.251061
330 264 136 32 32 2.104791
330 264 144 32 32 2.628873
330 264 152 32 32 0.207472
330 272 136 32 32 2.883840
330 272 144 32 32 5.690523
330 272 152 32 32 1.244615
330 280 136 32 32 5.452651
330 280 144 32 32 6.063343
330 280 152 32 32 1.070288
330 384 128 32 32 4.009954
330 384 136 32 32 2.547621
330 392 128 32 32 0.243909
330 18 192 24 24 0.684792
330 96 84 24 24 0.552250
330 102 102 24 24 1.414308
330 192 0 24 24 6.385162
330 198 0 24 24 6.017133
330 204 0 24 24 4.878616
330 204 6 24 24 0.093618
330 210 0 24 24 2.930921
330 480 6 24 24 0.098702
360 16 32 64 64 1.852964
360 16 48 64 64 1.779812
360 32 32 64 64 3.689170
360 32 48 64 64 3.258903
360 0 140 40 40 3.394558
360 0 144 36 36 0.220136
360 162 126 36 36 1.739974
360 297 144 36 36 2.830105
360 306 144 36 36 4.521131
360 432 126 36 36 1.435729
360 432 144 36 36 5.721782
360 441 144 36 36 0.865555
360 459 126 36 36 2.573256
360 176 136 32 32 0.063174
360 264 136 32 32 1.713432
360 264 144 32 32 3.005084
360 264 152 32 32 0.977981
360 272 136 32 32 3.071725
360 272 144 32 32 5.193325
360 272 152 32 32 1.200084
360 280 136 32 32 4.362251
360 280 144 32 32 4.632498
360 384 128 32 32 4.015172
360 384 136 32 32 2.280959
360 408 112 32 32 2.155273
360 0 133 28 28 0.315873
360 18 192 24 24 1.600357
360 102 102 24 24 0.571715
360 192 0 24 24 6.246814
360 198 0 24 24 5.911762
360 204 0 24 24 4.937985
360 210 0 24 24 3.070462
390 16 48 64 64 0.080799
390 32 32 64 64 0.833526
390 32 48 64 64 2.954209
390 420 12 48 48 1.544713
390 420 24 48 48 2.201076
390 420 12 48 48 1.544713
390 420 24 48 48 2.201076
390 0 140 40 40 2.865258
390 180 170 40 40 2.330262
390 180 180 40 40 0.698110
390 220 140 40 40 3.724717
390 220 160 40 40 2.073368
390 220 170 40 40 1.263622
390 0 144 36 36 2.349362
390 0 153 36 36 0.961398
390 9 144 36 36 1.547539
390 162 126 36 36 1.558536
390 216 171 36 36 2.231840
390 176 136 32 32 2.128620
390 384 256 32 32 2.151738
390 224 224 28 28 0.964180
390 357 98 28 28 0.731825
390 462 133 28 28 0.676660
390 469 98 28 28 0.948474
390 18 192 24 24 1.560237
390 102 102 24 24 0.075246
390 192 0 24 24 6.088675
390 198 0 24 24 6.850454
390 204 0 24 24 5.024637
390 210 0 24 24 0.847728
390 384 102 24 24 1.265880
390 384 108 24 24 4.721691
390 384 114 24 24 2.536062
390 390 102 24 24 5.667060
390 390 108 24 24 7.398216
390 390 114 24 24 3.844790
390 396 102 24 24 4.642482
390 396 108 24 24 4.729372
390 396 114 24 24 0.627033
390 480 96 24 24 0.728019
390 480 102 24 24 5.178535
390 480 108 24 24 1.193531
390 486 96 24 24 1.832712
390 486 102 24 24 5.510794
420 16 32 64 64 0.092183
420 16 48 64 64 0.698327
420 32 32 64 64 1.619029
420 32 48 64 64 2.420541
420 288 48 64 64 0.418476
420 0 140 40 40 0.469144
420 0 144 36 36 1.160935
420 0 153 36 36 1.288738
420 162 126 36 36 1.838876
420 288 144 36 36 0.186032
420 297 144 36 36 3.360023
420 297 153 36 36 1.595597
420 306 144 36 36 5.525032
420 306 153 36 36 0.933224
420 441 144 36 36 0.627436
420 450 144 36 36 7.274447
420 450 153 36 36 5.334361
420 450 162 36 36 1.702924
420 459 144 36 36 9.591732
420 459 153 36 36 6.556630
420 459 162 36 36 1.658298
420 264 144 32 32 3.786856
420 264 152 32 32 0.770830
420 272 136 32 32 1.068984
420 272 144 32 32 4.576981
420 272 152 32 32 2.710907
420 280 136 32 32 2.703959
420 280 144 32 32 4.500548
420 280 152 32 32 0.814115
420 384 128 32 32 3.890740
420 384 136 32 32 2.829112
420 408 112 32 32 2.972527
420 408 128 32 32 1.059293
420 18 192 24 24 1.249132
420 102 102 24 24 0.255937
420 192 0 24 24 6.039578
420 198 0 24 24 6.457681
420 204 0 24 24 5.266793
420 210 0 24 24 0.270965
420 480 192 24 24 4.128721
420 486 192 24 24 3.117606
420 492 192 24 24 2.452384
450 16 48 64 64 1.507267
450 32 32 64 64 0.729149
450 32 48 64 64 2.737659
450 374 154 44 44 2.275016
450 385 154 44 44 2.087529
450 0 140 40 40 1.009914
450 0 144 36 36 1.675219
450 0 153 36 36 0.936920
450 450 153 36 36 0.925611
450 459 144 36 36 3.358571
450 459 153 36 36 4.296176
450 459 162 36 36 2.756792
450 408 112 32 32 3.644547
450 350 98 28 28 1.701536
450 357 98 28 28 1.709934
450 357 112 28 28 2.061980
450 12 192 24 24 1.246826
450 18 192 24 24 5.455759
450 18 198 24 24 2.961810
450 132 0 24 24 0.118498
450 192 0 24 24 4.917003
450 198 0 24 24 3.980614
450 204 0 24 24 4.158356
450 210 0 24 24 0.140806
450 210 210 24 24 0.475270
450 384 114 24 24 1.308169
450 390 108 24 24 3.002344
450 390 114 24 24 3.343769
450 396 108 24 24 1.104919
450 396 114 24 24 3.994279
450 396 210 24 24 1.979123
450 402 210 24 24 0.413504
450 480 192 24 24 5.485065
450 480 198 24 24 4.888023
450 486 192 24 24 5.446650
450 486 198 24 24 4.645346
450 486 204 24 24 2.591800
450 486 210 24 24 0.153325
450 492 192 24 24 5.127576
450 492 198 24 24 0.180157
450 498 192 24 24 5.817303
450 498 198 24 24 0.364376
480 0 32 64 64 0.949796
480 0 48 64 64 0.528250
480 16 32 64 64 5.560870
480 16 48 64 64 2.771748
480 32 32 64 64 4.633403
480 32 48 64 64 1.299340
480 420 0 48 48 1.122271
480 420 0 48 48 1.122271
480 0 140 40 40 2.388921
480 0 144 36 36 0.671295
480 153 126 36 36 2.435338
480 162 126 36 36 1.328688
480 288 144 36 36 1.305346
480 297 144 36 36 2.053290
480 297 153 36 36 0.433378
480 450 27 36 36 0.795233
480 256 136 32 32 0.777560
480 264 136 32 32 2.374420
480 264 144 32 32 4.054739
480 264 152 32 32 2.322562
480 272 136 32 32 4.353576
480 272 144 32 32 3.928170
480 272 152 32 32 1.417292
480 280 128 32 32 0.522278
480 280 136 32 32 3.982463
480 280 144 32 32 4.615261
480 280 152 32 32 1.796759
480 343 119 28 28 2.354383
480 343 126 28 28 1.061077
480 350 126 28 28 0.122859
480 6 192 24 24 0.176738
480 12 192 24 24 3.170172
480 18 192 24 24 3.704751
480 192 0 24 24 2.095497
480 198 0 24 24 2.275008
510 0 16 64 64 0.771161
510 0 32 64 64 0.163191
510 16 32 64 64 0.573567
510 288 16 64 64 0.761169
510 288 32 64 64 1.589130
510 288 48 64 64 0.119373
510 20 170 40 40 0.152268
510 20 180 40 40 1.912039
510 220 170 40 40 0.880607
510 240 170 40 40 1.450448
510 240 180 40 40 0.125218
510 330 140 40 40 2.080817
510 297 144 36 36 0.400173
510 400 112 32 32 3.422947
510 408 112 32 32 1.966103
510 0 192 24 24 2.429658
510 6 192 24 24 5.521538
510 6 198 24 24 2.912299
510 12 192 24 24 2.054345
510 12 198 24 24 1.980450
510 96 96 24 24 0.199753
510 192 0 24 24 0.372256
540 0 32 64 64 1.382041
540 0 48 64 64 0.404884
540 16 32 64 64 2.851981
540 16 48 64 64 1.356565
540 288 32 64 64 2.051963
540 288 48 64 64 0.566481
540 144 126 36 36 1.584775
540 153 126 36 36 1.978139
540 288 144 36 36 4.339874
540 288 153 36 36 1.275839
540 297 144 36 36 2.513027
540 450 126 36 36 4.166321
540 256 136 32 32 0.880071
540 256 144 32 32 4.818895
540 256 152 32 32 1.243538
540 264 136 32 32 5.035433
540 264 144 32 32 5.015049
540 272 136 32 32 3.466039
540 272 144 32 32 4.783359
540 272 152 32 32 2.810584
540 280 144 32 32 1.847143
540 280 152 32 32 1.516412
540 392 128 32 32 0.155082
540 400 112 32 32 3.858150
540 400 128 32 32 1.816041
540 0 192 24 24 5.888766
540 0 198 24 24 0.966832
540 6 192 24 24 0.044673
570 0 32 64 64 3.355130
570 0 48 64 64 2.373131
570 16 32 64 64 3.071983
570 16 48 64 64 1.326843
570 288 32 64 64 2.581492
570 352 16 64 64 0.930832
570 320 140 40 40 1.433839
570 144 126 36 36 2.054009
570 288 144 36 36 3.689274
570 450 126 36 36 1.477830
570 144 128 32 32 0.332080
570 144 136 32 32 3.592774
570 256 136 32 32 3.603941
570 256 144 32 32 3.886647
570 256 152 32 32 2.364219
570 264 128 32 32 0.844995
570 264 136 32 32 1.978381
570 264 144 32 32 3.117641
570 264 152 32 32 1.135282
570 272 152 32 32 0.339202
570 280 152 32 32 1.130109
570 384 128 32 32 0.745177
570 392 112 32 32 3.992063
570 392 128 32 32 3.655675
600 0 32 64 64 2.446300
600 288 16 64 64 0.627471
600 288 32 64 64 3.487028
600 352 16 64 64 0.395022
600 408 168 48 48 1.056152
600 408 168 48 48 1.056152
600 320 140 40 40 0.114253
600 441 171 36 36 0.135992
600 136 128 32 32 0.407574
600 136 136 32 32 2.364921
600 144 128 32 32 0.276009
600 144 136 32 32 0.934750
600 256 128 32 32 0.023586
600 256 136 32 32 2.587728
600 256 144 32 32 3.158015
600 256 152 32 32 0.589556
600 272 152 32 32 1.197533
600 280 144 32 32 1.370774
600 280 152 32 32 4.666261
600 384 112 32 32 3.298531
600 384 128 32 32 0.884630
600 392 112 32 32 0.898910
600 408 128 32 32 0.656217
600 102 6 24 24 0.204762
600 402 114 24 24 0.088112
630 0 32 64 64 3.052106
630 272 32 64 64 2.121133
630 288 16 64 64 2.235417
630 288 32 64 64 3.991729
630 352 16 64 64 3.772782
630 352 32 64 64 3.414086
630 240 140 40 40 1.111646
630 315 153 36 36 0.615449
630 432 126 36 36 3.004488
630 441 126 36 36 4.670919
630 128 136 32 32 2.451923
630 136 128 32 32 0.942708
630 136 136 32 32 1.586847
630 144 136 32 32 0.066465
630 256 144 32 32 2.453034
630 256 152 32 32 0.554577
630 264 144 32 32 0.516711
630 264 152 32 32 1.351890
630 272 144 32 32 2.788538
630 272 152 32 32 3.954262
630 280 144 32 32 0.526161
630 280 152 32 32 3.865849
630 384 112 32 32 3.771954
630 384 128 32 32 2.180207
630 357 112 28 28 0.621173
630 96 0 24 24 0.747228
630 96 6 24 24 0.980023
630 396 108 24 24 0.068579
630 396 114 24 24 1.136728
630 402 96 24 24 0.210871
660 0 32 64 64 2.685477
660 256 32 64 64 2.237224
660 256 48 64 64 2.235237
660 272 16 64 64 0.273833
660 272 32 64 64 5.005045
660 272 48 64 64 2.561038
660 288 16 64 64 0.652583
660 288 32 64 64 2.272895
660 352 0 64 64 0.726058
660 352 16 64 64 4.089318
660 352 32 64 64 3.437742
660 240 140 40 40 1.569304
660 306 153 36 36 0.959023
660 306 162 36 36 1.293013
660 315 126 36 36 1.030810
660 315 144 36 36 2.359609
660 315 153 36 36 4.881411
660 315 162 36 36 1.071816
660 432 126 36 36 4.423237
660 441 126 36 36 2.821792
660 128 128 32 32 0.056825
660 128 136 32 32 3.085136
660 136 128 32 32 0.655335
660 136 136 32 32 2.089591
660 256 144 32 32 1.117806
660 256 152 32 32 2.469411
660 264 144 32 32 0.214193
660 264 152 32 32 2.296932
660 272 144 32 32 1.190239
660 272 152 32 32 3.692109
660 280 144 32 32 0.955660
660 280 152 32 32 4.160413
660 400 136 32 32 0.935617
660 390 108 24 24 0.462399
660 390 114 24 24 2.124476
690 0 48 64 64 0.056390
690 256 32 64 64 3.406262
690 256 48 64 64 3.151877
690 272 16 64 64 0.325579
690 272 32 64 64 4.978177
690 272 48 64 64 1.551167
690 288 32 64 64 1.699566
690 352 0 64 64 1.026376
690 352 16 64 64 5.898922
690 352 32 64 64 7.908433
690 352 48 64 64 0.970302
690 240 140 40 40 2.317568
690 216 144 36 36 0.498012
690 306 126 36 36 1.922333
690 306 144 36 36 2.420547
690 306 153 36 36 4.317356
690 306 162 36 36 2.555529
690 315 144 36 36 2.557506
690 315 153 36 36 2.049107
690 432 126 36 36 4.577021
690 256 152 32 32 1.718603
690 264 152 32 32 3.498416
690 272 152 32 32 4.432359
690 384 108 24 24 1.230202
690 384 114 24 24 1.606062
720 256 16 64 64 0.577526
720 256 32 64 64 5.278761
720 256 48 64 64 5.130138
720 272 16 64 64 0.949903
720 272 32 64 64 3.610983
720 352 0 64 64 4.058020
720 352 16 64 64 5.913045
720 352 32 64 64 7.602128
720 352 48 64 64 4.121902
720 220 140 40 40 0.915934
720 240 140 40 40 2.868966
720 216 144 36 36 1.074251
720 297 126 36 36 1.946335
720 297 144 36 36 2.038282
720 297 153 36 36 4.306812
720 297 162 36 36 1.863722
720 306 144 36 36 2.517586
720 306 153 36 36 1.302837
720 315 126 36 36 1.346058
720 256 152 32 32 1.981541
720 264 152 32 32 2.654798
720 336 119 28 28 0.890568
720 357 133 28 28 0.468147
750 256 16 64 64 2.383712
750 256 32 64 64 6.577892
750 256 48 64 64 0.751053
750 272 32 64 64 0.809865
750 288 32 64 64 0.446221
750 352 16 64 64 4.798539
750 352 32 64 64 7.412603
750 352 48 64 64 3.831717
750 220 140 40 40 4.386285
750 198 126 36 36 3.024659
750 216 126 36 36 0.116436
750 216 153 36 36 0.808997
750 216 162 36 36 1.223443
750 288 144 36 36 1.248917
750 288 153 36 36 2.859826
750 288 162 36 36 2.378365
750 297 144 36 36 0.209913
750 315 126 36 36 0.096614
750 16 152 32 32 1.282073
750 350 133 28 28 1.876027
750 357 112 28 28 4.225879
750 357 119 28 28 3.587679
750 357 126 28 28 0.866627
750 357 133 28 28 1.298944
750 6 192 24 24 0.538970
750 12 192 24 24 0.623491
750 18 192 24 24 0.530380
750 300 198 24 24 0.775661
750 306 102 24 24 0.276761
750 306 108 24 24 2.290204
750 306 192 24 24 3.396953
750 306 198 24 24 2.624813
780 256 32 64 64 2.021410
780 272 32 64 64 1.911929
780 352 32 64 64 0.708366
780 180 140 40 40 1.747721
780 220 140 40 40 3.585612
780 198 153 36 36 0.262288
780 198 162 36 36 1.807134
780 216 144 36 36 2.571830
780 216 153 36 36 3.619932
780 216 162 36 36 2.334213
780 216 171 36 36 0.241868
780 288 126 36 36 0.203384
780 297 126 36 36 4.055876
780 0 152 32 32 3.170862
780 192 136 32 32 3.254560
780 192 144 32 32 5.990605
780 192 152 32 32 4.635758
780 280 136 32 32 1.700120
780 280 144 32 32 0.614986
780 408 136 32 32 0.927386
780 408 144 32 32 2.556684
780 408 152 32 32 2.656923
780 336 133 28 28 1.801898
780 343 112 28 28 2.709515
780 343 119 28 28 1.426648
780 343 126 28 28 0.286367
780 343 133 28 28 3.022150
780 350 98 28 28 0.552626
780 350 133 28 28 0.101617
780 357 133 28 28 0.184766
780 288 108 24 24 1.612702
780 288 192 24 24 1.296776
780 288 198 24 24 2.119852
780 288 204 24 24 0.338060
780 294 108 24 24 3.399444
780 294 192 24 24 3.863708
780 294 198 24 24 3.623463
780 294 204 24 24 0.915977
780 300 108 24 24 2.561816
780 300 192 24 24 1.656899
810 256 16 64 64 0.621033
810 256 32 64 64 1.563963
810 288 16 64 64 1.683020
810 288 32 64 64 2.541695
810 170 140 40 40 1.059875
810 180 140 40 40 0.500396
810 240 140 40 40 2.580804
810 240 160 40 40 1.491414
810 162 144 36 36 0.864042
810 198 144 36 36 2.921446
810 198 153 36 36 2.158485
810 198 162 36 36 1.856512
810 198 171 36 36 0.667446
810 176 136 32 32 3.073199
810 176 144 32 32 5.093590
810 176 152 32 32 2.973846
810 264 136 32 32 0.409723
810 264 144 32 32 1.829421
810 272 136 32 32 0.246537
810 392 144 32 32 1.893032
810 392 152 32 32 1.597529
810 224 133 28 28 1.941754
810 6 84 24 24 2.308208
810 198 198 24 24 0.894875
810 198 204 24 24 0.045375
810 198 210 24 24 0.926559
810 204 198 24 24 0.754766
810 204 204 24 24 2.812454
810 402 0 24 24 0.444627
840 256 16 64 64 0.089434
840 256 32 64 64 0.107399
840 272 16 64 64 3.486544
840 272 32 64 64 3.477364
840 288 0 64 64 2.078127
840 288 16 64 64 8.677531
840 288 32 64 64 9.940540
840 288 48 64 64 3.048172
840 160 140 40 40 1.809263
840 160 160 40 40 2.320241
840 170 140 40 40 4.470044
840 170 160 40 40 2.025258
840 180 140 40 40 5.380751
840 144 126 36 36 0.790124
840 153 162 36 36 1.523593
840 162 144 36 36 0.195574
840 162 153 36 36 0.579983
840 162 162 36 36 2.952768
840 162 171 36 36 2.529941
840 216 162 36 36 1.164203
840 315 126 36 36 1.518654
840 176 152 32 32 0.986838
840 192 152 32 32 1.376544
840 256 128 32 32 0.674605
840 256 136 32 32 1.907015
840 264 128 32 32 1.621608
840 264 136 32 32 3.274055
840 272 128 32 32 4.114817
840 272 136 32 32 3.945566
840 238 133 28 28 0.673178
840 245 133 28 28 2.732475
840 210 192 24 24 2.076245
870 256 16 64 64 4.561776
870 256 32 64 64 3.007798
870 272 0 64 64 2.753282
870 272 16 64 64 10.742675
870 272 32 64 64 9.701544
870 272 48 64 64 0.698741
870 288 0 64 64 1.075405
870 288 16 64 64 7.719485
870 288 32 64 64 10.116644
870 288 48 64 64 2.602691
870 160 140 40 40 3.713235
870 144 162 36 36 3.655491
870 144 171 36 36 2.571302
870 153 144 36 36 0.081378
870 153 162 36 36 1.777681
870 153 171 36 36 2.407077
870 162 144 36 36 2.368923
870 162 153 36 36 3.079078
870 162 162 36 36 2.938825
870 216 126 36 36 0.552450
870 216 153 36 36 2.635111
870 216 162 36 36 2.433702
870 128 144 32 32 0.691427
870 136 136 32 32 1.554492
870 136 144 32 32 3.708821
870 144 144 32 32 3.662071
870 256 128 32 32 4.824126
870 256 136 32 32 2.556727
870 272 128 32 32 1.027643
870 280 128 32 32 3.435653
870 231 133 28 28 2.217638
870 238 133 28 28 0.085976
870 300 96 24 24 0.213038
870 300 102 24 24 2.805999
870 300 114 24 24 1.646152
900 256 16 64 64 5.574141
900 256 32 64 64 5.325878
900 272 0 64 64 2.643743
900 272 16 64 64 9.142138
900 272 32 64 64 11.807065
900 272 48 64 64 2.042852
900 288 16 64 64 2.295270
900 288 32 64 64 7.648771
900 288 48 64 64 4.030388
900 144 144 36 36 2.389151
900 144 153 36 36 2.075191
900 144 162 36 36 2.899455
900 144 171 36 36 0.811945
900 153 144 36 36 2.719249
900 153 153 36 36 3.497812
900 153 162 36 36 2.332006
900 162 144 36 36 0.269198
900 198 153 36 36 1.943601
900 198 162 36 36 3.730491
900 216 126 36 36 2.685237
900 216 153 36 36 1.080240
900 128 136 32 32 2.504959
900 128 144 32 32 4.226654
900 136 144 32 32 2.012134
900 264 128 32 32 1.339286
900 272 112 32 32 1.883271
900 272 128 32 32 2.497276
900 280 112 32 32 2.929310
900 280 128 32 32 0.640925
900 224 133 28 28 2.621130
900 231 133 28 28 1.746273
900 238 133 28 28 1.177798
900 144 192 24 24 1.224005
900 144 198 24 24 0.397687
900 144 204 24 24 1.354857
900 144 210 24 24 1.411585
900 288 96 24 24 1.313154
900 288 102 24 24 1.080902
900 288 108 24 24 1.174220
900 288 114 24 24 1.360150
900 498 192 24 24 0.521946
930 256 0 64 64 1.928642
930 256 16 64 64 9.569752
930 256 32 64 64 9.922460
930 256 48 64 64 2.856113
930 272 16 64 64 6.198360
930 272 32 64 64 10.987329
930 272 48 64 64 6.103473
930 288 32 64 64 3.810299
930 288 48 64 64 2.222301
930 170 140 40 40 0.140499
930 180 140 40 40 1.395413
930 180 160 40 40 0.049823
930 144 144 36 36 2.733726
930 144 153 36 36 2.982399
930 144 162 36 36 2.150410
930 153 144 36 36 0.033358
930 198 126 36 36 1.651238
930 198 144 36 36 0.681721
930 198 153 36 36 4.089467
930 198 162 36 36 2.746672
930 216 126 36 36 1.879656
930 16 136 32 32 0.312595
930 128 144 32 32 1.679035
930 128 152 32 32 1.356938
930 136 152 32 32 0.440243
930 144 152 32 32 3.233993
930 256 128 32 32 1.648225
930 264 112 32 32 2.470454
930 264 128 32 32 2.030393
930 272 112 32 32 3.004288
930 272 128 32 32 0.661047
930 224 133 28 28 1.652506
930 231 133 28 28 0.476940
930 238 133 28 28 2.369515
930 245 133 28 28 4.237528
930 132 198 24 24 1.012065
930 132 204 24 24 0.819367
930 144 198 24 24 1.724294
930 144 204 24 24 2.539665
930 144 210 24 24 4.113212
930 288 96 24 24 1.072492
930 294 96 24 24 0.968133
960 256 0 64 64 1.853155
960 256 16 64 64 7.191888
960 256 32 64 64 8.450954
960 256 48 64 64 2.788046
960 272 16 64 64 0.732278
960 272 32 64 64 4.549411
960 272 48 64 64 3.640774
960 160 140 40 40 1.454393
960 170 140 40 40 1.862490
960 170 160 40 40 0.320365
960 180 140 40 40 1.809954
960 315 126 36 36 2.072278
960 128 144 32 32 0.530519
960 128 152 32 32 2.777634
960 136 144 32 32 0.976188
960 136 152 32 32 4.792580
960 144 152 32 32 0.855309
960 192 128 32 32 0.583903
960 192 152 32 32 0.442765
960 256 112 32 32 2.829627
960 256 128 32 32 1.082865
960 280 128 32 32 3.217491
960 231 133 28 28 1.479626
960 238 133 28 28 1.518364
960 245 133 28 28 0.472026
960 132 198 24 24 1.312746
960 132 204 24 24 2.130114
960 132 210 24 24 3.519714
960 198 198 24 24 1.442352
960 204 192 24 24 2.901092
960 204 198 24 24 4.318069
960 204 204 24 24 3.142157
960 210 192 24 24 1.044623
960 210 198 24 24 3.054876
960 210 204 24 24 0.195648
960 480 192 24 24 2.449610
990 420 168 48 48 1.045103
990 420 168 48 48 1.045103
990 144 144 36 36 0.884639
990 144 153 36 36 5.222408
990 144 162 36 36 4.913019
990 144 171 36 36 0.222349
990 153 126 36 36 2.448334
990 153 144 36 36 3.131367
990 153 153 36 36 5.186878
990 153 162 36 36 3.607618
990 162 126 36 36 2.588737
990 162 144 36 36 1.625248
990 162 153 36 36 2.139783
990 288 126 36 36 2.643113
990 297 126 36 36 2.513188
990 432 144 36 36 3.425174
990 432 153 36 36 2.693703
990 432 162 36 36 3.601240
990 432 171 36 36 4.102232
990 441 126 36 36 2.232186
990 441 144 36 36 6.171903
990 441 153 36 36 6.658288
990 441 162 36 36 6.730525
990 441 171 36 36 7.447151
990 450 126 36 36 0.845540
990 450 144 36 36 4.390713
990 450 153 36 36 3.569447
990 450 162 36 36 4.501743
990 450 171 36 36 5.957927
990 459 144 36 36 2.142162
990 459 162 36 36 0.864630
990 459 171 36 36 0.996639
990 176 128 32 32 3.978091
990 176 136 32 32 1.584844
990 176 144 32 32 0.122504
990 192 128 32 32 5.338805
990 192 136 32 32 1.922877
990 256 128 32 32 1.606140
990 126 126 28 28 0.998449
990 126 133 28 28 2.151584
990 168 133 28 28 1.052482
990 224 126 28 28 4.774231
990 224 133 28 28 7.178439
990 231 98 28 28 2.612057
990 231 112 28 28 0.222669
990 231 119 28 28 0.360781
990 231 126 28 28 4.925826
990 231 133 28 28 7.874788
990 238 126 28 28 1.485647
990 238 133 28 28 2.136434
990 245 126 28 28 1.465476
990 245 133 28 28 0.212209
990 462 133 28 28 0.174116
990 96 192 24 24 0.564074
990 96 198 24 24 2.593683
990 96 204 24 24 2.108420
990 96 210 24 24 4.062548
990 102 198 24 24 0.497337
990 102 204 24 24 2.001925
990 102 210 24 24 0.890465
990 300 18 24 24 0.746419
1020 16 32 64 64 0.328039
1020 16 48 64 64 2.324962
1020 32 16 64 64 2.337769
1020 32 32 64 64 5.170952
1020 32 48 64 64 6.981435
1020 48 16 64 64 2.594747
1020 48 32 64 64 4.838506
1020 48 48 64 64 5.526684
1020 352 48 64 64 3.687545
1020 192 36 48 48 0.197148
1020 192 36 48 48 0.197148
1020 198 33 44 44 0.746518
1020 352 154 44 44 1.382201
1020 363 154 44 44 0.247304
1020 0 160 40 40 0.101253
1020 10 140 40 40 1.689826
1020 10 160 40 40 2.864973
1020 20 140 40 40 2.035860
1020 20 160 40 40 4.480164
1020 30 140 40 40 3.421135
1020 30 160 40 40 0.830317
1020 340 140 40 40 4.501982
1020 340 160 40 40 3.446214
1020 350 140 40 40 9.898054
1020 350 160 40 40 8.601661
1020 350 170 40 40 2.586151
1020 350 180 40 40 0.623956
1020 350 190 40 40 2.468833
1020 9 153 36 36 1.174733
1020 9 162 36 36 4.558537
1020 9 171 36 36 1.484440
1020 18 126 36 36 1.713270
1020 18 153 36 36 3.018401
1020 18 162 36 36 5.123028
1020 18 171 36 36 3.920836
1020 27 153 36 36 2.207313
1020 27 162 36 36 4.182045
1020 27 171 36 36 5.023622
1020 450 126 36 36 1.164630
1020 16 136 32 32 0.182995
1020 24 136 32 32 5.191681
1020 24 144 32 32 2.750714
1020 128 128 32 32 4.662278
1020 128 136 32 32 2.749011
1020 136 128 32 32 3.600473
1020 136 136 32 32 0.544825
1020 144 128 32 32 4.217351
1020 176 112 32 32 1.997351
1020 112 133 28 28 3.144682
1020 119 126 28 28 0.272575
1020 119 133 28 28 3.655010
1020 126 119 28 28 0.547819
1020 126 126 28 28 0.195779
1020 126 133 28 28 3.813090
1020 154 126 28 28 1.739226
1020 154 133 28 28 3.011775
1020 168 126 28 28 2.692869
1020 168 133 28 28 4.924402
1020 198 84 24 24 0.726423
1020 384 192 24 24 3.135582
1020 384 198 24 24 3.363503
1020 384 204 24 24 3.084032
1020 384 210 24 24 2.406167
1050 0 32 64 64 3.722174
1050 0 48 64 64 6.409633
1050 16 16 64 64 2.533364
1050 16 32 64 64 3.793205
1050 16 48 64 64 1.981357
1050 32 16 64 64 2.041463
1050 32 32 64 64 2.880325
1050 48 16 64 64 5.274442
1050 48 32 64 64 0.296357
1050 352 32 64 64 3.354541
1050 352 48 64 64 5.017450
1050 22 154 44 44 2.836346
1050 33 154 44 44 2.139208
1050 30 140 40 40 1.378419
1050 30 160 40 40 4.072953
1050 340 140 40 40 3.448467
1050 350 140 40 40 5.238419
1050 350 160 40 40 1.611477
1050 0 144 36 36 5.212701
1050 0 153 36 36 5.453311
1050 0 162 36 36 1.726986
1050 198 126 36 36 1.070700
1050 0 144 32 32 3.344455
1050 0 152 32 32 4.707775
1050 8 152 32 32 4.539778
1050 128 112 32 32 3.477697
1050 136 112 32 32 1.097680
1050 384 152 32 32 6.483756
1050 392 152 32 32 0.524961
1050 21 126 28 28 1.686698
1050 21 133 28 28 1.734305
1050 112 126 28 28 2.423719
1050 112 133 28 28 2.741197
1050 126 126 28 28 2.351189
1050 126 133 28 28 3.002748
1050 0 204 24 24 2.032354
1050 0 210 24 24 2.169629
1050 6 210 24 24 0.244878
1050 198 18 24 24 1.174624
1050 204 12 24 24 2.269825
1050 204 18 24 24 3.648766
1050 210 12 24 24 1.077681
1050 210 18 24 24 1.585647
1050 294 192 24 24 1.665977
1050 294 198 24 24 4.984285
1050 294 204 24 24 5.723107
1050 294 210 24 24 1.863067
1050 300 192 24 24 3.367034
1050 300 198 24 24 4.699714
1050 300 204 24 24 3.911068
1080 0 16 64 64 2.241150
1080 0 32 64 64 4.708442
1080 0 48 64 64 2.966196
1080 16 16 64 64 1.731706
1080 16 32 64 64 3.066329
1080 32 16 64 64 5.571273
1080 32 32 64 64 0.427061
1080 48 0 64 64 3.768636
1080 48 16 64 64 4.538916
1080 288 48 64 64 4.584743
1080 352 32 64 64 2.335228
1080 352 48 64 64 4.270094
1080 0 154 44 44 1.011195
1080 11 154 44 44 2.352495
1080 22 154 44 44 1.449566
1080 10 160 40 40 2.705351
1080 20 140 40 40 4.870453
1080 20 160 40 40 4.375731
1080 30 140 40 40 6.165936
1080 30 160 40 40 3.920494
1080 220 140 40 40 10.821702
1080 240 140 40 40 0.394566
1080 320 140 40 40 0.957115
1080 330 140 40 40 3.889952
1080 340 140 40 40 2.552577
1080 350 140 40 40 3.277595
1080 18 162 36 36 4.328863
1080 18 171 36 36 2.112785
1080 27 144 36 36 0.224978
1080 27 153 36 36 4.978408
1080 27 162 36 36 6.855752
1080 27 171 36 36 3.912049
1080 216 126 36 36 4.423793
1080 216 144 36 36 8.047733
1080 216 153 36 36 3.883126
1080 450 126 36 36 2.277504
1080 0 112 32 32 0.637566
1080 136 128 32 32 2.106818
1080 192 136 32 32 5.218522
1080 192 144 32 32 4.122405
1080 0 133 28 28 1.223737
1080 7 126 28 28 3.681416
1080 7 133 28 28 3.006086
1080 14 126 28 28 5.439697
1080 14 133 28 28 3.218826
1080 21 126 28 28 1.362896
1080 21 133 28 28 3.362358
1080 112 126 28 28 1.649330
1080 112 133 28 28 3.832654
1080 119 126 28 28 2.781666
1080 119 133 28 28 4.176105
1080 126 98 28 28 1.280870
1080 469 133 28 28 1.957353
1080 6 192 24 24 2.231765
1080 102 114 24 24 0.349749
1080 192 12 24 24 3.655054
1080 192 18 24 24 3.739100
1080 198 12 24 24 0.214035
1080 198 18 24 24 2.184911
1080 204 18 24 24 0.456328
1080 498 204 24 24 0.423155
1110 0 16 64 64 5.414598
1110 16 16 64 64 2.798978
1110 32 0 64 64 0.632429
1110 32 16 64 64 5.350610
1110 32 32 64 64 4.688787
1110 32 48 64 64 0.048103
1110 48 0 64 64 2.005577
1110 48 16 64 64 6.880750
1110 48 32 64 64 7.015640
1110 48 48 64 64 2.927067
1110 256 48 64 64 2.841249
1110 272 48 64 64 1.351905
1110 288 32 64 64 2.142449
1110 288 48 64 64 3.981665
1110 352 48 64 64 0.139957
1110 264 154 44 44 0.670116
1110 352 154 44 44 6.715848
1110 350 140 40 40 5.250425
1110 350 160 40 40 7.255229
1110 350 170 40 40 4.064570
1110 0 126 36 36 3.115564
1110 9 126 36 36 1.785969
1110 18 126 36 36 1.142405
1110 27 126 36 36 1.255378
1110 144 144 36 36 12.049618
1110 144 153 36 36 11.269505
1110 144 162 36 36 4.671104
1110 153 144 36 36 5.277148
1110 153 153 36 36 4.061300
1110 288 144 36 36 2.504757
1110 288 153 36 36 6.389221
1110 288 162 36 36 5.133601
1110 288 171 36 36 0.992883
1110 297 144 36 36 3.295438
1110 297 153 36 36 6.215226
1110 297 162 36 36 5.244147
1110 306 144 36 36 2.914031
1110 306 153 36 36 3.127783
1110 306 162 36 36 1.355323
1110 0 128 32 32 1.956941
1110 8 128 32 32 6.230861
1110 8 136 32 32 3.827202
1110 16 128 32 32 3.492859
1110 16 136 32 32 2.733445
1110 24 128 32 32 3.122006
1110 24 136 32 32 2.157219
1110 144 136 32 32 1.019755
1110 144 144 32 32 1.819747
1110 144 152 32 32 5.147585
1110 384 152 32 32 0.332995
1110 408 128 32 32 6.984321
1110 408 136 32 32 1.645124
1110 14 133 28 28 2.252117
1110 0 192 24 24 6.005441
1110 0 198 24 24 5.433095
1110 0 204 24 24 1.681541
1110 6 192 24 24 4.186635
1110 6 198 24 24 3.480747
1110 132 12 24 24 2.905151
1110 132 18 24 24 4.997376
1110 144 12 24 24 0.483400
1110 144 18 24 24 2.758011
1110 300 192 24 24 1.094041
1110 306 192 24 24 0.780834
1110 384 198 24 24 3.603789
1110 384 204 24 24 9.193029
1110 384 210 24 24 6.132909
1110 390 204 24 24 4.361722
1110 390 210 24 24 2.331069
1110 396 204 24 24 3.168309
1110 396 210 24 24 2.208780
1110 402 204 24 24 3.936500
1110 402 210 24 24 2.749026
1140 16 48 64 64 0.907015
1140 32 48 64 64 0.959334
1140 256 32 64 64 0.195450
1140 256 48 64 64 0.698730
1140 12 168 48 48 0.426329
1140 24 168 48 48 2.953095
1140 36 168 48 48 4.101072
1140 384 168 48 48 0.656275
1140 396 168 48 48 2.245498
1140 396 192 48 48 1.163745
1140 396 204 48 48 0.799058
1140 408 204 48 48 0.262419
1140 12 168 48 48 0.426329
1140 24 168 48 48 2.953095
1140 36 168 48 48 4.101072
1140 384 168 48 48 0.656275
1140 396 168 48 48 2.245498
1140 396 192 48 48 1.163745
1140 396 204 48 48 0.799058
1140 408 204 48 48 0.262419
1140 22 154 44 44 5.687895
1140 22 176 44 44 2.603894
1140 33 154 44 44 15.450733
1140 33 176 44 44 5.293090
1140 33 187 44 44 1.748933
1140 30 160 40 40 3.523461
1140 30 170 40 40 5.298055
1140 30 180 40 40 3.211680
1140 320 180 40 40 0.380697
1140 216 171 36 36 0.279397
1140 315 126 36 36 1.873128
1140 315 144 36 36 0.313946
1140 432 126 36 36 0.488221
1140 459 0 36 36 0.148524
1140 176 128 32 32 0.364061
1140 238 238 28 28 0.111357
1140 245 238 28 28 0.644639
1140 336 119 28 28 0.475179
1140 336 126 28 28 4.179217
1140 336 133 28 28 4.928906
1140 343 126 28 28 1.675143
1140 343 133 28 28 2.212107
1140 448 7 28 28 1.549088
1140 448 14 28 28 1.147333
1140 448 133 28 28 0.415106
1140 455 0 28 28 0.781936
1140 455 7 28 28 1.228488
1140 455 14 28 28 3.075766
1140 455 126 28 28 3.188193
1140 455 133 28 28 3.739196
1140 462 0 28 28 1.228035
1140 462 7 28 28 4.694180
1140 462 14 28 28 6.893877
1140 462 21 28 28 1.453110
1140 462 126 28 28 7.862004
1140 462 133 28 28 4.846498
1140 469 0 28 28 1.417335
1140 469 7 28 28 3.652434
1140 469 14 28 28 4.386120
1140 469 21 28 28 4.615952
1140 469 119 28 28 0.069447
1140 469 126 28 28 7.905520
1140 469 133 28 28 3.855604
1140 108 192 24 24 0.832335
1140 480 18 24 24 3.445218
1140 486 12 24 24 0.002180
1140 486 18 24 24 2.876780
1170 48 0 64 64 1.319391
1170 0 168 48 48 3.486990
1170 0 192 48 48 0.732826
1170 192 192 48 48 4.579705
1170 204 192 48 48 2.013851
1170 0 168 48 48 3.486990
1170 0 192 48 48 0.732826
1170 192 192 48 48 4.579705
1170 204 192 48 48 2.013851
1170 0 154 44 44 0.902299
1170 0 176 44 44 7.218583
1170 0 187 44 44 5.784719
1170 0 198 44 44 1.497527
1170 11 154 44 44 0.670259
1170 11 176 44 44 3.851037
1170 11 187 44 44 1.117075
1170 176 187 44 44 0.477561
1170 176 198 44 44 3.274813
1170 187 187 44 44 5.216465
1170 187 198 44 44 4.562433
1170 187 209 44 44 2.311151
1170 198 187 44 44 4.444428
1170 198 198 44 44 2.911722
1170 352 176 44 44 4.475780
1170 352 187 44 44 1.370154
1170 363 154 44 44 4.187980
1170 363 176 44 44 5.545192
1170 363 187 44 44 1.945027
1170 374 154 44 44 1.864099
1170 374 176 44 44 4.332925
1170 374 187 44 44 1.399661
1170 385 154 44 44 6.990326
1170 385 176 44 44 2.293156
1170 0 180 40 40 5.430909
1170 0 190 40 40 6.743087
1170 10 160 40 40 0.279172
1170 10 170 40 40 0.784112
1170 10 180 40 40 5.317303
1170 10 190 40 40 7.856051
1170 20 180 40 40 2.918621
1170 20 190 40 40 2.290894
1170 220 190 40 40 0.279135
1170 350 180 40 40 7.057845
1170 350 190 40 40 0.719744
1170 18 162 36 36 2.610255
1170 432 0 36 36 1.837522
1170 432 162 36 36 1.328195
1170 450 0 36 36 4.153621
1170 459 0 36 36 8.424969
1170 459 9 36 36 2.047966
1170 0 112 32 32 0.294745
1170 8 112 32 32 2.342328
1170 16 112 32 32 0.954104
1170 256 112 32 32 4.075642
1170 264 112 32 32 5.784012
1170 272 112 32 32 1.287683
1170 400 0 32 32 3.524179
1170 400 8 32 32 0.301029
1170 408 0 32 32 2.325163
1170 408 8 32 32 2.007241
1170 0 112 28 28 2.026203
1170 0 119 28 28 2.728632
1170 0 126 28 28 0.586156
1170 7 112 28 28 1.036924
1170 7 119 28 28 1.303087
1170 7 126 28 28 1.345981
1170 14 112 28 28 0.067965
1170 14 119 28 28 2.406798
1170 14 126 28 28 2.150249
1170 21 126 28 28 1.087615
1170 21 224 28 28 1.755215
1170 119 126 28 28 1.777757
1170 126 126 28 28 2.315891
1170 154 112 28 28 1.003071
1170 231 231 28 28 0.273656
1170 238 245 28 28 0.632651
1170 245 245 28 28 1.730668
1170 448 7 28 28 1.290270
1170 448 14 28 28 4.570601
1170 448 21 28 28 2.379422
1170 469 14 28 28 3.481363
1170 469 21 28 28 4.225283
1170 0 0 24 24 1.110270
1200 160 160 40 40 0.389982
1200 170 160 40 40 0.590281
1200 180 140 40 40 1.031601
1200 0 0 36 36 0.055728
1200 9 0 36 36 1.302152
1200 288 126 36 36 5.697527
1200 297 126 36 36 4.562021
1200 306 126 36 36 0.763675
1200 0 0 32 32 2.428390
1200 0 8 32 32 1.954664
1200 0 16 32 32 2.236242
1200 0 24 32 32 1.857278
1200 8 0 32 32 3.605307
1200 8 8 32 32 3.554407
1200 8 16 32 32 3.459554
1200 8 24 32 32 2.966146
1200 16 0 32 32 0.668458
1200 16 8 32 32 2.609610
1200 16 16 32 32 2.936873
1200 16 24 32 32 1.318300
1200 24 112 32 32 3.642573
1200 176 112 32 32 1.685771
1200 280 128 32 32 2.037479
1200 280 136 32 32 1.228173
1200 0 7 28 28 0.851951
1200 0 14 28 28 1.740560
1200 0 21 28 28 3.566549
1200 7 7 28 28 1.453076
1200 7 14 28 28 1.608299
1200 7 21 28 28 3.740058
1200 14 7 28 28 2.031424
1200 14 14 28 28 4.494159
1200 14 21 28 28 3.478432
1200 21 14 28 28 3.819994
1200 21 21 28 28 3.290958
1200 112 224 28 28 6.921786
1200 112 231 28 28 2.604916
1200 119 224 28 28 5.022675
1200 119 231 28 28 0.559627
1200 154 98 28 28 0.487086
1200 168 98 28 28 3.959096
1200 0 18 24 24 2.014739
1200 144 96 24 24 3.562540
1200 192 210 24 24 0.587182
1200 210 96 24 24 0.597707
1200 300 102 24 24 0.927116
1200 300 108 24 24 1.345199
1200 300 114 24 24 1.211278
1230 0 48 64 64 3.299939
1230 16 16 64 64 0.944946
1230 16 32 64 64 2.223220
1230 16 48 64 64 3.601637
1230 32 48 64 64 2.930907
1230 256 32 64 64 1.672466
1230 272 32 64 64 0.140760
1230 176 128 32 32 2.621557
1230 384 128 32 32 0.563608
1230 392 112 32 32 2.038118
1230 392 128 32 32 4.264970
1230 400 112 32 32 1.078091
1230 400 128 32 32 3.851393
1230 408 112 32 32 1.793304
1230 408 128 32 32 5.902419
1230 168 133 28 28 0.986168
1230 336 133 28 28 1.244380
1230 96 114 24 24 0.568084
1230 132 96 24 24 3.057890
1230 132 102 24 24 3.932321
1230 132 108 24 24 0.242956
1260 16 16 64 64 1.203665
1260 16 32 64 64 0.488888
1260 288 0 64 64 0.302339
1260 288 16 64 64 0.342161
1260 0 126 36 36 7.163214
1260 9 126 36 36 4.352775
1260 0 136 32 32 5.198585
1260 0 144 32 32 3.611190
1260 8 136 32 32 3.838335
1260 8 144 32 32 5.586500
1260 16 136 32 32 2.942932
1260 16 144 32 32 2.854947
1260 272 128 32 32 3.963227
1260 280 128 32 32 0.316432
1260 384 112 32 32 0.714637
1260 392 112 32 32 3.384070
1260 400 112 32 32 0.124379
1260 408 128 32 32 3.005329
1260 0 126 28 28 0.569234
1260 112 133 28 28 3.209445
1260 119 119 28 28 1.892161
1260 119 126 28 28 3.309830
1260 119 133 28 28 5.190059
1260 126 126 28 28 0.015906
1260 126 133 28 28 2.976446
1260 245 126 28 28 0.809195
1260 245 133 28 28 4.662609
1260 343 119 28 28 1.898068
1260 343 126 28 28 2.649602
1260 343 133 28 28 3.108397
1260 350 112 28 28 4.817831
1260 350 119 28 28 7.792124
1260 350 126 28 28 8.212397
1260 350 133 28 28 7.113732
1260 357 112 28 28 3.834538
1260 357 119 28 28 6.229209
1260 357 126 28 28 4.913721
1260 357 133 28 28 2.244113
1260 455 133 28 28 0.826672
1260 462 119 28 28 1.134980
1260 462 126 28 28 0.232024
1260 462 133 28 28 1.748321
1260 6 96 24 24 2.869830
1260 12 96 24 24 2.588561
1260 18 96 24 24 0.478384
1290 256 16 64 64 1.129606
1290 0 126 36 36 0.086762
1290 9 126 36 36 3.171756
1290 18 126 36 36 0.823228
1290 27 126 36 36 1.463817
1290 144 126 36 36 0.055575
1290 450 126 36 36 3.803088
1290 459 126 36 36 1.783994
1290 16 136 32 32 0.692428
1290 24 144 32 32 1.485995
1290 144 128 32 32 3.401752
1290 144 136 32 32 0.350992
1290 264 128 32 32 2.471254
1290 272 128 32 32 0.809131
1290 392 128 32 32 3.985479
1290 400 112 32 32 1.129964
1290 154 126 28 28 3.495431
1290 154 133 28 28 3.970674
1290 231 133 28 28 5.918434
1290 238 119 28 28 0.382150
1290 238 126 28 28 2.852310
1290 238 133 28 28 7.084195
1290 245 126 28 28 1.294782
1290 245 133 28 28 7.215024
1290 343 133 28 28 0.590569
1290 350 119 28 28 2.666522
1290 350 126 28 28 3.512861
1290 350 133 28 28 2.473702
1290 357 112 28 28 0.834448
1290 357 119 28 28 4.227207
1290 357 126 28 28 3.560091
1290 357 133 28 28 0.710648
1290 462 133 28 28 0.806707
1290 469 126 28 28 2.805371
1290 469 133 28 28 3.728072
1320 288 16 64 64 0.364309
1320 288 32 64 64 0.687488
1320 198 126 36 36 3.089120
1320 216 126 36 36 0.533018
1320 136 128 32 32 0.171900
1320 136 136 32 32 1.685091
1320 384 112 32 32 1.444983
1320 384 128 32 32 3.070897
1320 392 112 32 32 1.276712
1320 408 112 32 32 0.468805
1320 408 128 32 32 1.052193
1320 112 126 28 28 0.626924
1320 126 126 28 28 0.556091
1320 224 119 28 28 0.515031
1320 224 126 28 28 1.443575
1320 224 133 28 28 4.426548
1320 231 133 28 28 3.014922
1320 357 112 28 28 1.276480
1320 357 119 28 28 2.602371
1320 357 126 28 28 6.383997
1320 357 133 28 28 3.800053
1320 455 133 28 28 0.657381
1320 462 126 28 28 2.297693
1320 462 133 28 28 3.901573
1320 469 133 28 28 0.918936
1320 0 96 24 24 0.780085
1320 6 96 24 24 1.680267
1320 198 84 24 24 3.144379
1320 204 84 24 24 0.578369
1350 32 32 64 64 0.083961
1350 48 32 64 64 2.169309
1350 272 32 64 64 0.315726
1350 288 16 64 64 3.445133
1350 288 32 64 64 5.271130
1350 288 48 64 64 0.462687
1350 352 16 64 64 4.075660
1350 352 32 64 64 5.504420
1350 198 126 36 36 1.533693
1350 192 128 32 32 8.490494
1350 192 136 32 32 4.035104
1350 256 24 32 32 0.282947
1350 384 112 32 32 6.175007
1350 392 112 32 32 4.002667
1350 392 128 32 32 0.796048
1350 400 112 32 32 2.581277
1350 400 128 32 32 2.576887
1350 408 112 32 32 1.425524
1350 112 133 28 28 1.889497
1350 119 126 28 28 0.685128
1350 119 133 28 28 0.712983
1350 224 133 28 28 2.340725
1350 336 112 28 28 0.746431
1350 336 119 28 28 0.621869
1350 336 126 28 28 0.224667
1350 343 119 28 28 0.530944
1350 343 126 28 28 2.113257
1350 350 126 28 28 4.380759
1350 357 126 28 28 3.828665
1350 357 133 28 28 0.182382
1350 448 119 28 28 1.296096
1350 455 119 28 28 2.378849
1350 455 133 28 28 1.243425
1350 462 126 28 28 0.026172
1350 462 133 28 28 1.234547
1350 469 119 28 28 3.940973
1350 469 126 28 28 5.448200
1350 469 133 28 28 4.207043
1350 402 84 24 24 7.418214
1350 492 18 24 24 1.469177
1350 498 18 24 24 2.396043
1380 288 0 64 64 2.736518
1380 288 16 64 64 5.167649
1380 288 32 64 64 4.097878
1380 352 16 64 64 5.443463
1380 352 32 64 64 4.561819
1380 153 126 36 36 4.284447
1380 162 126 36 36 4.433712
1380 459 0 36 36 3.704492
1380 459 9 36 36 1.956609
1380 256 152 32 32 2.748675
1380 384 112 32 32 6.233603
1380 392 112 32 32 2.644783
1380 408 112 32 32 0.519940
1380 14 98 28 28 1.188205
1380 21 98 28 28 3.141932
1380 21 112 28 28 2.848418
1380 336 112 28 28 1.581536
1380 343 112 28 28 4.366799
1380 343 119 28 28 1.878894
1380 350 112 28 28 3.121773
1380 350 119 28 28 6.849719
1380 350 126 28 28 4.089680
1380 350 133 28 28 0.801767
1380 357 112 28 28 0.921975
1380 357 119 28 28 6.013141
1380 357 126 28 28 3.850666
1380 448 133 28 28 2.049509
1380 455 133 28 28 4.608179
1380 462 133 28 28 2.086532
1380 486 6 24 24 0.142609
1380 486 12 24 24 0.390699
1380 492 6 24 24 0.274167
1380 492 12 24 24 1.643064
1380 492 18 24 24 3.361094
1380 498 0 24 24 0.697590
1380 498 6 24 24 3.733315
1380 498 12 24 24 4.916175
1380 498 18 24 24 6.838937
1410 352 0 64 64 7.567236
1410 352 16 64 64 11.201676
1410 352 32 64 64 1.169106
1410 0 140 40 40 0.936910
1410 220 30 40 40 0.267293
1410 0 126 36 36 1.587718
1410 9 144 36 36 5.011124
1410 9 153 36 36 1.706718
1410 18 144 36 36 3.364751
1410 450 126 36 36 4.666966
1410 450 144 36 36 0.711271
1410 450 153 36 36 0.856217
1410 459 126 36 36 2.905771
1410 0 128 32 32 0.746830
1410 8 152 32 32 1.305660
1410 16 144 32 32 1.507557
1410 16 152 32 32 6.785905
1410 24 144 32 32 1.295668
1410 24 152 32 32 7.631210
1410 136 144 32 32 1.512672
1410 144 144 32 32 2.554701
1410 144 152 32 32 3.018462
1410 256 152 32 32 1.453133
1410 264 152 32 32 3.049877
1410 272 144 32 32 0.301783
1410 272 152 32 32 1.387326
1410 400 112 32 32 2.621955
1410 408 112 32 32 4.905320
1410 7 112 28 28 0.028468
1410 7 119 28 28 2.231625
1410 245 14 28 28 2.825937
1410 336 112 28 28 5.355361
1410 343 112 28 28 3.779690
1410 350 112 28 28 0.399136
1410 357 112 28 28 1.292885
1410 448 7 28 28 0.097543
1410 462 126 28 28 0.892383
1410 462 133 28 28 1.779964
1410 469 126 28 28 1.981018
1410 469 133 28 28 1.484120
1410 192 102 24 24 2.463700
1410 390 102 24 24 0.544232
1410 390 108 24 24 1.759506
1410 492 114 24 24 1.960400
1440 32 48 64 64 1.517508
1440 48 48 64 64 0.822567
1440 352 0 64 64 6.197989
1440 352 16 64 64 10.096891
1440 352 32 64 64 4.158780
1440 220 30 40 40 0.259527
1440 384 112 32 32 3.916624
1440 384 128 32 32 0.005912
1440 392 128 32 32 2.105336
1440 408 112 32 32 0.420107
1440 154 98 28 28 1.546898
1440 168 98 28 28 0.993391
1440 238 7 28 28 4.405847
1440 238 14 28 28 2.993348
1440 245 7 28 28 4.051006
1440 343 112 28 28 2.337938
1440 350 112 28 28 3.478074
1440 357 112 28 28 2.590197
1440 448 112 28 28 0.604274
1440 448 119 28 28 3.797792
1440 448 126 28 28 3.080531
1440 448 133 28 28 6.098404
1440 455 133 28 28 1.075825
1440 108 84 24 24 4.236050
1440 108 96 24 24 2.609828
1440 108 102 24 24 2.508460
1440 108 108 24 24 0.742587
1440 204 306 24 24 0.731714
1440 210 306 24 24 0.102737
1440 288 192 24 24 1.942731
1470 352 0 64 64 3.790270
1470 352 16 64 64 5.688619
1470 352 32 64 64 1.889667
1470 396 36 48 48 3.326221
1470 408 36 48 48 6.301631
1470 420 36 48 48 1.452404
1470 396 36 48 48 3.326221
1470 408 36 48 48 6.301631
1470 420 36 48 48 1.452404
1470 0 11 44 44 0.819666
1470 0 22 44 44 0.175411
1470 242 176 44 44 0.703279
1470 0 20 40 40 4.356207
1470 0 30 40 40 2.059631
1470 10 20 40 40 1.713767
1470 30 170 40 40 0.616150
1470 0 27 36 36 3.579172
1470 9 27 36 36 2.924615
1470 198 126 36 36 4.551613
1470 216 126 36 36 0.196024
1470 432 126 36 36 3.502962
1470 441 126 36 36 0.482879
1470 128 112 32 32 0.241301
1470 136 128 32 32 1.420052
1470 272 144 32 32 1.805005
1470 280 136 32 32 3.663168
1470 280 144 32 32 4.165008
1470 384 112 32 32 2.884735
1470 384 128 32 32 0.438060
1470 408 128 32 32 0.273320
1470 112 98 28 28 5.350141
1470 112 112 28 28 3.410930
1470 112 119 28 28 4.857696
1470 112 126 28 28 3.994361
1470 112 133 28 28 1.927610
1470 119 98 28 28 3.443964
1470 119 112 28 28 3.574080
1470 119 119 28 28 7.571332
1470 119 126 28 28 7.729694
1470 119 133 28 28 3.891778
1470 126 98 28 28 4.926539
1470 126 112 28 28 3.218333
1470 126 119 28 28 4.898527
1470 126 126 28 28 6.154891
1470 126 133 28 28 2.035204
1470 350 112 28 28 1.784847
1470 357 112 28 28 3.368138
1470 455 133 28 28 3.745639
1470 462 126 28 28 0.889958
1470 462 133 28 28 5.848530
1470 469 126 28 28 2.287443
1470 469 133 28 28 4.699535
1470 102 102 24 24 0.825693
1470 108 102 24 24 4.390173
1470 108 108 24 24 4.601176
1470 132 108 24 24 2.511653
1470 132 114 24 24 3.314274
1500 16 32 64 64 3.665908
1500 32 32 64 64 6.386591
1500 32 48 64 64 4.525477
1500 48 16 64 64 2.926713
1500 48 32 64 64 4.881406
1500 48 48 64 64 1.986632
1500 198 126 36 36 2.081168
1500 198 144 36 36 1.190611
1500 306 144 36 36 0.992395
1500 432 9 36 36 5.036834
1500 432 18 36 36 4.343739
1500 432 27 36 36 0.476765
1500 441 9 36 36 0.739049
1500 441 18 36 36 0.560629
1500 441 27 36 36 0.019436
1500 450 18 36 36 1.017232
1500 450 27 36 36 2.019793
1500 459 27 36 36 1.384963
1500 16 128 32 32 1.912620
1500 24 128 32 32 1.709860
1500 192 128 32 32 2.708433
1500 192 136 32 32 3.692953
1500 192 144 32 32 0.354036
1500 272 136 32 32 0.214373
1500 272 144 32 32 1.913804
1500 272 152 32 32 0.960606
1500 280 136 32 32 2.435662
1500 280 144 32 32 1.810783
1500 280 152 32 32 1.217682
1500 0 112 28 28 3.847229
1500 0 119 28 28 2.135869
1500 7 119 28 28 2.301634
1500 112 98 28 28 0.756547
1500 112 112 28 28 0.422105
1500 112 133 28 28 1.239231
1500 119 98 28 28 0.056409
1500 448 119 28 28 0.317952
1500 448 126 28 28 0.044456
1500 455 126 28 28 1.134413
1500 469 133 28 28 2.834362
1500 96 114 24 24 3.167821
1500 102 108 24 24 0.019173
1500 102 114 24 24 3.743437
1500 108 114 24 24 2.972798
1500 192 210 24 24 0.237969
1500 198 102 24 24 0.967262
1500 480 0 24 24 1.177080
1500 498 18 24 24 1.483935
1530 0 32 64 64 4.882583
1530 0 48 64 64 1.519032
1530 16 32 64 64 1.572129
1530 256 32 64 64 0.201168
1530 352 0 64 64 1.497136
1530 396 36 48 48 0.280765
1530 396 36 48 48 0.280765
1530 144 126 36 36 4.473517
1530 144 144 36 36 1.735248
1530 153 126 36 36 4.955655
1530 153 144 36 36 0.782009
1530 198 126 36 36 0.123612
1530 288 126 36 36 2.801225
1530 297 126 36 36 2.692991
1530 306 126 36 36 4.455551
1530 315 126 36 36 3.298402
1530 272 136 32 32 3.306016
1530 272 144 32 32 1.792073
1530 280 136 32 32 3.094168
1530 280 144 32 32 2.143628
1530 448 119 28 28 3.342291
1530 448 126 28 28 1.919996
1530 455 119 28 28 3.610883
1530 0 114 24 24 1.835756
1530 96 102 24 24 3.295988
1530 144 84 24 24 0.020245
1530 384 114 24 24 5.556802
1530 498 300 24 24 1.079526
1560 32 48 64 64 0.154107
1560 48 48 64 64 2.614912
1560 352 0 64 64 0.633852
1560 352 16 64 64 2.750309
1560 0 0 44 44 1.110214
1560 0 11 44 44 0.276596
1560 0 20 40 40 3.215688
1560 10 20 40 40 3.949552
1560 0 27 36 36 0.995798
1560 9 27 36 36 4.441650
1560 18 27 36 36 5.783836
1560 27 27 36 36 1.635520
1560 288 126 36 36 3.235359
1560 297 126 36 36 5.496922
1560 306 126 36 36 3.034274
1560 192 136 32 32 0.891378
1560 192 144 32 32 2.596560
1560 256 144 32 32 2.960505
1560 256 152 32 32 1.018941
1560 264 144 32 32 2.241084
1560 264 152 32 32 1.649270
1560 272 136 32 32 0.860447
1560 272 144 32 32 3.090635
1560 272 152 32 32 0.285290
1560 280 136 32 32 4.938835
1560 280 144 32 32 0.945380
1560 384 112 32 32 0.117023
1560 384 136 32 32 1.542371
1560 384 144 32 32 0.650575
1560 357 98 28 28 1.039173
1560 469 119 28 28 1.635985
1560 0 114 24 24 0.228143
1560 102 192 24 24 0.357033
1560 384 108 24 24 1.264403
1560 384 114 24 24 3.216251
1560 390 114 24 24 0.205807
1590 352 16 64 64 1.069738
1590 352 32 64 64 3.406817
1590 22 154 44 44 0.246647
1590 30 160 40 40 1.636284
1590 27 162 36 36 0.467996
1590 27 171 36 36 0.625525
1590 288 126 36 36 5.106687
1590 297 126 36 36 1.235532
1590 256 144 32 32 3.933157
1590 256 152 32 32 2.247222
1590 264 136 32 32 2.666446
1590 264 144 32 32 2.563537
1590 272 136 32 32 2.027755
1590 272 144 32 32 0.558159
1590 280 136 32 32 1.993255
1590 280 144 32 32 2.818031
1590 280 152 32 32 0.793200
1590 0 98 28 28 7.046995
1590 7 98 28 28 4.914722
1590 14 98 28 28 1.118551
1590 336 98 28 28 2.319278
1590 343 98 28 28 5.734089
1590 350 98 28 28 4.827232
1590 350 112 28 28 5.056587
1590 357 98 28 28 2.752337
1590 357 112 28 28 5.170288
1590 0 102 24 24 4.341895
1590 0 108 24 24 5.231277
1590 0 114 24 24 1.968291
1590 0 192 24 24 0.900206
1590 0 198 24 24 2.610793
1590 0 204 24 24 0.211859
1590 6 102 24 24 5.035394
1590 6 108 24 24 7.584999
1590 6 114 24 24 4.046913
1590 12 102 24 24 2.781567
1590 12 108 24 24 3.935024
1590 12 114 24 24 0.146761
1590 18 102 24 24 0.938826
1620 352 16 64 64 2.133749
1620 352 32 64 64 4.474604
1620 352 48 64 64 2.332454
1620 187 33 44 44 2.538429
1620 30 140 40 40 2.379084
1620 320 140 40 40 1.859697
1620 144 144 36 36 4.097765
1620 198 27 36 36 0.253982
1620 216 144 36 36 0.024241
1620 288 144 36 36 5.291479
1620 297 126 36 36 0.898320
1620 297 144 36 36 1.443423
1620 315 144 36 36 1.975114
1620 144 152 32 32 1.140047
1620 272 144 32 32 0.449874
1620 280 144 32 32 6.464953
1620 280 152 32 32 6.541008
1620 350 112 28 28 1.342720
1620 357 112 28 28 3.944123
1620 462 126 28 28 0.014606
1620 462 133 28 28 0.846040
1620 96 108 24 24 0.021363
1620 96 114 24 24 3.500853
1620 192 108 24 24 3.776294
1620 192 114 24 24 4.126359
1620 198 102 24 24 0.608126
1620 198 108 24 24 3.893997
1620 204 102 24 24 3.448599
1620 204 108 24 24 5.487473
1620 210 102 24 24 3.593641
1620 210 108 24 24 3.072957
1620 384 108 24 24 1.262758
1620 384 114 24 24 4.564665
1620 390 114 24 24 1.210471
1620 396 108 24 24 3.248447
1620 396 114 24 24 4.776642
1620 402 102 24 24 1.136336
1620 402 108 24 24 3.318765
1620 402 114 24 24 4.718785
1650 32 48 64 64 0.681485
1650 24 24 48 48 1.760231
1650 24 24 48 48 1.760231
1650 33 33 44 44 1.344159
1650 330 140 40 40 1.138972
1650 297 144 36 36 1.564239
1650 315 144 36 36 1.599272
1650 8 112 32 32 2.031054
1650 384 112 32 32 4.031833
1650 7 112 28 28 0.452935
1650 7 119 28 28 1.149522
1650 14 112 28 28 3.254968
1650 14 119 28 28 4.144832
1650 14 126 28 28 0.217949
1650 21 119 28 28 1.574929
1650 112 112 28 28 0.311594
1650 112 119 28 28 4.715942
1650 112 126 28 28 4.282509
1650 112 133 28 28 3.744835
1650 119 133 28 28 1.793728
1650 224 98 28 28 0.479369
1650 469 133 28 28 2.788862
1650 96 210 24 24 0.631351
1650 102 204 24 24 0.647730
1650 102 210 24 24 5.743227
1650 132 198 24 24 0.771855
1650 132 204 24 24 2.499906
1650 132 210 24 24 3.377751
1650 210 102 24 24 0.130104
1650 396 108 24 24 0.622700
1650 396 114 24 24 2.312712
1650 402 108 24 24 1.059273
1650 402 114 24 24 0.086329
1680 384 36 48 48 1.631726
1680 396 36 48 48 3.773920
1680 408 36 48 48 0.853844
1680 384 36 48 48 1.631726
1680 396 36 48 48 3.773920
1680 408 36 48 48 0.853844
1680 176 11 44 44 0.768339
1680 176 33 44 44 0.321994
1680 180 0 40 40 0.030908
1680 180 10 40 40 1.013449
1680 180 20 40 40 0.393670
1680 9 126 36 36 2.159246
1680 9 171 36 36 1.187272
1680 18 126 36 36 1.593418
1680 18 144 36 36 0.610985
1680 288 144 36 36 2.026237
1680 297 144 36 36 0.519902
1680 306 144 36 36 1.813866
1680 8 144 32 32 2.961947
1680 16 112 32 32 0.604033
1680 16 144 32 32 4.154222
1680 24 112 32 32 2.573257
1680 24 136 32 32 1.291473
1680 24 144 32 32 4.348960
1680 24 152 32 32 1.417493
1680 408 112 32 32 1.210865
1680 0 238 28 28 0.184831
1680 7 231 28 28 2.351366
1680 7 238 28 28 6.708394
1680 7 245 28 28 5.252522
1680 14 231 28 28 2.339255
1680 14 238 28 28 5.327019
1680 14 245 28 28 3.950435
1680 112 119 28 28 2.572100
1680 119 112 28 28 0.858304
1680 119 119 28 28 0.987325
1680 168 112 28 28 2.308206
1680 168 119 28 28 1.615129
1680 455 133 28 28 0.353682
1680 18 6 24 24 1.083812
1680 108 114 24 24 1.210573
1680 390 114 24 24 1.809038
1680 402 108 24 24 3.067031
1680 402 114 24 24 3.969149
1710 272 48 64 64 1.042928
1710 396 24 48 48 2.613586
1710 408 12 48 48 3.674981
1710 408 24 48 48 5.295870
1710 420 0 48 48 1.939314
1710 420 12 48 48 3.213117
1710 420 24 48 48 2.635473
1710 396 24 48 48 2.613586
1710 408 12 48 48 3.674981
1710 408 24 48 48 5.295870
1710 420 0 48 48 1.939314
1710 420 12 48 48 3.213117
1710 420 24 48 48 2.635473
1710 160 0 40 40 2.620217
1710 0 126 36 36 1.302423
1710 9 126 36 36 2.681542
1710 18 126 36 36 3.659334
1710 144 9 36 36 0.498052
1710 162 9 36 36 0.400665
1710 288 144 36 36 3.592835
1710 441 27 36 36 0.451626
1710 459 126 36 36 1.512251
1710 459 144 36 36 0.177667
1710 0 112 32 32 3.116360
1710 0 128 32 32 3.440720
1710 0 136 32 32 1.025260
1710 8 112 32 32 2.337662
1710 8 128 32 32 3.965831
1710 8 136 32 32 3.485283
1710 16 128 32 32 1.426121
1710 16 136 32 32 2.673089
1710 24 112 32 32 4.740932
1710 24 128 32 32 3.539458
1710 24 136 32 32 4.625351
1710 24 144 32 32 0.513651
1710 272 152 32 32 2.395341
1710 280 144 32 32 3.333790
1710 280 152 32 32 4.058147
1710 408 112 32 32 4.692654
1710 7 126 28 28 2.265922
1710 7 133 28 28 3.132820
1710 14 112 28 28 1.464316
1710 14 119 28 28 0.605031
1710 14 126 28 28 1.382687
1710 14 133 28 28 3.406999
1710 21 112 28 28 3.252664
1710 154 119 28 28 3.714658
1710 357 119 28 28 0.027955
1710 448 133 28 28 0.825496
1710 480 288 24 24 0.225755
1710 486 288 24 24 0.246631
1740 352 32 64 64 4.759060
1740 352 48 64 64 1.975026
1740 384 36 48 48 3.039801
1740 396 12 48 48 2.476027
1740 396 216 48 48 0.723507
1740 396 228 48 48 0.462076
1740 408 204 48 48 1.174593
1740 408 216 48 48 4.184412
1740 408 228 48 48 4.681881
1740 420 0 48 48 2.934263
1740 420 204 48 48 3.653570
1740 420 216 48 48 4.238252
1740 420 228 48 48 5.309036
1740 384 36 48 48 3.039801
1740 396 12 48 48 2.476027
1740 396 216 48 48 0.723507
1740 396 228 48 48 0.462076
1740 408 204 48 48 1.174593
1740 408 216 48 48 4.184412
1740 408 228 48 48 4.681881
1740 420 0 48 48 2.934263
1740 420 204 48 48 3.653570
1740 420 216 48 48 4.238252
1740 420 228 48 48 5.309036
1740 459 9 36 36 0.470059
1740 256 152 32 32 0.912684
1740 264 144 32 32 1.695438
1740 264 152 32 32 0.958540
1740 272 144 32 32 0.638040
1740 280 144 32 32 2.495355
1740 280 152 32 32 0.035785
1740 408 128 32 32 0.712148
1740 408 136 32 32 4.000590
1740 408 144 32 32 2.212978
1740 0 112 28 28 1.326976
1740 112 119 28 28 1.608785
1740 119 112 28 28 2.619314
1740 119 119 28 28 4.917174
1740 126 119 28 28 4.024947
1740 168 112 28 28 0.716925
1740 336 112 28 28 2.525981
1740 336 119 28 28 3.617712
1740 343 112 28 28 6.179003
1740 343 119 28 28 6.066411
1740 343 126 28 28 2.241645
1740 343 133 28 28 1.346787
1740 350 112 28 28 4.215521
1740 350 119 28 28 5.761863
1740 350 126 28 28 3.986483
1740 350 133 28 28 2.057413
1740 357 112 28 28 2.715260
1740 357 119 28 28 0.295837
1740 462 238 28 28 2.685575
1740 462 245 28 28 0.791951
1740 469 238 28 28 4.274598
1740 469 245 28 28 2.701458
1740 384 108 24 24 0.676149
1740 390 114 24 24 3.003358
1740 480 288 24 24 1.737839
1740 480 294 24 24 4.203883
1740 480 300 24 24 4.837651
1740 480 306 24 24 0.168159
1740 486 288 24 24 0.466312
1740 486 294 24 24 0.800139
1740 486 300 24 24 0.745492
1740 498 18 24 24 0.067490
1770 0 16 64 64 3.278075
1770 16 0 64 64 2.106729
1770 16 16 64 64 0.771834
1770 32 0 64 64 2.963979
1770 48 0 64 64 2.371853
1770 48 32 64 64 1.110036
1770 288 0 64 64 2.461099
1770 288 16 64 64 0.398434
1770 352 0 64 64 2.153699
1770 384 0 48 48 5.609752
1770 396 0 48 48 0.662204
1770 384 0 48 48 5.609752
1770 396 0 48 48 0.662204
1770 352 11 44 44 1.732072
1770 352 33 44 44 1.227822
1770 363 0 44 44 1.610585
1770 363 11 44 44 3.767051
1770 374 0 44 44 6.375111
1770 374 11 44 44 6.601006
1770 385 0 44 44 6.579309
1770 385 11 44 44 4.604957
1770 170 140 40 40 0.310562
1770 180 140 40 40 5.420295
1770 350 20 40 40 1.542323
1770 350 30 40 40 1.627217
1770 350 140 40 40 4.497170
1770 0 0 36 36 0.032462
1770 198 144 36 36 2.347192
1770 198 153 36 36 1.381983
1770 192 152 32 32 1.022558
1770 272 256 32 32 1.029298
1770 280 112 32 32 1.695831
1770 280 152 32 32 1.853627
1770 14 126 28 28 1.752506
1770 14 133 28 28 4.424094
1770 21 126 28 28 0.109596
1770 112 119 28 28 1.700590
1770 238 126 28 28 0.372707
1770 238 133 28 28 1.141306
1770 336 98 28 28 0.298816
1770 336 238 28 28 0.465770
1770 336 245 28 28 5.028385
1770 343 98 28 28 0.795688
1770 343 238 28 28 1.490278
1770 343 245 28 28 5.211686
1770 350 238 28 28 1.406515
1770 350 245 28 28 4.171129
1770 357 245 28 28 1.117513
1770 210 192 24 24 0.491792
1770 306 114 24 24 2.208723
1770 384 192 24 24 2.507129
1770 390 192 24 24 2.765654
1770 390 198 24 24 0.918004
1770 396 102 24 24 0.359205
1770 396 192 24 24 1.483868
1800 192 36 48 48 1.457938
1800 204 36 48 48 1.664566
1800 264 0 48 48 4.012761
1800 192 36 48 48 1.457938
1800 204 36 48 48 1.664566
1800 264 0 48 48 4.012761
1800 187 154 44 44 0.309547
1800 264 0 44 44 5.945314
1800 264 11 44 44 2.911910
1800 320 0 40 40 3.535249
1800 320 10 40 40 3.769637
1800 330 0 40 40 1.246382
1800 144 288 36 36 0.213924
1800 288 9 36 36 5.392900
1800 288 18 36 36 11.341866
1800 288 27 36 36 6.365714
1800 297 9 36 36 3.770697
1800 297 18 36 36 5.738009
1800 297 27 36 36 5.613371
1800 306 9 36 36 2.706731
1800 306 18 36 36 5.554661
1800 306 27 36 36 3.343204
1800 315 9 36 36 1.525772
1800 315 18 36 36 4.422648
1800 315 27 36 36 1.717883
1800 192 128 32 32 3.624418
1800 384 112 32 32 0.890369
1800 392 112 32 32 2.630285
1800 400 112 32 32 0.365385
1800 14 21 28 28 1.677475
1800 21 21 28 28 0.858752
1800 119 7 28 28 2.741306
1800 119 14 28 28 0.099726
1800 224 98 28 28 0.721059
1800 224 112 28 28 0.048088
1800 224 119 28 28 2.510875
1800 224 126 28 28 0.003775
1800 231 98 28 28 2.068000
1800 231 112 28 28 0.931719
1800 231 119 28 28 3.713320
1800 231 126 28 28 1.769343
1800 238 98 28 28 0.496416
1800 245 98 28 28 0.595105
1800 18 198 24 24 0.624559
1800 96 6 24 24 1.149260
1800 96 12 24 24 2.807407
1800 102 6 24 24 0.447599
1800 102 12 24 24 3.932276
1800 198 108 24 24 1.578945
1800 198 114 24 24 3.549339
1800 204 114 24 24 1.949885
