30 27 126 36 36 3.111807
60 8 128 32 32 2.447712
90 204 114 24 24 2.067260
120 210 108 24 24 4.247711
150 204 96 24 24 3.107414
180 306 96 24 24 5.315585
210 384 8 32 32 6.354833
240 402 18 24 24 4.196264
270 27 144 36 36 4.705611
300 216 27 36 36 6.636337
330 96 84 24 24 1.008229
360 136 144 32 32 7.910996
390 272 152 32 32 8.288560
420 330 140 40 40 7.649581
450 384 114 24 24 3.812613
480 288 0 64 64 4.148593
510 231 98 28 28 3.995684
540 336 119 28 28 4.316513
570 336 119 28 28 6.793687
600 336 133 28 28 5.799409
630 390 96 24 24 4.534675
660 336 98 28 28 3.961378
690 154 119 28 28 5.981484
720 256 8 32 32 5.694423
750 315 9 36 36 5.405219
780 469 112 28 28 4.558870
810 256 112 32 32 3.940184
840 384 24 32 32 5.603685
870 384 24 32 32 6.520033
900 340 170 40 40 3.832592
930 384 24 32 32 5.453083
960 288 27 36 36 5.146404
990 192 136 32 32 3.760071
1020 469 126 28 28 2.533313
1050 384 112 32 32 5.682349
1080 144 112 32 32 5.236946
1110 384 112 32 32 0.703056
1140 400 0 32 32 5.412652
1170 462 119 28 28 4.156924
1200 119 119 28 28 6.236899
1230 264 36 48 48 6.941482
1260 126 112 28 28 8.808185
1290 112 119 28 28 9.627084
1320 245 112 28 28 6.445353
1350 0 0 64 64 6.573826
1380 384 112 32 32 5.263464
1410 242 33 44 44 7.062819
1440 300 96 24 24 9.003389
1470 357 14 28 28 6.772641
1500 0 0 36 36 6.967505
1530 240 140 40 40 8.797647
1560 306 153 36 36 3.568898
1590 280 112 32 32 8.377564
1620 7 133 28 28 6.462467
1650 8 128 32 32 9.113218
1680 448 112 28 28 4.997910
1710 0 112 28 28 5.381354
1740 16 0 64 64 4.756159
1770 0 108 24 24 3.924364
1800 16 112 32 32 3.303780
1830 357 98 28 28 2.614389
