30 384 152 32 32 9.525482
60 432 126 36 36 6.234732
90 448 133 28 28 8.879536
120 448 133 28 28 4.645575
150 448 133 28 28 8.709417
180 448 133 28 28 8.522920
210 448 133 28 28 9.790987
240 448 133 28 28 9.417966
270 448 133 28 28 8.771643
300 448 126 28 28 7.562201
330 448 133 28 28 9.780254
360 448 133 28 28 9.982001
390 448 126 28 28 7.882322
420 448 133 28 28 7.560573
450 448 126 28 28 8.139500
480 448 126 28 28 7.994561
510 448 126 28 28 8.179423
540 448 133 28 28 9.634398
570 448 133 28 28 9.624613
600 441 126 36 36 7.450539
630 432 126 36 36 4.641872
660 448 126 28 28 7.268184
690 8 112 32 32 6.073908
720 280 112 32 32 5.603759
750 297 126 36 36 7.370174
780 272 112 32 32 5.960396
810 32 16 64 64 5.143365
840 192 112 32 32 3.991989
870 384 152 32 32 2.975044
900 0 187 44 44 3.636148
930 469 133 28 28 5.194462
960 192 112 32 32 7.483451
990 432 126 36 36 7.430105
1020 272 112 32 32 7.094648
1050 272 112 32 32 8.670732
1080 448 133 28 28 7.209117
1110 448 133 28 28 7.592088
1140 192 128 32 32 5.735500
1170 192 128 32 32 4.824072
1200 192 112 32 32 5.901279
1230 280 112 32 32 5.795673
1260 272 112 32 32 7.066231
1290 272 112 32 32 6.937125
1320 272 112 32 32 6.974315
1350 272 112 32 32 7.746904
1380 192 112 32 32 5.908517
1410 192 112 32 32 4.185530
1440 192 112 32 32 6.609453
1470 280 112 32 32 6.480568
1500 272 112 32 32 6.627895
1530 272 112 32 32 6.851375
1560 272 112 32 32 7.195010
1590 192 112 32 32 7.793187
1620 272 112 32 32 6.913106
1650 469 133 28 28 5.180573
1680 469 133 28 28 4.727324
1710 469 126 28 28 4.969256
1740 192 112 32 32 5.685111
1770 192 112 32 32 6.510854
1800 192 112 32 32 3.988090
1830 384 112 32 32 3.642325
