30 400 144 32 32 8.063560
60 112 119 28 28 8.176860
90 210 96 24 24 9.785429
120 21 133 28 28 8.810861
150 402 102 24 24 9.114070
180 288 24 48 48 8.323903
210 448 126 28 28 6.769295
240 288 24 48 48 8.972447
270 384 96 24 24 8.382365
300 363 33 44 44 7.880624
330 176 22 44 44 8.086110
360 132 114 24 24 8.956957
390 264 0 48 48 9.096130
420 288 12 48 48 6.521472
450 12 24 48 48 9.251151
480 492 0 24 24 8.116015
510 192 24 48 48 7.013826
540 264 33 44 44 5.231940
570 384 114 24 24 5.384739
600 231 14 28 28 5.665912
630 288 36 48 48 6.616128
660 288 36 48 48 7.022002
690 392 112 32 32 6.146660
720 198 9 36 36 5.129497
750 392 112 32 32 4.739323
780 392 112 32 32 3.998385
810 392 112 32 32 4.213508
840 392 112 32 32 3.907444
870 392 112 32 32 4.349802
900 392 112 32 32 4.060757
930 392 128 32 32 4.842805
960 400 136 32 32 5.137115
990 486 198 24 24 5.978730
1020 256 0 64 64 5.754820
1050 288 108 24 24 8.237719
1080 492 12 24 24 7.376113
1110 306 114 24 24 4.503803
1140 462 126 28 28 8.421698
1170 300 96 24 24 5.307779
1200 264 24 48 48 8.099730
1230 400 128 32 32 8.104801
1260 486 6 24 24 8.036597
1290 455 98 28 28 8.097680
1320 108 84 24 24 5.545006
1350 336 112 28 28 5.310027
1380 306 102 24 24 9.711451
1410 306 96 24 24 7.578934
1440 402 102 24 24 8.387350
1470 343 98 28 28 6.873007
1500 357 98 28 28 8.729941
1530 384 114 24 24 7.622590
1560 408 112 32 32 7.433858
1590 448 21 28 28 6.988214
1620 455 112 28 28 9.336366
1650 192 114 24 24 3.695791
1680 168 119 28 28 4.404266
1710 168 98 28 28 5.553107
1740 198 108 24 24 4.461124
1770 168 112 28 28 5.481336
1800 168 112 28 28 7.029675
1830 168 112 28 28 5.995866
