30 187 154 44 44 7.192686
60 216 171 36 36 7.106458
90 216 171 36 36 7.422414
120 216 171 36 36 5.432386
150 198 171 36 36 4.879520
180 0 84 24 24 6.144485
210 462 133 28 28 6.294509
240 198 162 36 36 6.279753
270 352 16 64 64 6.301702
300 216 162 36 36 7.001276
330 343 112 28 28 8.354502
360 392 112 32 32 8.761155
390 352 16 64 64 6.957220
420 198 153 36 36 5.251985
450 216 162 36 36 6.059529
480 392 112 32 32 6.800575
510 220 140 40 40 7.931111
540 238 119 28 28 7.480194
570 224 119 28 28 6.568777
600 392 144 32 32 7.289567
630 14 126 28 28 5.197050
660 498 114 24 24 8.218560
690 384 96 24 24 7.016568
720 352 33 44 44 8.472786
750 396 36 48 48 9.175126
780 357 98 28 28 8.710636
810 390 102 24 24 9.947356
840 402 114 24 24 6.137619
870 384 36 48 48 4.689821
900 469 112 28 28 4.907921
930 357 119 28 28 2.585091
960 14 119 28 28 2.050203
990 384 112 32 32 5.770882
1020 400 112 32 32 7.854782
1050 455 133 28 28 5.082418
1080 198 126 36 36 5.770218
1110 384 112 32 32 3.833799
1140 18 171 36 36 4.357647
1170 198 144 36 36 6.172668
1200 198 144 36 36 6.005786
1230 0 48 64 64 6.886572
1260 144 171 36 36 8.268015
1290 441 126 36 36 9.326530
1320 288 24 48 48 4.080284
1350 343 112 28 28 7.467972
1380 352 33 44 44 4.662596
1410 462 126 28 28 5.858225
1440 231 126 28 28 9.653380
1470 264 128 32 32 9.903974
1500 306 126 36 36 9.187368
1530 343 126 28 28 6.995035
1560 441 153 36 36 7.110998
1590 384 102 24 24 3.546774
1620 288 36 48 48 5.905870
1650 288 36 48 48 5.616144
1680 256 0 64 64 7.107429
1710 7 119 28 28 5.251861
1740 408 112 32 32 6.628745
1770 343 98 28 28 4.886904
1800 392 144 32 32 5.872305
1830 384 36 48 48 7.495031
