30 392 112 32 32 6.638429
60 272 112 32 32 5.986974
90 0 16 64 64 7.078308
120 441 126 36 36 8.309057
150 128 128 32 32 5.030604
180 288 0 64 64 6.789758
210 216 27 36 36 9.949786
240 220 10 40 40 7.436444
270 216 27 36 36 9.255066
300 220 20 40 40 9.736925
330 288 84 24 24 8.318346
360 288 84 24 24 7.827011
390 240 30 40 40 7.250280
420 240 30 40 40 7.692021
450 240 30 40 40 7.657182
480 240 30 40 40 7.807293
510 240 30 40 40 7.451962
540 240 30 40 40 7.283344
570 448 133 28 28 9.389486
600 240 30 40 40 7.326156
630 455 112 28 28 7.909195
660 288 96 24 24 7.993931
690 240 30 40 40 7.503190
720 240 30 40 40 7.303290
750 0 126 28 28 8.772741
780 240 30 40 40 7.311182
810 288 96 24 24 7.553231
840 288 96 24 24 8.866585
870 242 33 44 44 6.758524
900 245 98 28 28 8.770968
930 245 126 28 28 8.769405
960 126 119 28 28 6.814511
990 204 84 24 24 6.764047
1020 256 136 32 32 6.924856
1050 432 144 36 36 5.846291
1080 32 48 64 64 9.341342
1110 288 16 64 64 3.435581
1140 119 133 28 28 6.568210
1170 390 114 24 24 3.683278
1200 384 108 24 24 4.738038
1230 384 36 48 48 5.512914
1260 242 22 44 44 4.867145
1290 420 36 48 48 8.117924
1320 288 36 48 48 6.042495
1350 336 98 28 28 7.888426
1380 204 24 48 48 8.004912
1410 245 21 28 28 7.954091
1440 6 108 24 24 9.401988
1470 384 24 48 48 6.115294
1500 108 102 24 24 5.173649
1530 306 108 24 24 6.171452
1560 455 98 28 28 6.769562
1590 132 96 24 24 5.752348
1620 36 12 48 48 8.155064
1650 108 6 24 24 8.319336
1680 144 102 24 24 9.159430
1710 336 126 28 28 9.428288
1740 96 114 24 24 9.432572
1770 6 108 24 24 5.131048
1800 0 108 24 24 6.177593
1830 192 6 24 24 4.089552
