30 176 152 32 32 8.546832
60 96 114 24 24 4.019078
90 0 216 48 48 6.284368
120 242 187 44 44 9.916500
150 306 126 36 36 3.691889
180 9 9 36 36 2.404271
210 96 6 24 24 2.651138
240 480 288 24 24 1.173480
270 132 6 24 24 3.305241
300 264 12 48 48 1.529810
330 48 48 64 64 2.007209
360 16 48 64 64 1.818957
390 0 18 24 24 0.957214
540 14 126 28 28 0.905089
570 48 32 64 64 0.723224
630 204 0 24 24 2.545964
660 288 210 24 24 4.701612
690 18 306 36 36 5.316106
720 6 18 24 24 4.348535
750 24 128 32 32 5.783881
780 272 0 64 64 6.402791
810 27 126 36 36 7.067852
840 300 114 24 24 9.532754
870 384 24 48 48 5.511859
900 448 21 28 28 5.815758
930 288 108 24 24 8.692534
960 306 114 24 24 9.362834
990 340 140 40 40 6.252110
1020 343 126 28 28 7.853375
1050 350 133 28 28 9.437478
1080 450 0 36 36 5.155687
1110 350 133 28 28 6.493783
1140 245 112 28 28 6.468328
1170 343 112 28 28 6.834261
1200 0 0 44 44 7.094563
1230 198 27 36 36 7.670238
1260 126 133 28 28 5.973150
1290 462 119 28 28 6.016402
1320 392 144 32 32 5.084497
1350 448 133 28 28 6.591175
1380 469 133 28 28 8.315081
1410 469 126 28 28 8.677951
1440 272 16 64 64 7.794790
1470 256 16 64 64 8.216556
1500 256 16 64 64 8.869897
1530 272 0 64 64 6.988293
1560 0 20 40 40 8.777639
1590 192 144 32 32 4.722505
1620 0 14 28 28 4.110532
1650 18 18 24 24 7.520584
1680 6 12 24 24 9.388790
1710 0 6 24 24 8.746765
1740 300 102 24 24 5.977365
1770 224 133 28 28 4.425711
1800 264 154 44 44 4.793208
1830 27 153 36 36 3.194784
