30 192 14 48 48 9.764486
60 30 16 64 64 7.160685
90 286 111 25 25 9.243338
120 217 160 37 37 9.310468
150 374 176 43 43 8.293576
180 134 129 32 32 9.718945
210 488 191 24 24 3.255132
240 11 144 32 32 5.432995
270 387 127 32 32 8.174542
300 36 32 64 64 5.831707
330 0 100 26 26 9.057186
360 198 289 24 24 8.477582
390 234 112 28 28 9.636115
420 12 0 24 24 6.356107
450 404 112 32 32 9.219861
480 466 130 28 28 9.079187
510 466 133 27 27 6.656834
540 413 36 47 47 7.998060
570 455 144 36 36 7.995017
600 432 126 36 36 5.128974
630 116 125 27 27 6.255378
660 467 133 28 28 2.644302
690 387 112 32 32 3.507338
720 0 131 30 30 7.138556
750 395 107 24 24 8.335111
780 393 107 23 23 6.065430
810 395 107 24 24 8.485503
840 393 108 24 24 5.977396
870 387 143 32 32 5.071061
900 390 142 32 32 5.300429
930 389 141 32 32 8.012470
960 394 111 24 24 8.786681
990 396 108 24 24 9.825442
1020 394 112 24 24 10.795716
1050 393 112 24 24 8.089407
1080 399 112 32 32 8.742882
1110 130 151 32 32 3.385256
1140 402 112 32 32 7.113514
1170 387 112 29 29 7.515355
1200 393 112 23 23 7.267662
1230 393 112 26 26 8.073260
1260 393 113 25 25 4.825102
1290 387 112 28 28 5.600989
1320 393 112 25 25 8.842331
1350 394 112 24 24 8.501680
1380 393 113 24 24 7.498690
1410 462 130 31 31 9.901997
1440 394 112 24 24 8.695356
1470 400 97 23 23 8.475580
1500 454 225 28 28 9.949807
1530 383 153 43 43 7.024142
1560 10 98 28 28 5.647058
1590 405 128 32 32 5.849985
1620 176 134 32 32 9.077382
1650 488 102 24 24 5.596947
1680 284 27 56 56 7.882821
1710 387 112 32 32 6.761625
1740 395 112 32 32 7.218804
1770 14 130 33 33 7.967726
1800 432 162 36 36 7.995316
1830 12 3 32 32 8.334702
