30 405 152 32 32 4.215037
60 332 179 40 40 9.637426
90 263 18 47 47 9.435221
120 293 209 24 24 7.789652
150 289 2 24 24 8.995300
180 463 132 28 28 7.624085
210 432 153 36 36 1.224072
240 351 21 28 28 4.967156
270 402 149 32 32 5.206123
300 444 0 36 36 3.900093
330 486 198 24 24 4.798075
360 442 127 32 32 8.135536
390 152 127 28 28 9.969915
420 11 131 27 27 9.192184
450 462 98 28 28 8.694519
480 480 111 24 24 5.978618
510 131 101 24 24 6.704602
540 96 111 24 24 8.547836
570 3 112 30 30 8.508954
600 3 130 30 30 7.025866
630 450 133 28 28 8.990616
660 345 120 28 28 9.648923
690 401 113 27 27 8.077308
720 123 127 28 28 8.253321
750 15 132 27 27 6.421065
780 3 98 28 28 7.937602
810 112 128 28 28 4.110371
840 153 114 28 28 6.488799
870 96 111 24 24 7.530672
900 152 114 28 28 8.469221
930 154 121 27 27 8.303585
960 12 131 31 31 6.679043
990 125 129 27 27 9.906346
1020 386 114 24 24 4.894542
1050 112 113 28 28 8.251622
1080 112 123 28 28 6.726234
1110 1 130 29 29 9.106409
1140 481 198 24 24 7.834866
1170 118 127 27 27 8.293019
1200 20 112 32 32 9.755693
1230 116 125 27 27 9.464053
1260 154 119 28 28 5.210105
1290 486 112 24 24 6.697626
1320 1 101 26 26 7.739618
1350 436 126 36 36 8.247288
1380 490 96 24 24 7.146262
1410 439 144 36 36 8.706389
1440 384 24 48 48 6.688066
1470 9 127 30 30 4.184897
1500 15 131 29 29 7.556118
1530 5 113 29 29 9.176001
1560 469 129 27 27 6.534228
1590 288 16 64 64 0.040978
1620 462 131 27 27 6.167479
1650 143 113 24 24 3.880612
1680 461 0 28 28 3.234684
1710 498 196 24 24 9.334743
1740 448 133 28 28 1.134484
1770 4 113 30 30 8.500650
1800 284 26 64 64 9.130051
1830 11 127 28 28 9.821218
1860 154 122 27 27 9.533947
1890 17 112 28 28 8.499133
1920 33 36 48 48 7.915068
1950 154 122 28 28 9.384794
