30 457 164 35 35 5.196292
60 402 16 30 30 5.805188
90 131 128 32 32 3.901948
120 401 128 32 32 7.451767
150 352 32 64 64 2.156972
180 496 196 24 24 6.154993
210 265 112 32 32 6.633116
240 462 116 28 28 8.378173
270 467 121 27 27 9.592304
300 352 12 28 28 6.736745
330 399 192 24 24 8.285537
360 455 131 28 28 5.047600
390 125 121 28 28 8.081073
420 115 126 27 27 5.064595
450 357 123 28 28 8.099420
480 404 112 32 32 9.965077
510 20 127 30 30 6.422055
540 0 145 38 38 6.477852
570 22 22 30 30 4.908156
600 2 130 29 29 6.643816
630 456 126 28 28 5.148802
660 20 112 32 32 5.560096
690 3 132 28 28 9.210644
720 391 10 48 48 9.541268
750 356 26 52 52 9.901196
780 348 127 27 27 8.951870
810 401 0 32 32 9.805976
840 144 96 24 24 8.355412
870 131 96 24 24 6.114249
900 108 114 24 24 3.676377
930 98 113 23 23 4.953110
960 467 114 28 28 9.502477
990 19 127 28 28 9.656594
1020 18 132 28 28 8.176338
1050 458 129 32 32 6.199345
1080 458 127 34 34 5.199575
1110 435 126 36 36 4.239867
1140 483 113 24 24 9.060991
1170 432 126 36 36 5.257290
1200 14 141 33 33 7.180663
1230 436 125 35 35 9.535477
1260 436 126 36 36 9.723452
1290 436 126 36 36 9.165138
1320 455 125 35 35 8.790141
1350 455 126 36 36 9.966190
1380 450 126 36 36 9.821138
1410 443 125 35 35 6.813072
1440 113 113 27 27 7.301190
1470 96 111 24 24 9.747852
1500 400 135 32 32 9.832958
1530 352 28 64 64 9.795750
1560 114 125 28 28 9.779331
1590 406 112 32 32 7.856136
1620 353 98 28 28 8.901625
1650 112 125 28 28 6.818142
1680 290 113 23 23 9.804056
1710 391 138 32 32 9.428611
1740 436 144 36 36 9.325094
1770 400 151 32 32 7.736873
1800 355 125 28 28 7.983639
1830 491 111 24 24 8.106965
