30 30 240 20 40 7.583479
60 373 45 18 36 3.356654
90 72 204 24 48 2.350144
120 373 45 18 36 2.750744
150 495 165 12 24 2.698005
180 498 180 12 24 2.306967
210 428 180 16 32 2.569751
240 577 248 14 28 4.791148
270 516 200 16 32 2.694899
300 515 200 20 40 2.921453
330 35 196 14 28 3.245952
360 66 114 12 24 2.473603
390 483 99 12 24 3.609569
420 54 126 12 24 2.500505
450 372 80 16 32 4.030279
480 54 135 12 24 3.166467
510 558 243 18 36 4.710609
540 575 245 20 40 4.241103
570 459 148 18 36 3.926684
600 381 66 14 28 3.542937
630 549 196 14 28 2.543530
660 98 80 14 28 2.298944
690 18 238 18 36 3.842583
720 405 155 20 40 2.482340
750 405 160 20 40 2.505838
780 405 160 20 40 2.634122
810 63 243 18 36 3.392861
840 60 244 16 32 3.119454
870 588 375 12 24 2.858848
900 60 244 16 32 2.964344
930 546 177 12 24 3.688026
960 60 244 16 32 4.325949
990 525 219 12 24 4.698482
1020 60 244 16 32 3.746609
1050 525 219 12 24 4.933601
1080 60 244 16 32 3.394378
1110 64 244 16 32 2.799742
1140 582 198 24 48 3.225614
1170 525 219 12 24 3.791996
1200 525 219 12 24 4.125651
1230 525 219 12 24 3.488393
1260 387 63 12 24 3.450054
1290 525 219 12 24 4.269365
1320 408 18 24 48 2.519469
1350 64 244 16 32 2.934329
1380 405 165 20 40 2.210924
1410 60 244 16 32 3.149169
1440 525 219 12 24 4.125987
1470 408 18 24 48 2.826431
1500 519 219 12 24 3.680780
1530 492 222 12 24 3.438383
1560 411 180 12 24 2.337960
1590 588 375 12 24 2.769383
1620 390 54 24 48 2.333955
1650 241 129 14 28 5.145289
1680 234 129 14 28 6.742260
1710 108 210 14 28 7.568854
1740 155 255 20 40 4.236399
1770 456 231 22 44 4.228791
1800 84 57 12 24 4.237759
1830 522 198 12 24 8.682786
