30 297 192 12 24 3.451898
60 408 183 12 24 4.595261
90 366 168 24 48 3.001202
120 64 48 16 32 5.003728
150 490 164 14 28 3.959094
180 366 150 24 48 4.995896
210 255 144 12 24 3.776450
240 405 165 12 24 3.682135
270 408 150 12 24 3.760282
300 603 90 18 36 3.750440
330 588 132 24 48 4.136358
360 108 84 24 48 2.295456
390 204 144 24 48 4.220325
420 537 42 12 24 4.423795
450 540 18 24 48 4.372511
480 555 22 22 44 6.148340
510 99 204 12 24 3.780707
540 602 10 14 28 3.837567
570 467 165 22 44 2.820614
600 395 195 20 40 3.083420
630 154 192 14 28 2.330039
660 36 188 16 32 2.805404
690 360 189 14 28 2.924166
720 528 156 12 24 2.554003
750 258 144 24 48 3.418917
780 346 126 22 44 3.287554
810 516 33 12 24 1.645894
840 348 30 24 48 4.143250
870 222 66 24 48 6.972654
900 390 219 12 24 3.220344
930 108 42 24 48 5.764977
960 108 18 24 48 5.130415
990 72 270 24 48 3.716223
1020 102 276 24 48 3.849834
1050 24 300 12 24 3.403885
1080 616 202 18 36 4.999363
1110 261 219 12 24 3.662432
1140 165 90 20 40 3.685412
1170 85 85 18 36 4.159873
1200 357 15 12 24 7.419462
1230 139 94 18 36 3.382569
1260 423 333 12 24 1.668725
1290 343 24 14 28 4.341722
1320 187 423 22 44 2.739272
1350 162 427 18 36 3.569700
1380 468 291 12 24 2.173595
1410 430 448 14 28 2.391443
1440 471 300 12 24 2.579104
1470 288 294 12 24 2.456771
1500 112 448 14 28 2.409473
1530 196 308 14 28 2.247853
1560 196 308 14 28 2.509543
1590 196 308 14 28 2.345337
1620 432 309 12 24 2.049243
1650 471 303 12 24 2.535739
1680 168 400 16 32 2.211632
