30 384 148 32 32 17.416078
30 440 127 34 34 26.772060
30 467 120 28 28 7.051567
30 256 146 32 32 6.048093
30 14 113 31 31 7.345868
30 19 131 28 28 4.286643
30 9 129 30 30 2.978169
30 462 124 28 28 6.077316
30 336 127 28 28 2.594002
30 224 129 28 28 3.538313
30 356 126 28 28 1.620680
30 455 130 28 28 2.192142
60 435 126 36 36 11.147977
60 16 113 30 30 6.620204
60 224 127 28 28 3.139338
60 450 126 36 36 2.844280
60 10 129 30 30 4.055580
60 336 126 27 27 2.316141
60 301 126 36 36 3.430155
60 20 129 28 28 2.221922
60 48 30 64 64 0.469778
60 306 144 36 36 0.208168
90 449 130 28 28 22.143585
90 457 126 28 28 8.662906
90 463 130 28 28 8.774855
90 14 113 31 31 5.798311
90 10 130 30 30 3.901879
90 223 126 28 28 2.243430
90 18 130 27 27 5.163743
90 469 126 28 28 1.098842
90 315 126 36 36 0.057380
120 450 130 27 27 12.390695
120 454 127 28 28 15.165415
120 15 112 31 31 7.355657
120 18 130 28 28 6.855672
120 464 130 27 27 8.656060
120 11 129 30 30 4.593595
120 469 126 28 28 2.045573
120 288 126 36 36 1.626926
120 408 146 32 32 1.040714
120 224 126 28 28 0.455847
120 198 126 36 36 0.313925
150 447 128 31 31 34.570215
150 432 126 36 36 4.722676
150 459 129 30 30 14.653768
150 9 129 30 30 4.859047
150 17 112 31 31 8.261674
150 224 126 28 28 2.434406
150 19 130 28 28 5.930436
150 408 128 32 32 1.479613
150 196 126 34 34 1.373664
150 280 128 32 32 0.787033
150 192 133 32 32 1.017984
150 357 126 28 28 0.565080
150 27 126 36 36 0.012424
180 449 130 28 28 18.365224
180 458 128 30 30 16.853597
180 20 112 31 31 6.195006
180 8 129 31 31 4.828768
180 192 136 32 32 6.885762
180 19 130 28 28 5.989239
180 224 126 28 28 2.261651
180 357 126 28 28 0.728383
180 408 128 32 32 0.567987
180 280 128 32 32 0.118144
210 449 130 28 28 20.926905
210 456 128 28 28 11.636334
210 192 140 32 32 5.653016
210 469 129 28 28 5.333314
210 462 133 28 28 2.514753
210 224 126 28 28 2.457045
210 22 112 30 30 3.399269
210 408 128 32 32 1.143452
210 192 128 32 32 0.863044
240 449 130 28 28 20.737317
240 457 128 28 28 12.573892
240 23 143 32 32 8.282187
240 21 129 33 33 7.005236
240 469 129 27 27 4.738632
240 192 136 32 32 6.562426
240 224 124 28 28 2.884282
240 465 132 28 28 4.431221
240 24 112 32 32 1.488309
240 195 114 24 24 0.661849
240 408 128 32 32 0.299951
270 449 130 28 28 18.932123
270 456 127 27 27 11.286623
270 466 128 28 28 8.615539
270 192 141 32 32 4.533142
270 224 126 27 27 2.357666
270 462 133 28 28 2.272534
270 24 144 32 32 1.625099
270 192 128 32 32 0.184871
270 8 144 32 32 0.160737
270 357 126 28 28 0.093615
270 0 136 32 32 0.046644
300 449 127 28 28 18.931915
300 463 123 28 28 9.050346
300 452 119 28 28 5.004056
300 191 141 32 32 4.107561
300 469 122 28 28 4.082486
300 224 126 28 28 1.636308
300 21 113 31 31 2.656251
300 455 132 28 28 0.981465
300 21 133 28 28 0.924305
300 357 126 28 28 0.558968
330 449 130 28 28 22.504067
330 457 128 28 28 16.075831
330 465 133 28 28 6.661468
330 469 129 28 28 6.606631
330 192 141 32 32 4.741143
330 21 113 31 31 4.502423
330 21 132 28 28 1.595129
330 224 126 28 28 0.701549
330 8 128 32 32 0.484889
330 408 128 32 32 0.304410
330 192 128 32 32 0.046126
360 449 130 28 28 21.802933
360 456 128 28 28 12.809830
360 192 141 32 32 4.451783
360 469 129 28 28 5.413060
360 465 133 27 27 5.223828
360 21 113 30 30 5.963883
360 224 126 28 28 2.391759
360 18 132 28 28 3.540902
360 10 130 30 30 2.997140
360 136 146 32 32 2.011509
360 14 119 28 28 0.601309
360 408 128 32 32 0.291008
390 449 130 28 28 22.795105
390 456 128 28 28 13.146738
390 192 141 32 32 5.139814
390 465 133 28 28 6.097787
390 469 129 28 28 5.926805
390 20 114 30 30 5.871342
390 224 126 28 28 2.078262
390 19 131 27 27 3.361130
390 408 128 32 32 1.504381
390 10 129 30 30 2.312237
390 136 144 32 32 0.750338
390 198 114 24 24 0.204456
390 14 119 28 28 0.072970
420 449 130 28 28 19.986418
420 456 127 28 28 14.479048
420 346 160 40 40 7.375487
420 388 209 23 23 5.472686
420 20 113 30 30 9.652167
420 468 129 28 28 5.887147
420 462 131 29 29 7.082999
420 180 140 40 40 2.107984
420 19 131 28 28 3.583283
420 10 129 30 30 2.411427
420 224 126 28 28 0.956946
420 11 116 29 29 0.778393
420 192 128 32 32 0.378773
450 449 130 28 28 22.891570
450 456 128 28 28 13.689499
450 191 141 32 32 5.669973
450 469 129 28 28 5.884687
450 465 133 28 28 5.561185
450 20 112 31 31 4.631672
450 224 127 28 28 2.179401
450 10 130 30 30 2.816465
450 17 132 28 28 2.437411
450 408 128 32 32 0.591191
480 449 130 28 28 22.916099
480 456 128 28 28 13.795760
480 192 141 32 32 5.904070
480 468 129 28 28 5.954515
480 465 133 27 27 5.558341
480 18 131 28 28 5.236494
480 10 130 30 30 4.102913
480 224 129 28 28 4.295025
480 20 114 30 30 6.887126
480 12 117 29 29 1.216765
480 408 128 32 32 0.211959
480 192 128 32 32 0.198719
510 449 130 28 28 22.663146
510 457 128 28 28 14.263522
510 192 141 32 32 6.507917
510 468 128 28 28 6.249949
510 464 132 28 28 5.254582
510 224 130 28 28 3.453115
510 18 131 28 28 4.019345
510 19 114 30 30 4.807016
510 10 130 30 30 3.206776
510 198 126 36 36 0.974129
510 408 128 32 32 0.925834
540 449 130 27 27 21.101241
540 457 127 28 28 13.227627
540 467 128 29 29 6.546759
540 191 141 32 32 4.473802
540 464 131 29 29 6.050039
540 198 126 36 36 2.192733
540 10 129 30 30 3.583400
540 19 115 29 29 8.599267
540 18 131 27 27 4.181830
540 224 133 28 28 0.822456
540 357 126 28 28 0.572787
540 8 112 32 32 0.489212
540 408 128 32 32 0.383715
540 198 114 24 24 0.057851
570 449 130 28 28 21.681600
570 456 128 28 28 14.088148
570 465 127 28 28 9.942832
570 464 132 28 28 5.961886
570 192 141 32 32 3.342051
570 9 129 30 30 3.518269
570 20 114 30 30 7.407553
570 21 133 28 28 1.013555
570 408 128 32 32 0.738343
570 198 126 36 36 0.287609
570 8 112 32 32 0.144983
600 443 127 32 32 20.579889
600 192 142 32 32 6.010843
600 455 126 29 29 5.112443
600 223 132 28 28 2.787632
600 22 113 29 29 5.015777
600 408 128 32 32 0.750194
600 357 126 28 28 0.687110
600 193 114 24 24 0.561252
600 8 128 32 32 0.276242
630 436 126 36 36 9.079272
630 453 126 34 34 6.364869
630 176 148 32 32 4.439520
630 224 130 28 28 3.656303
630 357 126 28 28 1.948221
630 21 115 28 28 3.696238
630 466 133 28 28 2.027862
630 408 128 32 32 0.256646
630 176 112 32 32 0.092837
660 449 126 28 28 21.136320
660 467 130 28 28 11.341779
660 461 126 28 28 15.791608
660 456 119 28 28 5.062554
660 224 129 28 28 6.365112
660 458 133 27 27 5.804945
660 153 145 36 36 3.484390
660 350 133 27 27 1.936191
660 336 126 28 28 1.217516
660 469 119 28 28 0.502135
660 24 152 32 32 0.357632
660 176 144 32 32 0.337292
690 8 115 30 30 19.105102
690 13 126 28 28 10.273090
690 439 169 36 36 8.543724
690 284 32 64 64 3.988819
690 280 112 32 32 2.432421
690 223 127 28 28 2.172601
690 432 162 36 36 1.211109
690 18 115 29 29 1.611992
690 498 96 23 23 0.750453
720 277 112 32 32 8.867832
720 191 132 32 32 5.502699
720 340 140 40 40 0.851115
720 48 16 64 64 0.817865
720 112 133 28 28 0.473988
720 336 133 28 28 0.453967
720 297 126 36 36 0.273590
720 288 48 64 64 0.231535
750 300 126 36 36 15.121147
750 461 131 28 28 13.827764
750 192 112 32 32 3.656104
750 448 130 28 28 5.917299
750 315 126 36 36 3.565842
750 3 112 32 32 5.545001
750 281 130 32 32 5.871987
750 268 112 32 32 3.965713
750 455 126 28 28 2.158872
750 48 32 64 64 1.611554
750 288 48 64 64 1.534188
750 16 112 32 32 0.781848
750 469 126 28 28 0.619002
750 0 126 27 27 0.473648
780 272 112 32 32 12.801883
780 192 112 32 32 4.719486
780 290 126 35 35 7.665570
780 461 112 28 28 7.850946
780 280 134 32 32 4.002737
780 107 198 24 24 7.633741
780 16 128 32 32 2.745018
780 493 113 24 24 3.870976
780 131 202 24 24 5.728037
780 273 128 32 32 3.048644
780 315 126 36 36 2.051110
780 102 204 24 24 1.158213
780 480 114 24 24 1.127822
780 119 133 28 28 0.932490
780 448 112 28 28 0.817028
780 0 210 24 24 0.235850
780 132 192 24 24 0.154491
810 38 14 64 64 10.264815
810 492 114 23 23 11.709562
810 460 117 27 27 14.921630
810 447 117 28 28 5.905767
810 279 129 32 32 12.441282
810 434 126 36 36 4.896697
810 456 112 28 28 7.312382
810 192 112 32 32 2.533893
810 272 136 32 32 2.464000
810 47 32 64 64 2.129557
810 299 126 36 36 2.759672
810 400 134 32 32 1.346064
810 405 128 32 32 1.091085
810 267 112 32 32 0.730424
810 480 114 24 24 0.205589
810 0 119 28 28 0.183787
840 192 112 32 32 3.991989
840 284 48 64 64 4.127653
840 48 32 64 64 2.912383
840 459 118 27 27 3.833304
840 267 128 32 32 3.129855
840 6 192 24 24 1.089704
840 272 112 32 32 0.815504
840 349 124 28 28 0.835546
840 280 128 32 32 0.552123
840 0 144 36 36 0.326199
840 32 16 64 64 0.051611
840 448 119 28 28 0.019676
870 386 152 32 32 4.461678
870 315 126 36 36 2.629932
870 272 140 32 32 4.804626
870 192 112 32 32 2.325121
870 272 112 32 32 1.668907
870 275 128 32 32 2.620987
870 448 119 28 28 0.898226
870 136 144 32 32 0.505901
870 30 140 40 40 0.044748
900 1 190 44 44 12.743488
900 459 129 31 31 13.956634
900 192 112 32 32 3.584363
900 268 128 32 32 5.858975
900 7 195 45 45 7.859559
900 271 112 32 32 5.736991
900 450 133 28 28 3.830484
900 288 126 36 36 2.505881
900 315 126 36 36 0.930983
900 5 208 43 43 1.749747
900 272 32 64 64 0.660646
900 462 121 28 28 1.086841
900 21 245 28 28 0.133216
930 192 112 32 32 6.993398
930 464 130 30 30 17.168560
930 144 126 36 36 5.146658
930 450 130 28 28 12.189874
930 270 112 32 32 10.880640
930 303 126 36 36 5.060029
930 277 128 32 32 4.228044
930 458 123 29 29 5.347488
930 8 144 32 32 1.866312
930 264 128 32 32 1.163929
930 448 119 28 28 0.986658
930 144 147 32 32 0.884087
930 0 126 36 36 0.139090
960 192 112 32 32 7.483451
960 435 126 36 36 13.210299
960 192 128 32 32 4.386829
960 267 112 32 32 8.307314
960 278 128 32 32 8.861630
960 450 126 36 36 3.548893
960 408 128 32 32 1.816167
960 280 112 32 32 1.812002
960 132 200 24 24 2.833891
960 462 119 27 27 0.746374
960 392 112 32 32 0.512107
990 432 126 36 36 7.465456
990 192 112 32 32 5.747606
990 168 113 28 28 6.805199
990 274 112 32 32 7.779864
990 0 234 28 28 7.542169
990 456 118 27 27 7.911176
990 275 128 32 32 3.300742
990 469 119 28 28 0.869567
990 176 136 32 32 0.665803
990 192 128 32 32 0.599547
990 48 16 64 64 0.558473
990 128 152 32 32 0.141521
990 0 126 28 28 0.097908
1020 273 112 32 32 15.022187
1020 135 144 32 32 14.087044
1020 192 112 32 32 4.815511
1020 465 128 30 30 10.002004
1020 450 126 36 36 3.315610
1020 460 118 28 28 3.403909
1020 278 128 32 32 1.294552
1020 272 133 32 32 0.907493
1020 8 112 32 32 0.521849
1020 24 128 32 32 0.239355
1020 128 152 32 32 0.071043
1050 272 112 32 32 19.562589
1050 192 112 32 32 6.137813
1050 449 226 28 28 11.024450
1050 435 126 36 36 5.962332
1050 6 83 23 23 6.432007
1050 145 126 36 36 4.082711
1050 95 209 24 24 3.071521
1050 497 114 24 24 2.705986
1050 168 116 28 28 4.166444
1050 459 119 27 27 3.176848
1050 96 192 24 24 2.248164
1050 30 160 40 40 1.740556
1050 270 128 32 32 1.595349
1050 154 119 28 28 0.199229
1050 407 128 32 32 0.163979
1050 486 114 24 24 0.122702
1080 450 132 28 28 10.944918
1080 271 112 32 32 11.448368
1080 466 132 28 28 5.913826
1080 318 141 38 38 4.944909
1080 192 112 32 32 2.415119
1080 192 128 32 32 1.959064
1080 457 125 28 28 2.573083
1080 269 128 32 32 1.892360
1080 107 194 23 23 1.403401
1080 24 35 48 48 1.446584
1110 449 131 28 28 16.080874
1110 192 128 32 32 3.593351
1110 269 128 32 32 6.815685
1110 459 128 31 31 7.757713
1110 459 144 36 36 2.969982
1110 456 125 31 31 7.412205
1110 168 112 28 28 1.551287
1110 273 112 32 32 3.028686
1110 432 126 36 36 1.211177
1110 400 128 32 32 1.160238
1110 176 128 32 32 1.033940
1110 8 152 32 32 0.342900
1110 48 16 64 64 0.137223
1140 191 129 32 32 7.004342
1140 271 129 32 32 14.897478
1140 457 126 36 36 3.693001
1140 272 144 32 32 1.658177
1140 436 126 36 36 2.477104
1140 276 112 32 32 2.064479
1140 154 119 28 28 0.870141
1140 0 119 28 28 0.661415
1140 264 136 32 32 0.576244
1140 392 112 32 32 0.260968
1140 112 98 28 28 0.007335
1170 192 131 32 32 7.751958
1170 459 119 28 28 4.996474
1170 191 112 32 32 2.949832
1170 133 145 32 32 5.553796
1170 432 126 36 36 2.689445
1170 271 112 32 32 5.253451
1170 450 119 28 28 3.461982
1170 112 98 28 28 1.796178
1170 131 152 32 32 1.928280
1170 469 133 28 28 0.954770
1170 96 114 24 24 0.742807
1170 449 126 36 36 0.556558
1170 144 136 32 32 0.382136
1170 272 128 32 32 0.262321
1200 192 112 32 32 5.901279
1200 2 103 24 24 11.426993
1200 452 124 27 27 11.949717
1200 176 138 32 32 6.082607
1200 276 112 32 32 7.215187
1200 447 121 28 28 7.938107
1200 3 108 24 24 6.736196
1200 13 101 24 24 4.342530
1200 486 114 24 24 3.383658
1200 158 126 36 36 4.681693
1200 431 126 36 36 2.632355
1200 449 133 28 28 2.637970
1200 339 133 28 28 3.406945
1200 496 113 23 23 1.930363
1200 192 128 32 32 1.266230
1200 264 112 32 32 0.981768
1200 455 112 28 28 0.484363
1200 0 48 64 64 0.397095
1200 95 203 24 24 0.045197
1230 191 112 32 32 5.966843
1230 276 112 32 32 11.348756
1230 22 144 33 33 18.260727
1230 16 152 32 32 10.094977
1230 6 146 32 32 7.204026
1230 449 127 28 28 6.209777
1230 466 126 27 27 6.677885
1230 461 121 28 28 6.573593
1230 264 112 32 32 2.669936
1230 0 148 32 32 3.493226
1230 18 114 24 24 1.885511
1230 7 102 24 24 2.405150
1230 448 112 28 28 1.386158
1230 280 136 32 32 0.882898
1230 336 126 27 27 0.680201
1230 432 126 36 36 0.553084
1230 455 133 28 28 0.474191
1230 288 32 64 64 0.218131
1230 272 144 32 32 0.216485
1230 469 112 28 28 0.058899
1260 272 112 32 32 16.391549
1260 449 124 27 27 7.690442
1260 467 125 28 28 13.297320
1260 192 112 32 32 4.033821
1260 462 120 28 28 12.684340
1260 18 193 45 45 5.125825
1260 468 112 28 28 2.218996
1260 0 175 44 44 6.145127
1260 168 114 28 28 2.757148
1260 176 131 32 32 3.244564
1260 462 133 28 28 1.164704
1260 27 169 47 47 4.391897
1260 33 182 44 44 2.173460
1260 8 194 46 46 2.360184
1260 168 97 27 27 0.721066
1260 21 238 28 28 0.670154
1260 272 128 32 32 0.629268
1260 400 128 32 32 0.448696
1260 11 190 44 44 0.803053
1260 272 32 64 64 0.258989
1260 192 128 32 32 0.157014
1290 272 112 32 32 16.546638
1290 192 112 32 32 5.921978
1290 449 123 28 28 12.634241
1290 455 120 28 28 16.735435
1290 443 165 36 36 11.150945
1290 469 122 28 28 7.354356
1290 462 126 28 28 2.601395
1290 192 128 32 32 2.515841
1290 116 98 28 28 2.887650
1290 450 171 36 36 1.657114
1290 488 108 24 24 2.524305
1290 144 112 32 32 0.998532
1290 408 152 32 32 0.516039
1320 272 112 32 32 15.847658
1320 306 126 36 36 15.633634
1320 192 112 32 32 5.476222
1320 466 127 28 28 10.200796
1320 449 128 28 28 8.923716
1320 461 119 27 27 3.486441
1320 462 133 28 28 8.041279
1320 32 0 64 64 2.140482
1320 13 103 23 23 5.825773
1320 7 107 24 24 4.216411
1320 0 102 26 26 1.955798
1320 192 128 32 32 0.864984
1320 176 136 32 32 0.724537
1320 108 210 24 24 0.685550
1320 96 210 24 24 0.271845
1350 272 112 32 32 17.766937
1350 192 112 32 32 5.815689
1350 466 127 28 28 6.692614
1350 448 129 28 28 3.945001
1350 192 128 32 32 1.695144
1350 272 128 32 32 1.416746
1350 32 22 64 64 1.593828
1350 41 32 64 64 1.577461
1350 462 133 28 28 0.884422
1380 192 112 32 32 5.908517
1380 270 112 32 32 11.293784
1380 448 128 27 27 6.410771
1380 192 128 32 32 2.713421
1380 132 192 24 24 2.010739
1380 460 127 28 28 2.595006
1380 456 131 28 28 2.378798
1380 408 112 32 32 0.681755
1380 9 153 36 36 0.470284
1380 176 128 32 32 0.263675
1410 192 112 32 32 4.185530
1410 449 130 27 27 9.643779
1410 276 112 32 32 6.006895
1410 146 126 36 36 3.819610
1410 192 128 32 32 2.236497
1410 460 127 28 28 4.945504
1410 159 126 36 36 2.953612
1410 408 112 32 32 1.784712
1410 35 16 64 64 1.575559
1410 264 112 32 32 1.150942
1410 7 126 28 28 0.518726
1440 192 112 32 32 6.609453
1440 276 112 32 32 10.336000
1440 112 98 28 28 1.407292
1440 168 111 28 28 1.262758
1440 18 153 36 36 1.253568
1440 97 113 24 24 1.805888
1440 462 112 28 28 0.968375
1440 280 128 32 32 0.950049
1440 48 48 64 64 0.433068
1440 264 112 32 32 0.426891
1440 0 153 36 36 0.144948
1440 176 136 32 32 0.010871
1470 276 112 32 32 12.579003
1470 192 112 32 32 6.186172
1470 450 127 28 28 10.066726
1470 21 238 28 28 2.799241
1470 113 98 28 28 3.582508
1470 455 133 28 28 6.335088
1470 464 128 28 28 6.472288
1470 264 112 32 32 2.354469
1470 448 112 27 27 0.153096
1500 273 112 32 32 15.530200
1500 192 112 32 32 6.472286
1500 0 173 41 41 15.660903
1500 467 130 28 28 12.490909
1500 1 186 42 42 10.343885
1500 450 126 28 28 8.445185
1500 21 223 28 28 3.342233
1500 453 130 28 28 7.464279
1500 154 131 28 28 4.223726
1500 460 121 27 27 8.083756
1500 21 172 46 46 14.943237
1500 6 102 24 24 6.133744
1500 144 112 32 32 2.060290
1500 27 189 41 41 3.020405
1500 5 194 45 45 2.605151
1500 408 112 32 32 0.775304
1500 32 0 64 64 0.359102
1500 48 16 64 64 0.142514
1500 18 102 24 24 0.026669
1530 192 112 32 32 7.163476
1530 272 112 32 32 16.653832
1530 467 130 28 28 11.808299
1530 449 126 28 28 9.153603
1530 460 121 27 27 8.506501
1530 453 130 28 28 6.825629
1530 43 16 64 64 3.940961
1530 32 0 64 64 1.077042
1530 408 112 32 32 0.435887
1530 343 112 28 28 0.121225
1560 192 112 32 32 7.490746
1560 272 112 32 32 16.910291
1560 467 130 27 27 12.450147
1560 449 125 28 28 7.134974
1560 460 121 28 28 9.172937
1560 454 130 28 28 4.745867
1560 128 144 32 32 1.912803
1560 408 112 32 32 0.506348
1590 192 112 32 32 7.793187
1590 271 112 32 32 16.193970
1590 467 130 28 28 12.750253
1590 450 125 28 28 7.404311
1590 460 121 28 28 9.081163
1590 454 130 28 28 5.575381
1590 192 128 32 32 1.754812
1590 10 154 44 44 0.797199
1590 343 119 27 27 0.667480
1590 30 140 40 40 0.586458
1590 29 170 39 39 0.591987
1590 408 112 32 32 0.029318
1620 272 112 32 32 16.429602
1620 192 112 32 32 6.017986
1620 467 130 28 28 13.229498
1620 450 124 28 28 9.738564
1620 460 121 28 28 11.018145
1620 453 133 28 28 3.204480
1620 192 128 32 32 2.118915
1620 176 136 32 32 2.113387
1620 41 16 64 64 3.398285
1620 0 114 27 27 2.113055
1620 32 0 64 64 1.361126
1620 162 126 36 36 1.076736
1650 192 112 32 32 6.378133
1650 467 130 28 28 12.627371
1650 273 112 32 32 11.147053
1650 450 125 28 28 8.604447
1650 460 126 27 27 12.407052
1650 453 133 28 28 3.138191
1650 27 144 36 36 1.854834
1650 452 118 28 28 2.209595
1650 0 119 28 28 1.269357
1650 408 112 32 32 0.421901
1680 467 130 27 27 11.366169
1680 192 112 32 32 4.312077
1680 272 112 32 32 10.152533
1680 459 126 27 27 10.680209
1680 448 124 28 28 4.304072
1680 4 232 28 28 5.823702
1680 8 191 44 44 5.426840
1680 447 113 27 27 3.542091
1680 3 196 44 44 4.838174
1680 408 112 32 32 1.690133
1680 455 133 28 28 1.390721
1680 7 243 28 28 4.637592
1680 469 119 27 27 1.160488
1680 343 111 28 28 1.114461
1680 0 241 27 27 1.899467
1680 455 119 28 28 0.837227
1680 176 112 32 32 0.372374
1680 0 168 48 48 0.514548
1680 154 133 28 28 0.244849
1710 466 127 27 27 15.609249
1710 450 125 28 28 10.352222
1710 192 112 32 32 4.742991
1710 272 112 32 32 9.846547
1710 1 195 45 45 21.724509
1710 10 189 41 41 8.922502
1710 458 133 28 28 5.864575
1710 461 119 28 28 5.732472
1710 22 141 38 38 4.610403
1710 408 112 32 32 2.116431
1710 4 179 41 41 3.603334
1710 32 0 64 64 1.514509
1710 0 256 32 32 1.093887
1710 3 205 46 46 2.546295
1710 343 112 28 28 0.710900
1710 27 153 36 36 0.393949
1710 48 16 64 64 0.355210
1740 192 112 32 32 5.685111
1740 273 112 32 32 11.790301
1740 466 131 27 27 10.089284
1740 450 125 28 28 7.597900
1740 462 126 28 28 14.503940
1740 44 32 64 64 3.766998
1740 453 119 28 28 3.225380
1740 32 21 64 64 2.963129
1740 455 133 28 28 1.625628
1740 168 112 28 28 1.073373
1740 343 112 28 28 0.967745
1740 2 119 28 28 1.235395
1740 24 112 32 32 0.823747
1740 407 112 32 32 0.780422
1740 469 119 28 28 0.208526
1770 192 112 32 32 6.510854
1770 272 112 32 32 13.408819
1770 449 124 28 28 6.445289
1770 459 121 28 28 7.195563
1770 469 129 28 28 3.947625
1770 465 133 27 27 3.711705
1770 174 112 31 31 2.231333
1770 154 119 28 28 0.372221
1770 408 112 32 32 0.258159
1770 350 119 28 28 0.208405
1770 343 112 28 28 0.195888
1770 167 119 28 28 0.193445
1800 192 112 32 32 3.988090
1800 458 132 29 29 8.316105
1800 270 112 32 32 7.761796
1800 34 9 64 64 7.332883
1800 448 132 28 28 2.459022
1800 343 119 28 28 1.056591
1800 168 119 28 28 0.985740
1800 448 120 28 28 1.102393
1800 453 126 28 28 0.972840
1800 154 126 28 28 0.038130
1830 387 112 32 32 6.390773
1830 0 20 64 64 4.906589
1830 18 2 34 34 19.490768
1830 2 18 23 23 5.116331
1830 0 126 36 36 1.485368
1830 460 119 28 28 1.471869
1830 192 128 32 32 0.624288
1830 408 112 32 32 0.492980
1830 19 11 31 31 0.517072
1830 260 112 32 32 0.415402
1830 12 18 24 24 0.241499
