30 168 127 27 27 21.419652
30 351 20 64 64 12.756491
30 139 112 32 32 7.633981
30 345 131 27 27 8.814118
30 44 18 64 64 6.838851
30 152 130 28 28 6.200892
30 176 112 32 32 3.202271
30 17 125 28 28 4.237552
30 374 11 44 44 2.120965
30 9 112 32 32 1.894766
30 350 126 28 28 1.289364
30 136 128 32 32 0.892925
30 21 112 32 32 1.304291
30 112 133 27 27 0.583135
30 343 119 28 28 0.304975
60 168 123 28 28 16.901626
60 351 10 64 64 9.520754
60 176 112 32 32 5.380637
60 350 125 28 28 13.921019
60 154 129 28 28 8.598218
60 144 112 32 32 2.439895
60 357 133 28 28 1.969932
60 21 126 28 28 0.077094
90 168 129 28 28 14.242970
90 152 128 28 28 12.044174
90 498 194 23 23 8.629625
90 357 128 28 28 4.049965
90 176 112 32 32 2.457080
90 352 21 64 64 2.541187
90 48 32 64 64 1.024373
90 12 36 64 64 2.102606
90 32 48 64 64 0.113741
90 0 48 64 64 0.060753
120 141 112 32 32 7.420067
120 44 18 64 64 12.089789
120 31 28 64 64 14.002178
120 0 32 64 64 2.217554
120 107 84 24 24 2.516780
120 357 128 28 28 2.622158
120 154 122 28 28 2.895006
120 16 16 64 64 0.615107
150 352 21 64 64 12.535603
150 384 112 32 32 6.607302
150 4 29 64 64 10.479593
150 337 114 27 27 7.941729
150 12 20 64 64 8.729513
150 468 123 28 28 4.175646
150 154 116 28 28 3.212570
150 9 48 64 64 2.398347
150 256 0 64 64 0.978752
150 48 5 64 64 1.230668
150 144 112 32 32 0.782858
150 408 128 32 32 0.603551
180 261 2 64 64 17.909023
180 336 113 28 28 6.792569
180 154 119 28 28 4.237559
180 288 0 64 64 0.743150
180 272 16 64 64 0.684637
180 136 112 32 32 0.611056
180 16 32 64 64 0.547852
180 126 119 28 28 0.379060
180 448 119 28 28 0.249535
180 357 119 27 27 0.153925
210 257 2 64 64 10.511157
210 455 126 36 36 6.559822
210 19 126 36 36 9.937871
210 0 131 33 33 6.713085
210 22 148 32 32 5.933075
210 448 133 28 28 2.110881
210 11 147 33 33 4.329414
210 120 123 28 28 2.630363
210 114 119 28 28 2.167151
210 24 112 32 32 1.095114
210 458 144 36 36 0.701651
210 407 128 32 32 0.169097
240 42 13 64 64 24.146319
240 30 0 64 64 5.080898
240 242 112 27 27 5.428558
240 15 13 64 64 4.029740
240 7 130 28 28 5.144580
240 36 32 64 64 3.502045
240 486 102 24 24 4.670979
240 2 84 24 24 2.737136
240 8 119 28 28 1.953650
240 154 111 28 28 1.103576
240 256 0 64 64 1.038071
240 384 112 32 32 0.975516
240 469 133 28 28 0.693057
270 4 5 64 64 30.274480
270 16 19 64 64 8.683512
270 4 32 64 64 6.839529
270 338 117 28 28 9.198176
270 403 112 32 32 6.502415
270 352 18 64 64 3.871423
270 11 112 32 32 4.729731
270 14 133 28 28 2.637899
270 235 112 28 28 3.206159
270 32 0 64 64 2.090378
270 461 133 27 27 0.836607
300 460 130 31 31 19.032569
300 496 192 23 23 4.962562
300 17 112 32 32 4.694453
300 283 17 64 64 4.118521
300 348 125 27 27 4.390624
300 336 112 28 28 2.081741
300 274 26 64 64 3.414725
300 263 0 64 64 3.456877
300 12 131 29 29 4.528906
300 288 43 64 64 1.593477
300 344 119 28 28 1.224218
300 2 130 30 30 1.054904
300 21 126 28 28 0.132655
300 441 126 36 36 0.061294
330 18 131 28 28 13.618865
330 293 6 24 24 8.046211
330 5 129 30 30 14.502193
330 14 126 28 28 6.661836
330 395 136 32 32 3.291394
330 120 111 27 27 2.243535
330 288 16 64 64 1.701467
330 239 97 27 27 2.358438
330 384 112 32 32 1.073184
330 8 144 32 32 1.003415
330 126 116 28 28 1.186890
330 384 16 32 32 0.494223
330 0 126 28 28 0.052543
360 485 1 24 24 38.859914
360 480 5 24 24 23.641835
360 485 14 24 24 7.937028
360 352 7 64 64 8.862449
360 482 18 24 24 7.695567
360 469 0 28 28 3.981290
360 96 112 23 23 6.453348
360 452 126 36 36 4.801723
360 207 114 24 24 5.525487
360 264 36 48 48 5.453588
360 492 6 24 24 2.380280
360 336 112 27 27 2.367097
360 403 112 32 32 4.027547
360 449 144 36 36 1.616224
360 300 114 24 24 2.363212
360 132 114 24 24 1.190170
360 154 0 28 28 0.982403
360 400 128 32 32 0.698942
360 102 108 23 23 0.203891
360 402 0 24 24 0.193932
360 352 32 64 64 0.092349
390 204 100 24 24 21.894701
390 19 1 31 31 15.015704
390 384 33 46 46 28.373355
390 207 96 24 24 8.949657
390 198 96 24 24 10.567521
390 352 3 64 64 5.088092
390 341 98 28 28 7.911277
390 33 29 47 47 19.176545
390 20 32 47 47 12.327686
390 192 102 24 24 2.157305
390 110 99 26 26 4.052519
390 144 0 24 24 2.079792
390 278 0 64 64 3.216645
390 305 99 23 23 3.574463
390 448 98 28 28 1.849551
390 417 36 48 48 4.711428
390 108 108 24 24 1.663615
390 191 228 48 48 3.135614
390 293 97 23 23 3.434256
390 264 33 44 44 0.858533
390 498 1 23 23 1.099740
390 0 114 24 24 0.782520
390 0 36 47 47 1.452220
390 11 24 48 48 0.743854
420 5 35 47 47 20.772221
420 11 105 24 24 17.874450
420 397 13 47 47 27.986544
420 15 103 24 24 12.530239
420 1 105 24 24 11.110806
420 4 102 25 25 11.960574
420 351 111 27 27 4.206291
420 198 95 24 24 7.629345
420 296 96 24 24 4.638743
420 352 33 44 44 2.117679
420 357 98 28 28 2.034689
420 303 96 24 24 3.885071
420 402 101 24 24 1.695883
420 384 24 48 48 1.644136
420 420 13 47 47 1.563262
420 384 96 24 24 0.626798
420 210 96 24 24 0.504161
450 12 113 27 27 26.381780
450 7 118 28 28 6.009782
450 401 84 24 24 4.691193
450 304 101 24 24 5.470307
450 1 112 28 28 3.843858
450 352 0 64 64 3.049988
450 396 35 48 48 3.340456
450 402 96 24 24 1.033526
450 393 113 24 24 1.743316
450 396 102 24 24 0.828039
450 129 109 25 25 1.228628
450 293 107 24 24 0.468391
450 112 98 28 28 0.282166
480 352 7 64 64 8.256217
480 388 34 47 47 17.819198
480 31 36 47 47 13.190902
480 302 102 24 24 6.030772
480 102 112 23 23 3.721372
480 390 12 24 24 2.338385
480 144 114 24 24 2.068794
480 498 84 24 24 1.785043
480 459 26 36 36 1.594707
480 352 32 64 64 1.496343
480 42 0 64 64 0.915736
480 401 306 24 24 0.038687
480 288 210 24 24 0.011697
510 132 113 23 23 3.849518
510 118 97 27 27 7.138175
510 384 108 24 24 2.920916
510 5 113 24 24 2.405053
510 8 0 64 64 3.929403
510 24 31 48 48 4.117354
510 0 36 48 48 1.770698
510 12 24 48 48 0.581468
540 22 2 58 58 19.316625
540 144 113 24 24 4.112924
540 95 95 24 24 3.027376
540 33 20 47 47 12.233858
540 208 21 46 46 14.287749
540 384 106 23 23 4.774725
540 197 12 48 48 9.541168
540 211 13 48 48 10.714034
540 15 113 30 30 5.201084
540 126 98 28 28 2.236972
540 210 96 24 24 1.604792
540 144 102 24 24 0.935239
540 384 96 24 24 0.837647
540 14 14 28 28 0.638324
540 24 36 48 48 0.482092
540 383 294 24 24 0.232867
540 21 126 28 28 0.214373
540 48 0 64 64 0.209679
570 211 24 48 48 23.882252
570 123 98 27 27 7.954517
570 5 131 28 28 3.016420
570 208 12 48 48 7.091638
570 204 36 48 48 2.413882
570 112 119 28 28 1.179465
570 192 24 48 48 2.224686
570 242 33 44 44 0.842903
570 154 112 28 28 0.611244
600 114 114 28 28 15.541166
600 204 25 47 47 34.027399
600 393 36 48 48 9.391100
600 119 119 28 28 2.985204
600 242 33 44 44 2.388448
600 216 12 47 47 3.172550
600 196 35 47 47 5.136421
600 126 112 28 28 0.823447
600 294 102 24 24 0.452858
600 0 0 64 64 0.142774
600 448 126 28 28 0.022888
600 390 114 24 24 0.015650
630 417 27 48 48 16.396390
630 456 11 36 36 7.441215
630 352 32 43 43 4.041402
630 290 96 24 24 5.800083
630 98 109 24 24 8.861055
630 412 33 48 48 15.396330
630 242 27 44 44 5.259355
630 181 32 44 44 4.602184
630 385 113 24 24 4.062117
630 448 129 28 28 3.436068
630 479 96 24 24 1.641207
630 444 16 36 36 3.341421
630 288 0 64 64 1.164673
630 448 116 28 28 1.505282
630 340 20 40 40 0.677733
630 455 126 27 27 0.668815
630 102 114 24 24 0.373164
660 13 124 27 27 25.483557
660 290 16 24 24 17.659941
660 18 114 28 28 16.446218
660 8 112 30 30 17.259905
660 302 17 24 24 8.383153
660 274 2 32 32 11.349228
660 416 36 47 47 10.919930
660 0 126 28 28 4.001375
660 303 97 24 24 8.857293
660 336 98 28 28 3.764357
660 295 12 24 24 4.268773
660 400 114 24 24 4.907195
660 9 132 28 28 4.404590
660 154 98 28 28 2.383126
660 242 33 44 44 1.970888
660 461 0 28 28 1.971333
660 272 16 32 32 1.418772
660 396 36 48 48 2.306840
660 352 0 64 64 1.123632
660 264 24 48 48 1.737606
660 396 108 24 24 0.759771
660 288 24 48 48 0.929282
660 448 126 28 28 0.115623
660 401 306 24 24 0.019626
690 394 112 32 32 8.695625
690 264 28 46 46 10.639424
690 336 14 27 27 5.543696
690 288 7 53 53 9.985911
690 305 15 24 24 5.693155
690 480 83 23 23 3.755928
690 296 12 24 24 6.937877
690 0 108 24 24 3.329274
690 132 114 24 24 2.822898
690 144 114 24 24 2.821453
690 195 25 45 45 9.715002
690 124 98 28 28 3.071448
690 0 0 32 32 2.328844
690 288 25 48 48 4.947726
690 178 22 44 44 2.392165
690 392 128 32 32 1.360237
690 32 0 64 64 1.318767
690 22 33 44 44 1.032298
690 264 12 48 48 1.718390
690 357 111 28 28 0.772184
690 486 95 24 24 0.642504
690 24 112 32 32 0.592215
690 300 6 23 23 0.446978
690 335 2 28 28 0.416935
720 1 117 27 27 24.608075
720 467 132 28 28 5.917812
720 9 113 25 25 18.104302
720 107 113 25 25 11.004290
720 459 9 36 36 4.233514
720 3 84 24 24 6.106584
720 192 17 46 46 16.055227
720 11 98 28 28 6.191070
720 22 112 32 32 4.536568
720 115 112 28 28 6.227153
720 220 30 40 40 2.661419
720 264 33 44 44 2.288302
720 192 29 45 45 6.723303
720 175 30 44 44 1.895656
720 112 119 28 28 1.363907
720 288 21 56 56 3.657912
720 351 8 64 64 1.441628
720 7 126 28 28 0.665717
720 357 21 28 28 0.636654
750 144 102 24 24 9.149869
750 384 28 45 45 10.095680
750 195 8 45 45 10.649324
750 167 28 40 40 7.392558
750 20 116 30 30 11.649046
750 384 16 47 47 12.042328
750 209 84 24 24 3.120523
750 132 108 24 24 2.931640
750 0 123 28 28 4.037520
750 1 114 30 30 3.836951
750 201 96 23 23 3.373532
750 384 4 24 24 2.088870
750 464 119 27 27 2.726777
750 264 11 44 44 1.407390
750 126 98 28 28 1.071782
750 495 6 24 24 0.609670
750 288 24 48 48 0.072900
780 200 84 24 24 5.855371
780 400 0 24 24 4.987448
780 180 30 40 40 2.780241
780 108 111 24 24 4.612966
780 420 24 48 48 2.577652
780 210 84 24 24 1.260554
780 0 0 64 64 1.028516
780 406 36 48 48 0.614950
780 12 36 48 48 0.246540
780 420 0 48 48 0.146158
810 21 123 27 27 5.740927
810 194 96 24 24 5.548121
810 144 108 24 24 3.147771
810 19 114 30 30 4.265040
810 132 114 24 24 0.856153
810 30 10 40 40 0.330603
840 13 102 24 24 11.051329
840 44 0 64 64 4.058031
840 8 134 32 32 3.229702
840 15 108 24 24 4.163354
840 7 106 24 24 4.732388
840 16 0 64 64 0.714023
870 434 146 36 36 8.983862
870 439 150 36 36 10.336013
870 371 153 43 43 6.076401
870 48 0 64 64 2.754960
870 207 102 23 23 4.253377
870 206 36 48 48 4.254130
870 352 154 44 44 1.557819
870 126 111 28 28 1.219958
870 357 126 28 28 1.193143
870 204 96 23 23 0.806173
870 336 112 27 27 0.663274
870 292 114 24 24 0.758599
870 450 144 36 36 0.320946
900 405 138 32 32 13.135764
900 343 124 28 28 12.006668
900 13 113 27 27 10.650359
900 338 119 28 28 8.604512
900 400 144 32 32 2.613373
900 7 123 28 28 4.917165
900 352 39 64 64 4.689026
900 208 35 47 47 7.264884
900 3 115 30 30 4.093927
900 264 36 48 48 3.871590
900 198 102 24 24 1.949899
900 408 152 32 32 1.762687
900 356 133 28 28 1.077205
930 193 96 23 23 6.073931
930 44 0 64 64 4.134703
930 216 21 48 48 12.710850
930 263 31 48 48 7.653172
930 357 133 28 28 2.064922
930 144 0 24 24 1.270693
930 242 33 44 44 1.156072
930 288 36 48 48 1.699056
930 492 84 24 24 0.438415
930 132 114 24 24 0.130367
930 204 12 48 48 0.075438
930 21 133 28 28 0.025578
960 96 114 24 24 3.691905
960 436 126 36 36 6.389515
960 192 84 24 24 3.461592
960 29 36 48 48 11.773852
960 449 127 33 33 3.895730
960 315 24 36 36 3.932873
960 16 112 31 31 1.835457
960 480 114 24 24 1.504834
960 318 12 38 38 1.095871
960 32 0 64 64 0.494280
960 242 33 44 44 0.402530
960 339 231 28 28 0.594261
960 0 0 64 64 0.053929
990 341 112 28 28 12.128700
990 8 126 28 28 6.875742
990 450 98 28 28 4.326325
990 272 0 64 64 2.235277
990 0 130 27 27 3.488065
990 416 36 48 48 5.603064
990 242 33 44 44 1.920916
990 454 112 28 28 1.789843
990 192 96 24 24 1.520131
990 294 96 24 24 0.751548
990 462 98 28 28 0.201889
1020 400 137 32 32 28.737651
1020 407 144 32 32 5.016453
1020 21 98 28 28 3.968998
1020 392 127 32 32 7.891901
1020 392 144 32 32 2.931576
1020 104 114 24 24 4.899011
1020 404 127 32 32 4.780200
1020 432 126 36 36 2.212964
1020 384 136 32 32 1.869673
1020 306 103 24 24 1.655544
1020 96 108 24 24 1.072003
1050 370 29 44 44 11.670208
1050 390 101 24 24 3.082751
1050 456 162 36 36 3.865930
1050 294 5 24 24 2.697904
1050 352 33 44 44 2.242826
1050 18 36 48 48 7.706312
1050 396 299 24 24 2.673428
1050 256 0 64 64 1.180040
1050 0 113 24 24 0.966970
1050 400 293 24 24 2.618789
1050 400 304 24 24 1.190938
1050 0 32 60 60 0.577632
1050 395 288 24 24 0.417949
1050 492 203 24 24 0.368186
1050 0 0 64 64 0.300183
1050 363 22 44 44 0.269741
1050 450 153 36 36 0.215182
1080 458 1 29 29 9.965704
1080 393 23 48 48 28.306360
1080 352 0 64 64 3.022662
1080 0 28 45 45 8.112823
1080 384 12 48 48 5.410286
1080 408 33 48 48 6.369944
1080 0 17 47 47 8.789536
1080 383 34 46 46 5.441671
1080 108 108 24 24 1.783367
1080 363 22 44 44 0.895584
1080 224 112 28 28 0.264577
1110 32 32 47 47 30.906610
1110 108 109 24 24 7.312358
1110 25 25 47 47 10.325194
1110 0 0 64 64 3.724113
1110 116 98 28 28 7.789506
1110 132 114 24 24 2.406040
1110 11 35 48 48 4.528686
1110 0 97 24 24 2.664157
1110 495 203 23 23 2.071874
1110 350 245 28 28 0.987242
1110 12 96 24 24 0.615949
1110 306 84 24 24 0.365654
1140 337 119 28 28 21.166444
1140 96 109 24 24 10.724942
1140 342 112 27 27 10.499631
1140 36 28 48 48 13.628368
1140 354 119 27 27 9.926371
1140 345 126 28 28 6.399759
1140 288 213 48 48 4.059734
1140 0 192 24 24 0.236327
1140 132 96 23 23 0.057962
1170 132 96 24 24 7.045758
1170 396 113 24 24 14.831412
1170 352 42 64 64 7.474762
1170 442 151 35 35 9.411680
1170 16 24 48 48 9.927530
1170 448 160 35 35 7.355773
1170 384 96 24 24 2.720100
1170 18 99 24 24 4.676175
1170 392 108 24 24 4.271926
1170 4 0 64 64 3.628171
1170 29 36 48 48 5.889992
1170 288 84 24 24 1.261981
1170 453 144 35 35 1.857158
1170 12 96 24 24 0.957033
1170 192 96 24 24 0.879593
1170 144 96 24 24 0.867845
1170 0 133 28 28 0.818618
1170 399 112 32 32 0.498494
1170 402 108 24 24 0.424299
1170 408 152 32 32 0.421524
1170 432 144 36 36 0.342503
1170 441 171 36 36 0.055409
1200 389 101 24 24 20.414488
1200 9 100 26 26 20.123930
1200 107 96 24 24 4.775470
1200 17 99 26 26 12.081337
1200 16 105 23 23 10.299243
1200 384 96 23 23 2.862483
1200 396 36 48 48 3.995382
1200 288 12 47 47 3.556182
1200 306 96 23 23 1.591345
1200 36 24 48 48 1.147740
1200 336 245 28 28 0.562642
1200 396 95 24 24 0.165853
1200 352 48 64 64 0.077656
1230 32 25 47 47 42.731949
1230 10 29 47 47 37.313300
1230 386 29 46 46 8.682917
1230 2 34 46 46 11.483228
1230 355 245 28 28 4.190343
1230 29 35 48 48 9.365930
1230 103 96 24 24 3.025796
1230 414 35 48 48 7.168246
1230 350 237 28 28 3.685423
1230 480 18 24 24 0.913787
1230 264 33 44 44 0.652930
1230 396 24 48 48 0.593488
1260 2 23 47 47 35.233576
1260 31 8 45 45 5.519429
1260 398 21 48 48 16.741640
1260 364 33 44 44 3.194882
1260 5 98 28 28 3.798360
1260 20 98 28 28 2.427212
1260 18 31 46 46 6.568303
1260 288 23 47 47 3.778130
1260 396 0 48 48 2.380532
1260 408 36 47 47 6.282244
1260 31 21 47 47 5.142236
1260 16 103 25 25 0.597704
1290 389 33 46 46 11.687770
1290 404 27 47 47 21.614770
1290 6 14 31 31 13.529347
1290 498 2 24 24 5.885242
1290 420 35 48 48 6.317944
1290 336 98 28 28 2.509131
1290 21 21 28 28 0.877773
1290 492 18 24 24 0.840643
1290 336 126 28 28 0.463227
1290 343 230 28 28 0.488887
1290 337 224 28 28 0.265944
1290 198 96 24 24 0.158168
1290 492 6 24 24 0.015685
1320 193 96 24 24 5.386366
1320 352 32 64 64 0.661697
1320 490 6 24 24 0.047835
1350 288 20 48 48 9.278726
1350 396 137 32 32 6.168256
1350 390 305 23 23 6.328694
1350 393 141 32 32 6.290771
1350 106 97 24 24 4.982206
1350 320 30 40 40 2.148274
1350 352 32 64 64 1.936062
1350 300 83 23 23 0.243670
1380 288 31 48 48 16.116192
1380 391 102 24 24 10.150923
1380 393 84 24 24 6.706060
1380 18 83 23 23 1.983000
1380 394 108 24 24 2.496949
1380 0 28 43 43 2.254416
1380 395 95 23 23 1.200302
1380 18 24 48 48 2.548332
1380 306 96 24 24 0.653337
1380 480 114 24 24 0.388725
1380 402 102 24 24 0.122361
1410 394 102 24 24 10.645124
1410 47 0 64 64 3.208076
1410 305 104 23 23 4.802234
1410 288 36 48 48 2.924290
1410 392 108 24 24 2.187829
1410 352 33 44 44 1.089722
1410 300 106 24 24 0.866359
1410 384 101 24 24 0.054055
1440 352 33 44 44 3.725971
1440 204 24 48 48 1.970628
1440 264 34 48 48 1.277198
1440 384 101 24 24 0.077883
1470 154 98 28 28 4.171232
1470 192 36 48 48 8.088150
1470 168 98 28 28 3.495934
1470 106 97 24 24 8.052171
1470 132 102 23 23 2.810099
1470 288 16 64 64 1.723930
1500 106 113 24 24 7.809113
1500 111 116 27 27 2.363458
1500 16 104 25 25 2.340676
1530 168 113 28 28 6.064725
1530 153 113 28 28 5.167364
1530 288 44 64 64 3.169372
1530 292 126 36 36 2.875320
1530 48 4 64 64 1.172482
1530 469 133 28 28 0.767942
1530 357 133 28 28 0.546181
1530 336 133 28 28 0.331771
1530 144 113 26 26 0.259167
1560 278 16 64 64 11.101976
1560 352 41 64 64 3.527558
1560 192 112 32 32 2.129676
1560 354 133 27 27 1.364707
1560 395 128 32 32 1.277954
1560 96 108 24 24 0.372160
1560 216 36 48 48 0.256264
1590 154 121 28 28 5.193441
1590 347 21 28 28 3.775879
1590 8 114 24 24 4.014634
1590 138 112 32 32 2.990159
1590 11 105 25 25 2.485658
1590 18 112 24 24 1.317407
1590 0 98 28 28 0.405250
1590 292 144 36 36 0.382562
1590 280 140 32 32 0.301640
1590 306 153 36 36 0.046010
1620 98 18 24 24 3.800497
1620 256 152 32 32 1.982418
1620 16 152 33 33 2.072905
1620 23 152 35 35 1.708782
1620 0 162 36 36 0.100313
1650 455 128 28 28 1.376709
1650 448 133 28 28 0.192149
1680 352 7 64 64 13.661276
1680 392 112 32 32 10.652241
1680 357 128 28 28 3.626331
1680 16 144 32 32 0.735186
1680 192 128 32 32 0.424070
1710 130 112 32 32 8.084789
1710 338 117 28 28 13.132942
1710 140 112 32 32 6.017447
1710 408 112 32 32 2.275729
1710 117 133 28 28 2.856732
1710 342 126 28 28 2.174355
1710 154 121 28 28 2.720249
1710 343 112 28 28 1.212057
1710 154 129 27 27 1.810445
1740 242 125 28 28 10.769248
1740 259 112 32 32 9.865729
1740 3 16 64 64 4.660296
1740 231 125 27 27 3.651268
1740 32 5 64 64 3.819474
1740 355 131 28 28 3.603872
1740 40 16 64 64 2.759658
1740 239 119 28 28 1.364963
1740 0 126 35 35 1.354114
1740 392 152 32 32 0.059673
1770 226 113 27 27 11.840851
1770 271 16 64 64 5.869155
1770 13 125 28 28 9.134778
1770 405 152 32 32 4.145887
1770 238 112 28 28 1.992621
1770 288 24 64 64 2.689931
1770 7 112 31 31 1.634351
1770 192 112 32 32 0.907103
1770 0 0 64 64 0.811982
1770 6 0 24 24 0.640053
1770 231 119 28 28 0.513624
1770 0 126 27 27 0.316571
1770 357 133 28 28 0.252053
1770 231 21 28 28 0.077109
1800 2 1 24 24 13.357210
1800 6 4 24 24 24.616433
1800 15 10 24 24 11.584209
1800 264 34 48 48 9.992636
1800 230 98 28 28 8.428029
1800 12 0 25 25 9.247488
1800 100 114 24 24 4.502930
1800 132 106 24 24 4.033232
1800 352 23 64 64 3.924168
1800 206 107 24 24 3.074327
1800 486 305 23 23 2.713626
1800 144 105 24 24 2.213602
1800 96 18 24 24 1.030156
1800 402 192 24 24 0.954632
1800 479 300 24 24 0.619792
1800 357 133 28 28 0.057720
1830 259 0 64 64 4.282818
1830 384 128 32 32 3.078293
1830 114 97 27 27 3.009814
1830 298 108 24 24 4.163010
1830 288 36 48 48 2.901144
1830 392 140 32 32 2.636895
1830 264 36 48 48 1.713610
1830 297 0 36 36 0.699099
1830 187 33 44 44 0.584222
1830 198 108 24 24 0.394050
1830 294 114 24 24 0.041046
