30 391 112 32 32 15.673190
30 13 119 28 28 12.717561
30 348 124 27 27 11.248881
30 352 16 64 64 3.931023
30 344 119 28 28 12.041144
30 449 130 27 27 6.747209
30 2 112 32 32 4.541312
30 18 112 28 28 6.043532
30 176 112 32 32 2.974091
30 2 126 28 28 4.206728
30 346 30 40 40 4.184519
30 332 23 39 39 5.991222
30 396 16 23 23 7.294156
30 21 125 28 28 3.379027
30 389 13 23 23 3.635563
30 385 17 24 24 3.577044
30 449 114 28 28 4.326073
30 261 112 32 32 2.233862
30 294 108 24 24 1.172483
30 336 123 28 28 1.257766
30 385 0 44 44 0.543960
30 306 114 24 24 0.532587
30 357 119 28 28 0.525321
30 280 112 32 32 0.456951
30 16 8 32 32 0.290345
30 320 30 40 40 0.256059
30 402 12 24 24 0.234652
30 336 112 28 28 0.098503
60 273 112 32 32 13.335450
60 120 126 27 27 15.228143
60 362 0 44 44 10.853478
60 290 113 24 24 8.321724
60 128 112 32 32 3.893698
60 24 128 32 32 3.424509
60 343 124 28 28 6.907319
60 464 133 27 27 3.880933
60 238 124 28 28 3.395904
60 239 112 28 28 5.920172
60 238 98 28 28 2.503012
60 0 24 32 32 2.473500
60 231 118 28 28 3.921518
60 390 112 32 32 2.453185
60 41 15 64 64 3.025570
60 355 124 28 28 3.738358
60 351 120 28 28 3.685255
60 349 9 40 40 1.830863
60 14 112 28 28 0.442816
60 126 133 28 28 0.227619
60 204 36 48 48 0.320414
60 300 114 23 23 0.043389
60 24 112 32 32 0.004987
90 4 13 64 64 14.625258
90 17 132 28 28 12.109449
90 117 118 28 28 14.567795
90 114 113 28 28 11.338087
90 301 114 24 24 8.385576
90 121 130 28 28 8.391853
90 48 26 64 64 4.717327
90 344 133 27 27 3.425696
90 6 132 28 28 2.584690
90 225 119 28 28 3.037365
90 235 119 28 28 2.841795
90 391 24 32 32 2.978854
90 256 112 32 32 1.631070
90 17 112 32 32 1.861151
90 32 16 64 64 1.576682
90 362 0 44 44 1.476737
90 384 112 32 32 1.409189
90 112 126 28 28 1.404894
90 288 102 24 24 1.087004
90 405 24 32 32 1.483941
90 336 119 28 28 0.977673
90 480 0 23 23 0.749233
90 306 105 24 24 1.101270
90 357 128 27 27 0.680406
90 224 98 28 28 0.375581
90 126 126 28 28 0.270504
120 443 125 35 35 19.815789
120 462 127 30 30 16.211213
120 299 103 24 24 10.121358
120 405 130 32 32 10.304769
120 288 36 48 48 8.046962
120 420 36 48 48 6.948868
120 384 0 24 24 3.420975
120 389 149 32 32 7.731339
120 0 25 64 64 4.974999
120 264 35 48 48 5.602658
120 462 119 28 28 2.774283
120 436 144 36 36 4.773769
120 392 137 32 32 7.257938
120 288 9 36 36 2.237966
120 306 106 23 23 2.848086
120 454 6 29 29 3.100384
120 384 142 32 32 2.324157
120 153 126 36 36 1.809425
120 294 108 24 24 1.590438
120 442 0 36 36 1.957871
120 461 17 28 28 3.136571
120 256 112 32 32 1.268953
120 224 111 28 28 1.180693
120 216 36 48 48 1.763980
120 408 144 32 32 0.851684
120 293 96 24 24 0.604589
120 256 144 32 32 0.494353
120 264 256 32 32 0.067201
150 128 128 32 32 5.030604
150 216 30 46 46 20.196655
150 261 5 62 62 14.689629
150 45 15 64 64 7.665180
150 354 113 28 28 11.150827
150 281 22 58 58 9.612292
150 192 128 32 32 3.052885
150 343 97 27 27 2.979078
150 355 133 28 28 3.799517
150 343 112 27 27 2.748827
150 240 28 41 41 5.273924
150 464 119 28 28 3.308889
150 192 112 32 32 2.253057
150 349 120 28 28 2.851075
150 433 126 36 36 2.088894
150 0 84 24 24 1.659925
150 288 0 64 64 1.483822
150 264 21 47 47 5.514123
150 202 14 47 47 9.177267
150 176 112 32 32 1.016545
150 288 96 23 23 0.793782
150 256 144 32 32 0.565542
150 32 0 64 64 0.556861
150 144 114 24 24 0.545715
150 256 128 32 32 0.275936
150 306 96 24 24 0.177805
150 408 112 32 32 0.139032
150 432 0 36 36 0.065456
180 279 5 57 57 43.827353
180 344 113 28 28 12.467590
180 0 152 35 35 35.144157
180 352 31 64 64 11.943320
180 274 150 32 32 9.521112
180 402 98 24 24 7.874026
180 218 22 38 38 8.163666
180 400 112 25 25 6.566412
180 1 169 39 39 17.763942
180 3 143 34 34 8.136771
180 495 17 24 24 5.623410
180 288 23 47 47 6.238306
180 43 0 64 64 3.822425
180 201 0 46 46 7.843958
180 405 24 32 32 3.408401
180 242 30 44 44 3.198569
180 241 10 43 43 4.691977
180 350 119 28 28 2.272612
180 323 30 40 40 3.198268
180 264 12 48 48 3.612988
180 18 18 24 24 1.605488
180 260 32 64 64 2.128944
180 9 164 38 38 2.603150
180 216 1 46 46 3.147690
180 343 98 28 28 1.248824
180 408 0 32 32 1.214210
180 352 0 64 64 1.181569
180 204 114 24 24 1.133246
180 119 123 27 27 0.855375
180 498 96 24 24 0.511958
180 192 114 23 23 0.387096
180 10 180 40 40 0.341873
180 385 11 44 44 0.180613
210 216 23 36 36 18.813347
210 199 0 46 46 16.185939
210 351 98 28 28 8.233133
210 218 8 42 42 12.964941
210 3 173 44 44 17.038283
210 497 16 24 24 6.020567
210 288 84 24 24 3.632494
210 242 4 44 44 5.403340
210 467 130 28 28 4.960537
210 288 96 24 24 2.356619
210 448 113 27 27 3.141792
210 8 185 41 41 5.003822
210 301 84 24 24 2.655474
210 240 27 41 41 2.922656
210 451 126 33 33 5.455227
210 38 0 64 64 2.923803
210 288 24 64 64 3.363592
210 287 7 64 64 3.275957
210 350 30 40 40 1.315533
210 357 112 28 28 1.239510
210 264 0 48 48 1.637092
210 0 154 44 44 0.775278
210 388 102 24 24 0.934161
210 462 119 27 27 0.639649
210 320 30 40 40 0.299544
210 12 168 48 48 0.348284
210 486 300 24 24 0.038986
240 216 22 36 36 21.567298
240 218 13 39 39 21.247677
240 9 13 24 24 15.365494
240 0 162 36 36 14.968226
240 201 0 46 46 14.272854
240 0 148 34 34 14.705054
240 0 8 26 26 7.347109
240 7 18 24 24 9.964405
240 292 96 24 24 6.047792
240 18 18 24 24 3.620662
240 241 28 43 43 6.013125
240 263 28 44 44 5.741922
240 357 98 28 28 2.916318
240 16 209 24 24 3.984168
240 393 112 32 32 3.520691
240 240 9 40 40 2.354100
240 0 139 35 35 5.581100
240 43 0 64 64 2.823588
240 306 84 24 24 2.070979
240 119 126 28 28 1.807552
240 291 84 24 24 2.890254
240 289 102 24 24 1.594491
240 21 0 64 64 2.000988
240 330 30 40 40 0.833272
240 357 112 28 28 0.560367
240 351 11 64 64 0.662898
240 264 11 44 44 0.377805
240 256 23 32 32 0.120388
270 217 22 37 37 20.635835
270 218 11 40 40 25.468595
270 112 98 28 28 6.801329
270 201 0 46 46 11.378060
270 352 27 64 64 6.008690
270 290 84 24 24 6.501119
270 384 107 23 23 3.852659
270 240 5 40 40 5.934686
270 357 112 28 28 3.182825
270 294 98 23 23 5.593375
270 480 96 24 24 2.339712
270 251 21 35 35 5.799763
270 264 32 47 47 7.979287
270 108 109 24 24 2.877267
270 357 98 28 28 1.978468
270 20 36 48 48 5.573692
270 101 84 24 24 1.358232
270 123 98 28 28 2.084779
270 264 22 46 46 3.890223
270 242 32 44 44 1.191296
270 48 15 64 64 0.908476
270 288 204 48 48 0.452216
300 390 113 24 24 36.544776
300 218 20 39 39 37.230400
300 208 0 47 47 24.867648
300 240 15 40 40 10.513563
300 393 108 24 24 8.199176
300 434 126 36 36 6.137376
300 264 34 48 48 7.153046
300 119 112 28 28 5.921635
300 15 112 26 26 4.243199
300 291 83 23 23 4.207869
300 402 114 24 24 1.670438
300 15 97 26 26 2.032998
300 384 108 24 24 1.135344
300 294 96 24 24 1.044815
300 263 12 48 48 2.890406
300 288 216 48 48 0.568902
330 290 84 24 24 13.413961
330 205 2 47 47 29.502057
330 218 25 39 39 16.920468
330 16 112 24 24 12.072301
330 240 25 40 40 10.839417
330 13 101 26 26 12.417928
330 437 143 35 35 6.035384
330 214 8 47 47 19.832230
330 25 0 64 64 6.732638
330 9 112 26 26 7.013557
330 256 48 64 64 3.122333
330 300 84 24 24 2.737450
330 0 0 64 64 2.660058
330 96 198 24 24 2.604081
330 384 114 24 24 2.351104
330 261 24 32 32 3.653631
330 294 97 23 23 3.439761
330 0 98 28 28 1.766891
330 263 25 47 47 8.737690
330 240 10 41 41 3.154820
330 122 125 27 27 2.255694
330 461 13 27 27 0.873625
330 256 0 64 64 0.555057
330 385 187 44 44 0.526221
330 126 119 28 28 0.235744
330 300 102 24 24 0.156639
360 290 84 24 24 12.175117
360 219 25 40 40 14.805908
360 240 25 41 41 16.433570
360 113 125 28 28 12.155561
360 8 112 27 27 16.301320
360 213 13 46 46 30.388704
360 207 0 47 47 13.354459
360 7 0 64 64 7.804081
360 39 0 64 64 6.175563
360 16 112 24 24 8.669063
360 241 16 43 43 5.578690
360 256 48 64 64 2.676831
360 454 144 36 36 4.687417
360 260 6 55 55 5.343010
360 117 130 28 28 6.425699
360 386 112 32 32 3.103039
360 264 19 47 47 7.138702
360 450 153 36 36 1.948073
360 12 100 27 27 4.932048
360 114 98 28 28 3.022860
360 5 36 48 48 5.732660
360 197 18 44 44 2.262026
360 294 102 24 24 1.119705
360 300 84 24 24 0.935652
360 384 128 32 32 0.880757
360 400 112 32 32 0.851910
360 0 98 27 27 0.832249
360 396 191 48 48 1.258786
360 24 36 48 48 1.071376
360 170 30 40 40 0.502323
360 450 18 36 36 0.359176
360 132 99 24 24 0.362232
360 48 15 64 64 0.198795
390 240 25 41 41 20.435837
390 290 83 23 23 10.900884
390 219 25 39 39 13.070188
390 6 112 27 27 14.416176
390 241 15 43 43 10.038995
390 7 0 64 64 7.868398
390 112 131 27 27 4.954424
390 212 10 46 46 21.078203
390 406 112 32 32 4.322582
390 206 4 47 47 19.121595
390 461 13 27 27 6.647748
390 32 0 64 64 2.799348
390 262 13 50 50 11.857714
390 7 98 28 28 2.530596
390 19 112 26 26 3.267166
390 300 84 24 24 2.061132
390 198 17 44 44 2.098160
390 395 127 32 32 2.248318
390 2 118 27 27 1.962679
390 396 192 48 48 2.221110
390 395 112 32 32 1.398130
390 107 210 24 24 0.729456
390 102 204 24 24 0.422926
390 48 10 64 64 0.179349
420 240 25 41 41 21.311104
420 220 25 40 40 10.332057
420 289 84 24 24 8.543576
420 241 10 43 43 5.660723
420 211 9 48 48 19.868496
420 209 0 47 47 10.831616
420 0 132 31 31 8.359395
420 262 10 50 50 13.029713
420 466 14 28 28 4.166232
420 13 3 64 64 6.540323
420 460 125 28 28 5.139611
420 458 13 28 28 3.413416
420 198 22 44 44 1.526069
420 16 114 28 28 3.254962
420 300 97 24 24 1.183117
420 112 122 28 28 1.617123
420 300 83 23 23 0.751406
420 35 16 64 64 0.580203
420 448 7 28 28 0.302845
420 96 210 24 24 0.115930
420 448 126 28 28 0.100593
450 240 25 41 41 19.289445
450 449 125 28 28 18.343860
450 1 117 28 28 15.846021
450 209 12 46 46 27.928866
450 219 26 40 40 8.008727
450 6 112 28 28 4.890355
450 6 0 64 64 5.509130
450 242 11 44 44 2.930587
450 297 96 23 23 5.706289
450 468 21 28 28 2.573964
450 261 7 53 53 7.020475
450 264 23 46 46 5.439322
450 448 112 28 28 1.567657
450 457 133 28 28 2.312929
450 18 112 28 28 1.471333
450 288 0 64 64 0.687839
450 455 119 27 27 0.590054
450 112 126 28 28 0.549811
450 288 95 24 24 0.410337
450 32 0 64 64 0.309236
450 455 14 28 28 0.024754
480 240 25 41 41 18.329894
480 208 12 47 47 31.070182
480 454 131 28 28 19.122180
480 219 26 40 40 9.322143
480 4 0 64 64 6.965299
480 295 96 24 24 11.316697
480 448 126 28 28 3.308971
480 19 114 28 28 6.770673
480 259 7 57 57 7.747705
480 462 125 27 27 3.594317
480 466 21 28 28 4.525995
480 262 18 50 50 8.681971
480 455 118 28 28 2.090659
480 242 11 43 43 1.861758
480 0 118 27 27 1.883985
480 14 119 28 28 1.106377
480 408 204 48 48 2.194194
480 455 21 28 28 1.054877
480 288 0 64 64 0.808403
480 469 130 28 28 1.064606
480 10 15 64 64 0.486963
480 300 108 24 24 0.024635
510 240 25 41 41 19.297658
510 209 12 47 47 24.070748
510 6 2 64 64 12.296435
510 460 130 28 28 13.704200
510 294 96 24 24 14.372303
510 218 27 42 42 8.328019
510 454 126 27 27 11.208604
510 259 7 57 57 8.378039
510 14 118 28 28 9.050007
510 459 113 27 27 7.143826
510 19 114 28 28 6.593209
510 466 21 28 28 4.212009
510 262 18 50 50 10.014398
510 16 16 64 64 6.020959
510 33 6 64 64 4.558288
510 469 125 28 28 2.108474
510 455 21 27 27 1.653372
510 242 11 44 44 1.622766
510 299 103 24 24 2.520441
510 108 108 24 24 1.508313
510 407 204 48 48 2.532678
510 288 0 64 64 0.931886
510 0 112 32 32 0.189821
510 447 14 28 28 0.009791
540 240 25 41 41 19.305449
540 454 113 28 28 15.561567
540 209 12 47 47 22.382011
540 6 0 64 64 10.515186
540 219 28 41 41 6.776279
540 294 96 24 24 13.223969
540 259 8 56 56 8.409951
540 263 18 49 49 11.024830
540 466 21 28 28 4.838573
540 33 5 64 64 4.638059
540 455 20 28 28 2.056420
540 448 119 28 28 1.854082
540 242 11 43 43 1.687893
540 299 102 24 24 2.236271
540 408 204 48 48 2.737090
540 9 16 64 64 1.641444
540 288 0 64 64 0.962740
540 0 116 29 29 1.014874
570 450 131 28 28 21.071355
570 240 26 41 41 18.413655
570 290 96 24 24 11.736941
570 6 0 64 64 10.398088
570 208 13 47 47 25.381334
570 452 124 27 27 12.958551
570 215 26 44 44 10.639982
570 300 97 24 24 6.271613
570 259 8 56 56 9.660539
570 455 114 28 28 4.703562
570 20 16 64 64 5.286016
570 36 4 64 64 6.568231
570 20 119 28 28 5.161243
570 466 21 28 28 3.729721
570 261 22 52 52 6.529254
570 458 20 27 27 3.158368
570 288 0 64 64 1.384509
570 294 102 24 24 1.354429
570 408 204 48 48 2.197032
570 432 126 36 36 0.971426
570 10 114 30 30 1.432561
570 144 96 24 24 0.572742
570 462 133 28 28 0.539270
570 48 22 64 64 0.755439
570 343 112 28 28 0.141238
570 14 126 28 28 0.083376
600 240 26 41 41 18.935893
600 456 131 28 28 11.072852
600 211 13 48 48 26.653752
600 290 96 24 24 11.130214
600 216 26 44 44 10.083558
600 18 119 27 27 6.705773
600 300 97 24 24 6.201570
600 4 2 64 64 8.424568
600 455 113 27 27 5.320287
600 259 8 56 56 8.779561
600 466 21 28 28 4.213896
600 107 104 23 23 4.457440
600 262 18 50 50 10.207745
600 17 16 64 64 5.904053
600 458 21 28 28 3.645987
600 288 0 64 64 1.577162
600 200 22 45 45 1.972678
600 294 102 24 24 0.942132
600 408 204 48 48 1.608040
600 41 0 64 64 0.829198
600 33 176 44 44 0.466677
600 242 11 44 44 0.392444
600 144 95 24 24 0.355983
600 448 14 28 28 0.142882
630 455 113 28 28 18.834423
630 240 26 41 41 18.105412
630 290 95 24 24 11.969566
630 207 13 47 47 27.945664
630 216 26 44 44 11.400008
630 300 97 23 23 6.845588
630 5 2 64 64 8.832665
630 19 114 28 28 7.844850
630 259 8 56 56 9.382962
630 466 21 28 28 4.013761
630 262 18 50 50 10.819239
630 16 16 64 64 5.750518
630 458 21 28 28 3.557007
630 14 115 28 28 2.962201
630 294 102 24 24 1.388985
630 21 126 27 27 1.329719
630 288 0 64 64 1.195163
630 40 0 64 64 1.956180
630 462 119 28 28 1.028229
630 408 204 48 48 1.273260
630 144 96 24 24 0.321051
630 448 14 28 28 0.237489
630 300 108 24 24 0.095410
660 290 96 23 23 14.190679
660 241 27 42 42 18.240413
660 456 114 28 28 13.995102
660 300 98 24 24 9.004975
660 20 126 28 28 15.709129
660 208 13 47 47 21.526859
660 214 26 44 44 10.920129
660 16 113 29 29 9.302224
660 4 3 64 64 7.851350
660 262 14 51 51 15.631455
660 292 102 24 24 3.439369
660 15 11 64 64 8.435020
660 455 126 28 28 1.829724
660 306 102 24 24 1.737170
660 198 30 43 43 1.594065
660 7 114 28 28 2.646828
660 462 119 28 28 1.013798
660 245 98 28 28 0.778681
660 264 33 44 44 0.749130
660 35 168 48 48 1.291328
660 469 126 28 28 0.525945
660 455 21 28 28 0.471577
660 288 24 48 48 0.407554
690 240 26 41 41 18.422888
690 290 95 23 23 13.025389
690 4 3 64 64 11.364339
690 207 13 47 47 29.598874
690 215 26 44 44 12.545546
690 299 97 23 23 7.196816
690 259 8 56 56 8.687961
690 454 124 28 28 8.976436
690 466 21 28 28 3.652332
690 11 17 64 64 5.789660
690 294 102 24 24 2.104048
690 287 0 64 64 1.953615
690 449 133 28 28 2.273450
690 262 22 51 51 5.558121
690 469 130 28 28 2.948249
690 457 20 27 27 3.084196
690 461 121 27 27 2.804711
690 408 204 48 48 1.430606
690 144 95 24 24 0.615071
690 36 36 48 48 0.530080
690 300 108 24 24 0.235154
690 448 13 27 27 0.088655
720 240 26 41 41 18.418504
720 290 96 24 24 12.256213
720 6 0 64 64 9.051248
720 210 13 48 48 24.759754
720 216 26 44 44 9.759119
720 299 97 23 23 6.281409
720 23 34 48 48 17.875335
720 259 8 56 56 8.880424
720 466 21 28 28 4.017330
720 21 119 28 28 2.158781
720 288 0 64 64 2.038319
720 26 16 64 64 2.991420
720 458 21 28 28 3.349598
720 261 22 52 52 5.216224
720 294 102 24 24 1.689931
720 448 133 28 28 1.066425
720 462 126 28 28 0.726179
720 144 95 24 24 0.709918
720 198 22 44 44 0.575487
720 132 96 24 24 0.555627
720 408 204 48 48 0.893590
720 242 11 44 44 0.332290
720 336 112 28 28 0.224656
750 0 128 28 28 17.281537
750 290 96 23 23 13.381899
750 240 26 41 41 18.246433
750 4 2 64 64 10.576477
750 300 97 24 24 7.752941
750 218 27 43 43 7.912734
750 210 13 47 47 22.238910
750 259 9 56 56 9.705613
750 26 19 61 61 6.368065
750 262 18 50 50 11.886349
750 294 102 24 24 2.108802
750 458 162 36 36 1.173026
750 467 20 27 27 1.513499
750 457 21 28 28 1.119454
750 288 0 64 64 0.678060
750 144 96 24 24 0.645346
750 36 168 48 48 0.592590
750 48 0 64 64 0.260087
750 201 23 46 46 0.359233
780 240 26 41 41 18.707451
780 290 96 24 24 12.639476
780 6 0 64 64 11.007936
780 208 13 47 47 25.723496
780 216 27 43 43 10.021943
780 14 116 27 27 10.785514
780 300 97 23 23 7.172000
780 259 8 57 57 9.066677
780 20 113 27 27 5.194355
780 466 21 28 28 4.812182
780 27 11 64 64 7.696088
780 288 0 64 64 2.083303
780 458 20 27 27 3.707979
780 261 21 52 52 5.596782
780 294 102 23 23 1.667144
780 48 1 64 64 1.837660
780 448 133 28 28 0.920437
780 23 36 47 47 1.637216
780 462 126 28 28 0.655577
780 408 204 47 47 0.901130
780 448 14 28 28 0.294038
780 6 98 28 28 0.287787
780 36 168 48 48 0.255360
780 300 108 24 24 0.081216
810 290 96 24 24 13.211046
810 240 26 41 41 18.039799
810 210 13 48 48 24.400678
810 218 28 42 42 7.710208
810 6 0 64 64 8.228306
810 14 116 27 27 12.598607
810 300 98 24 24 7.139391
810 259 9 57 57 10.505698
810 467 21 28 28 3.409970
810 30 16 61 61 5.878941
810 264 24 47 47 3.944791
810 294 102 24 24 2.006797
810 448 133 28 28 1.843122
810 197 22 44 44 2.255878
810 24 31 51 51 5.463090
810 288 0 64 64 1.593803
810 457 20 28 28 2.499173
810 48 28 64 64 2.077016
810 42 2 64 64 3.070578
810 7 112 28 28 1.039960
810 469 133 28 28 0.972696
810 144 96 24 24 0.752380
810 462 126 28 28 0.697103
810 21 112 28 28 0.578330
810 36 168 48 48 1.105756
810 408 204 48 48 0.626874
810 450 14 28 28 0.440550
810 300 108 24 24 0.124494
840 289 96 24 24 17.211654
840 241 27 42 42 17.304376
840 294 102 24 24 12.822335
840 7 0 64 64 10.831213
840 300 98 24 24 9.482934
840 14 117 28 28 10.871492
840 211 15 48 48 27.045574
840 213 25 46 46 18.358570
840 259 8 57 57 7.668813
840 19 114 27 27 6.524336
840 29 13 64 64 7.370485
840 330 165 40 40 5.056251
840 480 108 24 24 2.465333
840 48 26 64 64 3.639639
840 454 15 27 27 2.363306
840 198 30 43 43 2.358539
840 43 4 64 64 4.097716
840 448 133 28 28 1.690469
840 239 98 28 28 1.854466
840 7 112 28 28 1.467337
840 264 24 48 48 1.975664
840 469 119 28 28 0.638500
840 461 21 28 28 1.210252
840 343 133 28 28 0.233273
840 108 114 24 24 0.074216
840 242 10 44 44 0.024423
840 468 133 28 28 0.008690
870 241 30 43 43 10.856317
870 290 107 24 24 12.740189
870 208 25 47 47 25.946109
870 114 113 27 27 8.876587
870 242 97 27 27 5.825377
870 6 14 64 64 7.236570
870 298 112 24 24 8.579936
870 488 113 23 23 6.376808
870 396 205 24 24 6.242161
870 123 113 28 28 6.978142
870 48 4 64 64 4.209190
870 320 160 40 40 2.725922
870 211 36 48 48 8.217262
870 386 209 24 24 3.564446
870 480 0 24 24 2.039435
870 128 133 32 32 1.784993
870 402 210 24 24 1.271741
870 119 119 28 28 1.156583
870 278 112 31 31 2.031523
870 291 102 24 24 2.232154
870 262 28 51 51 2.379015
870 6 123 28 28 0.919258
870 264 112 32 32 0.497943
870 187 33 44 44 0.486279
870 443 0 35 35 0.469515
870 15 0 64 64 0.207756
870 396 192 48 48 0.328914
870 352 154 44 44 0.082426
900 242 98 28 28 14.746043
900 293 114 24 24 16.448846
900 206 33 48 48 36.920278
900 312 126 36 36 9.206949
900 47 9 64 64 7.576042
900 434 162 35 35 11.456160
900 242 33 44 44 3.447990
900 132 288 24 24 3.444525
900 398 130 32 32 6.181874
900 115 126 28 28 5.146008
900 450 160 36 36 2.958982
900 480 298 24 24 3.627967
900 242 111 28 28 3.883572
900 337 238 28 28 3.123645
900 4 20 64 64 5.082215
900 123 121 28 28 5.386613
900 288 216 48 48 4.016470
900 441 171 36 36 1.562083
900 216 24 48 48 2.630306
900 384 128 32 32 1.050853
900 297 126 36 36 0.339067
900 256 16 64 64 0.331543
900 441 153 36 36 0.293031
900 480 0 24 24 0.278941
900 32 0 64 64 0.231131
900 288 16 64 64 0.005696
930 243 123 28 28 24.321297
930 272 112 32 32 19.242675
930 270 128 32 32 16.469042
930 237 119 28 28 5.828890
930 47 7 64 64 9.899550
930 395 192 48 48 18.358340
930 396 152 32 32 7.794091
930 242 33 44 44 3.858062
930 485 0 23 23 10.327307
930 124 124 27 27 7.010988
930 5 133 28 28 7.661682
930 256 128 32 32 2.600086
930 420 168 48 48 4.665176
930 406 199 48 48 8.908482
930 469 224 28 28 2.026622
930 396 168 48 48 3.742086
930 420 192 48 48 3.491660
930 256 0 64 64 1.547549
930 112 126 28 28 1.456842
930 245 111 28 28 1.285362
930 231 123 28 28 1.728436
930 256 112 32 32 1.022731
930 267 135 32 32 1.554720
930 154 126 28 28 0.138072
960 123 119 28 28 11.316687
960 263 129 32 32 19.839899
960 240 114 28 28 18.237970
960 241 119 28 28 12.952010
960 43 3 64 64 12.311590
960 264 112 32 32 10.425780
960 259 136 32 32 7.595219
960 154 116 28 28 6.050590
960 242 20 43 43 3.978140
960 21 112 32 32 5.105267
960 4 125 28 28 6.941848
960 256 9 64 64 5.870164
960 280 128 32 32 2.939688
960 240 126 27 27 4.313022
960 112 119 27 27 2.531476
960 272 136 32 32 2.061618
960 280 112 32 32 2.015626
960 32 16 64 64 1.645729
960 0 133 28 28 1.039733
960 21 126 28 28 0.872269
960 204 35 48 48 0.036568
990 204 84 24 24 15.073383
990 7 112 26 26 15.031751
990 2 0 64 64 5.218503
990 275 112 32 32 7.831138
990 487 7 23 23 11.063609
990 208 97 23 23 12.691855
990 24 35 48 48 19.733328
990 225 130 28 28 10.438691
990 14 113 25 25 8.808208
990 96 114 24 24 3.682222
990 210 112 24 24 3.719528
990 481 10 24 24 5.702491
990 403 128 32 32 4.709437
990 192 0 48 48 5.171270
990 232 126 28 28 3.223177
990 106 114 24 24 2.751325
990 256 112 32 32 1.847961
990 242 133 28 28 2.287575
990 204 102 24 24 1.305073
990 231 98 28 28 1.110797
990 492 12 24 24 0.776981
990 399 112 32 32 0.772519
990 402 103 23 23 0.741303
990 498 6 24 24 0.318229
990 192 112 32 32 0.043462
990 191 84 24 24 0.022944
1020 258 138 32 32 16.172773
1020 297 126 36 36 13.745713
1020 310 125 35 35 8.875782
1020 259 152 32 32 6.684483
1020 272 136 32 32 2.044360
1020 264 144 32 32 1.748820
1020 233 98 28 28 2.812012
1020 168 98 28 28 1.292245
1020 154 119 28 28 1.261447
1020 192 108 24 24 0.786616
1020 357 0 28 28 0.317160
1050 435 146 36 36 14.646917
1050 108 207 24 24 6.874455
1050 449 146 36 36 4.768328
1050 327 160 39 39 8.023963
1050 357 116 28 28 5.581031
1050 443 154 35 35 4.387639
1050 26 154 44 44 3.741737
1050 210 192 24 24 1.856559
1050 198 157 35 35 3.286481
1050 278 112 32 32 2.065508
1050 315 171 36 36 1.182722
1050 132 207 24 24 1.908588
1050 167 121 28 28 1.525352
1050 240 130 27 27 2.664422
1050 245 126 28 28 0.676422
1050 320 140 40 40 0.590094
1050 432 162 36 36 0.524903
1050 101 204 24 24 0.210828
1050 237 111 28 28 0.207992
1080 23 47 64 64 20.188803
1080 5 196 23 23 15.536804
1080 2 193 24 24 11.455315
1080 151 150 36 36 14.609777
1080 102 192 24 24 8.984284
1080 144 144 35 35 3.447176
1080 162 147 36 36 4.685305
1080 224 98 28 28 2.238839
1080 48 48 64 64 2.205032
1080 352 16 64 64 2.168598
1080 393 108 24 24 3.154477
1080 4 162 36 36 3.237567
1080 390 111 24 24 2.845739
1080 280 132 32 32 2.084144
1080 384 128 32 32 1.059648
1080 29 32 64 64 0.671363
1080 272 128 32 32 0.390859
1080 407 128 32 32 0.386546
1080 11 192 23 23 0.351379
1080 256 112 32 32 0.341394
1080 176 152 32 32 0.324498
1080 245 119 28 28 0.205759
1080 275 16 64 64 0.188010
1110 280 16 64 64 6.556371
1110 342 20 28 28 4.526348
1110 143 110 23 23 3.066365
1110 315 0 36 36 1.692025
1110 126 126 28 28 1.510212
1110 245 133 27 27 1.404832
1110 256 16 64 64 1.344532
1110 357 0 28 28 1.337535
1110 132 114 24 24 1.006046
1140 116 132 28 28 13.326187
1140 168 125 28 28 13.305012
1140 241 14 28 28 9.482320
1140 43 26 64 64 11.797865
1140 469 115 27 27 8.520013
1140 271 12 64 64 4.470379
1140 237 7 28 28 3.343771
1140 0 11 64 64 3.680389
1140 18 113 24 24 2.335144
1140 294 84 24 24 2.334939
1140 348 98 28 28 2.352372
1140 32 11 64 64 2.400188
1140 487 17 24 24 2.556687
1140 306 111 24 24 2.441140
1140 42 0 64 64 1.832808
1140 462 0 28 28 1.151176
1140 154 125 28 28 1.129111
1140 21 98 28 28 0.570164
1140 16 32 64 64 0.229073
1140 336 98 28 28 0.102758
1140 128 112 32 32 0.093736
1170 388 113 24 24 7.379778
1170 482 1 24 24 8.683953
1170 112 3 27 27 5.265894
1170 34 21 53 53 7.751896
1170 11 0 64 64 3.545929
1170 480 12 24 24 1.404580
1170 111 14 28 28 1.073457
1170 492 4 24 24 1.203784
1170 47 21 64 64 0.500969
1200 384 110 23 23 9.050993
1200 384 34 47 47 6.474711
1200 400 108 24 24 4.365995
1200 242 98 28 28 2.557943
1200 338 125 27 27 2.620247
1200 396 101 24 24 0.761678
1230 386 31 47 47 30.801997
1230 418 31 48 48 19.711404
1230 388 95 24 24 5.297853
1230 399 27 47 47 16.167952
1230 352 7 64 64 5.284597
1230 384 12 47 47 5.400936
1230 336 98 28 28 2.302432
1230 242 33 44 44 2.222459
1230 469 113 27 27 3.012092
1230 264 33 44 44 1.620391
1230 216 171 36 36 0.800657
1230 384 101 24 24 0.667942
1230 102 114 24 24 0.570349
1230 18 204 24 24 0.557239
1230 290 197 23 23 0.688439
1230 187 32 44 44 0.403781
1230 384 198 24 24 0.341401
1230 198 154 44 44 0.337070
1260 242 24 44 44 6.566025
1260 188 32 45 45 13.101387
1260 389 84 24 24 5.695146
1260 384 25 47 47 3.862798
1260 399 84 24 24 3.102387
1260 306 84 24 24 1.457478
1260 448 112 28 28 0.984449
1260 264 26 43 43 0.922930
1260 287 36 48 48 0.434372
1260 108 108 24 24 0.110997
1290 416 32 47 47 37.921824
1290 495 112 24 24 17.632766
1290 288 30 48 48 23.930632
1290 193 36 48 48 10.774420
1290 391 33 48 48 19.244028
1290 484 112 24 24 6.487238
1290 403 23 47 47 10.866918
1290 493 107 24 24 8.630315
1290 168 112 28 28 3.274989
1290 242 33 44 44 2.204006
1290 357 98 28 28 2.001250
1290 277 0 64 64 2.871803
1290 264 112 32 32 1.254412
1290 396 105 24 24 1.278953
1290 264 33 44 44 0.491734
1290 468 98 28 28 0.394856
1290 498 102 24 24 0.244568
1290 216 36 48 48 0.359164
1290 384 24 48 48 0.142852
1290 454 98 28 28 0.001117
1320 288 33 48 48 15.631844
1320 414 36 48 48 20.426016
1320 389 35 48 48 16.349018
1320 492 112 23 23 17.656352
1320 351 6 64 64 6.664831
1320 357 98 28 28 3.225101
1320 491 99 24 24 5.967383
1320 498 108 24 24 3.043115
1320 484 108 24 24 2.986997
1320 132 114 24 24 2.288249
1320 480 112 24 24 2.866476
1320 396 113 24 24 2.176262
1320 263 26 47 47 5.932091
1320 168 113 27 27 2.207437
1320 201 36 48 48 4.573254
1320 0 84 24 24 1.610530
1320 144 114 24 24 0.771750
1320 336 98 28 28 0.555907
1320 469 98 28 28 0.323663
1320 223 98 28 28 0.191371
1350 338 98 28 28 13.355893
1350 385 103 24 24 18.570873
1350 288 36 48 48 8.897444
1350 288 0 64 64 4.197116
1350 390 108 24 24 4.135922
1350 263 26 47 47 10.125009
1350 354 32 54 54 7.364992
1350 350 98 28 28 3.169148
1350 454 126 28 28 2.865479
1350 414 36 48 48 8.860046
1350 204 36 48 48 4.375078
1350 455 98 28 28 1.985263
1350 352 0 64 64 1.886476
1350 408 112 32 32 1.794153
1350 384 30 47 47 7.355323
1350 379 33 44 44 2.371149
1350 390 96 24 24 1.042446
1350 36 36 48 48 1.371016
1350 395 35 48 48 0.677492
1350 451 133 28 28 0.587964
1350 168 112 28 28 0.158037
1380 203 23 46 46 46.520053
1380 23 112 32 32 8.408865
1380 339 98 28 28 12.044285
1380 288 34 48 48 13.337372
1380 352 98 28 28 7.472214
1380 389 106 23 23 11.600345
1380 462 119 28 28 7.659423
1380 386 101 23 23 4.659705
1380 192 36 48 48 4.308100
1380 266 0 64 64 3.698991
1380 396 102 24 24 1.841483
1380 402 108 24 24 1.480071
1380 264 28 48 48 4.130640
1380 352 0 64 64 1.101972
1380 385 36 48 48 2.203294
1380 192 12 48 48 1.458474
1380 469 112 28 28 0.096825
1410 242 20 28 28 12.309325
1410 5 36 48 48 27.249756
1410 206 4 46 46 33.795765
1410 15 124 28 28 10.817258
1410 339 98 28 28 9.070699
1410 10 114 30 30 6.473118
1410 384 111 24 24 7.050783
1410 18 120 28 28 8.117103
1410 351 98 28 28 3.976049
1410 210 26 44 44 7.631718
1410 262 0 64 64 5.065845
1410 216 10 46 46 7.669912
1410 24 36 48 48 5.205114
1410 280 0 64 64 4.736908
1410 192 36 48 48 4.475568
1410 455 98 28 28 2.017320
1410 224 133 27 27 1.574528
1410 154 112 28 28 1.259400
1410 385 33 44 44 0.517377
1410 101 107 24 24 0.348366
1410 210 96 24 24 0.240569
1410 96 112 24 24 0.039600
1440 16 107 24 24 39.818322
1440 6 107 24 24 38.586581
1440 2 114 24 24 11.988703
1440 11 113 23 23 5.661329
1440 400 108 24 24 17.591323
1440 3 98 27 27 12.745819
1440 396 112 24 24 15.361585
1440 355 98 28 28 5.797580
1440 192 32 47 47 12.055871
1440 144 96 23 23 3.639247
1440 21 98 28 28 3.548156
1440 154 98 28 28 3.257478
1440 217 25 37 37 5.844579
1440 198 84 24 24 3.107944
1440 432 4 35 35 4.138969
1440 168 98 28 28 2.094733
1440 288 98 24 24 4.072473
1440 192 18 47 47 8.933849
1440 300 112 24 24 2.482849
1440 390 108 24 24 1.176339
1440 242 22 44 44 1.143768
1440 238 7 28 28 1.136206
1440 403 36 48 48 3.594806
1440 203 0 47 47 2.083614
1440 199 106 24 24 2.300775
1440 389 36 48 48 3.147212
1440 498 110 24 24 1.328661
1440 144 113 24 24 0.629635
1440 396 0 48 48 1.080890
1440 402 96 24 24 0.293764
1440 294 102 24 24 0.021844
1470 387 28 47 47 34.591077
1470 192 31 46 46 26.848306
1470 292 105 24 24 11.913193
1470 168 98 28 28 4.647990
1470 398 35 47 47 15.009423
1470 296 96 23 23 6.131914
1470 351 0 64 64 3.712820
1470 127 98 26 26 8.737958
1470 288 104 24 24 5.304563
1470 130 111 24 24 7.148853
1470 193 5 47 47 9.691273
1470 384 99 24 24 4.427365
1470 143 98 23 23 4.491701
1470 335 29 40 40 3.809631
1470 351 33 44 44 1.810779
1470 115 98 28 28 3.086452
1470 419 31 48 48 4.876996
1470 300 102 24 24 1.106768
1470 240 10 40 40 0.960648
1470 484 99 23 23 2.172363
1470 494 107 23 23 1.385276
1470 479 98 23 23 0.982007
1470 480 12 24 24 0.425039
1470 18 102 24 24 0.389791
1470 119 112 28 28 0.273470
1470 216 27 36 36 0.236099
1470 498 0 24 24 0.045218
1470 198 22 44 44 0.000146
1500 106 101 24 24 16.855929
1500 291 102 23 23 7.633720
1500 154 98 28 28 3.307523
1500 400 108 24 24 3.954774
1500 99 95 24 24 3.776626
1500 497 102 24 24 2.112648
1500 190 0 46 46 4.948855
1500 96 99 24 24 3.575564
1500 16 96 24 24 2.537255
1500 12 84 24 24 1.458361
1500 240 0 40 40 1.315608
1500 384 102 24 24 0.954390
1500 102 108 24 24 0.856176
1500 0 25 64 64 1.065174
1500 193 10 47 47 1.535137
1500 289 95 23 23 0.597123
1500 96 114 24 24 0.201466
1500 288 108 24 24 0.139879
1530 304 107 24 24 15.965330
1530 144 98 24 24 10.144743
1530 26 30 45 45 18.693032
1530 363 32 44 44 10.349528
1530 207 294 24 24 8.849166
1530 290 294 24 24 8.901275
1530 194 294 24 24 8.528189
1530 495 293 23 23 8.926048
1530 301 103 24 24 12.032096
1530 482 293 24 24 7.702033
1530 399 294 24 24 7.408484
1530 387 294 24 24 7.025914
1530 302 294 24 24 7.512638
1530 98 294 24 24 6.214409
1530 386 273 32 32 5.566973
1530 448 98 28 28 2.107569
1530 405 274 32 32 5.387892
1530 12 289 23 23 6.338976
1530 11 26 48 48 4.958704
1530 108 294 24 24 1.924583
1530 258 274 32 32 5.521271
1530 272 277 32 32 7.077269
1530 192 275 32 32 3.416201
1530 132 98 24 24 3.567893
1530 280 272 32 32 1.663558
1530 15 294 24 24 2.774884
1530 396 280 32 32 2.060223
1530 18 272 32 32 1.765300
1530 175 274 32 32 1.293009
1530 128 280 32 32 0.860267
1530 448 112 28 28 0.611394
1530 0 288 24 24 0.582356
1530 306 300 24 24 0.561897
1530 294 300 24 24 0.561088
1530 108 96 24 24 0.525324
1530 306 96 24 24 0.509897
1530 224 0 28 28 0.481505
1530 448 0 27 27 0.411621
1530 492 288 23 23 0.385771
1530 198 300 24 24 0.984368
1530 294 96 24 24 0.313384
1530 6 294 24 24 0.255590
1530 288 228 48 48 0.087544
1530 384 112 32 32 0.030929
1530 144 280 32 32 0.010933
1560 455 97 27 27 11.801133
1560 387 33 47 47 31.317790
1560 361 32 44 44 11.871153
1560 15 113 26 26 17.128875
1560 144 97 23 23 7.577693
1560 452 111 28 28 8.390793
1560 412 33 48 48 22.757464
1560 394 102 24 24 10.713299
1560 24 29 47 47 13.818066
1560 112 97 27 27 3.182746
1560 99 84 24 24 4.943924
1560 129 96 25 25 4.560036
1560 228 120 28 28 6.306736
1560 352 0 64 64 2.650213
1560 154 98 28 28 2.499434
1560 401 23 47 47 8.844110
1560 0 113 25 25 5.625348
1560 108 114 24 24 2.185141
1560 402 107 24 24 1.525621
1560 21 98 28 28 1.406827
1560 390 83 23 23 1.374243
1560 483 113 24 24 2.185353
1560 195 113 24 24 1.921253
1560 35 35 46 46 2.976654
1560 305 105 23 23 1.701248
1560 390 96 24 24 0.946972
1560 7 36 48 48 3.101340
1560 390 108 24 24 0.736322
1560 14 126 28 28 0.525678
1590 132 98 24 24 10.009283
1590 144 98 24 24 8.120126
1590 492 114 24 24 10.069624
1590 355 119 28 28 8.871163
1590 199 106 23 23 9.683488
1590 407 36 48 48 4.993470
1590 36 36 48 48 4.817538
1590 9 34 47 47 9.539681
1590 264 32 45 45 3.531549
1590 36 0 64 64 2.466427
1590 238 119 28 28 1.683893
1590 132 108 24 24 1.423451
1590 353 112 28 28 2.473838
1590 300 96 24 24 1.253049
1590 468 98 28 28 1.116377
1590 144 108 24 24 1.111739
1590 192 102 24 24 1.041724
1590 204 102 24 24 0.725766
1590 108 18 24 24 0.559374
1590 20 10 40 40 0.380566
1590 108 102 24 24 0.124594
1590 480 114 23 23 0.113152
1590 0 108 24 24 0.059789
1620 32 12 47 47 53.213653
1620 10 13 47 47 20.113310
1620 98 84 24 24 7.980917
1620 105 84 24 24 7.847913
1620 28 28 46 46 7.440132
1620 406 19 32 32 8.113051
1620 387 112 32 32 6.091990
1620 286 16 60 60 9.225559
1620 387 15 43 43 10.342616
1620 384 27 45 45 5.533175
1620 350 20 40 40 4.705563
1620 263 13 47 47 5.171855
1620 469 17 28 28 3.891747
1620 457 7 27 27 2.916957
1620 480 15 24 24 2.985945
1620 25 1 47 47 3.439033
1620 353 6 53 53 3.298414
1620 467 4 27 27 3.135931
1620 155 126 36 36 1.579498
1620 176 136 32 32 1.158606
1620 108 96 24 24 0.481318
1620 400 112 32 32 0.275377
1620 0 119 27 27 0.118805
1620 0 22 44 44 0.090646
1650 108 10 24 24 20.503689
1650 3 27 47 47 46.998809
1650 407 33 48 48 30.999820
1650 15 96 24 24 8.637377
1650 17 28 46 46 26.359986
1650 455 146 36 36 10.507616
1650 390 18 24 24 3.417775
1650 454 153 36 36 7.038210
1650 355 29 44 44 7.879010
1650 32 28 47 47 17.155373
1650 420 23 47 47 5.884914
1650 484 197 23 23 7.073561
1650 0 107 23 23 5.986484
1650 459 168 36 36 4.157305
1650 481 194 24 24 5.656487
1650 9 13 47 47 9.907389
1650 12 5 24 24 3.227468
1650 4 17 24 24 4.608462
1650 386 28 47 47 12.217883
1650 0 98 24 24 3.798363
1650 108 0 24 24 2.060651
1650 392 24 32 32 1.609567
1650 363 21 43 43 1.522937
1650 401 108 24 24 1.467306
1650 350 1 40 40 1.054924
1650 264 24 48 48 1.256892
1650 492 204 24 24 0.397083
1650 448 112 28 28 0.247021
1650 27 288 36 36 0.180636
1650 498 210 24 24 0.083886
1650 374 33 44 44 0.030984
1680 144 104 23 23 14.444433
1680 410 33 48 48 26.118210
1680 352 8 64 64 10.863456
1680 450 113 28 28 10.867643
1680 417 26 48 48 23.499868
1680 466 113 28 28 9.768911
1680 348 113 28 28 8.281102
1680 466 6 28 28 7.948141
1680 462 2 28 28 6.938001
1680 348 126 28 28 9.850896
1680 468 124 28 28 6.636451
1680 306 101 24 24 2.820042
1680 7 112 28 28 1.989746
1680 464 14 28 28 2.574883
1680 338 119 28 28 2.488544
1680 395 28 47 47 5.278850
1680 488 108 24 24 2.340986
1680 408 0 32 32 1.189516
1680 396 84 24 24 1.123243
1680 456 119 28 28 1.413757
1680 488 6 24 24 1.454647
1680 456 98 28 28 1.143500
1680 0 128 32 32 0.690955
1680 448 128 28 28 0.918282
1680 343 133 28 28 0.563674
1680 491 9 23 23 1.075066
1680 357 133 28 28 0.406613
1680 492 84 24 24 0.398487
1680 480 18 23 23 0.182166
1680 288 96 24 24 0.069851
1680 192 108 24 24 0.040040
1710 131 112 24 24 22.552427
1710 338 124 28 28 26.406135
1710 123 98 28 28 13.298690
1710 343 119 28 28 7.833717
1710 345 133 27 27 11.013090
1710 449 117 27 27 15.981600
1710 350 128 27 27 9.683385
1710 289 101 24 24 15.713906
1710 467 123 28 28 12.104876
1710 388 128 32 32 8.739842
1710 192 113 24 24 4.307428
1710 352 48 64 64 3.487766
1710 144 108 24 24 3.682706
1710 357 133 28 28 2.876644
1710 295 108 24 24 4.034389
1710 386 112 32 32 3.924496
1710 384 139 32 32 4.626629
1710 288 48 64 64 2.706356
1710 455 112 28 28 2.498259
1710 301 101 24 24 6.035460
1710 462 119 28 28 1.538484
1710 294 96 24 24 1.488395
1710 119 112 28 28 1.407543
1710 12 12 24 24 0.323577
1710 336 112 28 28 0.295379
1740 98 113 24 24 20.717739
1740 18 118 28 28 27.193457
1740 497 15 24 24 8.421326
1740 289 102 24 24 14.008571
1740 17 125 28 28 9.884889
1740 108 112 23 23 6.458148
1740 357 133 28 28 4.783149
1740 354 112 28 28 7.380228
1740 355 98 28 28 5.360183
1740 5 116 29 29 9.267090
1740 296 109 24 24 7.884724
1740 345 98 28 28 3.972402
1740 41 0 64 64 4.541502
1740 388 112 24 24 5.755164
1740 288 36 48 48 4.391126
1740 104 107 24 24 4.522323
1740 297 114 24 24 3.695513
1740 107 104 24 24 4.406240
1740 23 0 64 64 3.823336
1740 385 110 23 23 5.134974
1740 480 84 24 24 1.798753
1740 432 153 36 36 1.536129
1740 14 112 28 28 1.881851
1740 288 114 24 24 1.146497
1740 264 36 48 48 2.229044
1740 343 111 27 27 0.647623
1740 294 96 24 24 0.573980
1740 168 98 28 28 0.505444
1740 306 108 24 24 0.486164
1740 384 96 24 24 0.214265
1740 96 102 23 23 0.014629
1770 6 108 24 24 14.439402
1770 1 112 24 24 10.255813
1770 303 101 24 24 8.596195
1770 1 100 26 26 8.636808
1770 21 34 47 47 25.883392
1770 459 170 36 36 4.661152
1770 384 108 23 23 10.193569
1770 10 112 24 24 9.060441
1770 0 36 48 48 5.492128
1770 357 98 28 28 2.202909
1770 290 97 24 24 4.293100
1770 389 102 24 24 1.714222
1770 0 0 64 64 0.896355
1770 448 119 28 28 0.747845
1770 480 210 24 24 0.673574
1770 492 210 24 24 0.626843
1770 32 0 64 64 0.414279
1770 420 36 48 48 0.599176
1770 12 24 48 48 0.371812
1770 132 114 24 24 0.117158
1770 119 98 28 28 0.071010
1770 300 96 24 24 0.057363
1800 1 105 24 24 14.083589
1800 289 84 24 24 5.988706
1800 197 18 24 24 9.097099
1800 3 103 24 24 11.538522
1800 401 96 24 24 3.713898
1800 481 96 24 24 3.824645
1800 490 96 24 24 3.685288
1800 264 12 48 48 4.533564
1800 128 99 26 26 4.242511
1800 384 96 24 24 1.833950
1800 432 126 36 36 1.535493
1800 288 12 47 47 2.823142
1800 362 27 44 44 2.574079
1800 12 96 24 24 1.309261
1800 132 108 24 24 1.039078
1800 350 20 40 40 0.654386
1800 144 96 24 24 0.435975
1800 111 98 28 28 0.266884
1800 288 96 24 24 0.210267
1800 300 84 24 24 0.147419
1800 384 12 48 48 0.229202
1800 385 33 44 44 0.035175
1830 193 4 24 24 8.536729
1830 168 112 28 28 3.591160
1830 132 96 23 23 3.252123
1830 378 32 44 44 3.149397
1830 36 34 48 48 2.409278
1830 396 96 23 23 0.627323
1830 192 111 24 24 0.792201
1830 198 0 24 24 0.401475
1830 204 6 24 24 0.141618
1830 154 98 28 28 0.084185
