30 21 128 34 34 10.140519
30 405 112 32 32 4.546659
30 408 130 32 32 4.622720
30 0 142 32 32 3.485564
30 1 127 35 35 3.321970
30 48 29 64 64 2.513330
30 347 133 28 28 2.856018
30 338 132 27 27 2.555856
30 16 144 32 32 1.440037
30 384 112 32 32 1.267213
30 245 126 28 28 0.930598
30 384 128 32 32 0.838582
30 352 16 64 64 0.570733
30 192 128 32 32 0.413171
30 16 48 64 64 0.030459
60 400 112 32 32 17.548978
60 13 128 34 34 14.225387
60 459 126 36 36 3.794440
60 384 112 32 32 3.437907
60 20 135 31 31 6.755866
60 48 30 64 64 3.450100
60 314 125 35 35 3.089282
60 338 133 28 28 4.495292
60 454 119 28 28 2.870681
60 298 125 35 35 2.504807
60 238 133 28 28 1.426565
60 288 32 64 64 1.371309
60 352 16 64 64 1.334019
60 403 128 32 32 2.113084
60 384 128 32 32 1.183548
60 384 36 48 48 1.546296
60 192 136 32 32 0.744113
60 492 96 24 24 0.223537
90 402 128 32 32 10.184506
90 3 126 35 35 8.438544
90 338 127 27 27 9.469421
90 192 128 32 32 4.443681
90 310 126 36 36 6.349200
90 48 25 64 64 5.600336
90 160 190 40 40 2.977155
90 15 131 31 31 7.765568
90 282 16 64 64 4.289957
90 397 112 32 32 3.234868
90 175 144 32 32 3.730547
90 381 172 45 45 6.644503
90 175 130 32 32 2.639254
90 32 16 64 64 1.714265
90 210 0 24 24 1.500294
90 343 133 28 28 1.242184
90 352 16 64 64 0.822562
90 396 168 48 48 1.430408
90 343 119 28 28 0.564879
90 162 162 36 36 0.546491
90 256 0 64 64 0.375698
90 126 236 28 28 0.217713
120 311 126 36 36 9.063153
120 289 126 36 36 5.203554
120 401 133 32 32 9.152563
120 193 151 33 33 5.033681
120 393 127 32 32 7.811172
120 175 140 40 40 6.277508
120 6 141 32 32 5.721505
120 1 127 33 33 7.812707
120 10 132 29 29 6.366956
120 34 38 64 64 6.000862
120 206 0 24 24 5.072681
120 280 136 32 32 1.340788
120 352 27 64 64 1.782003
120 306 144 36 36 1.138455
120 210 192 24 24 0.567004
120 48 48 64 64 0.386129
120 160 140 40 40 0.288118
120 392 112 32 32 0.263856
150 5 127 28 28 18.655285
150 405 141 32 32 12.912845
150 0 130 28 28 8.923537
150 240 140 40 40 5.068254
150 399 137 32 32 17.244921
150 199 0 24 24 8.249143
150 207 0 24 24 6.925904
150 277 133 32 32 9.181538
150 386 130 32 32 9.021989
150 16 132 28 28 5.825719
150 307 125 35 35 6.045139
150 259 152 32 32 5.397893
150 30 37 64 64 4.922405
150 176 143 32 32 2.667437
150 392 144 32 32 2.090629
150 108 96 24 24 1.904724
150 2 115 29 29 3.920963
150 305 144 36 36 1.566970
150 0 245 28 28 1.270926
150 220 140 40 40 1.073581
150 162 126 36 36 0.996660
150 18 126 28 28 1.329048
150 271 148 32 32 1.494790
150 258 136 32 32 1.208035
150 384 112 32 32 0.742713
150 290 143 35 35 0.640163
150 264 144 32 32 0.246929
150 16 48 64 64 0.086501
180 407 141 32 32 14.049814
180 305 152 36 36 22.390943
180 315 147 36 36 7.513633
180 293 144 36 36 6.370906
180 197 0 24 24 10.137169
180 400 137 32 32 3.878531
180 3 142 37 37 7.513933
180 210 0 24 24 2.608223
180 297 162 36 36 2.507282
180 28 37 64 64 4.643304
180 176 138 32 32 3.197756
180 408 112 32 32 1.935278
180 276 143 32 32 4.416070
180 21 44 64 64 4.153416
180 0 133 27 27 1.434425
180 289 126 34 34 3.031235
180 286 152 35 35 1.089119
180 384 136 32 32 0.823666
180 275 136 32 32 1.265821
180 306 126 36 36 0.539287
180 9 151 36 36 0.603266
180 288 48 64 64 0.503070
180 102 96 24 24 0.477503
180 162 126 36 36 0.243290
180 408 128 32 32 0.109785
210 194 0 24 24 10.496719
210 390 192 23 23 17.277585
210 2 168 37 37 14.332362
210 206 0 24 24 7.542138
210 298 145 36 36 11.792639
210 278 136 32 32 10.999413
210 402 192 24 24 3.517970
210 408 145 32 32 4.104377
210 6 162 36 36 3.720576
210 274 144 32 32 5.409376
210 384 150 32 32 2.566925
210 292 126 36 36 3.663348
210 408 112 32 32 1.906365
210 384 198 24 24 1.931685
210 350 140 40 40 1.647183
210 280 152 32 32 1.642962
210 162 126 36 36 1.491504
210 103 192 24 24 1.729314
210 18 171 36 36 1.389680
210 264 139 32 32 1.836268
210 10 140 40 40 0.885971
210 176 139 32 32 1.730981
210 352 32 64 64 0.684161
210 459 126 36 36 0.496276
210 102 96 23 23 0.414775
210 480 6 24 24 0.222912
240 194 0 24 24 11.097827
240 277 138 32 32 11.904495
240 432 145 36 36 6.346888
240 206 0 23 23 7.644966
240 144 193 24 24 5.908876
240 301 144 36 36 8.206711
240 132 192 24 24 3.230166
240 271 144 32 32 2.379842
240 0 140 39 39 2.395468
240 384 129 32 32 2.510948
240 289 126 35 35 2.981430
240 298 153 36 36 1.850768
240 162 126 36 36 1.574848
240 408 112 32 32 1.260796
240 102 96 24 24 0.963450
240 288 144 36 36 0.873867
240 408 144 32 32 0.600412
240 280 152 32 32 0.524662
240 264 137 32 32 0.570962
240 480 6 24 24 0.258387
240 459 126 36 36 0.101283
270 485 97 23 23 22.174031
270 417 19 48 48 40.036794
270 278 138 32 32 16.300067
270 194 0 24 24 11.685646
270 481 99 24 24 14.973499
270 206 0 24 24 8.939891
270 301 144 36 36 8.869889
270 27 44 64 64 8.611312
270 401 208 24 24 6.370929
270 271 142 32 32 9.815330
270 2 140 39 39 5.444808
270 407 12 48 48 6.110450
270 408 138 32 32 3.657686
270 352 32 64 64 2.352969
270 280 152 32 32 1.851875
270 384 152 32 32 1.849784
270 350 140 40 40 1.531563
270 291 126 35 35 2.679259
270 352 181 44 44 2.336634
270 288 144 36 36 1.051060
270 419 0 47 47 1.686766
270 492 102 23 23 0.745668
270 363 154 44 44 0.696201
270 396 24 48 48 1.363684
270 396 206 24 24 0.951673
270 162 126 36 36 0.485524
270 0 133 28 28 0.383401
270 390 114 24 24 0.356397
270 480 6 24 24 0.021218
300 194 0 24 24 12.712016
300 19 208 46 46 48.101246
300 278 139 32 32 14.447921
300 16 256 32 32 11.171713
300 206 0 24 24 8.818502
300 270 143 32 32 11.467442
300 302 144 36 36 8.099652
300 384 131 32 32 6.642851
300 13 193 47 47 19.294379
300 0 200 47 47 13.797386
300 26 32 64 64 5.092944
300 459 126 36 36 2.808428
300 35 201 47 47 9.790090
300 280 152 32 32 1.691970
300 101 100 23 23 2.020219
300 408 112 32 32 1.346067
300 0 256 32 32 1.249930
300 264 136 32 32 1.206531
300 8 227 48 48 2.674312
300 352 32 64 64 0.832087
300 0 245 28 28 0.642786
300 288 144 36 36 0.404632
300 21 245 28 28 0.352103
300 480 6 24 24 0.313452
300 162 126 36 36 0.223763
300 96 84 24 24 0.150701
330 194 0 24 24 12.402295
330 277 142 32 32 18.528815
330 302 144 36 36 8.987425
330 206 0 24 24 7.903155
330 384 130 32 32 6.801484
330 29 37 64 64 10.407055
330 1 140 40 40 4.006378
330 268 136 32 32 4.988631
330 264 140 32 32 4.941136
330 459 126 36 36 2.251061
330 16 48 64 64 1.968590
330 102 102 24 24 1.414308
330 274 152 32 32 2.522375
330 432 144 36 36 1.133816
330 48 43 64 64 1.469006
330 18 192 24 24 0.684792
330 96 84 24 24 0.552250
330 162 126 36 36 0.504061
330 480 6 24 24 0.098702
360 194 0 24 24 12.158576
360 433 144 36 36 6.587337
360 272 143 32 32 17.102716
360 206 0 24 24 8.008447
360 302 144 36 36 7.351236
360 276 136 32 32 7.433976
360 384 130 32 32 6.296131
360 28 37 64 64 8.801037
360 0 140 39 39 3.614694
360 459 126 36 36 2.573256
360 408 112 32 32 2.155273
360 16 48 64 64 1.779812
360 162 126 36 36 1.739974
360 264 136 32 32 1.713432
360 18 192 24 24 1.600357
360 431 126 36 36 1.435729
360 264 152 32 32 0.977981
360 102 102 24 24 0.571715
360 0 133 28 28 0.315873
360 176 136 32 32 0.063174
390 390 107 24 24 26.361129
390 197 0 24 24 17.963766
390 483 101 24 24 12.522041
390 396 102 24 24 4.642482
390 220 139 39 39 3.724717
390 31 44 64 64 3.868534
390 1 143 37 37 7.723557
390 384 114 24 24 2.536062
390 180 172 39 39 3.028372
390 218 166 38 38 5.568830
390 419 19 48 48 7.491578
390 384 256 32 32 2.151738
390 176 136 32 32 2.128620
390 18 192 24 24 1.560237
390 162 126 36 36 1.558536
390 384 102 24 24 1.265880
390 480 108 24 24 1.193531
390 224 224 28 28 0.964180
390 469 98 28 28 0.948474
390 210 0 24 24 0.847728
390 357 98 28 28 0.731825
390 480 96 24 24 0.728019
390 462 133 28 28 0.676660
390 396 114 24 24 0.627033
390 101 101 24 24 0.075246
420 456 146 36 36 23.422809
420 197 0 24 24 17.764052
420 302 144 36 36 9.818279
420 450 155 36 36 7.037285
420 272 144 32 32 16.644276
420 482 192 24 24 7.246327
420 384 131 32 32 6.719852
420 408 112 32 32 2.972527
420 277 136 32 32 3.772943
420 492 192 24 24 2.452384
420 29 42 64 64 4.737897
420 162 126 36 36 1.838876
420 459 162 36 36 1.658298
420 300 153 36 36 2.528821
420 0 147 36 36 2.918817
420 18 192 24 24 1.249132
420 408 128 32 32 1.059293
420 280 152 32 32 0.814115
420 264 152 32 32 0.770830
420 441 144 36 36 0.627436
420 288 48 64 64 0.418476
420 210 0 24 24 0.270965
420 102 102 24 24 0.255937
420 288 144 36 36 0.186032
420 16 32 64 64 0.092183
450 495 192 24 24 11.309255
450 482 193 24 24 15.819738
450 17 193 23 23 9.664395
450 194 0 24 24 8.897617
450 486 200 24 24 7.417303
450 458 152 36 36 11.337150
450 201 0 24 24 8.279776
450 393 113 24 24 8.442967
450 408 112 32 32 3.644547
450 391 108 24 24 4.107263
450 27 45 64 64 4.974075
450 379 154 44 44 4.362545
450 357 112 28 28 2.061980
450 397 209 24 24 2.392627
450 353 98 28 28 3.411470
450 0 145 37 37 3.622053
450 384 113 24 24 1.308169
450 210 210 24 24 0.475270
450 485 209 24 24 0.153325
450 132 0 24 24 0.118498
480 20 35 64 64 13.915817
480 278 142 32 32 15.627999
480 272 138 32 32 14.638629
480 266 143 32 32 12.679891
480 15 192 24 24 6.874923
480 156 126 36 36 3.764026
480 0 140 39 39 3.060216
480 342 121 28 28 3.415460
480 195 0 24 24 4.370505
480 293 145 36 36 3.792014
480 272 152 32 32 1.417292
480 32 48 64 64 1.299340
480 420 0 48 48 2.244542
480 450 27 36 36 0.795233
480 256 136 32 32 0.777560
480 0 48 64 64 0.528250
480 280 128 32 32 0.522278
480 6 192 23 23 0.176738
480 350 126 27 27 0.122859
510 5 193 24 24 12.917840
510 402 112 32 32 5.389050
510 330 140 40 40 2.080817
510 12 198 24 24 1.980450
510 20 179 40 40 2.064307
510 288 27 64 64 2.469672
510 239 170 40 40 1.575666
510 220 170 40 40 0.880607
510 0 18 64 64 0.934352
510 12 32 64 64 0.736758
510 297 143 36 36 0.400173
510 192 0 24 24 0.372256
510 96 96 24 24 0.199753
540 0 192 23 23 6.900271
540 265 138 32 32 14.396592
540 256 144 32 32 6.942504
540 273 143 32 32 12.907125
540 288 145 35 35 9.975883
540 450 126 36 36 4.166321
540 400 112 32 32 3.858150
540 12 35 64 64 5.590587
540 288 35 64 64 2.618444
540 148 126 36 36 3.562914
540 399 128 32 32 1.971123
540 283 152 33 33 2.792251
540 0 48 64 64 0.404884
570 392 112 32 32 3.992063
570 257 143 32 32 12.972448
570 288 144 36 36 3.689274
570 390 127 32 32 4.400852
570 144 132 33 33 5.978863
570 5 36 64 64 8.800244
570 288 32 64 64 2.581492
570 264 133 32 32 2.823376
570 449 126 36 36 1.477830
570 320 140 40 40 1.433839
570 16 48 64 64 1.326843
570 265 152 32 32 1.474484
570 278 152 32 32 1.469311
570 352 16 64 64 0.930832
600 278 150 32 32 7.234568
600 288 29 64 64 4.114499
600 385 112 32 32 4.197441
600 256 141 32 32 6.335299
600 0 32 64 64 2.446300
600 138 135 32 32 3.707245
600 408 168 48 48 2.112304
600 384 128 32 32 0.884630
600 408 128 32 32 0.656217
600 352 16 64 64 0.395022
600 144 128 32 32 0.276009
600 102 6 24 24 0.204762
600 441 171 36 36 0.135992
600 320 139 39 39 0.114253
600 402 114 24 24 0.088112
600 256 128 32 32 0.023586
630 437 125 35 35 7.675407
630 283 27 64 64 8.348279
630 273 150 32 32 11.960539
630 351 23 64 64 7.186868
630 384 112 32 32 3.771954
630 0 32 64 64 3.052106
630 257 145 32 32 3.524322
630 131 136 32 32 4.038770
630 384 128 32 32 2.180207
630 396 113 24 24 1.205307
630 240 140 40 40 1.111646
630 96 3 24 24 1.727251
630 136 128 32 32 0.942708
630 357 112 28 28 0.621173
630 315 153 36 36 0.615449
630 280 144 32 32 0.526161
630 402 96 24 24 0.210871
630 144 136 32 32 0.066465
660 272 34 64 64 12.350035
660 314 151 35 35 9.271859
660 435 126 36 36 7.245029
660 276 151 32 32 8.808182
660 352 21 64 64 8.253118
660 131 135 32 32 5.231552
660 0 32 64 64 2.685477
660 259 150 32 32 5.884149
660 256 48 64 64 2.235237
660 389 112 24 24 2.586875
660 240 140 40 40 1.569304
660 308 159 36 36 3.323852
660 274 144 32 32 2.360092
660 315 126 36 36 1.030810
660 400 136 32 32 0.935617
660 135 128 32 32 0.712160
660 283 16 64 64 0.926416
690 352 26 64 64 14.777657
690 269 33 64 64 11.960751
690 432 126 36 36 4.577021
690 268 151 32 32 7.930775
690 307 153 36 36 11.342539
690 261 48 64 64 4.703044
690 311 146 36 36 7.027160
690 240 140 40 40 2.317568
690 306 126 36 36 1.922333
690 256 152 32 32 1.718603
690 384 111 24 24 2.836264
690 352 0 64 64 1.026376
690 216 144 36 36 0.498012
690 0 48 64 64 0.056390
720 351 30 64 64 17.637075
720 259 36 64 64 14.597408
720 298 152 36 36 9.511653
720 352 0 64 64 4.058020
720 240 140 40 40 2.868966
720 260 152 32 32 4.636339
720 302 146 36 36 5.858705
720 297 126 36 36 1.946335
720 315 126 36 36 1.346058
720 217 142 37 37 1.990185
720 265 15 64 64 1.527429
720 336 119 28 28 0.890568
720 357 132 28 28 0.468147
750 352 31 64 64 16.042859
750 257 29 64 64 10.522522
750 220 140 40 40 4.386285
750 357 115 28 28 7.813558
750 306 194 24 24 6.021766
750 198 126 36 36 3.024659
750 287 154 35 35 6.487108
750 306 107 24 24 2.566965
750 352 132 27 27 3.174971
750 16 152 32 32 1.282073
750 215 158 35 35 2.032440
750 357 126 28 28 0.866627
750 300 198 24 24 0.775661
750 11 192 23 23 1.692841
750 288 32 64 64 0.446221
750 296 144 36 36 0.209913
750 216 126 36 36 0.116436
750 315 126 36 36 0.096614
780 190 144 32 32 15.628644
780 296 126 36 36 4.259260
780 294 194 24 24 10.440846
780 216 152 36 36 8.525975
780 218 141 38 38 6.157442
780 294 108 24 24 7.573962
780 0 152 32 32 3.170862
780 340 132 28 28 5.212032
780 343 114 28 28 4.136163
780 408 148 32 32 5.213607
780 288 196 24 24 3.754688
780 263 32 64 64 3.933339
780 198 160 36 36 2.069422
780 280 138 32 32 2.315106
780 408 136 32 32 0.927386
780 292 203 24 24 1.254037
780 352 32 64 64 0.708366
780 350 98 28 28 0.552626
780 216 171 36 36 0.241868
780 354 133 28 28 0.286383
810 175 143 32 32 12.700906
810 198 147 36 36 5.079931
810 203 202 24 24 3.612595
810 240 140 40 40 2.580804
810 288 25 64 64 4.224715
810 6 84 24 24 2.308208
810 224 133 28 28 1.941754
810 392 147 32 32 3.490561
810 198 164 35 35 2.523958
810 264 142 32 32 2.239144
810 256 27 64 64 2.184996
810 240 160 40 40 1.491414
810 198 209 23 23 0.971934
810 200 198 24 24 1.695016
810 162 144 36 36 0.864042
810 402 0 23 23 0.444627
810 272 136 32 32 0.246537
840 285 28 64 64 25.143607
840 175 140 40 40 9.850795
840 270 131 32 32 9.681991
840 271 23 64 64 7.053342
840 261 134 32 32 6.802678
840 161 162 37 37 11.931784
840 243 133 28 28 3.405653
840 288 0 64 64 2.078127
840 210 192 24 24 2.076245
840 160 143 38 38 2.584820
840 315 126 36 36 1.518654
840 192 152 32 32 1.376544
840 216 162 36 36 1.164203
840 176 152 32 32 0.986838
840 144 126 36 36 0.790124
840 256 128 32 32 0.674605
840 256 24 64 64 0.196833
870 273 19 64 64 35.478762
870 282 29 64 64 30.140364
870 256 130 32 32 7.380853
870 161 145 37 37 9.242614
870 138 142 32 32 9.616811
870 145 164 36 36 8.004474
870 278 128 32 32 4.463296
870 256 32 64 64 3.007798
870 158 162 36 36 4.716506
870 300 101 23 23 3.019037
870 215 157 36 36 5.068813
870 153 167 36 36 4.184758
870 231 133 28 28 2.303614
870 300 114 24 24 1.646152
870 288 0 64 64 1.075405
870 272 48 64 64 0.698741
870 216 126 36 36 0.552450
900 273 28 64 64 35.966704
900 256 23 64 64 10.900019
900 129 141 32 32 8.743747
900 282 48 64 64 6.073240
900 198 158 36 36 5.674092
900 151 152 36 36 10.624258
900 279 112 30 30 6.172731
900 146 160 36 36 8.118597
900 219 129 32 32 5.306367
900 272 0 64 64 2.643743
900 270 128 32 32 4.477487
900 141 146 34 34 6.476476
900 288 16 64 64 2.295270
900 233 133 28 28 2.924071
900 144 207 24 24 2.766442
900 288 98 24 24 2.394056
900 144 193 24 24 1.621692
900 288 105 24 24 2.255122
900 216 153 36 36 1.080240
900 497 192 24 24 0.521946
900 162 144 36 36 0.269198
930 269 31 64 64 37.021921
930 261 14 64 64 17.696754
930 242 132 28 28 6.607043
930 144 207 23 23 6.652877
930 198 155 36 36 7.517860
930 143 149 34 34 9.390361
930 268 112 32 32 5.474742
930 256 48 64 64 2.856113
930 288 48 64 64 2.222301
930 144 162 36 36 2.150410
930 262 128 32 32 4.339665
930 219 129 32 32 3.532162
930 144 198 23 23 1.724294
930 128 147 32 32 3.035973
930 198 126 36 36 1.651238
930 179 140 40 40 1.535912
930 290 96 24 24 2.040625
930 132 200 24 24 1.831432
930 231 133 28 28 0.476940
930 16 136 32 32 0.312595
930 179 160 40 40 0.049823
930 153 144 36 36 0.033358
960 259 28 64 64 22.980299
960 134 151 32 32 9.401711
960 204 198 23 23 14.858546
960 265 47 64 64 6.428820
960 132 207 24 24 5.649828
960 280 128 32 32 3.217491
960 256 112 32 32 2.829627
960 480 192 24 24 2.449610
960 315 126 36 36 2.072278
960 170 140 40 40 5.126837
960 256 0 64 64 1.853155
960 235 133 28 28 3.470016
960 132 197 24 24 1.312746
960 256 128 32 32 1.082865
960 210 192 24 24 1.044623
960 272 16 64 64 0.732278
960 192 128 32 32 0.583903
960 128 144 32 32 0.530519
960 192 152 32 32 0.442765
960 170 160 40 40 0.320365
960 210 204 23 23 0.195648
990 229 131 28 28 22.115487
990 441 168 36 36 24.237835
990 441 150 36 36 19.093341
990 192 130 32 32 7.261682
990 146 155 36 36 16.206944
990 224 126 28 28 4.774231
990 450 158 36 36 8.935820
990 451 147 35 35 10.102322
990 96 208 24 24 7.061433
990 176 130 32 32 5.562935
990 153 161 36 36 3.607618
990 432 158 36 36 6.294943
990 432 147 36 36 6.118877
990 154 144 36 36 5.641254
990 292 126 36 36 5.156301
990 231 98 28 28 2.612057
990 96 199 24 24 5.763514
990 159 127 34 34 6.089553
990 443 126 36 36 3.077726
990 126 130 28 28 3.150033
990 162 149 36 36 3.765031
990 102 204 24 24 3.389727
990 256 128 32 32 1.606140
990 241 126 27 27 2.951123
990 420 168 48 48 2.090206
990 459 166 36 36 1.861269
990 300 18 24 24 0.746419
990 230 116 28 28 0.583450
990 144 171 36 36 0.222349
990 245 133 28 28 0.212209
990 462 133 28 28 0.174116
990 176 143 32 32 0.122504
1020 346 140 40 40 14.400036
1020 348 161 40 40 16.016227
1020 34 43 64 64 20.004033
1020 22 137 33 33 11.874520
1020 17 161 37 37 28.147984
1020 23 165 37 37 18.436984
1020 168 130 28 28 7.617271
1020 48 26 64 64 7.433253
1020 129 130 30 30 15.020631
1020 145 128 30 30 12.568825
1020 352 48 64 64 3.687545
1020 115 132 27 27 7.072267
1020 25 141 37 37 8.207709
1020 384 197 24 24 9.583117
1020 350 187 40 40 3.092789
1020 384 210 24 24 2.406167
1020 32 16 64 64 2.337769
1020 27 154 37 37 3.037630
1020 176 112 32 32 1.997351
1020 9 144 37 37 3.047554
1020 9 171 36 36 1.484440
1020 449 126 36 36 1.164630
1020 195 34 45 45 1.140814
1020 198 84 24 24 0.726423
1020 126 120 27 27 0.743598
1020 136 136 32 32 0.544825
1020 16 32 64 64 0.328039
1020 363 154 44 44 0.247304
1020 0 160 40 40 0.101253
1050 384 152 32 32 7.008717
1050 2 43 64 64 12.113164
1050 295 202 24 24 16.481527
1050 1 150 33 33 24.985006
1050 43 16 64 64 7.612262
1050 346 140 40 40 8.686886
1050 351 41 64 64 8.371991
1050 300 198 23 23 11.977816
1050 28 156 42 42 9.048507
1050 15 31 64 64 14.910425
1050 204 16 24 24 8.678862
1050 129 112 32 32 4.575377
1050 126 129 28 28 5.353937
1050 112 129 28 28 5.164916
1050 0 207 24 24 4.446861
1050 21 129 28 28 3.421003
1050 294 192 24 24 1.665977
1050 350 160 40 40 1.611477
1050 30 140 40 40 1.378419
1050 210 12 24 24 1.077681
1050 198 126 36 36 1.070700
1080 218 141 38 38 18.869435
1080 24 160 37 37 29.820863
1080 25 140 39 39 11.261367
1080 35 16 64 64 12.268956
1080 12 127 27 27 13.702835
1080 192 139 32 32 9.340927
1080 3 32 64 64 12.982117
1080 288 48 64 64 4.584743
1080 215 126 36 36 4.423793
1080 352 42 64 64 6.605322
1080 116 131 28 28 10.790425
1080 332 140 40 40 7.399644
1080 216 153 36 36 3.883126
1080 48 0 64 64 3.768636
1080 193 15 24 24 9.579065
1080 18 131 27 27 7.944080
1080 345 140 40 40 5.830172
1080 4 133 28 28 4.229823
1080 11 160 40 40 8.181826
1080 450 126 36 36 2.277504
1080 6 192 24 24 2.231765
1080 136 128 32 32 2.106818
1080 469 133 28 28 1.957353
1080 111 126 28 28 1.649330
1080 126 98 28 28 1.280870
1080 0 112 32 32 0.637566
1080 204 18 24 24 0.456328
1080 498 204 24 24 0.423155
1080 240 140 40 40 0.394566
1080 101 114 23 23 0.349749
1080 198 12 24 24 0.214035
1110 145 147 35 35 36.583358
1110 385 204 24 24 23.291449
1110 350 160 41 41 18.035647
1110 44 29 64 64 21.512244
1110 407 129 32 32 8.629445
1110 290 154 35 35 20.242805
1110 8 129 32 32 22.661513
1110 1 194 24 24 15.625171
1110 5 16 64 64 8.213576
1110 28 20 64 64 13.470804
1110 350 140 40 40 5.250425
1110 294 162 36 36 11.733071
1110 132 15 24 24 7.902527
1110 144 162 36 36 4.671104
1110 153 153 36 36 4.061300
1110 285 43 64 64 7.476019
1110 400 205 23 23 9.853835
1110 6 198 23 23 3.480747
1110 297 144 36 36 8.714226
1110 305 151 36 36 7.397137
1110 23 129 33 33 7.677008
1110 261 48 64 64 4.193154
1110 144 17 24 24 3.241411
1110 16 132 32 32 10.071155
1110 392 209 24 24 4.539849
1110 44 0 64 64 2.638006
1110 0 204 24 24 1.681541
1110 302 192 24 24 1.874875
1110 288 171 35 35 0.992883
1110 264 154 44 44 0.670116
1110 384 152 32 32 0.332995
1110 352 48 64 64 0.139957
1110 32 48 64 64 0.048103
1140 30 154 43 43 24.662089
1140 466 127 28 28 19.692575
1140 462 12 28 28 20.503053
1140 30 170 44 44 34.038514
1140 337 130 28 28 11.320230
1140 462 133 28 28 12.441298
1140 468 18 27 27 10.455182
1140 468 4 28 28 5.218293
1140 482 17 24 24 6.321998
1140 455 126 28 28 3.188193
1140 393 168 48 48 5.803546
1140 315 126 36 36 1.873128
1140 33 187 44 44 1.748933
1140 343 126 28 28 1.675143
1140 450 9 28 28 3.924909
1140 459 0 28 28 2.158495
1140 396 196 48 48 3.925606
1140 24 48 64 64 1.866349
1140 108 192 24 24 0.832335
1140 256 44 64 64 0.894180
1140 243 237 27 27 0.755996
1140 432 126 36 36 0.488221
1140 336 119 28 28 0.475179
1140 12 168 48 48 0.852658
1140 448 133 28 28 0.415106
1140 320 179 40 40 0.380697
1140 176 128 32 32 0.364061
1140 315 144 36 36 0.313946
1140 216 171 36 36 0.279397
1140 408 204 48 48 0.524838
1140 485 12 24 24 0.002180
1170 456 1 35 35 14.626556
1170 6 186 41 41 34.425818
1170 2 179 42 42 42.103730
1170 350 179 41 41 13.623523
1170 382 154 44 44 8.854425
1170 261 112 32 32 11.147337
1170 362 177 44 44 16.298924
1170 190 191 45 45 23.860297
1170 448 14 28 28 8.240293
1170 469 17 28 28 7.706646
1170 366 154 44 44 6.052079
1170 403 0 32 32 6.150371
1170 176 196 44 44 3.752374
1170 18 184 40 40 6.326590
1170 201 194 46 46 6.939424
1170 1 117 28 28 6.938823
1170 16 160 37 37 3.559686
1170 11 118 29 29 9.224531
1170 122 126 28 28 4.093648
1170 187 209 44 44 2.311151
1170 385 176 44 44 2.293156
1170 406 7 32 32 2.308270
1170 432 0 36 36 1.837522
1170 21 224 28 28 1.755215
1170 243 245 28 28 2.363319
1170 0 195 45 45 2.963179
1170 374 187 44 44 1.399661
1170 5 123 28 28 3.235224
1170 432 162 36 36 1.328195
1170 48 0 64 64 1.319391
1170 0 0 24 24 1.110270
1170 21 126 28 28 1.087615
1170 5 112 28 28 1.399634
1170 154 112 28 28 1.003071
1170 5 154 43 43 1.851730
1170 220 190 40 40 0.279135
1170 231 231 28 28 0.273656
1200 114 225 28 28 14.549377
1200 290 126 35 35 12.297027
1200 13 13 29 29 27.992752
1200 168 98 28 28 3.959096
1200 6 19 29 29 22.912558
1200 24 112 32 32 3.642573
1200 7 3 31 31 15.098942
1200 144 96 24 24 3.562540
1200 18 19 30 30 7.546131
1200 0 13 27 27 5.709963
1200 176 112 32 32 1.685771
1200 300 108 24 24 3.483593
1200 280 136 32 32 1.228173
1200 180 140 40 40 1.031601
1200 0 6 28 28 0.907679
1200 306 126 36 36 0.763675
1200 210 96 24 24 0.597707
1200 166 160 40 40 0.980263
1200 192 210 24 24 0.587182
1200 119 230 28 28 0.559627
1200 154 98 28 28 0.487086
1230 404 128 32 32 9.753812
1230 395 128 32 32 8.679971
1230 132 99 23 23 7.233167
1230 15 45 64 64 12.055703
1230 176 128 32 32 2.621557
1230 394 112 32 32 3.116209
1230 404 112 32 32 2.871395
1230 257 32 64 64 1.813226
1230 336 133 28 28 1.244380
1230 168 133 28 28 0.986168
1230 16 16 64 64 0.944946
1230 96 114 24 24 0.568084
1260 350 125 28 28 30.681576
1260 3 130 34 34 21.122143
1260 357 119 28 28 14.977468
1260 7 142 32 32 15.890972
1260 118 131 27 27 14.685780
1260 353 112 28 28 8.652369
1260 245 131 28 28 5.471804
1260 272 128 32 32 4.279659
1260 390 112 32 32 4.223086
1260 343 129 28 28 5.757999
1260 408 128 32 32 3.005329
1260 16 139 32 32 5.797879
1260 8 96 23 23 5.458391
1260 357 133 28 28 2.244113
1260 343 119 28 28 1.898068
1260 119 119 28 28 1.892161
1260 459 132 27 27 2.807017
1260 16 20 64 64 1.692553
1260 462 120 27 27 1.367004
1260 18 96 24 24 0.478384
1260 288 8 64 64 0.644500
1260 126 126 28 28 0.015906
1290 241 132 28 28 15.594001
1290 231 133 28 28 5.918434
1290 355 120 28 28 11.288268
1290 392 128 32 32 3.985479
1290 150 129 29 29 10.923432
1290 454 126 34 34 6.393789
1290 466 129 29 29 9.124144
1290 350 125 28 28 8.653085
1290 11 127 35 35 4.774174
1290 240 125 27 27 4.529242
1290 265 128 32 32 3.280385
1290 24 144 32 32 1.485995
1290 23 126 36 36 2.287045
1290 400 112 32 32 1.129964
1290 256 16 64 64 1.129606
1290 357 133 28 28 0.710648
1290 343 133 27 27 0.590569
1290 144 134 32 32 0.406567
1320 357 126 28 28 12.786421
1320 225 131 28 28 9.418063
1320 462 130 28 28 7.775583
1320 198 83 23 23 3.722748
1320 198 126 36 36 3.089120
1320 384 128 32 32 3.070897
1320 136 135 32 32 1.856991
1320 4 96 24 24 2.460352
1320 387 112 32 32 2.721695
1320 357 111 28 28 1.276480
1320 408 128 32 32 1.052193
1320 288 26 64 64 1.051797
1320 111 126 28 28 0.626924
1320 126 126 28 28 0.556091
1320 224 119 28 28 0.515031
1320 408 112 32 32 0.468805
1350 192 130 32 32 14.059291
1350 401 84 24 24 7.418214
1350 387 112 32 32 10.177674
1350 352 25 64 64 9.580080
1350 468 126 28 28 13.622388
1350 287 26 64 64 9.494676
1350 351 126 28 28 10.322681
1350 402 112 32 32 4.006801
1350 398 128 32 32 3.372935
1350 495 18 23 23 3.865220
1350 452 119 28 28 3.674945
1350 224 133 28 28 2.340725
1350 47 32 64 64 2.253270
1350 113 133 28 28 2.602480
1350 458 133 28 28 2.477972
1350 335 115 27 27 1.368300
1350 119 126 28 28 0.685128
1350 343 119 28 28 0.530944
1350 256 24 32 32 0.282947
1350 336 126 28 28 0.224667
1350 357 133 28 28 0.182382
1380 351 119 27 27 21.953207
1380 496 16 24 24 15.116206
1380 386 112 32 32 8.878386
1380 351 23 64 64 10.005282
1380 288 17 64 64 12.002045
1380 455 133 28 28 8.744220
1380 157 126 36 36 8.718159
1380 343 113 28 28 10.949002
1380 357 126 28 28 3.850666
1380 497 5 24 24 4.705072
1380 459 3 36 36 5.661101
1380 19 97 27 27 4.330137
1380 21 112 28 28 2.848418
1380 256 152 32 32 2.748675
1380 490 11 24 24 2.307930
1380 357 111 28 28 0.921975
1380 350 133 28 28 0.801767
1380 408 112 32 32 0.519940
1380 486 6 24 24 0.142609
1410 352 10 64 64 19.938018
1410 20 150 32 32 19.077534
1410 338 112 28 28 9.135051
1410 11 145 35 35 13.832720
1410 405 112 32 32 7.527275
1410 455 127 33 33 10.245084
1410 263 152 32 32 5.890336
1410 143 148 32 32 5.573163
1410 245 14 28 28 2.825937
1410 192 102 24 24 2.463700
1410 6 118 27 27 2.260093
1410 467 128 28 28 4.357521
1410 492 114 24 24 1.960400
1410 390 106 24 24 2.303738
1410 0 126 34 34 2.334548
1410 136 144 32 32 1.512672
1410 355 112 28 28 1.692021
1410 450 148 36 36 1.567488
1410 272 144 32 32 0.301783
1410 219 30 40 40 0.267293
1410 448 7 28 28 0.097543
1440 352 14 64 64 20.453660
1440 448 130 28 28 10.254760
1440 240 8 27 27 11.450201
1440 108 84 24 24 4.236050
1440 384 112 32 32 3.916624
1440 447 121 27 27 7.482597
1440 350 112 28 28 8.406209
1440 107 98 24 24 5.118288
1440 391 128 32 32 2.111248
1440 288 192 24 24 1.942731
1440 154 98 28 28 1.546898
1440 37 48 64 64 2.340075
1440 168 98 28 28 0.993391
1440 108 108 24 24 0.742587
1440 204 306 24 24 0.834451
1440 408 112 32 32 0.420107
1440 220 30 40 40 0.259527
1470 119 125 28 28 29.342056
1470 405 36 47 47 22.160512
1470 462 132 27 27 15.183662
1470 352 13 64 64 11.368556
1470 112 99 26 26 13.184278
1470 123 98 28 28 8.370503
1470 127 115 26 26 11.672435
1470 112 119 27 27 12.262987
1470 107 105 24 24 8.991349
1470 198 126 36 36 4.551613
1470 2 23 38 38 15.628469
1470 278 140 32 32 9.633181
1470 118 111 28 28 10.203343
1470 433 126 36 36 3.985841
1470 354 112 28 28 5.152985
1470 384 112 32 32 2.884735
1470 132 107 24 24 2.511653
1470 467 126 28 28 3.177401
1470 126 133 28 28 2.035204
1470 112 133 28 28 1.927610
1470 136 128 32 32 1.420052
1470 102 102 23 23 0.825693
1470 242 176 44 44 0.703279
1470 30 170 40 40 0.616150
1470 384 128 32 32 0.438060
1470 408 128 32 32 0.273320
1470 216 126 36 36 0.196024
1500 32 35 64 64 19.459382
1500 432 12 36 36 10.119622
1500 0 114 28 28 5.983098
1500 101 113 23 23 9.903229
1500 192 133 32 32 6.755422
1500 48 16 64 64 2.926713
1500 469 133 28 28 2.834362
1500 279 139 32 32 4.460818
1500 3 119 28 28 4.437503
1500 198 126 36 36 2.081168
1500 452 24 36 36 4.441424
1500 48 48 64 64 1.986632
1500 274 145 32 32 4.899566
1500 19 128 32 32 3.622480
1500 498 18 24 24 1.483935
1500 112 133 28 28 1.239231
1500 276 152 32 32 2.178288
1500 196 143 35 35 1.544647
1500 480 0 24 24 1.177080
1500 454 126 27 27 1.178869
1500 306 144 36 36 0.992395
1500 198 102 24 24 0.967262
1500 112 97 27 27 0.812956
1500 441 18 36 36 0.580065
1500 432 27 36 36 0.496201
1500 112 112 28 28 0.422105
1500 447 119 28 28 0.362408
1500 192 210 24 24 0.237969
1530 384 114 24 24 5.556802
1530 148 126 36 36 9.429172
1530 3 35 64 64 7.973744
1530 306 126 36 36 10.446944
1530 451 119 28 28 6.953174
1530 275 137 32 32 8.192257
1530 96 102 24 24 3.295988
1530 292 126 36 36 5.494216
1530 276 144 32 32 3.935701
1530 448 126 28 28 1.919996
1530 0 114 24 24 1.835756
1530 146 144 36 36 2.517257
1530 352 0 64 64 1.497136
1530 498 300 24 24 1.079526
1530 396 36 48 48 0.561530
1530 256 32 64 64 0.201168
1530 198 126 36 36 0.123612
1530 144 84 24 24 0.020245
1560 14 25 36 36 15.810558
1560 296 125 35 35 11.766555
1560 278 137 32 32 6.744662
1560 384 112 24 24 4.803484
1560 0 20 39 39 4.488082
1560 270 143 32 32 7.422836
1560 258 145 32 32 6.220530
1560 352 13 64 64 3.384161
1560 47 48 64 64 2.769019
1560 191 141 32 32 3.487938
1560 262 152 32 32 2.953501
1560 469 119 28 28 1.635985
1560 384 138 32 32 2.192946
1560 0 2 44 44 1.386810
1560 357 98 28 28 1.039173
1560 102 192 24 24 0.357033
1560 0 114 24 24 0.228143
1590 5 106 24 24 30.748329
1590 2 101 25 25 26.570283
1590 344 98 28 28 12.880599
1590 353 112 28 28 10.226875
1590 289 126 36 36 6.342219
1590 258 146 32 32 8.743916
1590 352 28 64 64 4.476555
1590 279 142 32 32 6.162645
1590 13 101 24 24 4.838944
1590 357 98 28 28 2.752337
1590 266 138 32 32 7.257738
1590 0 196 24 24 3.722858
1590 0 114 24 24 1.968291
1590 28 162 38 38 2.976452
1590 12 114 24 24 0.146761
1620 280 148 32 32 13.005961
1620 203 106 23 23 15.903026
1620 289 144 36 36 6.734902
1620 397 112 24 24 13.954345
1620 385 112 23 23 7.037894
1620 352 32 64 64 8.940807
1620 192 111 24 24 7.902653
1620 144 145 35 35 5.237812
1620 355 112 28 28 5.286843
1620 207 103 24 24 10.115197
1620 96 113 24 24 3.522216
1620 399 107 24 24 7.703548
1620 187 33 44 44 2.538429
1620 30 140 40 40 2.379084
1620 317 142 37 37 3.834811
1620 297 126 36 36 0.898320
1620 461 132 28 28 0.860646
1620 198 102 24 24 0.608126
1620 272 144 32 32 0.449874
1620 198 27 36 36 0.253982
1620 216 144 36 36 0.024241
1650 101 209 23 23 7.022308
1650 112 121 28 28 9.310045
1650 13 116 28 28 12.373254
1650 384 112 32 32 4.031833
1650 114 133 28 28 5.538563
1650 132 207 24 24 5.877657
1650 469 133 27 27 2.788862
1650 396 112 24 24 3.021741
1650 26 26 46 46 4.864621
1650 315 144 36 36 1.599272
1650 297 144 36 36 1.564239
1650 330 140 40 40 1.138972
1650 399 108 24 24 1.768302
1650 132 198 24 24 0.771855
1650 32 48 64 64 0.681485
1650 224 98 28 28 0.479369
1650 7 112 28 28 0.452935
1650 210 102 24 24 0.130104
1680 8 239 28 28 19.824132
1680 20 144 32 32 11.823133
1680 401 111 23 23 7.036180
1680 14 245 28 28 3.950435
1680 394 36 47 47 12.518980
1680 8 144 32 32 2.961947
1680 22 112 32 32 3.177290
1680 113 118 28 28 3.559425
1680 13 231 27 27 2.339255
1680 168 114 28 28 3.923335
1680 12 125 35 35 3.752664
1680 289 144 36 36 2.546139
1680 303 144 36 36 2.333768
1680 390 114 24 24 1.809038
1680 408 112 32 32 1.210865
1680 108 114 24 24 1.210573
1680 9 171 36 36 1.187272
1680 17 6 24 24 1.083812
1680 178 11 41 41 2.206366
1680 119 112 27 27 0.858304
1680 455 133 28 28 0.353682
1680 176 33 44 44 0.321994
1710 408 20 47 47 28.439820
1710 22 112 30 30 7.993596
1710 408 112 32 32 4.692654
1710 21 131 32 32 15.010883
1710 278 149 32 32 9.787278
1710 7 129 31 31 26.490348
1710 154 119 28 28 3.714658
1710 284 144 34 34 6.926625
1710 420 13 48 48 15.575808
1710 3 112 32 32 5.454022
1710 160 1 39 39 3.020882
1710 459 126 36 36 1.512251
1710 14 114 28 28 2.069347
1710 272 48 64 64 1.042928
1710 0 136 32 32 1.025260
1710 447 133 28 28 0.825496
1710 144 9 36 36 0.498052
1710 441 27 36 36 0.451626
1710 483 288 24 24 0.472386
1710 459 144 36 36 0.177667
1710 357 119 28 28 0.027955
1740 343 114 28 28 18.986916
1740 350 118 28 28 14.259704
1740 416 224 48 48 28.458338
1740 120 117 28 28 13.170220
1740 480 297 24 24 9.955185
1740 352 36 64 64 6.734086
1740 467 239 28 28 9.661631
1740 406 213 48 48 12.165024
1740 408 137 32 32 6.925716
1740 417 204 48 48 9.656326
1740 336 116 27 27 6.143693
1740 384 36 48 48 6.079602
1740 389 114 24 24 3.003358
1740 420 0 48 48 5.868526
1740 356 112 27 27 3.011097
1740 278 144 32 32 3.169180
1740 396 12 48 48 4.952054
1740 343 128 28 28 3.588432
1740 347 133 28 28 3.404200
1740 481 288 24 24 2.204151
1740 265 146 32 32 3.292018
1740 0 112 28 28 1.326976
1740 256 152 32 32 0.912684
1740 486 294 24 24 2.011943
1740 462 245 28 28 0.791951
1740 168 111 28 28 0.716925
1740 384 108 24 24 0.676149
1740 459 9 36 36 0.470059
1740 396 228 48 48 0.924152
1740 498 18 24 24 0.067490
1770 374 7 43 43 21.348125
1770 382 1 45 45 30.103289
1770 179 140 40 40 5.730857
1770 342 244 27 27 15.901478
1770 350 140 40 40 4.497170
1770 13 131 27 27 6.176600
1770 3 16 64 64 4.049909
1770 32 0 64 64 7.442561
1770 389 192 24 24 7.674655
1770 288 2 64 64 2.859533
1770 196 148 35 35 4.751733
1770 306 114 24 24 2.208723
1770 355 3 51 51 5.496356
1770 280 152 32 32 1.853627
1770 112 119 28 28 1.700590
1770 280 112 32 32 1.695831
1770 350 27 41 41 4.397362
1770 350 238 27 27 1.406515
1770 238 131 28 28 1.514013
1770 357 245 28 28 1.117513
1770 48 32 64 64 1.110036
1770 272 256 32 32 1.029298
1770 341 98 28 28 1.094504
1770 210 192 24 24 0.491792
1770 336 238 28 28 0.465770
1770 396 102 24 24 0.359205
1770 21 126 28 28 0.109596
1770 0 0 36 36 0.032462
1800 289 18 35 35 28.838489
1800 264 1 45 45 16.882746
1800 300 27 35 35 8.956575
1800 308 18 36 36 16.027244
1800 99 11 24 24 7.187282
1800 300 9 36 36 6.477428
1800 319 5 39 39 8.830658
1800 229 119 28 28 8.925257
1800 192 128 32 32 3.624418
1800 199 112 24 24 7.078169
1800 119 7 27 27 2.841032
1800 390 112 32 32 3.886039
1800 230 98 28 28 3.285475
1800 314 27 36 36 1.717883
1800 16 20 28 28 2.536227
1800 198 36 47 47 6.245008
1800 330 0 40 40 1.246382
1800 97 6 24 24 1.596859
1800 18 198 24 24 0.624559
1800 241 98 28 28 1.091521
1800 187 154 44 44 0.309547
1800 144 288 36 36 0.213924
1800 224 112 28 28 0.048088
1800 224 126 28 28 0.003775
