30 168 112 27 27 2.742111
90 352 0 64 64 4.095901
120 480 111 24 24 2.221329
150 450 98 28 28 7.172775
180 123 98 28 28 4.853690
210 136 112 32 32 0.984158
240 154 117 28 28 2.660711
270 168 129 28 28 9.332003
300 168 129 28 28 9.199878
330 10 16 64 64 4.849096
360 216 144 36 36 9.723030
390 482 114 23 23 6.442005
420 23 146 35 35 9.795797
450 126 112 28 28 1.361111
480 300 101 24 24 0.368449
510 340 117 28 28 7.957836
540 339 126 28 28 9.993848
570 118 115 27 27 7.207862
600 337 119 27 27 10.091762
630 352 132 27 27 10.890190
660 441 147 36 36 4.975416
690 112 129 28 28 7.083886
720 466 118 27 27 4.530509
750 448 112 28 28 3.815556
780 480 114 24 24 4.915866
810 128 136 32 32 6.618391
840 128 136 32 32 8.570382
870 136 132 32 32 6.341783
900 129 129 32 32 6.747985
930 448 112 28 28 2.676190
960 118 133 27 27 8.464000
990 238 133 28 28 3.775334
1020 243 112 27 27 4.516567
1050 239 117 28 28 6.513713
1080 256 112 32 32 4.869071
1110 141 149 33 33 9.996696
1140 20 147 37 37 9.621936
1170 3 146 35 35 7.227547
1200 154 126 28 28 3.489454
1230 132 8 24 24 5.966069
1260 0 140 32 32 5.579725
1290 468 112 27 27 4.734199
1320 4 36 48 48 5.799812
1350 119 97 27 27 8.824350
1380 487 108 24 24 6.692727
1410 119 112 27 27 5.382734
1440 463 128 28 28 8.983983
1470 108 111 24 24 4.626892
1500 130 114 25 25 5.769491
1530 127 116 27 27 4.066468
1560 126 115 26 26 6.800034
1590 106 104 24 24 9.360418
1620 128 112 32 32 0.756192
1650 22 126 29 29 2.269282
1680 97 97 24 24 7.118464
1710 31 35 48 48 8.766432
1740 469 133 27 27 2.370840
1770 3 112 32 32 5.802877
1830 394 129 32 32 8.306090
