30 447 128 27 27 7.531904
60 454 127 28 28 7.498294
90 237 111 28 28 2.168933
120 452 125 28 28 8.652236
180 16 112 25 25 5.540329
210 12 84 24 24 1.039778
240 455 119 28 28 2.040468
270 16 12 64 64 2.304722
300 154 112 27 27 0.612994
330 5 4 24 24 3.610466
360 240 98 28 28 5.217051
390 392 13 32 32 2.488587
420 197 305 24 24 5.460566
450 468 116 27 27 6.534371
480 18 159 36 36 8.854961
510 238 98 28 28 0.075728
540 462 113 27 27 4.144153
570 139 127 32 32 1.471721
630 20 238 28 28 11.256415
660 238 98 28 28 4.037411
690 130 101 25 25 6.993041
720 467 121 28 28 5.898770
750 96 195 24 24 6.714478
780 98 192 23 23 6.436215
810 233 98 28 28 5.068822
840 19 146 34 34 6.927221
870 453 127 27 27 8.169631
900 3 45 64 64 5.543053
930 13 36 64 64 4.142731
960 9 32 64 64 5.199442
990 449 126 28 28 4.879008
1020 356 124 27 27 2.142977
1050 405 138 32 32 7.188600
1080 450 145 36 36 8.293477
1110 349 131 28 28 8.023127
1140 383 134 32 32 5.125210
1170 486 197 23 23 8.827740
1200 129 114 30 30 8.323280
1230 403 152 32 32 5.868660
1260 435 160 35 35 9.558457
1290 352 32 64 64 2.161336
1320 237 14 28 28 7.848079
1350 161 14 39 39 9.422070
1380 17 10 24 24 9.763080
1410 225 1 28 28 6.332503
1440 349 6 27 27 9.351553
1470 21 5 29 29 9.106682
1500 204 15 23 23 9.688536
1530 386 0 24 24 8.450279
1560 230 113 28 28 9.006760
1590 259 151 32 32 9.669477
1620 154 98 28 28 4.486521
1650 143 111 24 24 4.947197
1680 154 98 28 28 4.744502
1710 4 98 25 25 7.480111
1740 395 152 32 32 5.955745
1770 425 168 42 42 7.802387
1800 405 150 32 32 6.709258
1830 1 18 46 46 7.741731
1860 12 4 47 47 45.649966
1890 33 2 49 49 10.922715
1920 1 192 24 24 1.617222
1950 12 28 43 43 8.744817
1980 21 13 64 64 6.113769
2010 14 112 28 28 0.001530
2040 177 26 40 40 3.272141
2070 163 12 39 39 5.840507
2100 303 1 36 36 5.812810
2130 264 0 48 48 0.972364
