30 280 128 32 32 3.410956
60 467 127 27 27 9.168589
90 7 47 64 64 9.149022
120 16 37 64 64 4.227158
150 0 48 64 64 2.387582
180 112 133 28 28 3.191582
210 462 130 28 28 20.540838
240 13 131 30 30 9.506946
270 455 119 27 27 9.639942
300 457 111 28 28 9.277674
330 455 129 30 30 7.026666
360 453 114 27 27 9.182605
390 96 105 24 24 4.436659
420 467 116 28 28 7.403592
450 194 113 23 23 6.600393
480 169 114 28 28 9.015650
510 168 114 28 28 9.184226
540 154 120 28 28 5.928272
570 176 112 32 32 3.289552
600 23 128 35 35 6.397241
630 303 288 23 23 4.421227
660 4 17 64 64 9.606055
690 1 129 30 30 9.679540
720 288 192 48 48 6.627772
750 494 0 24 24 2.578200
780 114 238 28 28 7.583955
810 486 102 24 24 0.250897
840 460 126 30 30 4.182273
870 4 131 29 29 0.702015
900 455 145 36 36 7.445637
930 258 112 32 32 8.346125
960 469 132 28 28 7.175989
990 456 145 36 36 9.299369
1020 432 170 36 36 3.809673
1050 373 154 44 44 4.522358
1080 198 144 36 36 2.919086
1110 354 131 27 27 8.340414
1140 320 164 40 40 7.706882
1170 336 130 28 28 9.954882
1200 394 193 24 24 8.520093
1230 358 175 43 43 5.456153
1260 193 113 24 24 4.297949
1290 288 146 36 36 3.696457
1320 408 112 32 32 4.902026
1350 16 99 27 27 10.989640
1380 122 111 28 28 9.989339
1410 236 117 28 28 9.985782
1440 432 171 36 36 2.108554
1470 352 98 28 28 9.712201
1500 196 113 23 23 5.962189
1530 486 193 24 24 9.021035
1560 448 112 28 28 9.905345
1590 459 126 28 28 9.464071
1620 162 292 36 36 9.766019
1650 177 160 40 40 8.968661
1680 288 168 48 48 6.713860
