30 154 130 28 28 6.248041
60 112 120 27 27 7.159854
90 0 119 28 28 1.584278
120 1 128 28 28 9.273711
150 216 126 36 36 1.227165
180 288 301 36 36 7.078273
210 168 130 28 28 8.142964
240 392 128 32 32 2.762204
270 20 126 28 28 9.704155
300 493 96 24 24 8.762906
330 453 126 35 35 8.904753
360 120 126 28 28 7.786413
390 112 131 28 28 6.858607
420 154 120 27 27 6.660627
450 448 130 28 28 8.355670
480 122 133 28 28 9.292057
510 19 112 29 29 9.524449
540 198 126 36 36 5.669673
570 194 114 24 24 7.795519
600 154 118 28 28 8.722702
630 138 112 32 32 7.629970
660 133 112 32 32 9.066513
690 15 0 44 44 5.070165
720 1 0 36 36 2.569850
750 154 112 28 28 5.641903
780 449 123 28 28 6.835012
810 48 7 64 64 8.403186
840 103 96 24 24 8.730680
870 4 18 64 64 9.693644
900 279 4 32 32 7.787366
930 352 1 64 64 4.392171
960 408 112 32 32 4.080436
990 191 112 32 32 5.607558
1020 124 130 28 28 8.582692
1050 33 21 64 64 9.949217
1080 126 130 28 28 5.648038
1110 33 30 64 64 4.985551
1140 1 131 33 33 8.255971
1170 7 133 33 33 47.636793
1200 227 112 28 28 6.569000
1230 198 126 36 36 3.296141
1260 435 125 35 35 9.158010
1290 451 126 28 28 5.092210
1320 450 126 36 36 3.317928
1350 453 131 28 28 59.802215
1380 465 129 30 30 21.220101
1410 29 156 42 42 6.582566
1440 129 149 32 32 4.591194
1470 100 304 24 24 3.866170
1500 2 99 26 26 4.875005
1530 154 121 28 28 7.951438
1560 119 125 28 28 6.994194
1590 154 112 28 28 2.773015
1620 491 114 24 24 6.454210
1650 27 206 46 46 9.695989
1680 158 126 36 36 9.137503
