30 11 102 24 24 8.959560
60 1 143 35 35 3.746451
90 480 201 24 24 2.202693
120 266 141 32 32 9.095622
150 410 168 48 48 6.387874
180 224 226 28 28 3.774099
210 12 145 33 33 5.189453
240 384 204 24 24 0.126473
270 390 167 47 47 7.982018
300 264 192 48 48 4.966112
330 20 241 28 28 7.775007
360 146 294 36 36 3.624359
390 13 304 23 23 9.980734
420 459 166 35 35 1.838391
450 237 119 28 28 1.999235
480 245 225 28 28 3.061353
510 496 191 24 24 3.606412
540 447 163 36 36 3.633077
570 245 119 28 28 0.769080
600 387 136 32 32 7.165621
630 27 126 36 36 3.079682
660 450 144 36 36 0.382844
690 210 197 24 24 1.662822
720 177 178 42 42 8.918269
750 401 194 24 24 8.463307
780 5 245 28 28 2.570716
810 384 192 24 24 1.083974
840 444 18 36 36 5.742407
870 275 152 32 32 7.554571
900 143 113 26 26 4.565519
930 12 113 24 24 8.589775
960 342 119 28 28 8.132727
990 486 96 24 24 0.904258
1020 343 112 28 28 0.451387
1050 21 98 28 28 1.190418
1080 153 114 28 28 8.091216
1110 234 126 28 28 7.832143
1140 405 128 32 32 5.926482
1170 38 48 64 64 3.938733
1200 97 17 24 24 6.142601
1230 210 110 24 24 7.062991
1260 119 124 28 28 6.268975
1290 336 229 28 28 8.168070
1320 122 112 28 28 5.570194
1350 119 113 28 28 6.781626
1380 384 149 32 32 4.968003
1410 99 18 24 24 7.750049
1440 203 114 23 23 8.332453
1470 456 146 36 36 9.737065
1500 173 111 30 30 8.898972
1530 168 114 27 27 9.720915
1560 34 16 64 64 9.249431
1590 29 4 64 64 8.034140
1620 193 112 24 24 9.949259
1650 168 130 28 28 5.172318
1680 14 132 28 28 9.393479
