30 291 108 24 24 16.492806
30 243 97 27 27 5.810771
30 459 0 36 36 4.446491
30 352 11 64 64 7.958262
30 216 36 48 48 4.878956
30 290 114 24 24 3.866813
30 288 102 24 24 2.172215
30 486 4 24 24 2.471811
30 154 133 28 28 1.154323
30 255 0 64 64 0.905430
30 385 112 29 29 1.220934
30 264 36 47 47 1.561716
30 469 112 28 28 0.452233
30 384 36 48 48 0.105512
30 408 112 32 32 0.030901
60 289 111 24 24 22.766416
60 352 15 64 64 15.740568
60 385 112 32 32 6.820717
60 294 110 23 23 9.246834
60 357 111 28 28 2.216663
60 127 128 31 31 2.288716
60 241 98 28 28 3.674626
60 216 36 48 48 3.798434
60 300 111 24 24 2.113521
60 132 96 24 24 1.207435
60 459 0 36 36 0.753969
60 485 17 24 24 0.721398
60 16 32 64 64 0.095845
90 354 112 27 27 14.382324
90 288 111 24 24 12.379256
90 352 18 64 64 15.702328
90 386 112 32 32 8.096661
90 211 36 48 48 12.294384
90 15 131 33 33 10.709453
90 235 97 27 27 3.756738
90 2 83 23 23 2.901689
90 300 113 24 24 1.231761
90 469 14 28 28 1.105454
90 288 0 64 64 1.038733
90 0 96 23 23 0.887488
90 454 133 28 28 0.434512
90 24 144 32 32 0.147574
90 420 12 48 48 0.090646
90 12 84 24 24 0.009821
120 239 112 28 28 13.268210
120 355 120 28 28 16.772390
120 106 96 24 24 6.107014
120 288 114 23 23 5.118129
120 211 36 48 48 12.017636
120 386 128 32 32 5.226363
120 351 34 64 64 6.313912
120 388 112 32 32 5.651533
120 435 125 35 35 2.715239
120 245 119 28 28 0.906510
120 154 133 28 28 0.888272
120 224 112 28 28 0.589752
120 27 144 36 36 0.469151
120 352 0 64 64 0.333547
120 450 126 36 36 0.207517
120 350 126 27 27 0.156983
150 386 112 32 32 10.999724
150 288 111 24 24 8.906549
150 126 133 28 28 3.466891
150 105 83 23 23 6.019964
150 239 98 28 28 5.310253
150 96 83 23 23 2.873912
150 352 21 64 64 4.870379
150 215 35 48 48 5.237812
150 432 144 36 36 1.402820
150 226 98 28 28 1.706485
150 449 111 28 28 1.242846
150 463 133 28 28 0.809318
150 432 126 36 36 0.428126
150 263 15 64 64 0.654702
150 400 112 32 32 0.284328
180 448 128 30 30 27.387670
180 436 125 35 35 9.393359
180 456 128 29 29 12.959422
180 388 112 32 32 7.918397
180 352 6 64 64 6.192588
180 264 36 48 48 7.553538
180 448 119 28 28 3.674550
180 238 98 28 28 3.385762
180 288 36 47 47 5.918044
180 461 129 30 30 7.367532
180 392 35 47 47 6.044352
180 168 245 28 28 1.751044
180 336 114 28 28 2.408626
180 256 0 64 64 1.596708
180 469 127 27 27 1.734781
180 129 112 32 32 1.582226
180 154 98 28 28 0.449231
180 33 198 43 43 0.207877
210 352 11 64 64 13.148029
210 467 130 28 28 16.579655
210 289 112 24 24 10.267829
210 460 127 28 28 12.253636
210 264 35 48 48 9.028106
210 466 117 28 28 7.070241
210 132 207 24 24 7.163432
210 347 112 28 28 6.914292
210 292 109 24 24 9.291193
210 132 198 24 24 2.764410
210 385 84 24 24 3.950761
210 264 0 64 64 5.052105
210 465 98 28 28 4.321734
210 236 98 28 28 2.456676
210 288 35 48 48 3.430964
210 112 119 28 28 1.683871
210 344 121 28 28 3.013304
210 408 129 32 32 1.747542
210 483 107 24 24 2.113189
210 450 15 36 36 1.597575
210 14 14 28 28 1.064849
210 384 36 48 48 2.035704
210 357 98 28 28 0.970413
210 126 126 28 28 0.897251
210 350 123 28 28 1.366752
210 407 24 48 48 1.507694
210 480 102 24 24 0.235420
210 126 227 28 28 0.196016
240 264 36 48 48 16.928462
240 389 100 24 24 17.705797
240 288 32 64 64 12.661132
240 352 0 64 64 5.318951
240 392 11 48 48 22.677828
240 357 122 28 28 6.490108
240 231 98 28 28 7.520505
240 388 24 48 48 9.002740
240 298 109 24 24 6.243504
240 288 0 64 64 2.017956
240 256 0 64 64 1.876174
240 384 96 24 24 0.990910
240 288 108 24 24 0.888069
240 486 0 24 24 0.790280
240 384 108 24 24 0.726026
240 466 125 30 30 0.886810
240 294 114 24 24 0.430982
240 357 133 28 28 0.423436
240 450 126 36 36 0.193078
240 396 96 24 24 0.172714
270 381 153 41 41 11.575497
270 431 23 37 37 11.271181
270 352 45 64 64 4.415896
270 400 97 24 24 7.719168
270 457 112 27 27 5.472131
270 432 9 36 36 3.024427
270 297 114 24 24 5.385988
270 390 97 24 24 8.340321
270 396 100 24 24 9.025642
270 394 168 48 48 6.195318
270 384 174 44 44 3.397603
270 386 100 24 24 6.079185
270 441 21 36 36 4.065748
270 224 98 28 28 2.393699
270 455 124 28 28 2.202604
270 288 114 24 24 1.522105
270 363 154 44 44 1.494169
270 256 0 64 64 1.135809
270 384 136 32 32 0.838561
270 408 24 48 48 0.452766
270 288 48 64 64 0.141916
270 388 144 32 32 0.212661
270 389 84 24 24 0.090794
270 402 192 24 24 0.041612
300 352 40 64 64 11.201942
300 402 112 32 32 6.108353
300 435 159 36 36 10.284490
300 392 22 48 48 12.064112
300 438 149 36 36 9.346875
300 404 152 32 32 4.913257
300 384 102 24 24 2.647381
300 352 12 64 64 3.266771
300 296 114 24 24 2.760487
300 431 27 36 36 1.212912
300 432 144 36 36 0.891652
300 396 0 48 48 1.144562
300 480 203 24 24 0.042207
330 485 11 24 24 18.182723
330 393 96 24 24 8.798278
330 192 96 24 24 6.053112
330 0 126 27 27 4.715819
330 384 96 24 24 3.064552
330 132 108 24 24 2.827594
330 464 0 31 31 3.731960
330 448 21 28 28 2.037925
330 128 143 32 32 1.626067
330 447 0 36 36 2.356298
330 394 31 47 47 6.747246
330 479 6 23 23 1.516581
330 21 133 28 28 1.175822
330 216 36 48 48 0.937772
330 272 32 64 64 0.448716
330 300 18 24 24 0.164570
360 361 32 44 44 10.688382
360 385 31 47 47 30.672241
360 495 96 24 24 10.600080
360 401 193 24 24 8.081511
360 495 83 23 23 4.240021
360 48 0 64 64 1.987473
360 245 112 28 28 0.874193
360 486 96 24 24 0.827742
360 357 112 28 28 0.791174
360 357 98 28 28 0.157750
390 454 123 27 27 18.572637
390 373 2 43 43 15.816120
390 278 0 64 64 8.845025
390 462 118 27 27 9.201240
390 352 13 64 64 9.076122
390 432 144 36 36 3.296273
390 378 25 45 45 10.993568
390 384 106 24 24 8.212318
390 458 0 30 30 8.281960
390 386 33 47 47 18.219359
390 479 18 24 24 2.707572
390 454 112 28 28 2.537349
390 13 112 27 27 3.549554
390 390 19 36 36 7.859764
390 452 6 33 33 8.671601
390 384 17 46 46 10.401415
390 459 18 36 36 1.968782
390 144 128 32 32 1.633112
390 401 114 23 23 1.627373
390 469 113 27 27 1.898314
390 458 151 36 36 1.331302
390 357 98 28 28 1.139220
390 390 111 24 24 1.419441
390 390 104 24 24 1.132154
390 441 126 36 36 0.517746
390 400 16 32 32 0.481548
390 448 119 28 28 0.383400
390 224 98 28 28 0.298953
390 396 24 48 48 0.218664
390 384 96 24 24 0.021586
420 388 35 48 48 24.189744
420 415 36 48 48 14.104326
420 395 107 24 24 10.268940
420 461 112 28 28 6.470598
420 395 84 24 24 8.329683
420 352 0 62 62 3.442517
420 154 97 27 27 2.628461
420 384 98 24 24 4.120171
420 446 1 33 33 5.791171
420 304 113 23 23 2.785172
420 451 111 27 27 3.246335
420 154 126 28 28 1.582639
420 391 24 48 48 4.412528
420 390 102 24 24 1.301107
420 384 108 24 24 0.965745
420 7 133 28 28 0.930938
420 402 102 24 24 0.579979
420 448 14 28 28 0.410181
420 402 300 24 24 0.251661
420 384 84 24 24 0.150742
420 264 36 48 48 0.189902
420 300 108 24 24 0.051503
450 399 84 24 24 12.321184
450 385 31 47 47 27.466294
450 408 36 48 48 16.787164
450 496 113 24 24 4.904550
450 153 116 28 28 3.739708
450 394 28 47 47 9.811988
450 302 108 24 24 3.259639
450 352 0 64 64 1.482668
450 384 12 48 48 2.278008
450 336 112 28 28 1.037198
450 256 0 64 64 0.703583
450 223 112 28 28 0.597257
450 18 84 24 24 0.421050
450 448 119 28 28 0.283797
480 343 117 28 28 20.757570
480 0 2 64 64 3.175373
480 356 121 27 27 4.056900
480 245 113 27 27 3.195964
480 336 112 28 28 1.874771
480 288 110 23 23 3.125640
480 405 22 48 48 4.125630
480 350 126 28 28 1.273767
480 48 0 64 64 1.022757
480 306 114 24 24 0.687599
480 294 114 24 24 0.619773
480 258 16 64 64 0.413983
480 350 112 28 28 0.125326
510 400 143 32 32 24.068525
510 351 41 64 64 10.029588
510 1 134 30 30 21.182365
510 354 126 28 28 7.262968
510 404 152 32 32 6.234692
510 384 142 32 32 3.484833
510 384 112 32 32 2.930852
510 14 133 28 28 2.764028
510 408 136 32 32 2.686137
510 395 151 32 32 4.978924
510 346 125 27 27 4.532014
510 260 112 32 32 2.616108
510 389 136 32 32 1.993577
510 21 98 28 28 1.309218
510 294 114 24 24 1.207173
510 8 144 32 32 0.207282
540 457 168 36 36 13.018041
540 451 161 36 36 15.651721
540 480 197 24 24 12.775573
540 396 84 24 24 7.803245
540 442 153 36 36 10.271449
540 352 32 64 64 3.400107
540 280 112 32 32 3.181334
540 497 112 24 24 4.431405
540 487 113 24 24 2.762724
540 480 210 24 24 2.252873
540 485 192 24 24 2.179631
540 0 114 24 24 1.815462
540 384 128 32 32 1.239252
540 435 162 36 36 1.423273
540 498 84 24 24 0.868394
540 498 97 24 24 1.060473
570 496 7 23 23 6.676581
570 410 32 48 48 12.837318
570 493 10 24 24 6.272949
570 416 26 48 48 12.364620
570 402 96 24 24 2.915371
570 455 17 28 28 4.073111
570 439 153 36 36 3.022259
570 336 126 28 28 0.676155
570 498 18 24 24 0.414405
570 450 158 36 36 0.664654
600 349 131 28 28 19.774881
600 486 3 24 24 9.617663
600 336 129 28 28 8.670883
600 481 84 24 24 5.654943
600 343 126 28 28 3.060348
600 352 0 64 64 2.741961
600 383 34 47 47 5.381244
600 390 84 24 24 1.816966
600 384 15 47 47 4.641440
600 271 32 64 64 1.653552
600 498 84 24 24 0.805348
600 402 84 24 24 0.726149
600 336 119 28 28 0.439234
600 480 114 24 24 0.414929
630 283 36 64 64 14.556962
630 21 117 28 28 5.932730
630 337 114 27 27 7.114036
630 432 153 36 36 2.879776
630 348 132 28 28 5.260493
630 341 118 28 28 8.121297
630 469 133 28 28 1.647395
630 415 21 48 48 6.227870
630 233 98 28 28 1.428578
630 113 112 28 28 1.019080
630 420 5 48 48 2.955242
630 462 98 28 28 0.453926
630 154 98 28 28 0.439067
630 385 22 44 44 0.208395
630 272 48 64 64 0.133471
630 441 27 36 36 0.106048
660 386 137 32 32 27.537480
660 285 37 64 64 19.111468
660 114 112 28 28 12.202777
660 394 144 32 32 11.529872
660 488 209 23 23 7.791705
660 236 98 28 28 4.538970
660 402 114 24 24 3.335384
660 384 112 32 32 3.058588
660 346 98 28 28 5.719439
660 355 111 28 28 4.003410
660 384 29 46 46 12.564261
660 400 136 32 32 2.810955
660 397 152 32 32 4.083870
660 390 12 48 48 8.353292
660 5 112 27 27 5.566784
660 387 152 32 32 3.374511
660 494 83 23 23 2.162854
660 18 112 27 27 1.436665
660 352 32 64 64 0.814134
660 408 144 32 32 0.798506
660 119 119 28 28 0.693819
660 350 119 28 28 0.273229
660 119 98 28 28 0.175610
660 0 108 24 24 0.156755
660 272 48 64 64 0.155066
690 390 144 32 32 20.947776
690 4 113 27 27 12.191300
690 387 152 32 32 8.480257
690 288 40 64 64 6.329931
690 394 20 48 48 18.747576
690 454 98 28 28 7.739576
690 384 136 32 32 1.723651
690 408 12 48 48 6.453788
690 432 27 36 36 1.624363
690 411 32 47 47 6.881416
690 405 152 32 32 2.315494
690 215 144 36 36 1.520241
690 13 119 27 27 1.364961
690 384 34 46 46 3.000413
690 384 12 48 48 2.281908
690 132 114 24 24 0.845303
690 215 24 48 48 1.263380
690 48 0 64 64 0.578686
690 396 0 48 48 1.120666
690 233 98 28 28 0.784353
690 336 7 28 28 0.498457
690 238 112 28 28 0.417642
690 198 102 24 24 0.288250
690 288 15 64 64 0.214841
690 459 27 36 36 0.106715
690 352 48 64 64 0.075667
690 343 98 28 28 0.055225
720 0 117 28 28 12.986693
720 492 114 24 24 11.400384
720 394 149 32 32 9.714006
720 387 143 32 32 6.655468
720 48 0 64 64 2.854059
720 400 144 32 32 2.628504
720 288 24 64 64 4.770159
720 385 35 47 47 5.020400
720 406 35 47 47 4.618128
720 108 111 24 24 3.753718
720 245 98 28 28 1.456361
720 432 27 36 36 0.108390
720 306 96 24 24 0.095192
750 43 0 64 64 6.176941
750 352 42 64 64 4.521598
750 384 153 40 40 4.897074
750 36 36 48 48 5.150676
750 432 27 36 36 2.507450
750 354 97 27 27 3.449377
750 469 231 28 28 1.741099
750 398 152 32 32 2.838616
750 240 98 28 28 1.954240
750 288 28 64 64 1.372653
750 352 7 64 64 2.086900
750 101 114 24 24 0.708310
750 26 26 36 36 0.472661
750 386 141 32 32 0.518850
750 204 24 48 48 0.269168
750 288 12 24 24 0.029587
780 288 29 64 64 4.249043
780 465 224 28 28 6.136158
780 43 4 64 64 7.412985
780 396 26 48 48 5.665594
780 32 36 48 48 6.536152
780 10 26 36 36 3.115337
780 352 48 64 64 2.108239
780 431 27 36 36 1.265446
780 405 152 32 32 1.851698
780 384 192 24 24 1.158295
780 384 146 32 32 2.493769
780 352 98 28 28 1.703471
780 408 0 48 48 1.723554
780 300 96 24 24 0.326951
810 406 27 48 48 19.533762
810 433 146 36 36 10.102670
810 31 36 48 48 16.626948
810 451 97 27 27 6.096957
810 385 147 32 32 7.736243
810 357 98 28 28 3.029273
810 352 32 43 43 3.085823
810 42 4 64 64 6.841170
810 432 162 36 36 2.520064
810 447 118 28 28 5.513231
810 3 23 38 38 2.043403
810 385 187 44 44 0.858644
810 390 210 24 24 0.730572
810 384 168 48 48 1.305320
810 441 153 36 36 0.601912
810 16 0 64 64 0.336801
810 384 112 32 32 0.301180
810 330 30 40 40 0.138281
810 392 152 32 32 0.071072
810 12 36 48 48 0.136402
840 450 146 36 36 24.676292
840 461 113 27 27 18.445486
840 448 13 27 27 15.115683
840 479 111 23 23 9.751646
840 30 36 47 47 16.093288
840 454 120 28 28 15.516102
840 447 162 36 36 5.504729
840 433 161 36 36 10.044399
840 438 154 36 36 7.789802
840 448 128 28 28 5.594169
840 469 98 28 28 3.393363
840 392 152 32 32 3.380491
840 12 36 48 48 6.373150
840 459 153 36 36 2.876727
840 416 31 48 48 16.342552
840 352 33 44 44 2.727711
840 42 4 64 64 7.091279
840 462 129 28 28 3.887302
840 392 192 47 47 6.258823
840 402 210 24 24 1.803584
840 408 24 48 48 3.440500
840 455 133 28 28 1.698101
840 448 112 28 28 1.655035
840 357 98 28 28 0.864776
840 16 0 64 64 0.176234
840 432 0 36 36 0.071969
870 449 14 28 28 22.484333
870 490 112 24 24 18.660442
870 467 114 28 28 11.826951
870 454 17 28 28 8.945722
870 457 147 35 35 10.553957
870 452 8 27 27 12.975123
870 24 36 48 48 23.492014
870 480 113 24 24 4.390541
870 495 102 24 24 6.865664
870 383 154 44 44 3.455862
870 450 160 36 36 9.783625
870 461 119 28 28 7.800512
870 432 0 36 36 2.799046
870 465 126 28 28 5.222422
870 439 169 36 36 6.353516
870 42 4 64 64 5.001555
870 485 108 23 23 2.325589
870 386 204 47 47 5.203666
870 419 23 47 47 2.920656
870 363 22 44 44 1.021892
870 290 294 24 24 1.640853
870 402 203 47 47 2.875512
870 300 294 24 24 0.664388
870 384 24 32 32 0.538171
870 352 33 44 44 0.318068
870 441 126 36 36 0.312850
870 432 162 36 36 0.217704
900 453 13 28 28 27.584203
900 449 18 27 27 20.753418
900 385 154 44 44 6.496888
900 496 112 24 24 11.389800
900 24 36 48 48 25.092634
900 459 153 36 36 3.416197
900 433 1 36 36 4.432302
900 463 223 27 27 4.084714
900 397 114 24 24 3.418010
900 363 24 44 44 4.655823
900 192 112 32 32 2.333708
900 435 171 36 36 3.450272
900 467 126 28 28 2.280553
900 45 0 64 64 2.104737
900 264 35 48 48 3.288960
900 480 288 24 24 1.098615
900 343 22 39 39 2.432458
900 387 216 48 48 2.701828
900 453 170 35 35 1.437377
900 352 32 46 46 0.880268
900 456 129 31 31 0.388027
900 462 119 27 27 0.156899
930 449 19 28 28 17.405309
930 123 113 27 27 20.293677
930 454 13 28 28 24.804009
930 48 6 64 64 8.037607
930 467 229 28 28 9.917523
930 385 154 44 44 3.840476
930 119 119 27 27 3.651707
930 496 114 24 24 4.401909
930 342 29 40 40 4.573224
930 25 36 48 48 14.393674
930 363 26 44 44 4.739439
930 462 224 27 27 2.524647
930 402 113 24 24 2.413439
930 462 17 28 28 4.494137
930 468 123 28 28 3.357398
930 485 295 24 24 2.606964
930 462 7 28 28 1.834633
930 432 0 36 36 1.680392
930 480 194 24 24 2.555952
930 480 288 24 24 1.393344
930 458 171 36 36 1.186671
930 154 112 28 28 0.804560
930 112 112 28 28 0.760950
930 168 121 28 28 0.798713
930 264 35 48 48 0.689234
930 455 0 28 28 0.234946
930 288 0 64 64 0.203654
930 384 84 24 24 0.203068
930 352 33 44 44 0.192073
960 455 14 27 27 31.562286
960 450 19 28 28 16.588750
960 385 154 44 44 4.868174
960 462 21 28 28 4.282197
960 154 131 28 28 5.259015
960 462 7 28 28 3.432749
960 468 226 28 28 4.741106
960 43 12 64 64 6.285073
960 481 292 24 24 6.519282
960 469 128 28 28 4.590909
960 288 0 64 64 2.465971
960 435 1 36 36 4.415423
960 0 0 64 64 1.884730
960 264 36 48 48 2.652702
960 112 133 28 28 1.158665
960 384 305 24 24 1.188407
960 360 32 44 44 1.406114
960 290 306 24 24 1.285196
960 482 198 23 23 0.678860
960 396 216 47 47 0.380850
990 456 19 28 28 24.242545
990 414 168 48 48 23.901824
990 338 117 28 28 13.659205
990 462 12 27 27 6.327064
990 384 98 23 23 5.970331
990 168 224 27 27 2.910406
990 343 112 28 28 2.485594
990 288 25 56 56 9.435931
990 15 32 64 64 2.178945
990 336 98 28 28 1.760514
990 342 126 28 28 1.782244
990 400 136 32 32 1.540437
990 396 168 48 48 3.069964
990 441 0 36 36 1.334612
990 256 0 64 64 1.239756
990 390 192 24 24 1.090971
990 385 154 44 44 0.983701
990 288 48 64 64 0.904635
990 489 205 23 23 2.006573
990 350 119 28 28 0.613092
990 48 15 64 64 0.479912
990 488 210 24 24 0.883543
990 469 21 28 28 0.424079
990 119 133 27 27 0.343421
990 154 224 28 28 0.304983
990 402 210 24 24 0.226634
1020 462 20 27 27 12.720874
1020 349 159 41 41 10.712803
1020 419 192 48 48 7.298238
1020 415 168 48 48 9.716146
1020 315 157 36 36 5.138953
1020 498 210 24 24 2.591778
1020 17 84 24 24 2.497083
1020 144 107 24 24 2.784368
1020 401 168 48 48 7.836194
1020 441 17 36 36 1.414633
1020 385 154 44 44 1.400841
1020 466 14 28 28 2.096777
1020 374 33 44 44 1.163194
1020 27 126 36 36 0.809055
1020 450 0 36 36 0.682924
1020 264 0 32 32 0.452262
1020 315 171 36 36 0.188770
1050 346 160 40 40 19.378896
1050 178 160 41 41 13.691330
1050 106 112 23 23 13.043572
1050 312 154 36 36 15.557160
1050 112 98 28 28 4.502323
1050 465 20 28 28 7.066560
1050 384 210 23 23 3.719238
1050 101 110 23 23 7.486256
1050 434 27 35 35 4.697668
1050 420 192 48 48 6.074388
1050 414 168 48 48 10.570672
1050 462 245 27 27 2.845442
1050 297 153 36 36 1.812318
1050 154 98 28 28 1.751589
1050 11 192 23 23 1.702144
1050 306 162 36 36 1.675251
1050 441 12 36 36 1.947624
1050 396 168 48 48 2.033896
1050 374 33 44 44 0.682091
1050 345 140 40 40 1.270687
1050 170 170 40 40 0.625927
1050 27 153 36 36 0.574552
1050 455 21 28 28 0.461243
1050 462 14 28 28 0.344688
1050 448 223 28 28 0.318949
1050 462 224 28 28 0.131508
1050 320 140 40 40 0.022122
1080 389 197 23 23 44.393902
1080 384 206 24 24 12.010633
1080 340 162 40 40 18.688119
1080 9 145 36 36 37.812681
1080 393 208 24 24 16.140535
1080 18 151 34 34 25.341184
1080 441 24 36 36 15.534775
1080 315 156 36 36 6.320798
1080 384 192 24 24 3.615490
1080 198 153 36 36 3.273763
1080 350 170 40 40 3.037923
1080 432 22 36 36 5.967564
1080 161 148 37 37 4.423574
1080 322 139 39 39 3.516197
1080 317 162 38 38 5.505113
1080 469 10 27 27 4.347233
1080 28 141 38 38 4.177474
1080 286 48 64 64 2.350796
1080 459 27 36 36 2.073517
1080 356 153 43 43 3.122558
1080 327 169 39 39 2.538577
1080 316 170 37 37 2.382934
1080 0 119 28 28 1.272605
1080 401 203 24 24 1.466471
1080 440 9 36 36 1.116835
1080 420 192 48 48 1.869384
1080 450 18 36 36 0.931538
1080 297 158 36 36 1.325780
1080 108 114 24 24 0.743656
1080 112 97 27 27 0.709761
1080 343 21 28 28 0.473109
1080 374 154 44 44 0.081195
1080 170 140 40 40 0.023367
1110 313 167 36 36 13.842170
1110 198 153 36 36 6.083838
1110 456 16 35 35 11.938724
1110 348 9 28 28 10.367879
1110 320 160 40 40 3.956480
1110 453 7 36 36 7.673796
1110 315 153 36 36 3.567403
1110 180 140 40 40 3.079812
1110 351 156 42 42 5.340436
1110 320 140 40 40 2.895307
1110 306 165 36 36 4.401260
1110 338 126 27 27 4.684420
1110 21 112 32 32 3.518673
1110 340 160 40 40 2.026379
1110 447 27 36 36 3.080543
1110 343 14 28 28 1.688894
1110 441 21 36 36 2.694595
1110 357 12 28 28 1.699216
1110 112 98 28 28 0.640446
1110 210 107 24 24 0.377265
1110 343 133 28 28 0.223254
1110 402 96 24 24 0.163405
1110 498 6 24 24 0.063546
1140 401 130 32 32 11.292868
1140 407 136 32 32 9.220908
1140 402 146 32 32 9.214701
1140 132 114 23 23 3.256557
1140 352 16 64 64 7.642536
1140 479 104 24 24 4.802334
1140 264 24 32 32 2.616437
1140 463 98 28 28 2.751634
1140 210 114 24 24 2.243678
1140 448 14 28 28 2.209055
1140 24 112 32 32 2.042436
1140 481 209 24 24 3.589980
1140 352 48 64 64 1.757023
1140 419 208 47 47 5.282112
1140 469 245 28 28 1.145908
1140 408 152 32 32 1.123621
1140 396 6 24 24 0.865589
1140 458 0 36 36 0.783945
1140 48 0 64 64 0.715789
1140 487 0 24 24 0.896635
1140 112 98 28 28 0.569765
1140 353 119 27 27 0.965538
1140 357 111 28 28 0.258147
1140 288 18 36 36 0.105992
1170 492 108 24 24 10.159642
1170 355 112 28 28 6.774799
1170 450 225 27 27 11.007712
1170 203 104 24 24 13.665992
1170 197 107 24 24 9.273518
1170 497 101 24 24 8.011070
1170 408 168 48 48 5.845454
1170 388 0 24 24 3.952794
1170 487 112 23 23 4.170060
1170 462 224 28 28 2.075409
1170 204 114 24 24 1.760800
1170 23 112 31 31 1.536142
1170 45 1 64 64 1.920129
1170 352 14 64 64 3.685348
1170 434 143 36 36 1.943430
1170 455 231 28 28 1.267360
1170 408 140 32 32 1.475933
1170 432 126 36 36 0.847276
1170 288 9 36 36 0.697433
1170 352 48 64 64 0.447812
1170 320 160 40 40 0.263330
1170 491 96 24 24 0.090874
1200 384 109 23 23 8.607502
1200 44 15 64 64 13.681713
1200 491 203 24 24 16.361995
1200 9 29 45 45 12.951688
1200 487 196 24 24 10.426714
1200 356 98 28 28 3.103963
1200 432 126 36 36 2.985067
1200 479 193 24 24 3.667401
1200 194 96 24 24 4.185414
1200 497 210 24 24 2.318698
1200 494 191 23 23 3.860741
1200 154 133 28 28 2.060443
1200 112 126 28 28 2.042922
1200 204 96 24 24 1.675717
1200 319 177 40 40 2.068298
1200 469 116 28 28 1.644255
1200 22 112 30 30 1.402639
1200 498 197 24 24 0.680761
1200 0 30 40 40 0.203983
1200 32 32 64 64 0.179052
1230 383 107 23 23 13.999398
1230 467 130 28 28 12.888971
1230 435 126 36 36 8.635959
1230 40 15 64 64 6.962686
1230 467 117 28 28 5.909768
1230 102 98 23 23 5.859723
1230 453 126 28 28 11.341087
1230 4 24 47 47 8.518000
1230 454 5 27 27 2.891287
1230 154 98 28 28 1.805096
1230 265 152 32 32 2.082069
1230 448 119 28 28 1.678281
1230 112 119 28 28 1.649861
1230 115 98 28 28 2.442697
1230 18 114 24 24 1.184479
1230 207 84 24 24 1.703612
1230 210 102 24 24 0.398754
1230 363 33 44 44 0.398658
1230 204 96 24 24 0.376436
1230 22 33 44 44 0.199015
1230 12 108 24 24 0.195634
1230 462 0 28 28 0.173479
1230 459 144 36 36 0.167107
1230 448 133 28 28 0.100466
1260 4 28 46 46 13.640514
1260 144 96 24 24 3.385101
1260 15 19 61 61 4.403317
1260 466 128 30 30 7.335630
1260 187 22 44 44 2.343050
1260 452 126 34 34 5.695912
1260 192 96 24 24 2.036588
1260 384 99 24 24 2.185158
1260 288 294 24 24 1.182456
1260 132 114 24 24 0.936177
1260 3 97 27 27 1.842842
1260 14 98 28 28 0.885072
1260 108 113 24 24 0.735339
1260 256 272 32 32 0.704825
1290 24 112 32 32 7.112371
1290 480 1 24 24 8.169267
1290 383 103 24 24 4.121543
1290 9 143 32 32 3.018065
1290 468 0 28 28 2.288438
1290 224 98 28 28 1.899001
1290 0 126 35 35 1.809442
1290 385 300 24 24 1.841278
1290 461 133 28 28 1.341864
1290 394 300 24 24 1.616876
1290 486 192 24 24 1.088186
1290 261 272 32 32 1.239679
1290 256 128 32 32 0.742247
1290 290 294 23 23 0.960288
1290 192 96 24 24 0.560800
1290 449 133 28 28 0.707901
1290 112 126 28 28 0.295403
1290 6 96 24 24 0.231438
1320 193 107 24 24 20.720724
1320 20 112 31 31 15.405498
1320 121 131 27 27 14.539725
1320 18 124 27 27 10.714014
1320 206 106 24 24 14.522037
1320 207 102 24 24 9.214584
1320 0 84 24 24 4.814638
1320 384 112 23 23 5.942939
1320 198 102 24 24 3.081757
1320 105 114 23 23 3.305062
1320 48 0 64 64 1.650625
1320 352 0 64 64 0.724774
1320 8 112 32 32 0.643787
1320 384 36 48 48 1.057790
1320 493 204 24 24 0.707857
1320 407 112 32 32 0.445096
1350 19 130 28 28 13.645206
1350 347 224 28 28 3.664339
1350 13 112 32 32 3.766333
1350 7 126 32 32 5.452858
1350 351 6 64 64 2.976555
1350 406 112 32 32 1.797194
1350 216 36 48 48 2.590596
1350 447 126 28 28 0.773585
1350 231 224 28 28 0.471680
1380 352 22 64 64 7.823576
1380 434 126 36 36 6.244467
1380 0 112 32 32 3.150727
1380 48 25 64 64 5.447637
1380 4 130 29 29 14.144547
1380 384 112 32 32 2.852739
1380 3 197 24 24 5.116290
1380 407 112 32 32 2.445332
1380 242 153 43 43 1.699464
1380 448 133 27 27 1.474619
1380 0 204 24 24 1.205041
1380 224 118 28 28 1.663673
1380 128 136 32 32 0.181029
1380 18 198 24 24 0.155919
1380 0 144 32 32 0.077101
1410 454 127 32 32 29.042146
1410 449 126 27 27 23.594010
1410 352 13 64 64 6.375048
1410 34 15 64 64 17.069623
1410 384 112 32 32 4.032012
1410 455 119 28 28 3.275360
1410 459 144 36 36 2.947478
1410 19 147 34 34 6.937718
1410 226 111 27 27 3.391766
1410 48 0 64 64 1.687925
1410 357 119 28 28 1.568464
1410 127 112 31 31 0.720482
1410 48 32 64 64 0.604937
1410 27 153 36 36 0.516171
1410 16 0 64 64 0.338866
1410 16 32 64 64 0.269197
1410 408 112 32 32 0.038172
1440 33 3 64 64 20.410713
1440 40 16 64 64 9.724317
1440 462 125 27 27 18.708770
1440 455 118 28 28 17.559036
1440 469 129 28 28 7.489746
1440 13 9 64 64 9.151996
1440 234 98 28 28 5.964606
1440 394 106 24 24 8.580725
1440 451 111 27 27 5.292842
1440 123 113 27 27 5.215611
1440 462 111 28 28 1.700398
1440 390 102 24 24 1.544983
1440 240 140 40 40 1.439326
1440 448 126 28 28 0.755079
1440 306 210 24 24 0.361137
1440 112 112 28 28 0.317269
1440 210 114 24 24 0.265582
1440 18 96 24 24 0.194871
1440 330 30 39 39 0.108215
1440 224 98 28 28 0.102604
1440 384 108 24 24 0.050720
1440 288 102 24 24 0.029161
1470 236 98 28 28 8.562546
1470 33 2 64 64 18.088290
1470 434 160 36 36 11.413464
1470 123 113 28 28 6.600221
1470 48 16 64 64 2.951247
1470 437 152 36 36 5.632432
1470 229 111 28 28 2.925135
1470 0 7 64 64 4.009829
1470 456 171 36 36 2.804420
1470 306 102 24 24 2.027487
1470 16 16 64 64 1.673730
1470 481 205 24 24 2.553469
1470 440 170 36 36 2.337565
1470 119 120 28 28 1.340669
1470 12 84 24 24 0.906685
1470 264 33 44 44 0.533013
1470 126 126 27 27 0.315688
1470 245 126 28 28 0.174655
1500 15 112 26 26 18.430847
1500 33 3 64 64 16.664166
1500 352 7 64 64 8.266108
1500 446 129 29 29 9.566755
1500 40 16 64 64 7.190306
1500 435 126 36 36 5.760465
1500 347 117 28 28 7.676965
1500 13 98 27 27 4.428983
1500 120 111 28 28 4.119264
1500 238 98 28 28 2.056119
1500 245 127 27 27 2.443706
1500 256 12 64 64 2.461121
1500 8 16 64 64 3.187632
1500 4 112 31 31 3.667331
1500 481 101 24 24 1.799462
1500 396 84 24 24 0.757854
1500 384 112 32 32 0.727740
1500 0 0 64 64 0.648049
1500 352 32 64 64 0.572571
1500 336 119 28 28 0.505983
1500 357 112 28 28 0.454971
1500 288 36 48 48 0.073710
1530 462 127 28 28 35.212835
1530 469 129 28 28 17.151218
1530 452 131 28 28 18.852256
1530 354 114 28 28 17.723209
1530 338 112 28 28 10.778741
1530 352 9 64 64 9.386204
1530 27 3 64 64 9.219813
1530 259 112 32 32 6.460041
1530 264 0 64 64 7.134138
1530 466 118 28 28 5.928945
1530 347 119 28 28 5.317686
1530 256 8 64 64 6.782692
1530 21 111 28 28 3.080540
1530 13 98 28 28 7.215628
1530 448 126 27 27 2.481256
1530 48 14 64 64 1.760821
1530 390 112 32 32 1.660143
1530 0 0 64 64 0.819066
1530 16 16 64 64 0.764898
1530 392 24 32 32 0.480989
1530 455 119 28 28 0.475308
1560 275 3 64 64 13.373357
1560 342 116 28 28 17.285078
1560 392 112 32 32 9.752544
1560 259 112 32 32 7.480654
1560 463 131 30 30 9.226715
1560 352 25 64 64 6.821386
1560 352 114 27 27 10.096830
1560 20 0 64 64 6.761810
1560 336 112 27 27 2.953624
1560 357 119 28 28 2.753692
1560 20 113 28 28 4.690043
1560 408 112 32 32 2.188013
1560 38 16 64 64 3.514643
1560 153 98 28 28 1.755332
1560 256 13 64 64 2.007621
1560 112 112 28 28 1.217264
1560 408 136 32 32 0.940073
1560 384 0 48 48 1.884344
1560 0 115 28 28 1.613901
1560 12 95 24 24 0.610327
1560 400 24 32 32 0.587405
1560 350 0 28 28 0.538673
1560 7 111 28 28 0.525176
1560 352 0 64 64 0.299090
1560 400 144 32 32 0.086639
1590 354 113 28 28 16.882045
1590 352 21 64 64 9.938924
1590 263 112 32 32 12.604530
1590 18 113 28 28 14.404161
1590 338 113 28 28 8.770866
1590 14 0 64 64 7.302016
1590 397 113 27 27 7.666841
1590 353 98 28 28 5.571904
1590 116 111 27 27 5.312522
1590 12 116 29 29 7.449593
1590 108 110 24 24 3.270144
1590 350 119 28 28 1.807723
1590 4 112 29 29 5.305419
1590 486 192 24 24 1.456512
1590 288 0 64 64 1.309565
1590 435 125 35 35 2.041951
1590 448 0 28 28 1.124826
1590 385 0 44 44 0.651285
1590 384 114 23 23 0.436198
1590 396 108 24 24 0.301552
1590 0 123 28 28 0.444013
1590 441 144 36 36 0.236206
1590 280 112 32 32 0.173384
1590 480 18 24 24 0.171201
1590 462 119 28 28 0.111371
1620 350 119 28 28 12.579981
1620 1 113 25 25 12.481360
1620 386 113 23 23 7.243626
1620 272 112 32 32 8.576370
1620 112 98 28 28 2.554961
1620 357 112 28 28 2.257057
1620 6 0 64 64 1.977325
1620 108 108 24 24 1.036323
1620 396 113 24 24 1.166463
1620 357 98 28 28 0.934068
1620 224 98 28 28 0.924964
1620 450 126 36 36 1.002453
1620 17 114 24 24 0.555096
1620 467 132 29 29 0.561941
1650 106 111 23 23 15.393564
1650 455 113 27 27 11.640622
1650 408 112 32 32 3.689525
1650 461 117 27 27 10.344322
1650 352 16 64 64 3.533751
1650 102 110 23 23 6.011295
1650 392 112 32 32 2.973821
1650 384 113 24 24 2.238501
1650 469 130 28 28 2.581946
1650 18 112 32 32 2.094939
1650 392 107 23 23 2.655548
1650 469 112 28 28 0.991976
1650 492 18 24 24 0.901668
1650 224 98 28 28 0.901614
1650 0 0 64 64 0.360144
1650 492 96 24 24 0.066956
1680 101 112 23 23 22.277583
1680 26 18 39 39 24.779288
1680 352 11 64 64 6.232187
1680 389 36 47 47 13.686698
1680 256 2 64 64 3.445879
1680 498 96 24 24 2.682112
1680 108 108 24 24 2.573088
1680 19 6 42 42 13.856221
1680 469 112 28 28 2.357440
1680 469 98 28 28 2.343486
1680 448 112 28 28 2.064687
1680 96 108 24 24 2.055716
1680 1 0 61 61 1.383894
1680 224 98 28 28 1.188881
1680 36 31 48 48 2.006380
1680 0 144 32 32 0.570389
1710 447 131 27 27 6.575219
1710 403 36 48 48 11.317014
1710 387 32 48 48 14.632932
1710 0 3 40 40 4.125275
1710 256 129 32 32 3.235376
1710 34 9 48 48 7.143830
1710 448 121 28 28 3.524524
1710 27 2 47 47 4.387374
1710 462 111 28 28 0.914911
1710 352 16 64 64 0.896056
1710 448 98 28 28 0.803490
1710 396 24 48 48 0.952634
1710 0 18 36 36 0.248750
1740 406 32 47 47 43.592122
1740 384 30 47 47 21.043106
1740 257 129 32 32 8.735395
1740 352 0 64 64 4.483249
1740 396 24 48 48 8.424058
1740 111 119 28 28 3.655386
1740 451 97 27 27 6.511931
1740 0 0 64 64 3.186229
1740 154 115 28 28 5.165647
1740 262 133 32 32 6.918767
1740 420 24 48 48 4.322162
1740 459 126 36 36 1.876326
1740 96 114 23 23 1.715315
1740 0 144 32 32 1.685869
1740 16 136 32 32 0.896928
1740 336 133 28 28 0.877959
1740 306 126 36 36 0.778563
1770 102 113 23 23 22.623623
1770 416 23 48 48 49.719614
1770 457 1 34 34 14.574477
1770 496 112 24 24 8.993763
1770 257 149 32 32 8.567643
1770 392 23 47 47 10.761576
1770 408 36 48 48 7.213212
1770 23 18 37 37 12.052268
1770 18 23 36 36 5.016414
1770 401 24 32 32 4.549100
1770 492 110 24 24 3.733533
1770 408 12 48 48 3.810328
1770 10 4 42 42 3.257179
1770 448 21 28 28 1.676212
1770 256 48 64 64 1.589128
1770 336 21 28 28 1.407243
1770 441 0 36 36 1.339822
1770 384 24 32 32 0.850170
1770 0 16 64 64 0.669172
1770 264 144 32 32 0.628144
1770 256 136 32 32 0.241469
1770 468 21 28 28 0.112201
1770 480 108 24 24 0.130813
1800 240 140 40 40 5.192779
1800 18 17 24 24 4.658361
1800 395 33 48 48 26.269714
1800 418 16 47 47 15.208326
1800 384 11 32 32 6.222081
1800 491 16 23 23 9.747046
1800 12 3 29 29 11.769038
1800 337 7 28 28 4.094481
1800 486 14 24 24 5.000794
1800 14 111 28 28 2.915960
1800 270 46 64 64 3.730554
1800 403 22 47 47 11.470904
1800 347 7 27 27 3.025342
1800 398 11 47 47 6.415181
1800 18 0 29 29 3.422575
1800 496 105 24 24 4.154518
1800 48 0 64 64 1.477484
1800 216 13 48 48 3.890442
1800 384 20 46 46 2.860413
1800 420 36 48 48 1.611562
1800 306 18 24 24 0.700336
1800 498 12 24 24 0.693858
1800 288 153 36 36 0.658162
1800 7 14 28 28 0.488337
1800 326 159 40 40 0.555732
1800 330 140 40 40 0.019216
1830 240 170 40 40 10.522316
1830 348 179 39 39 4.731430
1830 384 6 23 23 4.053020
1830 0 0 28 28 3.248154
1830 5 128 32 32 4.613420
1830 0 17 24 24 3.119024
1830 4 12 24 24 2.917251
1830 213 19 47 47 8.449086
1830 399 36 48 48 4.828106
1830 242 154 44 44 1.547108
1830 220 170 40 40 1.396005
1830 357 0 28 28 1.011599
1830 204 30 48 48 3.679190
1830 297 145 36 36 0.922165
1830 480 98 24 24 1.370825
1830 306 95 24 24 0.726823
1830 216 0 48 48 1.376856
1830 240 30 40 40 0.580678
1830 288 0 24 24 0.550823
1830 350 224 28 28 0.492142
1830 420 36 48 48 0.967120
1830 204 114 24 24 0.199045
