30 289 152 36 36 18.137299
30 147 171 36 36 11.158305
30 322 181 40 40 16.020917
30 338 224 28 28 9.502551
30 6 20 28 28 12.759541
30 98 95 23 23 10.355076
30 449 2 27 27 11.775180
30 306 153 36 36 12.891496
30 386 0 32 32 6.400998
30 329 169 39 39 7.929367
30 331 190 40 40 3.743742
30 266 22 33 33 5.126441
30 0 3 64 64 4.030036
30 25 140 40 40 5.070823
30 448 14 28 28 2.728330
30 397 16 24 24 6.045294
30 325 140 40 40 4.682999
30 354 224 28 28 3.613287
30 155 161 36 36 3.137077
30 128 112 32 32 2.324645
30 0 48 64 64 2.304239
30 0 144 38 38 4.341472
30 25 18 47 47 9.368759
30 455 7 28 28 1.999563
30 289 21 36 36 4.233568
30 1 11 31 31 3.404897
30 301 114 24 24 2.350966
30 144 96 23 23 1.488680
30 323 159 40 40 2.090606
30 128 128 32 32 1.171656
30 36 32 47 47 3.407962
30 220 140 40 40 0.825899
30 161 166 36 36 1.510532
30 306 210 24 24 0.755940
30 350 13 27 27 0.749425
30 402 12 24 24 0.541025
30 315 144 36 36 0.370963
30 340 160 40 40 0.204365
30 340 180 40 40 0.120443
30 297 162 36 36 0.117467
30 9 147 37 37 0.147636
30 343 230 28 28 0.035245
60 170 160 40 40 19.413799
60 354 180 42 42 21.486523
60 2 20 28 28 8.262919
60 390 15 24 24 9.629942
60 448 6 28 28 9.878073
60 380 0 36 36 5.537120
60 169 186 40 40 5.727530
60 350 140 40 40 3.205366
60 20 140 40 40 6.286930
60 374 176 44 44 3.020606
60 358 187 44 44 5.175001
60 288 153 36 36 2.644200
60 126 128 27 27 3.892635
60 27 23 46 46 7.069084
60 21 126 28 28 2.399493
60 486 0 24 24 2.350082
60 306 192 24 24 2.245631
60 96 96 24 24 1.869724
60 24 35 47 47 4.042717
60 0 161 36 36 1.710264
60 264 24 32 32 1.495587
60 144 99 24 24 2.155950
60 384 12 24 24 1.254680
60 160 177 40 40 2.523730
60 306 113 24 24 1.056200
60 396 12 24 24 0.800256
60 0 48 64 64 0.646758
60 11 33 44 44 0.010692
90 449 231 28 28 25.309611
90 457 238 27 27 9.739409
90 462 230 28 28 14.050410
90 173 158 40 40 17.950128
90 408 168 48 48 22.904270
90 454 224 28 28 14.887064
90 302 114 24 24 8.848918
90 16 19 46 46 11.808950
90 198 167 35 35 5.682605
90 0 21 28 28 3.591496
90 384 15 23 23 5.898294
90 448 245 28 28 3.104179
90 191 157 40 40 4.916107
90 297 192 24 24 4.817412
90 123 119 28 28 4.134374
90 119 125 28 28 5.353214
90 132 97 24 24 2.820720
90 10 140 40 40 4.140826
90 390 12 24 24 2.477303
90 256 24 32 32 1.739861
90 281 152 32 32 2.002514
90 363 0 44 44 1.516905
90 408 197 48 48 4.544812
90 22 127 30 30 2.465648
90 480 0 24 24 1.031823
90 14 126 28 28 1.008953
90 30 140 40 40 0.849398
90 119 98 28 28 0.827052
90 180 170 40 40 0.664679
90 0 25 48 48 1.282858
90 280 16 32 32 0.467764
90 306 108 23 23 0.467375
90 96 198 23 23 0.303350
90 153 162 36 36 0.159554
90 203 198 24 24 0.079325
120 218 163 38 38 16.680790
120 195 154 44 44 7.337043
120 452 144 36 36 10.096756
120 161 162 37 37 13.422801
120 458 153 35 35 3.643618
120 17 126 29 29 12.131603
120 4 18 46 46 8.868812
120 481 192 24 24 3.711517
120 240 140 40 40 2.991046
120 245 14 28 28 2.618925
120 3 140 40 40 3.589644
120 7 126 29 29 6.952586
120 408 0 32 32 2.362608
120 48 48 64 64 2.314677
120 112 118 28 28 4.009994
120 290 113 23 23 2.656671
120 205 210 24 24 2.029382
120 112 130 28 28 2.418675
120 239 224 28 28 1.445264
120 112 98 28 28 0.993121
120 210 198 24 24 0.934682
120 16 136 32 32 0.787870
120 280 152 32 32 0.578654
120 352 0 44 44 0.340972
120 20 140 40 40 0.297049
120 14 34 45 45 0.828194
120 144 162 36 36 0.249922
120 408 144 32 32 0.204260
120 264 16 32 32 0.119906
120 8 112 32 32 0.115783
150 264 168 47 47 12.547574
150 240 140 40 40 3.920076
150 239 14 28 28 5.000851
150 160 163 37 37 15.153490
150 406 0 32 32 3.151291
150 153 171 36 36 2.633549
150 144 162 36 36 2.383518
150 12 126 29 29 8.102162
150 288 114 24 24 2.175208
150 0 36 48 48 3.936764
150 356 5 28 28 2.296661
150 197 160 36 36 2.369685
150 8 138 37 37 3.346571
150 288 192 24 24 1.525442
150 202 196 23 23 2.991881
150 17 119 28 28 2.968873
150 216 153 36 36 1.310206
150 402 144 32 32 1.597115
150 1 126 31 31 2.451259
150 180 140 40 40 1.041179
150 352 0 44 44 0.541986
150 48 48 64 64 0.451910
150 240 10 40 40 0.383443
150 108 84 24 24 0.334834
150 231 21 27 27 0.149814
150 204 0 24 24 0.136375
150 198 210 24 24 0.097597
150 108 96 24 24 0.070411
150 288 162 36 36 0.036382
180 388 169 47 47 36.333725
180 382 190 45 45 14.665747
180 355 7 28 28 5.400847
180 163 163 38 38 11.894820
180 375 204 43 43 8.360119
180 382 154 44 44 3.981501
180 153 170 36 36 3.368653
180 9 130 30 30 6.533525
180 108 96 24 24 2.286211
180 240 140 40 40 2.142967
180 198 161 36 36 1.955932
180 406 1 32 32 2.877016
180 350 140 40 40 1.658808
180 0 36 48 48 2.945498
180 238 16 28 28 2.276191
180 200 197 24 24 2.589915
180 48 48 64 64 1.137600
180 288 114 24 24 1.010844
180 408 168 48 48 1.747632
180 9 138 36 36 1.668969
180 330 140 40 40 0.830373
180 206 0 24 24 1.474178
180 352 0 44 44 0.802424
180 11 112 32 32 1.108797
180 314 162 36 36 0.409930
180 19 123 27 27 0.875607
180 215 162 36 36 0.309167
180 144 162 36 36 0.217979
210 355 6 28 28 12.264450
210 5 130 33 33 13.809494
210 237 14 28 28 9.650068
210 161 162 37 37 13.423396
210 10 205 24 24 6.084141
210 240 140 40 40 2.955803
210 406 2 32 32 5.341208
210 152 167 36 36 4.358651
210 288 113 24 24 2.403601
210 198 161 36 36 1.789563
210 0 36 48 48 3.523156
210 0 159 36 36 2.438686
210 16 136 32 32 1.279999
210 201 198 24 24 2.536200
210 198 210 24 24 1.128385
210 0 145 37 37 2.158473
210 144 162 36 36 0.910379
210 400 143 32 32 0.837831
210 352 0 44 44 0.837020
210 314 161 36 36 0.883862
210 42 48 64 64 1.194872
210 231 21 28 28 0.789913
210 204 0 24 24 0.838767
210 240 10 40 40 0.693842
210 179 140 40 40 0.390495
210 108 96 24 24 0.352165
210 21 118 28 28 0.177573
210 0 22 44 44 0.140241
240 355 5 28 28 13.986773
240 238 14 28 28 11.212186
240 231 18 28 28 7.670315
240 240 140 40 40 3.943429
240 160 163 37 37 13.902247
240 407 2 32 32 4.922086
240 1 210 24 24 4.073365
240 287 113 23 23 3.467873
240 96 204 24 24 2.929656
240 153 171 36 36 2.524920
240 144 162 36 36 2.524146
240 240 10 39 39 2.472110
240 198 160 36 36 2.641126
240 201 197 24 24 3.663873
240 42 48 64 64 2.238382
240 216 153 36 36 1.347463
240 224 14 28 28 1.066701
240 179 140 40 40 1.110214
240 0 36 48 48 1.890598
240 20 160 39 39 0.991224
240 108 96 24 24 0.627272
240 198 210 24 24 0.583203
240 14 126 28 28 0.431596
240 400 144 32 32 0.274898
240 21 119 27 27 0.182708
240 204 0 24 24 0.169557
240 108 84 24 24 0.132136
240 352 0 43 43 0.052279
240 0 21 43 43 0.014890
270 400 11 23 23 23.571774
270 106 200 24 24 14.129160
270 401 101 24 24 7.776546
270 390 10 24 24 6.834317
270 393 4 26 26 8.535738
270 344 5 29 29 7.543768
270 132 201 24 24 6.816455
270 132 194 23 23 6.709161
270 144 198 24 24 3.370091
270 395 18 24 24 3.879683
270 1 209 24 24 4.971282
270 102 202 23 23 6.379521
270 228 14 28 28 4.372435
270 106 209 24 24 3.392167
270 36 33 48 48 5.047972
270 456 126 35 35 2.637016
270 15 209 24 24 3.655457
270 220 140 40 40 1.737118
270 153 162 36 36 1.070992
270 198 153 36 36 1.029734
270 96 96 24 24 0.977756
270 384 0 32 32 0.916451
270 240 140 40 40 0.716841
270 400 0 32 32 0.602870
270 21 112 27 27 0.423173
270 0 119 28 28 0.399741
270 236 21 28 28 0.519665
270 16 48 64 64 0.326403
270 384 144 32 32 0.105448
300 101 203 23 23 31.079816
300 108 197 24 24 17.327966
300 99 192 24 24 9.430203
300 96 195 24 24 9.281118
300 31 154 43 43 5.142681
300 261 0 32 32 5.114045
300 155 151 36 36 8.489459
300 192 114 24 24 3.327926
300 6 115 28 28 6.435512
300 96 210 24 24 3.061040
300 152 17 28 28 5.110007
300 138 0 32 32 3.242187
300 288 12 24 24 2.288026
300 144 21 32 32 3.025392
300 161 15 37 37 4.287371
300 139 16 31 31 3.140309
300 216 162 36 36 1.578113
300 161 143 36 36 1.693554
300 392 128 32 32 0.978494
300 0 126 27 27 0.498553
300 192 84 24 24 0.254258
300 224 7 28 28 0.088562
330 457 151 35 35 12.075014
330 264 27 45 45 16.985989
330 10 5 24 24 16.391126
330 389 34 46 46 15.474144
330 1 4 24 24 15.191586
330 336 19 27 27 5.505571
330 3 0 25 25 5.366869
330 3 12 24 24 3.786761
330 384 154 44 44 2.107468
330 330 0 40 40 2.027612
330 0 96 24 24 1.551471
330 315 7 36 36 1.843763
330 96 210 24 24 1.323309
330 401 102 24 24 1.426327
330 12 210 24 24 0.900624
330 408 36 48 48 1.711514
330 264 11 44 44 0.823745
330 154 245 28 28 0.664441
330 238 224 28 28 0.514589
330 168 224 28 28 0.461608
330 402 210 24 24 0.354891
330 402 197 23 23 0.353727
330 469 112 28 28 0.163891
330 396 24 48 48 0.125908
330 468 6 28 28 0.055511
330 223 223 28 28 0.004695
360 11 100 24 24 21.805954
360 449 133 28 28 7.805859
360 32 0 43 43 6.029911
360 1 100 24 24 16.839470
360 486 97 24 24 10.499823
360 191 30 46 46 18.989205
360 102 192 23 23 12.817004
360 3 96 25 25 6.199560
360 235 117 28 28 6.981986
360 161 147 37 37 5.944220
360 342 98 28 28 2.886155
360 296 96 24 24 4.515285
360 195 20 46 46 17.093088
360 176 24 32 32 2.607944
360 391 107 23 23 4.274589
360 97 200 24 24 6.717125
360 212 25 43 43 6.882393
360 154 19 28 28 2.660447
360 266 31 64 64 3.610867
360 105 198 24 24 4.312046
360 228 97 27 27 3.061434
360 161 7 36 36 2.190952
360 198 144 36 36 1.717601
360 498 96 24 24 1.856248
360 300 102 24 24 1.575666
360 492 102 24 24 1.675102
360 448 112 28 28 1.432917
360 190 0 46 46 3.352573
360 357 98 28 28 1.228787
360 491 83 23 23 1.381555
360 231 112 28 28 1.068561
360 343 112 28 28 0.833176
360 462 133 28 28 0.831430
360 104 204 24 24 1.199785
360 18 96 24 24 0.711215
360 264 22 44 44 0.643757
360 256 48 64 64 0.473340
360 455 126 28 28 0.356534
360 402 114 24 24 0.305502
360 306 96 24 24 0.260533
360 96 12 24 24 0.227396
360 223 119 28 28 0.140902
360 108 210 24 24 0.024965
390 458 128 32 32 29.034733
390 124 125 27 27 28.220675
390 459 145 36 36 6.960449
390 121 133 27 27 11.290803
390 408 128 32 32 5.085183
390 486 96 24 24 4.130533
390 393 112 32 32 6.858940
390 290 113 23 23 6.195356
390 132 99 24 24 5.673508
390 447 130 28 28 4.964906
390 287 2 64 64 3.893936
390 119 119 28 28 3.196397
390 342 118 28 28 8.251103
390 484 83 23 23 3.692540
390 0 113 24 24 2.458344
390 128 112 32 32 2.289290
390 17 84 24 24 1.648693
390 132 84 24 24 1.646561
390 348 111 28 28 1.743962
390 238 112 28 28 1.141494
390 352 0 64 64 0.849409
390 191 108 24 24 0.670426
390 167 113 28 28 0.648009
390 420 24 48 48 0.393394
420 114 126 28 28 21.780901
420 405 130 32 32 19.317826
420 450 126 36 36 17.177566
420 352 31 63 63 11.582966
420 458 145 36 36 8.342418
420 401 133 32 32 20.592089
420 405 112 32 32 7.535587
420 271 0 64 64 15.594238
420 389 129 32 32 11.053550
420 498 10 24 24 6.847991
420 12 109 24 24 12.882312
420 115 133 28 28 7.543189
420 2 112 24 24 10.432717
420 387 112 32 32 6.269271
420 408 144 32 32 2.777588
420 22 127 33 33 6.074111
420 96 105 24 24 4.594565
420 498 0 24 24 1.662827
420 352 0 64 64 1.612024
420 284 16 64 64 2.095705
420 498 192 23 23 1.557814
420 375 33 45 45 2.122525
420 357 112 28 28 1.265130
420 231 98 28 28 1.075998
420 261 16 64 64 1.498770
420 48 0 64 64 0.928414
420 22 33 44 44 0.877698
420 108 84 24 24 0.644022
420 126 126 28 28 0.318498
420 238 112 28 28 0.309748
420 384 29 48 48 1.164096
420 136 112 32 32 0.232652
420 108 108 24 24 0.080139
450 352 18 63 63 15.141981
450 5 113 24 24 14.378962
450 357 122 28 28 8.016321
450 389 112 32 32 7.491607
450 272 112 32 32 3.437245
450 388 128 32 32 6.667819
450 0 101 26 26 4.771368
450 377 25 44 44 7.540477
450 11 109 24 24 9.240671
450 393 13 48 48 14.705922
450 352 48 64 64 2.714059
450 350 119 27 27 2.682255
450 263 0 64 64 4.299298
450 384 30 45 45 8.677937
450 6 127 28 28 3.967368
450 408 146 32 32 2.648369
450 192 114 24 24 1.944887
450 0 33 44 44 1.410937
450 406 112 32 32 1.812299
450 15 98 28 28 1.918432
450 357 97 27 27 0.721288
450 486 108 24 24 0.628848
450 111 111 28 28 0.591810
450 432 144 36 36 0.308605
450 32 0 64 64 0.224273
480 487 198 24 24 20.727825
480 400 129 32 32 21.329842
480 384 128 32 32 5.205388
480 355 114 27 27 10.982835
480 20 112 32 32 6.599540
480 459 157 36 36 6.290990
480 357 126 28 28 2.956723
480 260 2 64 64 5.313054
480 492 206 24 24 4.727499
480 350 119 28 28 2.799355
480 144 107 24 24 2.961294
480 392 136 32 32 2.594241
480 408 136 32 32 2.582920
480 351 14 64 64 3.397103
480 339 112 27 27 3.785234
480 272 112 32 32 1.817369
480 480 192 24 24 1.449968
480 357 98 28 28 1.394888
480 391 112 32 32 1.353857
480 450 126 36 36 1.195629
480 107 108 24 24 1.135659
480 486 210 24 24 0.781143
480 492 191 24 24 0.765931
480 384 114 24 24 0.756042
480 384 96 24 24 0.499295
480 498 200 24 24 0.661565
480 288 0 64 64 0.186552
480 272 16 64 64 0.084541
510 343 113 28 28 13.164461
510 400 129 32 32 17.131037
510 386 128 32 32 8.841760
510 405 133 32 32 12.800862
510 436 126 36 36 8.580460
510 350 117 27 27 12.850304
510 352 16 64 64 3.383893
510 265 2 64 64 7.147289
510 385 96 23 23 3.661233
510 450 126 36 36 2.474266
510 168 112 28 28 2.382361
510 192 113 24 24 2.147847
510 384 84 24 24 2.034210
510 496 84 24 24 2.797679
510 265 112 32 32 2.422588
510 262 16 64 64 2.602988
510 357 112 27 27 1.601261
510 18 101 24 24 1.379584
510 384 112 32 32 0.856587
510 0 110 26 26 1.229375
510 12 114 24 24 0.791959
510 384 36 48 48 1.369516
510 131 99 23 23 0.916064
510 392 136 32 32 0.260390
510 168 98 28 28 0.034708
540 451 125 35 35 13.090925
540 392 130 32 32 21.360757
540 384 132 32 32 10.389291
540 270 3 64 64 11.138237
540 449 144 36 36 7.754387
540 353 29 52 52 11.519173
540 17 130 30 30 12.144717
540 389 112 30 30 7.443825
540 352 48 64 64 3.229897
540 435 126 36 36 5.047252
540 132 99 24 24 4.817110
540 400 136 32 32 3.026868
540 385 113 26 26 6.693155
540 338 112 28 28 4.860906
540 0 30 40 40 2.546989
540 355 119 28 28 2.415077
540 407 128 32 32 2.091889
540 408 10 48 48 6.374526
540 350 113 28 28 2.219548
540 357 22 49 49 5.921653
540 18 96 24 24 1.640131
540 168 98 28 28 1.326777
540 192 114 24 24 1.122568
540 266 112 32 32 1.473784
540 18 114 24 24 0.921904
540 167 112 28 28 0.216747
540 408 36 48 48 0.171196
570 405 130 32 32 14.983460
570 436 144 36 36 9.119580
570 387 112 32 32 7.427069
570 5 97 24 24 9.541736
570 448 124 29 29 11.986986
570 352 4 64 64 4.709726
570 336 115 28 28 5.950694
570 400 112 32 32 3.058192
570 400 136 32 32 2.990091
570 105 96 24 24 5.483124
570 450 144 36 36 2.698391
570 448 115 27 27 5.974495
570 1 101 24 24 8.774044
570 383 13 47 47 4.944792
570 383 34 47 47 4.868808
570 96 96 24 24 2.079393
570 462 126 28 28 2.078125
570 265 2 64 64 4.086456
570 436 126 36 36 3.679123
570 267 112 32 32 3.328552
570 351 25 64 64 3.113888
570 336 126 28 28 1.764852
570 452 133 28 28 2.478536
570 276 112 32 32 3.193207
570 383 84 24 24 1.535750
570 192 113 24 24 1.418687
570 448 97 27 27 1.388611
570 392 128 32 32 1.330837
570 6 108 24 24 1.030731
570 397 18 23 23 0.478932
570 154 112 28 28 0.274069
570 256 16 64 64 0.238043
570 168 112 28 28 0.125669
570 408 0 32 32 0.019985
600 15 84 24 24 15.242598
600 271 112 32 32 11.191855
600 454 126 30 30 12.844214
600 18 129 30 30 12.706707
600 259 4 64 64 8.110524
600 2 84 24 24 6.794184
600 340 127 28 28 8.481552
600 193 114 24 24 4.736781
600 337 112 28 28 4.844695
600 387 112 32 32 5.348201
600 456 117 28 28 5.347297
600 17 30 41 41 3.650651
600 450 144 36 36 2.153566
600 168 98 28 28 2.128403
600 466 120 28 28 4.508952
600 224 98 28 28 1.794900
600 399 84 24 24 3.093410
600 16 0 64 64 1.546776
600 192 36 47 47 2.919716
600 272 16 64 64 1.411357
600 18 96 25 25 2.651615
600 390 84 24 24 0.894923
600 154 98 28 28 0.812887
600 0 27 47 47 1.921544
600 238 112 28 28 0.483072
600 336 98 28 28 0.432671
600 350 111 28 28 0.095278
600 112 98 28 28 0.053923
630 2 28 41 41 26.115172
630 1 84 24 24 10.035643
630 0 100 24 24 16.247747
630 267 112 32 32 9.397770
630 335 116 28 28 9.648675
630 388 84 24 24 6.520974
630 108 113 24 24 4.443977
630 276 112 32 32 8.654472
630 261 11 64 64 11.219240
630 463 118 28 28 16.095876
630 11 126 28 28 5.980779
630 466 126 28 28 5.559743
630 16 28 40 40 6.882141
630 272 0 64 64 2.943200
630 43 0 64 64 3.254680
630 469 112 28 28 1.794099
630 12 23 39 39 5.010316
630 384 36 48 48 3.151804
630 154 98 28 28 1.496302
630 398 112 32 32 1.731585
630 154 112 28 28 1.284509
630 352 0 64 64 1.129122
630 462 133 28 28 1.034584
630 168 112 28 28 0.963421
630 408 36 48 48 1.884326
630 455 112 28 28 0.941260
630 350 112 28 28 0.833742
630 0 0 64 64 0.832934
630 0 126 28 28 0.743116
630 6 114 24 24 0.598788
630 343 126 28 28 0.151031
630 357 133 28 28 0.142458
660 272 112 32 32 10.985578
660 345 125 28 28 16.188785
660 269 11 64 64 17.583820
660 497 114 24 24 4.653455
660 103 110 24 24 10.818287
660 256 0 64 64 3.923287
660 384 96 24 24 3.780226
660 365 11 44 44 3.682327
660 386 84 24 24 4.463388
660 408 10 47 47 12.498958
660 192 114 24 24 2.091543
660 408 30 48 48 7.403576
660 462 119 28 28 2.002621
660 382 8 45 45 3.524620
660 350 133 28 28 1.380867
660 4 33 55 55 2.606646
660 396 84 24 24 0.843009
660 107 102 24 24 0.762581
660 350 119 28 28 0.476350
660 357 126 28 28 0.361204
660 108 114 24 24 0.215952
660 20 30 40 40 0.138243
660 0 22 44 44 0.036687
690 7 84 24 24 16.353512
690 18 84 24 24 5.640356
690 272 112 32 32 9.288173
690 386 84 24 24 9.374438
690 352 131 28 28 12.128763
690 41 0 64 64 6.145575
690 3 34 46 46 14.269418
690 402 84 24 24 3.437222
690 18 115 28 28 11.165739
690 13 114 29 29 10.013994
690 260 10 64 64 8.273681
690 154 112 28 28 2.992517
690 353 125 27 27 4.995224
690 98 114 24 24 4.645453
690 272 0 64 64 2.091165
690 459 27 36 36 1.973472
690 13 100 26 26 4.068936
690 27 18 36 36 0.623926
690 484 191 23 23 0.997386
690 287 27 64 64 0.481584
690 20 0 40 40 0.239304
690 224 98 28 28 0.008333
720 258 5 64 64 11.086060
720 154 98 28 28 5.522999
720 349 113 28 28 14.879083
720 8 6 36 36 13.665063
720 24 20 32 32 7.306196
720 353 98 28 28 7.899614
720 35 0 64 64 8.374971
720 0 18 29 29 4.852138
720 276 112 32 32 4.372909
720 12 36 47 47 7.112000
720 336 112 28 28 2.510300
720 343 98 28 28 2.400473
720 390 83 23 23 2.620312
720 342 119 28 28 1.753823
720 224 98 28 28 1.470160
720 340 30 40 40 1.253146
720 272 16 64 64 1.252975
720 456 27 35 35 1.524436
720 357 119 28 28 0.881368
720 441 27 36 36 1.363659
720 0 119 28 28 0.183780
720 264 112 32 32 0.004695
750 487 96 24 24 8.702926
750 33 0 64 64 14.182711
750 261 5 64 64 16.759697
750 385 106 24 24 11.692531
750 275 16 64 64 6.120015
750 353 98 28 28 8.074488
750 399 107 23 23 7.801871
750 350 29 40 40 5.236866
750 0 35 48 48 5.560094
750 357 116 28 28 4.216611
750 339 111 28 28 4.472615
750 402 144 32 32 3.967263
750 371 28 43 43 5.819339
750 397 102 24 24 2.920256
750 361 25 44 44 3.719407
750 480 0 24 24 1.901349
750 288 7 64 64 3.267965
750 154 98 28 28 1.275397
750 21 112 27 27 1.271501
750 11 21 27 27 1.983289
750 223 98 28 28 1.122379
750 168 98 28 28 1.070085
750 343 98 28 28 1.033500
750 384 0 48 48 1.792026
750 352 31 64 64 0.713590
750 198 114 24 24 0.442699
750 8 8 32 32 0.128263
750 408 152 32 32 0.084366
780 260 5 64 64 19.627040
780 435 126 36 36 10.231132
780 354 97 27 27 8.509208
780 277 16 64 64 7.277272
780 408 139 32 32 8.820661
780 193 114 24 24 5.337484
780 486 84 24 24 4.042162
780 15 0 64 64 11.205154
780 288 6 64 64 6.224157
780 23 35 48 48 14.738752
780 354 19 58 58 10.170893
780 483 208 24 24 8.129267
780 384 26 45 45 9.202027
780 154 98 28 28 3.135537
780 126 112 28 28 3.104411
780 420 21 47 47 10.747458
780 481 202 24 24 5.948091
780 341 112 28 28 5.831952
780 350 30 40 40 3.137349
780 17 112 28 28 3.453263
780 390 109 24 24 2.563922
780 459 169 36 36 2.217860
780 280 112 32 32 1.195612
780 357 111 28 28 0.575664
780 48 0 64 64 0.559138
780 14 119 28 28 0.491887
780 408 152 32 32 0.407714
780 6 112 28 28 0.302027
810 355 98 28 28 8.411695
810 260 4 64 64 16.044019
810 10 0 64 64 12.700615
810 3 36 48 48 12.209552
810 496 205 24 24 6.829905
810 450 98 28 28 6.054986
810 439 144 36 36 8.679771
810 391 112 28 28 11.220514
810 168 111 28 28 3.480677
810 119 112 28 28 9.481858
810 356 17 54 54 10.267723
810 272 15 64 64 3.193518
810 458 98 28 28 4.596402
810 345 98 28 28 3.034158
810 245 119 28 28 1.460932
810 280 112 32 32 1.202565
810 288 0 64 64 1.099647
810 402 84 24 24 0.686550
810 350 112 28 28 0.567906
810 192 114 24 24 0.513151
810 231 112 28 28 0.494017
810 21 112 28 28 0.400068
810 384 128 32 32 0.326150
810 374 22 44 44 0.078576
840 394 129 32 32 27.418216
840 399 137 32 32 18.455987
840 115 111 28 28 9.535320
840 12 113 28 28 13.437628
840 351 24 64 64 8.268854
840 256 4 64 64 6.533545
840 6 0 64 64 7.284740
840 168 112 28 28 4.174916
840 351 7 64 64 7.701768
840 480 98 24 24 4.590290
840 21 116 28 28 3.789758
840 24 24 32 32 2.002388
840 276 112 32 32 3.522482
840 408 128 32 32 1.845545
840 498 114 23 23 1.787416
840 0 112 28 28 2.001853
840 6 119 28 28 1.858247
840 245 123 28 28 1.881558
840 14 126 28 28 1.092384
840 0 36 48 48 1.898110
840 154 112 28 28 0.672308
840 492 107 24 24 0.643401
840 462 14 28 28 0.474507
840 111 119 28 28 0.074391
870 238 119 28 28 22.177773
870 226 113 28 28 11.873761
870 432 144 36 36 4.416666
870 6 1 64 64 8.414654
870 405 112 32 32 6.029949
870 256 0 64 64 3.758352
870 401 113 26 26 5.401923
870 154 112 28 28 3.556648
870 20 16 31 31 6.526893
870 274 112 32 32 4.484478
870 432 126 36 36 2.399169
870 154 97 27 27 2.297678
870 40 15 64 64 2.653736
870 0 112 28 28 1.395332
870 245 126 28 28 1.330480
870 408 128 32 32 0.956959
870 357 97 27 27 0.666267
870 108 84 24 24 0.381724
870 8 19 32 32 0.377918
870 16 16 64 64 0.219971
870 30 30 39 39 0.207102
870 390 114 24 24 0.203863
870 231 126 28 28 0.159148
870 32 0 64 64 0.119875
900 0 113 28 28 8.171609
900 235 120 27 27 11.890099
900 1 10 32 32 10.541231
900 223 115 28 28 7.889670
900 43 16 64 64 5.009385
900 456 144 36 36 4.542426
900 3 5 64 64 6.262268
900 272 112 32 32 4.092706
900 402 12 24 24 2.311852
900 27 4 64 64 4.913957
900 14 12 64 64 6.999997
900 0 21 28 28 1.752173
900 245 124 27 27 2.106434
900 231 126 28 28 1.564567
900 21 112 28 28 1.485966
900 126 119 27 27 1.263704
900 256 0 64 64 1.249004
900 36 36 48 48 1.828720
900 8 16 32 32 0.601992
900 231 112 28 28 0.371854
900 12 36 48 48 0.723176
900 168 112 28 28 0.318860
930 6 16 24 24 15.329263
930 35 33 50 50 12.931012
930 4 15 60 60 16.016324
930 452 119 28 28 9.210607
930 271 112 32 32 7.843225
930 3 9 26 26 8.442050
930 234 126 28 28 6.487582
930 8 10 24 24 6.996821
930 352 13 64 64 3.166413
930 288 0 64 64 2.559081
930 384 114 24 24 2.477444
930 384 36 48 48 4.897348
930 12 0 64 64 3.080937
930 230 119 28 28 2.302760
930 448 112 27 27 2.114749
930 128 112 32 32 1.919750
930 7 15 41 41 1.558281
930 48 16 64 64 0.613683
930 0 112 32 32 0.428147
960 404 112 32 32 11.224348
960 45 15 64 64 15.770886
960 400 112 26 26 15.792680
960 15 131 28 28 6.294142
960 352 11 64 64 5.452706
960 356 98 28 28 4.287729
960 396 107 24 24 2.705153
960 469 129 28 28 4.550095
960 128 112 32 32 2.470278
960 256 128 32 32 2.092101
960 3 16 64 64 2.185118
960 256 112 32 32 1.360041
960 22 32 50 50 2.714837
960 447 119 28 28 0.856719
960 8 112 32 32 0.545733
960 455 126 27 27 0.361886
990 449 125 27 27 29.719689
990 455 119 28 28 4.854772
990 0 133 28 28 4.899335
990 293 84 24 24 10.840715
990 216 31 48 48 12.851034
990 6 16 64 64 7.058766
990 115 126 27 27 6.459106
990 387 11 24 24 6.983845
990 455 133 28 28 3.341412
990 17 6 64 64 6.978725
990 336 98 28 28 1.833244
990 32 10 64 64 2.557117
990 111 133 28 28 1.333920
990 462 126 28 28 1.021708
990 198 126 36 36 0.919679
990 386 112 32 32 1.059212
990 256 128 32 32 0.534332
990 357 0 28 28 0.318644
990 300 96 24 24 0.249812
990 400 16 32 32 0.228711
990 48 31 64 64 0.196459
1020 243 126 27 27 23.514968
1020 113 125 28 28 10.696342
1020 399 84 24 24 10.742776
1020 6 14 59 59 21.034136
1020 237 119 28 28 16.362008
1020 469 115 28 28 10.578971
1020 469 6 27 27 6.482178
1020 238 133 28 28 3.274354
1020 480 11 24 24 8.186921
1020 297 84 24 24 5.102813
1020 231 126 28 28 2.926924
1020 1 133 28 28 3.756825
1020 15 27 46 46 7.711002
1020 128 128 32 32 2.001772
1020 192 131 32 32 3.456956
1020 351 0 64 64 1.741920
1020 0 16 31 31 1.762376
1020 386 35 48 48 4.141916
1020 469 126 28 28 1.467364
1020 408 128 32 32 1.465996
1020 486 6 24 24 1.515515
1020 192 12 24 24 2.525234
1020 480 0 24 24 0.964423
1020 16 0 64 64 0.814032
1020 288 84 24 24 0.530277
1020 119 119 28 28 0.250590
1050 393 112 31 31 28.855271
1050 408 112 32 32 8.230716
1050 405 128 32 32 10.437612
1050 299 84 24 24 13.728238
1050 203 83 23 23 12.667719
1050 353 126 27 27 9.413650
1050 387 128 32 32 8.644793
1050 288 84 24 24 4.639256
1050 384 2 24 24 6.866603
1050 342 124 27 27 6.041936
1050 454 144 36 36 3.349268
1050 384 12 24 24 1.752527
1050 407 0 32 32 1.513076
1050 175 30 40 40 2.670958
1050 384 111 24 24 2.438853
1050 350 119 27 27 1.243078
1050 263 5 49 49 4.823334
1050 350 133 28 28 0.554718
1050 264 36 48 48 1.091376
1050 448 126 28 28 0.003469
1080 129 113 26 26 28.230058
1080 454 20 28 28 16.073952
1080 96 100 23 23 12.418685
1080 349 133 28 28 12.584087
1080 349 113 28 28 15.118898
1080 41 3 64 64 11.709804
1080 435 8 36 36 10.936647
1080 125 98 26 26 12.633546
1080 338 132 28 28 8.063990
1080 260 32 64 64 5.508784
1080 343 117 28 28 13.149496
1080 305 108 24 24 4.232657
1080 289 102 24 24 7.832568
1080 177 26 39 39 8.540745
1080 280 127 32 32 5.826049
1080 292 106 23 23 7.490362
1080 126 126 28 28 3.254256
1080 438 0 36 36 4.472278
1080 498 112 24 24 4.038559
1080 338 113 27 27 8.250828
1080 228 113 28 28 7.688591
1080 141 111 26 26 7.867139
1080 225 116 28 28 7.663724
1080 198 84 24 24 2.908078
1080 280 112 32 32 2.833924
1080 119 119 28 28 2.689784
1080 245 132 28 28 1.970763
1080 408 24 48 48 3.144574
1080 387 114 23 23 3.031125
1080 102 84 24 24 1.525144
1080 420 36 48 48 2.624264
1080 170 20 40 40 1.106679
1080 288 27 64 64 1.222668
1080 132 84 24 24 0.767047
1080 357 119 27 27 0.744671
1080 461 0 28 28 0.553493
1080 102 96 24 24 0.314415
1080 392 152 32 32 0.267924
1080 272 16 64 64 0.219460
1080 112 98 28 28 0.129044
1080 498 0 24 24 0.122304
1080 231 126 28 28 0.034571
1110 225 120 28 28 28.915444
1110 230 112 28 28 14.029274
1110 355 114 28 28 14.971116
1110 282 43 64 64 15.749912
1110 355 125 27 27 18.700190
1110 299 126 36 36 12.453582
1110 256 40 64 64 9.519401
1110 348 118 28 28 15.167394
1110 238 117 28 28 9.683566
1110 192 112 32 32 3.872071
1110 384 131 32 32 6.403192
1110 232 126 28 28 5.043597
1110 350 129 28 28 6.642790
1110 177 25 42 42 7.769047
1110 144 84 24 24 3.317831
1110 315 126 36 36 3.303991
1110 400 101 23 23 7.469827
1110 336 117 28 28 3.599121
1110 123 98 28 28 4.032649
1110 272 32 64 64 2.751503
1110 482 18 24 24 4.534668
1110 383 96 24 24 3.212697
1110 489 18 24 24 4.455674
1110 306 101 24 24 6.527917
1110 348 97 27 27 2.529621
1110 469 14 28 28 1.957139
1110 231 98 28 28 1.544557
1110 216 20 36 36 2.267535
1110 119 112 28 28 1.495141
1110 396 96 24 24 1.467986
1110 343 126 28 28 1.148075
1110 132 113 24 24 1.090601
1110 338 98 28 28 1.440758
1110 245 122 28 28 1.734761
1110 198 11 44 44 0.794452
1110 300 96 24 24 0.530469
1110 384 112 32 32 0.497101
1110 108 114 24 24 0.282673
1110 112 98 28 28 0.034672
1110 210 108 24 24 0.017949
1140 352 45 64 64 11.451428
1140 211 36 48 48 24.148194
1140 148 127 33 33 23.448189
1140 496 102 23 23 15.707882
1140 261 16 50 50 15.181895
1140 396 96 24 24 13.195638
1140 405 149 32 32 10.376563
1140 261 34 57 57 9.389111
1140 393 84 24 24 6.038976
1140 456 125 35 35 5.183714
1140 287 41 64 64 5.828948
1140 336 115 28 28 7.025911
1140 386 83 23 23 5.618757
1140 399 146 32 32 6.796337
1140 384 96 24 24 3.135992
1140 406 135 32 32 3.474920
1140 136 128 32 32 2.551610
1140 342 117 28 28 3.075115
1140 116 133 27 27 3.035628
1140 245 112 27 27 1.693269
1140 144 136 32 32 1.576314
1140 262 2 50 50 5.220728
1140 468 115 27 27 2.061854
1140 297 102 24 24 1.659766
1140 395 136 32 32 1.890101
1140 492 96 24 24 1.040582
1140 192 36 48 48 1.997914
1140 498 114 23 23 0.776016
1140 272 16 64 64 0.714090
1140 231 112 28 28 0.616172
1140 459 152 36 36 0.385573
1170 278 144 32 32 42.760810
1170 217 127 34 34 12.295174
1170 270 152 32 32 9.565136
1170 384 130 32 32 11.703759
1170 229 132 28 28 7.923782
1170 147 127 35 35 9.429289
1170 0 4 42 42 10.209649
1170 407 112 32 32 4.218194
1170 307 150 36 36 11.121432
1170 1 98 28 28 4.498717
1170 262 146 32 32 5.915454
1170 9 288 24 24 5.790101
1170 197 126 35 35 3.615385
1170 2 288 24 24 5.299313
1170 294 126 36 36 4.215838
1170 2 15 36 36 5.465174
1170 17 102 24 24 2.394761
1170 168 98 28 28 2.124095
1170 283 127 33 33 3.430955
1170 5 114 24 24 2.247493
1170 15 84 24 24 3.064048
1170 31 1 46 46 7.165434
1170 299 111 24 24 3.779641
1170 315 144 36 36 1.805655
1170 162 126 36 36 1.773335
1170 26 26 36 36 1.696991
1170 192 112 32 32 1.096113
1170 289 113 24 24 1.194819
1170 224 119 28 28 0.805428
1170 256 152 32 32 0.602231
1170 352 32 64 64 0.564223
1170 11 8 42 42 1.148360
1170 357 98 28 28 0.497830
1170 288 294 24 24 0.160517
1170 306 108 24 24 0.021889
1200 406 136 32 32 31.846121
1200 272 129 32 32 20.840286
1200 277 134 32 32 18.953684
1200 260 43 64 64 15.497024
1200 391 132 32 32 12.309144
1200 310 126 36 36 10.832045
1200 270 148 32 32 12.129940
1200 352 29 64 64 8.206283
1200 28 5 44 44 32.499325
1200 224 113 27 27 5.804861
1200 436 126 36 36 8.526213
1200 258 137 32 32 12.505487
1200 304 105 24 24 11.902681
1200 261 145 32 32 8.343647
1200 460 131 28 28 9.339049
1200 432 27 36 36 3.735140
1200 300 104 23 23 6.629509
1200 293 126 36 36 5.440939
1200 398 114 24 24 5.698107
1200 272 32 64 64 3.152803
1200 456 128 28 28 7.827007
1200 400 128 32 32 2.947039
1200 466 127 27 27 5.488992
1200 400 144 32 32 2.424583
1200 8 112 28 28 2.891253
1200 288 48 64 64 1.759810
1200 340 98 28 28 2.890106
1200 320 139 39 39 1.614938
1200 12 0 48 48 2.610304
1200 315 299 36 36 1.543297
1200 384 128 32 32 1.058681
1200 448 130 27 27 1.150151
1200 336 126 28 28 0.568229
1200 385 33 44 44 0.232782
1230 305 126 36 36 24.210304
1230 384 134 32 32 16.812069
1230 340 140 40 40 13.286850
1230 298 146 36 36 22.109315
1230 242 112 28 28 11.426436
1230 316 143 37 37 9.184970
1230 459 126 36 36 5.066015
1230 36 0 48 48 8.912350
1230 306 99 24 24 8.419908
1230 96 209 24 24 5.194832
1230 271 48 64 64 7.283833
1230 393 130 32 32 6.048430
1230 480 0 23 23 3.551462
1230 288 126 36 36 3.279941
1230 357 111 28 28 2.964962
1230 308 153 36 36 3.994164
1230 436 126 36 36 5.378387
1230 408 136 32 32 2.705291
1230 385 154 44 44 2.636215
1230 288 153 36 36 2.612969
1230 352 34 64 64 2.512899
1230 255 149 32 32 2.778176
1230 297 96 24 24 3.244968
1230 396 102 24 24 1.031260
1230 392 112 32 32 0.451944
1230 236 119 28 28 0.542253
1230 384 108 24 24 0.323338
1230 288 32 64 64 0.176882
1230 112 126 28 28 0.032631
1260 443 126 36 36 15.246195
1260 385 144 32 32 14.298000
1260 306 151 36 36 24.299088
1260 238 123 28 28 16.786652
1260 316 142 37 37 7.414597
1260 245 122 28 28 7.178244
1260 256 112 32 32 3.190339
1260 0 121 28 28 5.726165
1260 288 48 64 64 2.823456
1260 352 40 64 64 4.924301
1260 289 146 36 36 4.568681
1260 459 126 36 36 2.202696
1260 197 162 36 36 1.579613
1260 231 119 27 27 1.323586
1260 315 162 36 36 1.052050
1260 432 144 36 36 0.909334
1260 297 162 36 36 0.689145
1260 294 96 24 24 0.207275
1260 7 126 28 28 0.207064
1290 398 192 24 24 21.496371
1290 275 45 64 64 20.241568
1290 239 126 28 28 17.479762
1290 351 48 64 64 5.335523
1290 282 32 64 64 7.576321
1290 400 198 24 24 6.516520
1290 274 128 32 32 6.931046
1290 386 149 32 32 10.399902
1290 326 140 40 40 5.054177
1290 244 132 27 27 3.030346
1290 294 112 23 23 2.988464
1290 280 138 32 32 3.691350
1290 336 112 28 28 2.235288
1290 313 142 37 37 5.528626
1290 0 122 27 27 3.375130
1290 256 32 64 64 1.799267
1290 400 152 32 32 1.645431
1290 392 143 32 32 1.652012
1290 357 114 28 28 1.261179
1290 398 133 32 32 1.428694
1290 402 113 24 24 0.658047
1290 0 112 32 32 0.550951
1290 306 153 36 36 0.528145
1290 0 0 24 24 0.336318
1320 439 126 36 36 20.695347
1320 282 43 64 64 21.032847
1320 346 140 40 40 11.328340
1320 239 126 28 28 16.422261
1320 270 128 32 32 12.534941
1320 324 140 40 40 9.890485
1320 405 145 32 32 12.273857
1320 389 135 32 32 15.227244
1320 256 42 64 64 6.884073
1320 244 133 28 28 4.366820
1320 385 193 23 23 7.807750
1320 342 127 27 27 8.755691
1320 387 144 32 32 6.159012
1320 400 149 32 32 12.250362
1320 496 102 24 24 9.329080
1320 440 144 36 36 3.268593
1320 352 132 28 28 4.348414
1320 352 48 64 64 2.289076
1320 491 105 24 24 3.944879
1320 0 126 28 28 1.535670
1320 272 32 64 64 1.485778
1320 350 160 40 40 0.974316
1320 256 128 32 32 0.737629
1320 350 119 28 28 0.813609
1320 384 128 32 32 0.719458
1320 0 112 32 32 0.437569
1320 0 0 24 24 0.387978
1320 462 119 28 28 0.152480
1320 144 27 36 36 0.126334
1320 297 171 36 36 0.060212
1320 459 126 36 36 0.004259
1320 385 154 44 44 0.001595
1350 392 149 32 32 36.217635
1350 401 145 32 32 22.621536
1350 384 146 32 32 16.075891
1350 1 127 28 28 12.483354
1350 392 135 32 32 13.391431
1350 408 148 32 32 9.649277
1350 243 130 28 28 12.469007
1350 436 144 36 36 10.987807
1350 239 127 28 28 14.292878
1350 341 119 28 28 12.888388
1350 356 123 27 27 7.938287
1350 269 129 32 32 8.825647
1350 384 102 24 24 4.345470
1350 277 0 64 64 5.067895
1350 397 128 32 32 4.397155
1350 0 112 31 31 3.146281
1350 450 144 36 36 2.609476
1350 288 16 64 64 1.729659
1350 256 128 32 32 1.691602
1350 144 27 36 36 1.196942
1350 352 48 64 64 0.777464
1350 7 133 27 27 0.608882
1350 231 133 28 28 0.608452
1350 498 192 23 23 0.444176
1350 0 0 24 24 0.322261
1380 442 143 36 36 14.334814
1380 238 127 27 27 15.909774
1380 243 130 28 28 12.620614
1380 269 129 32 32 11.115424
1380 339 119 28 28 10.124850
1380 282 4 64 64 13.429188
1380 355 124 28 28 9.995028
1380 352 43 64 64 4.961821
1380 352 120 28 28 8.707597
1380 432 126 36 36 3.795506
1380 0 126 28 28 3.311591
1380 256 128 32 32 2.007609
1380 343 126 27 27 1.950240
1380 459 144 36 36 1.816652
1380 144 27 36 36 1.719362
1380 384 114 24 24 1.564041
1380 231 133 27 27 1.321663
1380 256 0 64 64 1.273063
1380 357 112 28 28 0.914376
1380 224 126 28 28 0.794782
1380 0 112 32 32 0.653773
1410 456 143 36 36 7.745670
1410 243 130 28 28 12.757144
1410 238 127 28 28 15.091712
1410 339 119 28 28 9.946627
1410 275 2 64 64 13.416677
1410 269 129 32 32 11.188456
1410 282 16 64 64 6.332344
1410 355 125 28 28 10.079352
1410 448 116 28 28 8.537277
1410 452 112 27 27 8.374961
1410 352 120 28 28 8.058438
1410 449 126 34 34 3.745149
1410 0 126 28 28 2.536281
1410 256 128 32 32 2.173972
1410 384 114 24 24 1.839775
1410 343 126 28 28 1.795737
1410 467 113 28 28 3.067234
1410 0 0 24 24 1.335160
1410 231 133 27 27 1.279037
1410 144 27 36 36 1.197739
1410 420 36 48 48 1.766840
1410 357 112 28 28 0.573066
1410 469 133 28 28 0.495298
1410 224 126 28 28 0.364550
1410 0 112 32 32 0.003552
1440 243 130 28 28 13.466681
1440 238 127 28 28 14.677426
1440 275 2 64 64 12.414380
1440 339 119 28 28 9.382491
1440 269 128 32 32 9.547121
1440 355 124 28 28 11.229473
1440 352 120 28 28 9.438013
1440 282 16 64 64 5.784336
1440 0 126 28 28 2.753763
1440 461 120 28 28 8.683460
1440 450 117 28 28 5.085720
1440 256 128 32 32 2.163832
1440 343 126 28 28 1.757606
1440 384 114 23 23 1.505950
1440 0 0 24 24 1.257336
1440 144 27 36 36 1.191437
1440 231 133 27 27 1.166275
1440 420 36 48 48 1.725088
1440 357 112 28 28 0.612489
1440 469 126 28 28 0.610228
1440 224 126 28 28 0.095285
1440 455 112 28 28 0.042599
1440 0 112 32 32 0.019383
1470 339 119 27 27 10.838980
1470 355 124 28 28 15.678513
1470 352 120 28 28 13.536110
1470 496 192 24 24 5.905223
1470 273 2 64 64 12.331975
1470 263 127 32 32 10.435044
1470 282 16 64 64 4.921854
1470 448 115 28 28 5.083895
1470 236 128 28 28 5.727870
1470 460 126 34 34 2.827445
1470 342 126 28 28 2.239704
1470 468 116 28 28 4.579518
1470 357 112 28 28 2.037867
1470 0 112 32 32 1.888436
1470 0 0 24 24 1.840380
1470 256 112 32 32 1.401683
1470 480 108 24 24 0.844080
1470 498 107 24 24 0.648801
1470 357 98 28 28 0.548237
1470 384 114 24 24 0.493157
1470 3 126 28 28 0.827322
1470 245 133 28 28 0.311193
1500 320 140 40 40 6.371993
1500 243 130 28 28 12.497714
1500 269 130 32 32 12.813147
1500 469 125 28 28 11.658189
1500 239 127 27 27 11.991328
1500 318 160 38 38 5.897712
1500 462 119 28 28 3.562767
1500 272 43 64 64 4.476972
1500 275 13 64 64 7.861469
1500 256 128 32 32 2.484334
1500 420 36 48 48 4.347082
1500 0 0 24 24 2.056964
1500 498 192 24 24 2.018957
1500 0 126 28 28 1.684401
1500 298 170 36 36 1.557841
1500 315 153 36 36 0.807516
1500 216 171 36 36 0.461420
1500 357 119 28 28 0.447410
1500 192 84 24 24 0.424164
1500 288 0 64 64 0.386234
1500 330 20 40 40 0.122592
1500 0 112 32 32 0.108935
1530 354 124 28 28 13.408005
1530 432 169 36 36 5.445074
1530 350 119 28 28 10.342044
1530 281 1 64 64 8.597853
1530 278 130 32 32 7.427885
1530 96 84 24 24 3.711244
1530 385 154 44 44 2.934958
1530 198 84 24 24 2.956544
1530 339 119 28 28 5.124538
1530 2 0 24 24 4.301825
1530 294 198 24 24 1.981567
1530 343 126 28 28 1.851231
1530 18 204 24 24 1.549543
1530 6 6 24 24 1.149613
1530 0 170 40 40 1.110483
1530 24 112 32 32 0.665492
1530 352 48 64 64 0.647329
1530 132 84 24 24 0.544243
1530 432 153 36 36 0.400232
1530 397 168 48 48 0.847296
1530 107 84 24 24 0.307203
1530 245 133 28 28 0.297515
1560 120 120 28 28 11.979730
1560 386 112 32 32 7.515040
1560 356 130 27 27 9.763356
1560 16 6 24 24 7.460646
1560 107 84 24 24 4.674710
1560 350 127 28 28 4.177802
1560 283 19 64 64 7.363337
1560 384 128 32 32 2.334988
1560 128 112 32 32 2.203062
1560 384 0 24 24 2.017085
1560 132 302 24 24 2.697667
1560 0 84 24 24 1.492884
1560 144 300 24 24 1.394910
1560 106 192 24 24 1.439752
1560 126 126 28 28 0.860429
1560 396 84 24 24 0.723138
1560 401 102 24 24 0.357176
1560 272 32 64 64 0.188760
1590 469 113 28 28 5.434846
1590 144 98 24 24 5.830568
1590 469 0 28 28 3.695563
1590 480 112 24 24 4.841185
1590 480 6 24 24 7.162757
1590 390 127 32 32 7.295380
1590 352 23 64 64 5.214333
1590 17 32 64 64 3.004601
1590 176 203 44 44 3.577824
1590 404 128 32 32 3.385049
1590 18 84 24 24 1.488308
1590 0 102 24 24 1.291158
1590 486 0 23 23 1.441499
1590 352 209 44 44 0.878091
1590 0 11 43 43 0.833793
1590 448 119 28 28 0.653751
1590 350 119 28 28 0.021751
1590 132 108 24 24 0.010603
1620 151 131 28 28 5.553997
1620 392 84 24 24 7.558934
1620 453 130 27 27 8.714546
1620 451 112 27 27 6.548900
1620 497 111 23 23 6.887726
1620 408 192 48 48 6.679774
1620 401 84 24 24 2.477237
1620 23 48 64 64 4.259532
1620 176 148 32 32 3.743818
1620 498 12 24 24 2.231784
1620 492 109 24 24 2.528991
1620 447 126 28 28 1.506572
1620 0 145 38 38 2.043847
1620 462 126 28 28 1.015440
1620 168 126 28 28 0.981574
1620 392 136 32 32 0.827560
1620 96 191 24 24 0.780949
1620 0 11 44 44 0.768429
1620 9 153 36 36 0.505039
1620 6 96 24 24 0.493176
1620 432 171 36 36 0.430141
1620 352 22 44 44 0.332533
1620 48 39 64 64 0.453290
1620 0 162 36 36 0.139439
1620 336 14 28 28 0.011923
1650 455 98 28 28 9.768313
1650 491 208 24 24 13.809757
1650 395 84 24 24 9.225867
1650 368 10 43 43 7.825802
1650 356 12 43 43 8.405992
1650 154 114 28 28 4.810215
1650 144 27 36 36 2.718596
1650 350 27 41 41 3.391837
1650 27 36 64 64 5.217631
1650 15 45 64 64 7.291861
1650 198 126 36 36 1.805989
1650 144 136 32 32 0.953126
1650 136 144 32 32 0.883081
1650 455 115 27 27 1.592871
1650 384 84 24 24 0.830053
1650 366 0 44 44 0.839507
1650 486 204 24 24 0.515185
1650 0 84 24 24 0.465341
1650 0 96 24 24 0.287713
1650 498 204 24 24 0.160567
1650 498 102 24 24 0.003335
1680 292 126 36 36 9.249311
1680 6 12 64 64 10.435453
1680 432 27 36 36 3.780859
1680 498 109 24 24 6.082421
1680 340 24 40 40 6.830891
1680 12 0 64 64 6.599357
1680 132 84 24 24 2.367842
1680 32 11 64 64 2.766847
1680 336 98 28 28 1.164180
1680 132 114 24 24 0.727579
1680 176 0 32 32 0.065890
1710 299 126 36 36 5.176372
1710 384 84 24 24 3.248386
1710 355 98 28 28 3.537506
1710 331 29 40 40 3.100827
1710 4 0 64 64 3.176639
1710 126 112 28 28 1.987688
1710 408 24 32 32 0.813210
1710 15 15 64 64 0.497567
1710 305 6 24 24 0.123351
1710 432 18 36 36 0.067833
1740 354 98 28 28 10.952790
1740 300 144 36 36 10.491842
1740 433 14 36 36 9.846480
1740 385 83 23 23 5.391757
1740 226 123 28 28 7.919451
1740 315 143 36 36 3.033629
1740 339 29 40 40 6.680238
1740 0 119 28 28 1.917806
1740 0 144 32 32 1.364957
1740 27 126 36 36 1.108660
1740 306 0 24 24 1.030531
1740 297 126 36 36 0.938857
1740 306 153 36 36 0.627979
1740 459 9 36 36 0.505302
1740 16 32 64 64 0.141289
1740 231 133 28 28 0.039290
1770 299 151 36 36 15.310360
1770 386 83 23 23 10.690602
1770 433 14 36 36 9.207692
1770 354 98 28 28 6.785962
1770 0 3 64 64 4.572644
1770 314 155 35 35 4.184699
1770 343 30 40 40 6.024393
1770 306 162 36 36 4.492909
1770 33 20 64 64 7.260209
1770 108 102 24 24 1.854938
1770 48 32 64 64 1.298491
1770 306 144 36 36 1.240290
1770 288 0 64 64 0.987453
1770 0 130 30 30 1.846700
1770 112 133 28 28 0.927989
1770 297 126 36 36 0.882244
1770 245 119 28 28 0.729446
1770 324 140 40 40 1.106794
1770 306 6 24 24 0.579583
1770 352 33 44 44 0.467656
1770 288 146 36 36 0.516400
1770 16 32 64 64 0.194910
1770 384 0 44 44 0.082929
1800 355 111 28 28 6.674428
1800 122 112 28 28 9.109377
1800 305 160 36 36 13.914804
1800 299 152 35 35 6.392803
1800 432 14 36 36 7.843575
1800 386 83 23 23 7.391087
1800 306 10 24 24 4.546886
1800 2 145 36 36 8.277791
1800 283 0 64 64 4.098400
1800 396 84 24 24 2.531335
1800 357 98 28 28 2.397776
1800 154 133 28 28 1.847844
1800 112 112 28 28 1.812915
1800 441 23 36 36 2.356954
1800 12 152 33 33 2.744575
1800 384 96 24 24 1.184699
1800 385 0 44 44 1.173880
1800 352 33 44 44 0.873434
1800 144 112 32 32 0.601651
1800 245 119 28 28 0.396556
1800 255 16 64 64 0.243409
1800 108 84 24 24 0.048984
1800 20 30 40 40 0.031771
