30 342 97 27 27 6.164179
30 168 112 27 27 2.742111
30 288 36 48 48 0.582808
60 336 98 28 28 0.616800
90 395 32 47 47 36.836913
90 387 27 47 47 28.849597
90 352 0 64 64 4.095901
90 384 111 24 24 4.238698
90 408 24 48 48 1.051906
120 497 113 24 24 1.743586
120 2 114 30 30 2.180044
120 480 111 24 24 2.221329
120 401 108 24 24 2.434332
120 469 98 28 28 0.866835
150 450 98 28 28 7.172775
150 469 115 28 28 4.997344
150 448 111 28 28 2.619681
150 462 112 28 28 2.042803
180 482 114 23 23 10.081191
180 16 99 26 26 14.142625
180 492 114 24 24 3.754308
180 123 98 28 28 4.853690
180 192 33 48 48 5.447096
180 132 108 24 24 1.201435
180 486 108 24 24 1.156441
180 18 114 24 24 0.094730
210 402 17 24 24 1.092801
210 136 112 32 32 0.984158
210 21 112 28 28 0.981468
240 114 111 28 28 6.258497
240 154 117 28 28 2.660711
240 451 0 36 36 3.084495
270 461 127 27 27 23.754373
270 168 129 28 28 9.332003
270 469 129 28 28 8.616397
270 454 133 28 28 4.545624
270 152 114 28 28 6.181881
270 400 112 32 32 2.519066
270 448 127 27 27 2.420944
270 112 112 28 28 1.495088
270 455 119 27 27 0.920512
270 224 126 28 28 0.334497
300 125 112 28 28 7.265670
300 168 129 28 28 9.199878
300 231 126 28 28 1.381972
300 0 36 48 48 2.741408
300 408 152 32 32 1.131304
300 394 144 32 32 0.959354
330 491 114 24 24 17.722863
330 349 132 28 28 13.138458
330 10 16 64 64 4.849096
330 480 114 24 24 2.843202
330 129 112 28 28 2.405304
330 36 36 48 48 1.603884
330 0 0 64 64 0.422047
330 336 133 28 28 0.118549
360 216 144 36 36 9.723030
360 176 142 32 32 6.739769
360 198 126 36 36 3.136775
360 198 144 36 36 2.795820
360 300 144 36 36 3.708749
360 240 140 40 40 2.109728
360 216 126 36 36 2.035400
360 265 151 32 32 2.461255
360 284 152 34 34 0.874553
360 148 130 30 30 0.601820
360 175 128 32 32 0.188811
390 482 114 23 23 6.442005
390 468 113 28 28 4.614739
390 498 114 23 23 1.536203
390 97 191 23 23 0.967273
390 144 144 36 36 0.208611
390 108 192 24 24 0.018471
420 23 146 35 35 9.795797
420 126 123 28 28 1.957381
420 30 140 40 40 1.022935
420 10 140 40 40 0.424516
450 480 114 24 24 1.954588
450 126 112 28 28 1.361111
450 384 114 23 23 0.498749
480 144 103 24 24 1.043554
480 300 101 24 24 0.368449
480 448 98 28 28 0.240308
510 340 117 28 28 7.957836
510 299 114 24 24 5.026443
510 355 111 28 28 4.085210
510 126 114 27 27 5.166237
510 262 16 64 64 4.452928
510 492 114 23 23 3.198495
510 338 112 27 27 2.782541
510 288 35 48 48 2.599172
510 469 98 28 28 0.730417
510 215 35 48 48 0.340792
510 144 108 24 24 0.095930
540 342 120 28 28 23.383237
540 339 126 28 28 9.993848
540 496 114 24 24 6.005904
540 280 16 64 64 7.598557
540 351 126 28 28 4.552278
540 357 121 28 28 3.163047
540 290 114 24 24 3.324908
540 126 111 28 28 1.408403
570 118 115 27 27 7.207862
570 336 125 28 28 5.809255
570 288 16 64 64 3.048450
570 119 98 28 28 1.463610
570 261 112 32 32 1.613001
570 480 114 24 24 0.757187
570 468 112 28 28 0.269130
600 337 119 27 27 10.091762
600 486 114 24 24 1.285284
600 18 102 24 24 1.152273
600 343 112 28 28 0.927129
600 256 128 32 32 0.113181
630 352 132 27 27 10.890190
630 244 117 28 28 5.317121
630 11 102 23 23 1.383746
630 168 224 28 28 0.940745
630 336 111 28 28 0.592319
660 112 132 28 28 2.997833
660 441 147 36 36 4.975416
660 96 114 24 24 1.772641
660 357 119 28 28 0.826248
660 231 112 28 28 0.725567
660 451 149 36 36 1.375063
660 441 162 36 36 0.453224
660 176 135 32 32 0.217762
690 225 114 28 28 10.971997
690 112 129 28 28 7.083886
690 402 114 24 24 2.470620
690 448 122 28 28 3.513145
690 224 98 28 28 1.808761
690 447 112 28 28 1.229815
690 352 16 64 64 1.022955
690 95 108 24 24 0.678457
690 102 114 24 24 0.670360
720 462 112 28 28 24.957188
720 240 124 28 28 12.431054
720 243 120 27 27 13.433493
720 466 118 27 27 4.530509
720 245 98 28 28 2.867333
720 448 112 28 28 2.783963
720 352 0 64 64 1.067028
720 408 36 48 48 1.102678
750 245 125 28 28 8.282907
750 448 112 28 28 3.815556
750 448 98 28 28 2.158428
780 480 114 24 24 4.915866
780 469 111 28 28 4.687918
780 256 112 32 32 3.223288
780 0 144 32 32 0.330071
810 259 112 32 32 6.163202
810 128 136 32 32 6.618391
810 0 138 32 32 2.358585
810 455 119 28 28 0.639140
840 256 112 32 32 3.524263
840 128 136 32 32 8.570382
840 23 126 34 34 4.931399
840 112 133 27 27 0.390779
870 129 130 32 32 11.659943
870 136 132 32 32 6.341783
870 256 112 32 32 2.063638
870 130 144 32 32 1.270708
870 117 133 28 28 0.840072
900 129 129 32 32 6.747985
900 245 126 27 27 3.069037
900 256 112 32 32 1.086733
900 272 112 32 32 0.521678
900 136 136 32 32 0.449087
900 154 133 28 28 0.442327
930 125 131 29 29 12.079705
930 455 117 28 28 15.035398
930 245 119 27 27 5.560099
930 448 112 28 28 2.676190
930 462 112 28 28 1.085970
930 136 128 32 32 0.067833
930 144 112 32 32 0.045006
960 245 122 28 28 7.235633
960 118 133 27 27 8.464000
960 489 114 24 24 5.288785
960 245 111 28 28 1.260281
960 128 136 32 32 1.206181
960 245 98 28 28 1.133015
960 469 119 28 28 0.421729
990 242 126 28 28 19.150019
990 238 133 28 28 3.775334
990 237 117 27 27 3.584895
990 459 118 28 28 3.888790
990 242 112 28 28 3.212166
990 210 114 24 24 2.186455
990 306 114 24 24 0.124262
1020 243 126 28 28 18.806844
1020 243 112 27 27 4.516567
1020 210 114 24 24 2.930759
1020 237 133 28 28 2.840391
1020 264 112 32 32 2.206368
1020 237 116 28 28 2.513548
1020 468 119 28 28 1.733672
1020 456 118 27 27 1.492800
1050 230 124 27 27 23.127593
1050 225 119 28 28 19.382416
1050 245 123 28 28 5.395037
1050 239 117 28 28 6.513713
1050 233 112 28 28 3.747063
1050 227 133 27 27 3.912922
1050 12 84 24 24 1.353268
1080 256 112 32 32 4.869071
1080 238 119 28 28 2.259469
1080 4 47 64 64 3.008320
1080 21 134 32 32 1.962999
1080 150 125 35 35 1.447605
1080 224 119 28 28 0.721399
1110 194 113 23 23 9.041567
1110 2 133 33 33 13.336332
1110 141 149 33 33 9.996696
1110 14 133 33 33 5.331315
1110 0 48 64 64 3.153241
1110 384 114 24 24 1.477889
1110 204 114 24 24 1.374405
1110 136 144 32 32 0.970557
1110 128 136 32 32 0.228405
1140 15 140 39 39 7.989785
1140 25 140 39 39 7.483994
1140 20 147 37 37 9.621936
1140 128 152 32 32 2.975407
1140 396 114 24 24 1.430676
1140 167 126 28 28 0.011173
1170 154 127 28 28 5.874269
1170 3 146 35 35 7.227547
1170 16 146 34 34 7.211665
1170 8 152 34 34 1.819421
1200 154 126 28 28 3.489454
1200 168 112 28 28 2.806320
1200 0 152 32 32 2.378791
1200 168 123 28 28 0.923083
1230 490 4 23 23 11.010946
1230 144 6 24 24 4.495121
1230 19 128 35 35 14.239246
1230 21 142 32 32 12.875564
1230 132 8 24 24 5.966069
1230 15 17 24 24 5.674525
1230 402 3 24 24 4.299270
1230 12 12 24 24 1.401176
1230 96 12 24 24 1.161307
1230 209 114 24 24 1.118181
1230 224 126 28 28 0.988852
1230 8 144 32 32 0.933358
1230 154 112 28 28 0.862156
1230 168 126 27 27 0.697923
1230 112 133 28 28 0.408109
1230 168 112 28 28 0.320797
1230 455 0 28 28 0.097037
1230 498 12 24 24 0.039754
1260 6 129 34 34 10.722283
1260 0 140 32 32 5.579725
1260 154 120 28 28 5.104194
1260 448 112 28 28 0.969487
1290 482 113 23 23 14.070810
1290 13 28 64 64 14.922943
1290 468 112 27 27 4.734199
1290 0 16 64 64 3.406018
1290 153 119 28 28 4.417796
1290 154 98 28 28 2.185929
1290 145 111 31 31 2.401670
1290 32 16 64 64 1.132738
1290 497 114 24 24 0.146855
1320 482 106 23 23 15.896107
1320 485 103 23 23 19.555274
1320 4 36 48 48 5.799812
1320 144 84 24 24 1.183939
1320 144 114 24 24 1.086427
1320 0 0 64 64 1.048310
1320 176 33 44 44 0.723454
1320 492 108 24 24 0.319294
1320 24 112 32 32 0.113797
1350 132 84 24 24 5.780947
1350 119 97 27 27 8.824350
1350 19 112 28 28 3.535345
1350 384 96 24 24 2.176217
1350 0 114 24 24 1.955919
1350 494 108 24 24 3.103076
1350 144 97 24 24 2.247715
1350 192 102 24 24 1.663710
1350 9 9 40 40 0.106861
1350 384 84 24 24 0.001267
1380 132 113 24 24 4.417375
1380 487 108 24 24 6.692727
1380 387 108 23 23 6.386904
1380 107 101 24 24 5.252888
1380 1 132 28 28 4.000306
1380 102 97 24 24 3.516275
1380 112 112 28 28 2.092092
1380 154 98 28 28 0.763304
1380 168 98 28 28 0.518467
1380 469 98 28 28 0.505408
1380 119 98 28 28 0.354187
1380 14 133 28 28 0.168113
1410 119 112 27 27 5.382734
1410 108 113 24 24 2.829861
1410 168 112 28 28 2.115051
1410 129 113 25 25 2.966835
1410 112 126 28 28 0.801773
1410 154 112 27 27 0.700147
1440 463 128 28 28 8.983983
1440 112 126 28 28 1.798542
1440 168 112 28 28 1.692233
1440 120 113 28 28 2.863734
1440 112 98 28 28 1.400537
1440 108 110 24 24 1.590308
1440 154 98 28 28 0.868356
1440 469 133 28 28 0.749199
1440 144 113 24 24 0.637275
1440 154 112 28 28 0.585901
1440 469 119 27 27 0.355939
1470 113 126 28 28 4.026578
1470 17 130 32 32 4.522718
1470 108 111 24 24 4.626892
1470 144 112 24 24 1.951554
1470 154 98 28 28 1.245466
1470 116 114 27 27 3.315346
1470 498 113 24 24 1.074329
1470 154 112 28 28 1.005801
1470 108 101 24 24 0.831194
1470 24 136 32 32 0.739085
1470 132 113 24 24 0.569867
1500 130 114 25 25 5.769491
1500 13 141 32 32 5.627319
1500 167 119 28 28 3.033792
1500 10 138 32 32 5.189563
1500 154 111 28 28 1.525000
1500 119 113 28 28 3.779362
1500 154 98 28 28 0.203741
1500 112 126 27 27 0.087126
1530 121 112 27 27 3.005803
1530 127 116 27 27 4.066468
1530 111 126 28 28 1.528799
1530 3 152 32 32 2.298450
1530 168 121 28 28 1.632398
1530 154 112 28 28 0.741182
1560 115 98 28 28 6.058363
1560 119 112 28 28 6.742086
1560 126 115 26 26 6.800034
1560 0 145 32 32 2.620505
1560 154 98 28 28 1.261265
1560 126 98 28 28 1.181842
1560 112 126 28 28 0.964154
1560 12 143 32 32 0.583547
1560 168 119 28 28 0.101262
1590 449 114 28 28 14.703543
1590 103 106 24 24 10.389935
1590 106 104 24 24 9.360418
1590 144 100 24 24 4.090871
1590 466 119 28 28 4.016488
1590 111 112 27 27 1.960278
1590 95 102 23 23 1.981284
1590 454 119 28 28 1.388016
1590 154 112 28 28 0.396079
1620 18 102 24 24 0.888542
1620 128 112 32 32 0.756192
1620 102 114 23 23 0.470317
1620 144 113 24 24 0.268768
1650 16 112 31 31 14.049708
1650 21 98 28 28 1.740598
1650 22 126 29 29 2.269282
1650 16 16 64 64 0.004568
1680 496 114 24 24 5.772351
1680 97 97 24 24 7.118464
1680 100 99 24 24 6.331109
1680 392 16 32 32 1.835348
1680 462 112 28 28 0.501548
1680 102 84 24 24 0.030045
1710 31 35 48 48 8.766432
1710 455 119 28 28 1.026610
1710 400 16 32 32 0.761771
1710 0 0 64 64 0.306937
1710 0 126 28 28 0.235169
1740 461 127 28 28 14.948420
1740 24 112 32 32 3.982087
1740 469 133 27 27 2.370840
1740 455 133 28 28 2.062984
1740 469 119 28 28 0.771321
1740 448 119 28 28 0.356921
1770 3 112 32 32 5.802877
1770 2 28 46 46 11.050558
1770 21 128 28 28 2.704487
1770 16 133 28 28 2.634944
1770 16 112 29 29 2.354368
1770 468 119 28 28 1.630603
1770 10 98 27 27 2.668939
1800 0 27 36 36 2.100731
1830 394 129 32 32 8.306090
1830 400 136 32 32 0.547555
1830 459 144 36 36 0.149562
