30 469 133 28 28 10.301717
30 357 130 28 28 2.736825
30 357 114 28 28 1.421676
60 469 127 28 28 9.889735
60 480 110 24 24 9.726956
60 432 149 36 36 5.915812
60 352 48 64 64 2.316759
60 469 98 28 28 1.737218
60 486 111 24 24 1.445182
90 1 12 24 24 25.077974
90 204 1 24 24 23.393574
90 11 14 23 23 11.376165
90 289 5 24 24 19.552587
90 463 119 28 28 12.973348
90 6 17 24 24 14.080821
90 1 3 27 27 9.837783
90 195 6 24 24 6.304830
90 98 10 24 24 10.254586
90 294 0 24 24 2.962043
90 210 6 24 24 2.780383
90 498 1 24 24 3.579399
90 102 6 24 24 2.621913
90 294 12 24 24 1.983789
90 0 104 24 24 2.176994
90 466 112 28 28 1.943015
90 192 0 24 24 1.097934
90 494 5 24 24 1.882463
90 108 12 24 24 0.582670
120 469 119 28 28 1.965901
120 209 113 24 24 2.126624
150 100 96 24 24 3.027158
180 449 119 28 28 23.119829
180 455 126 28 28 4.871528
180 208 103 24 24 6.191594
180 455 112 28 28 3.128997
180 6 84 24 24 5.263525
180 120 98 28 28 2.615032
180 7 96 24 24 2.455956
180 349 98 28 28 1.748791
180 448 133 28 28 1.303867
180 129 96 25 25 1.868398
180 337 98 28 28 1.180693
180 18 83 23 23 0.897686
180 32 0 64 64 0.729664
180 204 108 23 23 0.113453
210 205 84 24 24 8.204971
210 498 102 24 24 0.606056
210 35 0 48 48 0.653638
240 208 100 24 24 13.658868
240 198 101 24 24 13.429008
240 482 101 24 24 9.050529
240 469 98 28 28 4.068000
240 5 229 28 28 10.544464
240 31 169 47 47 10.901437
240 497 107 24 24 3.105921
240 0 227 28 28 4.634131
240 201 96 24 24 4.132667
240 210 84 24 24 2.098542
240 3 237 27 27 2.706183
240 32 185 42 42 1.830282
240 19 173 44 44 2.205279
240 486 107 23 23 0.910293
240 491 103 24 24 0.370305
240 192 96 24 24 0.286458
240 14 237 28 28 0.008059
270 336 98 28 28 5.501285
270 20 172 42 42 13.968360
270 26 186 40 40 8.856534
270 15 153 43 43 4.462324
270 10 184 40 40 4.367312
270 144 105 24 24 4.385500
270 96 210 23 23 1.333479
270 448 119 28 28 0.929601
270 33 154 44 44 0.864185
270 498 104 24 24 0.948851
300 25 166 38 38 18.418993
300 16 154 44 44 7.508574
300 343 112 28 28 6.800636
300 450 113 27 27 4.664737
300 96 192 24 24 2.363952
300 264 36 48 48 4.644876
300 294 114 24 24 3.897500
300 144 96 24 24 0.876725
300 192 103 24 24 1.182879
300 17 180 40 40 1.054251
300 168 98 28 28 0.550732
300 191 111 24 24 0.632983
300 9 170 40 40 0.147498
330 264 36 48 48 14.886570
330 144 113 24 24 5.528869
330 126 112 28 28 3.893808
330 2 159 41 41 10.142983
330 14 167 37 37 10.517439
330 256 0 64 64 2.057240
330 36 36 48 48 3.514106
330 154 98 28 28 1.654998
330 27 163 38 38 3.120569
330 0 171 36 36 0.239145
330 16 210 24 24 0.319583
330 288 35 48 48 0.306002
360 40 0 64 64 11.672162
360 342 118 28 28 18.492568
360 144 111 23 23 9.562298
360 24 32 47 47 33.737406
360 262 0 64 64 9.367667
360 286 29 49 49 19.833610
360 114 98 28 28 6.263987
360 245 111 28 28 4.169027
360 338 112 28 28 6.273476
360 123 98 28 28 5.638653
360 132 113 24 24 3.488941
360 10 29 47 47 16.303573
360 0 200 24 24 5.884947
360 6 0 64 64 4.137163
360 448 124 27 27 2.702532
360 19 119 28 28 2.146262
360 144 101 24 24 1.433000
360 400 128 32 32 1.206630
360 350 112 28 28 0.498653
360 288 0 64 64 0.266522
360 336 98 28 28 0.263408
360 204 36 48 48 0.522560
390 193 97 24 24 16.806472
390 459 117 28 28 20.509745
390 338 119 28 28 15.595735
390 259 4 64 64 10.962264
390 455 112 28 28 4.878150
390 192 111 24 24 9.116357
390 238 128 27 27 10.400949
390 33 3 59 59 13.171985
390 288 35 48 48 5.775844
390 198 102 24 24 2.415695
390 192 84 24 24 2.262939
390 245 130 27 27 3.676598
390 154 98 28 28 1.658923
390 384 11 48 48 1.949532
390 154 7 27 27 0.895699
390 343 112 27 27 0.768710
390 448 119 27 27 0.711432
390 469 98 28 28 0.686525
420 386 84 24 24 14.567888
420 276 15 63 63 27.681503
420 386 96 24 24 11.433833
420 280 0 64 64 13.871225
420 168 130 28 28 10.596316
420 352 33 44 44 4.725061
420 280 32 62 62 9.335315
420 336 124 28 28 3.954419
420 154 131 27 27 4.009598
420 467 133 28 28 3.374113
420 396 96 24 24 1.673777
420 336 98 28 28 1.465348
420 224 133 28 28 1.544373
420 444 126 36 36 1.375114
420 336 112 28 28 0.682051
420 396 84 24 24 0.510203
420 240 0 40 40 0.070677
450 404 151 32 32 17.075283
450 433 144 35 35 5.073990
450 450 98 28 28 6.384878
450 402 144 32 32 3.884084
450 320 30 40 40 1.418495
450 455 112 28 28 0.678608
450 352 48 64 64 0.635297
450 264 152 32 32 0.483367
450 0 96 24 24 0.151193
480 245 115 28 28 7.851512
480 207 83 23 23 6.426135
480 36 31 48 48 12.631052
480 26 0 64 64 5.329646
480 245 126 28 28 2.599359
480 256 128 32 32 0.976398
480 144 84 24 24 0.641482
480 192 36 47 47 0.963122
480 0 0 64 64 0.148136
510 21 131 28 28 5.718504
510 288 84 24 24 3.854136
510 256 0 64 64 2.074086
510 21 112 32 32 2.355153
510 480 84 24 24 1.263738
510 0 127 28 28 1.477864
540 226 132 28 28 14.462215
540 168 133 27 27 4.977417
540 175 112 32 32 3.353255
540 176 128 32 32 3.218468
540 192 112 32 32 3.144702
540 241 133 28 28 3.629144
540 256 112 32 32 1.636864
540 192 128 32 32 1.133813
540 128 128 32 32 0.875316
540 256 0 64 64 0.409097
570 242 132 27 27 12.958883
570 154 115 28 28 7.305746
570 392 145 32 32 2.036662
570 280 128 32 32 1.409747
570 352 48 64 64 0.392577
600 454 125 35 35 13.647407
600 347 123 28 28 15.286153
600 459 144 36 36 4.104100
600 342 117 27 27 5.920237
600 441 126 36 36 2.530463
600 357 119 28 28 1.282318
600 350 111 28 28 1.142013
600 283 0 64 64 1.445990
600 18 84 24 24 1.039355
600 357 7 28 28 0.781645
630 466 125 28 28 13.027898
630 7 131 31 31 14.135257
630 462 119 28 28 2.846737
630 3 128 31 31 3.968679
630 336 119 28 28 1.156730
630 469 112 28 28 0.719622
660 22 131 32 32 12.562965
660 128 144 32 32 1.844221
660 14 130 33 33 4.434355
660 210 111 24 24 1.160766
660 408 112 32 32 0.293503
690 24 126 35 35 8.163657
690 0 114 23 23 0.804972
690 0 133 28 28 0.434158
690 144 150 32 32 0.500469
720 449 114 28 28 14.032338
720 456 118 27 27 12.697966
720 245 112 28 28 1.694573
720 447 126 28 28 1.690313
720 461 112 28 28 1.566073
750 454 113 28 28 18.030110
750 466 116 28 28 12.160704
750 448 119 28 28 4.026877
750 126 131 28 28 4.828897
750 0 131 29 29 3.356927
750 192 112 32 32 0.263872
780 449 118 27 27 16.383585
780 461 118 27 27 16.558279
780 467 126 28 28 3.303918
780 458 112 28 28 5.200190
780 288 113 24 24 0.336027
810 450 121 28 28 13.840222
810 462 124 27 27 16.935636
810 236 121 28 28 8.879677
810 469 119 28 28 1.204509
810 468 133 28 28 0.613251
840 455 125 28 28 25.579904
840 462 133 28 28 12.465935
840 451 133 28 28 7.279307
840 448 119 28 28 3.477835
840 469 126 27 27 3.243003
840 168 115 28 28 4.531368
840 462 119 28 28 0.791409
870 454 126 27 27 20.143374
870 462 132 28 28 11.485317
870 451 133 28 28 7.043160
870 469 126 28 28 2.810827
870 223 117 28 28 2.081626
870 448 119 28 28 1.447455
900 461 127 28 28 17.013971
900 466 130 28 28 12.216378
900 455 133 28 28 11.802283
900 447 129 28 28 7.539747
900 198 102 24 24 1.371359
900 224 119 28 28 1.073112
930 1 150 37 37 25.379369
930 6 192 24 24 17.377264
930 1 296 36 36 15.293213
930 354 131 28 28 13.723250
930 18 193 24 24 6.715376
930 400 289 24 24 7.269310
930 11 168 37 37 13.072298
930 392 263 32 32 8.269733
930 12 197 24 24 6.637367
930 8 143 36 36 10.764752
930 357 238 28 28 6.763190
930 348 126 28 28 2.827823
930 384 277 32 32 3.317823
930 457 303 36 36 3.883259
930 408 264 32 32 2.032109
930 343 131 28 28 2.380671
930 18 149 37 37 3.303747
930 9 306 36 36 1.245382
930 8 283 33 33 2.164601
930 396 294 24 24 1.157703
930 0 179 40 40 0.721478
930 469 126 28 28 0.598153
930 384 228 48 48 0.824480
930 162 306 36 36 0.362894
930 392 128 32 32 0.279667
930 396 306 23 23 0.094083
930 27 162 36 36 0.020566
960 197 302 36 36 10.312919
960 176 257 32 32 6.990033
960 466 225 27 27 11.281988
960 167 242 28 28 8.461749
960 185 175 43 43 8.290935
960 371 206 44 44 10.187465
960 487 294 24 24 9.618885
960 306 148 36 36 6.242179
960 453 224 28 28 3.994439
960 192 256 32 32 2.752309
960 492 301 24 24 8.185031
960 381 195 46 46 9.314866
960 297 166 36 36 5.033413
960 196 184 44 44 3.088813
960 394 258 32 32 4.193694
960 198 288 36 36 1.686285
960 297 288 36 36 1.533393
960 396 168 48 48 2.106694
960 176 209 44 44 1.017961
960 304 193 24 24 2.194279
960 272 112 32 32 0.989016
960 480 114 24 24 0.915184
960 408 192 48 48 1.793480
960 315 302 36 36 1.258201
960 459 231 28 28 1.408732
960 153 306 36 36 0.745504
960 215 297 36 36 0.722161
960 192 228 48 48 1.325356
960 191 131 32 32 1.168292
960 320 140 40 40 0.582369
960 296 198 24 24 1.074083
960 407 216 47 47 1.017570
960 498 294 24 24 0.453791
960 297 153 36 36 0.272310
960 349 133 28 28 0.206800
960 497 306 24 24 0.135080
960 288 162 36 36 0.130086
960 154 238 28 28 0.058958
960 306 162 36 36 0.040985
990 386 224 48 48 48.612304
990 288 203 48 48 46.413346
990 289 295 33 33 12.111853
990 243 119 28 28 15.360915
990 278 278 32 32 10.879052
990 288 228 48 48 10.812356
990 264 216 48 48 26.965234
990 385 196 46 46 28.829148
990 467 128 28 28 12.895406
990 338 186 40 40 9.015685
990 216 192 48 48 7.038030
990 18 196 23 23 6.115220
990 380 205 45 45 13.340454
990 277 258 32 32 8.991259
990 15 257 32 32 9.003516
990 407 262 32 32 5.728352
990 342 232 28 28 7.432665
990 356 244 27 27 3.130660
990 5 193 44 44 10.953214
990 238 126 28 28 2.484660
990 462 133 28 28 2.445670
990 396 215 48 48 4.752368
990 330 175 40 40 4.064205
990 366 186 44 44 4.844218
990 336 226 28 28 4.013652
990 242 209 44 44 2.108163
990 377 177 45 45 5.921036
990 271 267 32 32 3.380295
990 2 175 40 40 4.210184
990 245 133 28 28 1.583579
990 20 241 27 27 2.909156
990 405 278 32 32 3.484945
990 6 264 32 32 1.702884
990 238 112 28 28 1.318106
990 12 191 24 24 1.284084
990 13 231 27 27 1.229133
990 352 193 44 44 1.661146
990 306 306 24 24 0.981787
990 455 245 28 28 0.809728
990 455 126 28 28 0.651159
990 403 168 48 48 2.074048
990 340 170 40 40 0.627295
990 0 258 32 32 0.908422
990 408 144 32 32 0.456784
990 400 256 32 32 0.403299
990 0 216 48 48 0.681226
990 162 306 36 36 0.118849
1020 178 195 43 43 31.791242
1020 193 173 46 46 29.270171
1020 225 242 28 28 18.121362
1020 229 237 28 28 24.028810
1020 28 225 48 48 30.382092
1020 106 289 24 24 13.522893
1020 189 188 44 44 19.826468
1020 449 130 28 28 12.035555
1020 159 296 36 36 11.386723
1020 178 176 42 42 15.462409
1020 224 230 28 28 4.830596
1020 166 187 40 40 9.164021
1020 103 293 23 23 15.497505
1020 132 292 24 24 5.277927
1020 312 289 36 36 7.841216
1020 144 256 32 32 3.661451
1020 32 212 48 48 19.098776
1020 469 129 28 28 6.539014
1020 16 259 32 32 6.018724
1020 264 216 47 47 13.687532
1020 462 133 27 27 2.456980
1020 24 204 48 48 4.889864
1020 384 228 48 48 4.845804
1020 108 300 24 24 2.206119
1020 176 258 32 32 3.009088
1020 176 269 32 32 2.990276
1020 161 161 37 37 3.101117
1020 36 192 48 48 2.867870
1020 198 198 44 44 1.421707
1020 288 191 48 48 2.637038
1020 240 180 40 40 1.314408
1020 280 268 32 32 2.328444
1020 219 188 40 40 1.539462
1020 198 154 44 44 1.102364
1020 216 157 36 36 1.981353
1020 36 168 48 48 2.138362
1020 233 224 28 28 1.866361
1020 238 230 28 28 2.271558
1020 292 306 24 24 1.416809
1020 455 126 28 28 0.951852
1020 216 171 36 36 0.805989
1020 0 301 24 24 1.131298
1020 264 192 48 48 1.404964
1020 297 144 36 36 0.648122
1020 280 256 32 32 0.637344
1020 160 180 40 40 0.568167
1020 216 36 48 48 1.087274
1020 160 140 40 40 0.438704
1020 119 231 28 28 0.399072
1020 114 133 28 28 0.447033
1020 238 245 27 27 0.244336
1020 96 306 24 24 0.138430
1020 352 176 44 44 0.117616
1050 32 213 47 47 60.163906
1050 388 167 47 47 22.123974
1050 97 289 24 24 12.656613
1050 24 200 46 46 22.771166
1050 154 245 28 28 4.231891
1050 4 208 23 23 8.261509
1050 32 190 47 47 16.248269
1050 155 297 36 36 11.212040
1050 268 112 32 32 7.101707
1050 388 192 46 46 19.200687
1050 414 193 48 48 15.843118
1050 32 168 47 47 9.194620
1050 468 244 28 28 3.673217
1050 158 288 36 36 4.566273
1050 196 296 24 24 6.790264
1050 102 294 24 24 2.535343
1050 176 275 32 32 5.003997
1050 194 298 23 23 6.576700
1050 432 156 36 36 3.998903
1050 0 244 28 28 2.022119
1050 469 133 28 28 1.809398
1050 448 242 27 27 2.994518
1050 162 306 36 36 1.733510
1050 264 128 32 32 1.713771
1050 13 211 47 47 5.690054
1050 412 203 48 48 4.914470
1050 6 197 24 24 1.416787
1050 204 301 24 24 1.572760
1050 24 228 48 48 2.500804
1050 144 299 25 25 1.319539
1050 289 113 23 23 1.097913
1050 0 204 24 24 0.879800
1050 469 112 28 28 0.776447
1050 408 168 48 48 0.630590
1050 450 126 36 36 0.314224
1050 256 152 32 32 0.087279
1050 256 136 32 32 0.054492
1080 206 168 47 47 24.821628
1080 241 186 43 43 16.989200
1080 287 197 47 47 20.581538
1080 244 238 28 28 10.260521
1080 377 154 44 44 6.090069
1080 455 125 28 28 11.673992
1080 373 176 44 44 3.821650
1080 220 188 40 40 4.036260
1080 217 165 44 44 10.352589
1080 242 209 44 44 2.468348
1080 238 242 28 28 3.584270
1080 448 122 28 28 4.058886
1080 400 136 32 32 2.028121
1080 198 187 44 44 1.861275
1080 469 126 28 28 1.654951
1080 288 217 48 48 3.610860
1080 363 185 44 44 1.638238
1080 462 119 28 28 1.187546
1080 408 112 32 32 1.173455
1080 220 140 40 40 1.079924
1080 350 126 28 28 1.101609
1080 204 108 24 24 0.723732
1080 457 130 30 30 0.821907
1080 288 168 48 48 0.918582
1080 242 154 44 44 0.218323
1110 468 121 28 28 8.762712
1110 338 133 27 27 5.552117
1110 455 160 35 35 6.852505
1110 385 154 44 44 3.189157
1110 225 97 27 27 3.670206
1110 451 153 36 36 8.815346
1110 35 190 47 47 5.767536
1110 33 154 44 44 2.069342
1110 31 169 47 47 7.588703
1110 462 123 27 27 3.124847
1110 483 192 24 24 3.069986
1110 162 306 36 36 1.420970
1110 357 126 28 28 1.110339
1110 432 171 36 36 0.788024
1110 459 144 36 36 0.649860
1110 315 126 36 36 0.320087
1110 22 187 44 44 0.112948
1140 467 127 28 28 9.448147
1140 454 132 27 27 10.422111
1140 100 289 24 24 6.030111
1140 97 298 23 23 3.846973
1140 154 128 28 28 1.865471
1140 144 138 32 32 0.981699
1140 24 204 48 48 1.322542
1140 336 133 28 28 0.564034
1140 0 289 36 36 0.637430
1140 102 306 24 24 0.477652
1140 136 280 32 32 0.142880
1140 294 192 24 24 0.057566
1170 2 170 38 38 23.476876
1170 224 98 28 28 2.308515
1170 242 187 44 44 0.278771
1200 14 285 27 27 8.123884
1200 210 288 24 24 5.925598
1200 159 298 36 36 10.459676
1200 154 243 28 28 5.736501
1200 147 297 36 36 7.569085
1200 192 258 32 32 4.506924
1200 144 270 32 32 7.226143
1200 224 98 28 28 2.545862
1200 7 258 32 32 3.482233
1200 26 290 36 36 4.110419
1200 245 245 28 28 2.320580
1200 0 175 40 40 3.662361
1200 11 221 47 47 7.012266
1200 140 256 32 32 3.474876
1200 150 305 36 36 2.420959
1200 198 297 36 36 1.659579
1200 469 245 28 28 1.485980
1200 144 288 24 24 1.479317
1200 175 273 32 32 1.577888
1200 24 228 48 48 2.381252
1200 8 268 32 32 2.191578
1200 176 256 32 32 1.060034
1200 112 245 28 28 0.988994
1200 216 288 36 36 0.646097
1200 0 280 32 32 0.595937
1200 128 272 32 32 0.409669
1200 136 264 32 32 0.358356
1200 198 102 24 24 0.339456
1200 0 207 48 48 0.631952
1200 0 227 48 48 0.141018
1200 256 261 32 32 0.076063
1200 154 224 28 28 0.031716
1230 159 296 36 36 12.532443
1230 153 243 28 28 7.400722
1230 255 256 32 32 4.727095
1230 113 244 28 28 6.305368
1230 144 296 36 36 3.847970
1230 224 98 28 28 3.990461
1230 14 263 32 32 10.530737
1230 9 272 32 32 9.283352
1230 138 256 32 32 4.209977
1230 13 277 32 32 7.111558
1230 142 286 26 26 3.666120
1230 8 259 32 32 4.772326
1230 198 291 36 36 4.382891
1230 216 288 36 36 2.153358
1230 353 244 28 28 3.591325
1230 6 288 24 24 2.052365
1230 168 245 28 28 1.625206
1230 192 288 24 24 1.560442
1230 192 256 32 32 1.366470
1230 245 245 28 28 1.313519
1230 14 245 28 28 1.297403
1230 27 293 36 36 2.083344
1230 198 102 24 24 0.883123
1230 16 217 48 48 3.238092
1230 455 133 28 28 0.801521
1230 469 126 27 27 0.584158
1230 288 294 24 24 0.581923
1230 136 272 32 32 0.530019
1230 153 306 36 36 0.302258
1230 112 224 28 28 0.286368
1230 150 288 36 36 0.375067
1230 33 224 48 48 0.944858
1230 154 224 28 28 0.085464
1260 154 227 28 28 12.153758
1260 203 289 23 23 15.725006
1260 225 98 28 28 7.719393
1260 0 291 35 35 10.818573
1260 194 283 28 28 8.148838
1260 143 273 32 32 11.073619
1260 123 244 28 28 7.131227
1260 265 257 32 32 8.345640
1260 23 259 32 32 6.633356
1260 394 129 32 32 6.725660
1260 96 197 23 23 3.519281
1260 24 272 32 32 3.229691
1260 34 226 48 48 7.444564
1260 276 256 32 32 4.940488
1260 288 114 24 24 1.823196
1260 144 259 32 32 3.437321
1260 292 288 27 27 2.452787
1260 269 264 32 32 3.663647
1260 304 96 23 23 1.953535
1260 0 219 48 48 3.971528
1260 210 294 24 24 1.171505
1260 11 295 34 34 2.916983
1260 216 288 36 36 1.053075
1260 27 218 48 48 3.969510
1260 112 242 27 27 1.648531
1260 154 238 28 28 0.760193
1260 392 144 32 32 0.714803
1260 187 198 44 44 0.671864
1260 117 224 28 28 0.531956
1260 198 294 24 24 0.273470
1260 112 229 28 28 0.339706
1260 256 264 32 32 0.149556
1260 294 300 24 24 0.134702
1260 280 280 32 32 0.106298
1290 242 243 27 27 14.280407
1290 229 243 28 28 9.687358
1290 14 281 32 32 7.408074
1290 195 226 47 47 10.214566
1290 125 245 28 28 3.154314
1290 298 288 24 24 4.449304
1290 176 259 32 32 4.663675
1290 11 285 34 34 6.266704
1290 215 288 36 36 2.383088
1290 201 292 29 29 4.810966
1290 192 278 32 32 2.614317
1290 154 245 28 28 1.984177
1290 296 299 24 24 3.208853
1290 238 238 28 28 1.212340
1290 128 256 32 32 1.121342
1290 16 214 47 47 3.966039
1290 216 228 48 48 1.681008
1290 199 216 48 48 2.550824
1290 30 202 45 45 1.528409
1290 162 290 36 36 0.980165
1290 280 280 32 32 0.497608
1290 119 236 27 27 0.383175
1290 36 228 48 48 0.263012
1290 168 245 28 28 0.021206
1320 1 301 24 24 15.197682
1320 131 287 24 24 7.559873
1320 13 239 27 27 21.285293
1320 2 196 45 45 23.104355
1320 112 237 28 28 13.838914
1320 154 242 28 28 7.331334
1320 200 288 24 24 11.860563
1320 0 257 32 32 5.353843
1320 3 244 28 28 7.974824
1320 210 192 24 24 3.238868
1320 147 306 36 36 4.529822
1320 141 280 32 32 4.105442
1320 5 209 44 44 4.892883
1320 18 231 28 28 3.466204
1320 201 294 24 24 3.440418
1320 160 293 35 35 4.340514
1320 128 256 32 32 1.914739
1320 5 264 32 32 2.866680
1320 4 287 23 23 2.457257
1320 21 245 28 28 1.701770
1320 192 268 32 32 2.951738
1320 10 231 28 28 2.985665
1320 95 300 24 24 1.627576
1320 5 168 48 48 5.227504
1320 192 259 32 32 2.637720
1320 469 130 28 28 1.843269
1320 126 236 27 27 1.819987
1320 153 292 36 36 1.982776
1320 6 306 24 24 0.773699
1320 216 306 36 36 0.684585
1320 34 211 45 45 0.994553
1320 144 256 32 32 0.438199
1320 154 231 28 28 0.379778
1320 170 180 40 40 0.156693
1320 107 288 24 24 0.077268
1320 224 98 28 28 0.013587
1320 176 256 32 32 0.009069
1350 469 129 27 27 2.718935
1380 469 130 28 28 4.693021
1380 198 96 24 24 0.270222
1410 469 130 28 28 5.111379
1410 455 112 28 28 0.599407
1410 288 114 24 24 0.412914
1440 469 130 28 28 4.562386
1470 469 130 28 28 3.930433
1470 454 122 27 27 0.803633
1470 455 112 28 28 0.379788
1500 455 126 28 28 1.789575
1500 462 119 28 28 1.730272
1500 469 126 28 28 0.631891
1530 466 126 28 28 3.063284
1530 464 133 28 28 0.933706
1530 357 133 28 28 0.455467
1560 356 128 28 28 3.400512
1590 355 131 28 28 7.666049
1620 245 112 28 28 4.830318
1620 26 171 46 46 8.955169
1620 0 133 28 28 1.624737
1620 386 144 32 32 1.620460
1620 392 149 32 32 1.548687
1620 30 190 40 40 0.423438
1620 21 126 28 28 0.179655
1620 288 32 64 64 0.028662
1650 98 196 24 24 7.659532
1650 99 192 24 24 4.355891
1650 108 199 24 24 2.499248
1650 284 32 64 64 1.925198
1650 384 96 24 24 0.800121
1650 245 112 28 28 0.378606
1680 260 32 64 64 2.633113
1680 245 98 28 28 0.724302
1680 24 152 32 32 0.546601
1710 305 126 36 36 11.796670
1710 5 32 64 64 3.703355
1710 306 144 36 36 1.464273
1710 385 196 24 24 1.212228
1710 340 140 40 40 0.083553
1740 307 144 36 36 6.869025
1740 245 112 27 27 2.471122
1740 0 112 27 27 1.185636
1740 274 144 32 32 1.703862
1740 18 114 24 24 1.025742
1740 256 112 32 32 0.878623
1740 264 136 32 32 0.799448
1740 390 198 24 24 0.222564
1770 496 113 23 23 7.104202
1770 280 148 32 32 4.991796
1770 277 136 32 32 2.706533
1770 267 136 32 32 1.516799
1770 298 144 36 36 0.733642
1770 272 144 32 32 0.300765
1800 258 146 32 32 11.167298
1800 262 136 32 32 3.549647
1800 264 152 32 32 2.501235
1800 192 84 24 24 1.798817
1830 200 106 23 23 15.728443
1830 201 102 24 24 7.259997
1830 204 114 24 24 2.527701
1830 210 108 24 24 1.854400
