30 357 111 28 28 4.220320
30 0 98 24 24 6.930508
30 408 20 32 32 6.256996
30 125 124 27 27 4.047420
30 115 119 28 28 3.671029
30 102 108 24 24 1.286164
60 240 126 28 28 1.794326
60 336 119 27 27 0.296206
90 454 9 27 27 8.136148
90 337 118 28 28 11.557328
90 341 126 27 27 6.141631
90 350 119 28 28 4.344827
90 448 12 28 28 2.811525
90 345 112 28 28 2.251626
90 455 21 27 27 1.393007
90 462 11 28 28 1.918907
90 448 114 28 28 0.956800
90 238 133 28 28 0.389700
90 18 102 24 24 0.154858
90 432 0 36 36 0.130193
120 462 119 28 28 18.307164
120 467 124 28 28 13.172436
120 342 114 28 28 6.467683
120 488 11 24 24 6.525039
120 344 123 28 28 5.519635
120 216 126 36 36 2.296580
120 4 98 23 23 4.973658
120 467 0 28 28 2.338666
120 6 84 24 24 1.305991
120 349 129 28 28 2.275621
120 489 6 24 24 2.038731
120 132 96 24 24 1.097997
120 455 112 28 28 1.011890
120 336 116 27 27 1.541471
120 192 36 48 48 0.420744
150 197 144 35 35 3.155823
150 0 133 28 28 0.939046
150 116 97 27 27 0.971374
150 0 16 64 64 0.220287
180 1 130 28 28 17.093647
180 4 127 28 28 18.174847
180 385 135 32 32 7.381159
180 408 130 32 32 3.701099
180 19 126 28 28 2.773381
180 14 131 28 28 2.289894
180 403 136 32 32 2.701247
180 192 112 32 32 0.757767
180 0 112 32 32 0.129913
210 18 26 40 40 9.015612
210 393 130 32 32 7.777597
210 312 126 36 36 5.361615
210 434 125 35 35 3.560436
210 404 136 32 32 3.924462
210 144 126 36 36 1.505137
210 0 130 28 28 1.580301
210 14 20 40 40 1.746655
210 396 84 24 24 0.461385
210 126 245 28 28 0.066942
240 11 26 41 41 14.837337
240 400 84 24 24 5.395439
240 432 126 36 36 2.870503
240 31 31 41 41 2.846402
240 320 140 40 40 1.585002
240 144 108 24 24 1.268036
240 102 288 24 24 0.908821
240 432 144 36 36 0.692091
240 400 136 32 32 0.463637
240 408 144 32 32 0.239728
240 162 306 36 36 0.205586
240 198 306 36 36 0.161667
240 384 288 24 24 0.103927
240 20 20 40 40 0.023355
270 10 32 43 43 6.384910
270 314 171 36 36 1.659339
270 432 144 36 36 1.496155
270 26 30 41 41 2.190011
270 396 210 24 24 0.795622
270 363 176 44 44 0.735382
270 126 112 28 28 0.634834
270 169 160 40 40 0.340641
270 0 30 40 40 0.324075
270 389 306 24 24 0.194066
300 406 130 32 32 7.424483
300 407 148 32 32 7.891355
300 482 97 24 24 8.161435
300 400 144 32 32 4.634690
300 11 135 32 32 5.077993
300 198 0 36 36 2.684492
300 320 160 40 40 2.183604
300 177 0 42 42 2.918213
300 486 102 24 24 1.692395
300 315 170 36 36 1.124417
300 469 112 28 28 0.954445
300 469 98 28 28 0.211117
300 180 170 39 39 0.028572
330 154 126 28 28 3.472765
330 299 169 35 35 4.206456
330 179 8 40 40 2.719392
330 303 164 36 36 3.521858
330 27 126 36 36 1.254835
330 385 154 44 44 1.139700
330 18 144 32 32 1.168396
330 432 171 36 36 0.779061
330 315 170 36 36 0.710344
330 108 102 24 24 0.637302
330 144 112 32 32 0.435812
330 431 153 36 36 0.011379
360 157 153 36 36 6.869645
360 161 160 35 35 8.601741
360 179 8 40 40 3.070618
360 8 144 32 32 1.979150
360 288 157 36 36 3.111931
360 0 136 32 32 1.276421
360 351 155 42 42 1.401104
360 16 152 32 32 0.774423
360 210 12 24 24 0.263311
390 178 0 43 43 3.046668
390 21 115 28 28 2.247063
390 204 192 24 24 1.113236
420 169 168 40 40 12.537842
420 21 98 28 28 3.488667
420 175 160 41 41 7.315476
420 161 180 40 40 2.626356
420 192 152 32 32 1.926739
420 14 111 28 28 1.538013
420 128 128 32 32 0.718496
420 180 180 40 40 0.334242
450 173 162 40 40 12.712372
450 6 84 24 24 4.103369
450 454 126 36 36 5.951527
450 159 169 40 40 2.047277
450 357 130 28 28 0.810049
450 16 136 32 32 0.295301
450 231 98 28 28 0.212240
450 108 114 24 24 0.190798
480 0 189 40 40 2.927303
480 11 230 28 28 4.224086
480 198 154 35 35 2.746984
480 339 133 28 28 3.284037
480 455 21 28 28 1.661910
480 439 126 36 36 1.227598
480 468 21 28 28 0.985555
480 180 140 40 40 0.156171
510 357 133 28 28 5.270483
510 16 181 41 41 19.296691
510 198 153 36 36 4.014279
510 482 17 24 24 6.371175
510 10 186 41 41 8.323390
510 2 171 46 46 10.330842
510 352 40 64 64 4.952535
510 30 187 40 40 3.432685
510 469 7 28 28 2.268862
510 96 210 24 24 1.669321
510 396 143 32 32 1.233881
540 132 200 24 24 7.028872
540 352 42 64 64 5.747285
540 401 141 32 32 7.858124
540 108 208 24 24 3.785517
540 432 156 36 36 3.799684
540 433 167 36 36 4.321764
540 392 135 32 32 1.173335
540 380 154 44 44 1.609933
540 288 48 64 64 0.728258
540 385 128 32 32 0.856556
540 396 204 24 24 0.648001
540 455 224 27 27 0.639440
540 450 171 36 36 0.627972
540 397 127 32 32 0.515346
540 216 144 36 36 0.306325
