30 455 131 27 27 18.143204
30 447 128 27 27 7.531904
30 462 126 28 28 1.801214
30 469 133 28 28 1.056808
60 454 127 28 28 7.498294
60 112 133 28 28 3.379674
60 168 133 28 28 2.405482
60 238 130 28 28 2.926517
60 302 114 24 24 3.308407
60 448 133 28 28 0.200109
90 466 117 27 27 11.429117
90 210 96 24 24 2.545541
90 237 111 28 28 2.168933
90 112 118 27 27 1.810623
90 462 112 28 28 0.409745
90 168 119 28 28 0.391236
90 300 102 24 24 0.270197
120 452 125 28 28 8.652236
120 449 119 27 27 3.481513
120 124 133 28 28 1.900005
120 459 120 28 28 2.822107
120 176 112 32 32 0.756617
120 210 107 24 24 0.246761
150 469 126 27 27 0.371538
180 18 96 24 24 4.683100
180 16 112 25 25 5.540329
180 450 113 28 28 4.941008
180 136 128 32 32 1.181561
180 459 133 28 28 1.754034
180 455 119 28 28 0.291409
210 144 128 32 32 1.972556
210 12 84 24 24 1.039778
240 466 117 27 27 10.815356
240 455 119 28 28 2.040468
240 154 119 28 28 0.797147
240 461 112 28 28 0.632098
240 126 112 28 28 0.307765
240 168 119 28 28 0.005879
270 16 12 64 64 2.304722
270 198 108 24 24 1.486432
270 27 0 64 64 1.513489
270 464 119 28 28 1.485960
300 0 16 64 64 0.995767
300 154 112 27 27 0.612994
300 272 128 32 32 0.344108
300 462 119 28 28 0.091897
330 167 112 28 28 3.318303
330 5 4 24 24 3.610466
330 384 0 24 24 1.292208
330 238 98 28 28 0.357774
330 192 0 24 24 0.077043
360 0 28 43 43 9.769194
360 240 98 28 28 5.217051
360 168 111 28 28 1.182955
360 204 101 24 24 0.387429
360 392 24 32 32 0.264563
390 154 97 27 27 2.743397
390 392 13 32 32 2.488587
390 0 30 40 40 1.455459
420 108 96 24 24 3.804121
420 144 302 24 24 3.386754
420 131 302 24 24 3.000467
420 197 305 24 24 5.460566
420 300 306 24 24 4.707580
420 306 114 24 24 1.570775
420 105 300 24 24 3.396312
420 399 305 24 24 3.040789
420 389 305 24 24 4.162023
420 288 306 24 24 1.198341
420 96 300 24 24 1.373435
420 140 280 32 32 2.190798
420 131 280 32 32 2.164864
420 210 306 24 24 1.101223
420 176 280 32 32 0.879441
420 194 300 24 24 1.508203
420 19 280 32 32 1.249533
420 397 300 24 24 0.920858
420 99 306 24 24 0.591771
420 192 280 32 32 0.370751
420 6 192 24 24 0.307496
420 204 300 24 24 0.271805
420 480 288 24 24 0.179083
420 384 280 32 32 0.147096
420 0 300 24 24 0.137579
420 384 300 24 24 0.131110
450 468 116 27 27 6.534371
450 6 204 23 23 14.796972
450 9 197 24 24 5.720089
450 2 210 24 24 5.248434
450 95 107 24 24 2.736116
450 0 198 23 23 1.498186
450 480 114 24 24 1.240618
450 27 144 36 36 0.873156
450 192 102 24 24 0.797829
450 144 102 24 24 0.271866
450 6 192 24 24 0.005033
480 466 118 28 28 12.078165
480 209 100 24 24 5.418510
480 18 159 36 36 8.854961
480 23 155 36 36 6.754727
480 464 126 28 28 4.167956
480 454 116 28 28 4.328802
480 469 129 28 28 3.667530
480 448 113 28 28 2.009968
480 199 95 24 24 2.011414
480 30 140 40 40 0.403590
510 469 119 28 28 1.400675
510 238 98 28 28 0.075728
540 462 113 27 27 4.144153
540 191 108 24 24 1.811306
540 469 116 27 27 1.230294
540 383 128 32 32 0.092709
540 297 126 36 36 0.081321
540 245 98 28 28 0.005177
570 204 96 24 24 1.263822
570 139 127 32 32 1.471721
570 168 133 28 28 0.475183
600 128 130 32 32 2.567871
630 20 238 28 28 11.256415
630 7 119 28 28 3.102343
630 0 198 44 44 1.387617
630 136 129 32 32 1.292406
630 343 98 28 28 0.580493
630 14 245 28 28 0.055306
660 108 203 24 24 6.028538
660 238 98 28 28 4.037411
660 224 98 28 28 0.108357
690 448 119 28 28 3.137401
690 130 101 25 25 6.993041
690 233 98 28 28 2.819938
690 133 128 32 32 2.572201
690 119 133 27 27 0.725996
690 108 197 24 24 0.167504
720 96 201 24 24 8.476763
720 228 98 28 28 4.104594
720 467 121 28 28 5.898770
720 462 126 28 28 0.128020
750 96 195 24 24 6.714478
750 224 98 28 28 1.083828
750 102 191 24 24 0.776957
780 229 98 28 28 7.205825
780 98 192 23 23 6.436215
780 4 197 24 24 2.249560
780 122 126 28 28 2.120625
780 101 114 24 24 1.328966
780 462 119 28 28 0.436160
780 32 48 64 64 0.202157
780 32 16 64 64 0.125048
810 176 2 43 43 5.609908
810 233 98 28 28 5.068822
810 210 96 24 24 0.519947
810 108 192 24 24 0.116006
810 18 198 24 24 0.000420
840 1 126 28 28 13.861641
840 239 98 28 28 4.257496
840 4 118 29 29 13.054699
840 19 146 34 34 6.927221
840 20 112 32 32 3.674018
840 141 143 32 32 3.284580
840 136 136 32 32 0.124538
870 453 127 27 27 8.169631
870 144 135 32 32 5.307779
870 0 112 28 28 1.721307
870 448 133 28 28 0.673302
870 132 84 24 24 0.287788
870 153 126 36 36 0.132100
900 3 45 64 64 5.543053
900 0 112 32 32 2.992244
900 6 142 32 32 4.500945
900 8 128 27 27 5.165229
900 0 136 32 32 0.614924
900 12 102 24 24 0.182164
930 27 48 64 64 3.660084
930 13 36 64 64 4.142731
930 0 136 32 32 1.034244
930 459 119 27 27 1.218776
960 9 32 64 64 5.199442
960 245 112 28 28 1.722991
960 0 16 64 64 1.018847
960 25 48 64 64 0.241747
990 14 32 64 64 7.846304
990 449 126 28 28 4.879008
990 343 112 28 28 4.670834
990 300 114 23 23 1.905948
990 336 126 27 27 0.730641
990 400 7 32 32 0.090369
1020 306 108 24 24 1.183274
1020 356 124 27 27 2.142977
1020 21 126 28 28 0.814188
1020 336 112 28 28 0.639348
1020 400 136 32 32 0.491766
1020 294 108 24 24 0.325035
1020 176 136 32 32 0.244178
1020 350 119 27 27 0.203561
1020 16 112 32 32 0.126116
1050 434 161 36 36 10.322827
1050 399 129 32 32 14.343325
1050 384 128 32 32 4.005168
1050 405 138 32 32 7.188600
1050 306 104 23 23 5.175834
1050 385 112 32 32 3.528679
1050 351 116 28 28 5.565016
1050 400 112 32 32 3.693268
1050 459 148 36 36 3.105180
1050 392 136 32 32 1.448132
1050 447 170 36 36 3.055916
1050 458 165 36 36 1.473647
1050 357 112 28 28 0.255181
1080 400 136 32 32 50.760914
1080 408 144 32 32 7.473085
1080 450 145 36 36 8.293477
1080 392 144 32 32 4.550214
1080 352 45 64 64 4.263227
1080 392 128 32 32 2.844868
1080 408 128 32 32 2.635095
1080 357 126 28 28 1.905269
1080 131 112 32 32 2.801620
1080 245 114 28 28 2.737970
1080 245 122 28 28 2.388336
1080 401 152 32 32 1.393003
1080 459 148 35 35 1.443096
1080 9 126 36 36 0.295821
1110 480 209 23 23 10.297588
1110 457 171 36 36 8.762100
1110 493 209 24 24 11.517147
1110 349 131 28 28 8.023127
1110 126 127 28 28 2.791508
1110 343 126 28 28 0.806838
1110 231 126 27 27 0.680310
1110 408 136 32 32 0.676478
1110 432 126 36 36 0.585375
1140 231 131 28 28 5.887746
1140 383 134 32 32 5.125210
1140 129 112 32 32 2.106083
1140 389 144 32 32 1.920854
1140 98 113 23 23 1.889650
1140 136 128 32 32 0.822326
1140 126 126 28 28 0.504159
1170 192 112 32 32 5.495082
1170 495 203 24 24 7.264379
1170 450 161 36 36 12.508466
1170 141 112 32 32 5.404019
1170 449 147 36 36 6.066786
1170 154 124 27 27 6.015319
1170 456 168 36 36 8.075155
1170 486 197 23 23 8.827740
1170 480 194 24 24 4.981793
1170 357 124 28 28 2.554931
1170 433 152 36 36 3.654226
1170 384 108 24 24 0.619330
1170 231 133 28 28 0.405561
1170 459 153 36 36 0.225551
1170 441 171 36 36 0.152832
1200 129 114 30 30 8.323280
1200 154 126 28 28 1.378130
1200 144 112 32 32 0.144459
1230 392 144 32 32 20.521280
1230 387 136 32 32 5.855416
1230 154 132 28 28 3.586094
1230 403 152 32 32 5.868660
1230 352 32 64 64 0.648179
1230 407 144 32 32 0.361527
1260 448 161 36 36 17.792997
1260 435 160 35 35 9.558457
1260 443 167 36 36 11.014556
1260 458 155 36 36 5.052965
1260 437 153 36 36 4.046327
1260 352 48 64 64 1.613411
1260 408 112 32 32 1.540871
1260 459 171 36 36 1.012173
1260 450 144 36 36 0.342326
1260 135 128 32 32 0.215073
1290 126 131 28 28 3.463412
1290 352 32 64 64 2.161336
1290 17 112 32 32 2.132673
1290 450 112 27 27 2.091126
1290 480 192 24 24 1.126786
1290 234 21 28 28 1.704269
1290 7 21 28 28 0.553597
1290 176 112 32 32 0.411052
1290 176 144 32 32 0.357600
1320 2 18 24 24 7.224404
1320 96 18 24 24 4.079811
1320 237 14 28 28 7.848079
1320 14 18 23 23 4.620409
1320 126 115 29 29 4.031032
1320 231 7 28 28 1.765564
1320 256 32 64 64 1.177256
1320 210 18 24 24 0.708808
1320 144 152 35 35 0.644281
1350 208 6 24 24 10.541881
1350 159 24 37 37 15.258361
1350 131 128 32 32 8.070213
1350 161 14 39 39 9.422070
1350 256 131 32 32 5.425276
1350 232 1 27 27 8.016852
1350 336 131 28 28 3.504863
1350 96 10 24 24 3.516674
1350 99 6 24 24 3.023160
1350 17 0 27 27 2.862975
1350 144 27 36 36 1.617735
1350 136 136 32 32 1.505668
1350 144 6 24 24 1.497225
1350 18 12 24 24 1.425584
1350 315 126 36 36 1.294878
1350 0 8 26 26 1.776285
1350 129 3 25 25 1.294695
1350 224 7 27 27 0.619671
1350 7 98 28 28 0.493268
1350 245 0 28 28 0.343849
1350 280 143 32 32 0.238514
1380 6 11 24 24 25.894294
1380 226 1 28 28 14.398785
1380 18 1 27 27 13.542989
1380 17 10 24 24 9.763080
1380 3 2 26 26 14.710073
1380 274 150 32 32 11.206936
1380 146 25 36 36 9.487899
1380 198 6 23 23 11.780623
1380 10 4 24 24 14.241455
1380 277 144 32 32 5.703233
1380 5 99 27 27 7.445019
1380 159 24 37 37 12.486489
1380 130 3 24 24 5.368595
1380 256 144 32 32 2.919517
1380 0 18 24 24 2.532542
1380 203 0 23 23 2.228599
1380 238 0 28 28 1.657673
1380 14 17 24 24 2.249264
1380 112 98 28 28 1.208055
1380 160 10 40 40 0.414677
1380 357 133 28 28 0.173432
1410 1 11 24 24 25.030076
1410 14 1 27 27 27.833123
1410 114 0 27 27 10.695024
1410 16 10 25 25 26.921644
1410 6 8 26 26 30.761509
1410 0 3 27 27 17.360575
1410 4 18 24 24 12.031591
1410 225 1 28 28 6.332503
1410 485 114 24 24 3.844220
1410 192 84 24 24 3.134559
1410 275 152 32 32 4.754884
1410 235 0 28 28 4.001895
1410 0 112 28 28 2.271051
1410 228 5 27 27 4.838382
1410 290 5 23 23 2.797519
1410 198 17 24 24 1.585088
1410 201 5 24 24 2.076141
1410 288 192 24 24 0.255905
1410 192 6 24 24 0.190779
1410 196 288 24 24 0.232988
1410 300 6 24 24 0.076985
1410 264 209 44 44 0.025334
1440 300 16 23 23 21.322272
1440 110 6 26 26 13.084946
1440 225 5 28 28 12.453836
1440 4 6 29 29 22.097698
1440 193 13 23 23 14.528485
1440 103 11 23 23 10.359909
1440 107 15 24 24 7.816294
1440 15 18 24 24 7.746734
1440 6 16 25 25 14.522228
1440 349 6 27 27 9.351553
1440 336 6 28 28 2.366576
1440 288 18 24 24 2.064789
1440 408 0 32 32 1.898700
1440 144 18 24 24 1.563137
1440 306 12 24 24 1.234933
1440 343 0 28 28 0.949382
1440 154 7 28 28 0.781446
1440 198 18 24 24 0.638421
1440 204 12 24 24 0.069521
1440 231 14 28 28 0.001043
1470 193 13 24 24 15.013164
1470 101 13 24 24 19.312158
1470 304 16 24 24 12.116970
1470 294 18 24 24 11.988560
1470 224 5 27 27 7.154011
1470 353 7 28 28 8.719189
1470 96 17 24 24 4.465939
1470 1 18 23 23 5.561565
1470 457 132 27 27 5.606187
1470 21 5 29 29 9.106682
1470 144 18 23 23 3.208908
1470 198 5 30 30 5.450318
1470 315 23 36 36 4.317757
1470 108 18 24 24 2.714295
1470 288 12 24 24 2.340337
1470 340 7 28 28 3.022952
1470 448 11 27 27 2.426539
1470 1 6 28 28 1.680287
1470 18 18 24 24 1.132028
1470 461 13 27 27 0.746699
1470 245 7 28 28 0.664486
1470 8 0 32 32 0.374995
1470 144 144 32 32 0.331111
1470 198 18 24 24 0.216095
1470 461 126 28 28 0.098339
1500 18 1 27 27 22.075377
1500 306 5 24 24 14.453672
1500 204 15 23 23 9.688536
1500 209 98 24 24 8.350427
1500 107 13 23 23 7.794399
1500 202 4 23 23 7.044880
1500 0 10 24 24 4.655652
1500 7 0 28 28 2.208913
1500 492 18 24 24 1.974658
1500 144 6 27 27 4.089908
1500 388 17 24 24 1.801220
1500 179 30 44 44 2.747790
1500 198 0 24 24 1.214793
1500 170 0 40 40 1.182693
1500 395 12 24 24 1.189167
1500 384 13 24 24 1.521959
1500 153 171 36 36 0.955176
1500 340 10 40 40 0.941844
1500 13 6 28 28 1.032906
1500 402 18 24 24 0.725615
1500 181 22 44 44 1.257755
1500 352 154 44 44 0.294710
1500 144 18 36 36 0.132551
1530 13 1 24 24 21.826214
1530 399 1 23 23 16.669225
1530 104 0 24 24 11.969156
1530 18 5 24 24 5.455885
1530 386 0 24 24 8.450279
1530 396 6 24 24 2.430078
1530 178 160 40 40 2.874681
1530 350 190 40 40 2.248195
1530 198 162 36 36 2.036711
1530 408 0 32 32 0.887535
1530 167 0 28 28 0.218398
1530 154 7 27 27 0.167866
1560 491 96 24 24 8.795052
1560 176 112 32 32 3.849943
1560 230 113 28 28 9.006760
1560 240 140 40 40 2.790424
1560 236 116 28 28 6.205472
1560 0 15 64 64 1.866310
1560 22 129 33 33 5.390307
1560 204 108 24 24 1.646391
1560 256 152 32 32 1.496200
1560 224 98 28 28 0.813651
1560 176 128 32 32 0.517568
1560 450 0 28 28 0.578042
1560 204 36 48 48 0.721448
1590 168 124 28 28 16.083978
1590 259 151 32 32 9.669477
1590 228 111 27 27 4.749202
1590 256 138 32 32 3.115937
1590 171 112 29 29 1.244002
1620 154 98 28 28 4.486521
1620 168 98 28 28 4.204700
1620 204 102 24 24 3.884818
1620 144 114 24 24 1.883774
1620 234 98 28 28 3.371309
1620 454 133 28 28 1.158978
1620 408 112 32 32 0.805706
1620 231 133 28 28 0.047443
1650 449 114 27 27 11.119312
1650 143 111 24 24 4.947197
1650 223 126 28 28 2.666428
1650 455 115 28 28 4.708642
1650 144 104 23 23 3.717132
1650 154 98 28 28 1.851380
1650 128 16 32 32 1.566720
1650 224 112 28 28 0.770594
1650 126 98 28 28 0.193341
1650 204 96 24 24 0.024826
1680 154 98 28 28 4.744502
1680 168 98 28 28 4.029733
1680 192 84 24 24 1.945214
1680 336 119 28 28 1.850984
1680 231 133 28 28 1.598741
1680 0 0 64 64 1.511946
1680 12 36 48 48 0.502070
1710 168 97 27 27 4.705488
1710 168 112 28 28 4.109377
1710 4 98 25 25 7.480111
1710 192 110 24 24 4.708831
1710 357 130 28 28 2.443649
1710 6 108 24 24 1.067539
1710 350 126 28 28 0.306791
1710 238 119 27 27 0.186441
1740 193 112 24 24 16.598591
1740 385 145 32 32 17.638078
1740 198 108 24 24 3.222633
1740 395 152 32 32 5.955745
1740 408 147 32 32 4.776881
1740 385 128 32 32 2.197845
1740 357 119 28 28 1.048624
1740 392 134 32 32 1.244184
1740 352 32 64 64 0.912044
1740 288 16 64 64 0.412066
1740 36 0 48 48 0.548922
1740 245 98 28 28 0.132922
1770 192 114 24 24 4.501843
1770 408 168 48 48 16.556502
1770 272 20 64 64 12.525160
1770 168 112 28 28 2.674644
1770 425 168 42 42 7.802387
1770 288 32 64 64 1.949011
1770 432 153 36 36 1.048200
1770 256 32 64 64 0.575848
1770 168 98 28 28 0.462153
1800 32 34 47 47 26.633146
1800 405 150 32 32 6.709258
1800 402 201 24 24 5.305418
1800 10 30 40 40 2.756416
1800 398 198 24 24 4.587208
1800 7 16 64 64 3.611503
1800 432 170 36 36 1.650179
1800 375 154 44 44 1.507929
1800 288 18 24 24 0.852700
1800 390 192 24 24 0.824112
1800 340 140 40 40 0.613346
1800 288 48 64 64 0.484887
1800 16 0 64 64 0.280846
1830 25 26 42 42 39.763091
1830 13 29 47 47 44.392931
1830 25 7 42 42 23.479474
1830 12 10 47 47 49.197134
1830 399 0 24 24 7.658174
1830 304 0 24 24 5.836590
1830 1 18 46 46 7.741731
1830 390 168 48 48 4.389994
1830 0 0 48 48 2.074950
1830 245 98 28 28 1.022201
1830 176 33 44 44 0.708529
1830 420 168 48 48 0.424904
1860 12 4 47 47 45.649966
1860 32 2 47 47 23.542364
1860 25 12 46 46 34.047937
1860 2 12 47 47 26.912242
1860 15 26 44 44 10.341727
1860 125 234 27 27 2.759424
1860 30 28 40 40 1.157285
1890 33 2 49 49 10.922715
1890 200 107 24 24 4.322717
1890 240 160 40 40 0.963096
1890 0 0 64 64 0.329715
1920 12 36 48 48 2.884772
1920 1 192 24 24 1.617222
1920 220 30 40 40 0.095256
1950 12 28 43 43 8.744817
1950 17 17 41 41 1.933551
1950 168 119 28 28 0.767390
1980 21 13 64 64 6.113769
1980 42 4 64 64 5.646291
1980 180 30 40 40 0.556576
1980 112 126 28 28 0.007012
2010 204 36 48 48 19.053292
2010 14 112 28 28 0.001530
2040 196 35 47 47 20.829812
2040 35 28 48 48 16.450474
2040 192 9 46 46 17.752879
2040 177 26 40 40 3.272141
2070 215 10 47 47 20.049502
2070 208 1 47 47 13.515620
2070 12 25 46 46 11.381943
2070 192 20 32 32 4.690242
2070 163 12 39 39 5.840507
2070 165 20 40 40 3.035251
2070 242 22 44 44 0.755028
2100 490 84 24 24 4.010834
2100 303 1 36 36 5.812810
2100 191 36 48 48 3.619748
2100 297 8 36 36 0.825431
2100 191 0 48 48 1.277988
2100 459 126 36 36 0.002503
2130 456 2 36 36 6.174324
2130 264 0 48 48 0.972364
