30 229 112 27 27 18.490054
30 337 114 28 28 10.949869
30 226 119 28 28 6.224629
30 272 112 32 32 10.586693
30 310 126 36 36 7.475249
30 256 38 64 64 5.431515
30 148 112 30 30 5.600000
30 402 112 24 24 3.754894
30 154 121 28 28 4.185065
30 336 126 28 28 2.396029
30 343 116 28 28 3.954520
30 192 112 32 32 2.293815
30 154 0 28 28 1.191289
30 441 18 36 36 1.114907
30 209 114 24 24 0.721981
30 402 102 24 24 0.545209
30 300 108 24 24 0.132197
60 192 130 32 32 16.121476
60 123 112 28 28 13.564483
60 141 113 27 27 11.187670
60 7 112 28 28 10.481769
60 256 149 32 32 8.106571
60 168 123 28 28 7.284494
60 176 112 32 32 4.172369
60 481 114 24 24 5.899941
60 112 113 27 27 5.004431
60 191 112 32 32 3.602577
60 240 140 40 40 3.493408
60 256 12 64 64 3.825316
60 118 119 28 28 4.122053
60 210 109 24 24 3.471384
60 390 102 24 24 2.868896
60 282 0 64 64 2.769674
60 272 48 64 64 1.418417
60 3 119 28 28 2.033600
60 154 112 28 28 0.978570
60 256 136 32 32 0.561911
60 216 153 36 36 0.036336
90 168 141 38 38 21.855731
90 193 149 32 32 14.668303
90 6 113 26 26 18.945896
90 114 118 28 28 21.615721
90 312 143 36 36 7.549827
90 127 115 30 30 11.765337
90 124 125 28 28 18.512027
90 456 98 28 28 5.987432
90 155 151 35 35 11.109886
90 119 133 28 28 9.290919
90 264 149 32 32 4.897759
90 198 192 24 24 5.325045
90 143 99 23 23 4.682866
90 132 12 24 24 2.021768
90 18 114 24 24 1.990094
90 119 112 28 28 1.949592
90 144 10 24 24 2.583091
90 0 119 28 28 1.515189
90 48 48 64 64 1.421452
90 204 195 24 24 2.564874
90 256 136 32 32 0.838830
90 497 109 23 23 0.975335
90 245 133 28 28 0.396973
90 462 15 28 28 0.340023
90 288 198 24 24 0.247829
90 48 16 64 64 0.132896
90 272 144 32 32 0.117219
90 96 114 24 24 0.006644
120 152 153 36 36 38.759410
120 28 14 64 64 24.569442
120 144 144 36 36 5.540611
120 288 155 36 36 10.241665
120 96 5 23 23 11.459796
120 197 149 35 35 11.395210
120 144 162 36 36 4.725196
120 10 0 64 64 6.694346
120 162 162 36 36 4.369040
120 448 98 28 28 4.126990
120 99 83 23 23 6.463511
120 18 112 27 27 8.785807
120 163 141 38 38 6.671305
120 6 32 53 53 16.210433
120 194 192 24 24 4.742097
120 12 42 64 64 6.869624
120 497 110 24 24 3.678800
120 102 2 23 23 3.288258
120 96 97 23 23 2.743255
120 10 113 25 25 2.399138
120 175 140 40 40 2.913433
120 134 152 32 32 1.429349
120 206 191 24 24 2.038269
120 216 32 48 48 2.844760
120 216 153 36 36 1.035434
120 153 171 36 36 0.717407
120 216 171 36 36 0.249845
120 48 32 64 64 0.119861
150 14 113 26 26 21.764124
150 19 126 29 29 17.754412
150 167 173 39 39 9.493065
150 176 187 40 40 9.034349
150 9 124 28 28 8.857910
150 0 22 64 64 5.510221
150 20 112 31 31 6.841451
150 144 171 36 36 2.942323
150 240 157 41 41 4.952280
150 5 114 28 28 7.058525
150 299 100 24 24 2.810402
150 12 100 26 26 4.844417
150 0 115 27 27 4.457201
150 402 102 24 24 1.551003
150 498 114 23 23 1.539279
150 198 198 24 24 1.376405
150 160 185 40 40 2.496573
150 25 130 34 34 2.134190
150 160 160 40 40 1.103378
150 33 154 44 44 1.072356
150 280 24 32 32 0.824963
150 18 173 40 40 1.571428
150 355 0 28 28 0.832532
150 264 152 32 32 0.629905
150 289 102 24 24 0.736158
150 10 176 39 39 0.791242
150 224 133 28 28 0.300839
150 238 133 28 28 0.166603
180 3 113 27 27 18.214286
180 143 291 24 24 10.273366
180 130 258 32 32 10.301339
180 135 272 32 32 15.163046
180 496 114 23 23 5.677843
180 13 112 26 26 14.823899
180 240 157 41 41 6.076380
180 22 128 33 33 7.735029
180 1 130 29 29 8.096109
180 7 130 30 30 9.599417
180 129 282 29 29 3.671714
180 294 98 24 24 3.904395
180 0 176 40 40 3.019429
180 395 108 24 24 3.171068
180 144 280 32 32 1.659023
180 223 114 28 28 2.522306
180 392 12 24 24 2.523306
180 111 225 28 28 1.457765
180 293 107 24 24 1.094576
180 216 36 48 48 2.011440
180 208 290 24 24 2.510594
180 240 140 40 40 0.923646
180 8 171 36 36 0.717692
180 12 36 48 48 1.087234
180 486 114 24 24 0.319160
180 402 12 24 24 0.313227
180 144 256 32 32 0.210015
180 264 33 43 43 0.184402
180 115 237 28 28 0.153318
210 241 156 42 42 10.748712
210 2 112 25 25 11.727586
210 132 207 24 24 6.049707
210 6 192 46 46 15.299263
210 16 112 27 27 7.126272
210 154 303 35 35 9.289186
210 396 108 23 23 3.226202
210 223 114 27 27 4.710542
210 496 114 24 24 3.755613
210 162 292 36 36 4.158155
210 21 187 43 43 7.618418
210 294 107 23 23 4.155248
210 108 197 24 24 1.863024
210 240 170 40 40 1.637118
210 153 288 36 36 1.529107
210 12 168 48 48 2.543838
210 144 297 36 36 1.033515
210 216 36 48 48 1.125798
210 390 112 24 24 0.542656
210 390 12 24 24 0.373291
210 11 209 44 44 0.301295
210 210 114 24 24 0.222623
210 4 133 28 28 0.320493
210 240 140 40 40 0.207938
210 24 256 32 32 0.160204
210 294 96 24 24 0.052722
240 4 294 24 24 11.321997
240 192 148 32 32 6.841579
240 194 192 24 24 6.222042
240 280 260 32 32 5.561262
240 306 193 24 24 3.750978
240 144 170 36 36 2.921141
240 177 190 42 42 5.751964
240 297 161 35 35 5.975160
240 336 97 27 27 2.565412
240 35 223 48 48 7.830782
240 399 18 24 24 3.370854
240 96 294 24 24 1.907772
240 204 192 24 24 1.722442
240 392 18 24 24 2.769897
240 8 256 32 32 1.089738
240 303 144 36 36 1.526426
240 1 301 24 24 2.837145
240 192 136 32 32 0.852696
240 144 206 24 24 1.629171
240 16 264 32 32 0.689386
240 396 114 24 24 0.379212
240 0 32 64 64 0.352007
240 154 224 27 27 0.345372
240 288 153 36 36 0.312964
240 0 288 24 24 0.293505
240 294 288 24 24 0.271653
270 299 203 24 24 24.188072
270 300 192 24 24 4.670691
270 198 204 24 24 10.868366
270 194 169 47 47 12.278660
270 496 84 24 24 4.256126
270 146 170 36 36 4.324177
270 289 156 35 35 5.565046
270 204 209 24 24 2.879159
270 198 191 24 24 2.752271
270 217 164 44 44 4.736075
270 292 207 24 24 5.333524
270 306 200 23 23 3.367190
270 175 189 40 40 3.455091
270 25 169 46 46 4.646111
270 288 126 36 36 1.621773
270 186 33 44 44 1.364088
270 24 154 44 44 1.625014
270 170 180 40 40 0.992510
270 29 185 45 45 2.569859
270 498 96 23 23 0.935309
270 297 147 36 36 1.554453
270 160 170 40 40 0.731673
270 0 108 24 24 0.420612
270 160 190 40 40 0.412454
270 22 33 44 44 0.177507
270 144 198 24 24 0.116786
300 1 113 27 27 13.395264
300 1 184 40 40 15.166684
300 0 98 27 27 5.549345
300 4 180 40 40 14.162337
300 147 304 36 36 9.344852
300 215 199 48 48 14.876088
300 180 206 44 44 8.253282
300 162 302 36 36 5.040685
300 153 229 27 27 4.839744
300 315 144 36 36 2.996979
300 315 126 36 36 2.917228
300 152 294 36 36 8.606753
300 0 224 28 28 2.401037
300 289 96 23 23 2.569845
300 181 197 44 44 3.601574
300 12 36 48 48 3.713118
300 160 190 39 39 1.768987
300 292 84 24 24 2.048614
300 108 103 24 24 1.952829
300 259 256 32 32 2.436317
300 0 209 24 24 1.306785
300 162 288 36 36 1.162860
300 21 224 28 28 0.980429
300 10 106 25 25 1.669360
300 116 126 28 28 1.271347
300 153 243 28 28 1.027797
300 402 288 24 24 0.567811
300 216 228 48 48 1.035584
300 297 297 36 36 0.491896
300 336 133 28 28 0.467604
300 144 288 36 36 0.329275
330 0 116 28 28 23.088394
330 288 153 35 35 13.688893
330 240 165 40 40 10.854304
330 130 266 32 32 15.772825
330 19 126 29 29 20.337800
330 22 115 30 30 8.231857
330 242 154 44 44 3.076489
330 133 256 32 32 4.106455
330 0 22 64 64 4.986733
330 23 144 36 36 8.127089
330 288 228 47 47 5.536602
330 13 122 27 27 5.290138
330 448 238 28 28 2.372804
330 9 130 30 30 4.943734
330 306 18 24 24 2.171116
330 132 300 24 24 1.992433
330 25 127 34 34 3.610171
330 455 245 28 28 1.640231
330 188 33 44 44 1.900902
330 136 272 32 32 1.541413
330 290 96 24 24 2.800032
330 306 201 24 24 2.479069
330 288 126 36 36 1.362571
330 306 194 24 24 2.164244
330 144 288 24 24 1.040453
330 288 210 24 24 0.698148
330 0 129 31 31 1.056626
330 144 102 24 24 0.539341
330 292 83 23 23 0.496932
330 0 48 64 64 0.185046
330 18 162 36 36 0.133355
330 10 140 40 40 0.050071
330 288 113 23 23 0.045310
330 132 288 24 24 0.009929
360 290 84 24 24 9.485584
360 107 303 24 24 9.584593
360 7 274 32 32 13.056384
360 240 159 40 40 5.259940
360 0 112 27 27 3.974254
360 30 227 48 48 13.731518
360 0 134 29 29 5.458102
360 10 130 31 31 8.810302
360 0 180 40 40 2.994767
360 16 277 32 32 4.644103
360 97 304 24 24 4.950258
360 15 132 31 31 5.415661
360 0 258 32 32 2.808669
360 176 136 32 32 2.080285
360 128 147 32 32 3.342568
360 21 119 28 28 1.953518
360 144 126 36 36 1.706622
360 368 209 44 44 2.898235
360 272 128 32 32 1.339074
360 108 294 24 24 1.134054
360 96 108 24 24 0.879155
360 198 33 44 44 0.805880
360 48 48 64 64 0.729821
360 300 84 24 24 0.664913
360 306 12 24 24 0.208291
360 402 102 24 24 0.171814
360 290 102 24 24 0.173435
360 24 128 32 32 0.026870
390 241 156 42 42 8.644110
390 239 166 40 40 8.695094
390 0 40 64 64 10.245369
390 384 272 32 32 11.472604
390 0 113 28 28 7.143132
390 293 95 24 24 9.824062
390 19 126 29 29 11.684609
390 220 140 40 40 4.170231
390 0 130 28 28 5.313203
390 240 140 40 40 2.972552
390 17 170 37 37 7.945702
390 22 115 30 30 4.169230
390 306 18 24 24 2.331634
390 317 160 38 38 3.865110
390 441 126 36 36 2.102237
390 480 288 23 23 1.817396
390 199 304 23 23 3.720415
390 0 192 48 48 3.312276
390 192 280 32 32 1.310793
390 292 84 24 24 1.570114
390 306 162 36 36 0.736759
390 306 204 24 24 0.584350
390 397 284 27 27 0.979004
390 9 127 32 32 1.006697
390 241 184 42 42 0.548778
390 9 144 36 36 0.327334
390 294 108 24 24 0.321706
390 392 256 32 32 0.284644
390 420 228 48 48 0.262050
390 10 180 40 40 0.119848
390 288 114 24 24 0.104624
420 312 146 36 36 16.419799
420 386 203 23 23 16.039239
420 18 126 30 30 14.013852
420 389 210 24 24 7.729897
420 22 143 32 32 9.079543
420 0 114 29 29 9.657656
420 0 42 64 64 5.318294
420 9 136 33 33 7.989890
420 438 153 36 36 4.906364
420 390 198 24 24 2.724415
420 352 179 43 43 4.748585
420 12 172 39 39 9.606453
420 0 132 28 28 2.202719
420 149 125 35 35 3.805944
420 306 153 36 36 2.021987
420 153 144 36 36 1.720051
420 19 175 40 40 3.127179
420 352 154 44 44 0.779523
420 9 186 41 41 0.968435
420 264 11 44 44 0.598399
420 187 33 44 44 0.537023
420 23 112 32 32 0.433470
420 9 153 36 36 0.352311
420 7 119 28 28 0.210159
420 242 22 44 44 0.143832
450 192 137 32 32 13.542332
450 290 96 24 24 13.156300
450 22 141 32 32 13.307102
450 1 114 29 29 14.287166
450 240 159 41 41 12.080866
450 0 42 64 64 6.858736
450 17 127 32 32 17.291678
450 9 135 33 33 12.090481
450 192 112 32 32 3.895318
450 264 112 32 32 3.888179
450 148 126 36 36 6.527474
450 176 134 32 32 3.876782
450 162 126 36 36 2.806400
450 441 171 36 36 2.803617
450 220 160 40 40 2.679970
450 419 168 48 48 5.172928
450 300 97 24 24 3.241849
450 299 126 36 36 3.331593
450 294 103 24 24 3.918263
450 462 224 28 28 0.963955
450 0 129 28 28 1.611604
450 14 119 28 28 0.800787
450 291 144 36 36 1.270090
450 288 113 24 24 0.267675
450 18 171 36 36 0.240763
450 456 245 27 27 0.310313
450 7 126 29 29 0.325928
450 9 180 40 40 0.155886
450 176 112 32 32 0.101161
450 144 144 36 36 0.016070
480 290 95 24 24 15.192594
480 7 131 33 33 38.977883
480 288 168 48 48 14.524814
480 240 165 40 40 11.319729
480 18 129 32 32 25.048373
480 0 128 33 33 16.052678
480 21 133 32 32 31.161415
480 0 44 64 64 6.247003
480 242 154 44 44 4.392268
480 2 114 29 29 8.765381
480 146 126 36 36 5.907315
480 315 159 36 36 5.323727
480 264 154 44 44 3.323507
480 300 96 24 24 2.774794
480 20 149 33 33 5.148854
480 342 227 28 28 5.026378
480 14 145 33 33 7.049244
480 288 192 48 48 4.588610
480 14 119 28 28 2.268388
480 219 162 39 39 1.234431
480 150 144 36 36 1.239559
480 306 204 24 24 0.779271
480 320 182 40 40 0.974303
480 336 245 27 27 0.671064
480 294 104 24 24 1.091609
480 288 114 24 24 0.553684
480 320 140 40 40 0.410432
480 306 18 24 24 0.405883
480 23 114 30 30 0.375022
480 288 84 24 24 0.232047
480 288 162 36 36 0.145970
510 240 161 41 41 25.116548
510 290 96 24 24 15.767538
510 385 109 23 23 15.069186
510 21 136 32 32 18.278965
510 146 126 36 36 6.791417
510 218 161 38 38 6.898363
510 0 44 64 64 5.596602
510 11 128 33 33 14.704720
510 0 111 29 29 5.550290
510 264 154 44 44 3.164514
510 13 144 33 33 5.518553
510 325 160 40 40 5.602960
510 300 96 24 24 2.977804
510 319 165 39 39 6.254102
510 306 205 24 24 3.029315
510 288 192 48 48 3.887500
510 8 119 28 28 2.342958
510 306 18 23 23 1.599802
510 288 114 24 24 1.195219
510 288 171 36 36 1.189486
510 18 170 36 36 0.901204
510 216 148 36 36 1.744970
510 294 103 24 24 1.450069
510 288 83 23 23 0.711085
510 176 144 32 32 0.380075
510 21 152 32 32 0.429594
510 352 33 44 44 0.169130
510 390 102 24 24 0.142729
540 21 133 32 32 23.686856
540 240 163 40 40 13.574353
540 1 113 28 28 10.808690
540 11 128 33 33 29.134728
540 0 42 64 64 6.181855
540 290 96 24 24 8.161616
540 19 121 28 28 7.833337
540 17 144 32 32 6.780184
540 220 160 40 40 2.564087
540 297 102 23 23 6.260001
540 291 84 24 24 3.656255
540 7 119 28 28 2.130002
540 148 125 35 35 3.791495
540 300 114 24 24 1.259091
540 294 108 24 24 0.910135
540 216 144 36 36 0.867931
540 305 18 23 23 0.814147
540 288 114 24 24 0.563455
540 297 153 36 36 0.550035
540 0 133 27 27 0.338179
540 216 126 36 36 0.220106
540 18 171 36 36 0.059504
570 130 277 32 32 30.448772
570 132 270 32 32 22.271874
570 205 208 24 24 14.709611
570 21 133 33 33 22.013001
570 291 169 35 35 15.095425
570 166 140 39 39 10.481977
570 1 114 28 28 16.051806
570 296 147 36 36 11.991128
570 11 128 33 33 27.266009
570 295 158 36 36 13.415078
570 154 143 36 36 11.590222
570 5 117 28 28 17.404216
570 144 279 32 32 5.083429
570 0 44 64 64 4.892960
570 192 152 32 32 2.610249
570 21 121 28 28 3.945213
570 144 298 24 24 2.084760
570 13 144 34 34 4.047942
570 160 162 39 39 1.973336
570 297 126 36 36 1.456918
570 162 289 36 36 1.209760
570 127 264 32 32 0.939718
570 288 192 48 48 1.326460
570 288 153 36 36 0.378728
570 350 140 40 40 0.304804
570 198 297 36 36 0.252039
570 14 112 28 28 0.076091
570 144 153 36 36 0.022040
600 306 168 36 36 31.749420
600 240 169 40 40 21.711709
600 264 154 44 44 8.759885
600 315 164 35 35 16.938179
600 241 156 42 42 15.020200
600 1 113 27 27 15.078306
600 1 144 32 32 23.991704
600 291 169 36 36 14.595783
600 307 152 36 36 7.828196
600 304 205 24 24 14.811666
600 292 96 23 23 11.921681
600 13 204 23 23 12.078757
600 218 160 40 40 8.173930
600 2 245 28 28 5.699468
600 16 196 24 24 5.712922
600 4 148 33 33 4.263449
600 176 143 32 32 2.796287
600 297 162 36 36 2.228348
600 300 210 24 24 2.205153
600 0 127 33 33 3.621700
600 432 153 36 36 2.002581
600 216 143 36 36 2.085473
600 18 210 24 24 1.932984
600 0 162 36 36 1.824368
600 24 128 32 32 1.938461
600 302 197 23 23 2.341902
600 8 136 32 32 1.329155
600 108 210 23 23 0.953889
600 96 108 24 24 0.725699
600 300 101 24 24 0.580638
600 288 84 24 24 0.528066
600 240 140 40 40 0.371498
600 292 108 24 24 0.347737
600 408 112 32 32 0.123348
630 240 168 40 40 14.559467
630 293 96 24 24 19.809750
630 150 126 36 36 13.738903
630 241 156 42 42 10.382342
630 0 42 64 64 7.457858
630 0 288 36 36 4.475575
630 297 102 24 24 5.488110
630 388 204 24 24 3.976342
630 0 305 29 29 3.766099
630 292 108 24 24 1.987590
630 291 84 24 24 2.737930
630 288 112 23 23 1.789870
630 293 171 36 36 2.018303
630 330 160 40 40 1.206638
630 306 204 24 24 1.090597
630 318 172 39 39 2.030270
630 153 144 36 36 1.012045
630 8 280 32 32 0.632290
630 384 209 24 24 0.385019
630 288 102 24 24 0.273034
660 18 128 34 34 23.315198
660 1 290 24 24 14.404318
660 0 45 64 64 4.720352
660 19 227 47 47 13.006276
660 6 292 24 24 7.757994
660 192 143 32 32 3.636177
660 148 126 36 36 6.550827
660 153 143 36 36 7.235715
660 176 145 32 32 2.504475
660 4 256 32 32 2.676225
660 162 126 36 36 1.017024
660 0 300 24 24 0.234522
660 0 227 48 48 0.442990
660 24 144 32 32 0.193557
690 240 170 40 40 15.384113
690 13 169 47 47 9.790806
690 11 128 35 35 5.388264
690 288 111 24 24 4.843314
690 16 144 32 32 6.048581
690 144 158 36 36 3.643217
690 18 186 45 45 7.838149
690 0 256 32 32 1.348034
690 30 170 40 40 1.267218
690 12 204 46 46 4.391231
690 392 18 23 23 1.644847
690 128 280 32 32 0.723204
690 16 256 32 32 0.613850
690 48 48 64 64 0.478123
690 24 0 32 32 0.004714
720 241 98 28 28 15.449391
720 227 98 28 28 12.042328
720 17 0 27 27 11.028028
720 235 113 27 27 8.851129
720 208 168 45 45 9.607523
720 220 186 40 40 4.831171
720 149 298 36 36 8.729094
720 232 117 28 28 9.676610
720 0 135 32 32 5.297663
720 224 113 28 28 3.213220
720 147 306 36 36 4.277753
720 0 121 27 27 4.126883
720 147 287 36 36 2.569627
720 241 133 28 28 2.969145
720 3 125 30 30 2.936593
720 384 114 24 24 0.942881
720 21 238 28 28 0.926768
720 19 119 28 28 1.104823
720 220 160 40 40 0.801962
720 17 9 24 24 1.138224
720 238 126 28 28 0.474455
720 396 12 24 24 0.109090
720 336 0 28 28 0.097948
720 198 154 44 44 0.043724
750 237 98 28 28 20.234125
750 232 113 28 28 24.362065
750 227 97 27 27 14.178879
750 195 170 46 46 30.026566
750 35 30 64 64 15.843634
750 11 9 24 24 11.822069
750 192 144 32 32 13.532956
750 196 154 44 44 5.974241
750 235 132 27 27 7.665075
750 215 167 36 36 6.229022
750 224 121 28 28 4.978062
750 40 48 64 64 5.979812
750 167 163 40 40 7.756607
750 192 128 32 32 2.900744
750 245 112 28 28 2.792984
750 230 125 28 28 5.369078
750 170 175 40 40 5.343051
750 7 0 26 26 4.945949
750 238 121 27 27 2.770532
750 0 116 28 28 2.361598
750 116 131 27 27 3.859949
750 7 245 28 28 1.376362
750 216 27 48 48 3.706892
750 176 152 32 32 1.319033
750 144 97 24 24 1.416110
750 1 4 27 27 2.606928
750 112 126 28 28 0.938752
750 216 153 36 36 0.722093
750 16 96 25 25 0.978722
750 160 140 40 40 0.669170
750 220 180 40 40 0.623165
750 48 16 64 64 0.552729
750 191 112 32 32 0.457303
750 455 112 28 28 0.420897
750 198 186 44 44 0.420109
750 18 6 24 24 0.405214
750 160 170 40 40 0.159770
750 231 231 28 28 0.149968
750 390 102 24 24 0.041675
780 4 9 24 24 17.565940
780 1 1 26 26 10.430598
780 218 172 40 40 6.783704
780 129 137 32 32 5.199198
780 176 112 32 32 3.132285
780 405 112 32 32 3.387124
780 43 44 64 64 4.479693
780 220 190 40 40 1.985457
780 357 7 28 28 1.841226
780 176 128 32 32 1.798800
780 495 18 24 24 2.775059
780 12 6 24 24 1.560395
780 459 126 36 36 0.838550
780 12 96 24 24 0.783763
780 390 114 23 23 0.360024
780 320 160 40 40 0.343335
780 136 128 32 32 0.030731
810 155 126 36 36 9.528751
810 240 161 40 40 5.176968
810 447 126 28 28 3.471894
810 168 133 28 28 2.297707
810 437 10 36 36 4.627446
810 215 35 48 48 2.841666
810 340 0 40 40 0.947095
810 431 171 36 36 0.765253
810 388 112 32 32 0.636634
810 432 126 36 36 0.344968
810 432 18 36 36 0.017975
840 450 132 28 28 6.452310
840 384 154 44 44 2.686714
840 401 143 32 32 2.877463
840 384 170 46 46 5.811380
840 453 125 27 27 2.188276
840 33 154 44 44 1.444188
840 408 150 32 32 1.724554
840 408 128 32 32 1.079671
840 169 160 40 40 0.733379
840 288 84 24 24 0.144537
870 263 145 32 32 12.817313
870 240 140 40 40 4.994809
870 258 149 32 32 9.131264
870 28 195 45 45 5.650776
870 240 160 41 41 5.243045
870 15 205 46 46 4.514839
870 288 210 24 24 1.127496
870 272 136 32 32 1.082966
870 408 112 32 32 1.010662
900 412 224 47 47 37.814508
900 419 210 47 47 19.690356
900 408 202 48 48 31.422994
900 469 133 28 28 4.463278
900 2 43 64 64 7.956159
900 160 182 40 40 6.333037
900 480 298 24 24 7.270468
900 415 192 48 48 9.752364
900 197 208 23 23 3.857869
900 400 139 32 32 4.204629
900 193 205 23 23 3.501653
900 17 38 64 64 3.456268
900 396 192 48 48 3.448092
900 159 161 40 40 1.879192
900 396 215 48 48 2.863750
900 441 126 36 36 1.300717
900 487 294 24 24 0.793582
900 492 300 24 24 0.162543
930 102 108 24 24 7.922342
930 203 203 47 47 52.929656
930 238 242 28 28 14.370284
930 29 177 41 41 7.272065
930 8 192 24 24 6.876562
930 32 154 44 44 3.696027
930 240 231 28 28 4.521488
930 11 202 23 23 3.699301
930 193 193 47 47 6.597827
930 216 192 48 48 4.263940
930 216 216 48 48 3.735292
930 245 238 28 28 1.637585
930 400 114 24 24 2.213535
930 271 112 32 32 1.434683
930 192 216 48 48 1.573262
930 395 228 48 48 0.623930
960 239 243 28 28 9.461772
960 276 112 32 32 7.500706
960 261 112 32 32 5.617575
960 202 204 47 47 15.017521
960 0 153 36 36 2.593140
960 31 170 46 46 6.803966
960 238 231 27 27 1.830207
960 245 237 28 28 1.307585
960 112 133 27 27 1.159973
960 192 215 47 47 1.337901
960 468 245 28 28 0.712835
960 216 216 48 48 0.862722
960 0 136 32 32 0.175459
990 135 144 32 32 45.787513
990 257 131 32 32 22.731748
990 128 148 32 32 16.188716
990 257 144 32 32 7.883046
990 187 180 43 43 9.796777
990 144 133 33 33 8.284291
990 144 150 32 32 4.641443
990 198 187 43 43 4.572503
990 454 126 28 28 2.223560
990 464 133 27 27 3.641703
990 256 112 32 32 1.872098
990 210 114 24 24 1.768746
990 397 108 24 24 2.054906
990 448 237 28 28 1.225215
990 144 192 24 24 1.172614
990 459 295 35 35 1.377307
990 144 162 36 36 0.736538
990 264 136 32 32 0.622135
990 231 224 28 28 0.418284
990 469 126 28 28 0.232237
1020 220 161 39 39 9.876125
1020 311 126 36 36 10.988735
1020 314 145 36 36 4.647993
1020 304 112 24 24 7.276228
1020 219 140 40 40 2.787243
1020 402 108 24 24 1.565790
1020 128 152 32 32 1.535859
1020 300 108 24 24 1.022717
1020 192 152 32 32 0.766409
1020 264 36 48 48 0.449194
1020 210 192 24 24 0.137448
1050 354 131 28 28 34.903998
1050 349 125 28 28 6.699203
1050 0 161 36 36 14.967736
1050 288 23 64 64 7.633728
1050 8 180 40 40 5.530322
1050 336 127 28 28 5.230427
1050 481 113 24 24 2.853951
1050 356 119 28 28 2.424988
1050 0 112 32 32 1.989663
1050 8 144 32 32 1.640124
1050 343 131 28 28 1.937431
1050 280 152 32 32 1.455805
1050 225 231 28 28 1.856598
1050 393 108 24 24 2.260961
1050 384 128 32 32 0.783451
1050 0 125 31 31 0.796005
1050 390 102 24 24 0.332726
1050 390 114 24 24 0.344065
1050 384 152 32 32 0.201607
1050 264 154 44 44 0.164905
1050 153 144 36 36 0.162802
1050 14 119 28 28 0.064759
1080 11 131 28 28 32.021727
1080 0 130 28 28 14.390247
1080 467 130 28 28 17.390070
1080 460 126 27 27 14.531928
1080 3 126 29 29 13.357325
1080 432 145 36 36 7.052115
1080 114 225 28 28 11.731499
1080 19 237 28 28 13.309312
1080 384 112 32 32 4.357707
1080 16 243 28 28 8.482195
1080 8 168 48 48 9.648228
1080 119 245 27 27 8.272109
1080 451 132 27 27 5.444245
1080 8 195 44 44 7.911477
1080 116 231 27 27 5.647655
1080 0 190 45 45 3.991778
1080 350 133 28 28 1.822677
1080 324 140 40 40 2.857717
1080 432 126 36 36 1.530351
1080 126 225 28 28 1.972881
1080 48 48 64 64 1.201743
1080 330 160 40 40 1.198687
1080 210 204 24 24 1.087450
1080 107 204 24 24 0.814666
1080 408 128 32 32 0.392554
1080 469 119 28 28 0.345660
1080 168 245 28 28 0.135683
1110 4 129 33 33 46.667753
1110 18 129 33 33 43.689794
1110 460 128 28 28 19.358573
1110 191 262 32 32 9.991677
1110 176 262 32 32 7.167999
1110 302 289 23 23 11.048414
1110 455 133 28 28 4.314275
1110 7 145 32 32 11.040694
1110 143 152 32 32 3.211245
1110 176 209 43 43 3.248764
1110 311 169 36 36 5.193128
1110 12 152 32 32 3.898989
1110 288 228 48 48 3.293744
1110 468 131 28 28 1.956742
1110 264 227 48 48 2.787448
1110 293 296 23 23 2.072344
1110 385 154 44 44 1.225565
1110 313 288 36 36 1.334331
1110 0 16 64 64 1.102570
1110 280 280 32 32 1.044619
1110 8 112 32 32 0.943075
1110 199 288 23 23 0.937937
1110 306 210 24 24 0.616962
1110 0 152 32 32 0.531814
1110 288 126 36 36 0.493032
1110 486 306 24 24 0.360911
1110 420 228 48 48 0.259102
1110 24 144 32 32 0.103816
1140 111 132 27 27 11.902154
1140 20 126 35 35 9.383794
1140 455 303 36 36 13.173283
1140 394 144 32 32 6.719086
1140 2 126 35 35 4.689470
1140 446 297 36 36 5.127400
1140 441 301 36 36 4.793903
1140 17 98 28 28 2.202231
1140 400 152 32 32 1.069631
1140 493 192 24 24 1.866674
1140 2 203 24 24 0.969884
1140 2 161 37 37 0.521740
1140 24 152 32 32 0.370381
1140 48 16 64 64 0.145762
1140 9 144 36 36 0.041603
1140 432 296 36 36 0.003216
1170 129 130 30 30 51.715729
1170 25 161 38 38 57.034410
1170 10 162 39 39 41.729165
1170 7 47 64 64 11.495306
1170 119 133 28 28 5.854164
1170 136 136 32 32 5.323504
1170 4 169 40 40 5.453977
1170 30 140 40 40 0.199821
1200 21 161 40 40 23.404225
1200 28 156 41 41 12.673746
1200 25 168 40 40 9.032881
1200 106 202 23 23 7.121593
1200 1 48 64 64 2.649978
1200 300 288 24 24 1.599652
1200 132 192 23 23 1.474370
1200 140 127 32 32 2.073971
1200 128 152 32 32 0.951813
1200 384 0 32 32 0.769246
1200 280 272 32 32 0.563970
1200 96 204 24 24 0.048288
1230 133 149 32 32 17.607510
1230 144 191 24 24 5.607057
1230 8 226 28 28 12.334875
1230 128 140 32 32 8.402126
1230 130 112 32 32 6.651358
1230 3 130 30 30 9.218227
1230 4 112 31 31 8.392902
1230 133 134 32 32 9.366763
1230 15 114 29 29 15.898070
1230 7 169 42 42 11.642491
1230 290 303 36 36 7.073769
1230 3 151 36 36 7.347261
1230 131 127 32 32 4.376722
1230 14 127 28 28 6.362392
1230 12 192 24 24 2.425883
1230 11 154 43 43 2.214956
1230 297 297 36 36 1.751079
1230 0 172 44 44 2.813386
1230 7 238 28 28 0.731923
1230 245 133 28 28 0.345348
1230 306 306 35 35 0.118143
1260 21 129 28 28 6.542612
1260 21 119 28 28 1.918371
1260 8 112 30 30 0.904292
1260 7 224 28 28 0.035206
1290 23 127 34 34 42.842259
1290 18 144 34 34 78.590286
1290 12 128 34 34 16.160491
1290 6 147 35 35 48.156066
1290 114 111 27 27 7.252620
1290 112 130 27 27 7.814188
1290 43 37 64 64 8.836670
1290 139 280 32 32 5.358122
1290 192 298 23 23 5.020714
1290 144 302 24 24 4.396634
1290 305 298 24 24 2.668257
1290 111 98 28 28 1.180017
1290 176 280 32 32 1.130847
1290 32 48 64 64 1.011072
1290 27 152 36 36 0.925595
1290 462 133 28 28 0.689432
1290 96 300 24 24 0.468664
1290 119 126 28 28 0.396919
1290 32 16 64 64 0.315591
1290 198 294 24 24 0.214209
1290 9 162 36 36 0.100689
1320 4 128 33 33 68.279442
1320 405 136 32 32 23.624756
1320 16 129 30 30 54.938292
1320 7 145 33 33 38.405584
1320 11 150 32 32 18.033735
1320 1 121 27 27 11.712311
1320 22 112 32 32 4.644523
1320 0 45 64 64 4.265094
1320 0 146 35 35 4.934321
1320 23 141 32 32 5.253477
1320 481 192 23 23 2.702459
1320 456 155 36 36 4.090016
1320 400 143 32 32 1.909408
1320 400 128 32 32 1.596521
1320 14 119 28 28 0.916081
1320 37 16 64 64 1.199101
1320 128 128 32 32 0.768247
1320 391 136 32 32 0.200074
1350 18 129 31 31 66.543140
1350 6 130 32 32 19.697020
1350 391 143 32 32 20.617997
1350 384 148 32 32 7.038200
1350 432 152 36 36 6.305206
1350 400 148 32 32 4.763155
1350 271 148 32 32 4.183755
1350 0 110 24 24 3.576192
1350 384 136 32 32 1.276147
1350 350 133 28 28 1.109541
1350 400 135 32 32 0.974240
1350 402 192 24 24 0.307328
1350 27 126 36 36 0.176721
1350 391 128 32 32 0.092868
1380 384 134 32 32 12.535496
1380 274 136 32 32 8.591929
1380 5 132 33 33 4.420616
1380 207 209 23 23 5.081742
1380 277 144 32 32 3.198983
1380 198 210 24 24 0.465023
1380 392 128 32 32 0.039170
1410 386 130 32 32 17.615878
1410 220 172 40 40 5.266187
1410 383 146 32 32 5.718519
1410 272 143 32 32 9.048190
1410 111 223 27 27 2.582139
1410 195 172 45 45 3.601435
1410 176 152 32 32 1.814950
1410 267 136 32 32 2.699667
1410 168 226 28 28 2.065763
1410 162 148 36 36 1.991904
1410 392 136 32 32 0.824382
1410 240 185 40 40 1.448078
1410 220 140 40 40 0.089092
1440 448 122 28 28 10.155818
1440 432 126 36 36 4.853898
1440 96 192 24 24 2.883418
1440 448 133 28 28 2.565897
1440 35 205 47 47 6.531895
1440 300 125 35 35 3.614549
1440 273 136 32 32 1.821736
1440 108 114 24 24 1.016859
1440 36 228 48 48 0.247054
1440 288 204 48 48 0.114304
1470 394 199 24 24 10.573673
1470 5 130 31 31 4.764238
1470 402 203 24 24 1.773695
1470 498 202 24 24 2.597024
1470 8 0 32 32 1.071121
1470 127 134 30 30 1.011350
1470 21 14 28 28 0.136236
1500 0 130 28 28 9.903636
1500 19 127 32 32 5.156092
1500 143 130 34 34 5.286132
1500 12 6 24 24 2.093108
1500 0 0 24 24 0.918106
1530 176 139 32 32 12.297657
1530 12 129 28 28 9.418034
1530 484 193 23 23 10.150161
1530 162 126 36 36 2.608550
1530 459 165 36 36 4.112521
1530 3 128 31 31 4.643056
1530 27 126 36 36 2.351776
1530 0 31 64 64 2.151827
1530 498 210 24 24 2.011517
1530 21 126 28 28 1.445806
1530 18 0 24 24 0.616952
1560 176 145 32 32 7.152541
1560 14 0 24 24 8.024267
1560 0 133 32 32 4.571823
1560 452 171 36 36 3.355216
1560 21 138 36 36 3.625249
1560 18 126 36 36 0.830380
1560 7 128 32 32 0.736378
1560 95 288 24 24 0.655239
1560 441 126 36 36 0.238689
1560 27 153 36 36 0.090988
1590 486 193 23 23 24.461819
1590 150 144 36 36 9.967783
1590 1 138 32 32 13.632176
1590 492 198 23 23 3.601928
1590 5 153 36 36 3.581302
1590 8 144 32 32 2.037583
1590 459 162 36 36 2.297943
1590 144 152 33 33 2.716772
1590 127 112 32 32 0.950774
1590 0 152 32 32 0.095708
1620 141 151 32 32 8.362106
1620 132 114 24 24 2.851011
1620 450 153 36 36 0.330098
1650 408 151 32 32 4.382188
1650 343 133 28 28 2.015175
1650 136 152 32 32 1.527392
1650 144 195 24 24 2.030122
1650 238 245 28 28 0.595931
1650 143 209 24 24 0.625357
1650 132 108 24 24 0.276542
1680 392 141 32 32 7.377613
1680 355 133 28 28 3.317269
1680 108 102 24 24 1.740649
1680 432 171 36 36 1.616249
1680 459 167 35 35 1.822559
1680 144 192 24 24 1.122092
1710 2 149 33 33 14.414924
1710 123 119 27 27 7.404655
1710 0 144 32 32 3.155063
1710 400 152 32 32 0.993825
1710 392 144 32 32 0.913119
1740 391 151 32 32 6.648581
1740 431 156 36 36 6.433085
1740 2 112 28 28 5.284654
1740 14 160 36 36 9.078994
1740 431 166 36 36 5.518062
1740 5 155 40 40 5.758015
1740 198 112 24 24 2.169385
1740 350 133 28 28 1.162981
1740 23 155 36 36 2.699035
1740 18 144 36 36 0.881779
1740 192 108 24 24 0.121072
1770 498 113 24 24 4.874669
1770 384 152 32 32 3.092854
1770 14 84 24 24 3.620880
1770 402 193 24 24 2.332616
1770 350 140 40 40 0.299153
1770 131 24 32 32 0.499412
1770 303 108 24 24 0.184850
1800 440 147 36 36 16.492548
1800 399 152 32 32 8.553504
1800 442 165 36 36 10.655262
1800 449 168 36 36 5.407697
1800 119 123 28 28 5.461953
1800 450 155 36 36 4.248727
1800 431 151 36 36 2.726626
1800 198 306 36 36 2.147283
1800 144 24 32 32 1.248963
1800 216 301 36 36 1.836743
1800 480 198 24 24 0.423446
1800 231 98 28 28 0.077719
1830 117 127 28 28 10.614816
1830 22 129 29 29 7.880624
1830 22 112 32 32 3.706720
1830 114 21 28 28 4.075093
1830 112 133 28 28 2.245135
1830 336 98 28 28 2.027638
1830 11 112 32 32 1.712980
1830 126 133 28 28 0.220222
1860 7 129 32 32 56.001688
1860 1 135 31 31 9.972106
1860 22 130 30 30 14.135642
1860 117 128 28 28 10.999780
1860 13 131 33 33 8.148693
1860 111 130 27 27 4.425262
1860 355 98 28 28 2.818193
1860 353 111 28 28 4.225652
1860 112 7 28 28 1.343975
1860 191 36 48 48 2.511438
1860 126 133 28 28 0.592195
1860 8 144 32 32 0.541400
1860 350 119 28 28 0.246111
1890 0 132 32 32 5.392109
1890 352 112 28 28 4.776154
1890 355 116 28 28 3.915205
1920 20 129 32 32 28.973115
1920 11 129 33 33 30.754128
1920 19 143 33 33 6.212534
1920 8 141 36 36 9.465626
1920 356 114 28 28 3.964349
1920 350 118 28 28 4.723236
1920 402 114 24 24 2.269671
1920 204 35 48 48 1.195184
