30 16 143 32 32 6.581822
30 9 133 33 33 5.250130
30 22 48 64 64 2.654558
30 48 48 64 64 0.790194
30 24 148 32 32 0.883818
30 16 128 32 32 0.009951
30 498 96 24 24 0.001200
60 14 146 32 32 16.184634
60 405 141 32 32 14.813711
60 400 136 32 32 2.070244
60 408 128 32 32 1.823929
60 24 152 32 32 0.568086
60 350 133 28 28 0.035160
90 322 12 39 39 11.836413
90 325 20 40 40 6.725503
90 48 48 64 64 2.685281
90 288 83 23 23 0.102546
120 290 8 36 36 25.735698
120 306 8 36 36 6.569272
120 26 126 36 36 6.023053
120 297 0 36 36 5.221159
120 459 126 36 36 4.285975
120 9 113 30 30 5.607876
120 20 130 27 27 5.882566
120 14 125 28 28 8.872925
120 2 38 64 64 5.259669
120 297 18 36 36 1.852314
120 339 112 28 28 2.449587
120 408 112 32 32 0.767853
120 168 119 28 28 0.559894
120 16 48 64 64 0.499675
150 408 136 32 32 6.475998
150 434 126 36 36 6.540587
150 352 35 64 64 5.196559
150 357 125 28 28 7.144542
150 168 244 28 28 3.920736
150 4 119 28 28 4.868255
150 384 107 24 24 2.310456
150 240 14 27 27 3.534972
150 1 127 28 28 2.752608
150 244 18 28 28 3.073865
150 458 130 30 30 1.937500
150 256 0 32 32 0.833058
150 4 130 28 28 1.962717
180 344 132 28 28 12.041910
180 352 37 64 64 7.615192
180 283 32 64 64 6.705996
180 399 138 32 32 8.049477
180 21 127 28 28 3.913154
180 355 126 27 27 9.200128
180 393 149 32 32 7.597551
180 168 112 28 28 1.243679
180 256 16 64 64 0.988404
210 151 114 28 28 13.564094
210 352 40 64 64 9.617402
210 392 145 32 32 14.826297
210 357 121 28 28 6.002046
210 386 149 32 32 9.210518
210 397 136 32 32 4.026813
210 303 113 23 23 2.746901
210 400 152 32 32 1.307530
210 300 108 24 24 1.139500
210 349 126 28 28 1.111574
210 352 16 64 64 0.889199
210 245 98 28 28 0.600954
210 288 36 64 64 0.857185
210 384 136 32 32 0.593770
210 210 113 24 24 0.510536
210 357 133 28 28 0.257135
210 136 112 32 32 0.120910
210 231 98 28 28 0.013464
210 384 16 32 32 0.003064
240 351 33 64 64 17.181045
240 136 112 32 32 5.762745
240 440 126 36 36 14.362712
240 351 7 64 64 9.127665
240 432 146 36 36 7.729291
240 154 98 28 28 3.277706
240 401 129 32 32 8.146856
240 154 112 28 28 2.889456
240 458 126 36 36 2.668880
240 264 27 47 47 6.897856
240 301 109 23 23 7.138277
240 405 112 32 32 3.300846
240 125 0 28 28 1.958902
240 438 158 36 36 4.843952
240 131 11 24 24 1.469129
240 353 245 28 28 2.036366
240 466 245 28 28 1.416105
240 340 245 28 28 1.190562
240 294 114 24 24 0.768033
240 455 245 28 28 0.405574
240 12 107 24 24 0.134828
240 306 114 24 24 0.058111
240 242 32 44 44 0.048469
270 300 101 24 24 33.866073
270 304 106 24 24 22.178003
270 124 117 28 28 20.582248
270 44 10 64 64 16.658771
270 30 5 64 64 11.208887
270 445 126 36 36 10.609133
270 293 98 23 23 10.028946
270 3 112 24 24 15.685767
270 460 125 28 28 15.861614
270 306 96 24 24 3.828981
270 293 110 24 24 7.080267
270 352 118 28 28 5.354774
270 0 105 26 26 8.127061
270 353 98 28 28 5.522839
270 458 131 29 29 6.883610
270 264 31 48 48 7.071486
270 16 8 64 64 3.101481
270 300 114 24 24 1.498778
270 242 32 44 44 1.495732
270 112 119 27 27 1.402309
270 154 0 28 28 1.079926
270 119 112 28 28 1.012855
270 352 32 64 64 0.861396
270 267 0 64 64 1.215123
270 288 30 48 48 2.999498
270 455 112 27 27 0.699837
270 357 126 27 27 0.694029
270 300 84 24 24 0.626099
270 132 6 24 24 0.477671
270 469 21 28 28 0.422247
270 288 112 24 24 0.547823
270 126 133 28 28 0.237229
300 293 113 24 24 23.897353
300 19 112 27 27 9.005742
300 452 128 31 31 23.112143
300 290 108 24 24 8.149425
300 432 126 36 36 3.493169
300 306 112 24 24 5.120117
300 301 107 24 24 6.046273
300 264 112 32 32 3.310993
300 336 97 27 27 2.771004
300 199 35 47 47 11.509840
300 469 130 28 28 3.063842
300 192 29 48 48 7.621880
300 12 126 36 36 3.320820
300 256 0 64 64 1.823058
300 132 9 24 24 2.819566
300 402 114 24 24 1.201144
300 306 101 24 24 0.725203
300 144 0 24 24 0.705768
300 24 128 32 32 0.448302
300 357 98 28 28 0.330845
300 462 119 28 28 0.197278
300 101 12 24 24 0.186189
330 400 129 32 32 20.362749
330 388 136 32 32 7.807336
330 241 98 28 28 7.862169
330 384 131 32 32 7.281513
330 408 136 32 32 3.352524
330 288 16 64 64 2.413643
330 192 84 24 24 1.905983
330 21 0 28 28 1.554582
330 388 112 32 32 2.918505
330 144 98 24 24 1.861560
330 397 144 32 32 1.399476
330 199 97 24 24 2.213198
330 385 22 44 44 0.721328
330 386 144 32 32 1.033717
330 405 112 32 32 0.555137
330 96 198 24 24 0.074989
360 484 18 24 24 5.853390
360 288 41 64 64 6.548065
360 450 19 28 28 8.085285
360 461 15 28 28 11.482490
360 441 0 36 36 6.254186
360 104 96 24 24 5.643575
360 132 96 24 24 3.092740
360 469 17 28 28 5.066972
360 192 99 24 24 4.297805
360 255 20 64 64 3.056117
360 489 192 24 24 2.966263
360 215 35 48 48 2.289450
360 144 95 24 24 0.669194
360 330 10 40 40 0.503741
360 420 36 48 48 0.561852
360 480 192 24 24 0.236117
360 24 136 32 32 0.040880
360 340 140 40 40 0.028273
390 490 12 24 24 38.258164
390 480 13 24 24 10.939501
390 484 18 23 23 10.556940
390 468 4 28 28 11.389258
390 276 112 32 32 11.124486
390 306 111 24 24 8.145531
390 335 0 40 40 8.876882
390 144 96 24 24 4.083724
390 492 197 24 24 10.137185
390 264 112 32 32 3.553542
390 495 193 24 24 7.376542
390 202 101 24 24 4.854833
390 498 18 24 24 2.060883
390 497 202 24 24 4.159730
390 280 47 64 64 4.109875
390 256 6 64 64 2.818012
390 330 10 40 40 1.681354
390 48 0 64 64 1.382535
390 486 203 24 24 1.317238
390 306 8 36 36 1.258419
390 338 139 39 39 1.441332
390 199 97 24 24 2.828432
390 266 32 64 64 2.030761
390 486 6 24 24 0.512212
390 241 98 28 28 0.939155
390 306 126 36 36 0.444822
390 231 98 28 28 0.405259
390 108 84 24 24 0.338535
420 243 125 28 28 19.676185
420 106 5 24 24 20.686894
420 238 119 28 28 23.464943
420 199 103 24 24 12.278252
420 232 126 27 27 19.669177
420 10 193 24 24 14.400851
420 386 21 32 32 11.367387
420 368 0 43 43 8.798197
420 245 112 28 28 3.868476
420 203 107 24 24 12.908888
420 102 0 24 24 3.619244
420 228 114 27 27 9.080265
420 351 3 43 43 5.182123
420 280 112 32 32 3.361086
420 241 132 27 27 6.184903
420 221 129 30 30 6.871269
420 292 126 36 36 6.223159
420 406 136 32 32 8.700491
420 459 0 36 36 2.997963
420 234 98 28 28 5.189554
420 278 129 32 32 4.005139
420 395 16 26 26 6.874821
420 262 35 64 64 4.942707
420 347 26 40 40 4.800973
420 198 126 36 36 1.829061
420 102 12 24 24 1.630587
420 168 98 28 28 1.487295
420 265 48 64 64 2.561345
420 0 192 24 24 1.342042
420 259 112 32 32 2.164423
420 170 140 40 40 1.277438
420 363 11 44 44 1.251095
420 371 154 44 44 1.761196
420 224 98 28 28 0.887550
420 224 119 28 28 0.352839
420 6 198 24 24 0.121743
420 210 114 24 24 0.089263
420 383 11 25 25 0.075354
450 143 10 23 23 12.194747
450 217 145 37 37 12.448681
450 198 126 36 36 4.469342
450 198 169 36 36 5.048258
450 257 150 32 32 6.000887
450 144 0 24 24 3.671592
450 132 10 24 24 7.114617
450 128 2 26 26 6.736874
450 240 140 40 40 3.294632
450 459 27 36 36 3.071162
450 298 112 24 24 5.233724
450 306 201 24 24 4.943778
450 0 106 24 24 3.703251
450 196 146 34 34 3.962467
450 175 146 33 33 6.166140
450 152 125 35 35 5.577801
450 236 98 28 28 4.886615
450 217 126 34 34 2.607204
450 188 155 39 39 4.859632
450 231 127 28 28 2.523796
450 216 162 36 36 1.743030
450 394 210 23 23 3.675616
450 310 171 36 36 2.982722
450 390 107 24 24 1.621068
450 402 202 23 23 2.685478
450 396 198 24 24 1.033109
450 269 48 64 64 1.198419
450 240 158 40 40 1.239835
450 300 198 24 24 0.942130
450 384 207 23 23 1.506459
450 320 160 40 40 0.795693
450 302 162 36 36 1.369732
450 180 140 40 40 0.776487
450 294 107 24 24 0.428817
450 12 108 24 24 0.419716
450 384 192 24 24 0.374462
450 330 170 40 40 0.284194
450 297 171 36 36 0.277458
450 288 153 36 36 0.124026
450 400 112 32 32 0.089312
480 4 144 36 36 73.232420
480 19 149 35 35 66.378238
480 23 145 36 36 56.595035
480 16 193 24 24 15.078064
480 226 98 28 28 11.532853
480 144 194 24 24 7.390043
480 404 150 32 32 11.312340
480 379 153 43 43 8.377074
480 240 184 41 41 13.996834
480 211 168 48 48 12.174394
480 352 40 64 64 6.542378
480 0 112 24 24 4.389746
480 212 191 47 47 9.003103
480 363 154 44 44 2.658037
480 132 192 24 24 2.433935
480 154 0 28 28 2.389990
480 238 98 28 28 2.332656
480 387 107 23 23 4.096370
480 264 190 46 46 6.739158
480 323 190 40 40 3.321083
480 459 230 27 27 3.466140
480 288 168 48 48 3.896138
480 288 114 24 24 1.701829
480 16 144 32 32 1.683780
480 12 197 24 24 1.598770
480 384 114 24 24 1.291759
480 27 126 36 36 1.284697
480 448 224 28 28 1.054049
480 0 162 36 36 1.006298
480 402 209 24 24 0.746182
480 288 48 64 64 0.702308
480 288 192 48 48 1.369066
480 358 176 44 44 1.061856
480 192 35 48 48 1.273966
480 350 183 41 41 0.870666
480 352 16 64 64 0.439940
480 9 126 36 36 0.436819
480 264 168 48 48 0.720648
480 343 224 28 28 0.244011
480 240 170 40 40 0.216849
480 432 153 36 36 0.089845
480 192 102 24 24 0.084888
480 402 198 24 24 0.010823
510 225 98 28 28 6.481863
510 1 111 24 24 10.074513
510 491 209 24 24 9.542723
510 450 153 36 36 16.796621
510 443 161 35 35 12.993212
510 216 193 48 48 8.033904
510 6 109 24 24 5.844602
510 240 168 40 40 8.749779
510 393 108 24 24 6.316620
510 359 208 44 44 6.398053
510 459 162 36 36 3.300770
510 0 97 27 27 2.748004
510 455 129 30 30 8.193419
510 191 102 24 24 2.653574
510 390 114 24 24 2.897712
510 467 130 28 28 5.973034
510 454 144 35 35 4.649326
510 300 126 36 36 4.195828
510 469 119 28 28 1.460333
510 353 224 28 28 2.732028
510 192 36 48 48 2.846568
510 479 198 24 24 3.204212
510 441 144 36 36 1.372528
510 242 154 44 44 1.308800
510 301 192 24 24 2.692804
510 288 197 48 48 4.362666
510 354 198 44 44 1.406779
510 272 144 32 32 0.912547
510 154 0 28 28 0.898703
510 495 203 24 24 1.668600
510 417 228 48 48 1.817488
510 384 216 48 48 1.274848
510 108 96 24 24 0.595758
510 15 108 24 24 0.753987
510 288 208 24 24 0.550534
510 343 224 28 28 0.347012
510 264 187 44 44 0.162358
510 480 210 24 24 0.147887
510 288 197 24 24 0.051467
540 20 235 28 28 20.947759
540 2 175 42 42 62.396970
540 1 112 24 24 15.905226
540 11 189 40 40 10.862843
540 227 97 27 27 9.904599
540 399 114 24 24 9.016700
540 21 224 28 28 4.261904
540 18 112 29 29 10.603520
540 6 101 26 26 9.337101
540 232 111 28 28 4.383297
540 12 112 25 25 10.187312
540 160 143 36 36 3.917843
540 192 108 24 24 2.781648
540 336 113 28 28 3.483299
540 256 112 32 32 2.314717
540 16 110 25 25 8.578363
540 17 173 44 44 5.353198
540 0 161 37 37 2.406028
540 14 230 28 28 1.472949
540 154 0 28 28 1.367792
540 241 97 27 27 2.299262
540 264 228 48 48 1.256500
540 30 190 40 40 0.511415
540 7 126 28 28 0.197814
540 21 126 28 28 0.184442
540 168 97 27 27 0.178735
540 288 228 47 47 0.054746
570 230 111 28 28 11.232910
570 14 113 23 23 9.348336
570 336 117 28 28 9.815907
570 195 108 24 24 7.883740
570 226 97 27 27 7.178701
570 192 114 24 24 2.828478
570 398 114 24 24 3.913860
570 154 0 28 28 1.858635
570 245 112 28 28 1.532330
570 384 112 32 32 0.988166
570 260 112 32 32 1.389003
570 1 112 26 26 1.170506
600 230 112 28 28 16.073779
600 335 120 28 28 9.804130
600 15 114 24 24 8.184938
600 194 113 23 23 7.866438
600 153 1 28 28 5.432206
600 227 97 27 27 5.939040
600 263 112 32 32 5.032482
600 3 112 28 28 4.221022
600 224 119 27 27 1.871130
600 245 112 28 28 1.739267
600 351 48 64 64 1.515546
600 238 119 28 28 1.281690
600 112 98 28 28 0.681979
630 242 114 28 28 14.084260
630 348 125 28 28 13.040038
630 7 112 28 28 10.477676
630 207 114 24 24 8.476812
630 273 112 32 32 8.616612
630 198 112 24 24 4.770720
630 235 119 28 28 4.622472
630 154 0 28 28 2.432690
630 396 112 32 32 4.380416
630 0 113 25 25 4.107005
630 339 119 28 28 3.597099
630 231 112 28 28 1.701576
630 288 113 24 24 1.466609
630 21 111 27 27 1.195671
630 168 2 28 28 1.591537
630 336 126 28 28 0.863153
630 132 108 23 23 0.836654
630 204 108 23 23 0.821455
630 384 112 32 32 0.612585
630 336 112 28 28 0.506884
630 492 210 23 23 0.467388
630 272 128 32 32 0.404843
630 192 108 24 24 0.023926
660 337 117 27 27 15.043453
660 224 2 28 28 6.141134
660 343 115 28 28 6.677252
660 397 112 32 32 4.398256
660 460 119 28 28 4.294767
660 272 6 64 64 3.774239
660 355 120 27 27 1.904774
660 297 114 24 24 2.014112
660 383 112 32 32 0.753796
660 280 112 32 32 0.188854
660 192 35 48 48 0.213452
660 343 126 28 28 0.099504
660 238 112 28 28 0.023843
690 233 0 28 28 15.883733
690 356 118 28 28 12.289370
690 245 0 28 28 3.326171
690 210 36 47 47 11.431816
690 198 114 24 24 2.811874
690 256 16 64 64 2.212730
690 235 7 27 27 2.829291
690 338 117 27 27 4.350806
690 288 0 64 64 1.084715
720 271 112 32 32 15.140493
720 408 141 32 32 5.773792
720 405 129 32 32 8.606847
720 196 13 23 23 3.719544
720 22 114 30 30 3.746354
720 0 112 28 28 1.989875
720 408 112 32 32 1.973812
720 256 112 32 32 0.959709
720 350 133 28 28 0.339245
720 245 119 27 27 0.071980
750 176 112 32 32 4.120514
750 288 46 64 64 2.500167
750 192 113 27 27 3.437822
750 256 112 32 32 1.737243
750 301 114 24 24 1.463666
750 288 126 36 36 1.023233
750 108 114 23 23 0.952224
750 119 119 28 28 0.856162
750 459 119 28 28 1.213341
750 224 133 28 28 0.609809
750 352 32 64 64 0.162688
750 144 112 32 32 0.099674
750 126 126 28 28 0.089602
780 447 130 28 28 6.404966
780 23 48 64 64 5.111094
780 35 32 50 50 7.574303
780 0 112 32 32 1.653156
780 346 112 28 28 2.949321
780 48 33 64 64 1.078333
780 240 172 39 39 1.277827
780 15 0 64 64 0.803174
780 288 209 24 24 0.361017
810 449 125 27 27 26.930042
810 448 112 28 28 4.493880
810 357 112 28 28 3.370857
810 224 98 28 28 3.310088
810 455 119 28 28 2.714759
810 455 133 28 28 2.619890
810 112 224 28 28 2.066325
810 260 29 64 64 5.502312
810 267 20 64 64 4.844920
810 224 112 28 28 1.441970
840 243 114 28 28 47.021324
840 236 117 27 27 37.159321
840 391 112 32 32 19.909847
840 231 112 28 28 7.646592
840 404 112 32 32 12.991726
840 304 114 24 24 8.095910
840 245 126 28 28 4.805638
840 384 129 32 32 5.959345
840 124 130 28 28 7.767372
840 405 129 32 32 5.932393
840 117 128 28 28 3.709285
840 259 16 64 64 1.843632
840 48 24 64 64 1.819660
840 119 112 28 28 0.782461
840 336 113 28 28 0.483473
840 455 112 27 27 0.353759
870 454 117 28 28 35.680739
870 192 112 32 32 9.403631
870 448 115 27 27 15.682668
870 384 130 32 32 7.007692
870 462 111 28 28 5.774281
870 357 119 28 28 7.491528
870 288 113 23 23 3.958464
870 15 28 64 64 5.990369
870 126 119 27 27 3.391840
870 459 126 27 27 4.940481
870 469 117 28 28 3.378189
870 256 16 64 64 2.610001
870 192 128 32 32 1.828960
870 271 112 32 32 1.866074
870 14 133 28 28 1.516856
870 357 133 27 27 1.389803
870 448 126 28 28 0.511648
870 272 0 64 64 0.246453
870 112 133 28 28 0.043956
900 337 119 28 28 27.378401
900 404 112 32 32 16.494081
900 341 127 27 27 19.770078
900 176 112 32 32 5.149358
900 261 19 64 64 11.589473
900 486 113 24 24 9.840758
900 387 112 32 32 6.400469
900 266 112 32 32 4.990474
900 3 28 64 64 4.390804
900 343 112 28 28 1.954728
900 469 117 28 28 2.926162
900 448 119 28 28 1.603516
900 272 32 64 64 1.256472
900 176 128 32 32 0.930300
900 400 136 32 32 0.620966
900 112 133 28 28 0.597564
900 16 16 64 64 0.511184
900 498 114 24 24 0.206858
930 153 127 28 28 22.213224
930 449 126 28 28 31.407508
930 140 112 32 32 12.973104
930 449 111 27 27 9.000469
930 256 112 32 32 6.407354
930 280 112 32 32 6.019398
930 128 112 32 32 5.889154
930 456 117 28 28 9.706297
930 297 126 36 36 10.375481
930 458 132 28 28 6.031722
930 461 113 28 28 9.253256
930 386 112 32 32 4.472539
930 432 126 36 36 2.454720
930 462 122 28 28 4.094463
930 469 119 28 28 1.543030
930 256 16 64 64 1.341620
930 402 12 24 24 0.678188
930 245 119 28 28 0.408753
960 114 131 28 28 26.347179
960 123 131 28 28 27.095105
960 354 131 27 27 18.893903
960 258 15 64 64 18.155956
960 176 128 32 32 7.677081
960 340 132 27 27 15.421933
960 0 148 32 32 12.800958
960 337 124 28 28 9.414082
960 119 126 27 27 4.753016
960 176 112 32 32 4.482623
960 286 41 64 64 7.094381
960 487 0 24 24 3.513959
960 32 21 64 64 4.035901
960 192 128 32 32 2.255140
960 260 47 64 64 2.770322
960 357 119 27 27 1.678515
960 23 32 64 64 2.935470
960 343 119 28 28 1.151029
960 192 112 32 32 0.903012
960 8 144 32 32 0.645188
960 288 16 64 64 0.424689
960 432 126 36 36 0.310973
960 349 126 27 27 0.022050
990 281 130 32 32 15.575730
990 454 130 28 28 21.017406
990 454 120 28 28 20.778105
990 446 126 29 29 17.219288
990 216 126 35 35 5.496428
990 241 132 28 28 8.625701
990 436 126 36 36 7.057618
990 230 133 28 28 3.862345
990 461 126 29 29 8.011636
990 459 153 36 36 1.977474
990 144 152 36 36 2.098035
990 487 208 24 24 3.679063
990 447 112 28 28 1.571997
990 272 11 32 32 2.078333
990 489 204 24 24 1.698648
990 280 112 32 32 0.235255
990 264 16 32 32 0.057548
1020 192 148 32 32 15.303894
1020 468 127 28 28 18.756128
1020 393 134 32 32 22.935233
1020 406 136 32 32 22.385745
1020 403 128 32 32 9.276956
1020 392 112 32 32 12.232428
1020 398 145 32 32 7.787893
1020 352 27 64 64 9.547677
1020 352 131 28 28 9.802997
1020 408 112 32 32 3.841065
1020 180 140 40 40 2.805704
1020 383 130 32 32 4.349339
1020 404 152 32 32 4.382126
1020 343 122 28 28 2.875896
1020 330 140 40 40 0.845221
1020 242 154 44 44 0.664557
1020 306 6 24 24 0.610256
1020 352 0 64 64 0.365086
1020 198 192 24 24 0.236888
1020 357 126 28 28 0.120998
1050 443 294 36 36 8.713843
1050 459 297 35 35 7.559267
1050 450 288 36 36 2.254147
1050 450 306 36 36 2.121634
1050 299 299 36 36 4.793687
1050 456 170 35 35 3.037229
1050 480 192 24 24 1.880209
1050 303 303 36 36 4.204302
1050 288 288 36 36 1.048601
1050 315 298 36 36 0.915120
1050 400 264 32 32 0.155510
1050 288 304 36 36 0.053756
1080 18 26 64 64 3.893589
1080 6 15 64 64 3.358420
1080 456 240 28 28 3.634455
1080 128 112 32 32 1.089941
1080 168 119 27 27 0.852776
1080 464 245 28 28 1.095376
1080 12 0 64 64 0.719382
1080 126 133 28 28 0.193762
1080 480 18 24 24 0.059235
1110 46 16 64 64 4.071775
1110 0 0 64 64 0.550247
1140 17 105 24 24 1.727599
1140 119 126 28 28 0.860476
1140 8 97 27 27 0.847714
1140 288 192 24 24 0.069414
1170 240 183 41 41 11.732573
1170 0 130 29 29 8.829613
1170 19 115 29 29 9.559559
1170 216 168 48 48 5.457176
1170 240 170 40 40 2.387765
1170 3 115 30 30 5.953060
1170 355 225 28 28 2.876752
1170 392 132 32 32 3.339844
1170 16 32 64 64 1.008496
1170 160 190 40 40 0.510543
1200 0 123 27 27 13.837386
1200 3 112 28 28 11.655247
1200 20 126 28 28 16.384113
1200 434 304 36 36 8.505845
1200 18 114 30 30 11.096866
1200 14 129 28 28 4.471259
1200 354 133 28 28 3.312998
1200 450 306 36 36 1.620096
1200 433 152 35 35 1.122184
1200 7 119 28 28 0.841344
1200 343 133 28 28 0.033986
1230 20 128 32 32 18.908781
1230 2 130 30 30 11.530587
1230 498 108 24 24 0.596349
1230 191 141 32 32 0.859025
1260 7 128 33 33 26.075258
1260 13 134 30 30 7.474077
1260 14 121 28 28 0.546482
1260 154 133 28 28 0.252417
1290 480 201 24 24 2.759764
1290 8 136 32 32 1.319034
1290 199 114 24 24 1.202165
1320 2 128 33 33 21.386206
1320 13 132 32 32 16.432610
1320 391 127 32 32 2.715236
1320 498 192 24 24 1.586594
1320 168 126 28 28 0.200373
1320 24 144 32 32 0.185267
1350 398 143 32 32 28.881759
1350 355 98 28 28 11.066658
1350 391 134 32 32 7.921710
1350 397 128 32 32 6.160015
1350 346 98 28 28 6.991587
1350 114 124 28 28 5.554082
1350 402 108 24 24 2.636831
1350 432 144 36 36 2.624961
1350 408 136 32 32 1.692881
1350 12 192 24 24 1.271520
1350 224 98 28 28 1.037686
1350 33 33 44 44 0.822780
1350 392 152 32 32 0.542105
1350 119 112 28 28 0.310594
1350 176 24 32 32 0.139424
1350 128 112 32 32 0.112530
1380 354 98 28 28 10.407184
1380 498 109 23 23 14.198774
1380 444 145 35 35 13.857266
1380 345 98 28 28 10.029045
1380 114 125 28 28 9.450652
1380 123 126 27 27 9.382741
1380 440 126 36 36 5.083773
1380 460 132 28 28 6.436937
1380 461 111 28 28 3.950785
1380 447 152 36 36 6.672231
1380 311 304 36 36 6.599135
1380 12 21 28 28 3.112884
1380 127 113 31 31 3.052991
1380 155 8 36 36 5.510983
1380 296 302 36 36 4.232345
1380 176 23 32 32 1.751309
1380 12 0 24 24 1.508614
1380 458 159 36 36 1.731446
1380 17 99 24 24 1.879144
1380 216 297 36 36 0.808437
1380 160 0 40 40 0.699960
1380 3 18 34 34 1.365418
1380 119 119 28 28 0.405180
1380 144 16 32 32 0.182438
1380 306 297 36 36 0.029562
1410 21 128 32 32 27.431537
1410 21 112 32 32 6.488502
1410 459 126 36 36 3.415901
1410 342 97 27 27 7.043670
1410 291 305 23 23 6.870317
1410 117 8 27 27 5.100705
1410 259 280 32 32 5.336156
1410 305 303 24 24 3.809741
1410 15 131 31 31 5.198275
1410 127 10 30 30 3.303854
1410 289 300 23 23 2.372573
1410 277 280 32 32 1.776272
1410 297 300 24 24 1.378938
1410 112 119 28 28 0.439690
1410 144 0 36 36 0.283117
1440 388 113 23 23 17.384644
1440 19 129 33 33 34.877286
1440 448 98 28 28 6.902935
1440 16 112 27 27 10.692225
1440 144 114 24 24 4.832874
1440 8 128 33 33 19.085674
1440 21 144 32 32 6.146287
1440 342 98 28 28 6.748780
1440 21 119 28 28 2.793673
1440 8 145 32 32 1.066462
1440 384 108 24 24 0.007919
1470 397 112 24 24 28.349402
1470 131 113 24 24 5.941209
1470 401 108 24 24 3.026311
1470 0 126 28 28 1.794162
1470 343 98 28 28 1.115578
1470 112 98 28 28 0.673318
1470 144 114 24 24 0.173916
1470 462 98 28 28 0.031808
1500 154 98 28 28 3.926758
1500 400 112 32 32 1.149754
1500 126 98 28 28 0.759839
1530 390 35 48 48 14.254032
1530 353 11 61 61 6.334344
1530 210 114 24 24 0.467279
1530 384 24 48 48 0.238194
1530 256 0 64 64 0.102749
1560 204 112 24 24 15.920571
1560 400 32 47 47 19.715618
1560 10 111 28 28 6.922517
1560 336 112 28 28 3.228683
1560 352 13 64 64 3.745483
1560 108 96 24 24 2.383961
1560 198 108 23 23 1.866647
1560 408 23 47 47 0.218150
1590 204 113 24 24 16.593473
1590 193 112 23 23 10.603259
1590 338 112 27 27 7.437473
1590 24 112 32 32 2.120579
1590 402 108 24 24 2.038342
1590 352 26 51 51 3.190705
1590 198 108 24 24 1.789129
1590 349 115 27 27 2.456647
1590 6 113 24 24 1.131729
1590 210 108 24 24 1.121008
1590 111 21 28 28 0.054616
1620 207 114 23 23 12.670607
1620 352 4 64 64 8.363964
1620 168 124 28 28 5.659881
1620 194 113 24 24 9.854736
1620 3 130 30 30 7.657051
1620 353 118 27 27 6.003835
1620 396 128 32 32 4.534146
1620 0 23 31 31 2.416178
1620 168 98 28 28 2.037516
1620 11 6 23 23 1.822682
1620 18 104 24 24 2.594768
1620 115 112 28 28 2.514328
1620 340 119 28 28 2.056637
1620 383 128 32 32 1.369965
1620 0 8 31 31 1.181721
1620 198 108 24 24 0.384029
1620 336 126 28 28 0.254638
1620 350 126 28 28 0.217866
1650 168 124 27 27 8.701496
1650 207 113 24 24 8.427529
1650 405 112 32 32 6.277513
1650 337 121 28 28 9.565682
1650 195 114 24 24 5.239936
1650 355 125 28 28 6.207084
1650 339 133 27 27 5.316323
1650 343 125 28 28 8.853834
1650 437 126 36 36 3.971509
1650 352 36 64 64 5.470536
1650 154 126 28 28 1.496328
1650 352 120 27 27 3.958394
1650 432 144 36 36 1.349558
1650 351 130 28 28 3.223198
1650 408 128 32 32 1.258528
1650 0 120 28 28 0.653202
1650 448 98 28 28 0.022568
1650 102 114 24 24 0.008137
1680 460 128 31 31 37.159118
1680 22 112 32 32 10.916672
1680 154 119 28 28 15.341046
1680 21 126 28 28 4.590078
1680 168 115 27 27 5.341672
1680 154 133 28 28 2.076951
1680 441 126 36 36 1.839259
1680 144 112 32 32 1.837060
1680 495 192 24 24 3.303201
1680 459 144 36 36 0.915941
1680 204 114 23 23 0.427312
