30 350 113 27 27 26.737711
30 168 127 28 28 8.532496
30 117 127 28 28 7.537602
30 346 118 27 27 8.204280
30 154 130 28 28 2.826028
30 354 10 44 44 2.022713
30 350 0 27 27 1.411903
30 336 112 27 27 1.366725
30 357 119 28 28 0.194222
30 126 133 28 28 0.129417
60 399 130 32 32 30.296336
60 397 112 32 32 11.540680
60 343 121 28 28 11.172935
60 408 136 32 32 4.636861
60 384 112 32 32 3.939364
60 357 130 28 28 6.509668
60 141 112 32 32 4.721675
60 288 9 64 64 4.862042
60 131 112 32 32 4.244463
60 8 128 32 32 2.238048
60 124 132 28 28 3.212800
60 227 112 27 27 3.112442
60 469 133 28 28 1.425265
60 392 136 32 32 0.613286
60 154 126 28 28 0.601546
60 32 16 64 64 0.515750
60 352 16 64 64 0.467167
60 357 119 28 28 0.223458
60 384 128 32 32 0.165186
60 350 112 27 27 0.074316
60 400 144 32 32 0.034880
90 385 134 32 32 25.326072
90 286 22 64 64 15.438324
90 355 118 28 28 17.171001
90 6 29 64 64 12.018011
90 2 128 35 35 8.638135
90 392 131 32 32 8.573866
90 386 112 32 32 6.867882
90 113 132 28 28 6.347429
90 39 32 64 64 8.151447
90 337 120 28 28 8.817576
90 456 126 28 28 10.701650
90 17 127 32 32 9.262954
90 139 112 32 32 6.750669
90 349 114 28 28 6.635559
90 460 121 28 28 7.324594
90 5 143 32 32 6.757098
90 352 0 64 64 2.741546
90 48 16 64 64 1.569392
90 384 152 32 32 1.403736
90 1 152 32 32 1.679336
90 154 126 28 28 1.097398
90 462 133 28 28 0.756769
90 168 126 28 28 0.284485
90 256 16 64 64 0.259260
90 336 133 28 28 0.224539
90 486 108 24 24 0.178933
120 354 118 28 28 28.431296
120 284 11 64 64 14.848314
120 1 132 32 32 16.975934
120 4 21 64 64 12.158129
120 392 112 32 32 8.567048
120 274 25 64 64 7.309424
120 487 114 23 23 4.555469
120 343 119 27 27 2.922564
120 8 127 32 32 2.772007
120 469 112 28 28 2.116814
120 168 120 28 28 2.641579
120 408 112 32 32 1.648656
120 352 16 64 64 0.718229
120 167 133 28 28 0.715224
120 272 0 64 64 0.434994
120 20 128 32 32 0.642204
120 350 112 28 28 0.235083
120 112 126 28 28 0.154788
150 387 112 32 32 18.154318
150 400 112 32 32 6.883033
150 154 133 28 28 4.518623
150 351 14 64 64 5.559746
150 448 126 28 28 7.480284
150 0 33 44 44 2.879998
150 350 126 28 28 2.310001
150 126 119 28 28 2.034230
150 16 128 32 32 1.989004
150 479 84 24 24 1.227640
150 119 126 28 28 0.940192
150 498 98 24 24 0.672255
180 351 14 64 64 18.184992
180 408 112 32 32 7.195138
180 16 135 32 32 17.369308
180 384 130 32 32 5.774823
180 132 108 24 24 2.294839
180 256 128 32 32 0.912022
180 121 98 28 28 1.454980
180 385 0 44 44 0.726272
180 119 126 28 28 0.607183
180 0 126 36 36 0.566336
180 192 144 32 32 0.352161
180 432 27 36 36 0.171131
180 384 143 32 32 0.116620
210 463 118 28 28 24.679209
210 465 112 28 28 12.440223
210 465 125 27 27 8.390346
210 288 16 64 64 4.195842
210 256 128 32 32 3.370753
210 256 148 32 32 5.676240
210 4 129 33 33 6.867375
210 392 144 32 32 2.306288
210 48 32 64 64 0.738081
210 350 112 28 28 0.638314
210 352 32 64 64 0.634268
210 16 128 32 32 0.632267
210 154 133 28 28 0.213892
210 315 126 36 36 0.185505
210 498 96 24 24 0.047419
210 336 112 28 28 0.035250
240 457 126 36 36 12.601892
240 47 21 64 64 9.481423
240 15 131 32 32 25.722982
240 458 146 36 36 6.491538
240 350 113 27 27 8.617284
240 142 112 32 32 4.092036
240 26 126 34 34 4.510461
240 3 127 32 32 6.789830
240 154 125 28 28 6.653089
240 32 30 64 64 2.243023
240 170 140 40 40 0.791803
240 339 119 28 28 1.476196
270 44 20 64 64 13.923440
270 342 124 28 28 18.989654
270 349 119 28 28 22.465157
270 464 98 28 28 11.102616
270 489 13 24 24 13.842444
270 487 15 23 23 13.646404
270 335 116 28 28 4.383898
270 357 126 28 28 2.745095
270 357 112 28 28 2.596104
270 154 126 28 28 2.193198
270 170 140 40 40 1.760778
270 486 6 24 24 1.515065
270 452 126 36 36 2.161415
270 408 112 32 32 1.345168
270 480 111 24 24 2.257646
270 32 32 64 64 0.677928
270 12 108 24 24 0.364001
270 256 0 64 64 0.349816
270 7 133 28 28 0.284546
270 343 112 28 28 0.090877
270 462 112 28 28 0.047828
300 44 26 64 64 18.850909
300 344 126 28 28 17.237776
300 32 23 64 64 8.838852
300 432 147 36 36 5.739695
300 432 126 36 36 3.108647
300 256 4 64 64 3.171437
300 357 126 28 28 2.195477
300 350 133 28 28 1.947350
300 27 144 36 36 1.856656
300 5 32 64 64 1.938559
300 497 192 24 24 1.150862
300 391 112 32 32 0.670382
300 170 140 40 40 0.463513
300 126 133 28 28 0.074606
300 350 119 27 27 0.037135
300 441 153 36 36 0.004389
330 33 31 64 64 25.336923
330 338 127 28 28 15.391894
330 48 48 64 64 3.459719
330 356 130 28 28 4.862297
330 344 133 28 28 3.137101
330 48 16 64 64 2.589237
330 0 142 32 32 2.354121
330 122 133 28 28 3.701378
330 450 126 36 36 1.560109
330 352 127 28 28 3.504060
330 27 144 36 36 1.139201
330 16 48 64 64 0.882462
330 469 133 27 27 0.590474
330 390 105 23 23 0.988905
360 30 29 64 64 25.667693
360 16 16 64 64 4.474782
360 13 47 64 64 9.241793
360 272 16 64 64 3.853207
360 0 39 64 64 6.754840
360 357 132 28 28 3.540235
360 352 42 64 64 3.371754
360 0 21 28 28 2.069952
360 396 128 32 32 3.514641
360 32 0 64 64 2.043522
360 336 119 27 27 1.718578
360 176 112 32 32 1.112947
360 352 16 64 64 0.746776
360 48 16 64 64 0.525283
360 198 192 24 24 0.477131
390 1 201 23 23 15.446473
390 16 14 64 64 25.091509
390 25 0 64 64 10.747317
390 273 7 32 32 7.781783
390 432 144 36 36 3.018873
390 0 0 64 64 2.608457
390 432 126 36 36 2.575671
390 6 198 24 24 2.452113
390 24 112 32 32 2.147300
390 7 32 64 64 3.422481
390 154 112 28 28 1.351071
390 352 34 64 64 1.452272
390 288 16 64 64 0.915195
390 32 32 64 64 0.884351
390 480 102 24 24 0.856974
390 0 192 24 24 0.726141
390 280 16 32 32 0.507349
390 280 0 32 32 0.085908
390 390 114 24 24 0.009861
420 14 12 64 64 25.697780
420 405 138 32 32 21.898495
420 305 0 24 24 6.155853
420 32 0 64 64 2.469312
420 392 136 32 32 2.373244
420 0 0 64 64 2.342713
420 465 133 28 28 3.578155
420 5 32 64 64 2.263281
420 154 111 28 28 0.354984
420 374 33 44 44 0.239096
420 400 128 32 32 0.213085
450 4 5 64 64 22.659233
450 16 16 64 64 6.145664
450 458 132 28 28 8.706661
450 486 5 24 24 9.955142
450 256 146 32 32 1.965519
450 440 126 36 36 0.559440
450 498 96 24 24 0.117089
480 402 192 24 24 4.231570
480 192 136 32 32 1.720715
480 19 121 27 27 3.343055
480 112 112 28 28 1.221597
480 237 98 28 28 1.029216
480 204 114 24 24 0.208955
510 437 153 36 36 3.749342
510 384 143 32 32 1.611904
510 343 133 28 28 0.961026
510 11 108 23 23 0.781785
510 352 48 64 64 0.247037
510 432 144 36 36 0.158520
510 192 128 32 32 0.118167
510 350 126 28 28 0.025742
540 261 137 32 32 10.191567
540 259 144 32 32 5.402891
540 384 143 32 32 1.564494
570 272 144 32 32 0.752821
570 432 171 36 36 0.233547
600 480 114 24 24 2.170438
600 0 48 64 64 0.914836
600 155 126 36 36 1.203637
600 256 32 64 64 0.767627
600 0 84 24 24 0.759910
630 294 126 36 36 5.680172
630 274 135 32 32 3.457323
630 469 98 28 28 1.806492
630 279 140 32 32 2.534167
630 480 108 24 24 0.955494
660 497 108 24 24 14.548936
660 277 143 32 32 10.364133
660 288 126 36 36 3.523468
660 0 200 23 23 3.112257
660 257 136 32 32 2.412719
660 492 114 24 24 1.604016
660 269 136 32 32 1.710895
690 257 135 32 32 5.756685
690 295 125 35 35 4.385418
690 280 142 32 32 3.998161
690 408 137 32 32 4.785459
690 469 231 28 28 0.740138
690 389 144 32 32 1.001115
690 32 32 64 64 0.323883
690 352 48 64 64 0.030337
720 296 126 36 36 19.192424
720 315 126 36 36 4.361194
720 22 142 32 32 7.229470
720 271 130 32 32 10.256448
720 256 42 64 64 4.346864
720 256 128 32 32 2.592925
720 264 136 32 32 2.235360
720 280 132 32 32 3.824813
720 498 108 23 23 1.812169
720 498 96 24 24 1.004193
720 450 126 36 36 0.128249
750 261 35 64 64 10.348716
750 310 125 35 35 8.572254
750 6 16 64 64 6.203202
750 349 132 28 28 10.467116
750 112 130 27 27 5.517644
750 297 126 36 36 2.027440
750 32 16 64 64 2.084033
750 272 48 64 64 1.711044
750 336 133 28 28 1.215151
750 264 112 32 32 0.717747
750 288 32 64 64 0.597596
780 340 132 28 28 24.949806
780 390 128 32 32 23.747253
780 283 30 64 64 23.459503
780 272 16 64 64 4.470179
780 280 112 32 32 3.860535
780 408 131 32 32 5.667278
780 112 129 28 28 6.335333
780 272 48 64 64 1.150632
780 21 12 64 64 1.628605
780 126 126 28 28 0.611794
780 336 126 28 28 0.466304
810 406 151 32 32 9.911311
810 352 42 64 64 8.007215
810 400 130 32 32 4.036564
810 288 40 64 64 3.421738
810 126 119 28 28 0.249414
810 400 144 32 32 0.140422
840 277 112 32 32 12.492051
840 352 39 64 64 12.255685
840 401 149 32 32 11.670677
840 405 135 32 32 18.115440
840 398 127 32 32 5.321867
840 14 136 32 32 5.636120
840 268 32 64 64 3.123713
840 24 128 32 32 0.381043
840 400 112 32 32 0.017994
870 452 128 33 33 30.013203
870 465 133 28 28 10.671656
870 276 34 64 64 12.203139
870 491 13 24 24 5.370163
870 401 143 32 32 12.717163
870 112 127 28 28 5.039823
870 407 132 32 32 4.848446
870 408 152 32 32 2.390426
870 352 41 64 64 3.502380
870 17 14 64 64 2.463837
870 349 133 28 28 1.527744
870 288 48 64 64 0.972265
870 400 128 32 32 0.340768
870 280 112 32 32 0.043725
900 349 126 27 27 16.695858
900 276 2 64 64 7.291145
900 20 129 30 30 8.081306
900 352 40 64 64 5.327784
900 408 139 32 32 4.838262
900 113 133 28 28 2.875619
900 336 126 28 28 1.989778
900 408 152 32 32 1.869926
900 96 114 24 24 1.551580
900 343 119 28 28 1.506696
900 357 129 28 28 2.558637
900 3 126 34 34 2.488718
900 343 133 28 28 1.117353
900 281 19 64 64 2.674245
900 121 120 28 28 2.258983
930 395 112 32 32 10.473839
930 272 4 64 64 17.822767
930 349 119 28 28 11.143997
930 288 12 64 64 9.519073
930 336 117 28 28 3.069915
930 468 124 27 27 2.121183
930 256 16 64 64 1.314389
930 0 133 28 28 0.250435
930 363 0 44 44 0.229749
960 288 11 64 64 6.994470
960 295 114 24 24 7.302297
960 352 12 64 64 8.036035
960 24 112 32 32 3.292482
960 126 126 28 28 1.475050
960 357 7 28 28 1.382895
960 408 8 32 32 0.694155
960 384 112 32 32 0.569268
990 394 107 23 23 13.032422
990 289 112 23 23 10.353038
990 339 112 27 27 8.750293
990 336 98 28 28 2.962486
990 459 126 36 36 2.794363
990 388 113 26 26 4.253290
990 288 0 64 64 1.868617
990 294 108 24 24 0.797623
990 339 119 28 28 1.414490
1020 449 113 27 27 9.086709
1020 357 122 28 28 7.450266
1020 306 114 24 24 3.066124
1020 351 0 64 64 2.841684
1020 400 112 32 32 1.555465
1020 384 107 24 24 1.493798
1020 336 98 28 28 1.118476
1020 396 101 24 24 0.710286
1050 405 144 32 32 20.158598
1050 420 36 48 48 8.917174
1050 339 112 28 28 5.140834
1050 352 20 64 64 3.334616
1050 400 136 32 32 1.895442
1050 400 152 32 32 1.766020
1050 352 41 64 64 2.908465
1050 231 111 28 28 1.079221
1050 492 84 24 24 0.765985
1050 176 112 32 32 0.413972
1050 446 126 36 36 0.118078
1080 453 111 28 28 13.004391
1080 388 112 24 24 10.525368
1080 352 7 64 64 10.530515
1080 351 120 27 27 11.535170
1080 352 36 64 64 6.073264
1080 4 131 29 29 10.014072
1080 384 36 48 48 5.664164
1080 420 36 47 47 5.381734
1080 272 112 32 32 2.188974
1080 21 133 28 28 1.038634
1080 469 112 28 28 0.783001
1080 231 119 28 28 0.774997
1080 396 83 23 23 0.449272
1080 492 114 24 24 0.390949
1080 357 126 28 28 0.137468
1110 352 6 64 64 13.743962
1110 168 120 28 28 3.727435
1110 357 122 28 28 4.650993
1110 408 112 32 32 2.027406
1110 234 126 28 28 3.104117
1110 112 119 28 28 1.484692
1110 357 133 28 28 1.084528
1110 154 119 27 27 0.112508
1140 496 103 24 24 16.603677
1140 351 20 64 64 8.355892
1140 459 144 36 36 4.331747
1140 292 96 24 24 5.250254
1140 491 108 24 24 3.430358
1140 459 126 36 36 2.885749
1140 114 133 28 28 4.273643
1140 256 128 32 32 2.515543
1140 154 132 28 28 2.307136
1140 224 126 28 28 1.901572
1140 486 102 23 23 1.537640
1140 432 126 36 36 0.879155
1140 336 119 28 28 0.851121
1140 399 112 32 32 0.730755
1170 120 133 28 28 7.693412
1170 453 14 28 28 4.302047
1170 6 131 28 28 4.360981
1170 245 133 28 28 0.852239
1170 21 133 28 28 0.496045
1170 408 112 32 32 0.402359
1170 192 112 32 32 0.285224
1170 256 112 32 32 0.240256
1170 448 21 28 28 0.150550
1170 224 133 28 28 0.015554
1200 257 137 32 32 16.704712
1200 192 112 32 32 5.941226
1200 385 193 24 24 11.394083
1200 47 16 64 64 5.041416
1200 288 43 64 64 5.466047
1200 112 131 28 28 4.796284
1200 263 140 32 32 6.257239
1200 332 140 40 40 3.548931
1200 350 133 28 28 2.340799
1200 226 132 27 27 2.438359
1200 396 192 24 24 1.319260
1200 176 112 32 32 1.317239
1200 352 33 44 44 1.297691
1200 345 140 40 40 2.084040
1200 448 14 28 28 0.571387
1200 14 126 28 28 0.439489
1200 154 128 28 28 0.600606
1200 0 112 32 32 0.282832
1200 336 112 28 28 0.232799
1200 264 128 32 32 0.199841
1230 299 144 36 36 12.842424
1230 230 126 28 28 11.080058
1230 168 122 28 28 8.832845
1230 460 114 28 28 6.246703
1230 245 131 28 28 3.565869
1230 480 18 24 24 2.553184
1230 154 129 28 28 4.956480
1230 352 48 64 64 1.731749
1230 458 14 28 28 2.678297
1230 402 209 24 24 1.182079
1230 257 32 64 64 0.977527
1230 167 133 28 28 0.840020
1230 408 112 32 32 0.778181
1230 24 112 32 32 0.529141
1260 497 114 23 23 9.570252
1260 343 132 27 27 14.581429
1260 283 20 64 64 12.221269
1260 273 27 64 64 13.303673
1260 168 130 28 28 6.580263
1260 176 112 32 32 3.818368
1260 389 168 47 47 13.984646
1260 497 8 24 24 4.851938
1260 357 133 28 28 2.289552
1260 192 112 32 32 2.236726
1260 420 199 47 47 6.385672
1260 245 133 28 28 0.752298
1260 204 84 24 24 0.532937
1260 256 16 64 64 0.350792
1260 111 133 28 28 0.320236
1260 492 12 24 24 0.298780
1290 399 128 32 32 14.822395
1290 154 132 28 28 6.358124
1290 292 113 24 24 8.200315
1290 168 132 28 28 3.973741
1290 192 128 32 32 3.802791
1290 383 128 32 32 2.759098
1290 288 20 64 64 1.476758
1290 16 32 64 64 0.614626
1290 115 133 28 28 1.143581
1290 176 128 32 32 0.244453
1290 192 112 32 32 0.243660
1320 226 133 28 28 10.531597
1320 442 152 36 36 22.239723
1320 456 159 36 36 16.566188
1320 435 145 36 36 11.020095
1320 407 129 32 32 5.791820
1320 454 144 36 36 8.851688
1320 456 126 36 36 3.768998
1320 168 133 27 27 2.510798
1320 480 195 24 24 4.340057
1320 439 126 36 36 4.529740
1320 339 98 28 28 3.047953
1320 204 110 24 24 2.665836
1320 144 128 32 32 1.283771
1320 238 133 28 28 1.277210
1320 480 102 24 24 0.844087
1320 176 128 32 32 0.813990
1320 486 193 23 23 0.734908
1320 384 136 32 32 0.492977
1320 198 114 24 24 0.392024
1320 128 128 32 32 0.024443
1350 135 128 32 32 9.261347
1350 227 133 28 28 5.629860
1350 192 128 32 32 3.023193
1350 269 134 32 32 6.399646
1350 241 133 28 28 3.112067
1350 259 128 32 32 2.250359
1350 272 24 32 32 0.716131
1350 154 133 28 28 0.453353
1350 231 126 28 28 0.169803
1350 447 98 28 28 0.081633
1350 315 126 36 36 0.026235
1380 314 126 36 36 6.926081
1380 406 143 32 32 16.045065
1380 243 132 28 28 9.396897
1380 257 26 64 64 8.927037
1380 258 128 32 32 7.286691
1380 232 127 28 28 6.612281
1380 336 131 28 28 4.804944
1380 176 128 32 32 2.448932
1380 256 112 32 32 2.173400
1380 21 133 28 28 2.118928
1380 408 128 32 32 1.706612
1380 168 133 28 28 1.559820
1380 272 128 32 32 0.858189
1380 176 112 32 32 0.600580
1380 400 136 32 32 0.518478
1380 264 136 32 32 0.454374
1380 224 133 28 28 0.405517
1410 352 46 64 64 9.391094
1410 440 144 36 36 17.441871
1410 263 129 32 32 19.231299
1410 258 28 64 64 8.782374
1410 259 136 32 32 7.640616
1410 192 128 32 32 3.819582
1410 294 126 36 36 7.362367
1410 434 153 36 36 5.281328
1410 266 18 64 64 6.079416
1410 384 128 32 32 2.570401
1410 407 152 32 32 2.429071
1410 434 126 36 36 3.155800
1410 245 133 28 28 1.556720
1410 154 126 28 28 0.676447
1410 288 0 48 48 0.067272
1440 400 148 32 32 8.371148
1440 283 26 64 64 11.061504
1440 299 125 35 35 8.583071
1440 276 20 64 64 11.263526
1440 313 15 35 35 6.092216
1440 318 2 38 38 4.722371
1440 223 129 27 27 5.408734
1440 154 128 28 28 4.859457
1440 256 28 64 64 2.772178
1440 400 136 32 32 2.092402
1440 281 127 33 33 3.512531
1440 455 112 28 28 1.163735
1440 320 139 39 39 0.872938
1440 315 126 36 36 0.419497
1440 272 48 64 64 0.316821
1440 351 0 42 42 0.246829
1470 226 132 28 28 10.486388
1470 385 144 32 32 14.754733
1470 168 128 28 28 8.238275
1470 401 15 24 24 8.484582
1470 397 150 32 32 7.682806
1470 304 126 36 36 3.623238
1470 438 126 36 36 3.836146
1470 241 133 28 28 4.049779
1470 396 192 24 24 1.745610
1470 288 48 64 64 0.976390
1470 396 12 24 24 0.900835
1470 192 112 32 32 0.537747
1500 236 132 28 28 11.805632
1500 263 129 32 32 14.119387
1500 258 133 32 32 11.118558
1500 292 83 23 23 4.693289
1500 346 112 28 28 3.977692
1500 304 84 24 24 2.052713
1500 432 147 36 36 2.394060
1500 350 98 28 28 1.240426
1500 191 112 32 32 1.238911
1500 432 158 36 36 2.006487
1500 176 112 32 32 1.173446
1500 216 126 36 36 0.129694
1500 272 136 32 32 0.083306
1500 288 32 64 64 0.077633
1530 237 132 27 27 25.839699
1530 290 126 35 35 17.848937
1530 305 126 36 36 20.554477
1530 226 131 28 28 19.674963
1530 274 34 64 64 17.855920
1530 271 129 32 32 16.188633
1530 230 124 27 27 12.232103
1530 329 25 40 40 7.457895
1530 242 126 28 28 4.798591
1530 306 144 36 36 2.753139
1530 280 135 32 32 7.223134
1530 48 16 64 64 2.434278
1530 265 142 32 32 3.423530
1530 288 48 64 64 2.064291
1530 238 113 28 28 1.931872
1530 408 112 32 32 0.352865
1530 392 112 32 32 0.312151
1530 340 20 40 40 0.294094
1530 256 128 32 32 0.039208
1530 126 133 28 28 0.023803
1560 420 13 48 48 14.462820
1560 286 41 64 64 9.713042
1560 338 131 27 27 11.787814
1560 286 126 34 34 9.755231
1560 272 33 64 64 12.623330
1560 258 130 32 32 9.728536
1560 351 41 64 64 6.445033
1560 235 8 28 28 7.240934
1560 272 128 32 32 2.799726
1560 168 133 28 28 2.772081
1560 384 0 44 44 3.392248
1560 278 112 32 32 3.165532
1560 355 133 28 28 3.136442
1560 344 125 28 28 3.095939
1560 450 26 36 36 1.456172
1560 231 14 28 28 1.235980
1560 112 133 28 28 0.854305
1560 337 119 28 28 1.103811
1560 288 84 24 24 0.526426
1560 315 144 36 36 0.486830
1560 266 112 32 32 1.100318
1560 352 16 64 64 0.477827
1560 192 0 32 32 0.444819
1560 384 136 32 32 0.238473
1560 126 133 28 28 0.235380
1560 408 16 32 32 0.121158
1560 483 84 24 24 0.143243
1590 283 43 64 64 20.136954
1590 271 32 64 64 30.997067
1590 406 136 32 32 15.886226
1590 388 13 24 24 13.381555
1590 384 32 47 47 18.815426
1590 308 126 36 36 7.178720
1590 352 27 64 64 12.071099
1590 394 136 32 32 9.441723
1590 256 48 64 64 4.115498
1590 496 15 24 24 10.117962
1590 336 98 28 28 3.874914
1590 492 11 24 24 15.299413
1590 288 15 64 64 3.379521
1590 340 112 28 28 4.139693
1590 438 126 36 36 3.631195
1590 256 16 64 64 2.552859
1590 484 3 23 23 5.906443
1590 498 6 24 24 2.234320
1590 396 18 24 24 1.938988
1590 435 144 36 36 2.559601
1590 272 0 64 64 1.319445
1590 168 119 28 28 1.239099
1590 480 0 24 24 1.226246
1590 0 133 28 28 1.064018
1590 492 0 24 24 0.918723
1590 383 18 24 24 0.769504
1590 384 144 32 32 0.415107
1590 112 119 28 28 0.346654
1620 352 35 64 64 10.305304
1620 346 133 28 28 7.090369
1620 5 128 32 32 3.095240
1620 192 112 32 32 1.511669
1620 245 130 28 28 1.904603
1620 167 133 28 28 0.783936
1650 229 123 28 28 9.457611
1650 348 121 28 28 6.996291
1650 343 124 28 28 7.997622
1650 278 16 64 64 4.216380
1650 136 112 32 32 2.322556
1650 336 119 28 28 0.787257
1650 224 133 28 28 0.487439
1650 224 119 28 28 0.451689
1680 270 128 32 32 12.499152
1680 278 112 32 32 5.158949
1680 270 5 64 64 10.957074
1680 448 126 28 28 1.770934
1680 176 112 32 32 0.544939
1680 288 15 64 64 0.225667
1680 343 119 27 27 0.170500
1710 340 127 28 28 8.397377
1710 315 126 36 36 2.390001
1710 340 18 40 40 2.198123
1710 283 10 64 64 4.800023
1710 336 133 28 28 1.237570
1710 272 32 64 64 1.016918
1710 400 152 32 32 1.000268
1710 349 0 40 40 0.900492
1710 357 133 28 28 0.792912
1710 384 0 24 24 0.319221
1740 351 42 64 64 7.522052
1740 352 16 64 64 0.853929
1740 0 144 32 32 0.701363
1740 144 126 36 36 0.612238
1770 336 121 28 28 14.354209
1770 192 139 32 32 6.544019
1770 137 112 32 32 3.953928
1770 357 126 28 28 2.929730
1770 154 116 28 28 1.618379
1770 21 112 28 28 0.610976
1770 343 126 28 28 0.237546
1800 451 112 28 28 10.383826
1800 198 144 36 36 4.396517
1800 12 196 24 24 12.302192
1800 7 116 28 28 4.815430
1800 15 192 24 24 6.383729
1800 356 117 28 28 5.990205
1800 136 112 32 32 1.299991
1800 0 193 24 24 2.163008
1800 14 112 28 28 1.182084
1800 400 112 32 32 1.144459
1800 357 130 28 28 1.855748
1800 462 112 28 28 0.993383
1800 352 125 28 28 1.752018
1800 18 204 24 24 0.239488
1830 385 113 25 25 13.181255
1830 7 112 32 32 5.783746
1830 408 112 32 32 2.662509
1830 459 112 28 28 4.473075
1830 198 162 36 36 1.408939
1830 390 108 24 24 0.858639
1830 0 192 24 24 0.837110
1830 392 112 32 32 0.530825
