30 352 40 64 64 12.359831
30 450 126 36 36 2.666572
30 405 128 32 32 3.976427
30 1 152 32 32 1.830129
30 389 141 32 32 3.261201
30 352 16 64 64 1.309539
30 209 0 23 23 0.419744
60 352 40 64 64 11.659100
60 450 126 36 36 3.106154
60 405 128 32 32 3.122689
60 2 152 32 32 2.440160
60 389 142 32 32 4.177053
60 352 16 64 64 1.542529
60 210 0 24 24 0.034275
90 351 40 64 64 11.729907
90 450 126 36 36 2.889498
90 405 127 32 32 3.853397
90 2 152 32 32 3.000617
90 352 16 64 64 1.655863
90 389 141 32 32 3.766065
90 210 0 24 24 0.362205
90 16 152 32 32 0.111026
120 351 41 64 64 11.698786
120 449 126 36 36 9.026221
120 12 191 23 23 6.228440
120 16 152 32 32 3.477212
120 406 130 32 32 3.912846
120 391 141 32 32 3.401360
120 210 0 24 24 1.184484
120 352 16 64 64 1.133143
120 400 132 32 32 1.401169
120 0 152 32 32 0.168797
150 6 192 23 23 24.136501
150 449 126 36 36 15.542961
150 352 42 64 64 12.004305
150 17 194 24 24 11.696434
150 12 198 24 24 3.643785
150 0 158 36 36 5.761701
150 391 146 32 32 4.764962
150 12 301 24 24 3.408400
150 1 263 32 32 3.242707
150 432 126 36 36 2.583892
150 404 134 32 32 5.652908
150 18 204 24 24 0.570564
150 383 148 32 32 0.886400
150 0 191 48 48 0.895994
150 210 0 24 24 0.273529
180 12 192 24 24 36.720135
180 15 197 23 23 13.297695
180 449 126 36 36 15.577369
180 352 42 64 64 11.281050
180 2 159 36 36 10.352551
180 6 198 24 24 4.196492
180 432 126 36 36 3.495876
180 403 136 32 32 5.058564
180 12 153 36 36 2.669379
180 0 192 24 24 1.559441
180 11 197 44 44 1.433272
180 392 144 32 32 1.299870
180 408 128 32 32 0.917674
180 210 6 24 24 0.125903
210 15 193 24 24 23.427291
210 449 126 36 36 13.608604
210 351 41 64 64 11.076075
210 6 192 23 23 6.155557
210 390 142 32 32 6.358029
210 2 155 36 36 9.576525
210 401 136 32 32 5.457085
210 12 198 24 24 1.682840
210 408 128 32 32 1.489108
210 352 16 64 64 0.732656
210 210 0 24 24 0.069921
210 11 198 44 44 0.027678
240 15 192 24 24 20.280356
240 449 126 36 36 10.242564
240 352 41 64 64 10.629721
240 6 192 24 24 5.862910
240 2 154 35 35 10.677012
240 406 130 32 32 4.476716
240 390 141 32 32 4.802170
240 402 133 32 32 3.262893
240 23 152 32 32 1.153778
240 352 16 64 64 1.049272
240 210 0 23 23 0.959678
240 297 171 36 36 0.110364
270 15 192 23 23 15.502997
270 352 41 64 64 10.905433
270 6 192 24 24 6.413370
270 389 142 32 32 8.816266
270 448 126 36 36 5.351353
270 2 154 36 36 8.116698
270 407 129 32 32 3.201229
270 24 152 32 32 2.211650
270 210 0 24 24 1.368112
270 352 16 64 64 0.715564
270 297 171 36 36 0.629129
270 400 136 32 32 0.063759
300 352 41 64 64 10.364804
300 4 152 36 36 6.010746
300 405 128 32 32 4.665564
300 450 126 36 36 2.635236
300 19 152 34 34 4.529627
300 0 133 28 28 1.553239
300 392 139 32 32 3.006732
300 352 16 64 64 1.344804
300 384 143 32 32 0.877882
300 297 171 36 36 0.745867
300 18 192 24 24 0.236387
300 210 0 24 24 0.133190
330 352 41 64 64 10.453728
330 405 127 32 32 4.024962
330 450 126 36 36 2.725400
330 389 141 32 32 4.467139
330 19 152 32 32 2.649214
330 352 16 64 64 1.185189
330 11 187 44 44 0.883237
330 297 171 36 36 0.768816
330 0 133 27 27 0.685145
330 210 0 24 24 0.208732
360 352 40 64 64 10.584042
360 405 128 32 32 4.318401
360 450 126 36 36 2.831424
360 15 245 28 28 3.073546
360 389 141 32 32 6.319680
360 8 259 32 32 3.662716
360 16 151 32 32 1.858265
360 352 16 64 64 1.150949
360 297 171 36 36 0.629809
360 10 187 44 44 0.433270
390 352 41 64 64 11.334756
390 405 128 32 32 7.281646
390 392 138 32 32 5.942734
390 450 126 36 36 2.876623
390 384 144 32 32 1.901976
390 352 16 64 64 1.354869
390 8 264 32 32 1.141012
390 8 279 32 32 0.994112
390 21 245 27 27 0.693888
390 210 0 24 24 0.148869
390 297 171 36 36 0.125443
420 351 40 64 64 11.043155
420 404 128 32 32 6.399522
420 450 126 36 36 2.574040
420 352 16 64 64 1.482100
420 0 192 24 24 1.260808
420 22 187 44 44 0.804313
420 392 136 32 32 0.473917
420 210 0 24 24 0.322565
420 297 171 36 36 0.056080
450 351 40 64 64 10.476043
450 405 128 32 32 4.549392
450 450 126 36 36 2.628025
450 352 16 64 64 2.163748
450 0 192 24 24 2.010290
450 389 141 32 32 3.947058
450 22 187 44 44 1.112627
450 7 280 32 32 0.427922
450 8 264 32 32 0.345307
450 210 0 24 24 0.137342
480 352 40 64 64 12.242611
480 450 126 36 36 2.893584
480 405 128 32 32 4.470101
480 0 193 24 24 3.332033
480 387 144 32 32 4.077190
480 351 15 64 64 1.703217
480 392 136 32 32 1.554273
480 8 280 32 32 0.753437
480 22 187 44 44 0.733758
480 210 0 24 24 0.331719
480 8 264 32 32 0.081185
510 352 40 64 64 12.417161
510 450 126 36 36 3.135756
510 404 127 32 32 5.005397
510 0 193 24 24 2.978683
510 352 16 64 64 1.716622
510 392 139 32 32 2.980728
510 384 144 32 32 1.339570
510 22 187 44 44 1.013384
510 8 280 32 32 0.347447
510 210 0 24 24 0.245622
540 351 40 64 64 12.247015
540 404 128 32 32 5.986845
540 0 194 24 24 5.306450
540 450 126 36 36 2.648746
540 389 141 32 32 4.909439
540 352 16 64 64 1.556050
540 22 187 44 44 1.213783
540 297 171 36 36 0.240457
540 8 280 32 32 0.226868
540 210 0 24 24 0.000669
570 352 40 64 64 11.851878
570 404 128 32 32 6.174450
570 0 193 24 24 4.620323
570 450 126 36 36 2.708431
570 392 139 32 32 4.056087
570 352 16 64 64 1.617161
570 384 144 32 32 1.243674
570 22 187 44 44 1.161042
570 8 280 32 32 0.287721
570 209 0 24 24 0.079497
570 297 171 36 36 0.050138
600 352 40 64 64 11.950806
600 404 128 32 32 5.797804
600 0 193 24 24 4.428681
600 450 126 36 36 2.937127
600 389 141 32 32 5.472721
600 352 16 64 64 1.480241
600 22 187 44 44 1.263068
600 209 0 24 24 0.462478
600 297 171 36 36 0.133758
630 351 40 64 64 11.951623
630 405 128 32 32 5.609815
630 450 126 36 36 3.144423
630 0 193 24 24 2.081694
630 392 139 32 32 3.259656
630 22 187 44 44 1.540728
630 352 16 64 64 1.480669
630 384 144 32 32 0.888292
630 210 0 24 24 0.664818
630 297 171 36 36 0.360486
660 352 40 64 64 11.807059
660 404 128 32 32 6.168997
660 450 126 36 36 2.859416
660 389 141 32 32 4.610940
660 0 193 24 24 2.025722
660 352 16 64 64 1.464526
660 22 187 44 44 1.461262
660 210 0 24 24 0.400180
660 297 171 36 36 0.288003
690 352 40 64 64 12.075818
690 450 126 36 36 2.969468
690 405 128 32 32 4.376031
690 0 193 23 23 3.834981
690 389 142 32 32 4.923823
690 351 15 64 64 1.867708
690 22 187 44 44 1.282807
690 297 171 36 36 0.329984
690 210 0 24 24 0.200254
720 352 40 64 64 11.834673
720 0 194 24 24 8.532874
720 404 128 32 32 5.661846
720 450 126 36 36 2.848306
720 352 16 64 64 1.467067
720 387 144 32 32 2.476432
720 391 139 32 32 2.428554
720 22 187 44 44 1.139705
720 6 198 24 24 0.794137
720 210 0 24 24 0.482639
720 297 171 36 36 0.230742
720 8 280 32 32 0.036466
750 352 40 64 64 10.342597
750 9 192 24 24 9.302376
750 405 128 32 32 4.518433
750 450 126 36 36 2.781204
750 389 141 32 32 4.573982
750 352 16 64 64 1.481899
750 33 187 44 44 0.218932
750 297 171 36 36 0.019171
780 351 40 64 64 11.175138
780 405 128 32 32 5.157921
780 449 126 36 36 3.043419
780 390 141 32 32 4.268936
780 352 16 64 64 1.480820
780 16 152 32 32 0.875139
780 33 187 44 44 0.404914
780 297 171 36 36 0.318303
780 210 0 24 24 0.242122
810 352 40 64 64 10.291507
810 405 128 32 32 5.331008
810 450 126 36 36 3.250878
810 21 187 43 43 3.574783
810 392 139 32 32 3.168754
810 352 16 64 64 1.548434
810 384 144 32 32 1.109504
810 297 171 36 36 0.541805
810 24 152 32 32 0.297194
810 8 264 32 32 0.124258
810 210 0 24 24 0.066385
840 351 40 64 64 10.622775
840 404 128 32 32 6.580744
840 450 126 36 36 3.066041
840 392 139 32 32 4.010824
840 26 187 44 44 2.616053
840 352 16 64 64 1.412629
840 384 144 32 32 1.110840
840 297 171 36 36 0.576946
840 210 0 24 24 0.382841
870 351 40 64 64 10.710494
870 404 128 32 32 7.270386
870 450 126 36 36 3.532569
870 26 187 44 44 3.212966
870 392 139 32 32 3.142701
870 352 16 64 64 1.422779
870 384 144 32 32 0.990441
870 297 171 36 36 0.413653
870 210 0 24 24 0.254085
900 351 40 64 64 10.805938
900 404 128 32 32 5.863768
900 450 126 36 36 2.976339
900 389 141 32 32 5.294072
900 24 187 44 44 2.067640
900 352 16 64 64 1.521224
900 297 171 35 35 0.478672
900 7 264 32 32 0.168379
900 210 0 24 24 0.065053
930 352 40 64 64 10.382104
930 405 128 32 32 5.451811
930 449 126 36 36 3.267458
930 24 187 44 44 1.816165
930 388 142 32 32 2.704776
930 352 16 64 64 1.252306
930 297 171 36 36 0.217087
960 352 40 64 64 10.584461
960 405 128 32 32 5.933260
960 449 126 36 36 3.350184
960 392 139 32 32 3.145598
960 352 16 64 64 1.376140
960 384 144 32 32 1.316957
960 25 187 44 44 1.941409
960 210 0 24 24 0.495997
960 297 171 36 36 0.339361
990 352 40 64 64 10.402221
990 405 128 32 32 6.331962
990 450 126 36 36 2.828014
990 392 139 32 32 3.366922
990 26 186 43 43 2.743356
990 352 16 64 64 1.646591
990 384 144 32 32 1.507331
990 297 170 36 36 0.370040
990 210 0 24 24 0.101178
1020 351 40 64 64 10.026360
1020 405 128 32 32 6.622083
1020 450 126 36 36 3.247488
1020 392 138 32 32 3.833193
1020 25 187 43 43 2.916850
1020 352 16 64 64 1.393239
1020 384 144 32 32 1.029808
1020 297 171 36 36 0.335587
1020 210 0 23 23 0.100693
1050 352 40 64 64 10.784758
1050 404 128 32 32 6.820533
1050 450 126 36 36 3.074725
1050 391 139 32 32 4.493743
1050 26 187 44 44 2.695740
1050 352 16 64 64 1.454666
1050 384 144 32 32 1.218125
1050 297 171 36 36 0.397608
1050 210 0 23 23 0.175313
1080 352 40 64 64 11.006289
1080 404 128 32 32 6.550997
1080 450 126 36 36 2.805564
1080 392 139 32 32 3.338082
1080 26 186 44 44 3.022943
1080 384 144 32 32 1.316021
1080 352 16 64 64 1.298939
1080 297 171 36 36 0.392106
1080 210 0 24 24 0.186072
1110 352 40 64 64 11.201691
1110 404 128 32 32 6.006639
1110 450 126 36 36 2.804608
1110 391 139 32 32 3.126818
1110 25 187 43 43 2.454403
1110 387 144 32 32 3.017615
1110 352 16 64 64 1.068358
1110 297 171 36 36 0.532012
1110 210 0 24 24 0.132142
1140 351 40 64 64 10.807217
1140 405 127 32 32 4.928966
1140 450 126 36 36 2.840060
1140 389 141 32 32 5.684897
1140 26 187 44 44 2.661140
1140 352 16 64 64 1.329305
1140 297 171 36 36 0.479710
1140 210 0 24 24 0.294074
1170 352 40 64 64 11.280081
1170 404 128 32 32 5.210754
1170 392 139 32 32 4.761620
1170 450 126 36 36 2.474134
1170 26 187 44 44 2.772981
1170 352 16 64 64 1.558069
1170 384 144 32 32 1.481085
1170 297 171 36 36 0.699767
1170 210 0 24 24 0.128807
1200 352 40 64 64 10.665824
1200 404 128 32 32 6.245171
1200 450 126 36 36 3.065368
1200 389 141 32 32 6.403078
1200 26 186 44 44 2.507315
1200 352 16 64 64 1.210537
1200 297 171 36 36 1.014689
1200 210 0 24 24 0.252656
1230 352 40 64 64 10.746502
1230 405 128 32 32 6.040596
1230 450 126 36 36 3.160455
1230 389 141 32 32 6.677030
1230 25 187 44 44 2.817677
1230 352 16 64 64 1.231189
1230 297 171 36 36 0.868236
1230 210 0 24 24 0.156174
1260 352 40 64 64 10.384302
1260 405 128 32 32 6.183996
1260 450 126 36 36 2.716397
1260 25 187 44 44 2.425019
1260 392 139 32 32 2.556602
1260 352 16 64 64 1.280978
1260 297 171 36 36 1.171253
1260 384 144 32 32 0.631366
1260 210 0 24 24 0.087200
1290 351 41 64 64 10.936371
1290 405 128 32 32 4.060675
1290 450 126 36 36 2.547814
1290 391 139 32 32 3.786864
1290 25 187 44 44 2.299835
1290 384 144 32 32 1.287479
1290 352 16 64 64 1.136548
1290 297 171 36 36 0.589444
1290 209 0 24 24 0.317347
1320 352 41 64 64 10.374035
1320 405 128 32 32 5.820891
1320 449 126 36 36 2.225618
1320 26 187 44 44 2.514687
1320 352 16 64 64 1.353006
1320 391 139 32 32 2.210448
1320 297 171 36 36 0.880553
1320 384 144 32 32 0.475594
1320 209 0 24 24 0.348076
1350 352 41 64 64 11.203932
1350 405 128 32 32 7.007741
1350 450 126 36 36 2.897596
1350 26 187 44 44 3.047970
1350 352 16 64 64 1.401334
1350 391 137 32 32 1.363115
1350 297 171 36 36 0.567877
1350 210 0 24 24 0.337515
1350 384 144 32 32 0.268021
1380 351 40 64 64 10.492812
1380 406 128 32 32 4.136052
1380 450 126 36 36 2.861465
1380 26 186 44 44 3.108078
1380 352 16 64 64 1.225136
1380 392 138 32 32 1.281356
1380 297 171 36 36 0.644270
1380 384 144 32 32 0.334695
1410 352 40 64 64 10.580129
1410 406 128 32 32 5.051502
1410 450 126 36 36 2.481739
1410 26 187 44 44 3.095398
1410 389 141 32 32 3.276932
1410 352 16 64 64 1.179697
1410 297 171 36 36 0.678241
1410 210 0 24 24 0.081833
1440 352 40 64 64 10.703695
1440 405 128 32 32 6.206351
1440 449 126 36 36 2.301279
1440 26 187 44 44 2.972462
1440 392 139 32 32 2.895489
1440 352 16 64 64 1.486617
1440 384 144 32 32 0.865824
1440 297 170 36 36 0.688006
1440 210 0 24 24 0.235357
1470 352 40 64 64 10.863523
1470 405 128 32 32 4.867179
1470 26 187 44 44 3.736006
1470 450 126 36 36 2.158197
1470 389 142 32 32 3.532831
1470 352 16 64 64 1.238944
1470 296 171 36 36 0.847255
1470 210 0 24 24 0.299802
1500 351 41 64 64 10.800200
1500 405 128 32 32 5.148214
1500 450 126 36 36 2.553521
1500 389 141 32 32 4.607653
1500 26 187 44 44 2.983199
1500 351 15 64 64 1.405509
1500 297 171 36 36 0.696561
1500 210 0 24 24 0.174207
1530 351 41 64 64 11.111222
1530 405 128 32 32 7.383883
1530 450 126 36 36 2.503551
1530 392 139 32 32 3.211907
1530 26 187 44 44 3.156632
1530 352 16 64 64 1.304617
1530 384 144 32 32 0.969807
1530 297 171 36 36 0.757711
1530 210 0 24 24 0.485222
1560 352 40 64 64 10.863603
1560 405 128 32 32 5.414446
1560 450 126 36 36 3.217337
1560 26 187 44 44 2.783511
1560 352 16 64 64 1.626011
1560 392 139 32 32 2.891814
1560 384 144 32 32 1.254676
1560 297 171 36 36 0.754189
1560 210 0 23 23 0.100944
1590 352 40 64 64 10.985819
1590 405 128 32 32 8.518007
1590 450 126 36 36 2.644291
1590 392 139 32 32 3.989859
1590 352 16 64 64 1.605922
1590 26 187 44 44 2.442718
1590 384 144 32 32 1.347181
1590 297 171 36 36 0.230710
1590 209 0 23 23 0.085651
1620 352 41 64 64 11.467618
1620 405 128 32 32 7.264442
1620 450 126 36 36 2.696794
1620 389 141 32 32 5.575162
1620 26 186 44 44 2.659160
1620 352 16 64 64 1.259318
1620 297 171 36 36 0.619537
1620 210 0 24 24 0.455598
1650 351 40 64 64 12.052060
1650 404 128 32 32 7.074492
1650 449 126 36 36 2.191036
1650 26 187 44 44 3.172931
1650 392 139 32 32 2.870316
1650 352 16 64 64 1.628882
1650 384 144 32 32 0.582550
1650 297 171 36 36 0.568462
1650 210 0 24 24 0.234272
1680 352 41 64 64 11.905191
1680 405 128 32 32 6.173271
1680 450 126 36 36 2.547970
1680 389 141 32 32 3.866449
1680 26 187 44 44 2.216052
1680 352 16 64 64 1.329038
1680 297 171 36 36 0.508640
1680 210 0 24 24 0.487262
1710 352 40 64 64 11.939057
1710 404 128 32 32 6.606311
1710 450 126 36 36 2.251171
1710 392 139 32 32 3.643037
1710 25 187 44 44 2.375291
1710 352 16 64 64 1.516409
1710 384 144 32 32 0.966675
1710 297 171 36 36 0.685333
1710 210 0 24 24 0.326229
1740 352 40 64 64 11.861516
1740 405 128 32 32 5.130567
1740 450 126 36 36 2.477568
1740 389 141 32 32 4.872251
1740 25 187 44 44 2.669521
1740 352 16 64 64 1.180143
1740 297 171 36 36 0.491051
1740 210 0 23 23 0.093550
1770 352 40 64 64 11.785359
1770 405 128 32 32 4.973137
1770 450 126 36 36 2.146730
1770 352 16 64 64 1.802603
1770 390 141 32 32 4.371603
1770 25 187 44 44 2.386590
1770 297 171 36 36 0.506345
1770 210 0 24 24 0.273717
1800 351 40 64 64 12.104880
1800 404 128 32 32 5.708978
1800 450 126 36 36 2.647261
1800 389 141 32 32 6.790684
1800 26 187 44 44 2.863305
1800 352 16 64 64 1.645236
1800 297 171 36 36 0.546403
1800 210 0 24 24 0.355369
1830 352 40 64 64 12.178781
1830 404 128 32 32 5.913174
1830 450 126 36 36 2.455998
1830 26 186 44 44 3.418375
1830 352 16 64 64 1.788405
1830 389 141 32 32 4.330971
1830 297 171 36 36 0.641686
1830 209 0 24 24 0.294499
