30 203 109 24 24 18.949631
30 210 111 24 24 7.137860
30 347 0 39 39 4.918140
30 198 114 24 24 3.335536
30 0 133 27 27 2.296227
30 21 112 28 28 1.874617
30 280 24 32 32 1.158741
30 144 136 32 32 1.082041
30 240 10 40 40 0.729942
30 385 0 44 44 0.221066
60 352 204 44 44 9.809985
60 264 201 46 46 19.526126
60 400 144 32 32 16.019322
60 404 135 32 32 6.356412
60 385 149 32 32 8.250046
60 15 102 24 24 5.659295
60 352 31 64 64 7.933381
60 192 112 32 32 3.323308
60 276 255 32 32 4.958918
60 36 18 48 48 9.335072
60 96 103 24 24 2.923596
60 215 217 47 47 5.230570
60 175 135 32 32 1.984081
60 272 112 32 32 1.793070
60 340 187 40 40 1.604814
60 288 192 48 48 1.900642
60 192 152 32 32 0.939465
60 207 114 23 23 1.718169
60 192 136 32 32 0.922075
60 162 126 36 36 0.770410
60 204 204 48 48 1.333318
60 0 107 24 24 0.590761
60 0 33 44 44 0.274931
60 408 112 32 32 0.157604
90 406 138 32 32 10.570920
90 400 144 32 32 15.787359
90 352 31 64 64 7.890366
90 0 131 27 27 2.929934
90 386 150 32 32 4.859741
90 272 112 32 32 1.096940
90 5 226 48 48 3.971674
90 168 119 28 28 0.491673
90 0 112 32 32 0.079085
120 405 137 32 32 8.758835
120 0 130 27 27 5.592501
120 399 143 32 32 11.479762
120 351 27 64 64 5.380799
120 168 119 28 28 1.320482
120 384 147 32 32 1.872239
120 269 112 32 32 1.412669
120 392 136 32 32 0.940706
120 21 112 28 28 0.869610
120 388 152 32 32 1.495047
120 256 112 32 32 0.224755
150 405 138 32 32 10.812438
150 399 143 32 32 16.055781
150 0 130 28 28 5.485576
150 384 147 32 32 5.931960
150 352 27 64 64 5.963119
150 395 152 32 32 4.004917
150 391 136 32 32 1.983120
150 270 112 32 32 0.723814
150 168 119 28 28 0.487400
150 210 114 24 24 0.107756
180 405 136 32 32 11.769737
180 0 130 28 28 6.469548
180 399 141 32 32 12.227122
180 387 143 32 32 6.272921
180 352 26 64 64 5.232764
180 390 136 32 32 2.143868
180 0 112 31 31 1.027580
180 269 112 32 32 0.989409
180 394 152 32 32 0.329551
180 21 112 28 28 0.156971
210 399 141 32 32 9.272981
210 352 27 64 64 5.488246
210 392 136 32 32 1.883662
210 408 139 32 32 2.811266
210 0 133 28 28 1.112888
210 168 119 28 28 1.043738
210 384 144 32 32 0.983961
210 256 112 32 32 0.821789
240 10 144 36 36 16.399901
240 18 149 35 35 12.910545
240 288 223 48 48 11.837662
240 0 130 28 28 5.126522
240 26 146 34 34 5.150055
240 388 107 24 24 4.436575
240 178 205 44 44 5.711105
240 264 228 48 48 5.196398
240 420 200 47 47 7.147130
240 198 105 24 24 5.134022
240 385 103 24 24 3.571170
240 205 103 24 24 3.343178
240 272 264 32 32 4.198837
240 352 24 54 54 2.333053
240 469 245 28 28 1.024965
240 187 198 44 44 0.841233
240 256 264 32 32 0.588551
240 469 133 28 28 0.362708
240 21 112 28 28 0.110777
240 294 84 24 24 0.077867
240 384 228 48 48 0.115626
270 405 136 32 32 10.425603
270 0 129 27 27 7.203927
270 399 142 32 32 11.824503
270 386 143 32 32 7.388485
270 352 28 64 64 5.655935
270 388 136 32 32 2.731543
270 269 112 32 32 1.945716
270 0 112 32 32 0.544913
270 395 152 32 32 1.046488
300 405 138 32 32 9.985375
300 400 143 32 32 14.533674
300 0 130 28 28 5.703681
300 352 27 64 64 6.531132
300 386 146 32 32 7.987165
300 392 152 32 32 1.777979
300 392 136 32 32 0.973433
300 272 112 32 32 0.860038
300 210 114 24 24 0.342767
300 0 112 32 32 0.255914
330 405 138 32 32 11.792614
330 400 143 32 32 14.858794
330 352 30 64 64 8.104236
330 1 199 24 24 3.385725
330 384 147 32 32 2.796804
330 391 136 32 32 1.448082
330 272 112 32 32 0.842625
330 392 152 32 32 0.748266
330 210 114 24 24 0.220917
330 0 133 28 28 0.052969
360 400 144 32 32 15.203167
360 162 126 36 36 4.102594
360 406 139 32 32 9.890628
360 351 32 64 64 9.436867
360 0 131 27 27 3.455064
360 48 32 64 64 2.241976
360 386 149 32 32 4.946730
360 272 112 32 32 0.757652
360 128 144 32 32 0.585217
360 176 149 32 32 0.729334
360 176 138 32 32 0.662511
360 0 112 32 32 0.195153
360 408 152 32 32 0.168355
360 21 112 28 28 0.011282
390 400 145 32 32 14.397084
390 352 31 64 64 8.770729
390 406 136 32 32 4.007762
390 386 149 32 32 7.029180
390 0 131 28 28 2.868029
390 162 126 36 36 1.298321
390 191 134 32 32 1.487599
390 272 112 32 32 0.761461
390 21 112 28 28 0.699867
390 176 128 32 32 0.488552
390 408 152 32 32 0.305673
390 192 112 32 32 0.176776
420 24 205 47 47 51.788416
420 405 142 32 32 14.144784
420 351 29 64 64 9.296330
420 399 152 32 32 7.675341
420 1 206 46 46 16.243916
420 13 216 47 47 21.066258
420 390 146 32 32 5.928663
420 36 216 48 48 4.126308
420 383 148 32 32 3.298624
420 198 126 36 36 1.915910
420 8 192 47 47 5.248518
420 0 228 47 47 2.949504
420 24 228 48 48 2.720912
420 400 136 32 32 0.960684
420 144 152 32 32 0.843286
420 168 126 28 28 0.630254
450 141 149 33 33 10.825625
450 407 136 32 32 10.406084
450 405 149 32 32 10.672118
450 352 34 64 64 9.366389
450 395 151 32 32 7.389535
450 216 145 36 36 3.063790
450 200 113 24 24 3.785398
450 397 144 32 32 2.476880
450 14 112 28 28 0.862588
450 21 119 28 28 0.444112
450 154 133 28 28 0.440159
480 205 108 24 24 3.342633
480 352 48 64 64 1.272889
480 18 114 23 23 0.952313
480 24 151 32 32 0.849765
480 48 16 64 64 0.484204
480 352 16 64 64 0.167176
480 408 144 32 32 0.096187
480 216 144 36 36 0.000365
510 402 24 32 32 2.804369
510 450 126 36 36 1.845963
510 396 136 32 32 3.497182
510 176 112 32 32 1.774445
510 352 37 64 64 2.262369
510 7 113 24 24 3.241828
510 303 162 36 36 2.160392
510 24 144 32 32 1.052031
510 119 133 28 28 0.941287
510 0 153 36 36 0.518150
510 396 197 24 24 0.048554
510 256 48 64 64 0.020611
540 460 129 30 30 37.348065
540 464 125 31 31 9.275923
540 455 2 36 36 10.490226
540 438 127 34 34 7.517786
540 8 144 32 32 6.204149
540 124 133 28 28 3.376327
540 384 194 24 24 5.348509
540 441 0 36 36 2.687095
540 225 113 28 28 4.934231
540 275 128 32 32 3.995484
540 455 126 28 28 1.971903
540 350 170 40 40 1.748739
540 386 108 24 24 2.132110
540 492 6 24 24 0.648823
540 450 144 36 36 0.571339
540 12 36 48 48 1.052020
540 396 108 24 24 0.514701
540 26 26 46 46 1.201339
540 450 8 36 36 0.349724
540 231 119 28 28 0.201250
540 18 113 24 24 0.004323
570 19 7 45 45 59.812727
570 386 134 32 32 16.324035
570 388 128 32 32 9.121709
570 485 97 24 24 6.212780
570 14 20 43 43 9.313235
570 389 143 32 32 3.094972
570 206 36 47 47 4.728514
570 1 84 24 24 2.546480
570 245 98 28 28 1.664233
570 498 96 24 24 1.516601
570 0 3 48 48 4.144114
570 487 83 23 23 1.331824
570 0 32 64 64 0.915748
570 351 15 64 64 0.894992
570 31 25 42 42 1.420479
570 431 144 36 36 0.696604
570 121 112 28 28 0.921174
570 6 102 24 24 0.572665
570 384 36 48 48 0.274042
600 465 97 27 27 11.925158
600 352 41 64 64 9.999451
600 480 111 24 24 5.865130
600 352 21 50 50 10.097093
600 384 26 45 45 14.375007
600 372 22 43 43 4.250461
600 352 0 64 64 3.084197
600 1 24 43 43 4.480391
600 144 102 24 24 2.518481
600 292 288 36 36 3.690038
600 454 98 28 28 1.742998
600 462 119 28 28 3.032656
600 239 112 28 28 1.290322
600 408 152 32 32 0.947936
600 340 30 40 40 0.881152
600 492 114 24 24 0.853147
600 402 113 23 23 0.838021
600 288 0 64 64 0.761447
600 469 112 28 28 0.734199
600 480 102 24 24 0.625321
600 486 108 24 24 0.426026
600 96 104 24 24 0.598692
600 385 108 24 24 0.487273
600 492 96 24 24 0.200950
600 96 113 23 23 0.096002
600 192 113 24 24 0.003427
630 115 98 28 28 10.850077
630 397 104 24 24 12.182431
630 1 134 32 32 20.365034
630 402 106 24 24 6.769642
630 10 144 32 32 6.911940
630 21 98 28 28 3.903664
630 351 15 43 43 6.540302
630 132 114 24 24 3.364797
630 391 151 32 32 3.573508
630 5 127 31 31 5.877231
630 126 98 28 28 3.091742
630 16 139 32 32 4.953017
630 469 112 28 28 2.275653
630 390 108 24 24 2.066542
630 10 110 25 25 3.067593
630 0 98 28 28 1.044865
630 13 152 32 32 0.947211
630 21 119 28 28 0.573226
630 119 126 27 27 0.391999
630 357 97 27 27 0.353213
630 154 111 28 28 0.263791
630 176 16 32 32 0.113182
660 484 96 24 24 8.491500
660 192 18 24 24 4.715877
660 384 102 24 24 4.385543
660 402 2 24 24 5.252510
660 491 84 24 24 2.491131
660 125 133 28 28 2.490090
660 200 114 24 24 3.557338
660 401 12 23 23 1.729058
660 352 154 44 44 1.376675
660 224 114 28 28 1.900392
660 390 198 23 23 0.808581
660 399 204 24 24 1.205087
660 210 114 24 24 0.594789
690 225 0 28 28 7.655720
690 113 124 27 27 13.255152
690 451 97 27 27 7.588490
690 397 95 24 24 9.681639
690 199 114 23 23 7.291200
690 1 113 28 28 7.629351
690 273 42 64 64 6.207035
690 386 95 24 24 4.726892
690 391 35 47 47 9.341299
690 306 11 23 23 2.704505
690 4 32 64 64 3.573733
690 210 114 24 24 2.440447
690 197 6 24 24 2.465621
690 48 0 64 64 1.702733
690 391 84 24 24 2.122696
690 13 112 27 27 1.478051
690 204 11 24 24 1.484487
690 119 119 27 27 1.272735
690 112 112 28 28 1.263562
690 26 126 36 36 0.940442
690 209 6 24 24 1.001547
690 126 126 28 28 0.865584
690 216 36 48 48 1.343428
690 112 98 28 28 0.620816
690 256 32 64 64 0.452028
690 6 96 23 23 0.424627
690 402 84 24 24 0.291515
690 7 119 28 28 0.153036
720 12 83 23 23 15.604627
720 460 98 28 28 9.497314
720 16 100 25 25 9.480581
720 266 0 32 32 4.478624
720 192 105 23 23 5.441089
720 216 36 48 48 4.527328
720 432 155 36 36 2.940704
720 18 114 24 24 1.668298
720 348 126 28 28 2.049897
720 0 84 24 24 1.545852
720 336 119 27 27 1.523129
720 288 107 24 24 1.202547
720 263 0 64 64 2.298336
720 315 27 36 36 1.142943
720 420 24 48 48 1.784620
720 288 32 62 62 0.807918
720 264 36 48 48 1.360260
720 275 19 60 60 0.479442
720 480 114 24 24 0.375065
720 198 102 24 24 0.015704
750 213 35 47 47 14.352720
750 1 111 24 24 11.682791
750 0 98 28 28 3.805825
750 154 98 28 28 3.655648
750 261 1 64 64 5.432499
750 6 108 24 24 2.222559
750 280 15 64 64 2.948578
750 384 300 23 23 1.495689
750 168 98 28 28 1.363240
750 353 126 28 28 2.091045
750 101 288 24 24 0.814340
750 288 294 24 24 0.643563
750 144 272 32 32 0.237625
780 434 163 36 36 11.103629
780 258 26 64 64 7.868339
780 480 102 24 24 3.700220
780 154 98 28 28 2.938907
780 354 119 28 28 5.450152
780 98 114 24 24 4.399645
780 441 171 36 36 2.420049
780 132 114 24 24 1.702977
780 204 35 48 48 3.324876
780 256 0 64 64 1.402647
780 336 133 28 28 1.273203
780 10 0 24 24 1.325913
780 108 114 24 24 1.040182
780 199 108 23 23 1.435160
780 397 144 32 32 1.153574
780 384 139 32 32 1.081126
780 350 20 40 40 0.526559
780 6 6 24 24 0.224950
780 288 32 64 64 0.222693
780 144 114 24 24 0.033487
810 350 118 28 28 37.509430
810 354 125 28 28 12.241198
810 343 115 28 28 12.510694
810 392 136 32 32 11.553860
810 18 130 28 28 13.631344
810 168 98 28 28 4.757965
810 449 162 36 36 13.789863
810 357 112 28 28 4.573352
810 233 98 28 28 5.931576
810 434 146 36 36 7.508571
810 25 36 48 48 12.526742
810 441 148 36 36 4.791426
810 7 133 28 28 2.199559
810 108 108 24 24 1.910393
810 352 48 64 64 1.637298
810 479 192 24 24 1.597376
810 101 114 24 24 1.137299
810 144 114 24 24 1.023771
810 264 36 48 48 1.995816
810 343 126 28 28 0.997024
810 192 102 24 24 0.923362
810 288 32 64 64 0.722649
810 154 98 28 28 0.687270
810 216 24 48 48 1.246726
810 456 152 36 36 0.897508
810 306 108 23 23 0.497011
810 432 162 36 36 0.252182
810 408 136 32 32 0.223276
840 357 127 27 27 7.952042
840 5 1 64 64 9.499246
840 238 98 28 28 5.587199
840 387 128 32 32 8.664160
840 491 99 24 24 8.434543
840 486 204 24 24 10.860682
840 5 34 48 48 13.513757
840 400 128 32 32 3.106606
840 498 210 24 24 1.631516
840 480 207 24 24 2.879732
840 458 157 36 36 2.517902
840 492 198 24 24 0.911257
840 486 98 24 24 1.441798
840 480 198 24 24 0.645610
840 288 35 48 48 1.178550
840 96 113 24 24 0.544099
840 48 0 64 64 0.390638
840 24 36 48 48 0.735024
840 132 114 24 24 0.191006
840 342 0 28 28 0.112558
870 387 135 32 32 20.436534
870 288 34 48 48 14.181246
870 18 118 28 28 17.241588
870 224 115 28 28 12.346096
870 351 40 64 64 10.821912
870 43 3 64 64 8.436103
870 395 143 32 32 7.051261
870 2 3 61 61 6.452969
870 233 112 27 27 6.770359
870 385 112 24 24 7.889460
870 405 149 32 32 9.167565
870 400 135 32 32 3.274571
870 336 123 27 27 3.921003
870 24 126 36 36 3.681958
870 336 114 28 28 3.768036
870 118 116 28 28 4.260293
870 13 26 37 37 5.136772
870 17 126 30 30 4.318522
870 432 144 36 36 1.655338
870 2 21 40 40 6.510359
870 8 112 32 32 1.388105
870 272 0 64 64 1.096044
870 392 128 32 32 0.943263
870 238 97 27 27 0.873948
870 390 108 24 24 0.539060
870 126 112 28 28 0.372516
870 112 112 28 28 0.299449
870 24 144 32 32 0.204630
870 32 16 64 64 0.084710
900 216 126 35 35 9.312674
900 237 133 28 28 11.956307
900 21 134 33 33 22.851479
900 9 129 34 34 9.900676
900 43 43 64 64 10.504971
900 432 171 36 36 4.010892
900 143 128 31 31 5.772884
900 454 0 36 36 4.657827
900 7 192 24 24 3.800206
900 267 37 64 64 6.202854
900 32 32 64 64 1.263417
900 0 129 28 28 2.342295
900 24 146 35 35 3.085273
900 256 48 64 64 0.857960
900 0 119 28 28 0.665335
900 7 15 37 37 1.425462
900 10 141 32 32 1.610886
900 6 48 64 64 0.482126
930 262 143 32 32 39.885446
930 258 149 32 32 25.325569
930 256 136 32 32 7.257103
930 240 140 40 40 5.554947
930 233 131 28 28 11.230507
930 264 128 32 32 3.359017
930 36 35 64 64 8.909884
930 277 28 64 64 6.540193
930 272 139 32 32 5.334218
930 448 7 28 28 2.318684
930 48 48 64 64 1.724473
930 30 140 40 40 1.625579
930 288 16 64 64 1.154195
930 238 126 28 28 0.886406
930 168 126 28 28 0.260653
930 176 112 32 32 0.233579
930 288 48 64 64 0.107568
930 16 48 64 64 0.095704
930 245 133 28 28 0.040755
960 399 192 23 23 9.526284
960 305 126 36 36 11.086610
960 0 195 24 24 11.887235
960 233 131 27 27 7.928390
960 6 194 24 24 5.221807
960 256 48 64 64 2.929336
960 42 34 64 64 6.360374
960 401 109 23 23 2.639112
960 15 198 24 24 2.377844
960 390 192 24 24 1.216170
960 469 98 28 28 0.711622
960 303 144 36 36 0.769051
990 454 171 36 36 11.075444
990 443 171 36 36 12.802561
990 270 41 64 64 7.629095
990 396 114 24 24 6.398623
990 380 154 44 44 3.835346
990 33 27 64 64 5.281720
990 480 99 24 24 3.684236
990 231 126 28 28 1.953083
990 256 37 64 64 2.419043
990 276 112 32 32 2.056710
990 357 119 28 28 0.867237
990 167 224 28 28 0.819513
990 384 114 23 23 0.397282
990 407 112 32 32 0.389418
990 264 112 32 32 0.372336
990 288 32 64 64 0.345380
990 315 126 36 36 0.313014
990 16 16 64 64 0.164691
990 402 108 24 24 0.067929
1020 16 146 34 34 29.817825
1020 393 112 29 29 11.431257
1020 0 140 40 40 3.452478
1020 6 0 24 24 2.820012
1020 402 108 24 24 2.549721
1020 119 19 27 27 2.369427
1020 264 112 32 32 1.530570
1020 238 126 28 28 1.442943
1020 404 112 32 32 2.637077
1020 315 126 36 36 1.198474
1020 153 299 36 36 0.960924
1020 279 112 32 32 0.524430
1020 144 306 36 36 0.161517
1020 447 97 27 27 0.154764
1020 9 153 36 36 0.050859
1050 466 225 27 27 13.474009
1050 388 192 24 24 7.912341
1050 235 127 28 28 9.616533
1050 224 112 28 28 2.041008
1050 231 119 28 28 1.126465
1050 230 133 28 28 1.061222
1050 480 114 24 24 0.955684
1050 264 112 32 32 0.833749
1050 469 126 28 28 0.734497
1050 357 97 27 27 0.684129
1050 384 105 23 23 1.088390
1050 402 198 24 24 0.128934
1080 396 193 24 24 14.904418
1080 9 146 34 34 14.207668
1080 400 196 24 24 9.198897
1080 386 102 24 24 5.551883
1080 231 127 28 28 5.743536
1080 276 32 64 64 9.013418
1080 356 115 28 28 5.809433
1080 284 16 64 64 3.368777
1080 24 126 36 36 3.275851
1080 21 146 32 32 5.240852
1080 480 102 24 24 1.203243
1080 297 126 36 36 0.426570
1080 420 23 47 47 0.758554
1080 350 119 28 28 0.245924
1110 260 28 64 64 14.779351
1110 394 192 23 23 7.425634
1110 226 124 28 28 6.608725
1110 303 126 36 36 3.660138
1110 480 210 24 24 2.016038
1110 14 133 28 28 1.570467
1110 288 32 64 64 0.949162
1110 272 16 64 64 0.893332
1110 394 112 29 29 0.954437
1110 231 119 28 28 0.448838
1110 0 128 32 32 0.381194
1110 420 168 48 48 0.662564
1110 480 96 24 24 0.206700
1140 311 126 36 36 10.422496
1140 256 16 64 64 3.350353
1140 7 139 32 32 5.181047
1140 336 133 27 27 1.808402
1140 407 131 32 32 3.392590
1140 408 112 32 32 1.304733
1140 384 98 24 24 2.378689
1140 400 144 32 32 2.786151
1140 223 112 27 27 1.287205
1140 0 148 32 32 1.590421
1140 396 103 24 24 1.076548
1140 448 121 28 28 1.206371
1140 224 124 28 28 0.595432
1140 384 136 32 32 0.009485
1170 396 196 23 23 17.324390
1170 349 113 28 28 15.436693
1170 399 192 24 24 8.831030
1170 15 148 34 34 21.925240
1170 288 48 64 64 3.735353
1170 386 191 23 23 4.696566
1170 346 140 40 40 4.279843
1170 21 142 33 33 6.548489
1170 385 151 32 32 2.826170
1170 402 204 24 24 2.246592
1170 336 112 28 28 2.012975
1170 486 114 24 24 1.873927
1170 23 129 34 34 4.468212
1170 343 119 28 28 1.686010
1170 3 140 38 38 1.583055
1170 315 126 36 36 0.949729
1170 3 126 36 36 0.774000
1170 420 12 48 48 0.680212
1170 27 153 36 36 0.163303
1200 380 154 44 44 12.547055
1200 354 98 28 28 10.138416
1200 7 105 24 24 14.799294
1200 1 134 32 32 19.223514
1200 389 107 24 24 9.328398
1200 495 208 24 24 12.134580
1200 497 84 24 24 4.504558
1200 388 112 30 30 7.504310
1200 5 127 32 32 5.952892
1200 2 98 26 26 7.137054
1200 394 96 24 24 5.172445
1200 11 97 24 24 10.226185
1200 402 202 24 24 3.816634
1200 345 119 28 28 4.116005
1200 38 18 64 64 6.374130
1200 343 97 27 27 2.632864
1200 224 124 28 28 2.780361
1200 363 154 44 44 2.182477
1200 351 113 28 28 4.512544
1200 18 102 24 24 2.119378
1200 498 198 24 24 2.063000
1200 43 32 64 64 2.883146
1200 8 144 32 32 1.878826
1200 498 96 24 24 1.455071
1200 22 127 33 33 1.668427
1200 396 198 24 24 0.717796
1200 492 204 24 24 0.407993
1200 192 114 24 24 0.225949
1200 256 112 32 32 0.002380
1230 467 114 27 27 14.105016
1230 48 12 64 64 9.416784
1230 205 113 24 24 10.550955
1230 265 112 32 32 8.640592
1230 193 113 23 23 5.527478
1230 3 114 24 24 5.764999
1230 461 119 27 27 2.898615
1230 468 126 28 28 2.174083
1230 336 133 28 28 1.897997
1230 451 111 28 28 3.296127
1230 32 0 64 64 0.853739
1230 330 140 40 40 0.513377
1230 245 21 28 28 0.321457
1230 21 98 28 28 0.024046
1260 208 108 24 24 16.800720
1260 198 112 23 23 16.331786
1260 46 4 64 64 8.254476
1260 352 43 64 64 7.008345
1260 224 97 27 27 4.873288
1260 493 96 24 24 6.088383
1260 277 112 32 32 5.517470
1260 480 84 24 24 3.579300
1260 18 98 27 27 5.633657
1260 284 34 64 64 5.285441
1260 210 12 24 24 3.051074
1260 391 98 24 24 6.645331
1260 396 36 48 48 5.920292
1260 396 99 23 23 3.265932
1260 192 108 24 24 1.726486
1260 245 112 28 28 1.628379
1260 384 152 32 32 1.453812
1260 348 133 28 28 1.287407
1260 228 6 28 28 1.166069
1260 498 102 24 24 0.489639
1260 264 112 32 32 0.428418
1260 238 21 27 27 0.294926
1260 6 98 28 28 0.160443
1260 119 126 27 27 0.152519
1290 399 193 24 24 22.407418
1290 274 127 32 32 13.685963
1290 20 126 30 30 12.472060
1290 21 112 31 31 8.166662
1290 13 98 27 27 12.495629
1290 224 115 28 28 8.634037
1290 396 198 24 24 4.243319
1290 0 100 27 27 4.358470
1290 48 9 64 64 5.339584
1290 0 112 25 25 5.520474
1290 210 6 24 24 2.908606
1290 230 112 27 27 2.379705
1290 350 140 40 40 2.336849
1290 384 152 32 32 2.028531
1290 245 128 28 28 3.358027
1290 5 112 30 30 3.422070
1290 226 242 28 28 4.307411
1290 32 0 64 64 1.466591
1290 23 132 31 31 3.252812
1290 96 114 24 24 1.143309
1290 168 119 28 28 1.000587
1290 204 0 24 24 0.569691
1290 8 107 23 23 0.901507
1290 18 162 36 36 0.384744
1290 231 237 28 28 0.279817
1290 288 39 64 64 0.479920
1290 209 16 23 23 0.309852
1290 238 0 28 28 0.096035
1290 170 30 40 40 0.016324
1320 351 41 64 64 13.950897
1320 434 160 36 36 14.613425
1320 208 110 23 23 16.961120
1320 486 208 24 24 19.999378
1320 459 169 36 36 8.393195
1320 226 98 28 28 10.717404
1320 204 112 24 24 21.343610
1320 199 109 23 23 15.257008
1320 43 0 64 64 5.764316
1320 216 288 36 36 3.967506
1320 498 209 24 24 3.552352
1320 11 121 28 28 9.020598
1320 245 112 28 28 3.104634
1320 384 147 32 32 5.473069
1320 191 112 24 24 3.376483
1320 492 204 24 24 2.232566
1320 397 112 32 32 2.951663
1320 493 16 24 24 4.867953
1320 480 203 24 24 1.297222
1320 7 126 28 28 1.099671
1320 24 140 32 32 1.765024
1320 96 96 24 24 1.049818
1320 392 152 32 32 0.875880
1320 272 112 32 32 0.863532
1320 450 162 36 36 0.827814
1320 24 112 32 32 0.531779
1320 498 12 24 24 0.002239
1350 202 102 24 24 15.646078
1350 106 112 24 24 9.697014
1350 356 133 28 28 4.588298
1350 439 164 36 36 12.373791
1350 192 104 24 24 7.200038
1350 12 84 24 24 3.602091
1350 386 141 32 32 8.308671
1350 154 98 28 28 2.857896
1350 200 108 24 24 5.640730
1350 287 37 64 64 4.257013
1350 492 18 24 24 2.511672
1350 450 168 35 35 3.739035
1350 12 98 24 24 3.274651
1350 168 98 28 28 2.104215
1350 287 114 24 24 1.964219
1350 456 7 27 27 2.424807
1350 402 143 32 32 1.781713
1350 132 114 24 24 0.835746
1350 392 136 32 32 0.697234
1350 486 204 24 24 0.690942
1350 102 108 24 24 0.618682
1350 264 36 48 48 0.682818
1350 432 171 36 36 0.285595
1350 210 106 23 23 0.383190
1350 352 48 64 64 0.066751
1380 168 98 28 28 6.371249
1380 105 113 24 24 10.904268
1380 40 0 64 64 9.115809
1380 144 113 24 24 4.571970
1380 16 0 64 64 3.925351
1380 464 224 28 28 4.611697
1380 486 209 24 24 2.985075
1380 209 109 24 24 4.290074
1380 196 109 24 24 7.175094
1380 288 48 64 64 2.386801
1380 469 228 28 28 3.943115
1380 400 112 32 32 2.235869
1380 7 30 40 40 2.832011
1380 224 112 27 27 1.898905
1380 132 114 24 24 1.506761
1380 256 32 64 64 0.998986
1380 450 171 36 36 0.854737
1380 204 112 24 24 0.874728
1380 154 98 28 28 0.203285
1380 256 112 32 32 0.179387
1380 192 114 24 24 0.028691
1410 32 0 64 64 21.654488
1410 144 114 24 24 6.444956
1410 124 112 27 27 7.912466
1410 0 0 64 64 6.084007
1410 402 14 23 23 9.599932
1410 256 6 64 64 8.986373
1410 194 113 24 24 9.098338
1410 102 113 24 24 4.159665
1410 17 108 24 24 7.654217
1410 154 98 28 28 3.546357
1410 352 42 64 64 4.646948
1410 24 112 32 32 2.987687
1410 208 112 24 24 4.650670
1410 387 144 32 32 4.353544
1410 392 149 32 32 4.767654
1410 440 144 36 36 2.719151
1410 262 112 32 32 2.696798
1410 0 192 24 24 1.979907
1410 280 31 55 55 5.759812
1410 245 119 28 28 1.542191
1410 168 98 28 28 1.512151
1410 482 5 24 24 2.780337
1410 203 109 24 24 3.903823
1410 420 192 48 48 1.763642
1410 20 98 28 28 0.678546
1410 396 18 24 24 0.522241
1410 223 112 27 27 0.555761
1410 224 125 28 28 0.291852
1440 123 112 28 28 7.642306
1440 391 100 24 24 8.606761
1440 433 159 36 36 6.327926
1440 13 0 64 64 8.406814
1440 0 128 28 28 6.140463
1440 0 113 25 25 4.250205
1440 192 114 24 24 3.765504
1440 17 98 28 28 5.674395
1440 12 112 32 32 5.053157
1440 11 109 24 24 3.461791
1440 385 154 44 44 2.197882
1440 384 210 24 24 2.129226
1440 393 96 24 24 3.598795
1440 21 128 28 28 2.905938
1440 351 48 64 64 1.734797
1440 3 132 29 29 3.084224
1440 0 98 28 28 1.591074
1440 256 16 64 64 1.485625
1440 402 102 24 24 1.409982
1440 341 98 28 28 1.315068
1440 144 114 24 24 0.906583
1440 349 140 40 40 0.174374
1470 258 13 64 64 7.070273
1470 144 113 24 24 5.717818
1470 204 114 24 24 11.853346
1470 193 108 24 24 9.397305
1470 15 100 26 26 6.711258
1470 272 2 64 64 5.511163
1470 224 112 28 28 1.855119
1470 224 133 28 28 1.841595
1470 115 98 28 28 3.053148
1470 122 98 28 28 2.885871
1470 3 288 36 36 2.489384
1470 104 114 24 24 2.248860
1470 384 110 24 24 1.575952
1470 0 0 64 64 0.719110
1470 408 24 32 32 0.674369
1470 223 98 28 28 0.606693
1470 390 113 23 23 0.579280
1470 108 288 24 24 0.208936
1470 12 108 24 24 0.059051
1470 350 133 28 28 0.050667
1500 261 16 64 64 5.284593
1500 24 112 32 32 1.751229
1500 225 124 28 28 2.984081
1500 341 121 28 28 3.938319
1500 14 119 28 28 1.588307
1500 336 133 28 28 1.372772
1500 0 114 24 24 0.950630
1500 231 114 28 28 0.824639
1500 352 48 64 64 0.498866
1500 119 112 28 28 0.428338
1500 192 113 24 24 0.320969
1530 237 128 28 28 18.272403
1530 231 130 27 27 5.184057
1530 154 98 28 28 2.489333
1530 168 111 28 28 2.168854
1530 0 126 28 28 1.779276
1530 245 129 28 28 2.544800
1530 483 192 23 23 1.749368
1530 266 112 32 32 1.176912
1530 336 133 28 28 0.728479
1530 396 0 24 24 0.478374
1530 459 162 36 36 0.431534
1530 144 108 24 24 0.139116
1560 481 197 23 23 24.866104
1560 245 131 28 28 8.205671
1560 385 154 44 44 5.722216
1560 125 98 28 28 4.870725
1560 431 21 38 38 13.065708
1560 395 96 24 24 2.947569
1560 486 191 24 24 2.574382
1560 9 112 32 32 4.811787
1560 412 12 47 47 7.609926
1560 19 118 29 29 5.073012
1560 491 198 24 24 2.069150
1560 469 224 28 28 1.942528
1560 206 18 24 24 2.420896
1560 115 238 27 27 2.306882
1560 459 27 36 36 0.670571
1560 144 108 24 24 0.569161
1560 132 114 24 24 0.358617
1560 126 237 28 28 0.334693
1560 441 18 36 36 0.263132
1560 288 6 24 24 0.256847
1560 0 264 32 32 0.218716
1560 0 0 24 24 0.086310
1560 154 238 27 27 0.047872
1590 291 126 36 36 7.965097
1590 492 209 24 24 11.550363
1590 437 161 36 36 6.014463
1590 389 114 24 24 9.431776
1590 297 114 24 24 4.914304
1590 224 0 27 27 2.466764
1590 5 128 28 28 5.095143
1590 402 114 24 24 2.223104
1590 384 131 32 32 3.055149
1590 0 112 32 32 1.740320
1590 207 108 24 24 2.239170
1590 384 108 24 24 0.657855
1590 204 114 24 24 0.627092
1590 132 114 24 24 0.247876
1590 486 204 24 24 0.082356
1590 294 108 24 24 0.079969
1590 154 7 27 27 0.076134
1590 498 204 24 24 0.029710
1620 135 131 32 32 8.189427
1620 387 152 32 32 6.269286
1620 199 16 24 24 7.471768
1620 136 144 32 32 2.925310
1620 262 33 50 50 6.336205
1620 357 133 28 28 2.577057
1620 385 84 24 24 3.171510
1620 198 114 24 24 2.195288
1620 2 20 64 64 4.160531
1620 12 29 64 64 4.255703
1620 399 192 24 24 2.560599
1620 273 15 64 64 3.496113
1620 342 129 27 27 2.851798
1620 296 114 24 24 2.382598
1620 168 111 27 27 1.184048
1620 405 112 32 32 1.618688
1620 498 198 24 24 0.335089
1620 32 16 64 64 0.149345
1620 306 114 24 24 0.073149
1620 384 0 24 24 0.040000
1650 495 204 24 24 11.320536
1650 0 149 32 32 6.658126
1650 16 204 24 24 5.047843
1650 336 126 28 28 3.538517
1650 492 210 24 24 5.967883
1650 264 36 48 48 5.893750
1650 485 205 24 24 4.089791
1650 168 112 28 28 2.201192
1650 350 140 40 40 2.134349
1650 384 128 32 32 1.909080
1650 402 83 23 23 1.857288
1650 116 113 28 28 4.619281
1650 12 200 24 24 2.727377
1650 154 112 28 28 1.586657
1650 384 144 32 32 1.133086
1650 387 83 23 23 1.579131
1650 288 16 64 64 0.990037
1650 192 36 48 48 1.727926
1650 112 119 28 28 0.786297
1650 1 96 23 23 0.963497
1650 491 198 24 24 0.358764
1650 6 204 24 24 0.270759
1680 215 31 48 48 22.948778
1680 106 112 24 24 15.640697
1680 36 34 47 47 12.253052
1680 129 113 25 25 7.321724
1680 401 150 32 32 13.060584
1680 352 9 64 64 6.026460
1680 395 30 47 47 14.087432
1680 15 113 23 23 7.306585
1680 7 0 64 64 6.142608
1680 296 5 24 24 7.272020
1680 6 100 26 26 6.332198
1680 387 84 24 24 4.423056
1680 168 98 28 28 2.409426
1680 298 0 24 24 3.489742
1680 192 114 24 24 2.116116
1680 288 32 64 64 2.067237
1680 242 33 44 44 1.895986
1680 396 12 47 47 3.519566
1680 144 114 24 24 1.705325
1680 357 133 28 28 1.632541
1680 32 0 64 64 1.550659
1680 96 113 24 24 1.536724
1680 494 84 24 24 2.313727
1680 388 144 32 32 2.670017
1680 336 119 28 28 1.280946
1680 102 108 24 24 0.273511
1680 390 108 24 24 0.223409
1680 119 112 28 28 0.206398
1680 204 24 48 48 0.160534
1680 6 114 24 24 0.034971
1680 384 114 24 24 0.005318
1710 450 133 27 27 10.364785
1710 460 131 28 28 15.466858
1710 265 48 64 64 11.118742
1710 406 35 47 47 19.263292
1710 227 126 28 28 11.820538
1710 305 125 35 35 8.238217
1710 231 133 28 28 7.268889
1710 21 132 32 32 7.661748
1710 384 171 46 46 10.630622
1710 352 32 64 64 3.157856
1710 154 10 27 27 5.914592
1710 241 133 28 28 4.164017
1710 462 112 28 28 2.389277
1710 29 32 64 64 2.314396
1710 154 133 28 28 1.506303
1710 16 130 33 33 3.729288
1710 2 30 64 64 1.820152
1710 357 7 28 28 1.264161
1710 168 9 28 28 1.739668
1710 302 144 36 36 1.822120
1710 386 196 23 23 1.903224
1710 455 126 28 28 0.562399
1710 238 6 28 28 0.431303
1710 392 128 32 32 0.323052
1710 448 111 28 28 0.298390
1710 136 128 32 32 0.219819
1710 384 36 48 48 0.300916
1710 396 24 48 48 0.009534
1740 282 45 64 64 14.249838
1740 238 117 27 27 19.433161
1740 432 144 36 36 7.430540
1740 448 97 27 27 5.622806
1740 20 128 28 28 9.808211
1740 4 129 30 30 15.118010
1740 139 112 32 32 7.252194
1740 277 32 64 64 6.430594
1740 13 112 32 32 5.741310
1740 10 132 28 28 8.563767
1740 231 115 28 28 6.283024
1740 375 32 44 44 6.013540
1740 245 112 28 28 2.838655
1740 354 33 60 60 6.469673
1740 257 112 32 32 3.131026
1740 404 112 32 32 4.201995
1740 3 112 32 32 4.052526
1740 448 114 28 28 3.244182
1740 391 16 32 32 2.359576
1740 154 126 28 28 2.011026
1740 432 126 36 36 1.841691
1740 0 147 32 32 2.781835
1740 385 154 44 44 1.247209
1740 384 18 47 47 4.120222
1740 402 192 24 24 1.033419
1740 306 12 24 24 0.941445
1740 383 192 24 24 0.757287
1740 486 84 24 24 0.651588
1740 168 126 27 27 0.602166
1740 288 0 23 23 0.482050
1740 210 0 24 24 0.441220
1740 396 12 48 48 0.640906
1740 315 144 36 36 0.281822
1740 342 133 28 28 0.104871
1740 4 293 23 23 0.084018
1740 224 119 28 28 0.052360
1770 242 113 28 28 19.137362
1770 350 140 40 40 2.995281
1770 154 119 28 28 3.332681
1770 24 112 32 32 2.429631
1770 264 112 32 32 1.969934
1770 140 112 32 32 3.058265
1770 231 112 28 28 1.564930
1770 469 133 28 28 1.033130
1770 420 36 48 48 1.522544
1770 238 119 27 27 0.659493
1770 168 126 28 28 0.349091
1770 462 112 28 28 0.161521
1800 14 112 31 31 13.618728
1800 8 16 64 64 8.009299
1800 17 125 28 28 8.664174
1800 0 112 32 32 3.373566
1800 168 114 28 28 4.723369
1800 0 32 64 64 3.184453
1800 154 113 28 28 3.891984
1800 100 84 24 24 3.632512
1800 13 133 27 27 2.304200
1800 1 127 27 27 3.703565
1800 402 102 24 24 1.620049
1800 272 32 64 64 0.236226
1830 434 163 36 36 7.664096
1830 245 98 28 28 3.281667
1830 454 171 36 36 5.721901
1830 265 0 64 64 3.671292
1830 0 16 32 32 2.168665
1830 256 9 64 64 3.585346
1830 0 112 32 32 2.063038
1830 154 116 28 28 2.768543
1830 126 112 28 28 1.586556
1830 238 112 27 27 1.486498
1830 441 171 36 36 1.458038
1830 21 36 48 48 4.673540
1830 486 108 24 24 1.351046
1830 24 112 32 32 1.295897
1830 343 133 28 28 1.119866
1830 168 117 28 28 1.209735
1830 0 126 28 28 0.729844
1830 0 0 64 64 0.526787
1830 486 84 24 24 0.083234
1830 136 112 32 32 0.045673
1830 288 48 64 64 0.015753
