30 283 34 64 64 13.382531
30 12 130 28 28 9.544381
30 346 9 40 40 7.075777
30 9 112 31 31 4.131804
30 219 129 32 32 4.712089
30 290 114 23 23 4.287172
30 352 39 64 64 4.189104
30 278 15 64 64 3.685080
30 21 112 32 32 1.736221
30 256 136 32 32 1.029921
30 210 114 24 24 0.941982
30 300 114 24 24 0.736163
30 455 7 28 28 0.656480
30 341 20 40 40 0.761494
30 0 128 32 32 0.516448
30 245 245 28 28 0.387895
30 256 32 64 64 0.186908
60 272 15 64 64 32.230945
60 280 32 64 64 9.758739
60 346 9 40 40 6.443484
60 0 126 36 36 3.432766
60 288 0 64 64 3.316514
60 257 128 32 32 3.558839
60 256 32 64 64 2.744036
60 354 133 28 28 3.965472
60 1 143 32 32 2.300639
60 245 133 28 28 1.598125
60 268 128 32 32 1.483870
60 256 0 64 64 0.850875
60 17 126 28 28 1.342803
60 126 133 28 28 0.654729
60 245 245 28 28 0.482906
60 340 20 40 40 0.134195
90 272 15 64 64 34.090789
90 280 32 64 64 9.503338
90 346 10 39 39 6.635344
90 20 112 32 32 7.268299
90 288 0 64 64 3.621529
90 10 113 31 31 9.688351
90 13 126 27 27 8.219972
90 353 133 27 27 4.709836
90 256 32 64 64 2.583992
90 256 0 64 64 1.893609
90 6 130 28 28 2.925877
90 288 114 24 24 1.622623
90 441 126 36 36 1.405456
90 272 128 32 32 0.928561
90 455 7 28 28 0.850576
90 245 245 28 28 0.663342
90 350 126 28 28 0.268139
90 340 20 40 40 0.260891
90 272 112 32 32 0.092835
120 273 15 64 64 32.132872
120 280 32 64 64 10.041448
120 347 11 40 40 8.375097
120 265 128 32 32 8.394412
120 12 129 28 28 7.811316
120 11 112 32 32 6.239682
120 20 112 32 32 6.160280
120 288 0 64 64 3.366779
120 256 32 64 64 2.654942
120 353 133 27 27 5.118737
120 245 113 28 28 2.776913
120 454 8 28 28 2.432949
120 288 114 24 24 1.703918
120 340 20 40 40 1.287354
120 0 128 31 31 0.808150
120 245 245 27 27 0.611252
120 450 12 27 27 1.181171
120 256 0 64 64 0.302586
150 347 11 39 39 8.445033
150 272 16 64 64 16.360346
150 283 27 64 64 10.720346
150 9 112 32 32 5.207607
150 21 112 32 32 4.602139
150 12 129 28 28 6.452427
150 256 32 64 64 2.425236
150 454 8 28 28 3.564575
150 272 128 32 32 2.047362
150 288 0 64 64 1.759554
150 357 119 28 28 1.174699
150 288 114 24 24 1.109968
150 340 20 40 40 0.787222
150 450 12 28 28 1.972088
150 245 245 28 28 0.530089
150 1 128 31 31 0.577466
150 209 114 24 24 0.395962
180 272 15 64 64 35.094969
180 280 32 64 64 9.918772
180 124 131 29 29 11.478993
180 347 11 39 39 8.199435
180 12 129 28 28 9.306398
180 353 133 28 28 5.943715
180 288 0 64 64 3.306792
180 10 112 32 32 5.398571
180 3 128 31 31 5.796428
180 256 32 64 64 2.684244
180 256 0 64 64 1.964835
180 455 7 28 28 2.026884
180 272 128 32 32 1.540645
180 22 112 30 30 2.653939
180 245 245 28 28 0.911950
180 340 20 40 40 0.784455
180 21 128 28 28 1.104654
180 450 14 28 28 0.858809
180 119 126 28 28 0.578209
180 288 114 24 24 0.284656
210 272 15 64 64 35.059416
210 280 32 64 64 10.572829
210 347 11 40 40 8.521057
210 288 0 64 64 3.418964
210 455 8 28 28 6.557857
210 353 133 28 28 5.946954
210 256 32 64 64 2.721768
210 21 112 32 32 4.269341
210 11 112 32 32 4.123689
210 13 130 27 27 3.453507
210 288 113 24 24 2.111848
210 256 0 64 64 1.920692
210 340 20 40 40 1.083108
210 272 128 32 32 0.955285
210 245 245 28 28 0.739744
210 448 14 28 28 0.635651
210 462 14 28 28 0.444811
240 272 15 64 64 32.998493
240 130 149 32 32 17.079805
240 280 32 64 64 10.526978
240 347 11 40 40 8.549806
240 141 142 32 32 13.239107
240 456 8 27 27 9.591743
240 150 128 30 30 9.531758
240 256 142 32 32 8.724091
240 48 48 64 64 3.472071
240 10 112 32 32 5.077933
240 12 129 29 29 6.615696
240 353 132 28 28 5.750327
240 288 0 64 64 2.997815
240 20 112 32 32 4.742243
240 259 127 32 32 4.950476
240 264 132 32 32 4.639551
240 256 32 64 64 2.038285
240 288 114 24 24 1.765655
240 462 14 28 28 1.523987
240 272 128 32 32 1.113795
240 340 20 40 40 1.107121
240 0 128 31 31 1.154358
240 448 10 28 28 1.529719
240 32 32 64 64 0.652765
240 129 136 32 32 0.784342
240 245 245 28 28 0.397421
240 132 193 24 24 0.115443
270 272 16 64 64 32.839189
270 280 32 64 64 11.081748
270 348 12 40 40 7.206883
270 457 9 28 28 11.325191
270 8 128 30 30 11.715805
270 256 32 64 64 3.027607
270 353 132 28 28 5.221930
270 288 0 64 64 2.850844
270 462 14 28 28 2.556551
270 23 112 32 32 2.546259
270 272 128 32 32 2.157351
270 288 114 24 24 2.084658
270 9 112 32 32 2.285597
270 447 13 27 27 1.668063
270 340 15 39 39 2.444486
270 256 0 64 64 1.105402
270 245 245 28 28 0.390327
300 271 16 64 64 31.170415
300 282 34 64 64 13.208776
300 347 10 40 40 9.059412
300 256 32 64 64 4.277260
300 456 9 28 28 11.739476
300 443 126 36 36 5.460477
300 9 112 32 32 7.294270
300 12 129 28 28 8.235416
300 20 112 32 32 5.596727
300 462 14 28 28 2.716421
300 288 114 23 23 3.195087
300 256 0 64 64 2.468638
300 288 0 64 64 2.456905
300 344 20 40 40 2.327466
300 448 11 28 28 1.796460
300 272 128 32 32 1.090607
300 3 130 30 30 1.958678
300 350 133 28 28 0.843558
300 245 245 27 27 0.688970
300 480 18 24 24 0.299180
300 126 133 28 28 0.170064
330 275 20 64 64 15.445621
330 256 131 32 32 9.607453
330 347 11 39 39 7.924816
330 280 33 64 64 9.037075
330 456 8 28 28 10.538817
330 9 112 32 32 7.675734
330 20 112 32 32 6.257915
330 14 128 28 28 4.280408
330 256 29 64 64 2.832303
330 462 14 28 28 1.383378
330 344 20 40 40 1.700717
330 448 14 28 28 0.800602
330 245 245 28 28 0.620551
360 262 129 32 32 19.591502
360 20 112 32 32 8.601757
360 9 112 32 32 10.229970
360 14 126 28 28 9.691463
360 290 114 24 24 6.803427
360 348 12 40 40 6.984798
360 456 9 27 27 8.623796
360 287 145 36 36 4.793802
360 288 32 64 64 3.211132
360 1 131 28 28 5.132912
360 224 133 28 28 2.926005
360 272 136 32 32 2.617116
360 256 136 32 32 2.448253
360 384 144 32 32 1.504041
360 339 15 40 40 2.695953
360 285 0 64 64 1.662210
360 462 13 27 27 1.267345
360 300 114 23 23 0.670676
360 245 245 28 28 0.634624
360 272 11 64 64 0.911221
360 448 12 28 28 0.679397
360 350 140 40 40 0.472528
390 274 17 64 64 20.584118
390 347 10 40 40 8.266506
390 17 114 24 24 4.383463
390 280 32 64 64 7.832930
390 453 8 28 28 4.947278
390 354 133 28 28 5.205822
390 232 133 28 28 3.485516
390 256 138 32 32 3.814738
390 277 138 32 32 5.350647
390 17 98 28 28 3.860582
390 123 133 28 28 2.548835
390 459 126 36 36 1.650705
390 288 0 64 64 1.483968
390 264 144 32 32 1.181152
390 288 114 24 24 0.866570
390 245 245 28 28 0.790587
390 448 14 28 28 0.664458
390 340 20 40 40 0.656159
390 112 133 28 28 0.019031
420 273 16 64 64 28.655254
420 346 10 40 40 6.833861
420 288 32 64 64 4.062685
420 11 130 28 28 10.627386
420 351 133 28 28 5.027297
420 20 112 32 32 6.157026
420 453 8 28 28 7.720652
420 258 128 32 32 5.576255
420 194 146 33 33 7.686344
420 11 112 32 32 5.774544
420 44 48 64 64 3.054168
420 288 114 24 24 2.198317
420 256 32 64 64 1.981989
420 288 0 64 64 1.934942
420 0 128 32 32 1.558212
420 144 144 32 32 1.040448
420 448 14 28 28 1.033976
420 146 127 33 33 1.095304
420 128 152 32 32 0.763160
420 32 39 64 64 1.224263
420 245 245 28 28 0.478402
420 344 20 40 40 0.824312
420 462 10 27 27 0.826769
420 272 128 32 32 0.300830
420 256 144 32 32 0.224829
450 272 15 64 64 33.032039
450 280 32 64 64 10.347919
450 346 10 40 40 7.490147
450 192 146 32 32 6.393198
450 453 8 28 28 9.833884
450 13 129 28 28 7.222380
450 288 114 23 23 3.238187
450 288 0 64 64 2.999265
450 10 112 32 32 4.176326
450 256 32 64 64 2.814451
450 353 133 28 28 5.391689
450 3 128 31 31 3.766336
450 20 112 32 32 2.880750
450 448 13 27 27 1.475860
450 154 126 28 28 1.207423
450 256 0 64 64 0.951067
450 245 245 28 28 0.655524
450 272 128 32 32 0.492974
450 344 20 40 40 0.916046
450 176 144 32 32 0.383029
450 461 14 28 28 0.176024
450 245 133 28 28 0.065036
480 272 15 64 64 33.752354
480 280 32 64 64 10.514128
480 0 160 36 36 12.146974
480 454 8 28 28 10.394425
480 346 10 40 40 6.407275
480 194 209 23 23 8.343977
480 15 112 27 27 5.401271
480 18 210 24 24 3.367357
480 124 131 28 28 6.388679
480 202 209 23 23 7.862188
480 288 0 64 64 3.117970
480 256 32 64 64 2.899367
480 353 133 28 28 5.471844
480 1 127 32 32 3.369453
480 154 133 28 28 1.560700
480 288 114 24 24 1.506232
480 256 0 64 64 1.464694
480 170 190 40 40 1.428849
480 0 189 40 40 1.411781
480 160 180 40 40 1.212061
480 448 14 28 28 1.209280
480 19 32 64 64 1.499597
480 264 128 32 32 1.159835
480 132 127 32 32 1.930368
480 198 204 24 24 0.310761
480 180 180 40 40 0.259394
480 6 119 28 28 0.168138
480 462 13 27 27 0.146119
480 340 20 40 40 0.070690
480 245 245 28 28 0.062830
480 245 133 28 28 0.041807
510 347 10 40 40 6.375443
510 454 8 28 28 10.019138
510 12 129 28 28 9.060909
510 10 112 32 32 5.688006
510 261 146 32 32 8.006583
510 20 112 32 32 4.577125
510 437 126 36 36 4.210549
510 288 114 24 24 1.306990
510 462 14 28 28 1.020583
510 448 14 28 28 1.009442
510 279 0 64 64 1.674390
510 0 128 32 32 0.633031
510 245 245 28 28 0.612532
510 256 152 32 32 0.590639
510 272 152 32 32 0.430871
510 340 20 40 40 0.262311
540 272 12 64 64 24.794913
540 14 125 28 28 17.604119
540 9 114 30 30 18.045747
540 288 0 64 64 4.014892
540 289 114 24 24 4.319144
540 256 0 64 64 3.044467
540 23 113 30 30 4.116790
540 124 112 28 28 3.507549
540 315 126 36 36 2.594707
540 346 7 40 40 5.255251
540 48 48 64 64 1.345370
540 352 32 64 64 1.146544
540 452 7 28 28 1.537419
540 245 245 28 28 0.798208
540 148 128 30 30 1.461416
540 357 112 28 28 0.750731
540 0 152 32 32 0.562387
540 288 32 64 64 0.416136
540 7 133 28 28 0.410700
570 283 5 64 64 11.636626
570 20 112 32 32 6.230018
570 14 130 28 28 5.713352
570 12 114 30 30 8.630324
570 347 7 39 39 6.871468
570 289 109 24 24 6.202563
570 198 126 36 36 2.050148
570 357 126 28 28 1.910631
570 256 130 32 32 2.643542
570 292 113 24 24 3.617354
570 492 206 24 24 2.513240
570 451 7 28 28 2.786957
570 386 108 24 24 2.056274
570 315 171 36 36 0.993569
570 240 140 40 40 0.988656
570 192 136 32 32 0.884567
570 245 245 28 28 0.843098
570 306 108 24 24 0.623733
570 272 16 64 64 0.016727
600 272 15 64 64 31.597649
600 13 127 27 27 18.509649
600 2 125 27 27 11.347952
600 280 32 64 64 9.412090
600 21 112 32 32 7.820504
600 6 112 31 31 12.354649
600 346 10 40 40 6.579593
600 290 113 24 24 5.975018
600 288 0 64 64 2.902594
600 353 132 27 27 5.153012
600 256 32 64 64 2.475735
600 452 7 27 27 4.712515
600 0 146 36 36 3.196810
600 450 14 28 28 1.895823
600 7 133 27 27 1.212160
600 224 112 28 28 0.866691
600 256 0 64 64 0.641988
600 245 245 28 28 0.536654
600 342 20 40 40 0.503435
600 245 133 28 28 0.205024
600 21 133 28 28 0.106280
630 273 16 64 64 28.557819
630 148 126 35 35 11.857385
630 289 114 24 24 6.244755
630 5 133 32 32 16.993606
630 347 13 40 40 9.596668
630 280 32 64 64 8.900228
630 267 128 32 32 6.063076
630 343 17 40 40 7.952088
630 288 0 64 64 2.927768
630 353 133 28 28 5.019519
630 4 128 32 32 5.144700
630 126 112 28 28 1.974423
630 13 141 32 32 4.766025
630 226 133 28 28 3.002068
630 147 143 35 35 3.358667
630 204 35 48 48 2.720412
630 19 126 29 29 1.389616
630 8 112 32 32 1.132323
630 256 32 64 64 0.868767
630 455 6 28 28 0.697156
630 448 14 28 28 0.395680
630 272 112 32 32 0.382693
630 245 245 27 27 0.146022
630 300 114 23 23 0.006364
660 273 17 64 64 26.775463
660 350 12 40 40 10.426342
660 288 32 64 64 4.396338
660 8 128 30 30 12.605741
660 268 128 32 32 5.928246
660 128 130 32 32 3.647632
660 459 7 28 28 4.460640
660 256 32 64 64 1.980974
660 288 0 64 64 1.848706
660 456 14 28 28 2.035912
660 256 128 32 32 1.622630
660 384 128 32 32 1.406893
660 192 144 32 32 1.361520
660 340 20 40 40 1.199520
660 24 112 32 32 1.186703
660 350 133 28 28 0.904222
660 198 126 36 36 0.466840
660 8 112 32 32 0.167247
660 128 152 32 32 0.135030
690 282 19 64 64 17.579349
690 385 130 32 32 14.500738
690 352 5 42 42 12.933906
690 142 136 32 32 11.672649
690 268 128 32 32 7.297691
690 0 128 32 32 6.576577
690 149 130 29 29 5.982820
690 271 32 64 64 3.288121
690 468 9 28 28 4.714669
690 261 136 32 32 4.370924
690 352 28 64 64 3.149966
690 256 131 32 32 3.523663
690 256 17 64 64 1.724182
690 136 128 32 32 1.475409
690 20 129 29 29 3.252346
690 462 12 28 28 1.141087
690 18 112 32 32 0.974730
690 136 144 32 32 0.372822
690 480 18 24 24 0.109772
720 392 134 32 32 23.448955
720 400 131 32 32 9.956113
720 140 134 32 32 10.552148
720 117 124 28 28 14.029914
720 133 128 32 32 9.895307
720 131 112 32 32 5.986579
720 112 119 28 28 3.035190
720 22 131 31 31 6.418351
720 2 130 30 30 5.453590
720 128 136 32 32 2.491957
720 352 29 64 64 2.887500
720 3 112 32 32 3.717986
720 12 130 29 29 5.843314
720 192 128 32 32 1.703452
720 280 16 64 64 2.897630
720 392 0 32 32 1.312333
720 144 112 32 32 1.293870
720 256 16 64 64 1.274685
720 216 36 48 48 1.967604
720 112 133 28 28 0.968771
720 154 130 28 28 1.268590
720 400 144 32 32 0.860111
720 24 112 32 32 0.843230
720 384 144 32 32 0.731644
720 276 127 32 32 1.313444
720 384 128 32 32 0.650353
720 242 33 44 44 0.268951
720 498 12 24 24 0.092630
750 352 40 64 64 21.448501
750 405 135 32 32 16.486026
750 386 130 32 32 14.001484
750 385 141 32 32 11.198499
750 301 114 24 24 9.174624
750 145 130 30 30 17.210214
750 352 16 64 64 3.783488
750 280 128 32 32 3.437538
750 391 138 32 32 4.943032
750 403 127 32 32 6.198242
750 432 126 36 36 3.120458
750 16 126 28 28 4.589512
750 113 120 27 27 6.040432
750 136 136 32 32 2.567070
750 116 124 27 27 5.554981
750 205 4 23 23 4.434376
750 357 133 28 28 1.493026
750 24 112 32 32 1.398669
750 113 133 27 27 1.765253
750 264 16 32 32 1.181415
750 245 0 28 28 0.828460
750 8 135 30 30 1.220759
750 8 112 32 32 0.701247
750 117 111 28 28 0.793547
750 280 112 32 32 0.610363
750 128 128 32 32 0.535578
750 400 144 32 32 0.383275
750 0 128 32 32 0.098596
780 407 149 32 32 10.086749
780 4 129 34 34 11.073950
780 12 133 33 33 10.052626
780 291 126 36 36 4.940081
780 263 128 32 32 4.687586
780 256 16 64 64 2.789714
780 144 134 32 32 4.249131
780 19 126 28 28 3.208199
780 408 129 32 32 3.106458
780 7 144 32 32 4.662291
780 352 48 64 64 1.980162
780 113 124 28 28 3.552575
780 113 113 28 28 3.046610
780 19 112 32 32 2.349375
780 306 114 24 24 1.267751
780 294 18 24 24 1.010653
780 43 11 64 64 2.477424
780 0 32 54 54 1.433701
780 383 128 32 32 0.684682
780 299 12 23 23 0.369377
780 126 111 28 28 0.292774
780 350 21 28 28 0.161127
780 16 16 64 64 0.045685
810 452 126 36 36 8.374619
810 315 143 36 36 6.478703
810 277 130 32 32 11.279335
810 124 124 28 28 10.413010
810 257 38 64 64 8.546734
810 14 131 28 28 10.701171
810 275 136 32 32 6.215879
810 128 20 32 32 5.110660
810 306 111 23 23 5.679709
810 3 126 27 27 4.669714
810 112 126 27 27 2.343710
810 21 126 28 28 2.134631
810 449 143 36 36 2.306768
810 267 112 32 32 3.103479
810 224 98 28 28 1.920534
810 315 126 36 36 1.894449
810 271 19 64 64 2.263505
810 263 279 32 32 1.294250
810 119 119 28 28 1.180603
810 8 112 32 32 1.110713
810 315 0 35 35 0.950933
810 272 41 64 64 1.326697
810 16 0 64 64 0.414863
810 264 128 32 32 0.382922
810 48 15 64 64 0.085539
840 124 117 28 28 25.219328
840 386 196 24 24 15.415486
840 350 140 40 40 6.288906
840 292 126 36 36 10.557858
840 288 113 24 24 5.042161
840 398 199 24 24 12.352959
840 224 98 28 28 4.578306
840 288 35 48 48 9.211954
840 399 204 24 24 6.830414
840 111 118 28 28 5.916755
840 402 192 24 24 3.798244
840 38 12 64 64 7.423213
840 116 111 27 27 4.000916
840 390 192 24 24 2.151111
840 40 0 64 64 3.429999
840 390 204 23 23 1.886079
840 192 280 32 32 1.811532
840 116 126 28 28 2.343666
840 256 0 64 64 1.393898
840 209 114 24 24 1.387080
840 16 0 64 64 1.422132
840 175 277 32 32 2.027840
840 264 112 32 32 1.356089
840 306 126 36 36 0.946847
840 199 305 23 23 1.268539
840 294 305 24 24 0.855296
840 240 180 40 40 0.016351
870 118 113 28 28 28.146160
870 112 116 28 28 15.046939
870 19 112 32 32 11.319765
870 126 118 27 27 17.500455
870 370 25 44 44 14.967275
870 31 3 64 64 19.298391
870 207 113 24 24 8.676166
870 224 98 28 28 4.450297
870 289 114 24 24 5.011239
870 384 100 24 24 8.541625
870 400 102 24 24 12.888300
870 347 0 37 37 6.298326
870 0 6 64 64 6.089106
870 288 8 64 64 5.961715
870 341 16 28 28 6.754902
870 154 112 28 28 3.166069
870 8 16 64 64 5.682410
870 272 112 32 32 3.035998
870 116 126 28 28 5.131630
870 354 30 43 43 8.401643
870 105 114 24 24 5.045359
870 192 24 48 48 5.157374
870 391 97 24 24 3.856225
870 96 114 24 24 1.571074
870 144 0 24 24 1.447719
870 48 16 64 64 1.395983
870 113 13 27 27 1.254364
870 396 108 24 24 0.817244
870 126 133 28 28 0.730150
870 224 112 28 28 0.205823
900 262 0 64 64 13.836451
900 112 126 28 28 17.417973
900 270 112 32 32 14.065735
900 451 224 28 28 10.225771
900 461 229 28 28 14.537061
900 194 3 46 46 18.326372
900 113 112 28 28 5.454254
900 2 112 32 32 5.981020
900 489 96 24 24 8.255162
900 343 130 27 27 5.852590
900 17 113 31 31 11.347788
900 207 114 24 24 6.098586
900 351 119 27 27 6.432460
900 121 117 28 28 5.674253
900 198 126 36 36 2.438917
900 0 0 64 64 2.378308
900 3 132 28 28 4.577584
900 223 98 28 28 2.259595
900 342 114 28 28 3.711707
900 288 113 24 24 2.059155
900 480 288 24 24 1.464913
900 17 15 64 64 1.550480
900 419 168 48 48 2.468262
900 353 0 28 28 1.949932
900 14 1 23 23 2.927145
900 288 0 64 64 1.033436
900 480 96 24 24 0.962402
900 342 4 27 27 1.227118
900 401 103 23 23 1.079971
900 102 113 24 24 0.653882
900 272 15 64 64 0.359970
900 352 32 64 64 0.285010
900 280 128 32 32 0.283856
900 336 126 28 28 0.090828
900 18 6 24 24 0.074126
900 126 111 28 28 0.012924
930 124 112 27 27 14.716466
930 352 18 64 64 10.081580
930 270 112 32 32 12.681556
930 176 6 42 42 13.767860
930 21 127 32 32 8.202052
930 450 124 28 28 11.427947
930 398 112 32 32 10.466652
930 256 112 32 32 3.691911
930 288 104 24 24 7.303480
930 112 112 27 27 3.485244
930 334 20 40 40 5.045071
930 24 112 32 32 2.668365
930 154 119 28 28 2.649610
930 178 15 41 41 4.698437
930 498 18 24 24 2.259223
930 384 112 32 32 2.256897
930 284 113 27 27 4.319036
930 291 126 36 36 3.041146
930 454 132 27 27 2.009682
930 350 20 40 40 1.635473
930 0 16 64 64 1.516610
930 146 18 36 36 1.727886
930 357 119 28 28 0.991072
930 210 114 24 24 0.741378
930 0 0 28 28 0.438962
930 306 102 24 24 0.421468
930 8 128 32 32 0.320972
960 114 112 28 28 13.303161
960 14 113 31 31 15.231224
960 329 140 40 40 14.717600
960 43 3 64 64 10.430617
960 408 3 32 32 7.460325
960 210 108 24 24 3.993451
960 0 112 31 31 3.278451
960 336 112 28 28 2.905857
960 176 32 43 43 2.857566
960 224 98 28 28 2.649244
960 132 17 24 24 2.428307
960 19 126 28 28 3.033746
960 336 98 28 28 2.014308
960 406 18 32 32 4.963056
960 0 227 27 27 3.433142
960 153 120 28 28 2.281816
960 280 48 64 64 3.107200
960 204 36 48 48 3.419202
960 171 18 40 40 2.550033
960 306 96 24 24 1.635388
960 11 113 24 24 1.730307
960 350 140 40 40 1.244834
960 400 24 32 32 1.061354
960 168 119 28 28 1.000659
960 288 6 48 48 3.368754
960 32 16 64 64 0.941042
960 128 112 26 26 0.926328
960 144 114 24 24 0.492432
960 400 8 32 32 0.421303
960 143 17 24 24 0.209363
960 0 96 24 24 0.190342
960 492 107 24 24 0.179295
990 419 168 46 46 30.760859
990 440 170 36 36 16.428672
990 460 239 28 28 15.416842
990 16 0 64 64 12.796734
990 18 113 30 30 8.980322
990 42 3 64 64 10.711357
990 256 18 64 64 7.394861
990 385 13 24 24 8.673083
990 114 113 28 28 8.484171
990 469 242 27 27 5.122038
990 192 0 24 24 3.159415
990 282 4 64 64 7.915168
990 405 142 32 32 5.405512
990 352 40 64 64 5.167950
990 287 30 54 54 9.262867
990 363 33 44 44 2.488355
990 108 0 24 24 2.373137
990 390 15 24 24 4.583336
990 144 9 36 36 1.950399
990 154 21 27 27 1.380738
990 119 119 28 28 1.181421
990 480 84 24 24 1.033362
990 408 112 32 32 0.947184
990 280 131 32 32 1.700913
990 224 98 28 28 0.923321
990 204 29 48 48 3.543278
990 154 126 28 28 0.881287
990 207 114 24 24 1.222826
990 48 32 64 64 0.632791
990 357 98 28 28 0.579061
990 21 126 28 28 0.531927
990 450 156 36 36 0.799464
990 108 12 24 24 0.285644
990 455 245 28 28 0.175460
990 215 35 48 48 0.280268
990 32 16 64 64 0.046659
1020 5 35 48 48 22.378067
1020 31 32 52 52 24.045704
1020 16 2 64 64 12.978325
1020 255 42 64 64 5.773589
1020 144 114 24 24 3.518234
1020 12 15 24 24 6.379194
1020 8 95 23 23 4.997621
1020 256 7 64 64 5.748958
1020 294 112 24 24 3.750429
1020 448 98 28 28 2.421099
1020 338 2 40 40 3.428599
1020 256 0 32 32 2.252701
1020 395 0 48 48 4.539692
1020 390 18 24 24 1.966411
1020 181 32 44 44 3.551351
1020 48 0 64 64 1.738757
1020 224 0 28 28 1.495573
1020 18 12 24 24 1.269472
1020 357 0 28 28 1.203754
1020 272 21 64 64 1.587421
1020 0 48 64 64 0.884069
1020 5 12 24 24 0.785010
1020 0 136 32 32 0.586250
1020 48 32 64 64 0.577664
1020 357 98 28 28 0.427560
1020 330 10 40 40 0.313098
1020 357 21 28 28 0.109634
1050 262 31 50 50 20.778132
1050 16 3 64 64 17.147878
1050 258 4 64 64 10.050359
1050 288 36 48 48 8.585964
1050 384 18 32 32 5.637861
1050 5 0 36 36 3.973599
1050 0 16 64 64 1.872648
1050 48 0 64 64 1.510649
1050 168 133 28 28 1.325964
1050 344 0 40 40 2.476549
1050 492 306 24 24 0.741486
1050 399 24 32 32 0.836987
1050 32 16 64 64 0.538529
1050 402 6 24 24 0.523207
1050 144 108 24 24 0.520890
1050 306 114 24 24 0.445191
1050 458 288 36 36 0.301536
1050 187 33 44 44 0.157666
1050 306 11 23 23 0.113237
1050 0 48 64 64 0.011662
1080 225 98 28 28 12.208729
1080 457 0 36 36 7.927028
1080 389 209 24 24 6.618755
1080 485 3 24 24 9.213694
1080 154 112 28 28 4.157588
1080 337 112 28 28 4.603268
1080 263 0 64 64 7.364526
1080 23 129 34 34 9.747204
1080 141 128 32 32 4.566123
1080 287 33 47 47 6.300136
1080 144 114 24 24 2.339070
1080 469 21 28 28 2.298249
1080 492 204 23 23 2.249774
1080 136 132 32 32 2.983957
1080 199 108 24 24 2.118164
1080 0 0 64 64 1.137166
1080 469 245 28 28 0.963507
1080 288 0 64 64 0.828917
1080 24 12 48 48 1.101266
1080 132 97 23 23 0.624824
1080 144 96 24 24 0.402949
1080 486 197 24 24 0.379142
1080 204 113 24 24 0.201384
1110 124 98 27 27 16.417023
1110 132 108 24 24 13.923845
1110 498 114 24 24 4.261589
1110 176 33 44 44 3.909360
1110 208 105 24 24 8.302783
1110 144 110 24 24 5.545603
1110 112 98 28 28 2.989428
1110 194 102 24 24 5.006656
1110 19 30 40 40 2.909298
1110 119 128 28 28 3.960239
1110 209 96 24 24 1.892947
1110 0 11 44 44 1.609444
1110 30 19 64 64 2.516455
1110 117 112 28 28 1.387905
1110 0 114 24 24 1.056072
1110 204 102 24 24 0.900161
1110 108 192 24 24 0.851712
1110 19 3 64 64 0.806934
1110 319 29 39 39 0.445994
1110 102 107 24 24 0.319187
1110 112 133 28 28 0.302588
1110 291 18 43 43 0.608026
1110 264 22 44 44 0.237321
1110 18 84 24 24 0.197869
1110 108 18 23 23 0.058269
1140 338 113 28 28 20.295961
1140 7 196 23 23 19.441740
1140 348 117 28 28 19.346497
1140 3 224 28 28 11.953392
1140 18 130 28 28 14.250842
1140 194 108 24 24 11.282139
1140 262 2 64 64 12.144081
1140 208 108 24 24 14.543408
1140 118 98 28 28 9.692020
1140 204 112 24 24 14.589205
1140 1 112 28 28 5.578643
1140 271 16 63 63 8.148309
1140 111 114 27 27 8.500672
1140 356 114 28 28 4.478799
1140 144 114 24 24 2.831388
1140 1 237 28 28 9.975485
1140 7 128 31 31 2.739673
1140 12 84 24 24 3.829765
1140 132 112 24 24 2.889773
1140 288 0 64 64 1.991571
1140 11 192 23 23 1.640857
1140 6 209 24 24 1.391222
1140 38 0 64 64 1.823798
1140 16 0 31 31 0.874834
1140 112 126 28 28 0.542407
1140 108 12 24 24 0.426314
1140 204 102 24 24 0.422465
1140 330 10 40 40 0.277819
1140 176 33 44 44 0.137995
1140 0 36 48 48 0.168624
1140 306 114 24 24 0.060642
1140 336 98 28 28 0.043404
1170 208 112 24 24 14.914754
1170 277 3 64 64 14.812907
1170 193 111 24 24 14.486392
1170 282 18 64 64 9.169136
1170 342 114 28 28 12.976817
1170 354 117 28 28 7.267041
1170 40 0 64 64 6.614885
1170 112 98 28 28 3.478525
1170 21 112 32 32 3.829260
1170 16 0 64 64 2.374602
1170 198 108 24 24 2.327659
1170 126 112 26 26 5.078317
1170 112 123 28 28 2.251969
1170 96 111 24 24 3.368515
1170 114 113 28 28 3.254624
1170 336 122 28 28 2.572405
1170 352 0 64 64 1.385719
1170 7 133 28 28 1.232130
1170 10 7 30 30 1.902635
1170 256 12 64 64 1.139330
1170 8 112 32 32 0.809710
1170 168 98 28 28 0.768282
1170 123 98 28 28 0.853575
1170 290 96 24 24 0.634684
1170 231 98 28 28 0.341449
1170 19 7 28 28 0.396748
1170 96 102 24 24 0.212335
1170 0 17 24 24 0.142939
1170 119 119 28 28 0.142662
1200 207 113 24 24 24.199795
1200 194 114 24 24 13.891111
1200 283 11 64 64 12.896866
1200 465 112 28 28 9.705481
1200 336 125 27 27 10.604925
1200 352 2 64 64 4.920944
1200 120 112 28 28 8.334563
1200 107 109 23 23 8.200439
1200 120 132 27 27 5.098513
1200 243 98 28 28 3.140766
1200 238 112 28 28 2.356772
1200 26 0 64 64 3.443539
1200 480 109 24 24 2.837903
1200 384 112 32 32 2.139164
1200 204 108 24 24 2.071905
1200 131 114 24 24 2.125298
1200 343 117 28 28 2.446162
1200 168 98 28 28 1.873710
1200 99 113 24 24 3.031679
1200 272 0 64 64 1.581396
1200 451 111 28 28 2.796049
1200 462 119 28 28 1.541619
1200 256 16 64 64 1.382411
1200 257 112 32 32 1.562813
1200 0 133 28 28 1.157879
1200 338 111 27 27 1.647901
1200 24 112 32 32 1.027051
1200 402 112 32 32 1.403095
1200 402 96 24 24 0.818517
1200 294 101 24 24 0.735866
1200 468 97 27 27 0.663636
1200 216 36 48 48 0.397922
1200 112 119 28 28 0.099117
1200 349 7 28 28 0.092908
1230 352 11 64 64 13.336520
1230 387 128 32 32 11.360497
1230 397 128 32 32 12.415128
1230 100 112 24 24 10.927709
1230 285 13 64 64 10.262804
1230 168 112 28 28 3.597357
1230 12 132 28 28 8.154775
1230 340 130 28 28 9.147361
1230 119 117 28 28 7.700817
1230 291 102 24 24 5.393210
1230 336 126 27 27 2.587703
1230 127 115 30 30 3.829997
1230 234 112 28 28 3.159121
1230 2 128 31 31 1.972765
1230 400 144 32 32 1.294722
1230 96 108 24 24 1.022078
1230 256 0 32 32 0.865730
1230 206 113 23 23 1.244031
1230 448 126 28 28 0.602180
1230 311 126 36 36 0.886663
1230 154 112 28 28 0.499234
1230 256 112 32 32 0.374172
1230 119 133 28 28 0.249601
1230 112 112 28 28 0.142439
1260 402 138 32 32 19.810037
1260 352 42 64 64 11.373432
1260 435 126 36 36 9.324891
1260 408 146 32 32 7.461189
1260 432 145 36 36 5.446069
1260 290 108 24 24 8.481076
1260 400 151 32 32 7.305344
1260 27 126 36 36 3.460274
1260 408 128 32 32 2.366324
1260 357 8 28 28 2.812500
1260 352 16 64 64 2.332618
1260 293 113 24 24 4.707636
1260 303 108 23 23 2.755580
1260 96 114 23 23 1.646938
1260 315 126 36 36 1.514690
1260 237 116 28 28 2.829361
1260 168 119 28 28 1.159649
1260 455 21 28 28 0.965807
1260 117 119 28 28 1.973359
1260 343 133 27 27 0.700039
1260 441 153 36 36 0.455814
1260 432 162 36 36 0.344714
1260 450 126 36 36 0.151598
1290 301 102 24 24 10.721832
1290 451 160 36 36 9.223820
1290 241 112 28 28 7.078408
1290 192 36 48 48 6.962060
1290 448 6 36 36 5.170655
1290 401 17 24 24 2.779442
1290 153 9 36 36 2.761670
1290 112 113 27 27 3.104892
1290 457 146 35 35 4.724144
1290 434 8 35 35 3.308369
1290 113 133 28 28 1.928354
1290 443 168 36 36 1.898339
1290 0 32 64 64 0.786460
1290 458 0 36 36 0.446852
1290 168 21 28 28 0.425025
1290 288 102 24 24 0.415426
1290 384 16 32 32 0.407905
1290 168 112 28 28 0.238663
1290 336 133 28 28 0.120372
1320 208 102 24 24 8.327110
1320 178 33 44 44 6.553391
1320 194 102 24 24 8.294973
1320 0 14 24 24 5.429136
1320 21 98 28 28 2.995784
1320 289 107 24 24 9.234561
1320 109 96 25 25 3.345781
1320 384 6 24 24 2.289488
1320 300 107 23 23 3.023089
1320 337 133 27 27 2.477212
1320 3 36 48 48 4.988724
1320 292 114 24 24 3.619799
1320 304 114 24 24 1.985978
1320 190 22 47 47 5.867867
1320 119 112 28 28 0.954516
1320 244 245 27 27 1.048769
1320 5 18 24 24 0.835278
1320 96 114 24 24 0.698063
1320 216 18 36 36 0.688087
1320 16 0 64 64 0.637153
1320 0 224 28 28 0.473581
1320 194 0 46 46 0.824203
1320 112 119 28 28 0.208551
1320 294 101 24 24 0.140473
1320 357 223 28 28 0.019235
1350 19 113 28 28 18.252080
1350 5 5 64 64 15.348451
1350 385 84 24 24 6.293099
1350 0 112 26 26 11.436977
1350 168 98 28 28 4.126781
1350 356 6 28 28 9.139312
1350 192 108 24 24 3.655923
1350 377 175 43 43 4.681167
1350 14 114 29 29 8.379917
1350 384 153 41 41 3.411656
1350 384 0 32 32 2.513277
1350 462 128 28 28 3.035118
1350 396 192 24 24 2.070595
1350 256 46 64 64 2.218800
1350 468 245 28 28 2.164000
1350 210 108 24 24 1.851678
1350 306 26 36 36 1.497038
1350 119 112 27 27 1.278002
1350 441 144 36 36 1.234524
1350 384 147 32 32 1.938389
1350 149 18 36 36 1.507180
1350 395 3 23 23 1.439906
1350 16 16 64 64 0.540096
1350 340 20 40 40 0.508893
1350 396 18 24 24 0.387842
1350 462 224 28 28 0.294800
1350 336 98 28 28 0.277237
1350 400 197 24 24 0.308626
1350 18 27 36 36 0.177787
1350 280 112 32 32 0.006995
1350 448 245 28 28 0.005563
1380 289 83 23 23 6.380107
1380 336 130 28 28 8.938145
1380 464 230 28 28 12.334268
1380 288 11 23 23 9.119454
1380 117 0 28 28 7.421770
1380 168 98 28 28 4.247224
1380 288 114 24 24 4.049192
1380 310 125 35 35 7.037782
1380 466 223 28 28 5.996387
1380 210 111 24 24 5.518218
1380 1 128 27 27 9.016698
1380 481 83 23 23 5.093815
1380 386 101 24 24 6.045359
1380 5 131 28 28 10.007014
1380 389 98 23 23 6.012268
1380 340 30 40 40 3.169158
1380 259 15 64 64 8.497120
1380 24 112 32 32 2.577538
1380 320 30 40 40 2.542797
1380 0 112 32 32 2.507425
1380 306 84 24 24 2.179728
1380 387 114 23 23 3.097183
1380 481 96 24 24 2.325834
1380 345 0 27 27 2.390800
1380 0 5 64 64 2.380164
1380 396 102 24 24 1.500594
1380 420 168 48 48 2.352012
1380 26 35 48 48 2.659924
1380 468 238 28 28 0.846331
1380 498 6 24 24 0.551795
1380 336 119 28 28 0.439617
1380 374 154 44 44 0.358997
1380 14 126 28 28 0.268018
1380 455 223 28 28 0.142185
1380 209 102 24 24 0.107006
1380 329 160 40 40 0.100229
1380 0 95 24 24 0.091579
1380 492 204 24 24 0.062060
1410 353 155 42 42 13.685044
1410 395 199 24 24 18.528941
1410 284 36 64 64 16.588711
1410 295 95 23 23 7.379474
1410 385 198 23 23 14.729986
1410 25 23 38 38 10.952479
1410 335 140 40 40 10.454361
1410 400 202 24 24 13.128580
1410 15 126 28 28 14.195374
1410 9 12 28 28 11.228059
1410 341 160 39 39 11.018075
1410 383 154 44 44 5.467051
1410 226 98 28 28 6.765439
1410 318 141 38 38 6.195118
1410 261 45 64 64 7.307124
1410 387 8 32 32 6.733304
1410 480 106 23 23 8.629086
1410 272 112 32 32 3.163456
1410 469 112 28 28 3.116629
1410 303 96 24 24 4.490454
1410 9 131 27 27 6.816272
1410 390 204 24 24 2.591259
1410 19 116 29 29 5.642924
1410 290 0 23 23 4.556758
1410 321 28 39 39 3.930691
1410 154 112 27 27 2.375976
1410 13 6 28 28 2.462857
1410 0 0 32 32 2.462661
1410 154 98 28 28 1.909451
1410 9 113 31 31 5.011498
1410 469 98 28 28 1.731418
1410 15 19 26 26 2.948603
1410 21 133 28 28 1.554262
1410 352 32 64 64 1.195523
1410 483 96 24 24 2.078281
1410 396 18 24 24 1.152082
1410 350 170 40 40 0.889009
1410 350 98 28 28 0.756068
1410 204 113 24 24 0.716354
1410 144 114 24 24 0.642339
1410 306 84 24 24 0.610873
1410 320 13 40 40 0.975489
1410 392 0 32 32 0.448122
1410 0 0 64 64 0.427540
1410 176 24 32 32 0.401313
1410 366 176 44 44 0.488053
1410 215 27 36 36 0.290970
1410 330 20 40 40 0.283095
1410 300 6 24 24 0.260692
1410 420 36 48 48 0.110742
1440 16 103 24 24 22.052029
1440 5 107 25 25 40.246544
1440 2 101 25 25 23.670459
1440 144 114 24 24 4.721428
1440 0 114 26 26 10.762976
1440 132 114 24 24 4.028327
1440 400 101 23 23 10.723178
1440 395 108 24 24 15.348065
1440 389 111 26 26 8.807572
1440 162 10 36 36 4.194808
1440 352 27 44 44 6.503969
1440 224 98 28 28 3.314543
1440 481 0 24 24 4.188065
1440 12 116 26 26 10.974379
1440 2 15 37 37 6.721650
1440 398 96 24 24 4.886985
1440 198 0 44 44 2.559712
1440 154 112 27 27 2.463498
1440 389 192 24 24 2.585308
1440 176 24 32 32 1.796826
1440 306 108 24 24 1.733544
1440 352 11 44 44 1.688332
1440 210 114 24 24 1.399517
1440 18 27 36 36 1.154390
1440 384 96 24 24 1.229586
1440 219 11 39 39 1.092769
1440 10 10 40 40 0.581726
1440 24 112 32 32 0.448708
1440 0 11 23 23 0.424967
1440 363 22 44 44 0.359734
1440 13 126 27 27 0.298103
1440 400 112 32 32 0.224602
1470 204 113 24 24 34.204397
1470 17 11 35 35 27.394670
1470 192 111 24 24 14.396471
1470 22 20 33 33 21.029849
1470 1 130 28 28 11.143685
1470 399 106 24 24 9.502442
1470 6 127 27 27 13.597614
1470 144 111 24 24 6.428258
1470 123 98 28 28 6.289817
1470 314 25 36 36 7.029562
1470 383 28 43 43 7.630361
1470 395 84 24 24 3.824794
1470 114 98 28 28 5.728169
1470 210 108 24 24 3.161493
1470 198 108 24 24 2.614387
1470 130 112 24 24 4.238435
1470 373 25 44 44 3.348631
1470 112 112 28 28 2.189864
1470 479 12 24 24 2.170748
1470 366 33 43 43 2.849394
1470 294 108 24 24 1.920186
1470 198 9 36 36 1.807103
1470 306 113 24 24 1.758626
1470 168 0 28 28 1.430241
1470 457 0 28 28 1.844156
1470 154 14 28 28 1.164261
1470 216 9 36 36 1.120439
1470 0 115 30 30 2.074268
1470 306 18 36 36 0.955443
1470 119 14 28 28 0.903936
1470 24 112 32 32 0.848045
1470 396 98 24 24 1.565337
1470 144 101 24 24 0.585678
1470 432 153 36 36 0.377955
1470 224 98 28 28 0.132857
1470 288 0 48 48 0.216032
1500 207 113 23 23 21.147424
1500 195 113 24 24 18.352351
1500 290 113 24 24 18.730757
1500 18 13 27 27 25.122416
1500 370 0 43 43 10.829119
1500 17 3 30 30 17.586165
1500 17 0 64 64 12.364399
1500 292 108 24 24 6.840976
1500 300 114 24 24 4.556349
1500 447 224 28 28 4.079406
1500 224 98 28 28 3.613993
1500 144 114 24 24 3.115003
1500 193 108 24 24 4.398597
1500 48 0 64 64 2.825850
1500 457 24 36 36 5.362842
1500 345 0 40 40 5.037237
1500 2 0 29 29 3.523885
1500 132 114 24 24 2.442574
1500 336 133 27 27 2.368445
1500 14 21 28 28 3.555757
1500 116 112 28 28 2.892870
1500 336 30 39 39 2.738115
1500 2 16 64 64 1.997590
1500 10 6 30 30 5.598652
1500 109 113 25 25 2.293884
1500 1 18 28 28 2.949481
1500 384 14 32 32 1.178908
1500 28 16 64 64 1.165528
1500 108 102 23 23 0.838706
1500 306 108 24 24 0.351319
1500 357 7 28 28 0.260704
1500 498 6 24 24 0.084442
1530 300 107 24 24 28.707899
1530 208 106 24 24 22.135747
1530 144 111 24 24 12.514112
1530 193 106 24 24 13.499079
1530 303 102 24 24 10.356019
1530 112 98 28 28 5.226908
1530 264 33 48 48 12.085800
1530 4 3 25 25 10.113262
1530 408 134 32 32 6.042822
1530 351 38 64 64 6.871956
1530 21 18 28 28 5.489739
1530 386 152 32 32 5.047893
1530 154 98 28 28 3.019765
1530 306 114 24 24 2.935147
1530 337 117 28 28 8.274780
1530 401 16 23 23 4.426180
1530 448 98 28 28 2.762125
1530 357 11 44 44 5.311548
1530 405 151 32 32 4.364007
1530 288 35 48 48 4.633756
1530 23 0 64 64 4.480480
1530 383 12 23 23 3.043078
1530 96 113 24 24 2.092845
1530 336 98 28 28 2.074387
1530 132 114 24 24 2.025037
1530 408 0 32 32 1.611258
1530 448 114 28 28 2.409094
1530 392 0 32 32 1.450066
1530 350 27 39 39 1.800928
1530 343 112 28 28 1.258550
1530 339 126 28 28 2.262383
1530 16 6 31 31 1.987418
1530 384 35 48 48 2.235024
1530 205 114 24 24 1.742488
1530 200 102 24 24 1.001095
1530 256 0 64 64 0.571804
1530 36 24 48 48 1.140378
1530 344 20 40 40 0.938536
1530 10 1 27 27 1.320463
1530 10 6 28 28 0.894903
1530 390 18 24 24 0.318111
1530 458 144 36 36 0.315127
1530 486 18 23 23 0.219489
1530 48 0 64 64 0.050294
1530 294 102 24 24 0.040490
1560 193 111 24 24 24.047676
1560 338 112 28 28 12.272360
1560 144 114 24 24 7.240297
1560 389 114 24 24 16.209816
1560 293 113 24 24 14.029219
1560 199 108 24 24 9.067687
1560 167 97 27 27 5.968158
1560 264 35 48 48 11.551362
1560 6 0 64 64 8.519850
1560 262 0 64 64 8.279097
1560 119 112 28 28 15.968259
1560 288 32 48 48 12.667872
1560 481 4 24 24 9.740620
1560 236 97 27 27 6.546256
1560 303 113 24 24 6.142635
1560 31 0 64 64 10.155538
1560 400 195 24 24 8.095380
1560 280 0 64 64 6.445461
1560 205 111 24 24 7.305053
1560 4 134 32 32 7.562597
1560 350 111 28 28 2.803501
1560 396 194 24 24 4.384108
1560 496 6 23 23 2.608322
1560 192 36 48 48 4.078568
1560 0 144 32 32 1.643577
1560 385 154 44 44 1.256359
1560 120 98 28 28 2.436470
1560 0 177 40 40 1.572242
1560 486 0 24 24 1.045640
1560 468 0 27 27 0.767563
1560 3 113 31 31 1.241220
1560 127 8 26 26 0.836051
1560 126 119 28 28 0.494307
1560 336 98 28 28 0.485377
1560 112 119 28 28 0.429384
1560 35 35 48 48 0.586054
1560 216 36 48 48 0.509754
1560 0 126 28 28 0.248430
1560 352 48 64 64 0.199480
1560 340 20 40 40 0.159875
1590 338 114 28 28 33.354580
1590 349 113 28 28 34.099063
1590 262 1 64 64 21.021404
1590 288 0 64 64 7.634393
1590 14 84 24 24 11.057879
1590 154 98 28 28 5.319361
1590 2 159 41 41 17.003848
1590 118 112 28 28 11.290876
1590 11 169 39 39 22.813725
1590 2 177 40 40 10.360641
1590 27 171 39 39 15.507363
1590 168 98 28 28 4.387311
1590 343 119 28 28 4.098585
1590 213 36 48 48 10.350256
1590 357 119 28 28 3.943634
1590 289 114 24 24 4.825488
1590 20 177 40 40 13.778807
1590 16 155 43 43 7.954977
1590 0 126 28 28 3.825207
1590 96 112 24 24 4.796395
1590 226 98 28 28 4.292590
1590 298 113 24 24 4.157332
1590 192 114 24 24 2.495645
1590 480 108 24 24 2.370431
1590 196 36 47 47 6.797918
1590 223 112 28 28 2.187219
1590 153 112 28 28 1.855442
1590 39 0 64 64 3.585157
1590 288 36 48 48 3.022094
1590 11 224 28 28 1.249304
1590 264 36 48 48 0.989070
1590 24 126 36 36 0.140581
1620 352 4 64 64 12.455258
1620 168 97 27 27 5.371802
1620 0 96 24 24 5.764343
1620 284 10 64 64 9.434691
1620 154 98 28 28 3.970639
1620 335 121 27 27 7.864127
1620 404 112 32 32 6.430822
1620 354 132 28 28 6.083979
1620 447 119 28 28 3.298888
1620 120 124 28 28 6.915072
1620 395 112 32 32 5.940017
1620 233 98 28 28 4.771318
1620 7 48 64 64 5.727686
1620 119 114 27 27 5.487586
1620 462 118 28 28 2.441516
1620 198 114 24 24 2.282274
1620 407 128 32 32 2.100951
1620 348 125 27 27 4.129967
1620 3 83 23 23 3.400023
1620 298 114 24 24 1.802113
1620 269 0 64 64 1.624901
1620 216 36 48 48 2.616782
1620 264 35 48 48 2.217916
1620 339 133 28 28 1.143910
1620 19 32 60 60 1.235046
1620 2 36 48 48 1.357990
1620 198 0 24 24 0.443660
1620 245 98 28 28 0.352085
1620 126 119 28 28 0.160063
1620 33 154 44 44 0.143132
1650 352 32 64 64 18.313565
1650 404 129 32 32 11.407277
1650 273 27 64 64 16.144532
1650 26 45 64 64 11.013705
1650 240 98 28 28 7.669612
1650 201 114 24 24 8.473135
1650 260 5 64 64 10.499933
1650 288 16 64 64 3.825114
1650 393 135 32 32 6.645120
1650 239 112 28 28 8.336415
1650 352 0 64 64 3.078685
1650 345 124 27 27 8.105116
1650 167 98 28 28 3.008380
1650 226 112 28 28 4.197745
1650 446 129 30 30 6.848181
1650 468 17 28 28 4.280366
1650 354 119 28 28 4.975689
1650 377 33 44 44 2.876969
1650 336 119 28 28 1.884735
1650 8 0 64 64 3.599197
1650 16 32 64 64 1.178845
1650 486 17 24 24 1.162452
1650 107 16 24 24 1.565564
1650 108 192 24 24 1.099089
1650 280 112 32 32 1.034070
1650 154 98 28 28 0.811985
1650 0 48 64 64 0.715300
1650 408 152 32 32 0.590961
1650 385 22 44 44 0.590746
1650 0 16 64 64 0.436679
1650 108 5 24 24 0.349703
1650 132 114 24 24 0.142296
1650 459 0 36 36 0.104429
1650 357 98 28 28 0.021226
1680 114 112 28 28 19.901711
1680 337 118 28 28 27.664591
1680 211 33 48 48 24.369004
1680 343 126 28 28 5.003902
1680 363 5 44 44 8.473096
1680 480 16 24 24 8.110458
1680 128 142 32 32 8.758633
1680 343 112 28 28 4.244088
1680 276 17 59 59 9.919187
1680 192 36 48 48 7.082772
1680 226 97 27 27 4.720488
1680 127 112 26 26 3.718268
1680 203 104 23 23 3.757580
1680 112 99 26 26 6.042991
1680 352 0 44 44 2.091797
1680 381 0 44 44 3.084071
1680 144 114 24 24 1.909322
1680 287 0 64 64 1.950558
1680 356 113 27 27 2.377424
1680 16 23 32 32 1.826561
1680 486 14 24 24 2.642553
1680 256 2 64 64 1.458069
1680 459 147 36 36 2.082810
1680 351 118 28 28 1.727786
1680 204 24 48 48 2.196712
1680 336 133 28 28 0.990246
1680 245 98 28 28 0.805902
1680 449 8 36 36 0.762942
1680 0 102 24 24 0.728463
1680 27 0 36 36 0.544598
1680 330 20 40 40 0.499486
1680 272 112 32 32 0.397820
1680 469 245 28 28 0.294720
1680 469 7 28 28 0.272468
1710 417 11 48 48 62.291136
1710 6 12 28 28 44.250993
1710 2 3 30 30 31.709359
1710 441 17 36 36 15.985742
1710 352 0 64 64 4.143557
1710 106 106 24 24 7.441548
1710 294 114 24 24 6.996624
1710 408 24 48 48 6.314988
1710 18 11 29 29 6.118924
1710 127 131 32 32 5.598971
1710 258 35 64 64 4.433774
1710 210 36 48 48 9.188718
1710 286 5 64 64 3.850493
1710 0 15 24 24 3.530481
1710 13 19 26 26 3.188154
1710 23 0 33 33 4.619193
1710 408 0 47 47 3.340654
1710 102 102 24 24 1.257631
1710 288 108 24 24 1.206272
1710 462 119 28 28 1.197401
1710 128 112 32 32 1.159205
1710 13 5 29 29 1.171816
1710 199 24 48 48 2.786630
1710 390 3 39 39 1.350970
1710 128 144 32 32 0.740444
1710 242 33 44 44 0.631422
1710 384 24 48 48 0.996332
1710 204 114 24 24 0.473223
1710 144 288 24 24 0.049303
1740 3 8 31 31 41.029452
1740 7 18 28 28 32.245498
1740 21 18 29 29 11.767891
1740 15 12 29 29 14.983997
1740 277 30 64 64 12.360452
1740 258 18 64 64 6.041958
1740 98 114 24 24 6.640397
1740 284 16 64 64 4.444809
1740 486 96 24 24 6.321327
1740 195 25 44 44 8.640730
1740 287 112 25 25 7.673989
1740 8 1 32 32 6.102424
1740 105 96 24 24 4.206872
1740 264 8 32 32 2.005785
1740 22 7 31 31 5.021374
1740 216 30 48 48 7.044636
1740 338 133 28 28 3.028963
1740 349 140 40 40 1.867592
1740 1 306 24 24 2.285849
1740 408 132 32 32 2.810261
1740 240 30 40 40 1.581178
1740 272 112 32 32 1.501015
1740 6 132 28 28 1.539600
1740 294 107 24 24 3.229696
1740 209 98 24 24 2.121852
1740 102 108 24 24 1.082682
1740 108 114 24 24 1.074578
1740 384 152 32 32 0.983228
1740 11 112 32 32 1.295769
1740 462 133 28 28 0.476413
1740 216 12 48 48 0.883280
1740 419 14 48 48 0.776688
1740 450 27 36 36 0.283078
1740 96 96 24 24 0.233171
1740 288 48 64 64 0.184325
1770 6 16 33 33 40.415019
1770 259 16 64 64 17.932069
1770 384 1 46 46 24.035601
1770 280 112 29 29 11.967179
1770 0 20 32 32 16.706854
1770 304 102 24 24 17.647155
1770 393 35 47 47 25.447570
1770 15 23 30 30 7.310953
1770 352 27 64 64 10.561768
1770 406 5 32 32 7.646136
1770 0 0 64 64 3.542813
1770 11 2 34 34 4.931134
1770 205 99 24 24 9.979545
1770 362 176 44 44 8.366842
1770 352 0 64 64 3.112807
1770 380 176 43 43 5.483620
1770 209 98 23 23 5.913434
1770 211 20 48 48 15.758228
1770 498 9 24 24 4.777855
1770 303 114 24 24 4.891591
1770 296 112 23 23 6.434350
1770 373 154 44 44 5.271721
1770 300 96 24 24 1.912015
1770 294 104 23 23 3.357582
1770 23 128 31 31 1.791414
1770 300 108 23 23 1.484130
1770 197 12 47 47 4.761172
1770 431 171 36 36 1.196671
1770 400 197 23 23 1.680603
1770 389 23 46 46 2.243708
1770 420 35 48 48 1.402028
1770 395 194 24 24 1.235188
1770 441 126 36 36 0.307796
1770 486 96 24 24 0.230893
1770 491 6 24 24 0.214244
1770 132 102 24 24 0.194132
1770 24 112 32 32 0.168057
1770 0 14 28 28 0.138368
1770 272 0 64 64 0.059410
1800 107 106 24 24 15.838633
1800 180 32 44 44 14.768443
1800 397 197 23 23 27.181693
1800 293 102 24 24 19.610171
1800 399 204 24 24 9.446605
1800 280 48 64 64 10.548804
1800 346 139 39 39 8.164163
1800 281 112 30 30 5.955189
1800 19 119 28 28 9.346648
1800 382 153 40 40 9.529905
1800 197 30 47 47 30.939713
1800 402 192 24 24 4.005878
1800 432 171 36 36 3.938432
1800 389 194 23 23 5.591433
1800 224 97 27 27 2.921221
1800 102 12 24 24 5.193307
1800 212 27 47 47 14.020002
1800 102 104 23 23 5.025584
1800 168 98 28 28 2.252618
1800 242 98 28 28 3.212140
1800 297 126 36 36 2.137546
1800 206 96 24 24 3.780097
1800 3 119 28 28 4.050737
1800 0 32 64 64 1.810016
1800 384 169 47 47 4.431182
1800 306 98 24 24 3.112441
1800 242 33 44 44 1.595669
1800 110 97 26 26 2.387444
1800 256 48 64 64 1.509416
1800 144 99 24 24 2.224304
1800 294 114 24 24 1.269130
1800 272 32 64 64 0.983947
1800 288 108 24 24 0.860597
1800 389 12 47 47 2.316792
1800 8 112 32 32 0.507960
1800 363 154 44 44 0.500248
1800 256 16 64 64 0.431914
1800 21 0 36 36 0.571774
1830 289 108 24 24 26.708451
1830 293 113 23 23 17.192478
1830 348 158 40 40 10.736245
1830 389 203 24 24 21.186830
1830 385 200 23 23 14.474499
1830 178 25 44 44 13.354931
1830 300 109 24 24 10.820495
1830 293 101 24 24 8.700674
1830 340 140 40 40 8.841538
1830 191 22 46 46 24.245734
1830 271 34 64 64 12.416946
1830 262 30 49 49 18.240681
1830 261 42 64 64 8.704335
1830 288 48 64 64 2.461972
1830 132 0 24 24 2.444737
1830 396 198 24 24 2.253104
1830 144 136 32 32 2.212358
1830 108 84 24 24 1.539200
1830 383 33 44 44 1.558871
1830 420 13 47 47 5.142462
1830 282 16 64 64 1.945492
1830 96 114 24 24 1.159583
1830 396 210 24 24 0.588005
1830 300 84 24 24 0.565718
1830 402 204 24 24 0.559563
1830 256 4 64 64 0.744196
1830 390 192 24 24 0.324014
1830 107 1 24 24 0.416453
1830 420 36 48 48 0.495480
1830 352 48 64 64 0.112447
1830 203 11 48 48 0.175622
1830 0 6 24 24 0.057254
