30 352 11 64 64 7.958262
60 294 110 23 23 9.246834
90 386 112 32 32 8.096661
120 351 34 64 64 6.313912
150 105 83 23 23 6.019964
180 436 125 35 35 9.393359
210 292 109 24 24 9.291193
240 388 24 48 48 9.002740
270 396 100 24 24 9.025642
300 438 149 36 36 9.346875
330 393 96 24 24 8.798278
360 495 83 23 23 4.240021
390 462 118 27 27 9.201240
420 395 84 24 24 8.329683
450 394 28 47 47 9.811988
480 356 121 27 27 4.056900
510 354 126 28 28 7.262968
540 396 84 24 24 7.803245
570 496 7 23 23 6.676581
600 336 129 28 28 8.670883
630 341 118 28 28 8.121297
660 390 12 48 48 8.353292
690 387 152 32 32 8.480257
720 394 149 32 32 9.714006
750 43 0 64 64 6.176941
780 43 4 64 64 7.412985
810 385 147 32 32 7.736243
840 479 111 23 23 9.751646
870 450 160 36 36 9.783625
900 363 24 44 44 4.655823
930 467 229 28 28 9.917523
960 43 12 64 64 6.285073
990 288 25 56 56 9.435931
1020 415 168 48 48 9.716146
1050 101 110 23 23 7.486256
1080 315 156 36 36 6.320798
1110 453 7 36 36 7.673796
1140 407 136 32 32 9.220908
1170 197 107 24 24 9.273518
1200 194 96 24 24 4.185414
1230 435 126 36 36 8.635959
1260 466 128 30 30 7.335630
1290 480 1 24 24 8.169267
1320 207 102 24 24 9.214584
1350 7 126 32 32 5.452858
1380 434 126 36 36 6.244467
1410 19 147 34 34 6.937718
1440 40 16 64 64 9.724317
1470 236 98 28 28 8.562546
1500 446 129 29 29 9.566755
1530 352 9 64 64 9.386204
1560 392 112 32 32 9.752544
1590 352 21 64 64 9.938924
1620 386 113 23 23 7.243626
1650 102 110 23 23 6.011295
1680 352 11 64 64 6.232187
1710 34 9 48 48 7.143830
1740 257 129 32 32 8.735395
1770 496 112 24 24 8.993763
1800 491 16 23 23 9.747046
1830 213 19 47 47 8.449086
