30 453 128 28 28 6.768027
60 125 99 26 26 9.715624
90 21 1 32 32 9.163858
120 14 1 28 28 59.358104
150 464 114 28 28 9.155370
180 4 104 25 25 9.964566
210 466 124 28 28 9.806454
240 386 96 24 24 8.946136
270 467 127 27 27 8.143192
300 467 126 28 28 8.012143
330 467 126 28 28 9.989903
360 98 114 24 24 4.569685
390 401 202 24 24 5.141748
420 389 0 47 47 9.178631
450 98 114 24 24 9.148004
480 98 114 24 24 9.431828
510 98 114 24 24 9.011573
540 98 113 24 24 9.260430
570 98 114 24 24 6.305663
600 288 4 64 64 9.070412
630 349 17 40 40 4.485801
660 288 0 64 64 3.835233
690 111 114 27 27 9.734687
720 402 111 24 24 7.323104
750 174 112 31 31 8.561208
780 3 119 28 28 8.961654
810 176 149 32 32 9.974985
840 11 113 25 25 9.255789
870 304 107 24 24 9.946558
900 231 119 27 27 70.193849
930 230 131 28 28 9.883593
960 127 21 32 32 6.134191
990 196 7 35 35 9.433738
1020 342 171 40 40 9.134043
1050 15 208 24 24 8.076656
1080 21 121 27 27 7.133230
1110 132 110 24 24 8.458383
1140 3 119 28 28 8.333558
1170 240 98 28 28 4.207972
1200 242 98 28 28 6.847841
1230 115 112 28 28 8.419797
1260 4 126 27 27 5.326089
1290 19 116 28 28 9.476596
1320 230 113 28 28 9.387142
1350 224 119 28 28 2.372203
1380 303 109 24 24 9.195287
1410 300 109 24 24 9.290010
1440 289 103 23 23 9.273657
1470 193 108 24 24 9.971512
1500 288 108 24 24 8.426106
1530 264 29 44 44 9.700009
1560 406 36 48 48 8.453658
1590 25 25 47 47 7.598764
1620 36 28 48 48 9.064912
1650 191 13 47 47 7.048058
1680 30 36 48 48 8.831390
1710 177 30 42 42 8.883705
1740 27 143 36 36 7.171025
1770 241 111 28 28 9.707290
1800 216 169 47 47 9.794116
1830 124 126 28 28 9.392808
