30 338 224 28 28 9.502551
60 390 15 24 24 9.629942
90 457 238 27 27 9.739409
120 4 18 46 46 8.868812
150 12 126 29 29 8.102162
180 375 204 43 43 8.360119
210 237 14 28 28 9.650068
240 231 18 28 28 7.670315
270 393 4 26 26 8.535738
300 99 192 24 24 9.430203
330 336 19 27 27 5.505571
360 449 133 28 28 7.805859
390 342 118 28 28 8.251103
420 458 145 36 36 8.342418
450 11 109 24 24 9.240671
480 459 157 36 36 6.290990
510 386 128 32 32 8.841760
540 449 144 36 36 7.754387
570 5 97 24 24 9.541736
600 340 127 28 28 8.481552
630 335 116 28 28 9.648675
660 408 30 48 48 7.403576
690 386 84 24 24 9.374438
720 35 0 64 64 8.374971
750 353 98 28 28 8.074488
780 384 26 45 45 9.202027
810 355 98 28 28 8.411695
840 115 111 28 28 9.535320
870 6 1 64 64 8.414654
900 0 113 28 28 8.171609
930 452 119 28 28 9.210607
960 15 131 28 28 6.294142
990 6 16 64 64 7.058766
1020 480 11 24 24 8.186921
1050 353 126 27 27 9.413650
1080 177 26 39 39 8.540745
1110 238 117 28 28 9.683566
1140 261 34 57 57 9.389111
1170 270 152 32 32 9.565136
1200 460 131 28 28 9.339049
1230 316 143 37 37 9.184970
1260 316 142 37 37 7.414597
1290 282 32 64 64 7.576321
1320 324 140 40 40 9.890485
1350 408 148 32 32 9.649277
1380 355 124 28 28 9.995028
1410 339 119 28 28 9.946627
1440 269 128 32 32 9.547121
1470 236 128 28 28 5.727870
1500 275 13 64 64 7.861469
1530 278 130 32 32 7.427885
1560 356 130 27 27 9.763356
1590 390 127 32 32 7.295380
1620 453 130 27 27 8.714546
1650 455 98 28 28 9.768313
1680 12 0 64 64 6.599357
1710 384 84 24 24 3.248386
1740 433 14 36 36 9.846480
1770 433 14 36 36 9.207692
1800 122 112 28 28 9.109377
