30 389 128 32 32 7.639171
60 386 112 32 32 3.464889
90 392 128 32 32 5.964414
120 393 128 32 32 7.860148
150 386 112 32 32 5.806369
180 386 112 32 32 5.656619
210 386 112 32 32 7.832287
240 387 112 32 32 7.628880
270 387 112 32 32 6.839253
300 336 115 28 28 7.636465
330 449 129 29 29 9.220234
360 390 112 32 32 8.409669
390 329 140 40 40 9.739635
420 459 126 35 35 6.087831
450 351 123 28 28 7.558449
480 336 115 28 28 8.993598
510 432 145 36 36 5.248479
540 351 121 27 27 7.164995
570 456 125 31 31 5.768324
600 262 141 32 32 8.973726
630 336 115 28 28 8.944403
660 350 115 27 27 9.322592
690 399 128 32 32 7.752630
720 256 139 32 32 7.480917
750 258 138 32 32 9.392467
780 393 112 32 32 6.137910
810 447 122 28 28 9.418751
840 240 140 40 40 2.826159
870 492 106 23 23 9.638918
900 388 96 24 24 3.879868
930 353 119 28 28 7.582937
960 4 124 28 28 9.061920
990 18 112 28 28 9.103750
1020 277 16 64 64 4.444197
1050 277 16 64 64 4.639033
1080 395 17 24 24 8.567001
1110 8 113 24 24 9.586783
1140 352 119 28 28 6.304853
1170 272 146 32 32 6.328565
1200 12 16 24 24 7.268686
1230 22 112 30 30 5.606029
1260 231 6 28 28 3.603353
1290 12 31 64 64 6.921675
1320 465 98 28 28 7.714955
1350 129 147 32 32 8.649017
1380 448 121 28 28 6.436272
1410 12 0 32 32 6.821010
1440 7 13 26 26 6.106899
1470 19 8 27 27 9.224164
1500 114 125 28 28 8.840516
1530 17 15 24 24 6.940990
1560 17 15 24 24 6.386896
1590 393 96 24 24 9.106558
1620 20 2 28 28 9.753126
1650 8 9 25 25 7.857959
1680 27 140 39 39 9.965821
1710 8 8 25 25 8.295009
1740 451 98 28 28 9.155521
1770 20 2 28 28 9.943176
1800 20 3 28 28 8.507493
