30 350 133 28 28 2.924553
60 350 180 40 40 9.288628
90 336 126 28 28 4.160885
120 0 128 32 32 4.557085
150 119 112 28 28 5.020271
180 119 112 28 28 5.013149
210 441 153 36 36 6.551010
240 336 126 28 28 4.959913
270 288 16 64 64 5.251652
300 119 112 28 28 3.253048
330 126 119 28 28 4.946447
360 119 119 28 28 7.448276
390 119 126 28 28 6.257205
420 112 126 28 28 6.301787
450 119 126 28 28 5.723751
480 272 48 64 64 9.523733
510 112 133 28 28 6.704315
540 288 126 36 36 2.880508
570 238 126 28 28 4.166893
600 459 27 36 36 5.342083
630 264 187 44 44 3.387999
660 396 198 24 24 4.088232
690 238 126 28 28 9.571934
720 154 133 28 28 9.579943
750 132 108 24 24 8.059903
780 486 210 24 24 5.671334
810 343 133 28 28 7.348704
840 408 152 32 32 6.019603
870 24 136 32 32 4.948217
900 11 33 44 44 6.875635
930 112 119 28 28 6.371418
960 32 0 64 64 9.550241
990 112 119 28 28 8.134664
1020 128 112 32 32 7.721620
1050 352 16 64 64 4.730400
1080 462 133 28 28 7.245371
1110 469 126 28 28 9.414251
1140 469 126 28 28 9.071484
1170 168 112 28 28 5.302507
1200 16 136 32 32 7.174355
1230 448 133 28 28 7.092937
1260 448 133 28 28 8.275876
1290 448 133 28 28 7.149843
1320 24 136 32 32 5.921744
1350 144 102 24 24 8.594021
1380 448 133 28 28 7.748532
1410 448 133 28 28 7.259160
1440 448 133 28 28 8.978608
1470 448 133 28 28 8.077259
1500 448 133 28 28 7.619332
1530 448 133 28 28 8.159577
1560 448 133 28 28 7.911231
1590 448 133 28 28 8.066560
1620 448 133 28 28 7.784564
1650 448 133 28 28 8.050063
1680 448 133 28 28 7.995305
1710 448 133 28 28 7.342535
1740 448 133 28 28 7.314864
1770 448 133 28 28 7.571414
1800 448 133 28 28 7.639832
