30 119 133 28 28 5.398670
60 350 119 28 28 8.315158
90 350 112 28 28 8.541227
120 357 112 28 28 8.134132
150 176 112 32 32 6.418619
180 352 16 64 64 5.926336
210 352 0 64 64 6.735264
240 48 0 64 64 4.751940
270 357 112 28 28 5.254998
300 402 0 24 24 6.061864
330 455 133 28 28 5.000955
360 48 16 64 64 4.016312
390 24 128 32 32 3.765563
420 357 112 28 28 4.560893
450 48 16 64 64 7.708348
480 16 16 64 64 7.869785
510 0 16 64 64 7.938436
540 0 33 44 44 6.821633
570 0 12 48 48 9.416266
600 36 12 48 48 8.717019
630 210 108 24 24 7.128964
660 392 112 32 32 1.806556
690 21 245 28 28 5.756675
720 16 152 32 32 4.155621
750 168 126 28 28 7.383594
780 154 133 28 28 7.270824
810 126 133 28 28 7.959082
840 126 133 28 28 6.197033
870 112 133 28 28 7.658168
900 231 119 28 28 5.828012
930 384 112 32 32 7.034111
960 408 112 32 32 6.183134
990 231 112 28 28 5.066824
1020 112 126 28 28 7.439223
1050 224 112 28 28 5.758426
1080 448 112 28 28 4.849973
1110 21 119 28 28 4.766216
1140 392 136 32 32 5.307936
1170 396 36 48 48 5.995493
1200 204 114 24 24 5.419498
1230 459 9 36 36 3.468032
1260 0 112 32 32 7.492789
1290 384 136 32 32 7.132812
1320 352 16 64 64 7.972132
1350 24 144 32 32 8.485994
1380 224 126 28 28 7.811876
1410 256 32 64 64 4.800073
1440 272 16 64 64 7.130966
1470 14 21 28 28 7.395586
1500 112 126 28 28 7.464389
1530 24 128 32 32 6.148803
1560 126 119 28 28 5.754404
1590 192 112 32 32 6.513546
1620 396 36 48 48 9.253161
1650 108 108 24 24 4.736227
1680 96 108 24 24 8.783821
