30 400 128 32 32 6.643254
60 256 0 64 64 6.248902
90 256 0 64 64 5.008069
120 192 36 48 48 5.027848
150 231 98 28 28 7.763046
180 224 98 28 28 5.119760
210 192 114 24 24 5.231764
240 16 112 32 32 6.066278
270 16 112 32 32 5.031024
300 7 126 28 28 9.415419
330 210 114 24 24 3.731767
360 21 231 28 28 4.734013
390 343 126 28 28 5.434727
420 352 16 64 64 9.291645
450 352 16 64 64 8.896323
480 27 126 36 36 6.291449
510 256 144 32 32 6.419335
540 0 153 36 36 4.766762
570 132 192 24 24 6.552278
600 315 144 36 36 5.928349
630 0 160 40 40 7.188647
660 9 162 36 36 2.941721
690 108 108 24 24 6.334250
720 402 0 24 24 6.984289
750 32 32 64 64 3.518124
780 128 136 32 32 3.399475
810 256 0 64 64 2.950206
840 256 0 64 64 4.915529
870 357 112 28 28 5.051932
900 343 112 28 28 5.804255
930 350 112 28 28 6.668614
960 48 16 64 64 4.841154
990 288 16 64 64 8.987023
1020 256 16 64 64 7.787634
1050 24 128 32 32 4.520855
1080 14 0 28 28 7.982770
1110 153 126 36 36 7.599827
1140 459 126 36 36 6.162160
1170 6 18 24 24 2.979499
1200 441 126 36 36 3.606724
1230 128 136 32 32 9.023065
1260 256 128 32 32 3.775300
1290 16 112 32 32 6.105449
1320 450 144 36 36 6.252634
1350 469 98 28 28 7.064586
1380 408 112 32 32 5.083383
1410 7 126 28 28 4.876840
1440 486 114 24 24 5.106739
1470 498 114 24 24 5.615179
1500 112 133 28 28 3.910883
1530 168 119 28 28 1.934627
1560 12 114 24 24 4.225724
1590 0 98 28 28 4.131046
1620 0 114 24 24 5.239879
1650 264 24 48 48 1.271103
1680 264 24 48 48 1.507168
1710 126 133 28 28 1.642168
1740 0 128 32 32 2.825879
1770 216 24 48 48 3.106120
1800 204 24 48 48 1.895250
1830 204 12 48 48 1.744093
