30 352 32 64 64 3.811702
60 343 119 28 28 3.320145
90 343 119 28 28 4.454300
120 119 133 28 28 3.993540
150 224 126 28 28 3.316511
180 231 126 28 28 3.120436
210 224 119 28 28 4.391078
240 336 112 28 28 4.752253
270 455 126 28 28 4.593844
300 288 16 64 64 4.002604
330 408 112 32 32 4.450597
360 462 126 28 28 6.742533
390 498 0 24 24 2.629176
420 498 0 24 24 2.394125
450 0 112 28 28 2.592842
480 132 108 24 24 6.042871
510 102 114 24 24 2.432767
540 126 133 28 28 1.220648
570 18 204 24 24 5.848298
600 14 0 28 28 3.950521
630 350 98 28 28 3.823119
660 256 16 64 64 2.157879
690 455 133 28 28 1.876996
720 144 96 24 24 2.624018
750 0 21 28 28 4.292734
780 33 22 44 44 6.110950
810 459 126 36 36 5.092979
840 10 140 40 40 5.156730
870 11 33 44 44 3.206983
900 396 102 24 24 3.440934
930 176 112 32 32 4.058600
960 210 114 24 24 8.904688
990 14 14 28 28 4.581004
1020 469 0 28 28 8.864629
1050 498 0 24 24 7.942133
1080 154 119 28 28 4.808521
1110 126 119 28 28 6.792646
1140 32 0 64 64 4.811903
1170 0 16 64 64 5.481574
1200 216 0 36 36 4.085737
1230 0 162 36 36 3.827975
1260 192 136 32 32 1.652637
1290 238 126 28 28 5.107596
1320 0 136 32 32 1.428624
1350 357 126 28 28 7.462013
1380 462 119 28 28 3.419531
1410 336 119 28 28 3.968986
1440 306 12 24 24 8.050083
1470 108 12 24 24 4.233770
1500 280 112 32 32 6.586298
1530 272 112 32 32 2.996906
1560 272 16 64 64 2.381246
1590 272 0 64 64 3.133572
1620 256 0 64 64 3.075636
1650 16 48 64 64 3.315275
1680 402 12 24 24 4.369326
1710 136 112 32 32 4.262506
1740 128 112 32 32 3.255899
1770 256 0 64 64 3.893636
1800 198 18 24 24 6.048743
1830 204 36 48 48 4.719522
