30 16 48 64 64 0.098694
30 32 32 64 64 0.417027
30 32 48 64 64 2.747930
30 48 48 64 64 2.937800
30 320 140 40 40 1.768556
30 320 160 40 40 4.709452
30 330 160 40 40 1.362420
30 315 162 36 36 0.737319
30 315 171 36 36 5.908688
30 24 112 32 32 0.742071
30 192 144 32 32 0.636222
30 256 128 32 32 0.993204
30 264 128 32 32 1.179220
30 21 119 28 28 1.750333
30 336 133 28 28 3.388062
30 343 126 28 28 2.304624
30 343 133 28 28 7.660557
30 350 133 28 28 4.431375
60 32 48 64 64 1.816171
60 48 48 64 64 2.408365
60 320 140 40 40 2.997664
60 320 160 40 40 4.528915
60 330 160 40 40 1.470291
60 315 171 36 36 5.256274
60 192 136 32 32 0.320998
60 192 144 32 32 1.356060
60 256 128 32 32 1.226815
60 264 128 32 32 1.165110
60 21 119 28 28 1.905948
60 336 133 28 28 2.775777
60 343 126 28 28 3.313517
60 343 133 28 28 8.766415
60 350 133 28 28 5.866590
60 357 126 28 28 0.362740
90 32 48 64 64 1.076288
90 48 48 64 64 0.977890
90 320 160 40 40 3.225399
90 320 170 40 40 1.778185
90 330 160 40 40 3.366028
90 330 170 40 40 2.378876
90 340 160 40 40 2.794777
90 340 170 40 40 0.438552
90 8 112 32 32 0.041571
90 192 144 32 32 1.467929
90 256 128 32 32 1.495838
90 264 128 32 32 2.281664
90 272 128 32 32 2.119615
90 280 128 32 32 0.052673
90 21 119 28 28 3.173479
90 343 133 28 28 1.921394
90 350 126 28 28 0.597834
90 350 133 28 28 5.661832
90 357 133 28 28 2.617613
90 448 224 28 28 0.390694
90 455 224 28 28 0.804319
120 352 154 44 44 2.314476
120 340 140 40 40 3.154722
120 340 170 40 40 0.018067
120 350 160 40 40 0.588864
120 350 170 40 40 0.535684
120 350 180 40 40 0.446465
120 198 153 36 36 0.451952
120 0 112 32 32 3.341453
120 0 152 32 32 0.065950
120 8 112 32 32 3.635768
120 128 152 32 32 0.792804
120 264 128 32 32 0.220891
120 272 128 32 32 0.930343
120 280 128 32 32 0.976692
120 7 126 28 28 1.812266
120 14 119 28 28 2.166908
120 14 126 28 28 3.204768
150 384 112 32 32 2.313387
150 384 128 32 32 1.379717
150 400 128 32 32 0.846348
180 352 32 64 64 0.818594
180 198 126 36 36 1.508137
180 216 126 36 36 2.878084
180 8 144 32 32 0.137858
180 16 144 32 32 2.750548
180 16 152 32 32 3.296686
180 24 144 32 32 3.540514
180 24 152 32 32 3.112289
180 392 112 32 32 2.015061
180 392 128 32 32 2.389637
180 392 136 32 32 3.082305
180 400 112 32 32 2.022917
180 400 128 32 32 1.590273
180 400 136 32 32 1.526485
180 408 112 32 32 0.272430
180 192 114 24 24 2.564894
180 198 114 24 24 1.017449
210 16 32 64 64 0.241327
210 352 0 64 64 0.863773
210 352 16 64 64 1.874782
210 352 32 64 64 0.192664
210 384 36 48 48 0.028186
210 420 192 48 48 0.314002
210 420 204 48 48 0.041752
210 384 36 48 48 0.028186
210 420 192 48 48 0.314002
210 420 204 48 48 0.041752
210 198 126 36 36 0.987922
210 24 136 32 32 0.300475
210 24 144 32 32 1.088446
210 192 136 32 32 0.497600
210 408 112 32 32 3.553305
210 408 128 32 32 4.988468
210 408 136 32 32 2.039770
210 408 144 32 32 0.938356
210 408 152 32 32 0.377479
210 168 98 28 28 1.022720
210 192 18 24 24 0.317776
210 210 114 24 24 0.344465
240 0 126 36 36 0.787684
240 153 126 36 36 1.568540
240 162 126 36 36 1.496118
240 0 128 32 32 2.335469
240 0 136 32 32 2.774242
240 0 144 32 32 1.729879
240 8 128 32 32 0.604388
240 8 136 32 32 1.158825
240 408 112 32 32 0.997764
240 7 133 28 28 2.527765
240 14 133 28 28 0.675460
240 154 0 28 28 0.978034
240 192 96 24 24 1.341175
240 192 102 24 24 3.554813
240 192 108 24 24 1.783255
240 198 96 24 24 0.786744
240 198 102 24 24 1.873683
270 384 36 48 48 0.484648
270 396 36 48 48 1.512666
270 384 36 48 48 0.484648
270 396 36 48 48 1.512666
270 170 140 40 40 0.024103
270 198 126 36 36 4.674550
270 192 136 32 32 3.135415
270 192 144 32 32 2.076266
270 0 126 28 28 0.088135
270 0 133 28 28 0.283499
270 192 84 24 24 2.592175
270 198 84 24 24 2.193632
300 396 36 48 48 0.468509
300 408 36 48 48 0.436410
300 396 36 48 48 0.468509
300 408 36 48 48 0.436410
300 220 140 40 40 0.596033
300 27 126 36 36 3.695280
300 288 126 36 36 3.229278
300 288 144 36 36 4.354218
300 288 153 36 36 4.791742
300 288 162 36 36 2.480422
300 297 126 36 36 3.358460
300 297 144 36 36 3.950346
300 297 153 36 36 2.764122
300 306 126 36 36 2.800425
300 306 144 36 36 2.653846
300 306 153 36 36 3.015452
300 315 144 36 36 3.306349
300 315 153 36 36 2.004789
300 144 256 32 32 0.844933
300 192 136 32 32 1.014722
300 192 264 32 32 0.958173
300 154 0 28 28 2.372641
300 154 133 28 28 1.958867
300 448 98 28 28 1.963216
300 132 300 24 24 0.537420
300 192 96 24 24 2.075268
300 192 102 24 24 1.623804
300 198 96 24 24 2.191083
300 198 102 24 24 1.927890
300 204 96 24 24 0.332893
330 306 126 36 36 2.025601
330 315 126 36 36 3.214037
330 432 144 36 36 2.820122
330 432 162 36 36 1.484607
330 136 256 32 32 0.326062
330 264 136 32 32 0.324931
330 264 144 32 32 1.510458
330 272 136 32 32 1.248907
330 272 144 32 32 2.125721
330 0 224 28 28 5.483534
330 7 224 28 28 2.908104
330 14 224 28 28 0.011837
330 14 231 28 28 1.419147
330 154 98 28 28 0.945289
330 168 7 28 28 5.734681
330 168 14 28 28 2.512797
330 18 198 24 24 1.108567
330 96 114 24 24 1.414606
330 204 102 24 24 5.667673
330 204 108 24 24 4.082255
330 210 96 24 24 1.467954
330 210 102 24 24 5.008433
330 210 108 24 24 3.880076
360 192 204 48 48 1.552004
360 192 216 48 48 0.880346
360 192 228 48 48 0.775253
360 408 168 48 48 0.575131
360 192 204 48 48 1.552004
360 192 216 48 48 0.880346
360 192 228 48 48 0.775253
360 408 168 48 48 0.575131
360 352 198 44 44 1.905058
360 352 209 44 44 3.389034
360 160 180 40 40 0.129336
360 153 171 36 36 1.418439
360 297 126 36 36 0.792611
360 459 162 36 36 0.021585
360 192 0 32 32 2.838678
360 224 98 28 28 1.099896
360 231 98 28 28 3.271452
360 198 12 24 24 4.325926
360 198 18 24 24 3.165310
360 204 12 24 24 11.278842
360 204 18 24 24 11.500518
360 210 12 24 24 7.929455
360 210 18 24 24 5.577954
390 384 168 48 48 0.335878
390 396 168 48 48 3.030329
390 408 168 48 48 0.375112
390 384 168 48 48 0.335878
390 396 168 48 48 3.030329
390 408 168 48 48 0.375112
390 264 187 44 44 2.724588
390 264 198 44 44 1.858253
390 272 128 32 32 2.923823
390 280 128 32 32 0.668520
390 280 136 32 32 0.613932
390 204 0 24 24 1.311220
390 204 6 24 24 4.812731
390 210 0 24 24 3.449272
390 210 6 24 24 8.662165
390 210 12 24 24 4.798052
420 176 154 44 44 0.118999
420 242 176 44 44 1.210316
420 160 160 40 40 3.182504
420 170 160 40 40 3.384464
420 170 170 40 40 6.796112
420 180 170 40 40 3.895464
420 240 190 40 40 1.975819
420 162 171 36 36 1.675390
420 198 0 24 24 4.216014
420 198 114 24 24 0.537715
420 204 0 24 24 12.880819
420 204 6 24 24 0.853734
420 204 204 24 24 0.118739
420 204 210 24 24 2.169803
420 210 0 24 24 7.572914
420 210 210 24 24 1.655005
450 216 168 48 48 1.105787
450 216 168 48 48 1.105787
450 242 176 44 44 0.819512
450 240 190 40 40 2.027576
450 176 112 32 32 0.772207
450 144 210 24 24 1.016427
450 192 0 24 24 11.667451
450 198 0 24 24 3.989067
480 187 154 44 44 0.961641
480 198 154 44 44 0.476499
480 264 154 44 44 0.512373
480 180 140 40 40 2.759271
480 180 160 40 40 0.440962
480 320 180 40 40 1.937142
480 330 180 40 40 1.639909
480 27 9 36 36 0.462155
480 198 171 36 36 1.316940
480 216 171 36 36 0.737748
480 288 171 36 36 4.381004
480 297 171 36 36 3.084953
480 306 171 36 36 1.772279
480 432 9 36 36 0.626846
480 441 9 36 36 3.760257
480 441 18 36 36 3.265116
480 450 9 36 36 2.719099
480 450 18 36 36 2.589389
480 459 9 36 36 0.344209
480 0 112 32 32 0.639805
480 0 0 28 28 1.414601
480 0 7 28 28 3.194884
480 0 119 28 28 1.348043
480 0 126 28 28 2.295749
480 7 0 28 28 2.241662
480 7 7 28 28 2.266576
480 7 133 28 28 0.123079
480 343 224 28 28 1.590060
480 12 12 24 24 4.537740
480 12 18 24 24 1.100285
480 18 12 24 24 2.840201
480 210 204 24 24 0.464871
480 300 192 24 24 2.912268
480 306 192 24 24 3.574561
480 306 198 24 24 3.128807
510 0 32 64 64 0.009875
510 0 48 64 64 1.782162
510 16 32 64 64 0.494440
510 16 48 64 64 0.979816
510 12 36 48 48 0.029724
510 12 36 48 48 0.029724
510 198 33 44 44 0.016717
510 450 153 36 36 2.223593
510 450 162 36 36 1.461761
510 459 153 36 36 0.795028
510 459 162 36 36 3.806676
510 350 126 28 28 1.434515
510 357 126 28 28 0.141025
510 96 198 24 24 1.431064
510 102 114 24 24 0.015369
510 102 198 24 24 0.633934
510 108 198 24 24 0.881062
510 132 198 24 24 1.140492
510 144 198 24 24 0.416721
510 204 102 24 24 1.244305
510 210 102 24 24 3.497712
510 288 12 24 24 2.122435
510 294 12 24 24 2.530029
510 300 12 24 24 0.295920
510 396 84 24 24 0.573899
510 486 192 24 24 0.697544
510 486 198 24 24 3.256847
510 492 198 24 24 1.888974
510 492 204 24 24 1.368598
510 498 192 24 24 0.093029
510 498 198 24 24 1.562131
510 498 204 24 24 0.157579
510 498 210 24 24 0.986127
540 36 168 48 48 1.962249
540 36 168 48 48 1.962249
540 33 176 44 44 1.199554
540 385 154 44 44 0.793347
540 0 256 32 32 1.376494
540 0 264 32 32 0.764740
540 8 256 32 32 1.265503
540 8 264 32 32 0.799968
540 16 256 32 32 0.626561
540 16 264 32 32 0.497124
540 24 264 32 32 0.413852
540 384 280 32 32 3.536623
540 392 280 32 32 3.621785
540 400 280 32 32 4.161000
540 408 136 32 32 2.073574
540 408 280 32 32 4.424050
540 112 98 28 28 5.712346
540 112 112 28 28 1.293052
540 18 198 24 24 0.167246
540 384 300 24 24 3.130526
540 384 306 24 24 0.482900
540 390 300 24 24 2.422807
540 390 306 24 24 0.214706
540 396 300 24 24 1.619124
540 402 300 24 24 2.245753
540 402 306 24 24 0.483202
540 480 300 24 24 0.783006
570 16 0 64 64 0.527719
570 0 24 48 48 1.336032
570 0 36 48 48 0.805978
570 12 36 48 48 0.950019
570 12 192 48 48 1.675330
570 24 192 48 48 0.178767
570 420 36 48 48 1.026006
570 0 24 48 48 1.336032
570 0 36 48 48 0.805978
570 12 36 48 48 0.950019
570 12 192 48 48 1.675330
570 24 192 48 48 0.178767
570 420 36 48 48 1.026006
570 11 198 44 44 0.617038
570 22 198 44 44 2.910684
570 33 198 44 44 1.299923
570 240 140 40 40 6.653323
570 297 288 36 36 1.170676
570 306 288 36 36 1.834799
570 315 288 36 36 2.260264
570 256 152 32 32 4.479388
570 264 152 32 32 0.225508
570 96 108 24 24 1.460074
570 96 114 24 24 3.031578
600 192 216 48 48 0.185313
600 216 216 48 48 0.308176
600 384 36 48 48 0.181045
600 192 216 48 48 0.185313
600 216 216 48 48 0.308176
600 384 36 48 48 0.181045
600 176 209 44 44 2.568204
600 374 33 44 44 1.553998
600 374 176 44 44 0.517170
600 385 33 44 44 0.909020
600 176 256 32 32 2.276501
600 0 133 28 28 0.754845
600 462 238 28 28 0.131352
600 469 238 28 28 0.728117
600 96 204 24 24 0.515655
600 96 210 24 24 1.774104
600 402 84 24 24 1.136818
630 176 154 44 44 0.214874
630 187 154 44 44 2.539198
630 220 170 40 40 1.086284
630 27 126 36 36 4.015414
630 153 126 36 36 1.360363
630 162 126 36 36 1.957330
630 198 126 36 36 3.427336
630 288 144 36 36 1.365029
630 297 144 36 36 2.583489
630 297 153 36 36 0.245238
630 306 144 36 36 2.482158
630 306 153 36 36 1.056230
630 24 144 32 32 2.019523
630 176 128 32 32 1.273581
630 168 98 28 28 1.477339
630 455 112 28 28 2.937848
630 455 119 28 28 3.781849
630 455 126 28 28 1.191905
630 300 204 24 24 0.585303
630 306 198 24 24 1.741352
630 306 204 24 24 0.274898
660 272 16 64 64 2.373338
660 288 16 64 64 3.746463
660 288 32 64 64 0.963253
660 363 154 44 44 2.333211
660 374 154 44 44 2.777237
660 385 154 44 44 3.004505
660 459 126 36 36 1.175714
660 144 136 32 32 0.977314
660 176 112 32 32 1.929289
660 176 128 32 32 0.650591
660 280 128 32 32 0.329030
660 168 133 28 28 3.937369
660 238 126 28 28 1.856058
660 238 133 28 28 2.890913
660 245 126 28 28 3.264560
660 245 133 28 28 4.234626
660 343 133 28 28 1.666251
660 350 126 28 28 5.452458
660 350 133 28 28 8.212950
660 357 126 28 28 4.599006
660 357 133 28 28 6.464141
690 256 16 64 64 0.543398
690 272 0 64 64 4.897803
690 272 16 64 64 2.996791
690 288 0 64 64 6.521448
690 288 16 64 64 3.722743
690 352 0 64 64 2.874285
690 396 36 48 48 1.078561
690 396 36 48 48 1.078561
690 441 144 36 36 5.905372
690 441 153 36 36 5.713319
690 441 162 36 36 1.305864
690 450 144 36 36 2.299184
690 450 153 36 36 2.658007
690 408 128 32 32 1.151712
690 408 136 32 32 2.966274
690 0 98 28 28 1.451735
690 0 112 28 28 1.830262
690 112 119 28 28 0.168951
690 112 126 28 28 3.535610
690 112 133 28 28 3.284908
690 119 119 28 28 1.057783
690 119 126 28 28 4.204528
690 119 133 28 28 3.534148
690 126 126 28 28 0.243964
690 126 133 28 28 1.207309
690 168 112 28 28 2.020740
690 168 119 28 28 3.580952
690 224 112 28 28 0.053237
690 231 112 28 28 1.054051
690 238 112 28 28 2.362916
690 238 119 28 28 0.290914
690 245 112 28 28 2.290623
690 336 98 28 28 3.565500
690 462 224 28 28 5.989099
690 462 231 28 28 3.718225
690 462 238 28 28 3.361471
690 462 245 28 28 1.821301
690 469 224 28 28 5.078008
690 469 231 28 28 7.165601
690 469 238 28 28 5.397974
690 469 245 28 28 3.047535
690 0 108 24 24 1.373058
690 6 108 24 24 1.764979
690 6 114 24 24 3.560010
690 12 114 24 24 0.158665
690 210 114 24 24 0.644020
690 384 108 24 24 0.497191
690 384 114 24 24 5.098456
690 390 114 24 24 1.209412
720 16 16 64 64 1.947386
720 256 0 64 64 0.552342
720 272 0 64 64 4.052895
720 288 0 64 64 3.958122
720 288 36 48 48 0.559301
720 288 36 48 48 0.559301
720 176 128 32 32 0.140707
720 231 112 28 28 0.261076
720 238 112 28 28 2.701404
720 18 102 24 24 0.505237
720 198 96 24 24 1.316020
720 198 102 24 24 2.397498
720 204 96 24 24 2.105366
720 204 102 24 24 0.500591
720 384 102 24 24 0.069456
720 384 108 24 24 3.258941
720 384 114 24 24 1.981963
720 390 102 24 24 0.341590
720 396 84 24 24 0.241732
720 486 114 24 24 1.073445
750 0 16 64 64 2.010029
750 16 16 64 64 3.367015
750 32 16 64 64 0.749930
750 396 36 48 48 4.891269
750 408 36 48 48 0.506663
750 396 36 48 48 4.891269
750 408 36 48 48 0.506663
750 264 16 32 32 0.242172
750 264 24 32 32 0.515656
750 0 119 28 28 2.876210
750 231 98 28 28 0.489256
750 238 98 28 28 1.740282
750 245 98 28 28 1.376991
750 448 112 28 28 0.929028
750 448 119 28 28 2.182715
750 210 108 24 24 0.127693
750 288 108 24 24 0.532318
750 294 108 24 24 0.417391
750 306 12 24 24 0.047904
750 306 18 24 24 0.893295
750 390 84 24 24 1.251459
750 390 96 24 24 0.222811
750 390 102 24 24 1.654548
750 396 84 24 24 0.359715
750 396 102 24 24 2.479360
750 402 84 24 24 0.381094
750 402 96 24 24 1.364801
750 402 102 24 24 0.308849
780 0 16 64 64 1.127972
780 16 16 64 64 1.357633
780 16 32 64 64 0.654517
780 256 0 64 64 2.152805
780 256 16 64 64 0.520321
780 272 0 64 64 3.186465
780 288 0 64 64 3.205973
780 408 0 48 48 0.859399
780 408 0 48 48 0.859399
780 288 9 36 36 0.348915
780 264 24 32 32 1.669532
780 154 112 28 28 3.088336
780 168 112 28 28 2.967880
780 224 112 28 28 0.805388
780 231 112 28 28 2.496573
780 238 112 28 28 2.048825
780 357 112 28 28 0.100119
780 204 114 24 24 1.726091
780 210 114 24 24 2.476249
780 306 12 24 24 0.917844
780 306 18 24 24 2.362761
780 498 102 24 24 0.285267
810 256 0 64 64 1.145159
810 264 36 48 48 0.962886
810 264 36 48 48 0.962886
810 288 0 36 36 1.559956
810 256 16 32 32 0.830211
810 168 98 28 28 2.181905
810 224 98 28 28 2.673016
810 231 98 28 28 0.197724
810 357 98 28 28 0.713955
810 198 114 24 24 2.043514
810 204 108 24 24 3.336716
810 204 114 24 24 1.735510
810 210 108 24 24 1.967569
810 210 114 24 24 1.885298
810 300 294 24 24 0.328749
810 306 0 24 24 0.351230
810 306 6 24 24 2.995651
810 306 12 24 24 1.863533
810 306 18 24 24 0.055607
810 384 102 24 24 0.529448
810 384 108 24 24 2.245634
810 384 114 24 24 0.322666
810 390 108 24 24 0.677648
810 396 108 24 24 0.071357
810 402 102 24 24 0.377256
810 402 108 24 24 0.871349
840 256 0 64 64 6.182549
840 256 16 64 64 0.445951
840 272 0 64 64 3.836729
840 272 16 64 64 2.246305
840 352 16 64 64 0.266775
840 216 27 36 36 0.282662
840 128 112 32 32 2.996068
840 136 112 32 32 2.159512
840 176 112 32 32 0.012542
840 192 112 32 32 0.885281
840 272 24 32 32 0.913432
840 272 128 32 32 0.097964
840 280 128 32 32 2.313143
840 408 112 32 32 0.891217
840 119 126 28 28 1.320272
840 126 126 28 28 1.149581
840 168 119 28 28 1.299717
840 238 133 28 28 0.170278
840 336 112 28 28 1.106638
840 336 119 28 28 2.153386
840 343 112 28 28 1.881118
840 343 119 28 28 2.162916
840 350 112 28 28 0.938639
840 350 119 28 28 0.670153
840 492 0 24 24 0.678652
840 498 0 24 24 1.165410
840 498 6 24 24 0.691116
870 256 0 64 64 3.441632
870 272 0 64 64 3.775273
870 216 18 36 36 2.838933
870 0 128 32 32 3.572071
870 8 128 32 32 4.954736
870 192 112 32 32 0.874558
870 264 0 32 32 1.528937
870 264 8 32 32 0.327873
870 7 126 28 28 2.483208
870 7 133 28 28 4.633864
870 14 119 28 28 1.474373
870 14 126 28 28 2.398182
870 14 133 28 28 5.577942
870 112 126 28 28 2.079130
870 119 119 28 28 2.282943
870 119 126 28 28 0.861324
870 126 119 28 28 0.283766
870 168 112 28 28 2.382336
870 238 126 28 28 1.026277
870 245 126 28 28 0.681279
870 245 133 28 28 3.196461
870 336 112 28 28 2.269603
870 343 112 28 28 1.354470
870 350 112 28 28 0.218169
870 448 119 28 28 0.219184
870 288 12 24 24 0.827677
870 300 114 24 24 0.400712
870 306 114 24 24 3.088621
900 256 0 64 64 0.272715
900 256 16 64 64 2.181762
900 256 32 64 64 1.146539
900 272 16 64 64 0.961291
900 280 8 32 32 0.399902
900 280 16 32 32 1.406626
900 168 112 28 28 1.526526
900 245 112 28 28 3.483068
900 336 126 28 28 2.749262
900 343 119 28 28 0.166264
900 343 126 28 28 4.975116
900 350 126 28 28 3.978290
900 357 98 28 28 1.142636
900 357 126 28 28 0.690187
900 300 18 24 24 0.756298
900 402 114 24 24 0.291797
900 480 114 24 24 0.940049
900 486 114 24 24 1.418524
900 492 114 24 24 1.031217
930 0 32 64 64 1.163616
930 16 16 64 64 0.649193
930 16 32 64 64 0.245877
930 256 16 64 64 1.059752
930 272 0 64 64 0.118768
930 272 16 64 64 3.128417
930 272 32 64 64 1.989290
930 288 0 36 36 3.227905
930 168 112 28 28 1.085874
930 231 98 28 28 1.887220
930 238 98 28 28 1.881957
930 245 98 28 28 2.045934
930 336 119 28 28 3.439975
930 343 119 28 28 1.374371
930 343 126 28 28 0.108912
930 204 114 24 24 2.502485
930 210 114 24 24 0.576778
960 0 32 64 64 0.036418
960 256 16 64 64 0.032025
960 272 0 64 64 0.374754
960 272 16 64 64 1.632739
960 264 24 48 48 1.357993
960 264 36 48 48 1.034969
960 264 24 48 48 1.357993
960 264 36 48 48 1.034969
960 192 144 32 32 0.759438
960 168 112 28 28 0.414382
960 224 98 28 28 0.668015
960 224 112 28 28 0.145666
960 238 98 28 28 0.822280
960 245 98 28 28 1.610767
960 336 119 28 28 2.290546
960 336 126 28 28 0.063673
960 357 119 28 28 0.351092
960 192 114 24 24 0.227410
960 198 114 24 24 2.216303
960 294 96 24 24 1.674255
960 294 102 24 24 0.882354
960 300 0 24 24 0.421987
960 300 96 24 24 2.462021
960 300 102 24 24 2.949170
960 306 0 24 24 3.607282
960 306 6 24 24 4.061519
960 306 102 24 24 3.439136
960 306 108 24 24 0.986221
960 492 114 24 24 0.315120
990 0 32 64 64 0.741594
990 256 16 64 64 0.129740
990 154 112 28 28 1.533968
990 168 112 28 28 0.347189
990 224 98 28 28 1.226397
990 231 98 28 28 1.225240
990 238 98 28 28 1.293209
990 245 98 28 28 1.977609
990 245 112 28 28 0.742625
990 336 119 28 28 3.654171
990 336 126 28 28 2.321526
990 198 114 24 24 1.986910
990 300 0 24 24 1.451706
990 306 0 24 24 2.099614
990 306 6 24 24 2.702856
1020 16 32 64 64 0.979953
1020 256 16 64 64 0.051797
1020 154 112 28 28 0.544346
1020 168 112 28 28 1.150910
1020 224 98 28 28 0.046869
1020 231 98 28 28 0.194014
1020 238 98 28 28 0.023299
1020 245 98 28 28 0.456953
1020 245 112 28 28 0.417206
1020 336 119 28 28 1.173555
1020 336 126 28 28 2.649694
1020 198 114 24 24 0.813716
1020 300 0 24 24 1.034969
1020 306 0 24 24 2.664891
1020 306 6 24 24 2.203229
1050 256 16 64 64 0.212041
1050 126 98 28 28 0.604522
1050 168 112 28 28 1.883381
1050 245 98 28 28 0.057656
1050 245 112 28 28 2.070602
1050 336 119 28 28 1.090442
1050 336 126 28 28 3.052937
1050 300 0 24 24 0.627402
1050 306 0 24 24 2.154932
1050 306 6 24 24 1.767393
1080 256 16 64 64 0.179577
1080 272 16 64 64 0.044703
1080 168 112 28 28 2.141976
1080 245 112 28 28 0.998505
1080 336 119 28 28 0.694746
1080 336 126 28 28 3.432174
1080 6 108 24 24 0.476113
1080 12 108 24 24 0.576463
1080 306 0 24 24 1.646721
1080 306 6 24 24 0.615561
1110 0 32 64 64 1.107887
1110 16 32 64 64 0.809436
1110 168 112 28 28 3.325137
1110 245 112 28 28 2.282563
1110 336 126 28 28 2.824877
1110 462 98 28 28 0.957518
1110 469 98 28 28 0.038680
1110 306 0 24 24 1.127643
1110 306 12 24 24 0.029798
1140 0 32 64 64 1.093391
1140 16 32 64 64 1.114342
1140 168 112 28 28 1.974130
1140 245 112 28 28 0.916168
1140 336 119 28 28 0.687001
1140 336 126 28 28 3.390146
1140 462 98 28 28 0.208207
1140 306 0 24 24 1.570370
1140 306 6 24 24 0.056426
1140 492 114 24 24 0.341204
1170 0 32 64 64 1.239654
1170 16 32 64 64 0.782316
1170 168 112 28 28 1.988847
1170 245 98 28 28 0.014328
1170 245 112 28 28 1.856058
1170 336 119 28 28 1.163222
1170 336 126 28 28 3.453817
1170 306 0 24 24 1.802798
1170 306 6 24 24 0.591644
1170 498 108 24 24 0.085439
1200 0 32 64 64 1.258534
1200 16 32 64 64 1.408550
1200 168 112 28 28 0.700235
1200 336 133 28 28 0.663934
1200 343 133 28 28 0.585522
1200 462 98 28 28 0.088981
1200 469 98 28 28 0.035362
1200 300 0 24 24 0.156424
1200 306 0 24 24 2.056237
1200 306 6 24 24 1.517074
1200 306 12 24 24 0.565734
1230 0 32 64 64 1.189128
1230 16 32 64 64 1.348401
1230 272 16 64 64 1.535151
1230 272 32 64 64 0.277463
1230 154 119 28 28 0.311843
1230 168 112 28 28 0.328291
1230 224 119 28 28 1.214629
1230 224 126 28 28 0.194882
1230 336 119 28 28 1.321946
1230 336 126 28 28 3.433728
1230 336 133 28 28 2.919644
1230 294 114 24 24 0.298052
1230 300 102 24 24 3.677669
1230 300 108 24 24 5.015360
1230 300 114 24 24 3.798515
1230 306 0 24 24 0.982999
1230 306 6 24 24 0.023363
1230 306 102 24 24 1.065212
1230 306 108 24 24 4.584028
1230 306 114 24 24 0.781488
1230 492 114 24 24 0.239419
1260 231 133 28 28 0.537631
1260 336 126 28 28 2.803622
1260 306 0 24 24 0.576801
1260 492 114 24 24 0.200328
1290 0 32 64 64 1.320144
1290 16 32 64 64 1.797049
1290 154 119 28 28 0.381514
1290 336 119 28 28 0.601698
1290 336 126 28 28 3.186809
1290 462 98 28 28 2.030842
1290 306 0 24 24 0.264821
1290 306 12 24 24 0.950737
1320 0 32 64 64 1.274701
1320 16 32 64 64 1.277518
1320 144 112 32 32 0.099177
1320 154 119 28 28 1.318727
1320 231 112 28 28 0.035589
1320 238 112 28 28 0.362798
1320 336 119 28 28 0.577628
1320 336 126 28 28 3.397442
1320 306 0 24 24 1.056695
1320 306 6 24 24 0.068028
1320 306 12 24 24 0.164197
1350 0 32 64 64 1.358436
1350 16 32 64 64 0.636001
1350 264 12 48 48 1.944600
1350 264 24 48 48 1.728467
1350 264 12 48 48 1.944600
1350 264 24 48 48 1.728467
1350 144 144 36 36 0.390371
1350 144 153 36 36 0.241412
1350 153 153 36 36 1.124189
1350 144 136 32 32 0.641666
1350 144 144 32 32 3.575214
1350 144 152 32 32 3.974766
1350 154 119 28 28 1.323638
1350 168 112 28 28 2.404003
1350 336 0 28 28 0.589187
1350 198 204 24 24 1.621252
1350 210 108 24 24 0.518603
1350 300 102 24 24 1.870777
1350 306 0 24 24 1.699677
1350 306 6 24 24 0.615252
1350 306 12 24 24 0.824583
1350 306 102 24 24 2.827020
1350 306 108 24 24 0.266664
1380 0 32 64 64 1.296644
1380 16 32 64 64 1.115894
1380 256 16 64 64 0.180246
1380 154 119 28 28 0.045399
1380 168 112 28 28 0.227910
1380 224 112 28 28 0.520395
1380 231 112 28 28 0.156742
1380 336 119 28 28 0.048960
1380 336 126 28 28 3.389959
1380 300 6 24 24 0.241125
1380 306 0 24 24 1.775408
1380 306 6 24 24 1.075869
1380 306 12 24 24 0.785941
1410 0 32 64 64 1.204248
1410 16 32 64 64 0.896386
1410 154 112 28 28 1.317522
1410 168 112 28 28 1.790509
1410 224 112 28 28 3.162888
1410 231 112 28 28 2.635398
1410 238 112 28 28 2.344168
1410 336 119 28 28 0.197857
1410 336 126 28 28 3.486580
1410 306 0 24 24 1.144479
1410 306 6 24 24 0.457954
1410 306 12 24 24 0.523972
1440 32 32 64 64 0.382300
1440 256 32 64 64 0.708239
1440 272 16 64 64 0.840191
1440 238 126 28 28 0.449756
1440 245 98 28 28 1.628378
1440 336 0 28 28 0.314848
1440 336 126 28 28 3.146764
1440 300 114 24 24 0.098772
1440 306 0 24 24 1.163409
1440 306 6 24 24 0.169356
1440 306 12 24 24 0.575257
1440 306 114 24 24 2.273993
1470 0 32 64 64 0.747118
1470 16 32 64 64 0.796504
1470 288 126 36 36 1.791622
1470 288 144 36 36 1.922039
1470 450 144 36 36 0.179454
1470 272 112 32 32 0.182599
1470 280 112 32 32 0.974104
1470 280 144 32 32 0.980856
1470 154 112 28 28 0.731602
1470 168 112 28 28 1.578328
1470 336 0 28 28 0.209474
1470 306 0 24 24 0.464378
1500 0 32 64 64 1.414234
1500 16 32 64 64 0.421963
1500 220 140 40 40 1.423765
1500 306 171 36 36 2.606554
1500 315 171 36 36 1.343516
1500 168 112 28 28 2.166653
1500 245 112 28 28 2.235686
1500 462 98 28 28 1.832102
1500 306 0 24 24 1.737202
1500 306 6 24 24 0.705957
1500 306 12 24 24 1.022361
1500 384 96 24 24 1.924562
1530 0 32 64 64 1.172650
1530 168 112 28 28 3.690513
1530 245 112 28 28 1.861832
1530 336 119 28 28 0.498751
1530 336 126 28 28 3.623189
1530 462 98 28 28 0.117105
1530 300 6 24 24 0.354025
1530 306 0 24 24 1.623372
1530 306 6 24 24 1.236760
1530 306 12 24 24 1.012250
1530 492 114 24 24 0.267283
1560 256 16 64 64 0.071507
1560 0 98 28 28 0.747541
1560 112 126 28 28 0.009785
1560 168 112 28 28 2.655607
1560 245 112 28 28 2.262913
1560 336 126 28 28 3.260343
1560 0 108 24 24 0.629427
1560 6 102 24 24 0.812963
1560 6 108 24 24 3.446139
1560 6 114 24 24 0.153374
1560 12 102 24 24 1.312691
1560 12 108 24 24 2.067493
1560 192 192 24 24 0.046904
1560 198 192 24 24 0.380689
1560 306 0 24 24 1.787965
1560 306 6 24 24 0.875051
1560 306 12 24 24 0.958185
1590 0 32 64 64 1.135948
1590 16 32 64 64 0.375043
1590 168 112 28 28 1.875257
1590 245 112 28 28 2.181282
1590 336 119 28 28 0.221246
1590 336 126 28 28 3.041590
1590 306 0 24 24 0.837132
1590 306 12 24 24 0.232289
1620 0 32 64 64 0.984756
1620 16 32 64 64 0.261354
1620 168 112 28 28 1.915872
1620 245 112 28 28 1.622333
1620 336 0 28 28 0.396775
1620 336 119 28 28 0.057258
1620 336 126 28 28 3.370400
1620 462 98 28 28 1.469157
1620 306 0 24 24 1.122574
1620 306 6 24 24 0.088758
1620 306 12 24 24 0.475346
1620 492 114 24 24 1.343967
1650 0 32 64 64 0.689659
1650 168 112 28 28 2.659880
1650 245 112 28 28 0.763517
1650 336 126 28 28 2.550722
1650 306 0 24 24 0.775870
1650 306 6 24 24 0.125234
1650 306 12 24 24 0.522551
1650 492 114 24 24 0.327832
1680 0 32 64 64 0.334210
1680 168 112 28 28 1.277408
1680 245 112 28 28 0.615538
1680 336 126 28 28 3.295306
1680 306 0 24 24 1.998040
1680 306 6 24 24 0.499636
1680 306 12 24 24 0.006527
1710 297 288 36 36 0.793387
1710 168 112 28 28 2.155410
1710 224 112 28 28 0.818466
1710 245 112 28 28 0.682743
1710 336 126 28 28 2.414323
1710 357 98 28 28 0.460146
1710 6 102 24 24 1.159974
1710 306 0 24 24 0.901236
1710 492 114 24 24 1.459363
1710 498 114 24 24 0.289203
1740 0 32 64 64 0.373039
1740 256 16 64 64 1.304052
1740 256 32 64 64 1.761693
1740 352 0 44 44 1.850448
1740 24 128 32 32 1.946680
1740 136 112 32 32 0.302733
1740 280 112 32 32 0.165760
1740 168 112 28 28 1.952994
1740 168 119 28 28 1.914879
1740 224 112 28 28 1.561275
1740 231 112 28 28 2.655838
1740 238 112 28 28 3.112003
1740 245 112 28 28 1.792414
1740 336 126 28 28 2.014429
1740 357 98 28 28 2.111713
1740 357 126 28 28 0.910655
1740 357 133 28 28 1.451474
1740 462 98 28 28 1.195953
1740 210 114 24 24 0.405010
1740 294 6 24 24 0.313907
1740 300 0 24 24 1.958467
1740 300 6 24 24 0.970446
1740 306 306 24 24 1.593450
1770 256 32 64 64 1.657141
1770 272 32 64 64 0.522755
1770 8 128 32 32 0.868978
1770 16 128 32 32 1.743902
1770 280 112 32 32 0.510406
1770 21 133 28 28 2.335521
1770 168 112 28 28 0.685391
1770 168 119 28 28 3.929443
1770 224 112 28 28 2.703940
1770 231 112 28 28 1.727836
1770 238 112 28 28 1.626755
1770 336 126 28 28 3.391291
1770 336 133 28 28 3.949839
1770 343 126 28 28 0.669900
1770 300 0 24 24 4.484693
1800 256 32 64 64 1.511896
1800 272 32 64 64 2.224457
1800 272 48 64 64 0.112988
1800 315 126 36 36 0.301077
1800 384 128 32 32 3.479832
1800 126 126 28 28 0.336738
1800 168 119 28 28 2.601578
1800 224 112 28 28 4.320433
1800 231 112 28 28 1.378713
1800 238 112 28 28 2.427842
1800 336 126 28 28 0.758815
1800 336 133 28 28 3.611358
1800 343 126 28 28 1.052068
1800 343 133 28 28 4.715874
1800 350 126 28 28 3.964427
1800 350 133 28 28 6.565606
1800 357 126 28 28 1.412268
1800 357 133 28 28 2.807369
1800 498 114 24 24 0.153824
1830 272 32 64 64 0.766122
1830 288 32 64 64 0.349563
1830 352 48 64 64 3.695131
1830 384 128 32 32 2.341148
1830 119 133 28 28 1.479969
1830 126 133 28 28 0.796275
1830 168 119 28 28 1.944888
1830 168 126 28 28 2.102786
1830 224 112 28 28 3.362628
1830 224 119 28 28 3.221079
1830 231 112 28 28 1.807885
1830 231 119 28 28 0.625236
1830 245 133 28 28 0.844659
