30 256 48 64 64 0.616293
30 272 48 64 64 0.238767
30 374 154 44 44 1.298507
30 320 140 40 40 1.435799
30 340 140 40 40 1.855074
30 350 140 40 40 2.221574
30 306 126 36 36 4.064953
30 315 144 36 36 0.251256
30 0 128 32 32 1.404545
30 128 112 32 32 2.011867
30 136 112 32 32 0.724964
30 256 128 32 32 2.441489
30 264 128 32 32 1.395688
30 272 128 32 32 1.588843
30 280 128 32 32 0.770665
30 0 126 28 28 1.272994
30 0 133 28 28 4.697139
30 7 126 28 28 1.220784
30 7 133 28 28 4.568954
30 14 133 28 28 3.569540
30 112 126 28 28 0.974612
30 119 126 28 28 4.062888
30 119 133 28 28 3.323542
30 126 126 28 28 4.175756
30 126 133 28 28 3.004592
30 448 7 28 28 1.009971
30 455 0 28 28 1.723598
30 455 7 28 28 3.200558
30 455 14 28 28 1.337652
30 455 21 28 28 0.391707
30 462 0 28 28 2.794144
30 462 7 28 28 4.644670
30 462 14 28 28 3.527010
30 462 21 28 28 1.784868
30 462 238 28 28 1.192036
30 469 14 28 28 0.335738
30 469 231 28 28 0.076519
30 469 238 28 28 0.437205
30 384 0 24 24 4.187551
30 384 6 24 24 5.322427
30 384 12 24 24 1.239562
30 384 18 24 24 4.460517
30 384 204 24 24 2.754756
30 384 210 24 24 1.358846
30 390 0 24 24 8.717503
30 390 6 24 24 9.848475
30 390 12 24 24 4.692282
30 390 18 24 24 5.997148
30 390 204 24 24 0.814150
30 396 0 24 24 3.962492
30 396 6 24 24 4.375418
30 396 204 24 24 0.520904
30 402 210 24 24 0.001840
60 288 32 64 64 0.342817
60 288 48 64 64 1.822406
60 408 24 48 48 2.041598
60 408 168 48 48 0.296052
60 420 168 48 48 0.533128
60 408 24 48 48 2.041598
60 408 168 48 48 0.296052
60 420 168 48 48 0.533128
60 128 112 32 32 1.240335
60 128 128 32 32 5.315259
60 128 136 32 32 2.434901
60 136 128 32 32 1.690737
60 264 128 32 32 2.492024
60 272 128 32 32 0.500989
60 119 119 28 28 3.564024
60 119 126 28 28 2.494515
60 126 119 28 28 2.126657
60 126 126 28 28 2.231062
60 126 133 28 28 2.212842
60 336 133 28 28 0.044001
60 448 98 28 28 0.268332
60 448 224 28 28 3.485066
60 448 231 28 28 2.588927
60 455 98 28 28 0.101939
60 455 224 28 28 0.692090
60 455 231 28 28 0.191536
60 462 119 28 28 1.481725
60 469 119 28 28 5.871581
60 469 126 28 28 3.951797
60 144 108 24 24 1.818612
60 492 198 24 24 2.677334
60 492 204 24 24 4.578800
60 492 210 24 24 0.535727
60 498 0 24 24 3.388439
60 498 6 24 24 2.018585
60 498 12 24 24 0.646228
60 498 198 24 24 2.613835
60 498 204 24 24 4.282303
60 498 210 24 24 1.218409
90 48 48 64 64 0.536327
90 408 168 48 48 0.006979
90 420 168 48 48 1.232711
90 408 168 48 48 0.006979
90 420 168 48 48 1.232711
90 144 126 36 36 3.944808
90 297 126 36 36 1.030796
90 459 126 36 36 3.151142
90 144 136 32 32 4.494379
90 392 112 32 32 0.652732
90 400 112 32 32 0.288443
90 408 112 32 32 1.327908
90 119 98 28 28 1.213812
90 448 119 28 28 0.226461
90 132 108 24 24 2.929718
90 384 102 24 24 1.578605
120 144 0 32 32 0.127718
120 256 112 32 32 4.700094
120 256 128 32 32 0.578442
120 264 112 32 32 3.224478
120 272 128 32 32 0.033042
120 272 136 32 32 3.862855
120 272 144 32 32 1.121044
120 280 128 32 32 0.562423
120 280 136 32 32 2.458130
120 280 144 32 32 0.450749
120 154 7 28 28 2.913891
120 154 14 28 28 2.504121
120 245 126 28 28 0.877294
120 448 119 28 28 1.346727
120 448 126 28 28 0.799316
120 448 133 28 28 0.225047
150 264 24 48 48 1.242060
150 264 24 48 48 1.242060
150 288 126 36 36 0.686162
150 297 18 36 36 1.322471
150 297 126 36 36 1.331176
150 306 126 36 36 1.506340
150 315 126 36 36 0.326054
150 136 112 32 32 0.508534
150 144 112 32 32 2.981034
150 272 128 32 32 0.413868
150 272 136 32 32 3.151919
150 280 128 32 32 2.310273
150 280 136 32 32 1.143898
150 400 136 32 32 0.149851
150 408 0 32 32 1.474088
150 408 8 32 32 0.555836
150 408 136 32 32 0.583219
150 408 144 32 32 1.322549
150 154 119 28 28 0.128300
150 154 126 28 28 2.313698
150 168 119 28 28 3.653360
150 168 126 28 28 5.765580
150 168 133 28 28 2.508283
150 224 119 28 28 0.806677
150 231 119 28 28 1.247640
150 231 126 28 28 0.943398
150 238 112 28 28 0.767685
150 238 119 28 28 1.367508
150 238 126 28 28 1.496964
150 245 112 28 28 1.202117
150 245 119 28 28 5.468087
150 245 126 28 28 5.779527
150 245 133 28 28 1.160018
150 192 0 24 24 0.010612
150 192 6 24 24 0.174455
150 288 114 24 24 2.521450
150 294 114 24 24 0.992123
150 396 204 24 24 0.623758
150 402 204 24 24 0.115950
180 450 306 36 36 0.250181
180 238 112 28 28 0.744896
180 238 119 28 28 1.815010
180 238 126 28 28 2.452853
180 245 112 28 28 1.456236
180 245 119 28 28 2.445786
180 245 126 28 28 2.590887
180 0 210 24 24 3.655460
180 6 204 24 24 4.073557
180 6 210 24 24 5.551553
180 12 204 24 24 2.652082
180 12 210 24 24 3.757627
180 18 204 24 24 1.852191
180 18 210 24 24 3.058579
180 498 6 24 24 0.731924
210 256 32 64 64 2.507178
210 256 128 32 32 0.087582
210 384 112 32 32 5.728573
210 392 112 32 32 4.106685
210 408 112 32 32 0.770497
210 245 133 28 28 1.426661
210 336 126 28 28 4.268777
210 336 133 28 28 1.316635
210 343 126 28 28 1.569497
210 343 133 28 28 0.236985
210 0 210 24 24 0.083335
210 96 204 24 24 0.882800
210 102 192 24 24 0.779838
210 108 192 24 24 2.567675
210 108 198 24 24 0.996228
210 192 12 24 24 0.614236
210 192 18 24 24 6.051419
210 198 18 24 24 1.426644
240 256 16 64 64 3.223418
240 272 16 64 64 3.417740
240 272 32 64 64 1.075864
240 288 16 64 64 2.835759
240 288 32 64 64 4.072769
240 352 16 64 64 2.808413
240 352 32 64 64 1.910192
240 162 126 36 36 0.573054
240 128 0 32 32 0.962711
240 128 8 32 32 0.234105
240 256 128 32 32 0.502316
240 272 128 32 32 0.685560
240 14 98 28 28 0.421080
240 112 0 28 28 3.074407
240 119 0 28 28 0.408100
240 126 0 28 28 0.596936
240 336 133 28 28 0.137356
240 343 126 28 28 0.014367
240 343 133 28 28 1.855211
240 350 133 28 28 1.904827
240 357 133 28 28 3.228343
240 18 114 24 24 2.528062
240 132 12 24 24 0.860123
240 198 192 24 24 2.008054
240 204 192 24 24 4.284077
240 204 198 24 24 3.734617
240 204 204 24 24 0.727726
240 210 192 24 24 4.870427
240 210 198 24 24 5.142911
240 210 204 24 24 2.084574
270 0 32 64 64 3.988672
270 0 48 64 64 3.350098
270 16 32 64 64 2.323831
270 16 48 64 64 3.000410
270 32 48 64 64 0.096333
270 220 160 40 40 0.668503
270 27 126 36 36 0.725098
270 27 144 36 36 1.180053
270 216 171 36 36 0.242405
270 24 144 32 32 0.405269
270 112 0 28 28 1.060416
270 112 7 28 28 1.544304
270 119 0 28 28 1.365753
270 119 7 28 28 1.378001
270 126 0 28 28 1.250153
270 224 224 28 28 1.471339
270 231 224 28 28 3.705989
270 231 231 28 28 2.613029
270 238 224 28 28 2.987083
270 238 231 28 28 3.615139
270 245 231 28 28 1.954859
270 336 133 28 28 0.568369
270 96 18 24 24 0.568278
270 132 0 24 24 1.157253
270 132 6 24 24 1.904351
270 132 12 24 24 0.222685
270 132 18 24 24 2.103702
270 396 6 24 24 0.039389
300 32 48 64 64 1.241589
300 48 48 64 64 2.124304
300 176 112 32 32 5.420328
300 176 128 32 32 0.267336
300 192 112 32 32 1.438399
300 192 128 32 32 1.356952
300 112 112 28 28 0.765949
300 112 119 28 28 1.310409
300 198 114 24 24 0.145303
300 204 114 24 24 0.190183
300 306 204 24 24 0.307951
300 492 0 24 24 0.623765
300 492 114 24 24 0.348069
300 498 0 24 24 3.220711
330 384 0 48 48 1.987785
330 384 12 48 48 3.050435
330 384 0 48 48 1.987785
330 384 12 48 48 3.050435
330 374 11 44 44 3.637070
330 374 22 44 44 1.407389
330 385 11 44 44 3.283032
330 385 22 44 44 3.499990
330 320 180 40 40 0.249875
330 320 190 40 40 1.092135
330 288 0 36 36 0.063384
330 432 0 36 36 0.305723
330 432 18 36 36 1.419886
330 432 27 36 36 2.916997
330 441 27 36 36 0.907098
330 441 144 36 36 0.615782
330 450 144 36 36 2.965067
330 459 144 36 36 2.985483
330 128 152 32 32 4.614966
330 192 152 32 32 0.550969
330 400 8 32 32 2.323283
330 400 16 32 32 3.916873
330 400 24 32 32 2.877092
330 408 8 32 32 1.516961
330 408 16 32 32 1.921727
330 336 224 28 28 4.097486
330 336 231 28 28 5.600152
330 336 238 28 28 3.151915
330 343 224 28 28 4.324340
330 343 231 28 28 6.742033
330 343 238 28 28 3.463784
330 350 7 28 28 0.374277
330 350 14 28 28 1.324929
330 350 224 28 28 1.091259
330 350 231 28 28 3.073456
330 350 238 28 28 1.349868
330 357 7 28 28 2.003533
330 357 14 28 28 3.525885
330 357 21 28 28 0.095130
330 455 21 28 28 2.722792
330 462 21 28 28 1.033679
330 0 192 24 24 0.323925
330 384 18 24 24 4.540050
360 264 24 48 48 0.953049
360 264 24 48 48 0.953049
360 242 0 44 44 1.759229
360 242 11 44 44 3.008626
360 264 11 44 44 0.019866
360 240 20 40 40 5.596392
360 144 0 36 36 0.188224
360 153 9 36 36 1.002465
360 162 0 36 36 1.029545
360 162 9 36 36 0.246369
360 288 27 36 36 0.154691
360 441 153 36 36 0.113210
360 0 256 32 32 5.573997
360 0 264 32 32 5.613101
360 0 272 32 32 3.878509
360 8 256 32 32 3.594819
360 8 264 32 32 4.633857
360 128 0 32 32 3.139777
360 128 8 32 32 2.095939
360 128 16 32 32 2.038587
360 128 24 32 32 0.044944
360 136 16 32 32 0.827306
360 192 144 32 32 0.654275
360 272 112 32 32 3.295196
360 280 112 32 32 3.426056
360 400 128 32 32 0.191112
360 0 245 28 28 2.233451
360 7 245 28 28 1.154778
360 112 224 28 28 0.917233
360 112 231 28 28 2.671293
360 112 238 28 28 0.548266
360 0 288 24 24 0.491224
360 0 294 24 24 2.647507
360 6 288 24 24 3.862863
360 6 294 24 24 3.599028
360 12 288 24 24 2.003663
360 12 294 24 24 0.111318
360 18 288 24 24 3.868160
360 144 6 24 24 1.691412
360 144 12 24 24 0.786545
360 192 0 24 24 2.727366
360 192 6 24 24 2.511511
360 192 12 24 24 1.369634
360 198 0 24 24 2.585568
360 198 6 24 24 3.217013
360 198 12 24 24 2.295204
360 198 18 24 24 0.270758
360 204 0 24 24 0.774126
360 204 6 24 24 1.627951
360 204 12 24 24 0.292250
360 210 0 24 24 3.513581
360 210 6 24 24 4.009423
360 288 0 24 24 4.670759
360 288 6 24 24 1.804291
360 402 192 24 24 1.657570
390 272 48 64 64 1.316159
390 288 48 64 64 2.657532
390 30 0 40 40 1.145529
390 220 140 40 40 2.700141
390 18 171 36 36 0.209023
390 27 9 36 36 0.967324
390 216 144 36 36 0.505800
390 450 126 36 36 1.647545
390 459 126 36 36 2.786183
390 192 144 32 32 0.872999
390 408 144 32 32 0.113100
390 238 126 28 28 0.777337
390 238 133 28 28 2.739692
390 336 133 28 28 0.289700
390 343 126 28 28 2.266381
390 343 133 28 28 3.301502
390 350 126 28 28 3.048623
390 350 133 28 28 6.016580
390 357 126 28 28 5.476394
390 357 133 28 28 7.034778
390 132 204 24 24 2.180834
390 144 198 24 24 0.685172
390 144 204 24 24 0.035178
390 192 84 24 24 0.903884
420 256 48 64 64 4.160804
420 272 48 64 64 4.233166
420 288 48 64 64 2.208144
420 0 154 44 44 1.565481
420 11 154 44 44 0.067190
420 0 160 40 40 2.002229
420 0 170 40 40 0.807566
420 170 140 40 40 2.672597
420 180 140 40 40 4.122316
420 198 144 36 36 0.349381
420 198 153 36 36 0.097441
420 297 126 36 36 7.968567
420 306 126 36 36 7.667198
420 306 144 36 36 0.747657
420 315 126 36 36 7.898130
420 432 144 36 36 0.776451
420 0 112 32 32 3.483449
420 0 128 32 32 0.781407
420 0 136 32 32 0.899926
420 8 112 32 32 0.140330
420 8 128 32 32 0.845748
420 136 144 32 32 1.502168
420 136 152 32 32 0.496540
420 176 152 32 32 0.578857
420 192 144 32 32 2.675866
420 192 152 32 32 4.354304
420 256 152 32 32 2.059441
420 7 112 28 28 0.341189
420 7 119 28 28 0.059473
420 7 126 28 28 0.468359
420 7 133 28 28 1.647492
420 14 112 28 28 1.556122
420 14 119 28 28 0.791645
420 14 126 28 28 1.369612
420 14 133 28 28 3.905168
420 21 133 28 28 0.082052
420 336 119 28 28 0.992595
420 336 126 28 28 0.284338
420 343 119 28 28 2.509956
420 343 126 28 28 0.281558
420 350 119 28 28 2.142261
420 192 108 24 24 0.159414
420 192 114 24 24 2.525165
420 198 114 24 24 1.146603
450 48 48 64 64 1.251366
450 256 32 64 64 0.763192
450 256 48 64 64 3.679593
450 272 32 64 64 0.040567
450 272 48 64 64 4.063200
450 288 48 64 64 0.786604
450 153 126 36 36 0.208341
450 153 144 36 36 1.983347
450 162 144 36 36 1.078529
450 198 144 36 36 0.039499
450 306 126 36 36 8.790443
450 306 144 36 36 0.371214
450 315 126 36 36 9.322368
450 315 144 36 36 1.855447
450 0 152 32 32 0.222714
450 24 128 32 32 1.249691
450 176 152 32 32 2.919086
450 192 152 32 32 2.676239
450 336 119 28 28 1.126441
450 343 112 28 28 1.980057
450 343 119 28 28 0.380801
480 256 48 64 64 1.593564
480 272 32 64 64 5.554305
480 272 48 64 64 6.826436
480 288 32 64 64 4.546842
480 288 48 64 64 6.213308
480 0 140 40 40 2.278411
480 170 140 40 40 0.987666
480 320 140 40 40 1.696028
480 330 160 40 40 2.388113
480 0 9 36 36 0.166803
480 0 18 36 36 3.336839
480 0 27 36 36 0.124640
480 0 144 36 36 3.085200
480 9 144 36 36 2.925324
480 9 153 36 36 0.136871
480 18 144 36 36 0.404279
480 144 144 36 36 3.635978
480 144 153 36 36 0.820948
480 153 144 36 36 1.404616
480 162 144 36 36 2.869595
480 162 153 36 36 1.860389
480 8 152 32 32 0.155171
480 16 152 32 32 0.686622
480 144 144 32 32 0.485196
480 144 152 32 32 2.284288
480 192 144 32 32 0.032385
480 192 152 32 32 4.911041
480 256 144 32 32 2.282782
480 256 152 32 32 3.266086
480 264 152 32 32 0.023492
480 384 152 32 32 4.514365
480 392 152 32 32 0.987849
480 0 133 28 28 1.059716
480 7 14 28 28 0.685695
480 7 21 28 28 4.265106
480 14 21 28 28 0.843107
480 168 98 28 28 1.765544
480 336 119 28 28 3.443448
480 336 126 28 28 3.074093
480 96 198 24 24 1.019166
480 390 192 24 24 0.929694
480 396 192 24 24 5.613966
480 396 198 24 24 1.724654
480 402 192 24 24 3.285883
480 402 198 24 24 0.181002
510 352 154 44 44 0.878618
510 20 0 40 40 1.627105
510 350 140 40 40 4.083682
510 350 160 40 40 2.221989
510 198 144 36 36 1.867440
510 432 171 36 36 3.178742
510 441 162 36 36 1.730409
510 441 171 36 36 1.970967
510 450 171 36 36 0.331615
510 0 16 32 32 2.079247
510 0 24 32 32 3.878628
510 128 152 32 32 2.761412
510 192 144 32 32 0.507093
510 192 152 32 32 3.254826
510 256 144 32 32 0.350867
510 256 152 32 32 0.065308
510 384 144 32 32 2.792781
510 384 152 32 32 4.098504
510 392 152 32 32 1.319088
510 168 112 28 28 1.657203
510 343 119 28 28 1.177851
510 343 126 28 28 0.979838
510 350 119 28 28 3.162482
510 350 126 28 28 0.012972
510 357 98 28 28 0.348086
510 357 112 28 28 1.202140
510 357 119 28 28 5.057570
510 357 126 28 28 2.121652
510 448 224 28 28 3.465993
510 455 119 28 28 3.459473
510 455 224 28 28 1.921621
510 462 119 28 28 3.505508
510 462 224 28 28 2.749550
510 469 224 28 28 2.571943
510 132 204 24 24 0.358752
510 132 210 24 24 0.130809
510 144 192 24 24 1.535614
510 144 198 24 24 0.024206
510 144 204 24 24 1.865574
510 144 210 24 24 1.951642
510 192 84 24 24 1.200534
510 384 192 24 24 0.675693
510 390 192 24 24 2.158848
510 396 198 24 24 0.363348
510 498 96 24 24 1.723712
540 288 16 64 64 0.119285
540 352 0 64 64 3.306172
540 352 16 64 64 2.286223
540 12 204 48 48 0.470323
540 24 204 48 48 0.377471
540 396 36 48 48 0.459815
540 12 204 48 48 0.470323
540 24 204 48 48 0.377471
540 396 36 48 48 0.459815
540 33 209 44 44 0.609633
540 385 154 44 44 3.970524
540 30 180 40 40 0.973836
540 180 140 40 40 1.390856
540 198 144 36 36 0.430911
540 450 153 36 36 0.813676
540 450 162 36 36 2.193704
540 459 153 36 36 1.871719
540 459 162 36 36 4.448217
540 459 171 36 36 1.034287
540 0 272 32 32 0.217517
540 8 272 32 32 1.005071
540 16 272 32 32 0.545126
540 192 144 32 32 1.484029
540 192 152 32 32 6.568261
540 384 136 32 32 5.059463
540 384 144 32 32 4.909736
540 392 136 32 32 2.612164
540 392 144 32 32 1.651210
540 400 8 32 32 1.539951
540 400 24 32 32 0.740530
540 400 144 32 32 2.266512
540 408 8 32 32 0.586057
540 408 16 32 32 2.232934
540 154 112 28 28 1.551561
540 6 294 24 24 0.668308
540 12 294 24 24 1.879629
540 18 294 24 24 2.581491
540 144 114 24 24 2.145812
540 390 84 24 24 0.762172
540 396 84 24 24 0.738081
540 396 96 24 24 3.097745
540 396 102 24 24 0.964326
540 402 84 24 24 0.504857
540 402 96 24 24 1.230654
540 402 102 24 24 0.168392
540 498 204 24 24 2.025815
540 498 210 24 24 3.022529
570 48 48 64 64 2.125551
570 352 48 64 64 7.405101
570 180 140 40 40 1.943404
570 9 0 36 36 0.440855
570 18 0 36 36 1.597333
570 27 0 36 36 1.421731
570 198 144 36 36 3.389893
570 198 153 36 36 1.434805
570 432 27 36 36 0.267424
570 128 144 32 32 0.506548
570 128 152 32 32 4.441284
570 136 152 32 32 0.631028
570 192 144 32 32 1.112902
570 192 152 32 32 7.790403
570 0 224 28 28 3.328218
570 0 231 28 28 2.282325
570 0 245 28 28 0.206331
570 7 21 28 28 0.348265
570 7 224 28 28 2.061340
570 455 98 28 28 0.683731
570 462 98 28 28 5.822535
570 6 210 24 24 0.188224
570 18 204 24 24 2.416534
570 132 192 24 24 1.821248
570 480 6 24 24 0.214186
570 486 6 24 24 0.016718
600 32 16 64 64 0.068057
600 32 32 64 64 0.180066
600 32 48 64 64 0.603361
600 48 32 64 64 3.274188
600 48 48 64 64 0.703766
600 288 32 64 64 1.049762
600 288 48 64 64 1.006759
600 352 48 64 64 3.262674
600 0 168 48 48 2.408471
600 12 168 48 48 2.504000
600 408 0 48 48 1.173728
600 0 168 48 48 2.408471
600 12 168 48 48 2.504000
600 408 0 48 48 1.173728
600 0 176 44 44 3.084995
600 0 187 44 44 1.154897
600 11 176 44 44 4.126662
600 11 187 44 44 1.802437
600 22 176 44 44 2.634006
600 22 187 44 44 1.513549
600 10 180 40 40 3.370654
600 10 190 40 40 2.650727
600 20 180 40 40 4.782936
600 20 190 40 40 3.417779
600 30 180 40 40 1.481675
600 30 190 40 40 3.604712
600 160 140 40 40 0.072687
600 170 140 40 40 4.384251
600 180 140 40 40 3.143306
600 198 144 36 36 3.712065
600 432 18 36 36 2.703631
600 432 27 36 36 1.489024
600 441 18 36 36 0.610722
600 441 27 36 36 0.240425
600 144 128 32 32 2.741819
600 176 152 32 32 2.933678
600 192 152 32 32 4.686563
600 21 231 28 28 0.837289
600 112 119 28 28 3.747178
600 119 119 28 28 2.859626
600 126 119 28 28 3.085364
600 154 133 28 28 1.444154
600 448 14 28 28 1.468400
600 469 98 28 28 1.809281
600 18 108 24 24 0.598355
600 96 204 24 24 0.032182
600 96 210 24 24 0.048536
600 102 204 24 24 1.825987
600 108 198 24 24 0.388027
600 108 204 24 24 2.435535
600 108 210 24 24 1.994941
600 480 108 24 24 0.337745
600 486 108 24 24 4.483983
600 486 114 24 24 3.364799
600 492 102 24 24 1.478024
600 492 108 24 24 7.298066
600 492 114 24 24 4.606524
600 498 108 24 24 5.826216
600 498 114 24 24 5.553345
630 0 16 64 64 1.898816
630 16 16 64 64 2.062819
630 16 32 64 64 4.763212
630 32 16 64 64 4.681832
630 32 32 64 64 5.304131
630 32 48 64 64 1.333530
630 48 16 64 64 1.101163
630 48 32 64 64 2.601077
630 352 48 64 64 0.214976
630 408 24 48 48 0.123325
630 420 24 48 48 0.103839
630 408 24 48 48 0.123325
630 420 24 48 48 0.103839
630 0 187 44 44 0.734349
630 10 190 40 40 0.942127
630 170 140 40 40 0.689438
630 180 140 40 40 0.195283
630 198 144 36 36 1.775566
630 198 153 36 36 0.192581
630 315 126 36 36 2.194367
630 441 0 36 36 0.004753
630 441 9 36 36 1.186784
630 450 0 36 36 2.799252
630 450 9 36 36 5.600107
630 450 18 36 36 4.443772
630 450 27 36 36 1.653847
630 450 126 36 36 0.096584
630 459 9 36 36 4.930027
630 459 18 36 36 5.829417
630 459 27 36 36 2.444545
630 128 128 32 32 1.382737
630 176 152 32 32 0.911744
630 192 152 32 32 3.574127
630 112 126 28 28 1.214351
630 126 126 28 28 1.796225
630 126 133 28 28 0.173204
630 462 0 28 28 3.290241
630 462 7 28 28 1.266895
630 469 0 28 28 3.214666
630 469 7 28 28 0.864671
630 469 133 28 28 0.490284
660 0 0 64 64 1.653348
660 0 16 64 64 3.170296
660 0 32 64 64 6.031947
660 0 48 64 64 3.009179
660 16 16 64 64 5.661468
660 16 32 64 64 6.525665
660 16 48 64 64 3.449254
660 32 32 64 64 1.748183
660 32 48 64 64 2.696113
660 48 32 64 64 1.680226
660 48 48 64 64 3.997097
660 288 32 64 64 0.076507
660 352 48 64 64 0.252704
660 408 12 48 48 1.071482
660 408 24 48 48 0.395845
660 408 12 48 48 1.071482
660 408 24 48 48 0.395845
660 363 22 44 44 1.121960
660 363 33 44 44 0.153106
660 374 33 44 44 0.111288
660 160 140 40 40 3.350876
660 170 140 40 40 1.863768
660 180 140 40 40 1.482930
660 153 144 36 36 1.993233
660 162 144 36 36 6.658661
660 162 153 36 36 0.963949
660 198 153 36 36 0.662261
660 297 126 36 36 0.454557
660 306 126 36 36 2.807779
660 315 126 36 36 1.265473
660 432 27 36 36 3.436131
660 441 27 36 36 1.089554
660 450 0 36 36 3.459845
660 450 9 36 36 0.979315
660 459 0 36 36 6.117105
660 459 9 36 36 2.782422
660 459 18 36 36 1.305089
660 176 152 32 32 3.606354
660 462 21 28 28 1.340926
660 469 21 28 28 6.417449
660 192 192 24 24 0.627350
660 402 84 24 24 2.538631
690 0 16 64 64 2.070420
690 0 32 64 64 3.266027
690 0 48 64 64 4.484869
690 16 48 64 64 2.353092
690 32 48 64 64 1.211691
690 352 48 64 64 2.509366
690 408 0 48 48 3.731607
690 408 12 48 48 3.263288
690 408 24 48 48 1.444602
690 420 0 48 48 10.676860
690 420 12 48 48 7.440336
690 420 24 48 48 0.102088
690 408 0 48 48 3.731607
690 408 12 48 48 3.263288
690 408 24 48 48 1.444602
690 420 0 48 48 10.676860
690 420 12 48 48 7.440336
690 420 24 48 48 0.102088
690 363 11 44 44 0.938451
690 363 22 44 44 1.288615
690 374 22 44 44 2.953587
690 374 33 44 44 0.176831
690 160 140 40 40 0.854361
690 144 144 36 36 7.211761
690 144 153 36 36 2.053797
690 153 144 36 36 5.634736
690 153 153 36 36 2.301579
690 162 144 36 36 3.357242
690 162 153 36 36 0.022479
690 216 144 36 36 0.151862
690 441 18 36 36 0.362291
690 450 18 36 36 1.743937
690 8 128 32 32 0.264706
690 144 152 32 32 0.821835
690 176 152 32 32 0.165229
690 402 84 24 24 3.616768
690 498 18 24 24 1.649516
720 0 32 64 64 5.118143
720 0 48 64 64 4.865280
720 16 32 64 64 1.176547
720 16 48 64 64 2.295015
720 32 32 64 64 1.985901
720 48 32 64 64 1.550631
720 384 0 48 48 2.171009
720 396 12 48 48 0.504688
720 384 0 48 48 2.171009
720 396 12 48 48 0.504688
720 363 0 44 44 0.043349
720 374 0 44 44 0.162710
720 374 11 44 44 0.234756
720 385 0 44 44 0.203802
720 160 140 40 40 2.339044
720 170 140 40 40 0.398045
720 144 144 36 36 7.132164
720 144 153 36 36 2.397602
720 153 144 36 36 8.136617
720 153 153 36 36 2.757987
720 162 144 36 36 4.659680
720 162 153 36 36 1.564904
720 297 126 36 36 1.410590
720 306 144 36 36 0.381513
720 0 128 32 32 2.779543
720 0 136 32 32 0.992558
720 176 144 32 32 0.902385
720 176 152 32 32 3.127411
720 264 16 32 32 1.600026
720 272 16 32 32 0.952954
720 18 12 24 24 0.870463
750 0 16 64 64 2.930181
750 0 32 64 64 5.046588
750 0 48 64 64 3.123176
750 16 16 64 64 1.261840
750 16 32 64 64 2.270985
750 420 0 48 48 0.478175
750 420 0 48 48 0.478175
750 160 140 40 40 5.995451
750 170 140 40 40 4.520471
750 180 140 40 40 2.799573
750 240 140 40 40 0.559521
750 153 144 36 36 4.233501
750 153 153 36 36 0.473686
750 162 144 36 36 6.596993
750 162 153 36 36 3.672172
750 306 144 36 36 4.014714
750 315 144 36 36 7.420386
750 432 18 36 36 2.947610
750 432 27 36 36 3.472810
750 441 18 36 36 0.724654
750 441 27 36 36 0.665795
750 450 18 36 36 1.656355
750 450 27 36 36 5.264040
750 176 152 32 32 4.210705
750 272 8 32 32 1.659444
750 280 8 32 32 1.550998
750 0 133 28 28 1.093822
750 7 126 28 28 0.157920
750 7 133 28 28 1.225192
750 112 21 28 28 5.363050
750 192 192 24 24 1.242005
750 300 12 24 24 2.356703
750 300 18 24 24 2.740042
750 306 18 24 24 2.178564
750 384 114 24 24 4.028539
750 390 114 24 24 3.034432
780 0 140 40 40 1.264864
780 10 140 40 40 2.593335
780 20 140 40 40 0.961407
780 160 140 40 40 5.180905
780 170 140 40 40 0.504313
780 320 140 40 40 4.396377
780 330 140 40 40 2.261384
780 9 153 36 36 1.204780
780 18 144 36 36 1.369482
780 18 153 36 36 2.754060
780 27 144 36 36 0.111190
780 144 144 36 36 1.512209
780 144 153 36 36 1.562553
780 153 144 36 36 3.707291
780 153 153 36 36 3.809531
780 153 162 36 36 0.982776
780 162 144 36 36 3.083976
780 162 153 36 36 5.518750
780 162 162 36 36 1.592144
780 306 144 36 36 0.373840
780 315 144 36 36 5.845477
780 315 153 36 36 0.425683
780 432 18 36 36 1.994991
780 441 9 36 36 3.719148
780 441 18 36 36 4.222436
780 450 9 36 36 0.559539
780 450 18 36 36 3.728789
780 450 27 36 36 0.122506
780 459 9 36 36 1.289945
780 459 18 36 36 3.092694
780 459 27 36 36 0.093772
780 24 136 32 32 1.194771
780 24 152 32 32 1.399510
780 272 0 32 32 0.458661
780 280 0 32 32 0.390810
780 280 112 32 32 1.082002
780 126 119 28 28 2.835623
780 126 126 28 28 2.481917
780 108 18 24 24 6.719011
780 192 192 24 24 0.811160
780 384 108 24 24 0.652268
780 384 114 24 24 1.972934
780 390 108 24 24 3.999188
780 390 114 24 24 5.451341
780 396 108 24 24 3.496682
780 396 114 24 24 7.104095
780 402 108 24 24 2.791044
780 402 114 24 24 3.189378
810 320 160 40 40 0.234243
810 330 140 40 40 4.316883
810 340 140 40 40 5.915993
810 350 140 40 40 3.999593
810 144 162 36 36 0.919410
810 144 171 36 36 3.515866
810 153 153 36 36 1.149115
810 153 162 36 36 4.182933
810 153 171 36 36 4.304400
810 162 171 36 36 3.329374
810 450 9 36 36 1.820668
810 459 0 36 36 2.429662
810 459 9 36 36 6.133216
810 459 18 36 36 1.257195
810 24 128 32 32 0.520792
810 168 119 28 28 1.161190
810 231 0 28 28 0.374946
810 231 7 28 28 1.752323
810 102 6 24 24 5.393790
810 102 12 24 24 5.278885
810 102 18 24 24 0.635378
810 108 0 24 24 3.840412
810 108 6 24 24 9.020784
810 108 12 24 24 6.922246
810 108 18 24 24 0.636445
810 288 210 24 24 0.275078
810 300 12 24 24 0.407215
810 396 102 24 24 1.895807
810 396 108 24 24 4.867328
810 396 114 24 24 2.107565
810 402 102 24 24 3.818791
810 402 108 24 24 5.577664
810 402 114 24 24 0.877298
840 352 154 44 44 2.007529
840 363 154 44 44 3.408803
840 374 154 44 44 0.537455
840 340 140 40 40 1.634223
840 350 140 40 40 2.116660
840 350 160 40 40 0.079848
840 350 170 40 40 0.839804
840 350 180 40 40 0.920077
840 154 224 28 28 1.039822
840 168 126 28 28 3.033749
840 168 133 28 28 5.009816
840 231 0 28 28 0.034870
840 357 238 28 28 0.181065
840 96 0 24 24 4.411302
840 96 6 24 24 1.480928
840 102 0 24 24 7.848563
840 102 6 24 24 2.321547
840 108 0 24 24 2.864696
840 288 6 24 24 0.085427
840 306 0 24 24 0.285782
840 306 114 24 24 2.132044
840 396 204 24 24 1.955482
840 402 102 24 24 0.119977
840 402 198 24 24 1.285852
840 402 204 24 24 2.805783
870 16 16 64 64 0.166078
870 374 154 44 44 2.068683
870 385 154 44 44 4.139282
870 220 0 40 40 0.922304
870 136 112 32 32 0.559184
870 136 128 32 32 2.482539
870 144 112 32 32 3.857733
870 144 128 32 32 5.870043
870 384 136 32 32 2.366038
870 392 136 32 32 2.662383
870 392 144 32 32 0.919038
870 126 238 28 28 2.026788
870 126 245 28 28 3.267559
870 154 119 28 28 0.037893
870 154 126 28 28 2.491568
870 154 133 28 28 3.152862
870 168 133 28 28 3.290235
870 96 0 24 24 1.582380
870 102 0 24 24 2.275579
870 132 102 24 24 1.387426
870 132 108 24 24 2.673749
870 390 204 24 24 0.691128
870 396 204 24 24 2.675858
900 48 48 64 64 0.093888
900 288 0 64 64 0.627658
900 36 204 48 48 0.837058
900 408 168 48 48 2.535394
900 420 168 48 48 4.766146
900 36 204 48 48 0.837058
900 408 168 48 48 2.535394
900 420 168 48 48 4.766146
900 320 180 40 40 1.419989
900 144 126 36 36 3.908109
900 432 171 36 36 0.984309
900 441 171 36 36 1.182990
900 128 112 32 32 1.973632
900 128 128 32 32 5.535701
900 128 136 32 32 2.139984
900 128 256 32 32 0.062770
900 136 112 32 32 0.485102
900 136 128 32 32 3.560269
900 136 136 32 32 2.421682
900 144 128 32 32 5.812773
900 144 136 32 32 6.716932
900 144 144 32 32 0.115732
900 176 128 32 32 4.809338
900 176 136 32 32 2.275265
900 192 128 32 32 3.672289
900 192 136 32 32 3.535341
900 192 280 32 32 0.314928
900 256 136 32 32 1.427372
900 264 128 32 32 2.708483
900 264 136 32 32 0.957080
900 272 128 32 32 3.141655
900 272 136 32 32 1.847364
900 392 264 32 32 1.201369
900 392 272 32 32 0.064660
900 400 128 32 32 0.564189
900 400 136 32 32 1.084450
900 400 144 32 32 2.623859
900 400 272 32 32 0.206109
900 408 128 32 32 0.294603
900 408 136 32 32 2.148134
900 408 144 32 32 2.953486
900 408 152 32 32 1.336604
900 14 126 28 28 0.336748
900 14 133 28 28 0.362452
900 126 126 28 28 0.405108
900 126 133 28 28 3.263945
900 154 133 28 28 4.640771
900 168 133 28 28 2.135911
900 343 133 28 28 0.191358
900 448 224 28 28 1.533585
900 448 231 28 28 1.526208
900 448 238 28 28 1.383555
900 455 224 28 28 3.098938
900 455 231 28 28 3.394742
900 455 238 28 28 4.424154
900 462 224 28 28 2.950168
900 462 231 28 28 2.485095
900 102 96 24 24 2.015965
900 108 96 24 24 5.236313
900 108 102 24 24 0.637901
900 390 0 24 24 0.416755
930 288 0 64 64 2.087206
930 420 168 48 48 5.018258
930 420 168 48 48 5.018258
930 27 0 36 36 0.369939
930 144 126 36 36 3.716018
930 153 126 36 36 3.291754
930 162 126 36 36 2.635101
930 450 171 36 36 1.437937
930 24 128 32 32 2.762151
930 128 128 32 32 2.410714
930 128 136 32 32 1.577267
930 136 128 32 32 6.773104
930 136 136 32 32 7.869624
930 136 144 32 32 3.840617
930 144 128 32 32 7.078114
930 144 136 32 32 8.715776
930 144 144 32 32 3.898527
930 176 16 32 32 0.124115
930 176 128 32 32 4.935459
930 176 136 32 32 6.670452
930 192 16 32 32 0.789231
930 192 128 32 32 2.840576
930 192 136 32 32 7.076034
930 192 144 32 32 0.193605
930 256 136 32 32 1.225019
930 264 136 32 32 1.412003
930 272 128 32 32 1.660640
930 272 136 32 32 3.228561
930 280 136 32 32 1.304173
930 21 133 28 28 0.244771
930 119 133 28 28 1.533541
930 126 133 28 28 0.671656
930 336 224 28 28 0.240519
930 336 231 28 28 3.197015
930 336 238 28 28 3.774938
930 336 245 28 28 1.341366
930 462 224 28 28 0.407287
930 462 231 28 28 2.207851
930 462 238 28 28 2.044844
930 462 245 28 28 2.387174
930 469 224 28 28 1.714801
930 469 231 28 28 3.407455
930 469 238 28 28 3.935017
930 469 245 28 28 5.443612
930 96 96 24 24 0.716715
930 102 96 24 24 1.886533
930 390 0 24 24 0.508423
960 32 32 64 64 2.487688
960 32 48 64 64 1.715272
960 48 32 64 64 1.867256
960 48 48 64 64 2.339840
960 288 0 64 64 2.261447
960 11 176 44 44 0.861889
960 20 190 40 40 1.978837
960 0 126 36 36 3.203764
960 9 126 36 36 4.429172
960 18 126 36 36 2.073491
960 144 126 36 36 4.315620
960 153 126 36 36 5.481396
960 162 126 36 36 4.444829
960 198 126 36 36 0.989529
960 0 128 32 32 3.481774
960 0 136 32 32 0.152951
960 8 128 32 32 2.404575
960 8 136 32 32 1.955848
960 16 128 32 32 4.036805
960 16 136 32 32 4.734951
960 16 144 32 32 0.596496
960 24 128 32 32 5.349758
960 24 136 32 32 3.682951
960 128 128 32 32 3.923951
960 128 136 32 32 6.487618
960 128 144 32 32 3.641931
960 128 152 32 32 0.386923
960 136 128 32 32 1.604587
960 136 136 32 32 5.204641
960 136 144 32 32 3.025816
960 144 136 32 32 4.463713
960 144 144 32 32 0.354438
960 176 136 32 32 8.919207
960 176 144 32 32 4.158563
960 192 16 32 32 0.714189
960 192 24 32 32 1.986210
960 192 136 32 32 7.521723
960 192 144 32 32 3.805168
960 256 144 32 32 0.581468
960 264 144 32 32 0.668979
960 272 136 32 32 2.930714
960 272 144 32 32 2.231769
960 280 136 32 32 1.527644
960 280 144 32 32 2.462333
960 7 133 28 28 1.550605
960 14 133 28 28 3.077204
960 21 133 28 28 3.109762
960 112 133 28 28 0.103532
960 336 238 28 28 0.731383
960 336 245 28 28 0.339354
960 343 238 28 28 3.123359
960 343 245 28 28 4.493524
960 469 238 28 28 0.202454
960 96 0 24 24 1.209886
960 390 0 24 24 1.591771
990 32 32 64 64 2.481263
990 32 48 64 64 3.674178
990 48 32 64 64 1.367364
990 48 48 64 64 3.164303
990 288 0 64 64 1.278196
990 0 168 48 48 1.473490
990 12 168 48 48 0.083971
990 0 168 48 48 1.473490
990 12 168 48 48 0.083971
990 11 176 44 44 0.125533
990 10 190 40 40 0.712993
990 20 190 40 40 0.848686
990 0 126 36 36 1.191684
990 9 126 36 36 4.924405
990 18 126 36 36 1.349985
990 144 126 36 36 5.810705
990 153 126 36 36 5.901899
990 162 126 36 36 4.843736
990 432 306 36 36 0.010155
990 8 128 32 32 1.779763
990 8 136 32 32 2.188962
990 16 128 32 32 5.399516
990 16 136 32 32 5.974724
990 24 128 32 32 1.387956
990 24 136 32 32 3.662910
990 128 128 32 32 0.007798
990 128 136 32 32 4.269569
990 128 144 32 32 3.148651
990 128 152 32 32 3.810459
990 136 136 32 32 5.328736
990 136 144 32 32 2.103611
990 136 152 32 32 1.991256
990 144 136 32 32 4.573547
990 144 144 32 32 1.682312
990 176 136 32 32 7.109148
990 176 144 32 32 5.789650
990 176 152 32 32 0.912091
990 192 16 32 32 0.803620
990 192 24 32 32 2.822916
990 192 136 32 32 6.487276
990 192 144 32 32 5.437562
990 192 152 32 32 0.833282
990 256 144 32 32 1.371222
990 256 152 32 32 2.180019
990 264 144 32 32 0.857273
990 264 152 32 32 2.892746
990 272 144 32 32 1.592450
990 272 152 32 32 2.931348
990 280 144 32 32 3.463398
990 280 152 32 32 1.039868
990 21 133 28 28 0.564772
990 343 238 28 28 0.712708
990 343 245 28 28 2.050433
990 96 0 24 24 0.807049
990 390 0 24 24 0.357451
1020 32 32 64 64 2.141144
1020 32 48 64 64 3.311771
1020 48 32 64 64 0.772727
1020 48 48 64 64 2.677649
1020 288 0 64 64 0.122385
1020 385 176 44 44 0.322607
1020 0 126 36 36 1.910282
1020 9 126 36 36 3.551208
1020 27 0 36 36 0.814492
1020 144 126 36 36 5.110714
1020 153 126 36 36 5.541112
1020 162 126 36 36 3.416760
1020 8 136 32 32 2.971989
1020 16 128 32 32 2.889795
1020 16 136 32 32 5.234771
1020 24 136 32 32 2.399574
1020 128 136 32 32 4.937497
1020 128 144 32 32 4.016351
1020 128 152 32 32 3.896605
1020 136 136 32 32 5.353412
1020 136 144 32 32 2.540257
1020 136 152 32 32 1.169359
1020 144 136 32 32 4.144018
1020 144 144 32 32 2.919606
1020 176 136 32 32 5.681058
1020 176 144 32 32 9.161761
1020 176 152 32 32 2.052069
1020 192 24 32 32 2.702833
1020 192 136 32 32 4.108437
1020 192 144 32 32 7.187655
1020 192 152 32 32 3.018303
1020 256 144 32 32 0.431257
1020 256 152 32 32 1.287532
1020 264 144 32 32 0.282762
1020 264 152 32 32 0.467807
1020 272 144 32 32 1.655419
1020 272 152 32 32 1.492328
1020 280 144 32 32 3.048722
1020 280 152 32 32 0.250410
1020 343 238 28 28 0.153585
1020 343 245 28 28 0.865694
1020 96 0 24 24 2.072042
1050 32 32 64 64 1.184009
1050 32 48 64 64 3.441040
1050 48 48 64 64 2.912131
1050 288 0 64 64 0.032119
1050 385 176 44 44 0.108966
1050 30 0 40 40 0.002499
1050 0 126 36 36 2.205972
1050 9 126 36 36 5.291726
1050 18 126 36 36 0.620504
1050 27 0 36 36 0.427663
1050 27 9 36 36 0.020250
1050 144 126 36 36 5.335048
1050 153 126 36 36 5.982187
1050 162 126 36 36 3.850392
1050 8 128 32 32 0.786382
1050 8 136 32 32 2.639926
1050 16 128 32 32 4.606917
1050 16 136 32 32 6.799447
1050 16 144 32 32 0.018834
1050 24 136 32 32 3.838094
1050 128 136 32 32 3.880909
1050 128 144 32 32 4.367816
1050 128 152 32 32 3.827527
1050 136 136 32 32 3.044091
1050 136 144 32 32 4.643880
1050 136 152 32 32 3.074304
1050 144 136 32 32 2.765018
1050 144 144 32 32 5.040007
1050 144 152 32 32 0.526211
1050 176 24 32 32 0.654606
1050 176 136 32 32 3.869413
1050 176 144 32 32 8.411710
1050 176 152 32 32 1.350038
1050 192 16 32 32 0.163651
1050 192 24 32 32 3.624960
1050 192 136 32 32 1.818990
1050 192 144 32 32 7.384099
1050 192 152 32 32 4.302220
1050 256 152 32 32 1.363161
1050 264 152 32 32 0.547667
1050 272 144 32 32 1.400467
1050 272 152 32 32 1.505221
1050 280 144 32 32 3.250517
1050 280 152 32 32 1.493371
1050 343 238 28 28 0.466681
1050 343 245 28 28 1.466732
1050 96 0 24 24 3.194821
1050 390 6 24 24 1.214343
1050 396 0 24 24 0.286814
1080 32 32 64 64 0.010369
1080 32 48 64 64 2.559633
1080 48 48 64 64 2.176968
1080 30 0 40 40 0.495134
1080 0 126 36 36 2.062521
1080 9 126 36 36 5.070158
1080 144 126 36 36 5.184274
1080 153 126 36 36 5.499824
1080 162 126 36 36 2.655869
1080 198 144 36 36 0.307093
1080 8 136 32 32 2.134671
1080 16 128 32 32 4.142275
1080 16 136 32 32 6.627259
1080 16 144 32 32 2.639960
1080 24 136 32 32 3.222215
1080 24 144 32 32 2.032678
1080 128 136 32 32 3.824966
1080 128 144 32 32 3.994280
1080 128 152 32 32 2.757825
1080 136 136 32 32 3.354493
1080 136 144 32 32 4.438729
1080 136 152 32 32 1.669616
1080 144 136 32 32 2.312000
1080 144 144 32 32 4.252913
1080 176 136 32 32 4.125605
1080 176 144 32 32 9.839406
1080 176 152 32 32 3.593926
1080 192 24 32 32 1.804132
1080 192 144 32 32 7.952921
1080 192 152 32 32 5.671965
1080 256 152 32 32 1.698643
1080 264 152 32 32 0.655893
1080 272 144 32 32 1.443016
1080 272 152 32 32 1.597729
1080 280 144 32 32 3.128940
1080 280 152 32 32 1.810665
1080 21 133 28 28 0.136236
1080 343 238 28 28 0.480096
1080 343 245 28 28 2.467150
1080 96 0 24 24 4.255297
1080 390 6 24 24 0.246102
1110 32 48 64 64 2.213812
1110 48 48 64 64 2.267251
1110 288 16 64 64 0.121657
1110 30 0 40 40 0.970874
1110 0 126 36 36 2.162999
1110 9 126 36 36 5.522323
1110 144 126 36 36 4.509787
1110 144 144 36 36 0.262884
1110 153 126 36 36 5.305574
1110 162 126 36 36 1.495621
1110 198 144 36 36 0.613608
1110 8 136 32 32 2.810330
1110 8 144 32 32 0.183165
1110 16 128 32 32 4.117336
1110 16 136 32 32 7.225023
1110 16 144 32 32 3.136173
1110 24 136 32 32 3.380392
1110 24 144 32 32 2.125081
1110 128 136 32 32 1.924432
1110 128 144 32 32 3.548193
1110 128 152 32 32 3.093976
1110 136 136 32 32 1.085951
1110 136 144 32 32 5.247322
1110 136 152 32 32 3.724895
1110 144 136 32 32 0.786642
1110 144 144 32 32 5.997211
1110 144 152 32 32 1.703419
1110 176 136 32 32 1.955545
1110 176 144 32 32 8.833061
1110 176 152 32 32 3.536149
1110 192 24 32 32 1.713711
1110 192 144 32 32 6.562924
1110 192 152 32 32 4.007902
1110 256 152 32 32 1.246398
1110 264 152 32 32 0.902748
1110 272 144 32 32 2.168668
1110 272 152 32 32 1.372628
1110 280 144 32 32 3.202737
1110 280 152 32 32 2.313371
1110 343 245 28 28 2.260979
1110 96 0 24 24 5.811185
1110 390 6 24 24 1.634095
1140 32 48 64 64 2.381307
1140 48 48 64 64 2.360700
1140 0 168 48 48 1.116684
1140 0 168 48 48 1.116684
1140 0 187 44 44 0.314232
1140 385 176 44 44 0.655905
1140 10 190 40 40 0.336885
1140 30 0 40 40 0.605109
1140 144 126 36 36 3.700599
1140 153 126 36 36 3.994042
1140 198 144 36 36 2.260921
1140 216 144 36 36 0.424011
1140 128 136 32 32 2.002908
1140 128 144 32 32 3.086597
1140 128 152 32 32 2.483455
1140 136 136 32 32 0.829177
1140 136 144 32 32 5.002742
1140 136 152 32 32 2.735506
1140 144 136 32 32 0.772822
1140 144 144 32 32 5.031659
1140 144 152 32 32 0.388842
1140 176 136 32 32 0.281466
1140 176 144 32 32 9.854387
1140 176 152 32 32 4.630210
1140 192 24 32 32 0.394077
1140 192 144 32 32 8.086012
1140 192 152 32 32 4.902974
1140 256 152 32 32 0.963896
1140 264 152 32 32 1.189914
1140 272 144 32 32 2.398763
1140 272 152 32 32 1.862050
1140 280 144 32 32 3.460745
1140 280 152 32 32 3.271488
1140 343 245 28 28 1.804279
1140 96 0 24 24 7.433970
1140 96 6 24 24 0.700028
1140 390 6 24 24 1.158757
1170 32 48 64 64 2.001765
1170 48 48 64 64 2.365359
1170 11 187 44 44 0.394153
1170 385 176 44 44 0.710039
1170 30 0 40 40 0.547195
1170 0 126 36 36 1.863857
1170 9 126 36 36 4.492532
1170 144 126 36 36 3.855597
1170 153 126 36 36 4.023064
1170 198 144 36 36 2.574589
1170 216 144 36 36 0.317640
1170 8 136 32 32 1.849063
1170 8 144 32 32 2.527707
1170 16 128 32 32 2.507661
1170 16 136 32 32 6.127592
1170 16 144 32 32 4.950043
1170 24 136 32 32 2.253371
1170 24 144 32 32 3.228331
1170 128 136 32 32 2.401031
1170 128 144 32 32 3.229007
1170 128 152 32 32 2.732638
1170 136 136 32 32 0.945200
1170 136 144 32 32 5.166904
1170 136 152 32 32 3.369275
1170 144 136 32 32 0.733864
1170 144 144 32 32 5.032600
1170 144 152 32 32 0.827165
1170 176 144 32 32 9.972039
1170 176 152 32 32 4.772847
1170 192 24 32 32 0.482626
1170 192 144 32 32 7.842650
1170 192 152 32 32 4.976466
1170 256 152 32 32 1.117038
1170 264 152 32 32 1.268556
1170 272 144 32 32 1.835405
1170 272 152 32 32 1.256052
1170 280 144 32 32 2.746624
1170 280 152 32 32 2.771852
1170 343 245 28 28 1.442812
1170 96 0 24 24 7.783460
1170 96 6 24 24 1.068617
1170 390 6 24 24 1.001012
1170 402 108 24 24 0.584510
1170 402 114 24 24 0.312398
1200 32 48 64 64 2.429913
1200 48 48 64 64 2.203085
1200 288 16 64 64 1.018732
1200 384 168 48 48 0.262510
1200 384 168 48 48 0.262510
1200 11 187 44 44 0.549468
1200 385 176 44 44 3.019659
1200 30 0 40 40 0.043152
1200 220 0 40 40 0.035009
1200 0 126 36 36 1.157645
1200 9 126 36 36 4.643847
1200 144 126 36 36 2.937495
1200 144 144 36 36 1.343506
1200 153 126 36 36 3.402361
1200 153 144 36 36 1.122076
1200 162 144 36 36 1.172828
1200 198 144 36 36 1.117673
1200 0 144 32 32 0.105379
1200 8 136 32 32 3.380138
1200 8 144 32 32 2.764889
1200 16 128 32 32 2.340391
1200 16 136 32 32 7.136034
1200 16 144 32 32 5.234034
1200 24 136 32 32 2.783130
1200 24 144 32 32 3.518802
1200 128 136 32 32 0.110666
1200 128 144 32 32 3.168680
1200 128 152 32 32 3.484637
1200 136 144 32 32 5.685830
1200 136 152 32 32 4.175349
1200 144 144 32 32 5.599833
1200 144 152 32 32 2.691937
1200 176 144 32 32 7.997574
1200 176 152 32 32 4.572522
1200 192 24 32 32 1.002086
1200 192 144 32 32 6.820364
1200 192 152 32 32 4.863978
1200 256 152 32 32 2.160118
1200 264 152 32 32 1.855928
1200 272 152 32 32 1.787639
1200 280 144 32 32 0.206127
1200 280 152 32 32 3.130523
1200 231 7 28 28 0.248602
1200 343 245 28 28 0.878927
1200 96 0 24 24 6.565110
1200 96 6 24 24 0.851979
1200 390 6 24 24 0.421378
1230 32 48 64 64 2.138509
1230 48 48 64 64 2.482481
1230 288 16 64 64 0.027126
1230 11 187 44 44 0.405911
1230 385 176 44 44 1.271023
1230 30 0 40 40 1.201931
1230 0 126 36 36 2.250301
1230 9 126 36 36 4.865811
1230 144 126 36 36 4.054348
1230 153 126 36 36 4.409239
1230 198 144 36 36 2.772426
1230 216 144 36 36 1.105400
1230 8 136 32 32 2.022723
1230 8 144 32 32 2.070947
1230 16 128 32 32 2.797428
1230 16 136 32 32 6.593252
1230 16 144 32 32 5.069756
1230 24 136 32 32 2.603486
1230 24 144 32 32 3.426387
1230 128 136 32 32 1.813529
1230 128 144 32 32 2.723752
1230 128 152 32 32 2.285662
1230 136 136 32 32 0.607648
1230 136 144 32 32 4.493787
1230 136 152 32 32 2.379645
1230 144 136 32 32 0.379729
1230 144 144 32 32 4.839026
1230 144 152 32 32 0.056885
1230 176 144 32 32 9.644869
1230 176 152 32 32 4.604812
1230 192 24 32 32 0.900819
1230 192 144 32 32 7.889524
1230 192 152 32 32 5.133787
1230 256 152 32 32 0.885772
1230 264 152 32 32 1.074417
1230 272 144 32 32 0.877698
1230 272 152 32 32 1.627054
1230 280 144 32 32 1.794657
1230 280 152 32 32 2.802466
1230 343 245 28 28 1.101943
1230 96 0 24 24 7.081412
1230 96 6 24 24 0.217656
1230 390 6 24 24 1.493534
1260 32 48 64 64 2.185816
1260 48 48 64 64 2.487568
1260 11 187 44 44 1.039330
1260 30 0 40 40 1.505380
1260 0 126 36 36 2.037913
1260 9 126 36 36 4.968369
1260 144 126 36 36 3.883084
1260 153 126 36 36 4.294747
1260 198 144 36 36 2.394703
1260 216 144 36 36 0.693215
1260 8 136 32 32 2.100265
1260 8 144 32 32 2.230705
1260 16 128 32 32 2.669933
1260 16 136 32 32 6.702286
1260 16 144 32 32 5.141782
1260 24 136 32 32 2.358526
1260 24 144 32 32 3.385565
1260 128 136 32 32 1.702871
1260 128 144 32 32 2.463730
1260 128 152 32 32 2.552757
1260 136 136 32 32 0.143508
1260 136 144 32 32 3.901637
1260 136 152 32 32 2.732439
1260 144 136 32 32 0.221983
1260 144 144 32 32 4.331593
1260 144 152 32 32 0.206586
1260 176 136 32 32 0.300537
1260 176 144 32 32 10.016928
1260 176 152 32 32 4.599992
1260 192 24 32 32 0.654639
1260 192 144 32 32 8.016856
1260 192 152 32 32 4.712744
1260 256 152 32 32 0.726199
1260 264 152 32 32 0.822208
1260 272 152 32 32 0.511039
1260 280 144 32 32 0.079866
1260 280 152 32 32 1.307547
1260 343 245 28 28 0.741118
1260 96 0 24 24 7.704776
1260 96 6 24 24 0.665642
1260 390 6 24 24 1.074753
1290 32 48 64 64 1.275174
1290 48 48 64 64 2.752943
1290 288 16 64 64 0.152803
1290 11 187 44 44 0.695256
1290 30 0 40 40 1.107088
1290 0 126 36 36 2.914264
1290 9 126 36 36 4.602270
1290 27 9 36 36 0.102368
1290 144 126 36 36 3.693733
1290 153 126 36 36 4.077070
1290 198 144 36 36 1.776536
1290 8 136 32 32 1.984537
1290 16 128 32 32 2.366479
1290 16 136 32 32 6.306255
1290 16 144 32 32 2.386027
1290 24 136 32 32 0.126600
1290 24 144 32 32 0.233332
1290 128 136 32 32 1.583370
1290 128 144 32 32 2.770801
1290 128 152 32 32 2.512783
1290 136 136 32 32 1.002376
1290 136 144 32 32 4.475949
1290 136 152 32 32 2.847744
1290 144 136 32 32 0.282375
1290 144 144 32 32 4.636495
1290 144 152 32 32 0.288997
1290 176 144 32 32 8.195699
1290 176 152 32 32 4.261445
1290 192 24 32 32 0.505908
1290 192 144 32 32 6.898248
1290 192 152 32 32 3.764858
1290 256 152 32 32 0.837399
1290 264 152 32 32 1.053049
1290 272 144 32 32 1.869674
1290 272 152 32 32 1.713493
1290 280 144 32 32 2.665359
1290 280 152 32 32 2.652982
1290 343 245 28 28 1.342273
1290 96 0 24 24 7.424003
1290 96 6 24 24 0.595594
1290 390 6 24 24 1.140811
1320 32 32 64 64 1.052734
1320 32 48 64 64 2.842184
1320 48 32 64 64 0.571713
1320 48 48 64 64 2.482106
1320 288 16 64 64 0.669071
1320 30 0 40 40 0.515532
1320 144 126 36 36 4.328760
1320 153 126 36 36 5.136112
1320 162 126 36 36 1.249670
1320 198 144 36 36 1.632791
1320 128 136 32 32 1.873263
1320 128 144 32 32 3.399196
1320 128 152 32 32 2.283277
1320 136 136 32 32 1.052901
1320 136 144 32 32 5.197993
1320 136 152 32 32 3.143532
1320 144 136 32 32 1.460816
1320 144 144 32 32 5.822895
1320 144 152 32 32 0.928896
1320 176 136 32 32 0.960165
1320 176 144 32 32 9.269644
1320 176 152 32 32 5.025168
1320 192 24 32 32 2.262647
1320 192 144 32 32 6.798546
1320 192 152 32 32 4.411641
1320 256 152 32 32 0.957642
1320 264 152 32 32 0.947788
1320 272 144 32 32 2.595928
1320 272 152 32 32 1.265905
1320 280 144 32 32 3.503792
1320 280 152 32 32 2.179807
1320 96 0 24 24 6.527705
1320 390 6 24 24 1.454611
1350 48 48 64 64 0.355399
1350 288 16 64 64 0.160985
1350 408 168 48 48 2.502157
1350 420 168 48 48 7.583249
1350 408 168 48 48 2.502157
1350 420 168 48 48 7.583249
1350 9 126 36 36 3.737639
1350 18 126 36 36 2.853571
1350 144 126 36 36 2.982527
1350 153 126 36 36 3.529384
1350 162 126 36 36 4.036242
1350 198 306 36 36 0.056296
1350 16 136 32 32 0.648645
1350 16 144 32 32 0.005048
1350 24 136 32 32 0.528431
1350 128 136 32 32 4.386480
1350 128 144 32 32 5.045554
1350 128 152 32 32 4.076392
1350 136 136 32 32 3.505400
1350 136 144 32 32 5.423392
1350 136 152 32 32 5.660989
1350 144 136 32 32 3.212359
1350 144 144 32 32 6.942139
1350 144 152 32 32 3.037871
1350 176 136 32 32 1.298056
1350 176 144 32 32 7.279258
1350 176 152 32 32 1.641301
1350 192 24 32 32 1.981734
1350 192 144 32 32 5.337671
1350 192 152 32 32 3.682729
1350 256 152 32 32 1.720573
1350 264 152 32 32 1.187528
1350 272 144 32 32 0.612869
1350 272 152 32 32 2.415562
1350 280 144 32 32 0.010865
1350 280 152 32 32 1.628610
1350 384 112 32 32 0.631049
1350 408 136 32 32 0.111456
1350 408 144 32 32 1.477013
1350 408 152 32 32 2.377304
1350 455 231 28 28 0.664450
1350 455 238 28 28 2.346410
1350 455 245 28 28 2.436487
1350 462 231 28 28 0.887298
1350 462 238 28 28 1.745444
1350 462 245 28 28 0.889903
1350 469 245 28 28 2.465462
1350 96 0 24 24 4.733513
1350 390 6 24 24 1.919900
1380 32 48 64 64 3.735826
1380 384 168 48 48 5.362729
1380 396 168 48 48 3.373453
1380 384 168 48 48 5.362729
1380 396 168 48 48 3.373453
1380 352 154 44 44 5.945961
1380 363 154 44 44 4.871710
1380 374 154 44 44 3.661459
1380 374 176 44 44 1.248935
1380 385 154 44 44 6.523787
1380 385 176 44 44 5.356661
1380 10 0 40 40 3.338946
1380 10 10 40 40 1.045526
1380 20 0 40 40 1.337759
1380 20 10 40 40 1.234463
1380 30 0 40 40 0.876540
1380 30 10 40 40 0.788884
1380 220 10 40 40 0.195741
1380 144 126 36 36 1.609715
1380 144 144 36 36 2.557549
1380 153 126 36 36 0.570273
1380 162 126 36 36 0.170217
1380 315 126 36 36 0.874065
1380 128 136 32 32 1.300146
1380 128 144 32 32 3.806145
1380 128 152 32 32 3.055109
1380 128 264 32 32 0.768136
1380 136 128 32 32 2.188681
1380 136 136 32 32 4.184134
1380 136 144 32 32 3.791325
1380 136 152 32 32 2.164957
1380 144 136 32 32 1.983937
1380 144 144 32 32 2.790883
1380 144 152 32 32 2.899888
1380 176 144 32 32 1.177852
1380 192 144 32 32 0.526509
1380 256 152 32 32 2.367238
1380 384 144 32 32 0.988095
1380 384 152 32 32 3.945805
1380 392 144 32 32 0.204954
1380 392 152 32 32 2.007854
1380 231 7 28 28 0.056255
1380 231 14 28 28 0.533392
1380 96 0 24 24 3.484602
1380 96 108 24 24 1.699688
1380 288 12 24 24 0.395374
1380 384 288 24 24 1.259972
1380 390 288 24 24 0.503961
1380 390 294 24 24 1.000354
1410 16 32 64 64 1.622052
1410 32 32 64 64 0.494863
1410 32 48 64 64 0.724724
1410 48 48 64 64 2.304835
1410 352 154 44 44 9.614528
1410 363 154 44 44 7.199144
1410 374 154 44 44 3.926960
1410 340 140 40 40 0.298684
1410 340 160 40 40 5.716412
1410 350 140 40 40 3.821090
1410 350 160 40 40 10.637706
1410 350 170 40 40 4.556296
1410 27 9 36 36 0.930231
1410 27 18 36 36 0.906418
1410 144 126 36 36 1.157096
1410 306 126 36 36 0.348446
1410 144 128 32 32 0.494330
1410 231 7 28 28 1.650717
1410 231 14 28 28 1.886795
1410 336 133 28 28 1.032998
1410 448 112 28 28 2.857114
1410 384 204 24 24 1.165443
1410 390 198 24 24 2.511242
1410 390 204 24 24 4.757197
1410 390 210 24 24 3.351104
1410 396 6 24 24 1.017787
1410 396 12 24 24 0.379206
1410 396 204 24 24 2.390474
1410 396 210 24 24 3.268471
1410 498 192 24 24 0.001371
1440 16 32 64 64 1.293608
1440 16 48 64 64 0.063143
1440 32 32 64 64 0.450965
1440 32 48 64 64 0.764145
1440 0 0 40 40 0.170859
1440 10 0 40 40 0.624092
1440 20 10 40 40 0.709192
1440 320 140 40 40 0.692069
1440 330 140 40 40 5.700650
1440 330 160 40 40 6.234967
1440 340 140 40 40 1.572163
1440 340 160 40 40 8.709584
1440 340 170 40 40 2.367946
1440 350 160 40 40 5.840601
1440 350 170 40 40 3.534882
1440 144 144 36 36 0.157927
1440 153 126 36 36 1.837328
1440 153 144 36 36 0.480574
1440 315 126 36 36 3.163531
1440 154 224 28 28 3.748288
1440 384 198 24 24 0.723138
1440 384 204 24 24 1.285851
1440 384 210 24 24 0.804970
1440 396 0 24 24 0.170516
1440 402 0 24 24 2.583940
1440 402 6 24 24 1.336875
1470 288 48 64 64 2.014864
1470 0 0 44 44 0.824868
1470 11 0 44 44 0.284788
1470 320 140 40 40 5.404941
1470 330 140 40 40 2.347933
1470 144 162 36 36 2.477125
1470 144 171 36 36 3.927261
1470 153 171 36 36 2.474434
1470 315 144 36 36 3.808544
1470 315 153 36 36 3.375446
1470 315 162 36 36 0.169224
1470 102 84 24 24 0.366856
1500 48 32 64 64 0.827988
1500 352 32 64 64 0.902453
1500 160 160 40 40 2.524808
1500 160 170 40 40 1.226167
1500 240 160 40 40 0.037979
1500 320 140 40 40 3.333820
1500 9 144 36 36 0.350683
1500 144 162 36 36 2.685853
1500 144 171 36 36 9.044640
1500 153 162 36 36 4.091770
1500 153 171 36 36 8.423377
1500 162 162 36 36 2.588751
1500 162 171 36 36 5.813656
1500 315 144 36 36 6.226530
1500 315 153 36 36 6.592299
1500 432 126 36 36 0.747473
1500 441 126 36 36 2.296992
1500 450 126 36 36 3.019643
1500 459 126 36 36 0.062014
1530 32 32 64 64 1.130080
1530 32 48 64 64 2.277574
1530 48 32 64 64 3.201410
1530 48 48 64 64 3.785140
1530 256 16 64 64 1.669613
1530 256 32 64 64 0.211097
1530 272 16 64 64 2.557112
1530 272 32 64 64 1.618732
1530 288 16 64 64 3.709361
1530 288 32 64 64 1.522785
1530 160 160 40 40 0.961859
1530 144 144 36 36 0.826793
1530 144 153 36 36 3.388132
1530 144 162 36 36 7.836421
1530 144 171 36 36 4.888887
1530 153 153 36 36 4.400557
1530 153 162 36 36 10.920902
1530 153 171 36 36 6.420511
1530 162 153 36 36 0.624554
1530 162 162 36 36 3.978408
1530 162 171 36 36 1.975599
1530 306 144 36 36 2.400665
1530 128 152 32 32 2.068670
1560 0 48 64 64 1.044672
1560 288 48 64 64 0.645406
1560 30 140 40 40 3.307853
1560 160 140 40 40 2.550024
1560 170 140 40 40 1.407164
1560 220 30 40 40 2.129871
1560 153 153 36 36 2.152122
1560 153 162 36 36 2.172407
1560 162 144 36 36 0.896994
1560 162 153 36 36 4.557203
1560 162 162 36 36 3.222115
1560 448 98 28 28 1.249942
1560 192 192 24 24 1.430439
1560 192 198 24 24 3.809226
1590 20 10 40 40 0.595302
1590 160 140 40 40 1.292699
1590 220 20 40 40 0.708406
1590 220 30 40 40 1.694212
1590 9 18 36 36 0.120626
1590 18 18 36 36 0.269156
1590 27 18 36 36 2.319120
1590 144 144 36 36 0.430014
1590 153 144 36 36 4.558877
1590 153 153 36 36 3.127864
1590 162 144 36 36 3.336683
1590 162 153 36 36 3.041141
1590 297 153 36 36 0.196096
1590 432 153 36 36 0.665831
1590 0 144 32 32 0.891891
1590 0 152 32 32 0.892441
1590 128 136 32 32 1.673158
1590 128 144 32 32 4.623561
1590 128 152 32 32 2.269688
1590 136 136 32 32 2.357368
1590 136 144 32 32 5.383113
1590 136 152 32 32 1.952926
1590 144 144 32 32 0.184294
1590 168 7 28 28 1.892914
1590 350 21 28 28 0.647079
1590 350 126 28 28 3.634230
1590 357 119 28 28 1.100244
1590 357 126 28 28 2.455280
1590 357 133 28 28 0.176646
1590 96 192 24 24 2.333185
1590 96 198 24 24 2.978068
1590 96 204 24 24 0.691230
1590 102 192 24 24 3.391161
1590 102 198 24 24 1.941172
1590 102 204 24 24 0.769543
1590 192 192 24 24 0.779070
1590 492 84 24 24 1.561975
1620 256 0 64 64 1.754844
1620 256 16 64 64 2.551883
1620 256 32 64 64 2.608005
1620 272 0 64 64 2.592269
1620 272 16 64 64 3.730804
1620 272 32 64 64 0.711732
1620 176 0 44 44 2.527441
1620 187 0 44 44 4.406195
1620 187 11 44 44 5.905481
1620 198 0 44 44 4.201365
1620 198 11 44 44 5.578935
1620 220 10 40 40 0.549824
1620 240 0 40 40 1.761456
1620 27 162 36 36 0.647813
1620 144 144 36 36 4.443479
1620 144 153 36 36 4.287083
1620 153 144 36 36 4.614696
1620 153 153 36 36 5.133813
1620 162 144 36 36 2.212137
1620 162 153 36 36 3.223667
1620 216 27 36 36 3.830990
1620 459 144 36 36 4.646205
1620 459 153 36 36 1.973307
1620 192 0 32 32 0.552683
1620 256 0 32 32 2.588637
1620 256 8 32 32 3.743506
1620 384 136 32 32 1.319699
1620 0 98 28 28 5.269783
1620 7 98 28 28 0.557299
1620 336 126 28 28 2.733030
1620 343 7 28 28 0.760299
1620 343 126 28 28 3.554085
1620 350 7 28 28 3.183568
1620 350 14 28 28 3.027921
1620 350 119 28 28 1.001388
1620 350 126 28 28 6.152818
1620 350 133 28 28 1.319022
1620 357 7 28 28 3.750726
1620 357 119 28 28 6.949069
1620 357 126 28 28 6.900826
1620 357 133 28 28 0.180563
1620 0 96 24 24 0.940349
1620 0 102 24 24 0.487378
1620 0 108 24 24 3.557851
1620 0 114 24 24 2.846971
1620 6 108 24 24 1.579409
1620 6 114 24 24 1.725361
1620 210 6 24 24 1.145969
1620 288 114 24 24 0.742179
1620 384 12 24 24 3.819058
1620 384 18 24 24 1.377879
1620 390 12 24 24 0.147615
1650 256 16 64 64 3.143051
1650 256 32 64 64 2.872803
1650 272 16 64 64 0.246950
1650 272 32 64 64 1.781868
1650 288 32 64 64 1.406768
1650 192 0 48 48 0.777377
1650 192 0 48 48 0.777377
1650 198 0 44 44 4.379162
1650 198 11 44 44 1.037879
1650 160 140 40 40 0.244426
1650 144 162 36 36 0.302947
1650 153 144 36 36 1.125746
1650 153 153 36 36 1.369982
1650 153 162 36 36 4.740313
1650 153 171 36 36 1.443107
1650 162 162 36 36 3.587856
1650 162 171 36 36 3.048093
1650 459 9 36 36 0.641938
1650 350 126 28 28 1.852338
1650 350 133 28 28 0.611195
1650 357 119 28 28 0.699499
1650 357 126 28 28 6.653177
1650 357 133 28 28 6.660132
1650 144 114 24 24 2.058397
1650 384 0 24 24 2.354327
1650 384 6 24 24 1.287014
1650 384 12 24 24 3.145864
1650 390 12 24 24 0.277506
1680 272 16 64 64 4.487449
1680 272 32 64 64 2.007922
1680 288 16 64 64 1.101229
1680 352 16 64 64 0.510234
1680 153 171 36 36 1.072448
1680 128 144 32 32 3.710932
1680 128 152 32 32 0.983784
1680 136 144 32 32 0.022598
1680 384 128 32 32 1.688774
1680 126 112 28 28 1.820880
1680 343 126 28 28 0.662890
1680 343 133 28 28 0.585450
1680 350 126 28 28 0.542161
1680 350 133 28 28 1.598429
1680 357 126 28 28 2.575846
1680 357 133 28 28 3.348949
1680 132 12 24 24 0.734131
1680 132 18 24 24 0.130044
1680 132 114 24 24 0.481596
1680 144 114 24 24 1.700369
1710 272 16 64 64 0.932462
1710 288 16 64 64 6.276189
1710 288 32 64 64 3.718142
1710 0 140 40 40 1.163970
1710 10 140 40 40 0.490111
1710 9 153 36 36 1.959293
1710 18 153 36 36 2.207047
1710 153 162 36 36 0.669003
1710 128 136 32 32 0.394654
1710 384 128 32 32 9.074196
1710 384 136 32 32 0.696116
1710 392 112 32 32 3.166179
1710 392 128 32 32 8.475161
1710 392 136 32 32 1.285361
1710 400 112 32 32 3.394368
1710 400 128 32 32 7.753011
1710 400 136 32 32 1.952968
1710 408 128 32 32 5.670458
1710 126 98 28 28 1.244287
1710 357 126 28 28 1.818100
1710 357 133 28 28 0.324676
1710 462 133 28 28 0.878047
1710 108 0 24 24 3.430585
1710 132 108 24 24 5.087365
1710 132 114 24 24 2.452698
1710 486 306 24 24 0.264888
1710 492 96 24 24 1.559047
1710 492 102 24 24 0.286093
1710 492 306 24 24 0.839189
1710 498 96 24 24 1.387116
1710 498 306 24 24 1.242541
1740 192 0 48 48 0.854343
1740 192 0 48 48 0.854343
1740 198 11 44 44 1.932847
1740 160 140 40 40 0.967863
1740 180 140 40 40 0.414209
1740 432 126 36 36 1.432387
1740 136 152 32 32 0.552804
1740 384 128 32 32 2.896565
1740 392 128 32 32 1.169508
1740 400 136 32 32 0.129914
1740 408 112 32 32 0.896498
1740 408 128 32 32 5.283165
1740 408 136 32 32 5.558996
1740 408 144 32 32 2.349188
1740 14 112 28 28 4.714818
1740 21 112 28 28 3.869961
1740 119 98 28 28 3.722771
1740 126 98 28 28 1.366968
1740 126 112 28 28 0.935258
1740 126 119 28 28 1.638874
1740 357 126 28 28 1.596765
1740 357 133 28 28 4.737282
1740 132 108 24 24 0.250205
1740 132 114 24 24 2.080906
1740 198 198 24 24 3.566385
1740 198 204 24 24 1.074624
1740 204 192 24 24 1.700954
1740 204 198 24 24 2.249492
1770 22 154 44 44 3.634026
1770 352 198 44 44 0.264467
1770 30 160 40 40 3.636009
1770 160 140 40 40 5.949870
1770 170 140 40 40 8.357358
1770 180 140 40 40 3.947955
1770 240 140 40 40 0.415370
1770 162 144 36 36 0.791168
1770 198 162 36 36 0.136373
1770 176 152 32 32 0.672959
1770 192 152 32 32 2.457486
1770 384 128 32 32 4.430497
1770 384 136 32 32 1.221954
1770 392 128 32 32 4.036839
1770 392 136 32 32 1.493034
1770 400 128 32 32 4.268628
1770 400 136 32 32 0.098663
1770 408 128 32 32 2.947749
1770 112 119 28 28 1.003774
1770 119 119 28 28 2.585404
1770 126 119 28 28 1.993035
1770 168 112 28 28 2.106804
1770 168 119 28 28 5.152707
1770 168 126 28 28 2.260745
1770 168 133 28 28 1.475788
1770 96 198 24 24 1.673737
1770 96 204 24 24 3.474705
1770 96 210 24 24 3.004683
1770 102 198 24 24 1.510186
1770 102 204 24 24 1.820196
1770 102 210 24 24 3.082670
1770 108 210 24 24 0.594838
1770 132 192 24 24 0.231193
1770 204 192 24 24 5.553280
1770 204 198 24 24 2.278315
1770 210 192 24 24 3.296805
1800 16 48 64 64 1.326531
1800 160 140 40 40 4.228602
1800 170 140 40 40 6.660120
1800 180 140 40 40 3.404521
1800 220 30 40 40 1.169644
1800 144 126 36 36 7.857916
1800 153 126 36 36 5.411603
1800 153 144 36 36 0.525388
1800 162 144 36 36 1.746942
1800 198 144 36 36 0.965682
1800 198 153 36 36 1.071397
1800 176 152 32 32 0.667724
1800 192 152 32 32 1.591130
1800 256 152 32 32 0.976812
1800 264 152 32 32 0.994246
1800 280 144 32 32 0.198249
1800 384 128 32 32 0.095828
1800 168 119 28 28 2.117868
1800 343 126 28 28 3.189126
1800 343 133 28 28 1.252877
1800 350 126 28 28 1.605564
1800 350 133 28 28 2.918403
1800 448 126 28 28 0.336293
1800 204 192 24 24 4.296674
1800 210 192 24 24 2.904881
1830 396 24 48 48 0.407761
1830 396 24 48 48 0.407761
1830 160 140 40 40 0.998024
1830 170 140 40 40 4.424448
1830 180 140 40 40 3.858242
1830 144 126 36 36 4.930454
1830 153 126 36 36 5.785335
1830 198 144 36 36 1.619836
1830 216 18 36 36 0.421957
1830 176 144 32 32 1.413697
1830 176 152 32 32 4.789454
1830 192 144 32 32 0.482700
1830 192 152 32 32 4.712063
1830 384 112 32 32 2.614456
1830 384 128 32 32 1.441207
1830 384 136 32 32 3.499686
1830 392 128 32 32 0.938770
1830 392 136 32 32 4.240570
1830 400 112 32 32 0.376363
1830 408 112 32 32 1.496352
1830 0 245 28 28 0.825768
1830 112 119 28 28 1.927803
1830 112 126 28 28 0.130331
1830 119 119 28 28 3.033677
1830 119 126 28 28 2.549376
1830 119 133 28 28 1.036716
1830 126 119 28 28 2.020019
1830 126 126 28 28 0.542491
1830 343 133 28 28 0.014457
1830 350 133 28 28 0.928549
1830 357 126 28 28 0.338030
1830 96 108 24 24 0.088352
1830 96 114 24 24 1.650757
1830 102 114 24 24 0.111564
