30 256 0 64 64 1.834346
30 256 16 64 64 5.714616
30 128 112 32 32 0.504574
30 176 112 32 32 0.769398
30 192 112 32 32 0.052514
30 224 126 28 28 1.233541
30 224 133 28 28 1.285063
30 231 126 28 28 0.938131
60 16 16 64 64 0.301483
60 32 16 64 64 0.342268
60 48 0 64 64 0.206986
60 48 16 64 64 0.732232
60 48 32 64 64 0.854196
60 256 0 64 64 1.131090
60 297 18 36 36 3.677206
60 297 27 36 36 3.687821
60 306 18 36 36 6.854535
60 306 27 36 36 8.333065
60 315 18 36 36 2.704123
60 315 27 36 36 3.203762
60 0 112 32 32 0.452299
60 128 112 32 32 2.885029
60 128 128 32 32 2.511895
60 136 112 32 32 2.149589
60 192 112 32 32 1.339765
60 280 112 32 32 1.421649
60 119 126 28 28 0.169755
60 126 126 28 28 0.627318
60 126 133 28 28 0.395968
60 154 126 28 28 1.778707
60 224 126 28 28 0.284397
60 224 133 28 28 1.107857
90 16 16 64 64 0.722436
90 16 32 64 64 0.614275
90 32 16 64 64 4.864727
90 32 32 64 64 3.603267
90 48 16 64 64 2.756042
90 48 32 64 64 4.009600
90 256 0 64 64 7.469193
90 256 16 64 64 2.156384
90 272 0 64 64 2.119298
90 320 0 40 40 0.182592
90 297 9 36 36 0.267264
90 306 0 36 36 2.271260
90 306 9 36 36 5.675992
90 306 18 36 36 4.115599
90 306 27 36 36 4.186520
90 315 0 36 36 4.089006
90 315 9 36 36 8.753753
90 315 18 36 36 6.803567
90 315 27 36 36 3.672097
90 24 112 32 32 0.814517
90 128 112 32 32 0.520409
90 176 112 32 32 1.239760
90 192 112 32 32 0.976294
90 280 112 32 32 0.386689
90 384 128 32 32 0.842077
90 392 128 32 32 3.838487
90 21 126 28 28 0.626966
90 112 133 28 28 2.416304
90 119 133 28 28 2.152879
90 126 133 28 28 0.203330
90 336 14 28 28 0.064646
90 336 126 28 28 2.441174
90 336 133 28 28 2.609925
90 498 12 24 24 1.266274
120 320 0 40 40 7.856285
120 320 10 40 40 2.088797
120 306 0 36 36 0.354749
120 315 0 36 36 9.564644
120 315 9 36 36 6.246327
120 315 18 36 36 0.975329
120 0 128 32 32 4.786929
120 0 136 32 32 2.683196
120 8 128 32 32 2.955645
120 176 112 32 32 4.307865
120 192 112 32 32 1.624603
120 280 112 32 32 1.441536
120 384 128 32 32 8.645864
120 384 136 32 32 4.872129
120 392 128 32 32 1.704242
120 392 136 32 32 1.187752
120 0 133 28 28 3.125044
120 7 133 28 28 3.413261
120 14 133 28 28 2.054182
120 112 126 28 28 1.583167
120 336 0 28 28 2.547771
120 336 7 28 28 4.613805
120 336 14 28 28 3.417236
120 336 21 28 28 3.852753
120 336 126 28 28 1.369568
120 336 133 28 28 6.366197
120 343 0 28 28 2.395201
120 343 7 28 28 0.858703
120 343 133 28 28 2.071818
150 16 16 64 64 2.999418
150 32 0 64 64 2.256178
150 32 16 64 64 2.785104
150 48 0 64 64 1.717480
150 48 16 64 64 1.147097
150 352 16 64 64 2.731060
150 352 32 64 64 2.737331
150 330 0 40 40 4.857174
150 330 10 40 40 3.152625
150 340 0 40 40 0.398921
150 0 128 32 32 0.337233
150 176 112 32 32 3.591801
150 192 112 32 32 4.672314
150 384 128 32 32 3.691871
150 384 136 32 32 0.162537
150 392 128 32 32 8.770011
150 392 136 32 32 6.123855
150 400 128 32 32 4.337689
150 400 136 32 32 3.509935
150 0 126 28 28 4.544536
150 0 133 28 28 2.311841
150 7 126 28 28 0.680538
150 7 133 28 28 1.732158
150 112 119 28 28 0.726738
150 112 126 28 28 4.643204
150 112 133 28 28 5.145518
180 48 16 64 64 1.031525
180 0 112 32 32 3.711869
180 8 112 32 32 4.167891
180 16 112 32 32 2.861559
180 24 112 32 32 2.821676
180 24 128 32 32 0.310937
180 192 112 32 32 3.595339
180 272 112 32 32 0.474620
180 280 112 32 32 5.433533
180 0 119 28 28 0.069065
180 0 126 28 28 0.427292
180 7 119 28 28 0.846735
180 112 126 28 28 1.084618
180 336 126 28 28 2.124775
180 336 133 28 28 0.288964
180 343 126 28 28 0.645535
180 357 14 28 28 1.296976
210 16 112 32 32 1.759762
210 24 112 32 32 0.423952
210 176 112 32 32 1.930460
210 192 112 32 32 0.805249
210 280 112 32 32 0.034021
210 384 128 32 32 3.818281
210 384 136 32 32 5.074419
210 392 128 32 32 9.288154
210 392 136 32 32 5.704996
210 392 144 32 32 0.282616
210 400 128 32 32 3.553883
210 400 136 32 32 2.731313
210 408 136 32 32 1.712257
210 21 14 28 28 0.239762
210 21 126 28 28 0.609303
240 272 16 64 64 0.065940
240 432 126 36 36 1.851924
240 441 126 36 36 1.527474
240 450 126 36 36 0.574698
240 459 126 36 36 1.879300
240 24 112 32 32 0.325275
240 136 0 32 32 0.070573
240 176 8 32 32 0.580217
240 176 112 32 32 4.789780
240 192 112 32 32 1.283211
240 384 128 32 32 9.570764
240 384 136 32 32 7.902072
240 392 128 32 32 10.195211
240 392 136 32 32 7.330313
240 400 128 32 32 0.041863
240 112 126 28 28 4.001169
240 112 133 28 28 1.005526
240 119 126 28 28 0.018411
240 154 0 28 28 0.930527
240 154 7 28 28 0.891822
240 224 119 28 28 2.245476
240 224 126 28 28 2.283503
270 48 0 64 64 0.645827
270 272 16 64 64 0.445722
270 24 112 32 32 0.656514
270 176 112 32 32 0.987350
270 408 128 32 32 2.576894
270 112 119 28 28 0.194456
270 112 126 28 28 2.360165
270 112 133 28 28 3.584203
270 119 119 28 28 2.652125
270 119 126 28 28 4.355910
270 119 133 28 28 5.220331
270 126 112 28 28 1.402151
270 126 119 28 28 1.462669
270 168 126 28 28 0.740678
270 224 112 28 28 0.411297
270 224 119 28 28 3.760235
270 224 126 28 28 0.925395
270 350 126 28 28 3.086097
270 350 133 28 28 2.402585
300 16 16 64 64 0.185533
300 256 16 64 64 3.477795
300 256 32 64 64 2.368736
300 272 0 64 64 1.855336
300 272 16 64 64 7.048501
300 272 32 64 64 2.786425
300 288 0 64 64 1.057079
300 288 16 64 64 4.912501
300 288 32 64 64 2.893038
300 144 112 32 32 0.417598
300 392 128 32 32 2.369199
300 400 112 32 32 0.054380
300 400 128 32 32 5.096735
300 112 112 28 28 1.688735
300 119 112 28 28 3.986693
300 154 112 28 28 2.212524
300 154 119 28 28 5.097899
300 168 119 28 28 1.474757
300 224 112 28 28 0.762563
300 336 133 28 28 2.304530
300 343 126 28 28 1.007642
300 343 133 28 28 4.927479
300 350 133 28 28 3.565456
300 6 114 24 24 0.883630
300 96 114 24 24 0.177501
330 272 0 64 64 1.585205
330 288 0 64 64 2.189538
330 24 36 48 48 0.280089
330 36 36 48 48 1.794757
330 24 36 48 48 0.280089
330 36 36 48 48 1.794757
330 119 98 28 28 0.933863
330 119 112 28 28 1.211818
330 126 98 28 28 0.926347
330 154 98 28 28 3.002020
330 168 98 28 28 1.082955
330 96 108 24 24 0.438097
330 132 114 24 24 0.978105
330 204 108 24 24 0.302945
330 210 102 24 24 1.796454
330 210 108 24 24 0.573865
360 352 0 64 64 0.051820
360 0 36 48 48 0.427706
360 264 36 48 48 0.030036
360 0 36 48 48 0.427706
360 264 36 48 48 0.030036
360 14 98 28 28 1.164769
360 21 98 28 28 0.641272
360 96 108 24 24 3.627533
360 96 114 24 24 8.268111
360 102 108 24 24 0.208491
360 102 114 24 24 2.304183
360 288 108 24 24 2.557800
360 294 108 24 24 2.030965
360 480 0 24 24 1.958992
360 486 0 24 24 0.469160
390 176 33 44 44 1.119853
390 450 9 36 36 0.418084
390 459 0 36 36 0.665575
390 0 128 32 32 0.186963
390 0 98 28 28 4.299941
390 7 98 28 28 1.157376
390 7 112 28 28 3.364367
390 7 119 28 28 1.251001
390 7 126 28 28 5.817732
390 7 133 28 28 2.284728
390 14 112 28 28 3.331892
390 14 119 28 28 1.738480
390 14 126 28 28 3.800481
390 14 133 28 28 3.346395
390 21 98 28 28 0.771425
390 21 119 28 28 1.001887
390 112 98 28 28 1.339697
390 119 98 28 28 4.105325
390 126 98 28 28 4.060576
390 126 112 28 28 3.040137
390 126 119 28 28 0.045083
390 343 119 28 28 0.579362
390 350 112 28 28 5.861910
390 350 119 28 28 2.675634
390 357 112 28 28 4.253010
390 357 119 28 28 2.619014
390 448 119 28 28 0.042667
390 6 96 24 24 0.248845
390 6 102 24 24 1.948089
390 12 96 24 24 1.318867
390 12 102 24 24 1.905226
390 18 96 24 24 0.082836
390 18 102 24 24 1.052997
390 132 108 24 24 1.046229
390 132 114 24 24 5.579644
390 144 114 24 24 1.428378
390 204 96 24 24 0.046007
390 210 96 24 24 1.972066
390 288 102 24 24 1.576596
390 288 108 24 24 2.897681
390 294 102 24 24 4.705189
390 294 108 24 24 6.364284
390 300 102 24 24 0.318328
390 300 108 24 24 4.485717
390 306 108 24 24 0.686377
390 492 18 24 24 0.428134
420 0 0 64 64 2.385794
420 16 0 64 64 3.677449
420 32 0 64 64 0.316106
420 256 0 64 64 1.419422
420 272 0 64 64 1.860866
420 272 16 64 64 1.225877
420 288 0 64 64 0.637517
420 288 16 64 64 2.560735
420 0 98 28 28 1.235728
420 21 112 28 28 1.989787
420 343 119 28 28 0.145348
420 350 119 28 28 0.997800
420 357 119 28 28 2.013287
420 448 126 28 28 0.483984
420 448 133 28 28 0.346086
420 455 126 28 28 0.536274
420 455 133 28 28 2.863893
420 12 12 24 24 0.817660
420 18 12 24 24 1.967719
420 108 12 24 24 1.343150
420 204 18 24 24 0.617556
420 204 96 24 24 0.234374
420 204 102 24 24 0.539063
420 210 96 24 24 0.953583
420 288 108 24 24 0.488442
420 294 108 24 24 1.452005
420 300 102 24 24 0.007101
420 300 108 24 24 0.419465
450 12 36 48 48 0.484642
450 12 36 48 48 0.484642
450 0 112 32 32 1.261172
450 8 112 32 32 3.302826
450 16 112 32 32 7.340997
450 24 112 32 32 8.993384
450 0 112 28 28 3.270880
450 0 119 28 28 6.139481
450 7 112 28 28 4.641933
450 7 119 28 28 5.099228
450 14 112 28 28 3.230095
450 14 119 28 28 6.043478
450 21 112 28 28 5.690894
450 21 119 28 28 7.099420
450 21 126 28 28 5.527606
450 350 119 28 28 0.983194
450 448 133 28 28 5.153527
450 455 133 28 28 3.171169
450 462 133 28 28 0.303305
450 204 96 24 24 1.869445
450 210 96 24 24 6.756701
450 210 102 24 24 4.881736
450 306 108 24 24 0.235149
450 486 102 24 24 0.343972
480 32 0 64 64 2.294461
480 48 0 64 64 3.611624
480 48 16 64 64 0.168817
480 0 24 48 48 6.858925
480 0 36 48 48 8.034576
480 12 24 48 48 3.939763
480 12 36 48 48 4.924318
480 24 24 48 48 2.526677
480 24 36 48 48 2.443316
480 36 24 48 48 1.486033
480 36 36 48 48 1.348184
480 0 24 48 48 6.858925
480 0 36 48 48 8.034576
480 12 24 48 48 3.939763
480 12 36 48 48 4.924318
480 24 24 48 48 2.526677
480 24 36 48 48 2.443316
480 36 24 48 48 1.486033
480 36 36 48 48 1.348184
480 0 33 44 44 4.303952
480 11 33 44 44 6.174930
480 22 33 44 44 2.543324
480 33 33 44 44 1.305700
480 0 30 40 40 0.460552
480 10 30 40 40 1.363819
480 20 30 40 40 0.969213
480 469 133 28 28 2.761543
480 18 114 24 24 2.676094
480 192 102 24 24 1.338601
480 198 102 24 24 0.602986
480 198 108 24 24 0.707264
480 204 102 24 24 2.351938
480 204 108 24 24 0.358317
480 210 102 24 24 4.018707
480 210 108 24 24 1.531074
510 16 0 64 64 1.584220
510 32 0 64 64 3.974655
510 48 0 64 64 2.591707
510 24 36 48 48 0.266849
510 24 36 48 48 0.266849
510 170 30 40 40 0.626358
510 0 297 36 36 0.858314
510 9 297 36 36 1.996903
510 18 297 36 36 1.649392
510 18 306 36 36 0.227828
510 27 297 36 36 1.441505
510 21 112 28 28 2.874804
510 119 98 28 28 1.143968
510 119 112 28 28 0.981810
510 448 126 28 28 2.334714
510 448 133 28 28 0.820978
510 455 126 28 28 1.177711
510 462 133 28 28 1.539311
510 469 133 28 28 0.904881
510 0 96 24 24 0.286810
510 12 12 24 24 0.502973
510 96 114 24 24 2.158140
510 102 114 24 24 1.917650
510 144 96 24 24 0.867879
510 198 96 24 24 2.348098
510 204 84 24 24 0.248964
510 204 96 24 24 2.078805
510 210 84 24 24 0.519844
510 210 96 24 24 0.726861
510 402 114 24 24 1.601359
540 0 0 64 64 4.548410
540 0 16 64 64 2.505419
540 16 0 64 64 2.810011
540 32 0 64 64 1.089240
540 12 36 48 48 1.458422
540 24 36 48 48 3.303314
540 12 36 48 48 1.458422
540 24 36 48 48 3.303314
540 315 0 36 36 1.316503
540 14 112 28 28 1.104932
540 21 98 28 28 1.039531
540 21 112 28 28 2.420064
540 462 133 28 28 2.588537
540 469 133 28 28 0.179939
540 294 114 24 24 0.674423
540 492 114 24 24 0.972349
540 498 114 24 24 0.378693
570 272 0 64 64 0.445598
570 12 36 48 48 0.903652
570 12 36 48 48 0.903652
570 8 112 32 32 4.368306
570 16 112 32 32 3.458180
570 24 112 32 32 0.606447
570 0 112 28 28 1.124328
570 7 112 28 28 4.581064
570 14 112 28 28 4.365708
570 14 119 28 28 3.156372
570 21 112 28 28 6.730822
570 21 119 28 28 5.215610
570 21 126 28 28 2.806746
570 126 98 28 28 0.679294
570 132 108 24 24 1.308103
570 132 114 24 24 0.682578
600 0 16 64 64 2.995458
600 16 16 64 64 2.534117
600 16 32 64 64 0.353209
600 32 16 64 64 1.633087
600 48 0 64 64 2.449320
600 48 16 64 64 3.287429
600 272 0 64 64 1.162434
600 288 0 64 64 2.302287
600 272 112 32 32 2.067384
600 280 112 32 32 0.572607
600 0 112 28 28 3.235494
600 0 119 28 28 0.648593
600 7 112 28 28 0.869192
600 14 112 28 28 3.151326
600 21 112 28 28 4.260765
630 0 0 64 64 2.386465
630 0 16 64 64 0.424575
630 352 32 64 64 0.353492
630 0 112 32 32 0.965274
630 0 128 32 32 2.273917
630 24 128 32 32 2.787900
630 272 112 32 32 0.237764
630 280 112 32 32 0.257365
630 280 128 32 32 1.924626
630 0 126 28 28 3.631647
630 0 133 28 28 4.080775
630 7 126 28 28 3.725067
630 7 133 28 28 2.177822
630 14 126 28 28 3.165311
630 14 133 28 28 2.110915
630 21 133 28 28 0.359116
630 231 119 28 28 2.358523
630 336 119 28 28 0.573093
630 343 119 28 28 1.015765
630 343 126 28 28 0.283651
630 350 119 28 28 1.125817
630 448 112 28 28 2.305644
660 16 112 32 32 0.235290
660 24 112 32 32 0.034990
660 384 112 32 32 0.692367
660 21 119 28 28 1.892974
660 21 126 28 28 2.590889
660 231 119 28 28 3.367630
660 231 126 28 28 3.071018
660 238 126 28 28 0.488129
660 336 14 28 28 2.889229
660 336 21 28 28 3.765266
660 343 14 28 28 0.228745
660 343 21 28 28 0.936279
660 384 0 24 24 0.907875
660 396 114 24 24 2.243213
690 264 128 32 32 3.069222
690 272 128 32 32 1.851136
690 0 119 28 28 0.248325
690 7 126 28 28 0.090169
690 231 119 28 28 0.087420
690 238 119 28 28 1.270800
690 336 126 28 28 0.362436
720 272 48 64 64 0.692369
720 288 16 64 64 0.895085
720 264 128 32 32 4.056973
720 272 128 32 32 3.670028
720 272 136 32 32 1.693846
720 280 128 32 32 3.588247
720 280 136 32 32 4.600594
720 280 144 32 32 1.013021
720 343 112 28 28 2.420565
720 343 119 28 28 1.902372
720 350 112 28 28 3.562823
720 350 119 28 28 0.733714
720 350 126 28 28 1.081171
750 330 0 40 40 0.871094
750 340 0 40 40 1.784117
750 288 144 36 36 1.128562
750 297 144 36 36 3.726633
750 384 136 32 32 0.999830
750 384 144 32 32 0.878980
750 0 126 28 28 0.878968
780 288 32 64 64 0.003833
780 288 48 64 64 0.046225
780 320 140 40 40 2.507058
780 330 140 40 40 1.724619
780 330 160 40 40 1.799749
780 330 170 40 40 0.036564
780 340 140 40 40 0.716651
780 340 160 40 40 2.718222
780 306 144 36 36 2.495755
780 315 144 36 36 3.706922
780 315 153 36 36 2.586591
780 384 192 24 24 0.502911
810 384 192 48 48 1.150563
810 384 204 48 48 2.727292
810 396 192 48 48 2.741833
810 396 204 48 48 1.676852
810 408 192 48 48 4.124817
810 408 204 48 48 2.545198
810 420 168 48 48 0.815774
810 420 192 48 48 2.437627
810 420 204 48 48 1.073842
810 384 192 48 48 1.150563
810 384 204 48 48 2.727292
810 396 192 48 48 2.741833
810 396 204 48 48 1.676852
810 408 192 48 48 4.124817
810 408 204 48 48 2.545198
810 420 168 48 48 0.815774
810 420 192 48 48 2.437627
810 420 204 48 48 1.073842
810 374 154 44 44 3.100168
810 374 209 44 44 1.116072
810 385 209 44 44 3.479544
810 384 144 32 32 1.906586
810 384 152 32 32 0.800571
810 392 152 32 32 2.233727
810 0 112 28 28 1.344074
810 0 119 28 28 2.172395
810 7 112 28 28 5.928401
810 7 119 28 28 5.319456
810 14 112 28 28 6.237990
810 14 119 28 28 6.155463
810 21 112 28 28 6.488845
810 21 119 28 28 4.117382
810 119 119 28 28 1.277918
810 119 126 28 28 1.901222
810 126 112 28 28 2.780920
810 126 119 28 28 3.035791
810 126 126 28 28 3.133396
810 455 126 28 28 0.881833
810 462 231 28 28 0.318058
810 462 238 28 28 1.918790
810 469 224 28 28 2.529780
810 469 231 28 28 1.822258
810 469 238 28 28 3.035068
810 12 114 24 24 0.210332
810 18 114 24 24 0.001554
810 300 114 24 24 0.017190
810 384 84 24 24 1.711790
810 402 12 24 24 0.266926
810 480 300 24 24 0.596382
810 480 306 24 24 0.368280
810 486 300 24 24 1.104347
810 486 306 24 24 0.956265
840 384 216 48 48 2.232297
840 396 216 48 48 3.152793
840 396 228 48 48 2.604375
840 408 228 48 48 3.183453
840 420 36 48 48 0.571534
840 420 228 48 48 0.461982
840 384 216 48 48 2.232297
840 396 216 48 48 3.152793
840 396 228 48 48 2.604375
840 408 228 48 48 3.183453
840 420 36 48 48 0.571534
840 420 228 48 48 0.461982
840 0 119 28 28 3.172740
840 112 112 28 28 2.265526
840 112 119 28 28 5.157468
840 119 112 28 28 2.298345
840 119 119 28 28 3.661461
840 0 114 24 24 2.770155
870 350 140 40 40 0.565189
870 392 0 32 32 1.077772
870 400 0 32 32 0.708261
870 112 119 28 28 2.793566
870 112 126 28 28 0.377263
870 390 96 24 24 0.728348
870 396 96 24 24 2.436107
870 402 96 24 24 0.355517
900 48 48 64 64 0.464283
900 272 128 32 32 4.055506
900 280 128 32 32 4.095399
900 280 136 32 32 1.059417
900 392 0 32 32 0.984081
900 400 0 32 32 0.101778
900 14 245 28 28 0.294251
900 21 224 28 28 0.065627
900 21 231 28 28 2.622255
900 21 238 28 28 1.542849
900 96 114 24 24 1.122700
900 102 114 24 24 0.976164
900 390 18 24 24 2.623946
900 390 96 24 24 2.924543
900 390 102 24 24 1.495515
900 396 18 24 24 2.514264
900 396 96 24 24 2.009107
900 396 102 24 24 0.491188
900 402 18 24 24 2.595041
900 498 84 24 24 0.921070
900 498 96 24 24 1.644088
930 352 48 64 64 0.228824
930 11 176 44 44 0.664329
930 30 170 40 40 0.467343
930 220 140 40 40 0.287312
930 162 153 36 36 0.946874
930 216 144 36 36 1.098639
930 216 153 36 36 0.371357
930 400 0 32 32 0.116995
930 400 128 32 32 0.761463
930 408 128 32 32 1.527884
930 384 6 24 24 0.462132
930 390 96 24 24 3.787481
930 390 102 24 24 0.337892
930 396 96 24 24 5.112722
930 396 102 24 24 5.696937
930 402 18 24 24 0.457577
930 402 96 24 24 0.997710
930 402 102 24 24 2.688884
930 480 204 24 24 3.639753
930 480 210 24 24 5.887907
930 486 204 24 24 1.358809
930 486 210 24 24 3.495688
960 144 162 36 36 1.385223
960 408 0 32 32 0.273212
960 231 21 28 28 0.673876
960 384 0 24 24 0.252394
960 390 0 24 24 3.283733
960 390 6 24 24 1.580298
960 396 96 24 24 2.844041
960 402 96 24 24 7.703002
960 402 102 24 24 4.978462
960 480 210 24 24 0.289979
960 486 210 24 24 0.705079
990 24 168 48 48 0.827249
990 24 168 48 48 0.827249
990 33 176 44 44 1.926856
990 220 170 40 40 2.260348
990 144 171 36 36 2.432822
990 280 112 32 32 1.705844
990 408 0 32 32 3.099997
990 408 8 32 32 0.147963
990 231 21 28 28 0.335269
990 390 0 24 24 2.429756
990 390 6 24 24 0.488516
990 396 0 24 24 1.909742
990 396 6 24 24 1.299468
990 402 96 24 24 3.197171
990 402 102 24 24 1.921487
990 402 192 24 24 1.228861
1020 288 126 36 36 0.093585
1020 432 126 36 36 1.999439
1020 280 112 32 32 0.639047
1020 231 14 28 28 0.677245
1020 231 21 28 28 0.100097
1020 245 224 28 28 0.750538
1020 390 0 24 24 1.266364
1020 390 6 24 24 0.477203
1020 396 0 24 24 3.527238
1020 396 6 24 24 1.082449
1020 402 102 24 24 0.544716
1050 204 168 48 48 0.155145
1050 204 168 48 48 0.155145
1050 30 190 40 40 0.939449
1050 0 128 32 32 0.523482
1050 8 128 32 32 0.701303
1050 126 224 28 28 1.970832
1050 231 14 28 28 0.462817
1050 231 21 28 28 1.280182
1050 448 133 28 28 3.785939
1050 390 0 24 24 0.024485
1050 396 0 24 24 3.101812
1050 396 6 24 24 1.051431
1050 402 0 24 24 1.744074
1080 32 32 64 64 0.121675
1080 10 190 40 40 2.754706
1080 432 126 36 36 0.453791
1080 0 224 28 28 0.200985
1080 0 231 28 28 1.450629
1080 112 238 28 28 0.137509
1080 224 21 28 28 0.436179
1080 231 7 28 28 1.024675
1080 231 14 28 28 0.857530
1080 231 21 28 28 0.608808
1080 238 7 28 28 0.127422
1080 238 21 28 28 0.489099
1080 448 133 28 28 4.116532
1080 455 133 28 28 1.606891
1080 396 0 24 24 1.697712
1080 402 0 24 24 2.123522
1110 385 33 44 44 0.085072
1110 220 140 40 40 0.804718
1110 280 112 32 32 0.817521
1110 7 231 28 28 2.087581
1110 7 238 28 28 0.898391
1110 14 224 28 28 2.286954
1110 14 231 28 28 3.379977
1110 14 238 28 28 1.760409
1110 21 224 28 28 2.267385
1110 21 231 28 28 1.665065
1110 224 14 28 28 0.871670
1110 231 7 28 28 0.288062
1110 231 14 28 28 1.643402
1110 448 133 28 28 2.395339
1110 455 126 28 28 1.416527
1110 455 133 28 28 3.833826
1110 462 119 28 28 1.071986
1110 462 133 28 28 2.121765
1110 469 133 28 28 0.063968
1110 396 0 24 24 1.163980
1110 402 0 24 24 1.998580
1140 24 204 48 48 0.251603
1140 384 36 48 48 0.420747
1140 24 204 48 48 0.251603
1140 384 36 48 48 0.420747
1140 385 33 44 44 0.643263
1140 0 224 28 28 2.880042
1140 0 231 28 28 0.976489
1140 0 238 28 28 0.653929
1140 224 7 28 28 0.764544
1140 231 7 28 28 0.578363
1140 448 112 28 28 1.706897
1140 448 119 28 28 3.707973
1140 448 126 28 28 4.744211
1140 448 133 28 28 0.206867
1140 455 112 28 28 1.006686
1140 455 119 28 28 3.935255
1140 455 126 28 28 4.187376
1140 455 133 28 28 0.851971
1140 462 119 28 28 0.870876
1140 462 126 28 28 1.040617
1140 96 288 24 24 2.118278
1140 96 294 24 24 4.804614
1140 102 288 24 24 4.565914
1140 102 294 24 24 4.826128
1140 108 288 24 24 1.104221
1170 352 0 64 64 1.513416
1170 352 16 64 64 2.575222
1170 384 24 48 48 0.514339
1170 384 24 48 48 0.514339
1170 20 160 40 40 2.739101
1170 30 160 40 40 2.419941
1170 27 171 36 36 1.597022
1170 288 144 36 36 0.461401
1170 224 0 28 28 0.379775
1170 224 7 28 28 1.709757
1170 231 7 28 28 1.604382
1170 231 133 28 28 0.194809
1170 238 126 28 28 0.494205
1170 238 133 28 28 0.751537
1170 448 126 28 28 4.640830
1170 448 133 28 28 6.838245
1170 455 126 28 28 4.758517
1170 455 133 28 28 3.439522
1170 462 126 28 28 3.381034
1170 462 133 28 28 4.304457
1170 469 133 28 28 0.599142
1170 306 114 24 24 1.071704
1200 352 0 64 64 0.705137
1200 352 16 64 64 1.671745
1200 384 24 48 48 0.312452
1200 384 24 48 48 0.312452
1200 385 33 44 44 0.070983
1200 20 160 40 40 1.821817
1200 30 160 40 40 0.775036
1200 27 171 36 36 2.673933
1200 441 126 36 36 1.328949
1200 0 128 32 32 0.049165
1200 224 0 28 28 0.577332
1200 224 7 28 28 1.624736
1200 231 7 28 28 1.300393
1200 231 133 28 28 0.061931
1200 238 126 28 28 0.150463
1200 238 133 28 28 0.372819
1200 448 126 28 28 2.907551
1200 448 133 28 28 3.286824
1200 455 126 28 28 3.936198
1200 455 133 28 28 2.367324
1200 462 126 28 28 3.318338
1200 462 133 28 28 2.500944
1200 469 133 28 28 2.492297
1230 352 0 64 64 4.141264
1230 432 153 36 36 0.745860
1230 400 144 32 32 0.245262
1230 224 0 28 28 0.162375
1230 224 7 28 28 1.598157
1230 224 133 28 28 0.240300
1230 231 7 28 28 1.373986
1230 238 133 28 28 0.053932
1230 448 112 28 28 1.158254
1230 448 119 28 28 5.440033
1230 448 126 28 28 0.275709
1230 455 112 28 28 2.957155
1230 455 119 28 28 7.497631
1230 455 126 28 28 5.847832
1230 462 112 28 28 2.264910
1230 462 119 28 28 9.331958
1230 462 126 28 28 5.039186
1230 469 119 28 28 5.118811
1230 469 126 28 28 0.935140
1260 352 0 64 64 1.785550
1260 352 16 64 64 3.237985
1260 384 24 48 48 0.445596
1260 384 24 48 48 0.445596
1260 385 33 44 44 1.836780
1260 20 170 40 40 0.767465
1260 30 170 40 40 1.127396
1260 27 171 36 36 0.358826
1260 432 126 36 36 2.389659
1260 441 126 36 36 1.693317
1260 0 128 32 32 1.833419
1260 264 136 32 32 1.482465
1260 272 136 32 32 2.623983
1260 280 136 32 32 2.048823
1260 224 7 28 28 1.633610
1260 224 133 28 28 0.109914
1260 231 7 28 28 0.547069
1260 231 133 28 28 0.341169
1260 238 133 28 28 0.142815
1260 448 133 28 28 2.985515
1260 455 133 28 28 3.256440
1260 462 133 28 28 3.232654
1290 352 0 64 64 2.681433
1290 384 24 48 48 0.629703
1290 384 36 48 48 0.520756
1290 384 24 48 48 0.629703
1290 384 36 48 48 0.520756
1290 0 209 44 44 0.137257
1290 385 33 44 44 1.506837
1290 280 112 32 32 0.596467
1290 224 7 28 28 1.481215
1290 231 7 28 28 0.228103
1290 448 112 28 28 2.536968
1290 448 119 28 28 0.314008
1290 448 126 28 28 0.239391
1290 455 112 28 28 1.274650
1290 462 112 28 28 0.514436
1290 462 126 28 28 0.877308
1320 352 0 64 64 1.786093
1320 352 16 64 64 3.008371
1320 384 24 48 48 0.223271
1320 384 24 48 48 0.223271
1320 385 33 44 44 0.904901
1320 20 170 40 40 0.985003
1320 30 170 40 40 1.377954
1320 27 171 36 36 0.229542
1320 432 126 36 36 3.215939
1320 441 126 36 36 2.440658
1320 450 126 36 36 0.729215
1320 0 128 32 32 1.030159
1320 280 112 32 32 0.577636
1320 224 7 28 28 1.534318
1320 231 7 28 28 0.127654
1320 448 133 28 28 2.134141
1320 455 133 28 28 3.492404
1320 462 133 28 28 4.307281
1350 352 0 64 64 2.163701
1350 352 16 64 64 3.041221
1350 385 33 44 44 1.539172
1350 30 170 40 40 0.912518
1350 27 171 36 36 0.363334
1350 432 126 36 36 0.017389
1350 441 126 36 36 1.678438
1350 450 126 36 36 0.325925
1350 280 112 32 32 1.125367
1350 224 7 28 28 1.457608
1350 231 7 28 28 0.980853
1350 238 133 28 28 0.019475
1350 448 133 28 28 1.746859
1350 455 126 28 28 2.075860
1350 455 133 28 28 2.922776
1350 462 126 28 28 0.307464
1350 462 133 28 28 4.938840
1350 469 133 28 28 1.952533
1380 352 0 64 64 1.858824
1380 352 16 64 64 2.218252
1380 20 160 40 40 2.655313
1380 30 160 40 40 1.778945
1380 18 171 36 36 0.537348
1380 27 171 36 36 2.796425
1380 0 128 32 32 0.150695
1380 280 112 32 32 1.262851
1380 224 0 28 28 0.359763
1380 224 7 28 28 1.999406
1380 224 133 28 28 0.025435
1380 231 7 28 28 1.515387
1380 448 126 28 28 1.880779
1380 448 133 28 28 2.891447
1380 455 126 28 28 2.998592
1380 455 133 28 28 2.221028
1380 462 126 28 28 2.416910
1380 462 133 28 28 3.701760
1380 469 133 28 28 2.832035
1410 352 16 64 64 1.138611
1410 12 228 48 48 0.177970
1410 12 228 48 48 0.177970
1410 20 160 40 40 1.916168
1410 30 160 40 40 1.033173
1410 220 160 40 40 1.089615
1410 340 140 40 40 0.704783
1410 18 171 36 36 0.126139
1410 27 171 36 36 2.182257
1410 224 0 28 28 0.094532
1410 224 7 28 28 1.746118
1410 224 133 28 28 0.018795
1410 231 7 28 28 1.438109
1410 231 133 28 28 0.082013
1410 448 126 28 28 1.327969
1410 448 133 28 28 3.178278
1410 455 126 28 28 2.208287
1410 455 133 28 28 2.497725
1410 462 126 28 28 0.723562
1410 462 133 28 28 3.675100
1410 469 133 28 28 2.372165
1440 352 0 64 64 1.712817
1440 352 16 64 64 2.105375
1440 12 228 48 48 0.188133
1440 384 24 48 48 0.170203
1440 12 228 48 48 0.188133
1440 384 24 48 48 0.170203
1440 280 112 32 32 1.040223
1440 224 0 28 28 0.381337
1440 224 7 28 28 1.871607
1440 224 133 28 28 0.212319
1440 231 7 28 28 1.521405
1440 448 126 28 28 2.980902
1440 448 133 28 28 4.119237
1440 455 126 28 28 3.202998
1440 455 133 28 28 4.015165
1440 462 126 28 28 1.512766
1440 462 133 28 28 4.401883
1440 469 133 28 28 3.164849
1470 352 0 64 64 1.957905
1470 352 16 64 64 1.961505
1470 12 228 48 48 0.231954
1470 12 228 48 48 0.231954
1470 385 33 44 44 0.061400
1470 20 160 40 40 1.937931
1470 30 160 40 40 1.862078
1470 27 171 36 36 2.176905
1470 0 128 32 32 0.356938
1470 280 112 32 32 1.106293
1470 224 0 28 28 0.494463
1470 224 7 28 28 1.819112
1470 224 133 28 28 0.259335
1470 231 7 28 28 1.754549
1470 448 126 28 28 2.796168
1470 448 133 28 28 3.959429
1470 455 126 28 28 3.366301
1470 455 133 28 28 3.733270
1470 462 126 28 28 2.249877
1470 462 133 28 28 4.097298
1470 469 133 28 28 2.086289
1500 352 0 64 64 1.673699
1500 352 16 64 64 2.428184
1500 12 228 48 48 0.335933
1500 12 228 48 48 0.335933
1500 20 160 40 40 1.930576
1500 30 160 40 40 0.771920
1500 27 171 36 36 2.029824
1500 224 0 28 28 0.334305
1500 224 7 28 28 1.804424
1500 224 133 28 28 0.317398
1500 231 7 28 28 1.482740
1500 231 133 28 28 0.069903
1500 448 126 28 28 3.295196
1500 448 133 28 28 4.403946
1500 455 126 28 28 3.803685
1500 455 133 28 28 3.493921
1500 462 126 28 28 3.093205
1500 462 133 28 28 4.449881
1500 469 133 28 28 1.108717
1530 352 0 64 64 1.907024
1530 352 16 64 64 1.598699
1530 384 24 48 48 0.514035
1530 384 24 48 48 0.514035
1530 385 33 44 44 0.232696
1530 20 160 40 40 1.769377
1530 30 160 40 40 0.864707
1530 27 171 36 36 2.418624
1530 0 128 32 32 0.361378
1530 224 0 28 28 0.522770
1530 224 7 28 28 1.563487
1530 224 133 28 28 0.603107
1530 231 7 28 28 1.420489
1530 231 133 28 28 0.223138
1530 238 133 28 28 0.693986
1530 448 126 28 28 3.672938
1530 448 133 28 28 3.520797
1530 455 126 28 28 3.746888
1530 455 133 28 28 2.089187
1530 462 126 28 28 3.959659
1530 462 133 28 28 2.759392
1530 469 133 28 28 1.327558
1560 352 0 64 64 2.121676
1560 352 16 64 64 1.604737
1560 384 24 48 48 0.274360
1560 384 24 48 48 0.274360
1560 385 33 44 44 0.099251
1560 20 160 40 40 1.913350
1560 30 160 40 40 0.842537
1560 27 171 36 36 2.550852
1560 0 128 32 32 0.254528
1560 280 112 32 32 0.978394
1560 224 0 28 28 0.465430
1560 224 7 28 28 1.580450
1560 231 7 28 28 1.242665
1560 448 126 28 28 3.457890
1560 448 133 28 28 3.651531
1560 455 126 28 28 3.964472
1560 455 133 28 28 2.446718
1560 462 126 28 28 3.207721
1560 462 133 28 28 3.079657
1560 469 133 28 28 0.727458
1590 352 0 64 64 1.931574
1590 352 16 64 64 2.533015
1590 384 24 48 48 0.054407
1590 384 24 48 48 0.054407
1590 280 112 32 32 0.790154
1590 224 0 28 28 0.554771
1590 224 7 28 28 1.374911
1590 231 7 28 28 1.342577
1590 448 126 28 28 3.275712
1590 448 133 28 28 3.629724
1590 455 126 28 28 3.704947
1590 455 133 28 28 2.258520
1590 462 126 28 28 2.906705
1590 462 133 28 28 2.643997
1620 216 192 48 48 0.137663
1620 216 192 48 48 0.137663
1620 385 33 44 44 0.264818
1620 20 160 40 40 1.001705
1620 30 160 40 40 1.096563
1620 27 171 36 36 2.063496
1620 432 0 36 36 0.524391
1620 441 0 36 36 1.056319
1620 450 0 36 36 1.223732
1620 0 128 32 32 1.950135
1620 8 128 32 32 1.559087
1620 14 133 28 28 3.484765
1620 224 0 28 28 0.909035
1620 224 7 28 28 1.707860
1620 231 7 28 28 1.378893
1620 357 112 28 28 0.475108
1620 462 21 28 28 4.470389
1620 469 21 28 28 3.368912
1620 306 192 24 24 0.884258
1620 306 198 24 24 1.017191
1620 306 204 24 24 0.035764
1620 492 114 24 24 0.011001
1620 498 108 24 24 2.312525
1620 498 114 24 24 1.792174
1650 352 0 64 64 1.864739
1650 352 16 64 64 2.001137
1650 385 33 44 44 0.124870
1650 20 160 40 40 1.919826
1650 30 160 40 40 1.120292
1650 27 171 36 36 2.655145
1650 280 112 32 32 0.812591
1650 224 0 28 28 0.567301
1650 224 7 28 28 1.679235
1650 231 7 28 28 1.280919
1650 448 126 28 28 3.313997
1650 448 133 28 28 3.915955
1650 455 126 28 28 3.674453
1650 455 133 28 28 2.092611
1650 462 126 28 28 2.742565
1650 462 133 28 28 2.775211
1680 352 0 64 64 1.494771
1680 352 16 64 64 1.710955
1680 20 160 40 40 0.076182
1680 30 160 40 40 1.526191
1680 27 171 36 36 1.495928
1680 280 112 32 32 0.454787
1680 224 0 28 28 0.441967
1680 224 7 28 28 1.342566
1680 231 7 28 28 0.983226
1680 448 126 28 28 3.165896
1680 448 133 28 28 3.155866
1680 455 126 28 28 3.733885
1680 455 133 28 28 2.091155
1680 462 126 28 28 2.829901
1680 462 133 28 28 2.467676
1710 352 0 64 64 1.991075
1710 352 16 64 64 2.268196
1710 384 24 48 48 0.083361
1710 384 24 48 48 0.083361
1710 385 33 44 44 0.017654
1710 20 160 40 40 1.369272
1710 30 160 40 40 0.659952
1710 27 171 36 36 2.017089
1710 0 128 32 32 1.466422
1710 280 112 32 32 0.457152
1710 14 133 28 28 0.272478
1710 224 0 28 28 0.748523
1710 224 7 28 28 1.399651
1710 231 7 28 28 1.274123
1710 448 126 28 28 3.420623
1710 448 133 28 28 3.364974
1710 455 126 28 28 3.800338
1710 455 133 28 28 2.203800
1710 462 126 28 28 2.754730
1710 462 133 28 28 2.446609
1740 352 0 64 64 1.505338
1740 352 16 64 64 1.663861
1740 20 160 40 40 1.150897
1740 30 160 40 40 0.601746
1740 18 171 36 36 0.036643
1740 27 171 36 36 2.044157
1740 280 112 32 32 0.574775
1740 224 0 28 28 0.661793
1740 224 7 28 28 1.375495
1740 231 7 28 28 1.180077
1740 448 126 28 28 3.672886
1740 448 133 28 28 3.714346
1740 455 126 28 28 3.883940
1740 455 133 28 28 2.077347
1740 462 126 28 28 3.056800
1740 462 133 28 28 2.560124
1770 352 0 64 64 1.529451
1770 352 16 64 64 1.700322
1770 20 160 40 40 0.517024
1770 30 160 40 40 1.486270
1770 27 171 36 36 1.903232
1770 280 112 32 32 0.745775
1770 224 0 28 28 0.534724
1770 224 7 28 28 1.543982
1770 231 7 28 28 1.298219
1770 448 126 28 28 3.410049
1770 448 133 28 28 3.476728
1770 455 126 28 28 3.695050
1770 455 133 28 28 2.172601
1770 462 126 28 28 2.926022
1770 462 133 28 28 2.656643
1800 352 0 64 64 1.732897
1800 352 16 64 64 1.923262
1800 20 160 40 40 0.598191
1800 30 160 40 40 1.105155
1800 27 171 36 36 1.539891
1800 280 112 32 32 1.221700
1800 224 0 28 28 0.462548
1800 224 7 28 28 1.518305
1800 231 7 28 28 1.100992
1800 448 126 28 28 3.150621
1800 448 133 28 28 3.216441
1800 455 126 28 28 3.701079
1800 455 133 28 28 1.899210
1800 462 126 28 28 3.224451
1800 462 133 28 28 2.555363
1830 352 0 64 64 1.746943
1830 352 16 64 64 2.014332
1830 384 24 48 48 0.126951
1830 384 24 48 48 0.126951
1830 20 160 40 40 0.515014
1830 27 171 36 36 1.058638
1830 280 112 32 32 1.023626
1830 14 133 28 28 0.167557
1830 224 0 28 28 0.414594
1830 224 7 28 28 1.702035
1830 231 7 28 28 1.219298
1830 448 126 28 28 3.542858
1830 448 133 28 28 3.784761
1830 455 126 28 28 3.795850
1830 455 133 28 28 2.104190
1830 462 126 28 28 3.223807
1830 462 133 28 28 2.643301
1830 469 133 28 28 0.078209
