30 256 16 64 64 0.187368
30 256 32 64 64 3.553766
30 256 48 64 64 1.840023
30 272 16 64 64 0.864456
30 272 32 64 64 0.494941
30 288 16 64 64 1.726663
30 352 32 64 64 2.616429
30 352 48 64 64 3.956851
30 216 36 48 48 0.460136
30 216 36 48 48 0.460136
30 0 170 40 40 0.026086
30 20 170 40 40 0.477855
30 18 162 36 36 0.571466
30 288 27 36 36 0.216509
30 288 126 36 36 6.111229
30 297 126 36 36 6.399977
30 136 112 32 32 0.597373
30 144 152 32 32 1.225017
30 256 24 32 32 0.481340
30 264 24 32 32 1.607480
30 272 24 32 32 1.286348
30 119 133 28 28 0.389674
30 126 126 28 28 1.683833
30 126 133 28 28 4.235787
30 154 126 28 28 0.027733
30 224 133 28 28 0.426015
30 238 133 28 28 2.915863
30 245 126 28 28 1.320657
30 245 133 28 28 5.838120
30 6 198 24 24 1.114613
30 6 204 24 24 2.077670
30 6 210 24 24 0.431654
30 12 204 24 24 0.649333
30 12 210 24 24 2.234665
30 18 210 24 24 0.682412
30 102 84 24 24 0.159099
30 108 84 24 24 1.915064
30 294 84 24 24 1.312731
30 306 84 24 24 0.400229
60 256 32 64 64 4.482648
60 256 48 64 64 0.399233
60 272 32 64 64 3.053526
60 272 48 64 64 2.122900
60 288 32 64 64 0.053029
60 288 48 64 64 3.930728
60 33 154 44 44 1.579535
60 30 140 40 40 0.768691
60 350 140 40 40 1.013147
60 288 126 36 36 5.943886
60 297 126 36 36 4.784251
60 280 136 32 32 1.117605
60 112 126 28 28 1.377672
60 119 126 28 28 3.159877
60 119 133 28 28 0.995826
60 126 126 28 28 4.468776
60 126 133 28 28 2.460906
60 343 224 28 28 0.992417
60 448 119 28 28 1.114471
60 12 288 24 24 0.563438
60 108 84 24 24 1.713101
60 294 0 24 24 0.246118
60 384 192 24 24 3.330303
60 384 198 24 24 2.830125
60 390 192 24 24 2.821085
60 390 198 24 24 1.197764
90 256 0 64 64 0.186087
90 256 32 64 64 0.044104
90 256 48 64 64 1.191014
90 272 16 64 64 0.650820
90 272 32 64 64 2.491626
90 272 48 64 64 4.764497
90 288 32 64 64 0.311876
90 288 48 64 64 1.744764
90 352 32 64 64 0.193258
90 315 126 36 36 4.844465
90 136 112 32 32 1.970803
90 144 112 32 32 0.848850
90 384 136 32 32 0.701520
90 384 144 32 32 2.412766
90 392 136 32 32 3.268829
90 392 144 32 32 7.506709
90 392 152 32 32 4.969410
90 400 136 32 32 0.186569
90 400 144 32 32 5.212416
90 400 152 32 32 0.684582
90 408 144 32 32 0.716999
90 126 126 28 28 2.461643
90 126 133 28 28 2.708365
90 154 126 28 28 2.433532
90 238 119 28 28 1.732622
90 336 133 28 28 3.650456
90 343 133 28 28 1.745320
90 350 112 28 28 1.552167
90 350 119 28 28 3.469873
90 350 126 28 28 3.153497
90 350 133 28 28 4.772102
90 357 112 28 28 1.468737
90 357 119 28 28 6.001904
90 357 126 28 28 4.251629
90 357 133 28 28 1.975663
90 469 98 28 28 0.008038
90 469 119 28 28 2.010305
90 469 126 28 28 2.047660
90 390 0 24 24 0.671330
90 402 0 24 24 0.485069
120 352 48 64 64 0.398686
120 0 154 44 44 5.802185
120 11 154 44 44 5.378445
120 0 160 40 40 0.183759
120 10 160 40 40 5.664016
120 10 170 40 40 5.185104
120 10 180 40 40 0.381119
120 20 160 40 40 5.369112
120 20 170 40 40 5.579035
120 20 180 40 40 1.042383
120 18 153 36 36 0.105362
120 18 162 36 36 3.950768
120 18 171 36 36 3.006883
120 27 153 36 36 3.860145
120 27 162 36 36 6.466861
120 27 171 36 36 7.063101
120 198 126 36 36 0.750319
120 432 0 36 36 1.293327
120 432 9 36 36 5.622210
120 432 18 36 36 5.405406
120 432 27 36 36 0.221938
120 432 144 36 36 5.368117
120 432 153 36 36 6.080715
120 432 171 36 36 3.340485
120 441 144 36 36 1.799867
120 441 153 36 36 5.870838
120 441 162 36 36 1.157767
120 441 171 36 36 0.951490
120 450 153 36 36 2.497109
120 450 162 36 36 3.891177
120 450 171 36 36 4.343699
120 459 162 36 36 2.702276
120 459 171 36 36 3.332597
120 0 128 32 32 3.685505
120 0 136 32 32 2.866825
120 8 136 32 32 1.495019
120 264 128 32 32 0.066855
120 264 136 32 32 0.920951
120 272 128 32 32 0.594645
120 272 136 32 32 1.340648
120 384 128 32 32 0.110449
120 400 128 32 32 0.608543
120 400 136 32 32 1.229122
120 400 144 32 32 1.420476
120 400 152 32 32 2.542279
120 408 136 32 32 1.990752
120 408 144 32 32 3.651743
120 408 152 32 32 9.784374
120 7 133 28 28 1.616217
120 154 98 28 28 0.314295
120 448 21 28 28 5.554222
120 448 98 28 28 0.648206
120 448 112 28 28 1.577153
120 480 204 24 24 2.330650
120 480 210 24 24 3.598716
120 486 204 24 24 1.724775
120 486 210 24 24 2.225416
120 492 0 24 24 1.535806
120 492 6 24 24 1.745215
120 492 12 24 24 1.513739
120 492 198 24 24 0.194561
120 492 204 24 24 1.723240
120 492 210 24 24 0.116084
120 498 204 24 24 4.820070
120 498 210 24 24 1.946443
150 48 48 64 64 0.864037
150 385 0 44 44 0.814050
150 170 20 40 40 0.807371
150 288 126 36 36 1.663813
150 432 126 36 36 4.216283
150 441 126 36 36 1.666953
150 136 16 32 32 0.048825
150 272 128 32 32 0.641166
150 280 128 32 32 5.281645
150 384 0 32 32 1.628329
150 392 0 32 32 0.358085
150 392 8 32 32 1.095878
150 392 16 32 32 0.436110
150 400 8 32 32 0.399315
150 400 16 32 32 2.119848
150 408 16 32 32 0.178011
150 7 98 28 28 0.679136
150 154 126 28 28 0.875813
150 231 133 28 28 2.493342
150 238 133 28 28 2.568401
150 245 133 28 28 1.765223
150 192 108 24 24 2.946576
150 192 114 24 24 0.538801
150 198 114 24 24 1.225466
150 210 114 24 24 0.282716
150 492 102 24 24 1.091896
150 498 108 24 24 2.616202
150 498 114 24 24 0.635619
180 352 48 64 64 2.060721
180 153 126 36 36 0.377927
180 162 126 36 36 1.334340
180 288 126 36 36 0.138801
180 297 126 36 36 2.154074
180 306 126 36 36 1.276785
180 128 8 32 32 1.474103
180 128 144 32 32 1.715780
180 136 8 32 32 1.979071
180 136 136 32 32 1.873869
180 136 144 32 32 4.074078
180 136 152 32 32 0.332038
180 144 8 32 32 1.754776
180 144 136 32 32 0.370543
180 144 144 32 32 0.228298
180 176 136 32 32 1.663386
180 176 144 32 32 3.997849
180 176 152 32 32 2.903672
180 280 128 32 32 4.637794
180 384 112 32 32 2.340654
180 384 128 32 32 2.517510
180 408 136 32 32 0.779278
180 126 21 28 28 0.626181
180 154 21 28 28 0.083713
180 168 21 28 28 1.023607
180 168 98 28 28 0.558748
180 168 112 28 28 0.202265
180 96 192 24 24 3.144052
180 96 198 24 24 0.736829
180 102 192 24 24 0.838541
180 192 114 24 24 2.095324
180 210 114 24 24 2.093090
210 0 48 64 64 1.228232
210 16 48 64 64 2.649983
210 352 16 64 64 0.448939
210 10 160 40 40 0.434662
210 20 160 40 40 2.498839
210 18 162 36 36 1.613130
210 18 171 36 36 0.751476
210 27 162 36 36 3.822598
210 27 171 36 36 4.040384
210 144 152 32 32 0.581825
210 192 136 32 32 0.115092
210 264 144 32 32 1.516507
210 384 112 32 32 5.311017
210 384 128 32 32 3.532735
210 384 136 32 32 0.181454
210 392 112 32 32 7.668100
210 392 128 32 32 1.019390
210 400 112 32 32 7.313167
210 400 128 32 32 0.152011
210 408 112 32 32 5.798715
210 112 98 28 28 1.785474
210 119 98 28 28 1.891369
210 126 98 28 28 4.080605
210 154 98 28 28 0.413886
210 245 133 28 28 0.708502
210 336 112 28 28 5.676691
210 336 119 28 28 3.350806
210 336 126 28 28 2.948534
210 336 133 28 28 0.684709
210 343 112 28 28 2.628802
210 343 119 28 28 1.815959
210 350 112 28 28 2.490048
210 350 119 28 28 1.675142
210 350 126 28 28 1.238277
210 469 231 28 28 0.260256
210 96 12 24 24 2.064815
210 96 18 24 24 0.871410
210 96 192 24 24 2.915972
210 102 12 24 24 3.088897
210 102 18 24 24 1.828647
210 102 192 24 24 4.781843
210 102 198 24 24 0.495112
210 108 12 24 24 2.046899
210 108 192 24 24 2.266867
210 132 102 24 24 1.448160
210 132 108 24 24 3.073539
210 132 114 24 24 2.837260
210 144 102 24 24 1.684221
210 144 108 24 24 3.461592
210 144 114 24 24 0.844157
240 256 0 64 64 3.849855
240 256 16 64 64 4.073810
240 272 0 64 64 5.401365
240 272 16 64 64 5.553031
240 288 0 64 64 0.735410
240 384 36 48 48 1.880745
240 396 36 48 48 1.762310
240 384 36 48 48 1.880745
240 396 36 48 48 1.762310
240 216 126 36 36 2.093286
240 0 16 32 32 0.354048
240 128 112 32 32 0.861131
240 176 136 32 32 2.104089
240 192 128 32 32 3.254812
240 192 136 32 32 2.714256
240 264 112 32 32 0.228377
240 272 112 32 32 4.569395
240 280 112 32 32 3.689844
240 0 21 28 28 3.506493
240 7 21 28 28 2.299077
240 126 133 28 28 0.208805
240 224 126 28 28 0.113580
240 224 133 28 28 6.460710
240 231 133 28 28 3.211748
240 238 133 28 28 2.987881
240 245 133 28 28 2.607575
240 336 112 28 28 2.595438
240 336 119 28 28 4.068929
240 336 126 28 28 5.248481
240 343 112 28 28 5.566300
240 343 119 28 28 6.945536
240 343 126 28 28 5.809645
240 350 112 28 28 3.383783
240 350 119 28 28 5.264987
240 350 126 28 28 3.389917
240 357 112 28 28 3.793489
240 357 119 28 28 5.984361
240 357 126 28 28 4.037414
240 0 0 24 24 0.669593
240 0 6 24 24 1.332896
240 12 0 24 24 2.246500
240 12 6 24 24 0.115368
240 18 96 24 24 0.181208
240 132 192 24 24 6.838271
240 132 198 24 24 6.564762
240 132 204 24 24 2.530179
270 0 144 36 36 1.452421
270 27 126 36 36 1.354825
270 144 126 36 36 0.106581
270 450 126 36 36 2.994079
270 459 126 36 36 5.878533
270 0 152 32 32 1.553970
270 8 144 32 32 1.266236
270 8 152 32 32 1.278004
270 16 152 32 32 1.267664
270 136 128 32 32 0.219598
270 136 136 32 32 0.913849
270 144 128 32 32 0.253228
270 176 112 32 32 6.118667
270 176 128 32 32 4.567959
270 192 112 32 32 6.924950
270 272 112 32 32 0.181140
270 280 112 32 32 0.451102
270 408 112 32 32 0.718440
270 154 133 28 28 0.290343
270 168 119 28 28 1.611601
270 168 126 28 28 2.662032
270 168 133 28 28 2.865342
270 224 126 28 28 1.837646
270 224 133 28 28 0.785512
270 455 98 28 28 2.268052
270 462 98 28 28 0.518072
270 469 112 28 28 0.910376
270 396 114 24 24 0.964690
270 480 114 24 24 0.811963
270 486 108 24 24 0.998510
300 0 16 64 64 1.223510
300 0 32 64 64 4.680835
300 0 48 64 64 2.046979
300 32 32 64 64 1.450797
300 48 16 64 64 0.137875
300 48 32 64 64 3.020865
300 256 32 64 64 2.618339
300 256 48 64 64 1.144458
300 272 16 64 64 1.861476
300 272 32 64 64 7.023359
300 272 48 64 64 9.095537
300 288 0 64 64 0.398677
300 288 16 64 64 2.925989
300 288 32 64 64 4.310817
300 288 48 64 64 4.533066
300 0 126 36 36 1.102939
300 0 112 32 32 1.081462
300 0 128 32 32 2.909603
300 8 112 32 32 5.562708
300 8 128 32 32 3.992156
300 16 112 32 32 5.896713
300 16 128 32 32 4.678169
300 24 112 32 32 2.821172
300 24 128 32 32 3.772604
300 136 112 32 32 3.118580
300 144 112 32 32 6.496109
300 280 112 32 32 5.208989
300 7 126 28 28 2.128556
300 7 133 28 28 2.092014
300 14 112 28 28 1.099662
300 14 119 28 28 3.084059
300 14 126 28 28 4.008591
300 14 133 28 28 3.059841
300 21 119 28 28 3.140823
300 21 126 28 28 6.087090
300 21 133 28 28 4.546369
300 154 119 28 28 2.282458
300 154 126 28 28 3.257897
300 154 133 28 28 0.711691
300 231 112 28 28 0.460008
300 238 98 28 28 0.899331
300 238 112 28 28 2.919167
300 245 112 28 28 1.735965
300 336 119 28 28 0.801053
300 343 112 28 28 2.823408
300 343 119 28 28 6.001097
300 343 126 28 28 4.553380
300 350 112 28 28 2.668794
300 350 119 28 28 6.288923
300 350 126 28 28 2.001852
300 357 112 28 28 1.050629
300 357 119 28 28 5.126205
300 448 98 28 28 0.802245
300 448 112 28 28 4.675683
300 448 119 28 28 5.362340
300 455 98 28 28 1.193815
300 455 112 28 28 2.782986
300 455 119 28 28 2.319040
300 462 98 28 28 2.570966
300 390 192 24 24 1.731678
330 0 0 64 64 0.631227
330 0 16 64 64 6.803802
330 0 32 64 64 2.602858
330 16 0 64 64 5.609920
330 16 16 64 64 5.485540
330 32 0 64 64 4.125743
330 32 16 64 64 4.762829
330 256 0 64 64 1.869385
330 272 0 64 64 2.572189
330 352 16 64 64 0.710584
330 352 32 64 64 2.726122
330 352 48 64 64 4.835740
330 288 24 48 48 2.491423
330 396 36 48 48 0.652709
330 288 24 48 48 2.491423
330 396 36 48 48 0.652709
330 220 140 40 40 1.075085
330 240 140 40 40 2.245363
330 9 126 36 36 0.583347
330 216 126 36 36 2.900248
330 216 144 36 36 4.149155
330 432 153 36 36 0.493658
330 441 153 36 36 0.810118
330 16 128 32 32 0.817500
330 16 136 32 32 4.842688
330 24 128 32 32 0.240386
330 24 136 32 32 2.802651
330 192 112 32 32 1.612410
330 272 112 32 32 2.266764
330 280 112 32 32 0.257608
330 14 7 28 28 1.464911
330 21 7 28 28 1.616019
330 224 126 28 28 1.266507
330 231 133 28 28 0.245012
330 238 126 28 28 3.073191
330 238 133 28 28 0.706773
330 0 96 24 24 4.389596
330 0 102 24 24 4.331083
330 6 102 24 24 3.036904
330 12 102 24 24 0.096255
330 210 114 24 24 0.252805
330 288 102 24 24 3.031346
330 288 108 24 24 1.297217
330 288 192 24 24 0.576664
330 288 198 24 24 4.959691
330 288 204 24 24 4.307488
330 294 102 24 24 2.672368
330 294 108 24 24 4.277899
330 294 198 24 24 4.751525
330 294 204 24 24 1.353260
330 300 102 24 24 3.309510
330 300 108 24 24 4.012315
330 300 198 24 24 0.724560
330 306 102 24 24 4.133448
330 306 108 24 24 3.232534
330 396 108 24 24 1.584760
360 0 0 64 64 5.105222
360 0 16 64 64 1.223363
360 0 32 64 64 1.373797
360 16 0 64 64 6.716781
360 16 16 64 64 0.078153
360 32 0 64 64 4.689996
360 272 16 64 64 1.086276
360 272 32 64 64 0.284476
360 288 0 64 64 1.864070
360 288 16 64 64 1.911858
360 288 32 64 64 1.777393
360 0 36 48 48 0.285078
360 384 24 48 48 0.786518
360 384 36 48 48 0.004852
360 396 24 48 48 1.409287
360 396 36 48 48 0.620347
360 408 24 48 48 1.583336
360 408 36 48 48 1.323700
360 420 24 48 48 2.435120
360 0 36 48 48 0.285078
360 384 24 48 48 0.786518
360 384 36 48 48 0.004852
360 396 24 48 48 1.409287
360 396 36 48 48 0.620347
360 408 24 48 48 1.583336
360 408 36 48 48 1.323700
360 420 24 48 48 2.435120
360 176 154 44 44 5.329041
360 187 154 44 44 6.049864
360 198 154 44 44 3.433850
360 374 33 44 44 1.504305
360 385 33 44 44 2.084502
360 180 160 40 40 5.214902
360 198 162 36 36 1.960390
360 198 171 36 36 4.634879
360 392 152 32 32 2.204496
360 400 152 32 32 2.167870
360 336 98 28 28 0.714665
360 336 112 28 28 1.434704
360 343 98 28 28 3.007871
360 343 112 28 28 3.591916
360 343 119 28 28 0.495826
360 350 98 28 28 0.314624
360 350 112 28 28 0.196404
360 0 6 24 24 0.287829
360 0 12 24 24 1.684646
360 198 108 24 24 1.002301
360 198 114 24 24 2.679693
360 204 114 24 24 3.742530
360 210 114 24 24 1.323135
360 288 96 24 24 3.013944
360 294 96 24 24 6.213438
360 300 96 24 24 6.946251
360 300 102 24 24 2.011569
360 306 96 24 24 5.049288
360 306 102 24 24 0.791305
390 0 0 64 64 2.243535
390 16 0 64 64 1.654711
390 352 0 64 64 2.829501
390 0 36 48 48 2.143304
390 288 36 48 48 0.091892
390 384 24 48 48 1.030383
390 384 36 48 48 2.132085
390 396 36 48 48 1.021952
390 0 36 48 48 2.143304
390 288 36 48 48 0.091892
390 384 24 48 48 1.030383
390 384 36 48 48 2.132085
390 396 36 48 48 1.021952
390 160 160 40 40 2.231209
390 160 170 40 40 3.120183
390 160 180 40 40 0.446214
390 170 170 40 40 0.865250
390 330 140 40 40 1.180832
390 162 162 36 36 0.457892
390 162 171 36 36 1.500929
390 450 171 36 36 0.992857
390 459 162 36 36 0.034729
390 176 136 32 32 0.007271
390 176 144 32 32 1.769296
390 176 152 32 32 0.307470
390 0 119 28 28 0.585027
390 336 112 28 28 2.170918
390 448 119 28 28 5.165293
390 448 126 28 28 3.534009
390 132 114 24 24 2.254251
390 144 114 24 24 3.724390
390 192 102 24 24 0.749828
390 198 108 24 24 1.661926
390 204 102 24 24 0.425104
390 204 108 24 24 2.551121
390 210 102 24 24 0.551980
390 294 84 24 24 3.623731
390 300 84 24 24 4.453060
420 0 0 64 64 1.919706
420 288 16 64 64 0.264598
420 264 22 44 44 0.483957
420 0 10 40 40 1.223380
420 0 9 36 36 0.101604
420 0 18 36 36 1.792765
420 0 27 36 36 3.526822
420 9 9 36 36 2.040132
420 9 18 36 36 2.603266
420 9 27 36 36 0.411500
420 144 144 36 36 4.205219
420 144 153 36 36 0.581281
420 153 144 36 36 0.125667
420 306 144 36 36 2.105755
420 306 153 36 36 4.499712
420 306 162 36 36 2.733184
420 306 171 36 36 0.489821
420 315 144 36 36 3.267125
420 315 153 36 36 4.397443
420 315 162 36 36 2.100467
420 315 171 36 36 0.818983
420 459 9 36 36 0.159766
420 459 126 36 36 0.899978
420 0 8 32 32 0.059283
420 0 16 32 32 3.774201
420 0 24 32 32 0.680037
420 8 16 32 32 2.618120
420 8 24 32 32 1.691646
420 8 112 32 32 2.792139
420 16 16 32 32 3.030164
420 16 24 32 32 4.873517
420 16 112 32 32 1.899357
420 384 112 32 32 2.065905
420 7 119 28 28 1.355066
420 14 7 28 28 0.914280
420 14 21 28 28 0.133992
420 14 119 28 28 5.600821
420 14 126 28 28 1.646189
420 21 7 28 28 0.498632
420 21 119 28 28 3.654062
420 112 112 28 28 0.793845
420 119 112 28 28 1.324743
420 119 119 28 28 0.938198
420 154 119 28 28 1.693133
420 168 119 28 28 1.635632
420 168 126 28 28 1.323488
420 336 119 28 28 1.895321
420 343 119 28 28 6.667120
420 343 126 28 28 3.301345
420 350 119 28 28 4.491809
420 350 126 28 28 3.088346
420 357 119 28 28 4.575469
420 357 126 28 28 2.009092
420 12 18 24 24 0.993004
420 18 18 24 24 0.348363
420 192 96 24 24 0.146855
420 198 96 24 24 2.680548
420 204 96 24 24 3.550659
420 288 96 24 24 5.456896
420 288 102 24 24 0.317697
420 294 96 24 24 7.817938
420 294 102 24 24 2.505962
420 300 96 24 24 5.901440
420 300 102 24 24 3.102177
450 0 16 64 64 0.188767
450 272 16 64 64 0.887876
450 288 16 64 64 0.235459
450 352 16 64 64 2.646353
450 352 32 64 64 1.336287
450 0 18 36 36 5.840029
450 0 27 36 36 3.131156
450 144 144 36 36 1.901972
450 144 153 36 36 3.330232
450 153 144 36 36 2.903709
450 153 153 36 36 2.326783
450 288 144 36 36 1.722805
450 288 153 36 36 0.255254
450 0 8 32 32 3.513685
450 0 16 32 32 5.041010
450 0 24 32 32 6.569153
450 0 128 32 32 2.966187
450 8 24 32 32 3.639748
450 24 128 32 32 1.546594
450 176 112 32 32 3.923676
450 264 112 32 32 1.200518
450 272 112 32 32 5.197372
450 272 128 32 32 5.427705
450 280 112 32 32 4.941007
450 0 14 28 28 2.692782
450 0 21 28 28 3.401126
450 0 133 28 28 4.457845
450 7 0 28 28 1.240288
450 7 7 28 28 2.028372
450 7 14 28 28 2.339563
450 7 21 28 28 3.379647
450 7 133 28 28 2.200814
450 21 133 28 28 0.193178
450 112 126 28 28 1.476692
450 112 133 28 28 2.091672
450 119 126 28 28 3.566681
450 119 133 28 28 2.147944
450 126 126 28 28 2.909347
450 126 133 28 28 3.220189
450 154 126 28 28 0.881758
450 154 133 28 28 0.119010
450 168 119 28 28 0.058978
450 336 112 28 28 2.752675
450 336 119 28 28 1.377310
450 336 126 28 28 2.807102
450 343 112 28 28 2.979471
450 343 119 28 28 5.854072
450 343 126 28 28 3.843883
450 350 112 28 28 1.644685
450 350 119 28 28 4.868976
450 350 126 28 28 3.746482
450 350 133 28 28 1.662716
450 357 119 28 28 0.181565
450 357 126 28 28 2.937257
450 357 133 28 28 2.693986
450 448 0 28 28 1.382699
450 12 0 24 24 1.840890
450 12 6 24 24 0.701808
450 12 12 24 24 1.735338
450 12 18 24 24 0.755074
450 18 0 24 24 0.250349
450 192 108 24 24 1.283408
450 198 108 24 24 1.865977
450 204 108 24 24 4.012173
450 204 114 24 24 3.047977
450 288 108 24 24 3.402861
450 288 114 24 24 2.761554
450 294 96 24 24 2.735069
450 294 102 24 24 1.109558
450 294 108 24 24 1.246286
450 294 114 24 24 4.235058
450 300 96 24 24 2.543779
450 300 102 24 24 3.806947
450 300 108 24 24 3.138994
450 300 114 24 24 6.003034
450 300 192 24 24 0.215819
450 306 96 24 24 2.678475
450 306 102 24 24 5.238369
450 306 108 24 24 3.846724
450 306 114 24 24 5.948410
480 0 16 64 64 1.470802
480 0 32 64 64 1.222411
480 16 16 64 64 0.624633
480 256 16 64 64 2.160554
480 256 32 64 64 2.145217
480 272 0 64 64 0.147295
480 272 16 64 64 1.892496
480 160 170 40 40 2.925190
480 160 180 40 40 3.195544
480 9 126 36 36 0.199661
480 18 126 36 36 0.843933
480 288 144 36 36 2.782792
480 315 126 36 36 0.233590
480 0 24 32 32 1.236816
480 0 128 32 32 0.278084
480 8 128 32 32 0.733673
480 16 128 32 32 3.363590
480 24 128 32 32 2.414678
480 128 128 32 32 2.680394
480 136 128 32 32 3.757026
480 144 128 32 32 2.828878
480 176 128 32 32 0.738741
480 176 152 32 32 0.726100
480 192 112 32 32 0.311007
480 272 128 32 32 1.335907
480 280 144 32 32 2.176527
480 280 152 32 32 5.974591
480 384 128 32 32 0.900044
480 392 128 32 32 3.225608
480 400 128 32 32 4.028854
480 408 128 32 32 2.987045
480 0 0 28 28 1.119911
480 0 7 28 28 1.465667
480 0 14 28 28 3.419591
480 0 21 28 28 0.067697
480 112 133 28 28 2.316955
480 119 133 28 28 3.844572
480 126 126 28 28 0.568864
480 126 133 28 28 3.303079
480 154 133 28 28 2.501957
480 336 119 28 28 0.469525
480 336 126 28 28 1.911508
480 343 98 28 28 0.187667
480 343 112 28 28 0.189343
480 343 119 28 28 2.078581
480 343 126 28 28 4.488115
480 350 119 28 28 2.949648
480 350 126 28 28 4.456956
480 357 119 28 28 1.873776
480 357 126 28 28 3.170700
480 0 6 24 24 0.114065
480 0 18 24 24 2.067758
480 6 6 24 24 0.536524
480 6 12 24 24 0.587121
480 6 18 24 24 0.910027
480 192 198 24 24 1.368105
480 192 204 24 24 1.414785
480 300 114 24 24 0.299069
480 306 102 24 24 1.022056
480 306 108 24 24 3.172426
480 306 114 24 24 2.163285
480 486 192 24 24 3.460226
480 486 198 24 24 3.859216
480 486 204 24 24 1.415000
480 492 192 24 24 0.365804
510 288 32 64 64 0.030990
510 288 24 48 48 0.158259
510 288 24 48 48 0.158259
510 160 170 40 40 3.231125
510 27 126 36 36 1.867056
510 162 153 36 36 0.445038
510 162 162 36 36 1.417719
510 162 171 36 36 4.546227
510 288 126 36 36 3.565664
510 0 128 32 32 2.997807
510 128 128 32 32 1.782446
510 136 128 32 32 6.387715
510 144 128 32 32 7.177140
510 176 112 32 32 2.785191
510 176 128 32 32 0.231317
510 176 152 32 32 0.697289
510 192 112 32 32 1.473716
510 272 136 32 32 5.344840
510 272 144 32 32 3.904377
510 280 136 32 32 3.772023
510 280 144 32 32 6.582275
510 280 152 32 32 2.395704
510 400 112 32 32 0.904455
510 408 112 32 32 0.811042
510 112 133 28 28 0.491949
510 154 126 28 28 1.471940
510 154 133 28 28 4.444863
510 357 112 28 28 2.786031
510 357 119 28 28 1.265401
510 192 192 24 24 1.576856
510 192 198 24 24 0.861386
510 402 114 24 24 0.118729
540 256 0 64 64 0.971538
540 256 16 64 64 3.761693
540 256 32 64 64 3.834160
540 256 48 64 64 1.889988
540 272 0 64 64 2.048205
540 272 16 64 64 0.518392
540 272 32 64 64 0.076637
540 288 0 64 64 0.617691
540 420 168 48 48 1.233703
540 420 168 48 48 1.233703
540 385 154 44 44 1.106650
540 160 160 40 40 5.071850
540 160 170 40 40 5.060550
540 350 140 40 40 3.118464
540 0 126 36 36 1.696984
540 9 126 36 36 3.704594
540 18 126 36 36 2.308836
540 162 171 36 36 4.675804
540 0 136 32 32 0.767731
540 0 144 32 32 0.569910
540 8 136 32 32 3.720090
540 8 144 32 32 5.274655
540 16 136 32 32 0.861156
540 16 144 32 32 2.976053
540 24 136 32 32 2.610742
540 128 128 32 32 2.562420
540 136 128 32 32 6.069489
540 144 128 32 32 6.295286
540 192 112 32 32 2.630061
540 280 112 32 32 2.344061
540 280 136 32 32 0.934739
540 154 133 28 28 2.437690
540 336 98 28 28 0.026257
540 448 224 28 28 1.239632
540 448 231 28 28 2.927414
540 455 224 28 28 2.918950
540 455 231 28 28 5.026133
540 455 238 28 28 1.848134
540 462 224 28 28 5.022470
540 462 231 28 28 7.543571
540 462 238 28 28 4.988829
540 469 224 28 28 2.718729
540 469 231 28 28 6.353134
540 469 238 28 28 4.762440
540 192 192 24 24 0.696158
540 192 210 24 24 0.430109
540 198 192 24 24 0.386694
540 294 210 24 24 2.113379
540 384 114 24 24 0.123098
540 384 192 24 24 2.730211
540 384 198 24 24 0.399364
540 390 198 24 24 0.158481
540 498 114 24 24 1.145378
570 256 16 64 64 1.622813
570 256 32 64 64 2.256261
570 256 48 64 64 0.210499
570 272 0 64 64 0.759584
570 272 16 64 64 5.767222
570 272 32 64 64 6.034668
570 288 16 64 64 2.096475
570 288 32 64 64 3.579414
570 384 24 48 48 0.254716
570 384 24 48 48 0.254716
570 385 33 44 44 0.259064
570 160 160 40 40 1.451220
570 160 170 40 40 3.529604
570 170 160 40 40 1.921169
570 170 170 40 40 1.106114
570 0 126 36 36 3.404599
570 288 126 36 36 0.929859
570 297 126 36 36 0.553865
570 306 126 36 36 0.047613
570 315 126 36 36 3.079251
570 0 112 32 32 0.774604
570 0 128 32 32 0.417102
570 0 136 32 32 1.605680
570 8 128 32 32 0.031640
570 8 136 32 32 4.313739
570 144 112 32 32 2.782315
570 192 112 32 32 3.444838
570 0 126 28 28 1.715543
570 7 126 28 28 1.209088
570 14 119 28 28 0.970126
570 14 126 28 28 0.338007
570 21 126 28 28 1.053963
570 154 112 28 28 4.748996
570 154 119 28 28 1.275676
570 168 112 28 28 1.089116
570 168 119 28 28 3.381582
570 168 126 28 28 1.449311
570 462 224 28 28 0.029791
570 469 224 28 28 2.551111
570 192 210 24 24 1.353916
570 198 210 24 24 1.463692
570 204 192 24 24 0.302144
570 300 210 24 24 0.023632
570 306 210 24 24 1.152874
570 384 192 24 24 2.229199
570 384 198 24 24 2.715584
570 390 192 24 24 3.374952
570 390 198 24 24 2.622334
570 390 204 24 24 0.983887
570 396 198 24 24 2.580764
570 396 204 24 24 2.841615
600 0 16 64 64 0.243704
600 256 32 64 64 2.129075
600 256 48 64 64 4.754911
600 272 0 64 64 1.350654
600 272 32 64 64 2.107052
600 272 48 64 64 5.035346
600 288 0 64 64 5.090812
600 288 16 64 64 1.780720
600 288 32 64 64 6.057099
600 288 48 64 64 9.798117
600 396 36 48 48 0.818875
600 408 36 48 48 0.587694
600 396 36 48 48 0.818875
600 408 36 48 48 0.587694
600 352 11 44 44 1.392134
600 352 22 44 44 5.392412
600 352 33 44 44 3.160345
600 170 160 40 40 3.352806
600 170 170 40 40 3.522164
600 180 160 40 40 2.140369
600 180 170 40 40 0.709701
600 350 140 40 40 4.345824
600 128 112 32 32 2.678241
600 136 112 32 32 3.611991
600 144 112 32 32 0.844999
600 192 112 32 32 3.252524
600 192 152 32 32 0.442871
600 126 133 28 28 0.244556
600 168 119 28 28 1.781677
600 462 112 28 28 1.818621
600 462 119 28 28 2.283972
600 469 14 28 28 3.124890
600 18 18 24 24 1.147068
600 204 210 24 24 1.367783
600 210 192 24 24 0.142852
600 390 192 24 24 1.515894
600 480 18 24 24 3.173230
600 480 198 24 24 0.558940
600 480 204 24 24 3.113239
600 480 210 24 24 1.426551
600 486 18 24 24 0.899627
600 486 198 24 24 0.655517
600 486 204 24 24 2.806076
600 486 210 24 24 1.991000
600 492 198 24 24 1.877168
600 492 204 24 24 0.858106
600 492 210 24 24 0.658828
600 498 198 24 24 0.647845
630 0 16 64 64 1.106364
630 0 32 64 64 2.114276
630 352 0 64 64 4.935160
630 352 16 64 64 1.160509
630 396 0 48 48 0.061773
630 396 12 48 48 2.535233
630 396 24 48 48 1.056835
630 396 0 48 48 0.061773
630 396 12 48 48 2.535233
630 396 24 48 48 1.056835
630 198 154 44 44 3.685598
630 220 160 40 40 1.543190
630 220 170 40 40 3.652969
630 27 126 36 36 1.360216
630 216 171 36 36 1.691836
630 450 162 36 36 2.613480
630 450 171 36 36 2.982193
630 459 162 36 36 2.193247
630 459 171 36 36 5.221449
630 192 112 32 32 0.001480
630 154 126 28 28 1.670986
630 154 133 28 28 4.253025
630 168 126 28 28 2.002810
630 168 133 28 28 2.298146
630 231 112 28 28 1.120707
630 231 119 28 28 2.219093
630 231 126 28 28 0.274390
630 238 119 28 28 2.922531
630 238 126 28 28 3.811771
630 238 133 28 28 2.172382
630 245 119 28 28 2.603768
630 245 126 28 28 3.261397
630 245 133 28 28 1.818960
630 12 0 24 24 0.887909
630 18 0 24 24 4.409974
630 480 204 24 24 2.077364
630 480 210 24 24 1.912770
630 486 204 24 24 1.051919
630 486 210 24 24 3.804415
630 492 210 24 24 1.895099
660 32 32 64 64 0.096974
660 306 162 36 36 2.464674
660 306 171 36 36 4.939352
660 315 171 36 36 3.534879
660 192 112 32 32 2.376737
660 264 112 32 32 0.139385
660 272 112 32 32 4.777515
660 272 128 32 32 0.172715
660 280 112 32 32 4.144807
660 112 14 28 28 2.891838
660 112 21 28 28 1.799852
660 238 112 28 28 0.482569
660 245 112 28 28 2.099423
660 102 0 24 24 4.964076
660 102 6 24 24 5.450859
660 108 0 24 24 2.382165
660 108 6 24 24 5.965827
660 108 12 24 24 1.282908
660 108 18 24 24 2.295844
660 384 102 24 24 0.236503
660 384 108 24 24 4.447968
660 384 114 24 24 0.308019
660 402 114 24 24 2.638295
690 0 32 64 64 0.630143
690 16 32 64 64 1.936709
690 16 48 64 64 0.273942
690 12 36 48 48 0.427509
690 24 36 48 48 3.815379
690 36 36 48 48 2.577243
690 12 36 48 48 0.427509
690 24 36 48 48 3.815379
690 36 36 48 48 2.577243
690 352 154 44 44 2.900011
690 352 176 44 44 3.673430
690 363 154 44 44 2.868380
690 363 176 44 44 1.003609
690 330 180 40 40 0.175743
690 340 180 40 40 2.545339
690 340 190 40 40 0.058309
690 350 180 40 40 2.324671
690 350 190 40 40 2.139166
690 0 18 36 36 0.038256
690 8 24 32 32 1.453820
690 128 136 32 32 0.605583
690 128 144 32 32 5.287058
690 136 136 32 32 1.635000
690 136 144 32 32 4.892231
690 192 112 32 32 1.443622
690 272 112 32 32 2.008687
690 280 112 32 32 3.968064
690 400 152 32 32 1.283586
690 224 133 28 28 0.506472
690 231 133 28 28 1.556751
690 238 133 28 28 1.991450
690 245 133 28 28 4.864242
690 336 126 28 28 0.531026
690 448 112 28 28 0.344153
690 96 12 24 24 1.802860
690 96 18 24 24 2.855988
690 102 18 24 24 3.065807
690 108 0 24 24 0.771842
690 132 114 24 24 0.055186
720 0 48 64 64 1.408917
720 352 187 44 44 1.897703
720 352 198 44 44 0.112168
720 363 176 44 44 4.414300
720 363 187 44 44 6.903274
720 363 198 44 44 5.020443
720 374 176 44 44 1.453396
720 374 187 44 44 6.106419
720 374 198 44 44 4.850296
720 385 187 44 44 2.704866
720 30 140 40 40 1.102332
720 27 144 36 36 1.407299
720 162 126 36 36 1.352936
720 264 128 32 32 2.469424
720 264 136 32 32 0.852967
720 21 98 28 28 0.086820
720 21 112 28 28 3.031323
720 154 126 28 28 2.297000
720 154 133 28 28 0.579255
720 168 126 28 28 1.073435
720 168 133 28 28 1.791412
720 224 133 28 28 6.275291
720 231 133 28 28 0.441273
720 462 98 28 28 0.785484
720 469 98 28 28 7.650403
720 210 114 24 24 1.575927
720 480 96 24 24 2.540275
720 480 102 24 24 6.946247
720 480 108 24 24 6.908551
720 480 114 24 24 3.665452
720 486 102 24 24 5.751197
720 486 108 24 24 7.652725
720 486 114 24 24 5.958194
720 492 102 24 24 3.417363
720 492 108 24 24 8.017936
720 492 114 24 24 7.900715
720 498 108 24 24 1.209913
720 498 114 24 24 0.509653
750 384 204 48 48 1.795365
750 396 192 48 48 3.303308
750 396 204 48 48 3.288540
750 396 216 48 48 2.436941
750 408 192 48 48 2.533705
750 408 204 48 48 2.731447
750 408 216 48 48 2.112006
750 384 204 48 48 1.795365
750 396 192 48 48 3.303308
750 396 204 48 48 3.288540
750 396 216 48 48 2.436941
750 408 192 48 48 2.533705
750 408 204 48 48 2.731447
750 408 216 48 48 2.112006
750 198 126 36 36 1.539306
750 0 136 32 32 2.180417
750 0 144 32 32 2.619015
750 8 136 32 32 3.036107
750 8 144 32 32 3.670559
750 128 128 32 32 0.838979
750 136 112 32 32 0.913099
750 408 152 32 32 2.468161
750 7 0 28 28 1.985896
750 119 126 28 28 1.095437
750 119 133 28 28 1.918765
750 126 0 28 28 0.751572
750 126 133 28 28 0.902512
750 224 112 28 28 1.023379
750 231 112 28 28 0.225616
750 231 119 28 28 0.583377
750 357 119 28 28 0.640539
750 357 126 28 28 0.229281
750 448 98 28 28 3.793603
750 455 98 28 28 0.585308
750 462 98 28 28 0.502185
750 469 112 28 28 2.888483
750 469 119 28 28 1.767333
750 18 12 24 24 0.907564
750 132 6 24 24 3.815826
750 132 12 24 24 2.320965
750 480 102 24 24 2.991883
750 480 114 24 24 0.573779
750 486 102 24 24 0.884854
750 486 114 24 24 1.760940
750 492 114 24 24 0.185791
750 498 114 24 24 2.748144
780 0 140 40 40 1.679510
780 0 153 36 36 1.312325
780 9 153 36 36 2.109659
780 216 126 36 36 1.463815
780 288 126 36 36 3.357596
780 297 126 36 36 1.045670
780 128 128 32 32 0.486600
780 176 128 32 32 0.374446
780 280 136 32 32 0.663807
780 280 144 32 32 0.329094
780 280 152 32 32 1.055054
780 14 133 28 28 1.171991
780 126 133 28 28 2.075401
780 231 112 28 28 2.244587
780 231 119 28 28 3.894418
780 238 112 28 28 3.419291
780 238 119 28 28 4.157786
780 245 112 28 28 4.091817
780 245 119 28 28 4.952129
780 448 98 28 28 2.502168
780 448 119 28 28 0.818142
780 448 126 28 28 2.653507
780 448 133 28 28 0.278445
780 455 98 28 28 1.650459
780 455 112 28 28 0.823611
780 455 119 28 28 3.140224
780 455 126 28 28 5.357891
780 455 133 28 28 4.100996
780 462 119 28 28 2.310292
780 462 126 28 28 4.438197
780 462 133 28 28 2.219846
780 469 126 28 28 1.974652
780 18 0 24 24 0.333917
810 0 140 40 40 5.311909
810 10 140 40 40 0.119848
810 0 144 36 36 1.919223
810 0 153 36 36 4.677795
810 9 144 36 36 4.431107
810 9 153 36 36 2.934026
810 198 126 36 36 3.756893
810 216 126 36 36 6.095975
810 8 112 32 32 1.913211
810 16 112 32 32 1.161785
810 128 112 32 32 2.208532
810 136 112 32 32 1.044706
810 136 128 32 32 2.857869
810 192 128 32 32 1.670944
810 192 136 32 32 4.603649
810 192 144 32 32 0.809651
810 272 24 32 32 0.144853
810 392 144 32 32 3.412898
810 400 136 32 32 3.665647
810 400 144 32 32 6.956236
810 400 152 32 32 3.456979
810 408 136 32 32 2.191091
810 408 144 32 32 5.756006
810 408 152 32 32 2.450099
810 14 126 28 28 2.582121
810 21 126 28 28 4.680753
810 21 133 28 28 3.961864
810 154 133 28 28 2.064500
810 462 126 28 28 0.721143
810 469 126 28 28 0.035442
810 18 192 24 24 0.783826
840 350 180 40 40 0.972551
840 0 126 36 36 1.592984
840 0 112 32 32 7.472407
840 0 128 32 32 4.630900
840 8 112 32 32 6.812541
840 8 128 32 32 5.722495
840 8 136 32 32 1.112719
840 16 112 32 32 5.087045
840 16 128 32 32 2.786239
840 24 112 32 32 5.328711
840 24 128 32 32 3.169265
840 128 136 32 32 1.891393
840 136 136 32 32 2.515377
840 144 136 32 32 1.484358
840 176 144 32 32 6.538587
840 192 136 32 32 1.053923
840 192 144 32 32 7.172368
840 0 126 28 28 0.448653
840 0 133 28 28 4.217238
840 7 126 28 28 2.110390
840 7 133 28 28 4.241545
840 14 119 28 28 6.820968
840 14 126 28 28 8.135368
840 14 133 28 28 4.495411
840 21 119 28 28 6.421653
840 21 126 28 28 6.447620
840 21 133 28 28 5.150236
840 288 96 24 24 4.681421
840 288 102 24 24 4.562366
840 294 96 24 24 3.582171
840 294 102 24 24 5.513662
840 300 96 24 24 1.568416
840 300 102 24 24 4.759378
840 306 96 24 24 0.286526
840 306 102 24 24 4.096736
840 306 198 24 24 0.119540
870 264 154 44 44 3.301552
870 0 126 36 36 7.203477
870 288 126 36 36 0.697930
870 288 171 36 36 0.189636
870 450 288 36 36 0.909359
870 0 128 32 32 2.777932
870 0 136 32 32 4.525099
870 8 128 32 32 0.555987
870 8 136 32 32 4.846667
870 128 112 32 32 3.363046
870 136 112 32 32 2.815089
870 192 112 32 32 4.317087
870 0 98 28 28 0.255200
870 119 119 28 28 3.218051
870 119 126 28 28 1.112399
870 126 119 28 28 3.691399
870 126 126 28 28 3.859617
870 224 119 28 28 4.259305
870 231 119 28 28 3.378006
870 238 112 28 28 3.303296
870 238 119 28 28 2.556258
870 245 112 28 28 4.588452
870 245 119 28 28 4.879540
870 0 102 24 24 4.591932
870 0 108 24 24 6.149201
870 0 114 24 24 4.602249
870 6 102 24 24 2.577658
870 6 108 24 24 4.036398
870 6 114 24 24 1.370235
870 12 102 24 24 0.207432
870 12 108 24 24 2.169564
870 486 114 24 24 2.071315
870 492 114 24 24 1.227867
870 498 114 24 24 0.135814
900 16 0 64 64 1.124662
900 16 16 64 64 2.145850
900 32 16 64 64 0.327742
900 192 168 48 48 1.018737
900 204 168 48 48 3.765376
900 192 168 48 48 1.018737
900 204 168 48 48 3.765376
900 220 170 40 40 0.407205
900 220 180 40 40 0.980584
900 176 112 32 32 4.433836
900 192 112 32 32 2.790892
900 168 119 28 28 3.897144
900 168 126 28 28 4.113831
900 231 126 28 28 0.659249
900 462 112 28 28 1.017219
930 0 16 64 64 2.815940
930 32 16 64 64 1.455837
930 48 16 64 64 2.309949
930 48 32 64 64 0.174918
930 153 144 36 36 2.470742
930 153 153 36 36 0.690613
930 162 144 36 36 1.473899
930 441 126 36 36 0.008609
930 128 112 32 32 2.026302
930 144 128 32 32 1.670468
930 176 0 32 32 1.089367
930 112 112 28 28 2.408064
930 112 119 28 28 5.998201
930 112 126 28 28 0.505737
930 119 112 28 28 1.097174
930 119 119 28 28 3.057526
930 126 112 28 28 0.836725
930 126 119 28 28 3.044482
930 168 133 28 28 2.209765
930 245 119 28 28 0.366036
930 357 119 28 28 0.562799
930 357 126 28 28 1.033827
930 455 126 28 28 1.248562
930 455 133 28 28 2.015622
930 462 133 28 28 3.700490
930 469 133 28 28 4.167175
930 0 84 24 24 2.151353
930 6 84 24 24 2.679905
930 6 102 24 24 2.298641
930 6 108 24 24 1.518193
930 102 114 24 24 0.023115
930 402 306 24 24 2.244667
960 352 0 64 64 1.003275
960 384 36 48 48 2.250879
960 396 36 48 48 1.979061
960 384 36 48 48 2.250879
960 396 36 48 48 1.979061
960 0 112 32 32 0.206014
960 136 128 32 32 3.373896
960 144 128 32 32 0.238611
960 0 112 28 28 1.592765
960 7 112 28 28 0.179167
960 7 119 28 28 1.746034
960 14 112 28 28 0.967415
960 14 119 28 28 0.850580
960 21 112 28 28 0.725987
960 112 224 28 28 0.974377
960 336 224 28 28 0.933022
960 455 112 28 28 0.700780
990 384 36 48 48 0.868851
990 396 36 48 48 1.344263
990 384 36 48 48 0.868851
990 396 36 48 48 1.344263
990 0 112 32 32 3.233107
990 8 112 32 32 0.906641
990 128 128 32 32 1.337832
990 128 136 32 32 0.507855
990 136 128 32 32 1.712256
990 144 128 32 32 0.667077
990 256 152 32 32 0.167977
990 0 119 28 28 1.305107
990 0 126 28 28 0.665235
990 7 119 28 28 0.461071
990 7 126 28 28 2.867859
990 14 119 28 28 0.965094
990 14 126 28 28 2.706720
990 21 119 28 28 2.156308
990 21 126 28 28 1.998060
990 336 238 28 28 3.623955
990 336 245 28 28 1.502206
990 343 238 28 28 1.978577
990 357 133 28 28 0.930184
990 448 112 28 28 3.451231
990 455 112 28 28 3.156046
990 455 119 28 28 0.389673
990 462 112 28 28 0.920121
990 144 96 24 24 1.272075
1020 352 16 64 64 0.377754
1020 0 154 44 44 2.389839
1020 0 160 40 40 3.832616
1020 0 170 40 40 3.204801
1020 0 180 40 40 2.442321
1020 10 160 40 40 1.356110
1020 10 180 40 40 1.011922
1020 9 171 36 36 2.530184
1020 128 144 32 32 0.514551
1020 336 245 28 28 3.061404
1020 343 245 28 28 2.006203
1020 448 119 28 28 4.426458
1020 455 119 28 28 3.486624
1020 455 126 28 28 1.627196
1020 462 119 28 28 3.061219
1020 462 126 28 28 0.508120
1020 144 96 24 24 0.027445
1020 144 102 24 24 2.732802
1020 144 108 24 24 1.017666
1020 402 108 24 24 0.910319
1050 320 140 40 40 1.092847
1050 8 128 32 32 2.951722
1050 16 128 32 32 1.249804
1050 128 136 32 32 3.001426
1050 128 144 32 32 5.046945
1050 128 152 32 32 2.181701
1050 136 136 32 32 3.577013
1050 136 144 32 32 4.164023
1050 136 152 32 32 0.820166
1050 144 136 32 32 1.042680
1050 144 144 32 32 0.051751
1050 0 126 28 28 2.322481
1050 0 133 28 28 2.884883
1050 7 133 28 28 1.728224
1050 14 133 28 28 5.216247
1050 21 126 28 28 0.216233
1050 21 133 28 28 8.331070
1050 336 245 28 28 1.497110
1050 343 245 28 28 0.955653
1050 448 119 28 28 2.759646
1050 448 126 28 28 1.314342
1050 455 126 28 28 3.699011
1050 462 126 28 28 2.843873
1050 144 102 24 24 0.759287
1050 144 108 24 24 1.002909
1080 0 128 32 32 0.386821
1080 8 128 32 32 0.388245
1080 0 126 28 28 0.779287
1080 0 133 28 28 2.031648
1080 7 133 28 28 2.465374
1080 14 133 28 28 3.215460
1080 21 133 28 28 3.430603
1080 448 119 28 28 1.633249
1080 448 126 28 28 3.908648
1080 455 126 28 28 4.352211
1080 462 126 28 28 3.144893
1080 144 108 24 24 3.121101
1080 144 114 24 24 0.636271
1110 0 128 32 32 1.297729
1110 24 128 32 32 0.060794
1110 0 133 28 28 1.892804
1110 7 133 28 28 0.633276
1110 14 133 28 28 2.067780
1110 21 133 28 28 3.028361
1110 448 126 28 28 4.595419
1110 448 133 28 28 0.091971
1110 455 126 28 28 3.266433
1110 455 133 28 28 2.033813
1110 462 126 28 28 2.899275
1110 462 133 28 28 1.185142
1110 144 108 24 24 1.711445
1110 144 114 24 24 1.034967
1140 0 128 32 32 2.214302
1140 8 128 32 32 1.207268
1140 16 128 32 32 0.081614
1140 24 128 32 32 1.304034
1140 0 133 28 28 2.420382
1140 7 133 28 28 1.166949
1140 14 133 28 28 3.372406
1140 21 133 28 28 5.378337
1140 448 126 28 28 4.466019
1140 448 133 28 28 0.278204
1140 455 126 28 28 3.126168
1140 455 133 28 28 1.848410
1140 462 126 28 28 2.073536
1140 462 133 28 28 0.613059
1140 144 108 24 24 1.297073
1140 144 114 24 24 0.536308
1170 0 128 32 32 3.143793
1170 8 128 32 32 0.576022
1170 128 144 32 32 0.296343
1170 128 152 32 32 1.320968
1170 0 133 28 28 2.976163
1170 7 133 28 28 0.833579
1170 14 133 28 28 2.391371
1170 21 133 28 28 3.479975
1170 448 126 28 28 4.801556
1170 448 133 28 28 0.719050
1170 455 126 28 28 1.990556
1170 455 133 28 28 2.834207
1170 462 126 28 28 1.820914
1170 462 133 28 28 2.346004
1170 144 108 24 24 1.418210
1170 144 114 24 24 0.730306
1200 0 128 32 32 1.245629
1200 128 144 32 32 0.280750
1200 128 152 32 32 0.907610
1200 0 133 28 28 2.546408
1200 14 133 28 28 2.046510
1200 21 133 28 28 3.827301
1200 448 126 28 28 5.176267
1200 448 133 28 28 1.067599
1200 455 126 28 28 2.220971
1200 455 133 28 28 2.758319
1200 462 126 28 28 1.318168
1200 462 133 28 28 1.865914
1200 144 108 24 24 1.596124
1200 144 114 24 24 0.914618
1230 0 128 32 32 1.734437
1230 128 152 32 32 0.606855
1230 0 133 28 28 3.685712
1230 7 133 28 28 1.104027
1230 14 133 28 28 1.412142
1230 21 133 28 28 1.800574
1230 448 126 28 28 3.983259
1230 448 133 28 28 0.096541
1230 455 126 28 28 1.470024
1230 455 133 28 28 2.471862
1230 462 126 28 28 1.065627
1230 462 133 28 28 1.725850
1230 144 108 24 24 2.081201
1230 144 114 24 24 1.476733
1260 0 128 32 32 2.272157
1260 8 128 32 32 0.054959
1260 128 152 32 32 0.337361
1260 0 133 28 28 4.083901
1260 7 133 28 28 2.100613
1260 14 133 28 28 1.917588
1260 21 133 28 28 1.411534
1260 112 245 28 28 0.429365
1260 448 126 28 28 4.904930
1260 448 133 28 28 0.601271
1260 455 126 28 28 1.968685
1260 455 133 28 28 2.833801
1260 462 126 28 28 1.317247
1260 462 133 28 28 2.178252
1260 144 108 24 24 1.872046
1260 144 114 24 24 1.714535
1260 402 114 24 24 0.388019
1290 0 128 32 32 2.216491
1290 8 128 32 32 0.495639
1290 24 128 32 32 0.594200
1290 128 152 32 32 0.984046
1290 0 133 28 28 3.268297
1290 7 133 28 28 1.305748
1290 14 133 28 28 1.729386
1290 21 133 28 28 2.187235
1290 448 126 28 28 4.143467
1290 448 133 28 28 0.430886
1290 455 126 28 28 1.437418
1290 455 133 28 28 2.408031
1290 462 126 28 28 1.259570
1290 462 133 28 28 1.940526
1290 144 108 24 24 1.296249
1290 144 114 24 24 0.268126
1320 0 128 32 32 2.226889
1320 128 152 32 32 0.161885
1320 0 133 28 28 3.523605
1320 7 133 28 28 1.567617
1320 14 133 28 28 2.149800
1320 21 133 28 28 1.482116
1320 112 245 28 28 0.082969
1320 448 126 28 28 4.900047
1320 448 133 28 28 0.389875
1320 455 126 28 28 2.284993
1320 455 133 28 28 2.260498
1320 462 126 28 28 1.426366
1320 462 133 28 28 1.344481
1320 144 108 24 24 1.295197
1320 144 114 24 24 0.386289
1350 0 128 32 32 1.514208
1350 0 133 28 28 3.174710
1350 7 133 28 28 1.240899
1350 14 133 28 28 2.840125
1350 21 133 28 28 2.345162
1350 448 126 28 28 4.759836
1350 448 133 28 28 0.808305
1350 455 126 28 28 2.228375
1350 455 133 28 28 2.894984
1350 462 126 28 28 1.833488
1350 462 133 28 28 2.170926
1350 144 108 24 24 1.596849
1350 144 114 24 24 1.070590
1380 128 144 32 32 0.353106
1380 128 152 32 32 0.516812
1380 0 126 28 28 0.498713
1380 0 133 28 28 2.965758
1380 448 126 28 28 4.887563
1380 448 133 28 28 1.018636
1380 455 126 28 28 2.225073
1380 455 133 28 28 2.999040
1380 462 126 28 28 1.647403
1380 462 133 28 28 2.300971
1380 144 108 24 24 1.345271
1380 144 114 24 24 0.803738
1410 0 128 32 32 2.839239
1410 8 128 32 32 0.448188
1410 128 144 32 32 3.525376
1410 128 152 32 32 7.680966
1410 136 144 32 32 0.005077
1410 0 133 28 28 4.662864
1410 7 133 28 28 3.025434
1410 14 133 28 28 2.756257
1410 21 133 28 28 1.154637
1410 448 126 28 28 5.114202
1410 448 133 28 28 0.444985
1410 455 126 28 28 1.850221
1410 455 133 28 28 2.563013
1410 462 126 28 28 1.152649
1410 462 133 28 28 1.570997
1410 108 192 24 24 0.624496
1410 144 108 24 24 1.408008
1410 144 114 24 24 0.915303
1440 320 140 40 40 0.985347
1440 0 126 36 36 1.315028
1440 9 126 36 36 3.065643
1440 18 126 36 36 0.086407
1440 0 128 32 32 0.159348
1440 0 136 32 32 0.021467
1440 8 136 32 32 2.121096
1440 16 128 32 32 0.372727
1440 16 136 32 32 3.105214
1440 24 144 32 32 0.401774
1440 128 144 32 32 2.417137
1440 128 152 32 32 1.349575
1440 136 144 32 32 3.393583
1440 136 152 32 32 2.406973
1440 0 133 28 28 1.405808
1440 126 98 28 28 0.385667
1440 448 126 28 28 4.344267
1440 448 133 28 28 1.678262
1440 455 126 28 28 0.605916
1440 455 133 28 28 3.771366
1440 462 126 28 28 1.126653
1440 462 133 28 28 3.271326
1440 132 108 24 24 2.841023
1440 144 102 24 24 1.500189
1440 144 108 24 24 2.599579
1470 0 128 32 32 2.317311
1470 8 128 32 32 0.192892
1470 0 133 28 28 3.084367
1470 7 133 28 28 1.173591
1470 14 133 28 28 1.293453
1470 21 133 28 28 0.120285
1470 448 126 28 28 4.035616
1470 448 133 28 28 1.490960
1470 455 126 28 28 0.311775
1470 455 133 28 28 3.925529
1470 462 133 28 28 2.970839
1500 8 136 32 32 0.216920
1500 128 152 32 32 1.375342
1500 136 144 32 32 0.715089
1500 136 152 32 32 3.709103
1500 144 152 32 32 0.960468
1500 384 112 32 32 2.106334
1500 0 133 28 28 0.953657
1500 448 126 28 28 2.945580
1500 448 133 28 28 3.509986
1500 455 133 28 28 4.141474
1500 462 133 28 28 3.007424
1500 132 198 24 24 0.018805
1500 144 114 24 24 2.072157
1530 352 32 64 64 0.149863
1530 30 140 40 40 7.829348
1530 0 126 36 36 1.167780
1530 9 126 36 36 1.584962
1530 0 144 32 32 0.264703
1530 8 136 32 32 1.438534
1530 8 144 32 32 6.232167
1530 16 136 32 32 2.156305
1530 16 144 32 32 6.184517
1530 448 133 28 28 3.651122
1560 0 48 64 64 0.192801
1560 352 16 64 64 0.292529
1560 392 128 32 32 1.376329
1560 126 112 28 28 0.353739
1560 126 119 28 28 3.101048
1560 343 133 28 28 2.502496
1560 448 133 28 28 0.818107
1590 48 32 64 64 1.304506
1590 352 16 64 64 1.574737
1590 352 32 64 64 1.072297
1590 385 11 44 44 0.360083
1590 0 153 36 36 2.242684
1590 27 126 36 36 0.050005
1590 432 144 36 36 5.523655
1590 432 153 36 36 1.391177
1590 441 153 36 36 2.078465
1590 126 112 28 28 1.487559
1590 126 119 28 28 3.908923
1590 448 133 28 28 0.447535
1590 480 192 24 24 4.041600
1590 480 198 24 24 0.875388
1590 486 192 24 24 0.267877
1620 352 16 64 64 1.437381
1620 352 32 64 64 1.962945
1620 352 48 64 64 1.311098
1620 400 144 32 32 1.571932
1620 400 152 32 32 3.350845
1620 408 136 32 32 0.116852
1620 408 144 32 32 1.895440
1620 408 152 32 32 2.882780
1620 119 112 28 28 2.392437
1620 126 112 28 28 2.112756
1620 96 198 24 24 0.272158
1620 102 192 24 24 0.359337
1620 108 204 24 24 2.220041
1620 108 210 24 24 0.476381
1620 132 114 24 24 0.003477
1650 352 16 64 64 2.221906
1650 352 32 64 64 1.048740
1650 352 48 64 64 0.652683
1650 459 144 36 36 3.580136
1650 459 153 36 36 3.418503
1650 192 152 32 32 1.421440
1650 448 126 28 28 2.039081
1650 448 133 28 28 2.568391
1650 455 126 28 28 0.693080
1650 455 133 28 28 2.200832
1650 462 133 28 28 1.347657
1650 132 108 24 24 0.349475
1650 480 192 24 24 2.273390
1650 480 198 24 24 0.136470
1650 486 192 24 24 1.873295
1650 486 198 24 24 0.301941
1650 486 210 24 24 1.599456
1650 492 210 24 24 0.076503
1680 352 16 64 64 0.128804
1680 0 209 44 44 0.100724
1680 128 24 32 32 0.831125
1680 192 152 32 32 0.594120
1680 272 144 32 32 0.018617
1680 384 136 32 32 1.066103
1680 392 128 32 32 0.906091
1680 392 136 32 32 3.299636
1680 392 144 32 32 0.822369
1680 400 136 32 32 4.857913
1680 400 144 32 32 5.461917
1680 408 136 32 32 3.426539
1680 408 144 32 32 4.243846
1680 408 152 32 32 2.787366
1680 14 238 28 28 4.801657
1680 14 245 28 28 5.656319
1680 21 238 28 28 2.194028
1680 21 245 28 28 3.215435
1680 112 98 28 28 1.565107
1680 119 98 28 28 1.636318
1680 245 231 28 28 0.021456
1680 132 108 24 24 1.892110
1680 132 114 24 24 1.083709
1710 352 32 64 64 1.045920
1710 352 48 64 64 0.232513
1710 0 154 44 44 3.714468
1710 0 176 44 44 1.210300
1710 11 154 44 44 3.434795
1710 11 176 44 44 0.432533
1710 0 160 40 40 2.541820
1710 0 170 40 40 4.791640
1710 0 180 40 40 5.809128
1710 0 190 40 40 4.686347
1710 10 160 40 40 0.870718
1710 10 170 40 40 2.389794
1710 10 180 40 40 2.844195
1710 10 190 40 40 1.409511
1710 20 160 40 40 0.816009
1710 20 170 40 40 3.073298
1710 20 180 40 40 2.158782
1710 0 171 36 36 0.932340
1710 9 171 36 36 0.259406
1710 128 24 32 32 1.359750
1710 264 144 32 32 0.815808
1710 272 144 32 32 4.136986
1710 272 152 32 32 1.026959
1710 280 152 32 32 0.286186
1710 408 136 32 32 3.616274
1710 7 224 28 28 1.385321
1710 14 224 28 28 1.170074
1710 21 224 28 28 2.563077
1710 119 98 28 28 1.524357
1710 448 126 28 28 2.755289
1710 455 126 28 28 2.172519
1710 462 126 28 28 0.402724
1710 469 126 28 28 0.302921
1710 469 133 28 28 0.419593
1710 12 96 24 24 1.235690
1710 18 96 24 24 3.114455
1710 132 108 24 24 2.764562
1710 132 114 24 24 0.318318
1710 492 198 24 24 4.168450
1710 498 192 24 24 1.136437
1710 498 198 24 24 5.432283
1710 498 204 24 24 2.447442
1740 352 48 64 64 2.081825
1740 18 144 36 36 1.154569
1740 288 171 36 36 0.143378
1740 432 144 36 36 1.470172
1740 432 153 36 36 1.321173
1740 16 144 32 32 1.925843
1740 16 152 32 32 1.218536
1740 24 144 32 32 0.384881
1740 24 152 32 32 0.972163
1740 264 144 32 32 3.463215
1740 264 152 32 32 0.279708
1740 272 144 32 32 2.187193
1740 0 112 28 28 0.007128
1740 343 133 28 28 0.020685
1740 350 133 28 28 1.436958
1740 357 133 28 28 0.072260
1740 132 102 24 24 0.027147
1770 352 48 64 64 0.260595
1770 24 128 32 32 0.072883
1770 264 144 32 32 0.945346
1770 119 98 28 28 0.572170
1770 154 98 28 28 0.343810
1770 336 133 28 28 2.843173
1770 343 133 28 28 1.191638
1770 448 126 28 28 1.421705
1770 448 133 28 28 0.724553
1770 455 133 28 28 1.428012
1770 12 96 24 24 5.075037
1770 18 96 24 24 1.232822
1770 132 102 24 24 0.742366
1770 132 108 24 24 1.534974
1800 352 16 64 64 0.879664
1800 352 32 64 64 1.059534
1800 128 24 32 32 0.213456
1800 384 112 32 32 0.009147
1800 392 112 32 32 2.250280
1800 400 112 32 32 1.319820
1800 400 128 32 32 3.905776
1800 400 136 32 32 1.702228
1800 408 128 32 32 1.480438
1800 408 136 32 32 0.459451
1800 119 98 28 28 1.012662
1800 448 133 28 28 2.550715
1800 455 133 28 28 3.234284
1800 462 133 28 28 0.388931
1800 469 133 28 28 0.318273
1800 6 204 24 24 2.053555
1800 6 210 24 24 2.019782
1800 12 204 24 24 2.287127
1800 12 210 24 24 1.524609
1800 402 114 24 24 0.359778
1830 352 16 64 64 1.605361
1830 264 228 48 48 0.552650
1830 264 228 48 48 0.552650
1830 128 24 32 32 0.838621
1830 264 152 32 32 1.091386
1830 0 119 28 28 1.661181
1830 343 133 28 28 1.571343
1830 448 133 28 28 3.546818
1830 455 133 28 28 4.761248
1830 462 133 28 28 0.410368
1830 132 114 24 24 1.400123
