30 256 16 64 64 0.886960
30 256 32 64 64 0.531175
30 330 140 40 40 0.007305
30 350 140 40 40 0.385624
30 315 144 36 36 2.201632
30 315 153 36 36 3.420285
30 315 162 36 36 0.224585
30 136 152 32 32 3.128844
30 144 144 32 32 3.807956
30 144 152 32 32 4.134207
30 14 224 28 28 2.375203
30 14 231 28 28 4.052425
30 14 238 28 28 2.407248
30 21 224 28 28 2.395218
30 21 231 28 28 3.457885
30 21 238 28 28 2.496135
30 18 84 24 24 1.571187
30 132 192 24 24 5.211849
30 132 198 24 24 3.409285
30 144 192 24 24 0.972714
30 384 204 24 24 0.501115
30 402 204 24 24 2.990820
30 402 210 24 24 2.594861
60 256 0 64 64 2.106673
60 256 16 64 64 1.404758
60 352 154 44 44 0.050837
60 363 154 44 44 0.720557
60 320 140 40 40 3.956004
60 330 140 40 40 2.968066
60 330 160 40 40 4.620196
60 340 140 40 40 5.574566
60 340 160 40 40 5.935903
60 340 170 40 40 0.153449
60 350 140 40 40 3.611287
60 350 160 40 40 6.370623
60 350 170 40 40 0.496632
60 315 144 36 36 0.117542
60 441 162 36 36 1.948595
60 450 162 36 36 1.898216
60 128 152 32 32 2.579607
60 0 126 28 28 1.073619
60 96 198 24 24 3.127491
60 96 204 24 24 1.673514
60 102 192 24 24 1.374110
60 102 198 24 24 2.881672
60 108 198 24 24 4.133799
60 384 204 24 24 0.025719
60 384 210 24 24 3.925745
60 390 204 24 24 0.789541
60 390 210 24 24 4.083354
60 396 192 24 24 0.669334
60 396 210 24 24 1.552907
60 402 210 24 24 1.752034
90 16 48 64 64 0.609831
90 32 48 64 64 2.263485
90 48 48 64 64 1.926099
90 256 0 64 64 3.122561
90 256 16 64 64 5.496490
90 256 32 64 64 2.670569
90 272 0 64 64 0.507786
90 396 168 48 48 2.334379
90 408 168 48 48 4.763196
90 420 168 48 48 5.508947
90 396 168 48 48 2.334379
90 408 168 48 48 4.763196
90 420 168 48 48 5.508947
90 352 154 44 44 0.705984
90 363 154 44 44 2.405680
90 374 154 44 44 3.433539
90 385 154 44 44 2.575370
90 340 140 40 40 0.334624
90 350 140 40 40 0.307985
90 306 0 36 36 0.325647
90 315 0 36 36 4.311781
90 315 9 36 36 1.899357
90 432 171 36 36 0.163720
90 8 112 32 32 0.407949
90 144 144 32 32 1.171834
90 0 224 28 28 5.610774
90 0 231 28 28 4.313579
90 0 238 28 28 1.145636
90 0 245 28 28 0.522666
90 7 224 28 28 3.741164
90 7 231 28 28 1.002376
90 7 238 28 28 0.819065
90 448 238 28 28 1.462303
90 455 238 28 28 2.155330
90 455 245 28 28 2.192216
90 462 224 28 28 0.597704
90 462 238 28 28 1.412118
90 462 245 28 28 1.889431
90 469 245 28 28 0.932757
90 96 192 24 24 0.593965
90 102 192 24 24 3.047245
90 108 192 24 24 0.205126
90 396 192 24 24 0.462788
90 402 192 24 24 2.705610
90 402 204 24 24 0.176442
120 48 48 64 64 0.587763
120 256 16 64 64 4.369102
120 256 32 64 64 2.659027
120 288 32 64 64 0.057864
120 288 48 64 64 2.368266
120 0 170 40 40 1.770781
120 0 180 40 40 1.117171
120 20 170 40 40 0.101740
120 432 162 36 36 5.455105
120 432 171 36 36 2.422517
120 441 162 36 36 0.507391
120 176 128 32 32 1.247884
120 176 136 32 32 4.686893
120 176 144 32 32 4.950052
120 192 136 32 32 0.250644
120 7 224 28 28 0.568488
120 357 126 28 28 1.139639
120 357 133 28 28 1.067325
120 18 192 24 24 0.370735
120 132 192 24 24 1.013265
120 384 108 24 24 0.241481
120 384 114 24 24 1.315946
120 390 96 24 24 1.979866
120 390 102 24 24 2.983197
120 390 108 24 24 1.634373
120 390 114 24 24 1.933083
120 396 96 24 24 6.242454
120 396 102 24 24 2.952350
120 402 96 24 24 1.541764
150 256 16 64 64 2.723483
150 256 32 64 64 5.348330
150 256 48 64 64 3.793328
150 0 154 44 44 3.442436
150 0 176 44 44 2.940762
150 11 154 44 44 2.706629
150 11 176 44 44 0.089045
150 22 154 44 44 0.492618
150 33 154 44 44 0.157628
150 0 180 40 40 3.371951
150 0 190 40 40 2.163995
150 10 170 40 40 5.920863
150 10 180 40 40 7.240322
150 10 190 40 40 3.406766
150 20 170 40 40 1.886025
150 20 180 40 40 0.521472
150 30 20 40 40 0.485480
150 340 140 40 40 2.333222
150 350 140 40 40 3.205393
150 144 144 36 36 0.198791
150 306 126 36 36 4.206827
150 315 126 36 36 4.857009
150 136 152 32 32 1.140597
150 144 144 32 32 4.397254
150 144 152 32 32 5.433691
150 176 144 32 32 0.256866
150 280 112 32 32 0.032176
150 384 112 32 32 2.930716
150 384 152 32 32 3.287220
150 392 152 32 32 0.819999
150 343 133 28 28 2.106043
150 384 114 24 24 1.594428
150 390 96 24 24 0.839504
150 390 108 24 24 0.620476
150 390 114 24 24 1.852679
150 390 192 24 24 0.465924
150 396 96 24 24 5.048562
150 396 114 24 24 0.881621
150 402 96 24 24 1.557742
150 402 108 24 24 2.892744
150 402 114 24 24 2.831338
150 402 192 24 24 2.673106
150 492 84 24 24 0.931679
180 256 32 64 64 1.802760
180 256 48 64 64 0.093437
180 22 154 44 44 2.549240
180 22 176 44 44 0.522531
180 385 154 44 44 2.319179
180 20 170 40 40 0.656055
180 20 180 40 40 1.440320
180 20 190 40 40 0.003409
180 30 160 40 40 1.302549
180 30 170 40 40 1.126423
180 297 126 36 36 0.957526
180 306 144 36 36 0.774526
180 432 171 36 36 3.548409
180 450 144 36 36 0.267834
180 450 171 36 36 1.698824
180 459 144 36 36 4.386660
180 459 153 36 36 2.763449
180 459 162 36 36 3.948177
180 459 171 36 36 2.566686
180 136 144 32 32 1.890925
180 136 152 32 32 2.945435
180 144 128 32 32 0.077176
180 144 136 32 32 3.569309
180 144 144 32 32 5.093472
180 144 152 32 32 3.029078
180 154 133 28 28 3.775412
180 357 119 28 28 2.760552
180 357 126 28 28 3.355440
180 357 133 28 28 1.890322
180 469 133 28 28 0.012823
180 469 224 28 28 2.977792
180 384 102 24 24 3.193076
180 384 108 24 24 8.782315
180 384 114 24 24 5.474564
180 390 102 24 24 2.315217
180 390 108 24 24 9.289382
180 390 114 24 24 6.267769
180 396 108 24 24 1.447010
180 396 114 24 24 1.888913
180 396 198 24 24 0.006052
180 402 84 24 24 0.129259
180 402 108 24 24 5.748459
180 402 114 24 24 4.717074
180 480 84 24 24 0.681237
180 480 96 24 24 2.103066
180 480 102 24 24 0.120325
180 480 108 24 24 0.241395
180 486 84 24 24 1.097415
180 486 192 24 24 4.531553
180 486 210 24 24 1.768044
180 492 84 24 24 0.175086
180 492 192 24 24 5.096085
180 492 198 24 24 3.036415
180 492 204 24 24 1.719292
180 492 210 24 24 3.722310
210 256 0 64 64 3.749281
210 256 16 64 64 7.958958
210 256 32 64 64 7.383545
210 256 48 64 64 3.949316
210 352 0 64 64 2.626845
210 352 16 64 64 3.999748
210 352 32 64 64 6.256200
210 352 48 64 64 2.997501
210 374 154 44 44 1.198376
210 385 154 44 44 2.099984
210 320 140 40 40 1.389485
210 330 140 40 40 5.377603
210 432 0 36 36 0.352832
210 16 136 32 32 1.421779
210 16 144 32 32 0.497943
210 280 112 32 32 1.012844
210 0 224 28 28 4.770390
210 0 231 28 28 4.752033
210 0 238 28 28 1.804773
210 7 224 28 28 1.264237
210 7 231 28 28 2.013025
210 154 133 28 28 5.516940
210 168 126 28 28 0.759870
210 168 133 28 28 3.866059
210 448 21 28 28 1.068787
210 448 98 28 28 0.146776
210 455 98 28 28 2.341909
210 455 119 28 28 2.261182
210 462 112 28 28 1.820353
210 462 119 28 28 0.598778
210 486 114 24 24 1.272446
210 492 108 24 24 1.870788
210 492 114 24 24 8.201783
210 498 108 24 24 4.827202
210 498 114 24 24 7.173954
240 256 16 64 64 1.647152
240 256 32 64 64 2.089684
240 272 16 64 64 4.855591
240 272 32 64 64 3.578964
240 288 16 64 64 1.361147
240 374 154 44 44 2.921506
240 385 154 44 44 4.460453
240 24 112 32 32 0.994834
240 144 112 32 32 0.467327
240 144 128 32 32 1.640380
240 256 112 32 32 0.008528
240 264 112 32 32 2.655417
240 272 112 32 32 0.601984
240 154 119 28 28 0.296734
240 154 126 28 28 4.921210
240 154 133 28 28 6.015419
240 168 126 28 28 0.332817
240 168 133 28 28 0.673513
240 245 119 28 28 1.350441
240 245 126 28 28 0.946482
240 336 126 28 28 0.192776
240 350 119 28 28 0.793607
240 350 126 28 28 1.184166
240 448 224 28 28 3.067429
240 455 224 28 28 4.086789
240 455 231 28 28 4.322232
240 462 224 28 28 4.372142
240 462 231 28 28 5.819435
240 462 238 28 28 0.929184
240 469 224 28 28 3.654686
240 469 231 28 28 5.013710
240 469 238 28 28 1.525142
240 492 108 24 24 0.030714
270 272 16 64 64 0.905792
270 288 0 64 64 3.242980
270 288 16 64 64 6.156139
270 288 32 64 64 3.453044
270 144 128 32 32 1.199463
270 154 126 28 28 3.574591
270 154 133 28 28 5.434973
270 168 133 28 28 1.761992
270 336 112 28 28 0.264266
270 357 126 28 28 0.211468
270 357 133 28 28 1.183683
270 288 114 24 24 1.725013
300 0 32 64 64 3.688244
300 16 32 64 64 4.646736
300 32 32 64 64 4.086274
300 32 48 64 64 1.162966
300 48 32 64 64 2.865222
300 48 48 64 64 0.004343
300 256 32 64 64 1.874242
300 272 16 64 64 0.841399
300 272 32 64 64 1.923807
300 288 16 64 64 3.831606
300 288 32 64 64 4.758993
300 352 16 64 64 2.364002
300 352 32 64 64 2.158982
300 128 128 32 32 3.082182
300 128 136 32 32 3.089863
300 136 128 32 32 3.726884
300 144 128 32 32 2.660114
300 384 128 32 32 5.508659
300 392 128 32 32 2.933867
300 154 133 28 28 2.860230
330 0 16 64 64 1.593773
330 0 32 64 64 0.150411
330 16 16 64 64 0.929116
330 16 32 64 64 0.041688
330 272 32 64 64 1.831836
330 352 32 64 64 2.157629
330 0 144 36 36 1.010916
330 18 126 36 36 0.287089
330 18 144 36 36 2.796323
330 27 126 36 36 1.880776
330 306 126 36 36 2.513359
330 459 126 36 36 0.407058
330 0 152 32 32 5.431096
330 8 152 32 32 6.657147
330 16 144 32 32 2.815674
330 16 152 32 32 3.043918
330 24 136 32 32 0.827478
330 24 144 32 32 4.270197
330 24 152 32 32 4.274459
330 392 128 32 32 0.071931
330 392 136 32 32 0.582525
330 400 128 32 32 1.615831
330 400 136 32 32 1.426011
330 408 128 32 32 3.073147
330 408 136 32 32 3.233652
330 238 98 28 28 0.369559
330 245 98 28 28 0.950640
330 336 126 28 28 2.214203
330 210 6 24 24 0.000975
330 384 12 24 24 3.010953
330 384 18 24 24 0.280393
330 390 12 24 24 1.506394
330 396 12 24 24 2.523238
330 396 18 24 24 1.007938
330 402 12 24 24 2.399897
330 402 18 24 24 2.625295
360 16 48 64 64 1.401712
360 288 48 64 64 2.336756
360 0 154 44 44 4.805685
360 11 154 44 44 3.007389
360 0 170 40 40 0.196826
360 10 160 40 40 3.900679
360 10 170 40 40 2.029529
360 20 160 40 40 2.229489
360 30 160 40 40 2.318798
360 320 140 40 40 1.264080
360 330 140 40 40 1.644167
360 340 140 40 40 0.320657
360 18 171 36 36 0.769337
360 27 162 36 36 0.196981
360 27 171 36 36 1.130758
360 441 162 36 36 1.526795
360 224 98 28 28 1.308873
360 0 108 24 24 3.181040
360 0 114 24 24 3.612995
360 6 108 24 24 0.327962
360 6 114 24 24 2.664632
390 256 0 64 64 3.985248
390 256 16 64 64 5.752839
390 256 32 64 64 2.174955
390 272 16 64 64 2.651733
390 272 32 64 64 2.549872
390 288 16 64 64 1.313043
390 288 32 64 64 3.268241
390 288 48 64 64 1.892188
390 420 192 48 48 0.380691
390 420 192 48 48 0.380691
390 363 176 44 44 1.362642
390 374 176 44 44 0.190421
390 384 128 32 32 2.289074
390 392 128 32 32 3.549013
390 0 112 28 28 0.121946
390 224 119 28 28 0.880363
390 231 119 28 28 4.936465
390 231 126 28 28 2.591232
390 238 119 28 28 1.221666
390 238 126 28 28 1.279121
390 336 98 28 28 1.911122
390 343 98 28 28 0.156263
390 350 98 28 28 1.483115
390 357 133 28 28 0.139433
390 455 231 28 28 2.229997
390 455 238 28 28 2.112226
390 462 224 28 28 0.774878
390 462 231 28 28 6.183303
390 462 238 28 28 5.340620
390 462 245 28 28 0.108462
390 469 224 28 28 1.863070
390 469 231 28 28 1.937952
390 469 238 28 28 1.019071
390 6 84 24 24 1.967421
390 6 114 24 24 0.955595
390 12 84 24 24 1.093601
390 18 192 24 24 0.873415
390 18 198 24 24 2.701943
390 18 204 24 24 1.583544
390 210 108 24 24 0.291178
390 288 108 24 24 1.190196
390 294 108 24 24 1.780173
420 256 0 64 64 3.532785
420 256 16 64 64 3.676761
420 256 32 64 64 4.824540
420 256 48 64 64 0.959896
420 272 0 64 64 5.486993
420 272 16 64 64 3.317386
420 272 32 64 64 3.153578
420 288 0 64 64 1.598043
420 288 16 64 64 0.023387
420 216 36 48 48 2.409617
420 216 36 48 48 2.409617
420 306 126 36 36 0.286368
420 306 144 36 36 0.923055
420 315 144 36 36 1.151638
420 16 112 32 32 1.218556
420 24 112 32 32 0.745260
420 384 136 32 32 3.740783
420 384 144 32 32 5.260952
420 384 152 32 32 3.549663
420 392 136 32 32 1.340510
420 392 144 32 32 5.046824
420 392 152 32 32 1.352464
420 400 144 32 32 1.042323
420 21 119 28 28 0.253843
420 224 119 28 28 0.221379
420 231 119 28 28 0.839859
420 231 126 28 28 0.363669
420 336 112 28 28 1.375569
420 336 119 28 28 3.318759
420 336 133 28 28 1.432514
420 343 112 28 28 2.073327
420 343 119 28 28 1.098275
420 357 112 28 28 2.110212
420 357 119 28 28 3.739633
420 357 126 28 28 0.208655
420 210 294 24 24 0.585936
420 288 102 24 24 3.464396
420 288 108 24 24 1.311327
420 294 102 24 24 1.039410
420 480 0 24 24 2.731058
420 480 6 24 24 6.156735
420 480 12 24 24 3.718923
420 486 0 24 24 0.228994
420 486 6 24 24 3.583149
420 486 12 24 24 2.064566
420 498 192 24 24 2.264900
420 498 198 24 24 1.055595
450 256 0 64 64 0.451791
450 272 0 64 64 3.647633
450 288 0 64 64 5.959301
450 288 16 64 64 0.073524
450 176 22 44 44 0.229877
450 297 126 36 36 2.702610
450 432 153 36 36 4.753230
450 432 162 36 36 7.867438
450 432 171 36 36 8.657333
450 441 153 36 36 3.726848
450 441 162 36 36 6.064188
450 441 171 36 36 5.043189
450 450 153 36 36 0.091612
450 450 162 36 36 3.614179
450 450 171 36 36 5.011274
450 459 162 36 36 3.292754
450 459 171 36 36 3.669466
450 256 112 32 32 0.007369
450 0 112 28 28 3.787303
450 7 112 28 28 1.960508
450 154 126 28 28 3.100002
450 168 126 28 28 1.043531
450 231 112 28 28 0.655510
450 231 119 28 28 0.675745
450 238 112 28 28 3.965185
450 238 119 28 28 2.542961
450 357 112 28 28 1.318308
450 0 114 24 24 5.197103
450 6 114 24 24 1.264529
450 306 114 24 24 0.967377
450 384 6 24 24 3.347223
450 384 12 24 24 4.533635
450 384 18 24 24 6.597351
450 390 6 24 24 0.007187
450 390 12 24 24 1.582050
450 390 18 24 24 2.660273
450 480 204 24 24 3.507036
450 480 210 24 24 4.231565
450 486 204 24 24 3.837644
450 486 210 24 24 1.899664
450 492 204 24 24 2.202729
450 492 210 24 24 1.638365
480 16 0 64 64 1.693080
480 32 0 64 64 3.772160
480 32 16 64 64 0.506921
480 48 0 64 64 5.204233
480 48 16 64 64 2.141114
480 272 48 64 64 2.719687
480 288 48 64 64 3.248449
480 420 36 48 48 1.998405
480 420 36 48 48 1.998405
480 0 224 28 28 0.761296
480 14 126 28 28 1.576493
480 21 126 28 28 0.212227
480 21 133 28 28 0.570895
480 126 119 28 28 2.977020
480 126 126 28 28 1.967453
480 343 0 28 28 0.517717
480 192 84 24 24 0.169156
480 210 84 24 24 1.024691
480 384 6 24 24 0.065061
480 384 12 24 24 3.226927
480 384 18 24 24 2.694213
480 390 12 24 24 0.012895
480 396 12 24 24 0.093262
480 396 18 24 24 1.127088
510 256 0 64 64 7.008032
510 256 16 64 64 4.458922
510 272 0 64 64 4.677054
510 288 0 64 64 2.290213
510 192 24 48 48 0.410800
510 192 36 48 48 1.944550
510 288 36 48 48 1.477701
510 192 24 48 48 0.410800
510 192 36 48 48 1.944550
510 288 36 48 48 1.477701
510 198 33 44 44 0.316832
510 0 112 32 32 3.985523
510 8 112 32 32 2.618339
510 16 112 32 32 0.623210
510 0 112 28 28 3.298809
510 7 112 28 28 0.057431
510 14 112 28 28 0.607096
510 14 119 28 28 1.269520
510 224 126 28 28 3.373535
510 224 133 28 28 2.663078
510 231 112 28 28 1.220393
510 231 119 28 28 2.494848
510 231 126 28 28 4.441314
510 231 133 28 28 2.938360
510 238 112 28 28 1.297643
510 238 119 28 28 4.070507
510 238 126 28 28 3.050144
510 238 133 28 28 0.223078
510 245 112 28 28 2.610655
510 245 119 28 28 1.453455
510 336 112 28 28 2.175445
510 336 119 28 28 3.745167
510 336 126 28 28 1.485398
510 469 224 28 28 0.883715
510 0 114 24 24 0.466267
510 6 114 24 24 0.594174
510 198 84 24 24 0.668032
510 198 102 24 24 2.861239
510 204 96 24 24 0.747447
510 204 102 24 24 5.977917
510 204 108 24 24 1.879367
510 384 102 24 24 2.914341
510 384 108 24 24 3.093664
510 390 102 24 24 0.878214
510 390 108 24 24 1.741856
510 480 198 24 24 0.504705
510 480 204 24 24 3.189622
510 480 210 24 24 7.321204
510 486 210 24 24 1.741087
540 16 0 64 64 2.379601
540 16 16 64 64 1.170588
540 32 0 64 64 2.742881
540 32 16 64 64 2.222635
540 24 36 48 48 1.610901
540 24 36 48 48 1.610901
540 384 128 32 32 1.531987
540 0 126 28 28 0.184428
540 0 133 28 28 3.381479
540 7 133 28 28 0.105574
540 112 112 28 28 0.901994
540 112 119 28 28 0.238604
540 231 126 28 28 3.385928
540 231 133 28 28 6.571159
540 238 126 28 28 3.008703
540 238 133 28 28 4.748390
540 245 126 28 28 3.216443
540 245 133 28 28 2.818505
540 0 84 24 24 1.649802
540 198 96 24 24 0.266456
540 204 96 24 24 1.253393
540 204 102 24 24 1.497555
540 210 102 24 24 1.061017
540 294 108 24 24 0.515338
540 300 108 24 24 1.188044
570 0 0 64 64 0.334850
570 0 16 64 64 2.776387
570 176 22 44 44 2.014588
570 176 33 44 44 3.889346
570 450 126 36 36 2.916883
570 272 144 32 32 0.032024
570 280 144 32 32 2.368024
570 96 0 24 24 3.600408
570 102 0 24 24 0.899116
570 198 96 24 24 2.284969
570 198 102 24 24 0.905572
570 204 102 24 24 0.705643
570 300 108 24 24 0.446241
570 402 6 24 24 0.662466
600 256 0 64 64 0.652825
600 256 16 64 64 6.376559
600 256 32 64 64 0.420360
600 272 16 64 64 3.484301
600 352 32 64 64 0.571698
600 0 154 44 44 0.861279
600 11 154 44 44 1.043814
600 10 160 40 40 1.448544
600 10 170 40 40 0.223511
600 160 20 40 40 0.964837
600 160 30 40 40 2.249904
600 170 20 40 40 0.097532
600 170 140 40 40 0.286073
600 180 140 40 40 1.414147
600 240 140 40 40 1.427864
600 297 126 36 36 6.238223
600 297 144 36 36 4.219218
600 297 153 36 36 4.802866
600 306 144 36 36 0.604466
600 392 112 32 32 4.894322
600 7 112 28 28 1.025509
600 14 112 28 28 0.174909
600 350 112 28 28 1.169276
600 350 119 28 28 0.312312
600 350 133 28 28 0.820069
600 357 126 28 28 1.810145
600 357 133 28 28 5.017570
600 198 198 24 24 0.096524
600 204 204 24 24 0.746575
600 210 192 24 24 1.672270
600 210 198 24 24 0.181696
600 288 114 24 24 0.914026
600 294 114 24 24 0.522334
600 306 6 24 24 0.310901
630 0 32 64 64 2.882541
630 256 0 64 64 1.709237
630 144 126 36 36 2.152289
630 153 126 36 36 1.796785
630 198 126 36 36 2.572481
630 216 126 36 36 0.928914
630 16 128 32 32 3.803585
630 16 136 32 32 0.539479
630 24 128 32 32 1.616553
630 136 136 32 32 1.826594
630 136 144 32 32 0.776054
630 144 136 32 32 2.446520
630 144 144 32 32 3.222212
630 272 128 32 32 2.887458
630 272 136 32 32 2.668945
630 272 144 32 32 2.031696
630 272 152 32 32 0.623104
630 280 112 32 32 0.184746
630 280 128 32 32 12.830402
630 280 136 32 32 16.071533
630 280 144 32 32 9.733651
630 280 152 32 32 5.135211
630 384 128 32 32 2.440768
630 384 136 32 32 2.718112
630 392 128 32 32 3.608986
630 392 136 32 32 1.096929
630 21 126 28 28 2.853041
630 21 133 28 28 0.866546
630 168 133 28 28 4.298253
630 238 21 28 28 0.904649
630 245 21 28 28 1.930273
630 336 112 28 28 1.770075
630 336 119 28 28 2.878045
630 132 108 24 24 0.223158
630 132 114 24 24 2.785811
630 144 114 24 24 2.954592
660 48 48 64 64 1.632200
660 256 32 64 64 0.405405
660 272 32 64 64 1.353203
660 272 48 64 64 2.373174
660 0 140 40 40 2.302107
660 10 160 40 40 1.320981
660 160 140 40 40 4.260540
660 170 140 40 40 5.193862
660 240 140 40 40 0.514330
660 9 144 36 36 1.017812
660 9 153 36 36 0.599424
660 18 153 36 36 1.220452
660 18 162 36 36 3.331636
660 315 126 36 36 2.440451
660 16 112 32 32 9.128969
660 24 112 32 32 10.073950
660 128 144 32 32 2.366575
660 128 152 32 32 3.761340
660 136 144 32 32 3.171743
660 136 152 32 32 4.406335
660 176 136 32 32 0.251165
660 176 144 32 32 6.218855
660 176 152 32 32 4.010925
660 192 144 32 32 6.396143
660 192 152 32 32 0.500533
660 256 128 32 32 0.952202
660 256 136 32 32 8.508405
660 256 144 32 32 9.322194
660 256 152 32 32 5.720119
660 264 128 32 32 2.024175
660 264 136 32 32 9.106180
660 264 144 32 32 13.506061
660 264 152 32 32 7.454153
660 272 128 32 32 5.132218
660 272 136 32 32 8.642596
660 272 144 32 32 7.124408
660 272 152 32 32 4.178753
660 280 136 32 32 4.322869
660 280 144 32 32 4.009209
660 384 128 32 32 1.726578
660 384 136 32 32 3.471977
660 384 144 32 32 3.051950
660 392 128 32 32 2.178540
660 392 136 32 32 4.529557
660 392 144 32 32 3.296243
660 392 152 32 32 0.166624
660 400 128 32 32 1.145772
660 400 136 32 32 2.413255
660 400 144 32 32 0.799072
660 21 119 28 28 0.556534
660 21 126 28 28 1.384834
660 154 21 28 28 0.734873
660 224 119 28 28 0.188340
660 224 126 28 28 0.718964
660 231 119 28 28 3.102981
660 231 126 28 28 7.419403
660 231 133 28 28 2.791456
660 238 119 28 28 5.299330
660 238 126 28 28 9.807158
660 238 133 28 28 4.850999
660 245 119 28 28 2.607754
660 245 126 28 28 5.301344
660 336 133 28 28 1.378775
660 343 133 28 28 2.249169
660 455 98 28 28 2.519644
660 18 198 24 24 0.452296
690 16 32 64 64 0.057933
690 16 48 64 64 0.852827
690 32 48 64 64 2.228640
690 0 140 40 40 10.382066
690 10 140 40 40 13.295551
690 10 160 40 40 1.324448
690 20 140 40 40 8.332960
690 30 140 40 40 5.113352
690 160 140 40 40 3.633866
690 0 144 36 36 14.668169
690 0 153 36 36 11.500627
690 0 162 36 36 3.816727
690 9 144 36 36 11.040931
690 9 153 36 36 12.000031
690 9 162 36 36 3.630428
690 18 144 36 36 10.652109
690 18 153 36 36 15.068405
690 18 162 36 36 7.461315
690 27 126 36 36 0.136410
690 27 144 36 36 12.287290
690 27 153 36 36 11.234665
690 27 162 36 36 5.762283
690 144 144 36 36 2.849602
690 153 126 36 36 5.119003
690 153 144 36 36 6.362888
690 153 153 36 36 2.196413
690 162 126 36 36 2.669253
690 162 144 36 36 4.657072
690 162 153 36 36 3.904515
690 162 162 36 36 1.066888
690 0 144 32 32 0.660279
690 0 152 32 32 11.701795
690 8 144 32 32 1.680096
690 8 152 32 32 15.933226
690 16 152 32 32 9.493246
690 24 152 32 32 5.838151
690 176 136 32 32 3.064740
690 176 144 32 32 5.636436
690 176 152 32 32 5.747655
690 469 98 28 28 3.584051
690 12 192 24 24 1.405087
690 18 192 24 24 5.143954
690 480 102 24 24 1.467090
690 480 108 24 24 2.009918
690 480 114 24 24 2.667820
690 486 114 24 24 0.126195
690 492 192 24 24 2.586035
690 498 192 24 24 3.603080
690 498 198 24 24 0.101022
720 0 16 64 64 0.213368
720 16 16 64 64 0.523269
720 198 126 36 36 1.507957
720 16 152 32 32 0.657026
720 24 152 32 32 0.577240
720 192 136 32 32 0.043923
720 384 128 32 32 2.152241
720 384 136 32 32 4.662861
720 384 144 32 32 3.036479
720 392 136 32 32 1.550548
720 392 144 32 32 1.235704
720 112 98 28 28 3.212194
720 119 98 28 28 1.334410
720 336 133 28 28 0.010921
720 462 133 28 28 1.892624
720 469 133 28 28 3.609492
720 132 108 24 24 0.487437
750 16 48 64 64 1.357800
750 32 48 64 64 1.031711
750 48 48 64 64 1.121958
750 272 16 64 64 0.209406
750 272 32 64 64 2.792921
750 288 32 64 64 2.604866
750 352 16 64 64 0.860517
750 352 32 64 64 6.210607
750 352 48 64 64 0.355499
750 18 144 36 36 0.092811
750 27 144 36 36 1.294368
750 198 153 36 36 1.544587
750 432 27 36 36 0.565707
750 450 126 36 36 1.852776
750 459 126 36 36 0.832944
750 264 128 32 32 0.591249
750 272 128 32 32 0.900221
750 280 128 32 32 1.264068
750 384 128 32 32 3.191736
750 400 128 32 32 3.271640
750 400 136 32 32 0.299805
750 408 128 32 32 7.461830
750 408 136 32 32 2.289423
750 168 119 28 28 0.301461
750 357 126 28 28 0.691752
750 357 133 28 28 4.741210
750 390 114 24 24 1.727145
750 396 114 24 24 1.625228
780 272 32 64 64 2.930753
780 288 16 64 64 2.054882
780 288 32 64 64 5.030088
780 288 48 64 64 0.430024
780 352 16 64 64 4.467135
780 352 32 64 64 5.252620
780 352 48 64 64 0.532066
780 340 190 40 40 0.086743
780 350 140 40 40 0.556379
780 18 126 36 36 0.471594
780 27 126 36 36 1.691848
780 24 136 32 32 0.845302
780 24 144 32 32 3.402416
780 24 152 32 32 1.910892
780 136 112 32 32 3.409171
780 176 112 32 32 8.140724
780 176 128 32 32 2.619586
780 392 128 32 32 1.546244
780 400 128 32 32 1.673803
780 224 126 28 28 1.604817
780 224 133 28 28 0.230231
780 238 126 28 28 2.984132
780 238 133 28 28 0.568207
780 245 126 28 28 5.880162
780 245 133 28 28 3.828690
780 350 133 28 28 1.245549
780 448 7 28 28 3.010319
780 448 14 28 28 0.718578
780 455 7 28 28 0.570108
780 210 108 24 24 0.026933
810 256 16 64 64 0.880733
810 256 32 64 64 4.086245
810 272 16 64 64 3.641445
810 272 32 64 64 6.220990
810 288 16 64 64 3.650284
810 288 32 64 64 4.454705
810 352 16 64 64 4.741952
810 352 32 64 64 0.607637
810 297 126 36 36 3.108145
810 306 126 36 36 1.365819
810 128 112 32 32 1.512529
810 136 112 32 32 5.096370
810 144 112 32 32 5.652219
810 176 112 32 32 1.702326
810 192 112 32 32 3.887996
810 280 112 32 32 2.045889
810 400 272 32 32 0.016534
810 408 272 32 32 2.419133
810 408 280 32 32 0.773114
810 112 133 28 28 0.472544
810 224 119 28 28 0.372168
810 224 126 28 28 1.393389
810 245 7 28 28 1.382523
810 350 126 28 28 0.952117
810 350 133 28 28 0.981020
810 357 126 28 28 0.640094
810 357 133 28 28 2.488909
810 18 108 24 24 1.985339
810 192 108 24 24 0.347884
810 192 114 24 24 3.244107
810 198 114 24 24 3.692122
840 288 0 64 64 1.229479
840 288 16 64 64 1.307079
840 352 16 64 64 2.955716
840 352 32 64 64 2.393333
840 176 112 32 32 6.534983
840 192 112 32 32 6.810039
840 280 112 32 32 0.111724
840 392 128 32 32 1.557935
840 400 8 32 32 0.887854
840 400 16 32 32 2.480065
840 400 128 32 32 2.887995
840 408 0 32 32 0.904006
840 408 8 32 32 7.586472
840 408 16 32 32 3.284516
840 408 128 32 32 4.422414
840 7 126 28 28 0.827685
840 7 133 28 28 0.757944
840 14 126 28 28 1.841564
840 14 133 28 28 2.662036
840 21 126 28 28 1.507581
840 21 133 28 28 2.314844
840 126 98 28 28 1.368353
840 154 98 28 28 5.145959
840 168 112 28 28 1.876985
840 168 119 28 28 3.097592
840 357 126 28 28 3.656979
840 357 133 28 28 5.338129
840 132 84 24 24 1.043547
840 132 96 24 24 2.536543
840 132 102 24 24 4.765888
840 132 108 24 24 5.753824
840 144 108 24 24 0.267794
840 384 192 24 24 1.868895
840 384 198 24 24 1.351197
840 390 192 24 24 0.012898
840 390 198 24 24 0.556462
840 480 6 24 24 1.791868
840 480 12 24 24 0.146502
840 486 0 24 24 3.067397
840 486 6 24 24 2.692617
840 492 0 24 24 3.555923
840 492 6 24 24 1.175677
840 498 0 24 24 0.767047
870 32 0 64 64 0.091715
870 48 0 64 64 3.999791
870 352 0 64 64 0.279238
870 352 16 64 64 1.347594
870 297 126 36 36 2.484318
870 441 126 36 36 0.317488
870 144 112 32 32 0.219502
870 392 112 32 32 3.286148
870 400 112 32 32 1.353347
870 21 98 28 28 0.190458
870 154 112 28 28 7.950407
870 154 119 28 28 6.606281
870 168 7 28 28 1.009953
870 168 14 28 28 2.058680
870 168 112 28 28 7.027229
870 168 119 28 28 3.558983
870 108 84 24 24 0.723042
870 300 114 24 24 1.163889
900 48 0 64 64 2.682166
900 256 0 64 64 0.839868
900 256 16 64 64 1.961163
900 256 32 64 64 3.771619
900 256 48 64 64 4.978935
900 272 16 64 64 1.336338
900 272 32 64 64 5.194417
900 272 48 64 64 2.884457
900 288 32 64 64 2.717010
900 288 48 64 64 4.037161
900 264 36 48 48 0.623301
900 384 0 48 48 1.270145
900 396 0 48 48 3.948199
900 396 12 48 48 1.911937
900 408 0 48 48 8.539689
900 408 12 48 48 2.710747
900 420 0 48 48 6.438281
900 420 12 48 48 1.955030
900 264 36 48 48 0.623301
900 384 0 48 48 1.270145
900 396 0 48 48 3.948199
900 396 12 48 48 1.911937
900 408 0 48 48 8.539689
900 408 12 48 48 2.710747
900 420 0 48 48 6.438281
900 420 12 48 48 1.955030
900 385 0 44 44 0.536349
900 385 11 44 44 2.913413
900 340 140 40 40 0.492616
900 432 9 36 36 1.846668
900 432 18 36 36 5.684519
900 432 27 36 36 5.877375
900 441 9 36 36 1.758603
900 441 18 36 36 5.176859
900 441 27 36 36 6.103220
900 450 9 36 36 3.199362
900 450 18 36 36 0.824699
900 450 27 36 36 2.687275
900 384 152 32 32 1.102121
900 14 7 28 28 1.487870
900 154 112 28 28 8.485950
900 154 119 28 28 1.940329
900 168 112 28 28 5.354922
900 168 119 28 28 4.015365
900 224 119 28 28 0.780427
900 231 112 28 28 1.206319
900 336 119 28 28 2.767040
900 336 126 28 28 2.966030
900 336 133 28 28 1.443934
900 343 126 28 28 1.684861
900 350 126 28 28 0.511206
900 350 133 28 28 2.179029
900 357 133 28 28 2.045375
930 16 0 64 64 4.532751
930 32 0 64 64 4.925775
930 48 0 64 64 2.516287
930 256 16 64 64 1.588797
930 272 0 64 64 2.676739
930 272 16 64 64 6.174878
930 272 32 64 64 1.835747
930 288 16 64 64 2.843709
930 288 32 64 64 0.921878
930 36 36 48 48 1.001026
930 288 36 48 48 1.051503
930 36 36 48 48 1.001026
930 288 36 48 48 1.051503
930 459 0 36 36 1.649977
930 459 9 36 36 2.238110
930 24 0 32 32 0.468910
930 7 119 28 28 0.030543
930 21 7 28 28 2.275537
930 21 14 28 28 0.491432
930 112 112 28 28 0.788183
930 119 112 28 28 0.332705
930 126 112 28 28 1.994729
930 154 98 28 28 1.787260
930 154 112 28 28 5.077774
930 168 98 28 28 6.744940
930 231 112 28 28 0.274560
930 238 112 28 28 0.465928
930 245 112 28 28 1.035805
930 245 119 28 28 0.628637
930 336 119 28 28 0.785903
930 336 126 28 28 3.013669
930 336 133 28 28 4.403699
930 343 133 28 28 0.242931
930 350 119 28 28 0.333042
930 357 119 28 28 0.027669
930 357 133 28 28 3.000524
930 144 114 24 24 2.995818
930 210 114 24 24 4.696698
930 300 18 24 24 0.145767
930 306 0 24 24 0.313117
930 306 12 24 24 0.464486
930 306 18 24 24 2.672750
930 480 84 24 24 0.579226
930 486 6 24 24 0.807209
930 486 12 24 24 0.200059
960 16 0 64 64 2.004151
960 32 0 64 64 1.296324
960 48 0 64 64 0.614644
960 256 0 64 64 0.988478
960 256 16 64 64 1.785241
960 256 32 64 64 4.363655
960 256 48 64 64 2.224219
960 272 32 64 64 1.185759
960 272 48 64 64 0.171540
960 288 48 64 64 0.883966
960 0 24 48 48 3.620919
960 0 36 48 48 3.414146
960 12 24 48 48 6.009417
960 12 36 48 48 2.651096
960 24 12 48 48 0.977369
960 24 24 48 48 4.055452
960 24 36 48 48 1.668537
960 36 24 48 48 1.111603
960 36 36 48 48 5.651427
960 216 36 48 48 1.026303
960 264 36 48 48 0.170309
960 0 24 48 48 3.620919
960 0 36 48 48 3.414146
960 12 24 48 48 6.009417
960 12 36 48 48 2.651096
960 24 12 48 48 0.977369
960 24 24 48 48 4.055452
960 24 36 48 48 1.668537
960 36 24 48 48 1.111603
960 36 36 48 48 5.651427
960 216 36 48 48 1.026303
960 264 36 48 48 0.170309
960 0 33 44 44 4.235245
960 11 33 44 44 1.834177
960 22 33 44 44 3.857570
960 33 0 44 44 1.129299
960 33 33 44 44 1.339500
960 187 33 44 44 0.627485
960 198 33 44 44 0.794284
960 30 10 40 40 0.233098
960 27 0 36 36 1.425139
960 27 9 36 36 2.023170
960 384 136 32 32 0.398043
960 384 144 32 32 2.561894
960 0 98 28 28 2.985899
960 112 98 28 28 3.320314
960 119 98 28 28 0.608454
960 168 98 28 28 0.263798
960 245 98 28 28 0.099762
960 0 108 24 24 5.951520
960 0 114 24 24 4.499165
960 6 108 24 24 2.878494
960 6 114 24 24 1.871815
960 12 0 24 24 0.637800
960 12 6 24 24 0.218141
960 12 108 24 24 0.311174
960 18 0 24 24 0.118849
960 18 6 24 24 2.045195
960 96 108 24 24 2.399282
960 96 114 24 24 3.372247
960 102 108 24 24 8.209445
960 102 114 24 24 4.212218
960 108 102 24 24 3.733835
960 108 108 24 24 8.025086
960 108 114 24 24 3.255084
960 204 102 24 24 2.571304
960 210 102 24 24 2.698160
960 288 96 24 24 0.331401
960 300 96 24 24 0.021725
960 300 102 24 24 0.424608
960 300 108 24 24 1.754202
960 306 108 24 24 3.273271
960 306 114 24 24 4.860366
960 480 84 24 24 0.145804
960 492 108 24 24 1.400248
960 492 114 24 24 6.768756
960 498 96 24 24 3.105420
960 498 108 24 24 1.124360
960 498 114 24 24 5.322484
990 0 12 48 48 1.118387
990 0 24 48 48 5.123278
990 0 36 48 48 1.749405
990 12 24 48 48 7.328671
990 12 36 48 48 5.326759
990 24 24 48 48 1.860855
990 24 36 48 48 4.262385
990 36 24 48 48 2.591902
990 36 36 48 48 1.565797
990 204 24 48 48 3.176081
990 204 36 48 48 3.748966
990 216 24 48 48 0.504686
990 216 36 48 48 3.337330
990 384 12 48 48 0.056948
990 396 36 48 48 1.440049
990 408 24 48 48 0.560073
990 408 36 48 48 1.373813
990 420 0 48 48 2.273000
990 420 12 48 48 2.897189
990 0 12 48 48 1.118387
990 0 24 48 48 5.123278
990 0 36 48 48 1.749405
990 12 24 48 48 7.328671
990 12 36 48 48 5.326759
990 24 24 48 48 1.860855
990 24 36 48 48 4.262385
990 36 24 48 48 2.591902
990 36 36 48 48 1.565797
990 204 24 48 48 3.176081
990 204 36 48 48 3.748966
990 216 24 48 48 0.504686
990 216 36 48 48 3.337330
990 384 12 48 48 0.056948
990 396 36 48 48 1.440049
990 408 24 48 48 0.560073
990 408 36 48 48 1.373813
990 420 0 48 48 2.273000
990 420 12 48 48 2.897189
990 0 22 44 44 0.089924
990 0 33 44 44 2.500505
990 11 22 44 44 1.328982
990 11 33 44 44 7.846598
990 22 22 44 44 1.782423
990 22 33 44 44 9.583625
990 33 33 44 44 3.886986
990 176 33 44 44 5.118700
990 187 33 44 44 4.691617
990 198 33 44 44 2.815871
990 242 33 44 44 2.850179
990 10 0 40 40 0.053913
990 0 0 36 36 7.160239
990 0 9 36 36 1.231666
990 9 0 36 36 4.365996
990 9 9 36 36 1.560825
990 432 306 36 36 0.746871
990 0 0 32 32 3.984849
990 0 8 32 32 1.606534
990 8 0 32 32 3.132632
990 8 8 32 32 2.658693
990 16 0 32 32 0.234142
990 16 8 32 32 2.500281
990 16 16 32 32 0.700784
990 0 7 28 28 2.122496
990 0 14 28 28 0.929403
990 7 7 28 28 4.120527
990 7 14 28 28 2.549939
990 14 7 28 28 1.147645
990 14 14 28 28 4.381265
990 14 21 28 28 1.318244
990 21 14 28 28 1.375090
990 336 112 28 28 2.236278
990 336 119 28 28 4.094192
990 343 119 28 28 1.750684
990 343 126 28 28 0.479104
990 350 112 28 28 4.027719
990 350 119 28 28 2.065156
990 357 112 28 28 2.607591
990 448 112 28 28 3.612919
990 448 119 28 28 3.948010
990 448 126 28 28 1.206519
990 469 0 28 28 1.658246
990 469 7 28 28 0.922702
990 6 102 24 24 0.415567
990 12 12 24 24 0.005724
990 12 18 24 24 3.479996
990 12 102 24 24 2.200779
990 18 18 24 24 4.661444
990 18 96 24 24 2.361856
990 18 102 24 24 4.887866
990 96 96 24 24 2.447202
990 102 96 24 24 0.676346
990 108 96 24 24 4.464462
990 144 96 24 24 8.401330
990 144 102 24 24 3.580878
990 192 96 24 24 1.151947
990 192 102 24 24 0.877108
990 198 96 24 24 1.930822
990 198 102 24 24 3.013596
990 204 96 24 24 1.211692
990 204 102 24 24 0.036769
990 288 96 24 24 1.404859
990 288 102 24 24 0.450402
990 294 96 24 24 1.375852
990 300 96 24 24 3.254217
990 300 102 24 24 2.868196
990 306 96 24 24 3.416677
990 306 102 24 24 3.894747
990 480 0 24 24 2.730952
990 480 6 24 24 0.653116
990 480 12 24 24 4.334548
990 480 18 24 24 3.917722
990 480 204 24 24 0.160189
990 480 210 24 24 0.547958
990 486 0 24 24 3.035807
990 486 6 24 24 0.134447
990 486 12 24 24 1.817764
990 486 204 24 24 0.384639
990 492 84 24 24 1.067411
990 498 84 24 24 1.328286
1020 0 12 48 48 0.193625
1020 0 24 48 48 7.276628
1020 0 36 48 48 7.127730
1020 12 12 48 48 0.154125
1020 12 24 48 48 4.753658
1020 12 36 48 48 4.538568
1020 24 12 48 48 1.912751
1020 24 24 48 48 8.973439
1020 24 36 48 48 6.246750
1020 36 12 48 48 3.372483
1020 36 24 48 48 11.557656
1020 36 36 48 48 6.442946
1020 192 12 48 48 2.523268
1020 192 24 48 48 10.119636
1020 192 36 48 48 7.117533
1020 204 24 48 48 5.066528
1020 204 36 48 48 7.232991
1020 216 36 48 48 0.471595
1020 396 168 48 48 0.848818
1020 0 12 48 48 0.193625
1020 0 24 48 48 7.276628
1020 0 36 48 48 7.127730
1020 12 12 48 48 0.154125
1020 12 24 48 48 4.753658
1020 12 36 48 48 4.538568
1020 24 12 48 48 1.912751
1020 24 24 48 48 8.973439
1020 24 36 48 48 6.246750
1020 36 12 48 48 3.372483
1020 36 24 48 48 11.557656
1020 36 36 48 48 6.442946
1020 192 12 48 48 2.523268
1020 192 24 48 48 10.119636
1020 192 36 48 48 7.117533
1020 204 24 48 48 5.066528
1020 204 36 48 48 7.232991
1020 216 36 48 48 0.471595
1020 396 168 48 48 0.848818
1020 0 22 44 44 1.100340
1020 0 33 44 44 9.436083
1020 11 22 44 44 0.414315
1020 11 33 44 44 6.581487
1020 22 22 44 44 0.910726
1020 22 33 44 44 4.574826
1020 33 22 44 44 4.131012
1020 33 33 44 44 9.648796
1020 176 33 44 44 6.387543
1020 187 33 44 44 5.795463
1020 198 22 44 44 2.038335
1020 198 33 44 44 8.750991
1020 242 33 44 44 7.601778
1020 0 21 28 28 0.161123
1020 231 98 28 28 1.076965
1020 448 245 28 28 0.615992
1020 96 96 24 24 5.102445
1020 96 102 24 24 0.364091
1020 102 96 24 24 2.430756
1020 132 96 24 24 1.836536
1020 132 102 24 24 1.256119
1020 300 102 24 24 0.281450
1020 306 102 24 24 1.143737
1020 306 108 24 24 2.722831
1020 480 102 24 24 1.711812
1050 0 24 48 48 5.918610
1050 0 36 48 48 3.604626
1050 12 12 48 48 0.483082
1050 12 24 48 48 4.432835
1050 12 36 48 48 2.411767
1050 36 36 48 48 0.561606
1050 192 24 48 48 2.963294
1050 192 36 48 48 3.038786
1050 204 12 48 48 1.785026
1050 204 24 48 48 6.000671
1050 204 36 48 48 2.201534
1050 216 24 48 48 0.533109
1050 216 36 48 48 0.338473
1050 0 24 48 48 5.918610
1050 0 36 48 48 3.604626
1050 12 12 48 48 0.483082
1050 12 24 48 48 4.432835
1050 12 36 48 48 2.411767
1050 36 36 48 48 0.561606
1050 192 24 48 48 2.963294
1050 192 36 48 48 3.038786
1050 204 12 48 48 1.785026
1050 204 24 48 48 6.000671
1050 204 36 48 48 2.201534
1050 216 24 48 48 0.533109
1050 216 36 48 48 0.338473
1050 0 22 44 44 4.251263
1050 0 33 44 44 12.349278
1050 11 33 44 44 4.108672
1050 22 33 44 44 1.881334
1050 176 33 44 44 1.484126
1050 198 33 44 44 2.763280
1050 0 30 40 40 6.011850
1050 176 24 32 32 0.621614
1050 0 84 24 24 1.241969
1050 0 96 24 24 5.558087
1050 0 102 24 24 4.533226
1050 18 102 24 24 0.859352
1050 192 108 24 24 2.617753
1050 192 114 24 24 2.152331
1050 288 108 24 24 0.937032
1080 0 0 64 64 7.343075
1080 0 16 64 64 3.000248
1080 16 0 64 64 3.802290
1080 16 16 64 64 1.180045
1080 12 36 48 48 1.408702
1080 24 36 48 48 0.453832
1080 36 36 48 48 1.346628
1080 12 36 48 48 1.408702
1080 24 36 48 48 0.453832
1080 36 36 48 48 1.346628
1080 119 98 28 28 1.748596
1080 126 98 28 28 3.691178
1080 154 98 28 28 1.407331
1080 238 112 28 28 2.949555
1080 238 119 28 28 3.060894
1080 238 126 28 28 1.784756
1080 245 112 28 28 1.435851
1080 245 119 28 28 1.944669
1080 245 126 28 28 1.288288
1080 462 231 28 28 1.338835
1080 462 238 28 28 1.386420
1080 462 245 28 28 4.313888
1080 469 231 28 28 2.727463
1080 469 238 28 28 0.583144
1080 469 245 28 28 2.268606
1080 132 102 24 24 3.181411
1080 132 108 24 24 6.289327
1080 132 114 24 24 1.723097
1080 144 102 24 24 1.688388
1080 144 108 24 24 5.121233
1080 144 114 24 24 0.830250
1110 0 0 64 64 1.291282
1110 16 0 64 64 4.777893
1110 16 16 64 64 5.337821
1110 32 16 64 64 0.327504
1110 441 0 36 36 1.442807
1110 441 9 36 36 3.238123
1110 450 0 36 36 4.340333
1110 450 9 36 36 4.102742
1110 459 0 36 36 3.946644
1110 459 9 36 36 1.438507
1110 264 112 32 32 1.410961
1110 400 112 32 32 0.067704
1110 408 24 32 32 0.461649
1110 408 112 32 32 1.125208
1110 154 112 28 28 0.660524
1110 154 119 28 28 0.422113
1110 168 119 28 28 0.646057
1110 168 126 28 28 0.049892
1110 448 126 28 28 1.155874
1110 455 112 28 28 2.827760
1110 455 119 28 28 0.396825
1110 455 126 28 28 0.783765
1110 462 14 28 28 2.884591
1110 462 21 28 28 1.222360
1110 462 112 28 28 2.712892
1110 144 108 24 24 3.304906
1110 144 114 24 24 9.140141
1110 288 102 24 24 0.495677
1110 288 108 24 24 1.434643
1110 294 108 24 24 0.706839
1140 32 0 64 64 2.979791
1140 32 16 64 64 2.563287
1140 48 16 64 64 2.597911
1140 48 32 64 64 1.498805
1140 128 112 32 32 5.315778
1140 136 112 32 32 4.393290
1140 144 112 32 32 5.627410
1140 176 112 32 32 1.498490
1140 0 119 28 28 2.665193
1140 7 112 28 28 1.155092
1140 7 119 28 28 2.129197
1140 14 119 28 28 1.792156
1140 119 119 28 28 2.493668
1140 119 126 28 28 1.255205
1140 126 119 28 28 4.808767
1140 126 126 28 28 1.714543
1140 154 119 28 28 5.832332
1140 154 126 28 28 6.218401
1140 154 133 28 28 1.074911
1140 168 112 28 28 2.651995
1140 168 119 28 28 1.437264
1140 336 133 28 28 0.535700
1140 357 119 28 28 1.599881
1140 357 126 28 28 1.325652
1140 357 133 28 28 2.546163
1170 32 0 64 64 0.068193
1170 32 16 64 64 1.520058
1170 32 32 64 64 2.209668
1170 32 48 64 64 2.053640
1170 48 16 64 64 0.231898
1170 48 32 64 64 2.735176
1170 48 48 64 64 1.491175
1170 144 126 36 36 0.344467
1170 297 126 36 36 0.428814
1170 450 18 36 36 0.556336
1170 450 27 36 36 0.424097
1170 459 18 36 36 0.602825
1170 459 27 36 36 0.851391
1170 0 112 32 32 1.336689
1170 8 112 32 32 0.666960
1170 128 136 32 32 0.359042
1170 128 144 32 32 2.456881
1170 136 136 32 32 1.632453
1170 136 144 32 32 2.124310
1170 144 112 32 32 2.361415
1170 144 128 32 32 2.955759
1170 144 136 32 32 3.507724
1170 144 144 32 32 3.323633
1170 0 112 28 28 0.852032
1170 0 126 28 28 2.653442
1170 7 112 28 28 0.162593
1170 7 119 28 28 0.823301
1170 7 126 28 28 1.638807
1170 112 133 28 28 3.867307
1170 119 133 28 28 0.092743
1170 154 112 28 28 0.792106
1170 154 119 28 28 5.702779
1170 154 126 28 28 4.915921
1170 154 133 28 28 0.327264
1200 0 32 64 64 0.036739
1200 0 48 64 64 1.885964
1200 16 32 64 64 1.609836
1200 16 48 64 64 3.942861
1200 32 32 64 64 3.658327
1200 32 48 64 64 3.449385
1200 48 48 64 64 2.797472
1200 144 126 36 36 3.624592
1200 153 126 36 36 4.078619
1200 162 126 36 36 0.885250
1200 128 144 32 32 0.119729
1200 144 128 32 32 2.493207
1200 231 98 28 28 1.476349
1200 238 98 28 28 0.092011
1200 210 96 24 24 0.596396
1200 384 114 24 24 0.107230
1230 256 0 64 64 0.027468
1230 330 140 40 40 0.058902
1230 0 112 28 28 0.515863
1230 0 119 28 28 0.471928
1230 119 112 28 28 1.753673
1230 126 112 28 28 1.524355
1230 126 119 28 28 1.200827
1230 224 126 28 28 2.413559
1230 224 133 28 28 3.135469
1230 231 119 28 28 1.102242
1230 231 126 28 28 3.163787
1230 231 133 28 28 0.251805
1230 238 126 28 28 2.202703
1230 245 126 28 28 0.470472
1230 144 192 24 24 1.157456
1230 192 192 24 24 2.524934
1230 192 198 24 24 3.799735
1230 192 204 24 24 0.321389
1230 198 192 24 24 2.468444
1230 198 198 24 24 4.310651
1230 204 198 24 24 1.771927
1260 32 0 64 64 0.991199
1260 119 119 28 28 0.554482
1260 126 119 28 28 0.160987
1260 168 126 28 28 2.296425
1260 224 112 28 28 1.947888
1260 0 204 24 24 2.109458
1260 6 204 24 24 1.239324
1260 12 204 24 24 0.056902
1260 18 108 24 24 0.108591
1290 0 48 64 64 1.818663
1290 32 0 64 64 0.677594
1290 32 16 64 64 0.209216
1290 32 32 64 64 0.481162
1290 48 32 64 64 0.749845
1290 128 128 32 32 2.969126
1290 128 136 32 32 2.281890
1290 136 128 32 32 2.103038
1290 136 136 32 32 1.583140
1290 280 144 32 32 0.074315
1290 119 119 28 28 0.725988
1290 224 98 28 28 0.457432
1290 231 98 28 28 1.178811
1290 210 102 24 24 0.761403
1320 32 0 64 64 1.435744
1320 32 16 64 64 1.148814
1320 48 32 64 64 1.006714
1320 48 48 64 64 1.393512
1320 0 112 32 32 1.416666
1320 224 112 28 28 2.109860
1320 231 112 28 28 1.787440
1350 16 48 64 64 1.789992
1350 32 0 64 64 0.797481
1350 32 32 64 64 2.166864
1350 32 48 64 64 7.717442
1350 48 32 64 64 0.922301
1350 48 48 64 64 4.989965
1350 0 140 40 40 1.299504
1350 10 140 40 40 4.255707
1350 20 140 40 40 5.411675
1350 30 140 40 40 4.010981
1350 0 153 36 36 1.655573
1350 9 144 36 36 1.483858
1350 9 153 36 36 3.653798
1350 18 144 36 36 4.725592
1350 18 153 36 36 6.521837
1350 27 144 36 36 2.924063
1350 27 153 36 36 5.905887
1350 144 126 36 36 0.015719
1350 153 126 36 36 1.176104
1350 162 126 36 36 1.486919
1350 24 152 32 32 2.914131
1350 128 152 32 32 1.299577
1350 112 98 28 28 1.521964
1350 112 112 28 28 0.320606
1350 112 119 28 28 0.446585
1350 119 119 28 28 2.133089
1350 119 126 28 28 0.966229
1350 224 126 28 28 2.195988
1350 231 119 28 28 0.639632
1350 231 126 28 28 3.346990
1350 0 192 24 24 2.599824
1350 0 198 24 24 2.676804
1350 0 210 24 24 1.234270
1380 385 154 44 44 0.689182
1380 0 144 36 36 0.598809
1380 432 162 36 36 0.968188
1380 432 171 36 36 2.206350
1380 441 171 36 36 0.706098
1380 450 171 36 36 1.423366
1380 459 171 36 36 2.335773
1380 0 152 32 32 0.554944
1380 16 152 32 32 0.514028
1380 0 96 24 24 2.702260
1380 0 102 24 24 3.318613
1380 0 108 24 24 2.678611
1380 6 102 24 24 0.166108
1380 6 108 24 24 2.040809
1380 480 198 24 24 5.033534
1380 480 204 24 24 0.561618
1380 486 198 24 24 5.692050
1380 486 204 24 24 2.304925
1380 486 210 24 24 0.414281
1380 492 198 24 24 3.797055
1380 492 204 24 24 1.505293
1380 492 210 24 24 1.479244
1380 498 198 24 24 2.425043
1380 498 204 24 24 3.500834
1380 498 210 24 24 4.844412
1410 0 48 64 64 1.130957
1410 16 48 64 64 1.952704
1410 32 32 64 64 1.490522
1410 48 32 64 64 0.910610
1410 48 48 64 64 0.211587
1410 192 36 48 48 0.401267
1410 192 36 48 48 0.401267
1410 240 140 40 40 0.027187
1410 240 160 40 40 0.178177
1410 144 126 36 36 2.965453
1410 153 126 36 36 2.544780
1410 0 112 32 32 3.229562
1410 8 112 32 32 1.644524
1410 256 136 32 32 0.741370
1410 256 144 32 32 3.512003
1410 256 152 32 32 1.577880
1410 264 136 32 32 1.524721
1410 264 144 32 32 4.660953
1410 264 152 32 32 1.419943
1410 0 133 28 28 1.932390
1410 7 119 28 28 0.136669
1410 7 126 28 28 3.270066
1410 7 133 28 28 2.921911
1410 14 133 28 28 1.249807
1410 224 98 28 28 1.088998
1410 231 98 28 28 0.130689
1440 32 0 64 64 0.863871
1440 288 126 36 36 2.114586
1440 432 126 36 36 1.283324
1440 408 128 32 32 0.414404
1440 408 136 32 32 5.222127
1440 408 144 32 32 0.136119
1440 112 112 28 28 0.325907
1440 119 112 28 28 0.530609
1440 0 102 24 24 0.377165
1440 384 84 24 24 1.088342
1470 16 48 64 64 0.529558
1470 32 32 64 64 0.258558
1470 32 48 64 64 2.203320
1470 48 48 64 64 0.394822
1470 306 162 36 36 0.446136
1470 0 112 32 32 0.138061
1470 272 128 32 32 2.242733
1470 272 136 32 32 0.688793
1470 280 136 32 32 0.697665
1470 0 133 28 28 0.974510
1470 7 126 28 28 1.702328
1470 7 133 28 28 2.085823
1470 462 119 28 28 0.275428
1470 132 114 24 24 1.019451
1470 384 84 24 24 0.766768
1470 384 198 24 24 0.514256
1470 390 198 24 24 0.683585
1500 16 48 64 64 0.943879
1500 32 48 64 64 0.875939
1500 256 112 32 32 0.246697
1500 0 133 28 28 1.961169
1500 7 126 28 28 0.262778
1500 7 133 28 28 1.303829
1500 126 98 28 28 0.464089
1500 154 98 28 28 0.251506
1500 462 119 28 28 2.335089
1500 469 119 28 28 0.744119
1500 132 114 24 24 2.022383
1500 198 192 24 24 0.545811
1500 204 192 24 24 1.301965
1500 300 192 24 24 1.033768
1500 306 192 24 24 3.044226
1500 306 198 24 24 0.405639
1530 264 12 48 48 1.216541
1530 264 12 48 48 1.216541
1530 264 22 44 44 1.692109
1530 0 126 36 36 1.910384
1530 9 126 36 36 3.927703
1530 306 126 36 36 3.430073
1530 315 126 36 36 4.924729
1530 16 136 32 32 3.140264
1530 16 144 32 32 2.043656
1530 256 152 32 32 0.770711
1530 264 152 32 32 1.553729
1530 272 152 32 32 0.522200
1530 7 133 28 28 2.053430
1530 294 84 24 24 0.622269
1560 9 288 36 36 0.345326
1560 144 126 36 36 1.304638
1560 144 144 36 36 0.048148
1560 153 144 36 36 4.120325
1560 162 144 36 36 4.185524
1560 216 126 36 36 0.957955
1560 450 27 36 36 0.129794
1560 459 27 36 36 0.470381
1560 16 280 32 32 0.492512
1560 144 136 32 32 1.480737
1560 144 144 32 32 3.467524
1560 176 152 32 32 2.489128
1560 245 133 28 28 1.864217
1560 18 108 24 24 0.175804
1560 132 192 24 24 0.004968
1560 210 96 24 24 0.527921
1590 352 32 64 64 2.856218
1590 352 48 64 64 2.502316
1590 264 192 48 48 2.059483
1590 288 192 48 48 5.079962
1590 264 192 48 48 2.059483
1590 288 192 48 48 5.079962
1590 408 152 32 32 1.404534
1590 126 98 28 28 2.961303
1590 357 119 28 28 0.871899
1590 357 126 28 28 0.131708
1590 132 102 24 24 2.092207
1590 132 108 24 24 0.627665
1590 210 192 24 24 0.915255
1590 210 204 24 24 0.352068
1620 385 154 44 44 2.509090
1620 450 153 36 36 1.493145
1620 176 136 32 32 0.822134
1620 176 144 32 32 0.314521
1620 192 128 32 32 3.472657
1620 192 136 32 32 3.343498
1620 192 144 32 32 0.631911
1620 224 133 28 28 1.070130
1620 238 133 28 28 0.638216
1650 198 126 36 36 0.086551
1650 176 136 32 32 1.008763
1650 176 144 32 32 0.264590
1650 192 128 32 32 2.152673
1650 192 136 32 32 1.223790
1650 224 133 28 28 0.318199
1650 132 96 24 24 1.220220
1650 132 102 24 24 0.494491
1680 153 144 36 36 0.371082
1680 459 27 36 36 0.354077
1680 176 136 32 32 1.430185
1680 176 144 32 32 0.059321
1680 12 192 24 24 0.044281
1680 18 192 24 24 0.479075
1680 108 84 24 24 0.732194
1680 132 96 24 24 2.042428
1710 162 126 36 36 1.313956
1710 176 128 32 32 2.517576
1710 176 136 32 32 3.679241
1710 176 144 32 32 1.137502
1710 192 128 32 32 0.469664
1710 0 192 24 24 3.553798
1710 6 192 24 24 3.407770
1710 12 192 24 24 2.577967
1710 18 192 24 24 0.067749
1740 0 126 36 36 1.977811
1740 153 126 36 36 0.486471
1740 162 126 36 36 3.599720
1740 176 128 32 32 2.479283
1740 176 136 32 32 2.377306
1740 264 144 32 32 1.036628
1740 272 144 32 32 3.099939
1740 224 133 28 28 0.281803
1740 0 192 24 24 1.780854
1740 108 192 24 24 1.076601
1770 144 126 36 36 1.357947
1770 153 126 36 36 3.907414
1770 162 126 36 36 3.623879
1770 432 171 36 36 0.432457
1770 441 144 36 36 3.699403
1770 450 144 36 36 3.459968
1770 459 27 36 36 0.142270
1770 256 144 32 32 0.727579
1770 264 144 32 32 1.476261
1770 272 144 32 32 0.065591
1770 168 126 28 28 1.388025
1770 12 96 24 24 0.152509
1770 96 84 24 24 1.980456
1770 102 84 24 24 0.264138
1770 144 96 24 24 1.681791
1800 144 126 36 36 5.021225
1800 153 126 36 36 4.911151
1800 162 126 36 36 3.404069
1800 459 27 36 36 0.982033
1800 144 144 32 32 0.980767
1800 176 136 32 32 0.289207
1800 280 136 32 32 0.584798
1800 108 96 24 24 0.235730
1800 132 192 24 24 1.408082
1800 132 198 24 24 0.156953
1800 144 96 24 24 2.270863
1830 144 126 36 36 3.733469
1830 153 126 36 36 2.994937
1830 288 144 36 36 0.793879
1830 297 144 36 36 3.226909
1830 432 162 36 36 2.056785
1830 450 27 36 36 0.296249
1830 459 27 36 36 0.317808
1830 144 144 32 32 0.279839
1830 192 136 32 32 0.907581
1830 256 144 32 32 0.736514
1830 256 152 32 32 2.960294
1830 264 144 32 32 0.654412
1830 264 152 32 32 2.745231
1830 18 198 24 24 0.932941
1830 102 96 24 24 0.077906
1830 108 96 24 24 0.868075
1830 144 96 24 24 0.093698
1830 144 102 24 24 0.823348
