30 352 4 64 64 11.163675
30 443 9 35 35 10.047460
30 32 33 51 51 15.660008
30 26 152 35 35 14.070588
30 313 158 36 36 11.691047
30 23 142 38 38 13.345258
30 264 48 64 64 6.123274
30 279 17 31 31 5.169079
30 391 168 48 48 11.882976
30 447 98 28 28 3.094448
30 5 20 64 64 7.419613
30 385 154 44 44 2.573902
30 386 20 48 48 10.885364
30 16 0 64 64 1.764420
30 315 144 36 36 1.319223
30 462 21 28 28 1.289614
30 245 0 28 28 1.199446
30 0 48 64 64 1.006907
30 352 43 64 64 1.270461
30 21 112 28 28 0.856901
30 198 126 36 36 0.804560
30 306 153 36 36 0.803131
30 13 126 27 27 0.696488
30 223 0 29 29 0.570021
30 97 114 24 24 0.666502
30 340 140 40 40 0.307767
30 396 36 48 48 0.372646
60 283 5 64 64 14.735964
60 384 36 48 48 9.034900
60 342 119 28 28 12.094291
60 356 21 28 28 3.932253
60 436 161 36 36 6.927869
60 492 109 23 23 5.853796
60 462 98 28 28 2.929735
60 400 113 24 24 4.186979
60 495 113 24 24 5.061938
60 432 145 36 36 3.158765
60 176 112 32 32 2.289989
60 272 16 64 64 2.265205
60 336 126 28 28 1.886583
60 339 98 28 28 2.857779
60 126 126 28 28 1.245154
60 191 112 32 32 0.989420
60 455 112 28 28 0.925803
60 256 136 32 32 0.814790
60 48 0 64 64 0.767853
60 350 112 28 28 0.519058
60 352 0 64 64 0.505751
60 402 101 24 24 0.175778
60 336 112 28 28 0.099734
60 168 126 28 28 0.098276
60 432 171 36 36 0.095362
60 350 126 27 27 0.091767
60 459 162 36 36 0.088291
90 432 144 36 36 5.101732
90 356 132 28 28 5.333552
90 20 112 32 32 6.559056
90 21 130 27 27 4.524778
90 461 98 28 28 6.808719
90 267 128 32 32 3.783599
90 462 0 28 28 1.531875
90 448 98 28 28 0.672485
90 154 126 28 28 0.572826
90 352 48 64 64 0.461173
90 468 6 27 27 0.360483
90 272 136 32 32 0.304575
90 448 133 28 28 0.184305
90 112 112 28 28 0.029208
120 1 131 29 29 17.953764
120 48 16 64 64 2.941049
120 7 126 27 27 2.679490
120 18 102 24 24 1.593988
120 0 144 32 32 1.239205
120 279 142 32 32 1.344237
120 12 96 24 24 0.423181
120 144 112 32 32 0.151350
120 288 0 24 24 0.065381
120 0 112 32 32 0.062495
150 450 133 28 28 7.486165
150 384 152 32 32 3.776977
150 2 114 24 24 5.677507
150 281 32 64 64 5.038047
150 12 131 28 28 5.105579
150 0 48 64 64 1.396506
150 402 108 24 24 1.009054
150 1 126 35 35 1.214460
150 175 112 32 32 0.903653
150 22 32 64 64 1.323614
150 352 42 64 64 1.073997
150 262 48 64 64 0.677100
150 396 18 24 24 0.075845
180 6 32 64 64 7.793262
180 2 112 28 28 8.639604
180 400 192 24 24 3.374810
180 231 126 28 28 2.256759
180 168 126 28 28 1.633046
180 3 118 28 28 2.592963
180 16 16 64 64 1.360317
180 34 32 64 64 1.136382
180 352 48 64 64 0.549517
180 0 126 28 28 0.471069
180 9 48 64 64 0.712265
180 390 192 24 24 0.233317
180 238 119 28 28 0.086044
210 336 114 28 28 6.797956
210 97 111 24 24 9.689488
210 386 138 32 32 6.730562
210 106 108 24 24 4.052337
210 236 112 28 28 4.157872
210 21 0 64 64 2.962000
210 32 9 64 64 2.387841
210 392 144 32 32 0.766493
210 0 15 64 64 0.647403
210 479 210 24 24 0.270359
210 343 119 27 27 0.062084
240 400 150 32 32 23.083591
240 349 123 28 28 21.634489
240 341 121 27 27 13.509549
240 144 112 32 32 4.319402
240 336 124 27 27 8.946777
240 286 15 64 64 9.686624
240 154 119 28 28 3.772758
240 391 17 23 23 6.304961
240 392 144 32 32 2.819270
240 2 9 34 34 5.353996
240 231 115 27 27 4.734934
240 96 114 24 24 1.284181
240 111 126 27 27 1.180727
240 458 153 36 36 1.143873
240 408 144 32 32 1.098017
240 354 133 28 28 1.120110
240 335 98 28 28 0.742664
240 346 112 27 27 0.915556
240 272 0 64 64 0.418128
240 272 32 64 64 0.409045
240 8 24 32 32 0.396914
240 455 133 28 28 0.352988
240 16 16 64 64 0.324949
240 343 133 28 28 0.244134
240 400 136 32 32 0.085449
270 454 119 28 28 21.578360
270 354 119 27 27 14.811084
270 467 114 28 28 9.493637
270 449 114 28 28 11.647423
270 226 118 28 28 9.619362
270 26 126 35 35 4.046979
270 283 5 64 64 9.278735
270 275 31 64 64 12.264439
270 386 0 24 24 6.091826
270 144 6 24 24 2.863265
270 337 120 28 28 4.833735
270 447 126 27 27 2.552420
270 401 0 24 24 2.729577
270 492 207 24 24 4.447444
270 128 112 32 32 2.002720
270 462 126 28 28 1.641644
270 227 111 28 28 2.401461
270 347 126 28 28 2.078149
270 384 136 32 32 0.968543
270 238 119 28 28 0.964796
270 448 98 28 28 0.787184
270 288 48 64 64 0.490527
300 226 118 28 28 13.571599
300 286 19 64 64 11.775582
300 132 2 24 24 5.048192
300 399 112 32 32 2.327563
300 0 115 27 27 2.766319
300 136 112 32 32 0.981473
300 272 0 64 64 0.849629
300 238 119 28 28 0.632739
300 343 124 28 28 0.629674
300 231 112 27 27 0.350042
330 230 117 28 28 14.152435
330 288 18 64 64 7.675715
330 132 0 24 24 3.163762
330 176 112 32 32 2.107258
330 357 123 28 28 4.142524
330 96 96 24 24 1.538005
330 0 114 24 24 1.259595
330 224 126 28 28 0.845137
330 280 112 32 32 0.725842
330 224 112 28 28 0.533468
330 238 112 28 28 0.469895
360 230 118 28 28 14.452257
360 176 112 32 32 1.487362
360 168 126 28 28 0.766873
360 245 119 27 27 0.748846
360 0 24 32 32 0.571147
360 390 107 24 24 0.570481
360 224 112 28 28 0.463153
360 447 126 27 27 0.180997
360 223 126 28 28 0.120737
390 385 130 32 32 12.731858
390 226 117 28 28 10.373867
390 392 136 32 32 2.192900
390 238 115 28 28 2.881847
390 486 84 24 24 1.393220
390 358 22 44 44 1.907011
390 144 112 32 32 1.009373
390 384 143 32 32 0.981582
390 231 112 28 28 0.546656
390 288 24 48 48 0.642596
390 469 126 28 28 0.220873
420 352 31 64 64 14.878656
420 408 130 32 32 6.130152
420 228 118 28 28 8.080800
420 112 126 27 27 3.227969
420 480 84 24 24 2.838582
420 459 144 36 36 2.346926
420 225 112 28 28 3.109012
420 43 10 64 64 3.565131
420 288 12 48 48 2.142204
420 8 16 64 64 1.048794
420 153 123 27 27 0.845946
420 144 112 32 32 0.183730
420 492 84 24 24 0.069116
450 19 130 29 29 20.854883
450 459 126 36 36 4.628337
450 459 146 36 36 5.999357
450 386 84 24 24 8.095551
450 8 128 32 32 3.889393
450 498 84 24 24 3.007343
450 497 102 24 24 2.445208
450 47 16 64 64 2.296211
450 4 16 64 64 2.648120
450 225 116 27 27 4.425844
450 18 0 24 24 1.327928
450 235 112 28 28 2.002001
450 448 126 27 27 0.373178
480 3 130 29 29 20.235697
480 288 15 24 24 7.224676
480 11 130 29 29 7.121839
480 225 113 27 27 5.796443
480 48 16 64 64 2.427343
480 320 30 40 40 1.685315
480 3 112 32 32 2.645719
480 288 6 24 24 1.538642
480 0 0 64 64 0.707524
480 176 112 32 32 0.408461
480 256 0 64 64 0.336196
480 24 112 32 32 0.247331
480 459 26 36 36 0.053298
510 432 15 36 36 8.553255
510 346 11 40 40 9.068909
510 341 20 40 40 5.447368
510 228 112 27 27 3.306140
510 48 16 64 64 1.111955
510 327 10 40 40 0.849553
510 7 133 28 28 0.548534
540 389 23 32 32 9.919700
540 302 126 36 36 8.165944
540 351 2 43 43 4.451196
540 449 14 28 28 7.932605
540 452 19 28 28 6.249528
540 235 112 28 28 4.727074
540 175 112 32 32 1.914215
540 455 7 28 28 0.942872
540 154 126 28 28 0.708317
540 0 127 33 33 0.877393
540 245 119 28 28 0.439373
540 498 18 24 24 0.251263
540 340 10 40 40 0.197629
540 21 112 28 28 0.097125
570 496 18 24 24 3.137959
570 306 126 36 36 2.214959
570 349 25 40 40 3.224559
570 469 13 27 27 2.569856
570 352 0 44 44 1.304977
570 176 112 32 32 1.257672
570 237 119 27 27 1.259875
570 224 119 28 28 0.792704
570 121 126 28 28 1.199249
570 384 128 32 32 0.316743
570 306 144 36 36 0.211515
570 480 18 24 24 0.184397
570 491 0 24 24 0.167414
570 374 0 44 44 0.065534
600 114 127 27 27 10.303116
600 225 112 28 28 4.194964
600 489 6 24 24 5.106978
600 126 124 28 28 3.694479
600 13 128 32 32 5.531943
600 115 132 27 27 3.886356
600 176 112 32 32 1.647209
600 315 126 36 36 1.610483
600 336 133 28 28 1.386301
600 0 127 33 33 2.504947
600 128 112 32 32 0.781199
600 237 116 28 28 1.010945
600 8 136 32 32 0.451139
600 349 14 40 40 0.812446
600 455 14 28 28 0.195953
600 343 126 28 28 0.148772
600 256 16 64 64 0.128651
600 119 119 28 28 0.097811
630 15 10 64 64 13.746927
630 356 0 44 44 5.270358
630 97 17 24 24 3.846125
630 0 6 64 64 3.933133
630 37 3 64 64 5.221838
630 44 10 64 64 5.122314
630 448 10 27 27 3.441605
630 448 21 28 28 1.237259
630 192 112 32 32 0.870567
630 288 12 48 48 1.007654
630 176 112 32 32 0.352757
630 498 12 24 24 0.209053
630 168 119 27 27 0.003589
660 5 11 64 64 10.066615
660 153 119 28 28 3.300694
660 12 0 64 64 6.706969
660 6 128 28 28 4.933997
660 483 16 24 24 6.492256
660 256 16 64 64 2.033931
660 469 3 28 28 2.932207
660 176 112 32 32 1.267054
660 0 112 32 32 0.867174
660 480 12 24 24 0.734096
660 24 112 32 32 0.662142
660 16 32 64 64 0.436391
660 192 112 32 32 0.249129
690 498 2 24 24 6.420893
690 200 114 24 24 5.718794
690 1 16 64 64 2.000163
690 492 6 24 24 1.529543
690 224 98 28 28 1.344833
690 486 11 23 23 0.927278
690 408 16 32 32 0.296599
690 32 16 64 64 0.081576
720 7 125 28 28 19.108506
720 3 113 29 29 14.465468
720 408 3 32 32 8.116004
720 20 112 31 31 5.159291
720 13 114 30 30 7.972575
720 0 15 64 64 1.897697
720 7 18 24 24 1.761699
720 112 112 28 28 1.436244
720 43 15 64 64 1.415983
720 168 98 28 28 0.981323
720 14 133 28 28 0.732042
720 21 126 28 28 0.541497
720 7 7 28 28 0.445920
720 122 112 28 28 0.419141
720 0 133 28 28 0.174342
750 1 114 28 28 18.827736
750 96 111 24 24 6.483751
750 6 117 27 27 8.018000
750 2 126 27 27 3.549798
750 450 0 27 27 2.373431
750 191 106 23 23 2.346865
750 19 111 28 28 1.979855
750 480 1 24 24 0.960687
750 112 98 28 28 0.428093
780 32 35 48 48 11.567294
780 343 98 28 28 7.280656
780 144 24 32 32 2.781594
780 115 98 28 28 3.955044
780 11 98 28 28 2.533310
780 13 114 24 24 1.588305
780 108 112 23 23 1.518774
780 104 107 24 24 1.207937
780 357 98 28 28 0.612969
780 0 98 28 28 0.525851
780 0 112 26 26 0.404691
810 275 5 64 64 9.348668
810 15 36 47 47 12.299894
810 282 12 64 64 8.998368
810 272 41 64 64 5.074898
810 0 0 64 64 2.723755
810 1 112 28 28 3.390241
810 396 114 24 24 2.500672
810 132 113 24 24 1.944259
810 11 112 28 28 2.516626
810 256 31 64 64 1.062667
810 306 108 23 23 0.957244
810 0 12 24 24 0.370006
810 168 97 27 27 0.289906
810 21 98 28 28 0.021069
840 115 112 28 28 7.502457
840 283 4 64 64 7.398777
840 394 24 32 32 3.157364
840 386 112 32 32 3.184438
840 400 128 32 32 1.345568
840 16 112 32 32 1.334582
840 384 16 32 32 0.905705
840 126 112 27 27 0.816608
870 351 11 64 64 5.654863
870 336 114 28 28 5.784808
870 396 114 24 24 3.715168
870 16 126 27 27 5.830682
870 403 112 31 31 5.685901
870 469 130 28 28 3.849638
870 459 159 36 36 3.174631
870 283 27 64 64 4.488228
870 343 98 28 28 1.637236
870 288 7 64 64 2.469347
870 384 112 32 32 0.895841
870 256 32 64 64 0.692022
870 482 84 24 24 0.880383
870 32 16 64 64 0.340539
870 20 118 28 28 0.143051
870 21 133 28 28 0.095749
870 272 48 64 64 0.063882
900 113 118 28 28 4.581884
900 347 98 28 28 4.132445
900 351 7 64 64 4.797710
900 288 32 64 64 1.616453
900 384 96 24 24 1.612611
900 118 114 28 28 2.669999
900 350 126 27 27 0.723912
900 216 153 36 36 0.516612
900 8 112 32 32 0.121853
930 351 98 28 28 11.618307
930 462 131 28 28 14.763136
930 386 95 23 23 8.501943
930 198 166 36 36 6.097332
930 286 21 64 64 4.623010
930 452 126 28 28 3.715786
930 0 131 28 28 3.223851
930 181 154 44 44 3.744397
930 448 130 28 28 3.211151
930 432 126 36 36 1.644629
930 168 133 28 28 1.013767
930 352 15 64 64 0.939988
930 112 119 28 28 0.894577
930 469 126 28 28 0.575313
930 390 102 24 24 0.504616
930 6 129 28 28 0.681588
960 353 112 28 28 12.463706
960 391 100 24 24 11.871985
960 436 125 35 35 6.661915
960 396 98 24 24 7.637806
960 341 114 28 28 6.201794
960 452 126 36 36 3.143669
960 112 119 28 28 2.272538
960 383 98 24 24 2.552208
960 178 176 41 41 3.524168
960 384 105 23 23 2.511845
960 288 32 64 64 1.404403
960 350 98 28 28 1.394248
960 336 115 28 28 2.400397
960 401 99 23 23 2.285120
960 352 26 64 64 1.089833
960 350 224 28 28 0.594936
960 315 126 36 36 0.482827
960 197 171 36 36 0.324509
960 396 35 48 48 0.210758
990 354 114 28 28 17.100771
990 355 98 28 28 7.542551
990 391 103 23 23 13.184226
990 346 118 27 27 8.412258
990 178 182 42 42 7.541736
990 435 126 36 36 4.035518
990 396 108 24 24 1.944446
990 112 126 28 28 1.747924
990 340 140 40 40 1.240341
990 287 38 64 64 2.026799
990 352 32 64 64 0.901841
990 449 129 32 32 1.639338
990 343 111 28 28 0.699060
990 309 126 36 36 0.972808
990 402 35 48 48 1.852680
1020 394 108 24 24 14.835257
1020 355 114 27 27 11.538470
1020 354 98 28 28 8.227816
1020 341 131 28 28 9.675712
1020 336 140 40 40 5.325719
1020 177 183 42 42 10.280103
1020 349 117 28 28 5.562447
1020 338 128 28 28 8.274695
1020 388 114 24 24 6.597925
1020 113 132 28 28 4.032338
1020 498 0 24 24 1.678909
1020 352 32 64 64 1.675905
1020 432 144 36 36 1.265302
1020 312 144 36 36 1.267881
1020 153 126 36 36 0.735407
1020 288 48 64 64 0.594881
1020 384 108 24 24 0.508370
1020 459 126 36 36 0.493009
1020 400 101 24 24 0.638918
1020 350 238 27 27 0.238525
1020 384 84 24 24 0.097122
1020 448 111 28 28 0.087627
1050 354 113 28 28 15.706019
1050 344 125 28 28 9.524347
1050 391 111 24 24 12.189033
1050 396 110 24 24 7.761617
1050 21 242 28 28 5.742049
1050 177 183 42 42 9.687696
1050 336 140 40 40 5.511777
1050 113 133 28 28 3.942538
1050 353 126 28 28 5.559911
1050 348 121 28 28 6.766899
1050 306 144 36 36 2.228777
1050 3 187 43 43 2.756120
1050 459 126 36 36 1.730993
1050 187 187 44 44 1.646659
1050 351 38 64 64 2.539587
1050 448 119 28 28 1.440395
1050 342 115 27 27 2.642933
1050 384 108 24 24 1.029972
1050 336 129 28 28 1.713689
1050 288 48 64 64 0.850665
1050 402 114 24 24 0.353612
1050 153 126 36 36 0.349811
1050 441 126 36 36 0.133502
1050 450 144 36 36 0.085790
1050 498 0 24 24 0.022413
1050 21 231 28 28 0.020222
1080 355 114 28 28 17.732563
1080 395 112 24 24 14.077425
1080 176 181 43 43 7.518364
1080 338 140 40 40 4.419768
1080 353 126 28 28 7.008939
1080 345 125 28 28 7.556152
1080 349 122 28 28 7.246459
1080 390 108 24 24 2.705822
1080 459 126 36 36 1.959408
1080 306 144 36 36 1.952366
1080 352 40 64 64 2.855261
1080 402 108 24 24 1.489148
1080 288 48 64 64 1.218215
1080 184 187 42 42 1.227677
1080 336 131 28 28 1.123874
1080 431 144 36 36 0.698968
1080 440 126 36 36 0.182595
1080 432 27 36 36 0.091668
1110 356 118 27 27 20.046482
1110 394 113 23 23 13.236865
1110 350 114 27 27 6.778320
1110 338 140 40 40 4.654488
1110 351 124 28 28 11.452425
1110 307 144 36 36 4.683473
1110 434 144 36 36 3.864230
1110 337 132 28 28 2.978711
1110 177 184 43 43 5.782044
1110 444 126 36 36 3.545163
1110 447 144 36 36 3.149917
1110 352 47 64 64 1.674297
1110 288 48 64 64 1.524384
1110 454 126 36 36 2.699042
1110 402 108 24 24 1.120304
1110 390 108 24 24 1.082054
1110 320 140 40 40 0.804884
1110 384 114 24 24 0.434030
1140 355 118 28 28 20.826416
1140 395 114 23 23 16.417943
1140 435 145 36 36 7.900329
1140 351 125 28 28 8.296632
1140 338 140 40 40 4.102776
1140 306 144 36 36 5.642756
1140 337 132 28 28 4.163661
1140 350 112 28 28 2.618042
1140 176 179 44 44 3.206016
1140 168 133 28 28 2.080922
1140 320 141 38 38 3.850865
1140 352 48 64 64 1.501901
1140 288 48 64 64 1.485143
1140 457 126 36 36 1.804500
1140 450 144 36 36 1.322945
1140 442 126 36 36 1.563802
1140 402 108 24 24 1.091144
1140 384 114 23 23 0.884050
1140 357 245 28 28 0.020740
1170 355 117 28 28 18.667973
1170 394 114 24 24 16.244467
1170 337 140 40 40 4.824275
1170 338 131 27 27 6.626196
1170 308 144 35 35 4.768036
1170 347 126 28 28 3.369845
1170 350 112 28 28 2.245411
1170 288 48 64 64 2.147591
1170 321 141 38 38 4.882507
1170 384 114 24 24 1.755835
1170 402 108 24 24 1.024940
1170 352 48 64 64 0.915988
1170 357 245 28 28 0.455110
1170 176 176 44 44 0.167715
1170 315 153 36 36 0.049194
1200 356 118 28 28 17.892763
1200 394 114 24 24 15.962015
1200 436 144 36 36 6.211883
1200 449 144 36 36 9.393797
1200 349 123 28 28 5.024455
1200 339 140 40 40 2.273541
1200 338 133 28 28 3.521143
1200 175 185 43 43 3.778967
1200 384 114 24 24 1.909141
1200 317 142 37 37 3.118007
1200 33 176 44 44 1.116820
1200 288 48 64 64 1.108347
1200 459 126 36 36 0.965579
1200 350 112 28 28 0.738270
1200 167 133 28 28 0.409639
1200 441 126 36 36 0.227637
1200 402 107 24 24 0.208140
1200 352 32 64 64 0.152537
1200 498 0 24 24 0.037252
1230 357 114 28 28 11.166285
1230 392 113 23 23 13.157300
1230 402 111 24 24 6.902439
1230 313 145 36 36 9.273698
1230 337 133 28 28 4.521674
1230 393 108 24 24 4.802045
1230 455 144 36 36 5.045548
1230 176 193 44 44 3.559007
1230 339 140 40 40 2.130273
1230 459 126 36 36 1.102784
1230 349 126 28 28 1.111164
1230 432 143 36 36 1.080675
1230 352 32 64 64 0.828604
1230 441 126 36 36 0.321380
1230 384 108 24 24 0.180670
1260 357 118 27 27 16.819718
1260 399 113 24 24 10.235816
1260 314 145 37 37 12.054329
1260 390 114 24 24 3.313057
1260 347 131 28 28 7.003653
1260 449 143 35 35 8.024277
1260 339 133 28 28 5.276432
1260 336 140 40 40 2.872507
1260 350 112 28 28 0.209125
1260 431 144 36 36 0.105734
1260 383 84 24 24 0.050013
1260 306 153 36 36 0.012947
1290 355 124 27 27 14.349521
1290 449 144 36 36 8.382234
1290 309 144 36 36 6.629313
1290 399 114 24 24 5.153430
1290 348 133 28 28 4.846547
1290 433 149 36 36 4.774995
1290 350 119 28 28 0.817165
1290 458 153 36 36 0.602100
1290 343 126 28 28 0.463622
1290 336 133 28 28 0.007202
1320 354 131 28 28 17.765652
1320 343 133 28 28 3.614690
1320 432 151 36 36 4.042812
1320 487 97 24 24 5.558353
1320 459 145 36 36 2.843399
1320 386 112 32 32 3.244606
1320 7 180 40 40 4.941483
1320 312 144 36 36 2.854704
1320 490 99 24 24 4.608870
1320 386 96 23 23 2.905629
1320 384 132 32 32 2.555646
1320 311 126 36 36 2.112554
1320 386 84 24 24 1.840815
1320 272 32 64 64 0.766273
1320 144 209 24 24 0.746728
1320 392 128 32 32 0.677524
1320 256 48 64 64 0.547478
1320 350 126 28 28 0.380365
1320 0 183 41 41 0.618376
1320 441 144 36 36 0.366752
1320 15 171 41 41 0.585573
1320 0 154 44 44 0.269967
1320 14 224 28 28 0.196502
1320 29 179 40 40 0.175637
1350 391 134 32 32 21.059053
1350 386 130 32 32 15.558939
1350 442 16 36 36 14.546699
1350 386 83 23 23 7.880940
1350 480 84 24 24 4.696391
1350 28 157 42 42 13.838019
1350 354 132 28 28 6.724865
1350 315 126 36 36 3.603253
1350 405 133 32 32 10.145472
1350 419 6 47 47 13.440452
1350 446 26 36 36 5.170446
1350 387 112 32 32 5.596931
1350 396 84 24 24 2.625880
1350 400 128 32 32 2.248384
1350 272 36 64 64 3.221073
1350 261 48 64 64 2.902566
1350 399 144 32 32 1.397972
1350 486 193 23 23 1.579800
1350 384 144 32 32 1.267671
1350 15 156 42 42 1.927266
1350 288 19 64 64 0.950654
1350 20 187 40 40 0.847648
1350 480 96 24 24 0.697887
1350 20 170 40 40 0.812484
1350 29 178 41 41 0.784558
1350 315 144 36 36 0.348224
1350 336 21 27 27 0.248479
1350 492 198 24 24 0.108589
1380 386 112 32 32 13.316897
1380 391 129 32 32 15.295594
1380 355 130 28 28 12.854775
1380 283 33 64 64 15.488659
1380 386 84 24 24 8.985821
1380 400 112 32 32 3.746025
1380 490 96 24 24 4.557389
1380 417 33 47 47 12.296976
1380 481 96 24 24 4.393138
1380 264 48 64 64 5.932002
1380 346 126 28 28 5.405211
1380 392 150 32 32 3.307048
1380 455 11 36 36 6.473426
1380 402 136 32 32 3.389719
1380 339 133 28 28 4.006210
1380 168 133 28 28 1.914635
1380 335 126 28 28 1.522248
1380 486 84 24 24 1.361756
1380 294 114 24 24 1.122186
1380 106 198 24 24 2.574208
1380 396 83 23 23 0.878833
1380 350 0 40 40 0.677979
1380 396 35 48 48 1.212416
1380 408 24 48 48 0.975600
1380 450 19 36 36 0.483502
1380 450 0 36 36 0.357216
1380 256 32 64 64 0.298403
1380 384 136 32 32 0.201808
1380 352 16 64 64 0.115524
1410 394 127 32 32 17.133700
1410 408 129 32 32 6.842501
1410 399 112 32 32 7.860362
1410 285 44 64 64 8.076124
1410 386 83 23 23 7.809471
1410 448 128 28 28 6.674784
1410 315 144 36 36 2.716195
1410 262 48 64 64 3.822867
1410 396 84 24 24 1.900549
1410 341 133 28 28 4.351601
1410 384 36 48 48 3.379528
1410 354 132 28 28 2.382753
1410 479 114 24 24 1.089154
1410 132 192 24 24 1.032438
1410 2 245 28 28 1.508982
1410 106 114 24 24 1.241011
1410 272 32 64 64 0.689062
1410 400 136 32 32 0.624344
1410 408 152 32 32 0.460936
1410 420 23 47 47 0.455550
1410 0 256 32 32 0.129266
1410 346 14 28 28 0.153162
1410 459 0 36 36 0.041327
1410 455 133 28 28 0.040070
1440 407 144 32 32 17.467475
1440 482 84 24 24 8.268208
1440 394 128 32 32 13.027682
1440 397 112 32 32 5.604620
1440 141 145 32 32 7.245942
1440 288 48 64 64 3.452461
1440 462 127 28 28 4.057401
1440 351 41 64 64 5.510170
1440 137 149 32 32 6.623414
1440 390 83 23 23 2.830915
1440 408 128 32 32 2.565787
1440 436 126 36 36 4.142711
1440 397 138 32 32 5.535283
1440 176 176 44 44 1.689257
1440 256 48 64 64 1.511890
1440 273 9 64 64 2.341620
1440 339 132 27 27 2.186574
1440 323 140 39 39 1.621352
1440 352 16 64 64 0.681658
1440 288 107 24 24 0.551854
1440 21 14 28 28 0.509134
1440 288 5 64 64 0.543546
1440 0 21 27 27 0.352145
1440 432 171 36 36 0.216600
1440 342 7 28 28 0.097397
1470 11 17 24 24 11.255706
1470 397 128 32 32 8.270831
1470 352 42 64 64 5.663055
1470 432 145 36 36 4.028599
1470 2 16 25 25 7.290444
1470 288 48 64 64 2.905941
1470 432 126 36 36 2.535871
1470 480 205 23 23 2.848579
1470 384 192 24 24 1.983127
1470 98 108 23 23 3.239842
1470 352 23 64 64 3.583097
1470 256 48 64 64 1.766662
1470 404 112 32 32 2.723332
1470 176 176 43 43 2.045140
1470 489 113 24 24 1.898372
1470 321 140 40 40 1.249936
1470 144 200 23 23 1.889384
1470 132 198 23 23 0.721208
1470 384 128 32 32 0.554069
1470 343 133 28 28 0.488790
1470 396 83 23 23 0.062431
1470 320 20 40 40 0.011861
1470 272 0 64 64 0.005484
1500 352 48 64 64 8.709562
1500 5 17 24 24 17.709486
1500 406 112 32 32 3.763550
1500 343 4 28 28 3.029519
1500 0 22 64 64 3.236271
1500 392 128 32 32 3.450570
1500 432 162 36 36 1.699763
1500 392 198 24 24 3.018616
1500 0 10 28 28 2.875182
1500 346 132 27 27 2.459297
1500 432 126 36 36 0.953187
1500 288 48 64 64 0.673805
1500 340 160 40 40 0.552581
1500 350 20 40 40 0.512433
1500 272 0 64 64 0.313808
1500 340 140 40 40 0.294444
1500 384 18 24 24 0.291087
1500 441 153 36 36 0.214288
1500 320 10 40 40 0.004245
1530 0 15 24 24 15.252632
1530 352 48 64 64 7.417155
1530 408 112 32 32 2.588566
1530 342 161 40 40 3.555847
1530 343 4 28 28 2.985315
1530 387 129 32 32 4.499094
1530 197 168 36 36 1.892540
1530 450 153 36 36 1.358923
1530 351 156 42 42 2.158636
1530 480 108 24 24 0.668104
1530 350 0 28 28 0.445262
1560 0 16 24 24 18.090429
1560 352 48 64 64 5.295481
1560 386 130 32 32 9.016931
1560 322 17 40 40 5.985261
1560 98 192 24 24 5.277634
1560 343 162 40 40 6.599699
1560 401 209 23 23 2.333291
1560 492 114 24 24 2.316959
1560 352 154 44 44 2.105485
1560 484 107 23 23 2.716835
1560 204 210 24 24 1.614854
1560 343 6 28 28 1.729905
1560 454 133 28 28 1.123411
1560 0 32 64 64 1.027643
1560 437 126 36 36 1.727512
1560 448 153 36 36 1.127661
1560 400 128 32 32 0.937927
1560 459 27 36 36 0.930833
1560 432 149 36 36 1.644479
1560 346 20 40 40 1.399218
1560 198 170 36 36 0.347775
1560 108 101 24 24 0.161256
1590 1 18 24 24 11.853105
1590 323 21 39 39 14.010807
1590 347 27 40 40 11.713004
1590 390 128 32 32 8.369609
1590 352 48 64 64 2.977184
1590 384 136 32 32 2.843741
1590 352 16 64 64 2.483261
1590 354 154 44 44 3.358321
1590 432 126 36 36 2.413875
1590 451 133 28 28 4.435856
1590 340 165 40 40 3.670105
1590 492 114 24 24 1.756623
1590 340 20 40 40 1.714233
1590 288 0 47 47 2.981542
1590 330 30 40 40 1.136668
1590 408 128 32 32 1.126402
1590 402 210 24 24 0.963513
1590 191 204 23 23 0.696334
1590 198 171 36 36 0.643022
1590 432 144 36 36 0.435436
1590 343 7 28 28 0.366199
1590 486 102 24 24 0.269936
1620 385 137 32 32 23.153205
1620 0 18 24 24 8.602724
1620 453 133 27 27 8.143471
1620 407 128 32 32 3.779036
1620 145 150 36 36 6.618364
1620 352 10 64 64 5.039919
1620 179 167 40 40 3.915369
1620 435 126 36 36 5.185106
1620 323 21 40 40 5.684806
1620 392 128 32 32 2.870863
1620 384 152 32 32 2.711528
1620 459 27 36 36 2.454198
1620 348 23 40 40 4.604294
1620 352 154 44 44 2.067118
1620 342 4 28 28 3.161181
1620 153 147 36 36 3.082639
1620 492 107 24 24 2.598682
1620 340 26 40 40 2.027494
1620 352 48 64 64 1.145232
1620 392 144 32 32 1.026831
1620 498 8 24 24 1.444210
1620 0 29 64 64 0.734430
1620 350 0 28 28 0.394982
1620 492 12 24 24 0.382554
1620 204 192 24 24 0.003909
1650 459 131 29 29 20.449354
1650 384 141 32 32 16.176377
1650 351 18 64 64 9.095319
1650 172 161 40 40 12.507409
1650 176 164 40 40 12.352241
1650 446 128 32 32 13.336383
1650 387 128 32 32 6.616030
1650 480 207 24 24 6.902657
1650 432 126 36 36 3.522660
1650 459 27 36 36 3.216498
1650 0 23 64 64 5.714934
1650 289 101 24 24 3.928385
1650 392 139 32 32 4.810957
1650 493 100 24 24 5.775709
1650 298 103 24 24 4.342350
1650 352 48 64 64 1.862197
1650 0 18 24 24 1.811371
1650 458 126 27 27 3.183942
1650 480 198 24 24 1.366422
1650 498 95 24 24 1.229129
1650 352 154 44 44 1.204387
1650 343 0 28 28 0.984445
1650 408 128 32 32 0.588419
1650 288 12 48 48 0.301484
1650 320 20 40 40 0.005121
1680 435 125 35 35 13.240622
1680 198 167 36 36 9.443925
1680 386 130 32 32 12.619181
1680 352 33 64 64 11.089420
1680 486 208 24 24 11.586313
1680 453 127 34 34 7.770298
1680 393 136 32 32 4.649462
1680 289 108 24 24 4.802093
1680 405 129 32 32 6.574652
1680 345 160 40 40 5.083741
1680 288 24 48 48 5.296050
1680 177 156 42 42 3.640179
1680 298 109 24 24 4.203522
1680 390 198 24 24 1.668824
1680 492 204 24 24 1.502295
1680 340 4 28 28 3.890690
1680 330 160 40 40 1.375548
1680 350 19 39 39 0.840665
1680 486 10 24 24 0.913914
1680 469 133 28 28 0.605577
1680 498 6 23 23 0.346915
1680 498 114 24 24 0.298547
1680 449 144 36 36 0.155032
1680 33 187 44 44 0.134971
1680 192 113 24 24 0.133672
1680 402 18 24 24 0.101334
1680 459 171 36 36 0.081179
1710 21 141 32 32 15.097866
1710 352 39 64 64 12.485672
1710 437 125 35 35 10.834541
1710 391 137 32 32 15.935552
1710 16 128 35 35 8.787051
1710 97 209 24 24 5.416759
1710 404 136 32 32 7.679182
1710 323 140 40 40 4.634652
1710 345 30 39 39 5.466667
1710 288 113 24 24 2.840942
1710 458 126 36 36 2.749470
1710 343 160 40 40 3.408387
1710 384 128 32 32 2.145253
1710 400 128 32 32 1.606207
1710 459 144 36 36 1.488630
1710 343 6 27 27 1.783392
1710 349 0 27 27 1.636584
1710 215 166 36 36 2.015423
1710 303 114 24 24 1.644678
1710 498 6 24 24 0.872411
1710 272 0 64 64 0.116194
1740 16 142 32 32 17.184654
1740 455 126 36 36 8.280074
1740 383 202 23 23 5.570824
1740 322 140 40 40 5.068958
1740 404 151 32 32 6.082937
1740 7 130 34 34 6.112802
1740 441 126 36 36 2.949873
1740 0 144 32 32 2.490347
1740 24 135 32 32 2.677370
1740 216 162 36 36 2.472540
1740 384 194 24 24 3.754585
1740 461 18 29 29 2.854436
1740 390 84 24 24 1.889220
1740 453 1 36 36 3.637867
1740 350 160 40 40 1.688701
1740 388 135 32 32 2.766560
1740 128 152 32 32 1.214453
1740 480 192 24 24 0.964817
1740 445 144 36 36 1.522294
1740 17 128 32 32 0.983909
1740 401 144 32 32 0.926586
1740 488 12 24 24 0.778680
1740 374 11 43 43 0.432262
1740 352 48 64 64 0.235461
1740 459 144 36 36 0.193847
1740 340 30 40 40 0.147754
1740 24 151 32 32 0.028862
1770 454 0 28 28 12.255894
1770 394 130 32 32 11.820873
1770 333 139 39 39 5.220831
1770 135 136 32 32 3.345958
1770 385 204 24 24 4.382572
1770 442 125 35 35 7.402902
1770 19 142 38 38 8.210716
1770 359 11 44 44 3.599067
1770 390 192 24 24 2.138118
1770 493 192 24 24 2.833432
1770 459 126 36 36 2.024949
1770 18 159 36 36 2.346049
1770 352 0 44 44 0.866423
1770 492 0 24 24 0.735506
1770 400 136 32 32 0.575352
1770 27 153 36 36 0.531050
1770 350 160 40 40 0.436213
1770 390 210 24 24 0.343032
1770 469 0 28 28 0.150977
