30 336 116 27 27 17.678009
30 497 8 24 24 12.818636
30 230 119 27 27 16.055530
30 256 16 64 64 10.100312
30 226 112 28 28 2.919399
30 288 48 64 64 1.409582
30 224 126 28 28 1.318970
30 479 210 24 24 1.280441
30 492 12 24 24 1.170503
30 271 4 64 64 1.545275
30 272 27 64 64 1.360416
30 0 16 64 64 0.505062
30 288 16 64 64 0.389102
30 350 126 28 28 0.168544
30 343 112 28 28 0.131527
30 238 126 28 28 0.106060
60 118 125 28 28 16.798577
60 168 126 28 28 5.046391
60 229 113 28 28 12.125029
60 224 125 28 28 10.550495
60 124 130 28 28 8.566382
60 256 0 64 64 2.481685
60 441 162 36 36 2.373388
60 235 117 28 28 5.872752
60 112 119 28 28 1.538992
60 126 116 28 28 2.188691
60 498 84 24 24 1.240499
60 112 133 28 28 0.946848
60 21 112 32 32 1.004536
60 357 112 28 28 0.293965
60 210 96 24 24 0.203345
90 119 126 28 28 19.539580
90 153 120 28 28 4.073410
90 399 129 32 32 3.896918
90 400 112 32 32 2.791629
90 468 114 28 28 3.848575
90 126 133 28 28 2.411717
90 126 119 28 28 1.910934
90 353 112 28 28 3.707129
90 224 112 28 28 1.663717
90 144 112 32 32 1.130178
90 224 126 28 28 1.008414
90 168 112 28 28 0.636603
90 210 96 24 24 0.575438
90 357 122 28 28 1.098635
90 384 24 32 32 0.364603
90 492 114 24 24 0.354330
120 352 16 64 64 4.013371
120 257 20 64 64 4.803871
120 192 112 32 32 2.896044
120 343 119 28 28 2.454268
120 451 126 28 28 4.916808
120 226 112 28 28 3.773642
120 176 112 32 32 1.483020
120 119 119 28 28 1.430767
120 385 22 44 44 1.055321
120 24 128 32 32 0.893079
120 283 16 64 64 1.214197
120 245 112 27 27 0.417384
120 203 102 24 24 0.204460
120 154 112 28 28 0.136108
150 353 14 61 61 14.966509
150 354 119 27 27 22.920292
150 353 126 27 27 11.991140
150 242 112 28 28 7.175971
150 448 126 28 28 4.594585
150 350 112 27 27 2.802379
150 192 112 32 32 2.355361
150 127 115 30 30 4.429516
150 229 112 28 28 3.127936
150 275 15 64 64 3.424793
150 126 126 28 28 1.317884
150 119 119 27 27 1.182187
150 402 114 24 24 0.656627
150 0 133 28 28 0.642377
150 224 119 28 28 0.212220
180 350 131 28 28 24.868838
180 354 124 28 28 14.102181
180 19 113 28 28 8.984140
180 259 21 64 64 13.857403
180 230 113 27 27 10.888602
180 392 112 32 32 6.324947
180 385 109 24 24 6.375850
180 235 117 27 27 7.225627
180 276 32 64 64 4.228351
180 396 128 32 32 5.627417
180 462 122 28 28 3.976824
180 175 112 32 32 1.813031
180 192 112 32 32 1.681720
180 288 22 64 64 2.498201
180 462 133 28 28 1.155376
180 408 112 32 32 0.953920
180 384 128 32 32 0.477564
180 154 119 28 28 0.059529
210 20 126 27 27 17.652396
210 256 21 64 64 6.511008
210 230 125 27 27 11.253626
210 16 112 32 32 3.145519
210 408 8 32 32 2.825980
210 140 112 32 32 4.742707
210 154 121 28 28 3.986332
210 354 125 28 28 3.807511
210 402 18 24 24 2.289148
210 168 125 28 28 1.892716
210 448 98 28 28 1.382617
210 143 101 23 23 1.474512
210 315 126 36 36 1.231224
210 226 112 27 27 2.007937
210 237 133 28 28 1.224748
210 176 112 32 32 1.004914
210 352 36 64 64 1.219431
210 432 144 36 36 0.744452
210 384 144 32 32 0.219161
210 408 128 32 32 0.197799
210 486 84 24 24 0.164142
240 352 48 64 64 6.447027
240 455 1 28 28 14.046371
240 315 144 36 36 4.103191
240 392 0 24 24 6.404905
240 0 129 28 28 6.964162
240 154 131 28 28 4.616090
240 315 126 36 36 2.569189
240 431 149 36 36 4.324996
240 496 83 23 23 3.263203
240 208 83 23 23 2.931758
240 120 132 27 27 2.757760
240 495 101 24 24 4.638327
240 492 96 24 24 2.051087
240 338 133 28 28 3.209753
240 402 0 24 24 1.840648
240 168 124 28 28 2.169437
240 132 102 24 24 1.481199
240 488 84 24 24 2.247265
240 455 112 28 28 1.004292
240 256 43 64 64 1.068720
240 448 7 28 28 0.716730
240 154 119 28 28 0.495811
240 108 84 24 24 0.423067
240 408 152 32 32 0.374676
240 486 102 24 24 0.120437
240 144 112 32 32 0.116387
240 396 24 48 48 0.169806
270 455 113 28 28 23.007400
270 192 131 32 32 13.489367
270 450 117 28 28 17.870640
270 133 112 32 32 10.419068
270 325 140 40 40 10.552569
270 404 36 48 48 14.541600
270 218 141 38 38 7.753832
270 167 124 28 28 4.544641
270 154 122 28 28 6.153488
270 462 119 28 28 3.110734
270 48 0 64 64 3.035127
270 493 1 24 24 5.001582
270 3 151 32 32 6.018890
270 403 112 32 32 4.535322
270 458 0 27 27 5.374815
270 216 153 36 36 1.999110
270 447 0 28 28 1.692677
270 492 114 24 24 1.893227
270 104 102 24 24 3.275081
270 384 113 24 24 1.064569
270 96 84 24 24 1.025625
270 108 84 24 24 0.904464
270 119 133 28 28 0.807255
270 468 6 28 28 0.583022
270 204 84 24 24 0.532002
270 198 144 36 36 0.469454
270 175 112 32 32 0.436268
270 136 128 32 32 0.415136
270 480 12 24 24 0.200878
270 455 224 28 28 0.038000
270 7 133 28 28 0.007410
300 175 132 32 32 12.688253
300 450 114 28 28 15.462562
300 461 117 28 28 12.665197
300 162 126 36 36 4.430721
300 1 106 24 24 8.422992
300 399 112 32 32 10.902408
300 194 153 42 42 8.239088
300 395 35 48 48 11.820250
300 126 122 28 28 6.189013
300 341 140 40 40 3.891381
300 447 126 28 28 3.161062
300 487 0 24 24 2.767360
300 96 98 24 24 3.917745
300 384 111 24 24 3.469638
300 344 160 40 40 3.962924
300 198 144 36 36 1.672520
300 96 84 24 24 1.258725
300 216 147 36 36 2.053570
300 469 112 28 28 1.120199
300 216 166 36 36 1.756573
300 384 192 24 24 0.832024
300 154 119 28 28 0.645959
300 32 48 64 64 0.490082
300 48 32 64 64 0.482509
300 126 112 28 28 0.373017
300 119 119 28 28 0.296741
300 350 20 40 40 0.293416
300 198 84 24 24 0.165741
300 198 171 36 36 0.047596
300 32 0 64 64 0.026217
330 412 35 48 48 17.373278
330 192 96 24 24 2.892130
330 40 32 64 64 5.032452
330 162 126 36 36 2.118779
330 154 126 28 28 1.829717
330 224 112 28 28 1.811341
330 465 119 28 28 3.236459
330 0 108 24 24 1.230781
330 136 112 32 32 1.193924
330 32 48 64 64 1.054007
330 363 154 44 44 0.968982
330 187 176 44 44 0.630751
330 204 84 24 24 0.426150
330 176 136 32 32 0.329440
330 198 144 36 36 0.267287
330 16 32 64 64 0.073947
360 33 36 64 64 10.394356
360 420 32 48 48 7.817972
360 130 112 32 32 3.555222
360 162 126 36 36 2.307130
360 176 142 32 32 2.577428
360 16 48 64 64 1.180499
360 98 84 24 24 1.801019
360 469 119 28 28 1.069776
360 237 98 28 28 0.659305
360 160 140 40 40 0.281281
360 111 133 28 28 0.226546
360 48 48 64 64 0.116752
390 128 112 32 32 3.372955
390 165 140 39 39 5.735187
390 162 126 36 36 2.817827
390 28 43 64 64 4.660831
390 126 126 28 28 2.092381
390 224 98 28 28 1.269809
390 0 140 40 40 0.949658
390 469 112 28 28 0.650866
390 96 84 24 24 0.544042
390 192 152 32 32 0.348623
390 108 84 24 24 0.265415
390 455 126 28 28 0.124187
390 420 36 48 48 0.054370
420 127 129 30 30 6.914757
420 25 47 64 64 7.164381
420 166 143 37 37 9.178528
420 102 83 23 23 1.564467
420 210 84 24 24 0.768528
420 420 36 48 48 1.304652
420 204 192 24 24 0.560220
420 0 48 64 64 0.358586
420 153 162 36 36 0.238154
420 486 114 24 24 0.039634
450 127 129 30 30 8.488461
450 33 48 64 64 7.598596
450 162 143 38 38 8.019210
450 102 84 24 24 2.457537
450 455 224 28 28 1.962739
450 96 108 24 24 0.811734
450 208 84 24 24 0.882049
450 486 114 24 24 0.438964
450 96 96 24 24 0.417616
450 224 112 28 28 0.340564
450 175 152 32 32 0.337635
450 0 140 40 40 0.146430
450 102 114 24 24 0.027235
480 128 130 32 32 6.194125
480 28 48 64 64 5.437093
480 159 144 36 36 9.156454
480 144 99 24 24 2.915886
480 102 114 24 24 1.520973
480 224 112 27 27 1.322095
480 454 224 28 28 1.118108
480 99 96 24 24 0.914955
480 210 84 24 24 0.172674
510 129 131 32 32 12.680396
510 35 48 64 64 4.028908
510 136 132 32 32 4.878601
510 161 147 36 36 4.098844
510 206 192 24 24 2.593403
510 210 199 24 24 1.213983
510 96 96 24 24 0.519360
510 210 210 24 24 0.202954
510 170 160 40 40 0.169361
540 130 133 32 32 11.920193
540 224 124 28 28 9.442972
540 32 48 64 64 6.923754
540 208 199 23 23 7.876312
540 15 166 37 37 3.516147
540 136 128 32 32 2.024405
540 170 160 40 40 1.671149
540 204 204 24 24 1.450922
540 161 147 36 36 3.328664
540 469 126 28 28 1.400551
540 176 152 32 32 0.825094
540 176 209 44 44 0.797074
540 192 204 24 24 0.250815
540 108 96 24 24 0.096486
570 225 130 28 28 12.384581
570 132 134 32 32 12.400334
570 171 159 40 40 7.947496
570 197 160 36 36 8.028745
570 131 128 32 32 5.668013
570 161 144 37 37 8.394573
570 28 48 64 64 3.758926
570 202 197 24 24 5.400586
570 210 114 24 24 2.015184
570 194 199 24 24 4.305356
570 231 126 28 28 1.631987
570 187 208 44 44 1.662025
570 176 197 44 44 1.645616
570 200 192 24 24 1.938907
570 238 112 28 28 1.139727
570 432 126 36 36 1.073178
570 96 96 24 24 0.723621
570 162 168 36 36 0.277968
600 225 128 28 28 16.783797
600 130 134 32 32 10.382038
600 231 129 28 28 8.398391
600 178 157 41 41 11.361292
600 163 158 38 38 11.471629
600 185 205 44 44 6.870479
600 195 160 37 37 10.531309
600 6 244 27 27 6.711738
600 159 142 37 37 6.959007
600 33 48 64 64 2.501693
600 469 126 28 28 1.943499
600 136 128 32 32 1.902481
600 242 113 28 28 1.544425
600 176 198 44 44 0.402290
600 96 96 23 23 0.396081
600 108 96 23 23 0.371204
600 194 198 23 23 0.475574
630 225 128 28 28 15.223533
630 130 134 32 32 13.272149
630 163 159 38 38 12.672132
630 231 129 28 28 7.274406
630 195 160 37 37 11.494010
630 178 157 41 41 11.079502
630 186 206 44 44 5.113623
630 159 142 37 37 6.845040
630 136 128 32 32 2.603077
630 11 185 44 44 2.636930
630 469 125 28 28 1.927377
630 21 239 28 28 4.391255
630 14 245 28 28 1.735634
630 95 95 24 24 1.413702
630 1 169 47 47 1.944143
630 108 96 24 24 0.777118
630 193 198 24 24 0.860786
630 32 48 64 64 0.533925
630 210 114 24 24 0.516179
630 198 194 24 24 0.682899
630 240 112 28 28 0.241913
630 216 171 36 36 0.061465
660 225 127 28 28 16.976686
660 489 114 23 23 10.464780
660 130 133 32 32 12.473472
660 163 158 38 38 10.800502
660 178 158 41 41 10.633226
660 195 160 37 37 10.517285
660 136 128 32 32 3.284511
660 231 133 28 28 3.057958
660 159 141 38 38 3.701461
660 187 202 44 44 4.292847
660 107 95 24 24 2.502368
660 389 84 24 24 1.299769
660 97 96 24 24 1.504180
660 216 171 36 36 0.497531
660 18 173 45 45 0.770091
660 192 112 32 32 0.154462
660 210 114 24 24 0.106695
690 225 127 28 28 18.105555
690 130 133 32 32 12.349139
690 163 159 38 38 13.630784
690 177 158 41 41 11.671304
690 195 160 37 37 10.488793
690 231 133 28 28 3.284567
690 136 128 32 32 2.943525
690 158 141 38 38 3.659616
690 107 96 24 24 2.629022
690 186 202 44 44 3.931977
690 469 126 28 28 1.589437
690 97 96 24 24 1.535097
690 390 84 24 24 0.654741
690 215 171 36 36 0.598968
690 192 112 32 32 0.221139
720 225 127 27 27 17.735663
720 130 133 32 32 12.956717
720 162 159 38 38 13.836827
720 177 158 41 41 10.615509
720 195 160 37 37 10.554754
720 231 133 28 28 3.238575
720 136 128 32 32 3.170420
720 158 141 38 38 3.815654
720 489 113 23 23 3.571430
720 187 202 43 43 3.641824
720 216 171 36 36 0.583158
720 108 96 24 24 0.410028
720 390 83 23 23 0.361009
720 210 114 24 24 0.242025
720 21 133 27 27 0.009899
720 192 112 32 32 0.007612
750 225 127 28 28 18.671033
750 130 133 32 32 10.766742
750 178 158 41 41 9.772721
750 163 158 38 38 9.539151
750 195 159 37 37 10.541420
750 231 133 28 28 3.556266
750 136 128 32 32 2.714875
750 107 96 24 24 2.440447
750 187 202 44 44 3.654142
750 468 126 28 28 2.112973
750 160 140 40 40 1.520149
750 96 95 24 24 1.460796
750 192 168 48 48 1.304906
750 198 192 24 24 0.609891
750 216 171 36 36 0.326703
750 21 133 28 28 0.164270
780 225 127 28 28 18.504974
780 130 133 32 32 11.889198
780 177 158 41 41 11.453850
780 163 158 38 38 12.781330
780 195 160 37 37 10.954157
780 106 96 24 24 4.161726
780 231 133 28 28 3.241248
780 136 128 32 32 2.879436
780 158 141 38 38 4.186742
780 187 202 43 43 3.741677
780 98 95 23 23 2.362127
780 448 133 28 28 0.564217
780 215 171 36 36 0.446948
780 21 133 28 28 0.341048
780 469 126 27 27 0.160079
780 390 84 24 24 0.111755
810 225 127 28 28 17.788495
810 130 133 32 32 12.116426
810 178 158 41 41 11.465182
810 163 158 38 38 11.217907
810 132 128 32 32 6.698545
810 195 160 37 37 10.629884
810 231 133 28 28 3.290591
810 158 141 38 38 3.648877
810 187 202 44 44 3.886319
810 469 126 28 28 1.573192
810 108 96 24 24 1.249063
810 390 84 24 24 1.024493
810 21 133 28 28 0.436763
810 192 112 32 32 0.396839
810 96 96 24 24 0.321481
810 210 114 24 24 0.047602
810 192 168 48 48 0.044684
810 216 171 36 36 0.000326
840 225 127 28 28 18.060955
840 130 134 32 32 11.333585
840 177 158 41 41 11.313737
840 163 158 38 38 11.965902
840 195 159 37 37 10.439809
840 231 133 28 28 3.269773
840 132 128 32 32 5.306453
840 158 141 38 38 4.644585
840 186 202 43 43 3.745549
840 209 114 24 24 1.552161
840 469 126 28 28 1.603068
840 390 84 24 24 1.283305
840 108 96 24 24 0.689353
840 216 171 36 36 0.244619
870 225 127 28 28 16.985960
870 130 133 32 32 12.196748
870 162 159 38 38 14.205158
870 177 158 41 41 11.194577
870 132 128 32 32 6.984253
870 195 160 37 37 10.397753
870 231 133 28 28 3.395514
870 159 141 38 38 4.802732
870 187 202 44 44 3.559953
870 390 84 24 24 2.043746
870 469 126 28 28 0.944345
870 108 96 23 23 0.757296
870 192 112 32 32 0.437291
870 96 96 23 23 0.405126
870 216 171 36 36 0.270791
900 225 128 27 27 16.602424
900 130 134 32 32 11.510821
900 178 158 41 41 10.801090
900 164 158 39 39 8.810836
900 195 159 37 37 9.942550
900 231 133 28 28 3.228158
900 132 128 32 32 5.475801
900 160 145 37 37 5.714381
900 187 202 44 44 3.807612
900 108 96 24 24 1.972921
900 390 84 24 24 1.474243
900 469 127 28 28 1.444457
900 216 171 36 36 0.123246
930 225 130 28 28 17.230955
930 231 129 28 28 9.477534
930 130 134 32 32 10.454436
930 178 158 41 41 12.332664
930 195 160 38 38 10.016760
930 209 113 24 24 2.660310
930 187 202 44 44 4.769661
930 98 96 24 24 3.647961
930 136 128 32 32 2.228776
930 105 96 24 24 3.249495
930 160 160 40 40 1.348574
930 469 127 27 27 1.860583
930 198 144 36 36 1.162302
930 216 171 36 36 0.489746
930 160 141 38 38 0.647603
930 390 84 24 24 0.328887
930 102 102 24 24 0.262247
930 48 0 64 64 0.260577
930 192 168 48 48 0.409082
930 144 136 32 32 0.194821
930 170 170 40 40 0.156026
930 245 119 27 27 0.155523
930 32 48 64 64 0.055215
960 225 130 28 28 16.801355
960 230 129 28 28 8.770306
960 195 160 37 37 12.694937
960 106 95 24 24 4.702480
960 179 157 41 41 9.269524
960 98 95 24 24 4.067692
960 187 202 44 44 4.398465
960 136 136 32 32 1.994748
960 210 114 24 24 1.978906
960 165 140 40 40 3.733225
960 27 176 44 44 2.864518
960 224 119 28 28 1.178496
960 469 127 28 28 0.919382
960 210 192 24 24 0.511837
960 11 154 44 44 0.459984
960 192 168 48 48 0.906242
960 245 119 28 28 0.374685
960 198 198 24 24 0.231742
960 203 95 24 24 0.216435
960 32 0 64 64 0.129251
960 198 210 24 24 0.120775
960 153 171 36 36 0.075429
990 208 196 24 24 12.187643
990 206 102 24 24 10.391018
990 230 125 27 27 3.396794
990 105 95 23 23 5.044413
990 98 96 24 24 4.940909
990 170 140 40 40 2.432038
990 198 162 36 36 1.898485
990 461 132 27 27 1.282824
990 207 108 24 24 2.065937
990 180 160 40 40 1.059092
990 204 192 24 24 0.909338
990 468 126 28 28 0.997464
990 195 108 24 24 1.651184
990 33 153 43 43 0.771365
990 237 119 28 28 0.782197
990 447 133 28 28 0.592308
990 224 133 28 28 0.393105
990 224 231 28 28 0.101871
1020 205 102 24 24 4.988086
1020 41 0 64 64 3.724832
1020 105 210 24 24 2.036300
1020 223 234 28 28 0.966684
1020 128 128 32 32 0.501141
1020 96 96 24 24 0.488686
1020 146 129 31 31 0.617857
1020 108 96 24 24 0.389372
1050 216 158 36 36 12.359615
1050 242 133 28 28 8.816827
1050 43 2 64 64 10.130904
1050 132 196 24 24 8.180742
1050 227 133 28 28 4.866424
1050 103 96 24 24 3.387342
1050 243 224 28 28 2.844506
1050 128 128 32 32 2.043043
1050 198 151 36 36 5.200398
1050 204 192 48 48 3.915746
1050 39 16 64 64 3.447792
1050 149 129 31 31 3.831524
1050 448 130 30 30 1.646009
1050 144 204 24 24 1.129074
1050 211 167 47 47 3.293712
1050 384 168 48 48 1.368188
1050 224 126 27 27 0.675741
1050 238 231 28 28 0.564717
1080 43 3 64 64 13.676255
1080 216 144 36 36 4.656994
1080 240 160 41 41 7.956723
1080 384 168 47 47 7.270762
1080 452 133 28 28 4.566693
1080 129 129 32 32 3.985417
1080 138 145 33 33 4.751580
1080 142 151 35 35 5.158958
1080 176 128 32 32 2.273592
1080 432 126 36 36 2.259971
1080 216 168 48 48 3.382686
1080 241 180 42 42 3.035933
1080 384 154 44 44 1.498043
1080 168 133 28 28 1.283385
1080 102 102 24 24 0.866006
1080 16 0 64 64 0.709776
1080 32 16 64 64 0.633571
1080 18 153 36 36 0.417369
1080 128 112 32 32 0.107996
1080 144 128 32 32 0.054181
1080 111 126 28 28 0.016860
1080 237 133 28 28 0.016814
1110 42 2 64 64 13.472069
1110 451 126 35 35 10.829697
1110 389 168 48 48 17.890686
1110 154 144 36 36 17.787678
1110 191 137 32 32 7.932256
1110 13 130 27 27 9.046428
1110 157 153 36 36 5.549029
1110 6 128 28 28 3.937581
1110 112 127 28 28 2.915360
1110 296 192 23 23 3.115265
1110 16 0 64 64 1.536561
1110 459 144 36 36 1.414409
1110 144 153 36 36 1.342960
1110 27 126 36 36 1.221359
1110 176 151 32 32 1.341464
1110 6 256 32 32 1.283653
1110 130 128 32 32 1.520150
1110 153 169 36 36 1.332065
1110 14 224 28 28 1.211031
1110 20 231 28 28 1.184540
1110 154 133 28 28 0.746999
1110 24 144 32 32 0.687826
1110 198 126 36 36 0.126330
1110 230 133 28 28 0.096904
1140 174 146 34 34 14.014597
1140 194 192 23 23 7.184070
1140 163 143 38 38 15.035219
1140 191 149 32 32 6.333548
1140 459 126 36 36 3.451201
1140 48 5 64 64 5.253135
1140 420 167 47 47 6.633870
1140 175 136 32 32 2.823232
1140 126 133 28 28 2.767520
1140 170 160 39 39 1.987844
1140 154 133 28 28 1.509803
1140 352 48 64 64 1.290658
1140 449 171 36 36 1.083424
1140 33 168 48 48 0.858244
1140 33 187 44 44 0.132677
1140 441 166 36 36 0.189873
1170 190 145 34 34 16.396189
1170 350 224 28 28 3.505599
1170 48 8 64 64 4.734626
1170 168 126 28 28 2.411882
1170 108 84 24 24 2.345395
1170 154 126 28 28 1.470916
1170 126 14 28 28 1.202190
1170 245 133 28 28 0.441015
1200 165 162 39 39 14.591563
1200 154 169 36 36 18.869831
1200 454 237 28 28 16.959090
1200 461 234 28 28 6.317376
1200 467 125 28 28 10.608784
1200 147 162 36 36 5.492161
1200 448 230 28 28 3.021563
1200 272 16 64 64 2.414617
1200 106 16 24 24 4.903241
1200 192 206 24 24 3.623702
1200 103 13 24 24 4.601142
1200 216 126 36 36 1.851125
1200 461 119 28 28 1.706833
1200 384 112 32 32 1.139100
1200 173 142 35 35 1.781353
1200 132 14 24 24 1.799029
1200 462 133 28 28 0.873641
1200 448 245 27 27 0.826228
1200 124 0 28 28 0.775582
1200 408 216 48 48 1.031262
1200 352 16 64 64 0.443031
1200 32 0 64 64 0.427023
1200 455 126 27 27 0.393613
1200 469 112 28 28 0.324303
1200 136 112 32 32 0.116121
1230 198 158 36 36 10.048595
1230 176 140 40 40 8.053073
1230 209 193 23 23 4.763118
1230 0 32 64 64 2.802949
1230 237 126 27 27 2.582896
1230 197 144 35 35 2.448482
1230 168 117 28 28 2.291190
1230 216 153 36 36 1.840016
1230 180 160 39 39 1.787235
1230 32 22 64 64 1.182573
1230 16 0 64 64 0.561986
1230 498 0 24 24 0.239556
1230 0 144 32 32 0.031450
1260 198 148 36 36 10.468766
1260 199 101 23 23 6.676702
1260 192 112 32 32 1.502535
1260 238 133 28 28 0.790808
1260 216 126 36 36 0.777573
1260 198 126 36 36 0.750233
1260 256 16 64 64 0.720989
1260 210 102 24 24 0.466679
1260 204 96 24 24 0.268197
1260 231 126 28 28 0.047351
1290 197 106 24 24 20.179245
1290 193 103 24 24 13.413443
1290 128 137 32 32 10.171153
1290 203 104 23 23 6.840790
1290 198 148 36 36 7.206637
1290 154 119 28 28 2.824969
1290 439 144 36 36 2.638883
1290 198 126 36 36 1.875396
1290 23 141 32 32 2.773182
1290 257 25 64 64 3.429928
1290 102 112 24 24 1.730409
1290 436 126 36 36 2.403313
1290 272 20 64 64 1.299059
1290 98 107 24 24 1.113186
1290 384 128 32 32 0.618109
1290 18 0 24 24 0.250077
1290 27 126 36 36 0.243814
1320 449 126 28 28 5.945428
1320 43 42 64 64 9.977917
1320 283 36 64 64 7.822940
1320 256 23 64 64 5.281296
1320 168 98 28 28 2.476718
1320 154 115 28 28 4.293344
1320 198 146 36 36 3.387609
1320 198 159 36 36 3.385111
1320 127 130 30 30 4.053800
1320 6 136 32 32 2.622662
1320 457 120 28 28 5.714383
1320 27 126 36 36 1.124987
1320 168 119 28 28 0.950903
1320 462 126 28 28 0.744513
1320 32 32 64 64 0.478436
1320 192 102 24 24 0.448248
1320 459 112 28 28 0.490244
1320 400 8 32 32 0.219388
1350 176 112 32 32 4.979470
1350 43 27 64 64 11.973838
1350 113 125 28 28 9.818732
1350 28 42 64 64 10.029214
1350 41 0 64 64 5.473570
1350 14 128 32 32 3.659458
1350 314 126 36 36 3.106593
1350 123 123 27 27 6.900711
1350 12 38 64 64 5.581428
1350 170 140 40 40 2.324079
1350 349 133 28 28 6.005254
1350 288 38 64 64 3.480472
1350 144 108 24 24 2.003170
1350 32 16 64 64 1.959707
1350 154 98 28 28 1.892638
1350 396 0 24 24 1.581476
1350 192 152 32 32 1.572313
1350 209 192 24 24 1.220723
1350 448 112 27 27 0.967921
1350 119 119 28 28 0.224217
1350 128 24 32 32 0.141204
1380 144 97 23 23 7.931732
1380 161 143 38 38 13.044045
1380 336 129 28 28 10.998744
1380 355 119 28 28 9.283790
1380 131 98 24 24 7.392728
1380 196 196 23 23 13.596477
1380 112 114 28 28 7.541767
1380 7 236 28 28 5.788742
1380 0 0 64 64 3.555689
1380 2 42 64 64 7.234511
1380 192 192 24 24 3.338142
1380 44 0 64 64 2.747384
1380 494 107 24 24 2.912717
1380 348 126 28 28 2.933120
1380 168 119 28 28 1.280945
1380 112 97 27 27 1.278835
1380 384 144 32 32 0.650411
1380 176 112 32 32 0.622508
1380 192 204 24 24 0.516413
1380 459 126 36 36 0.443359
1380 338 119 28 28 0.327681
1410 17 144 32 32 26.260210
1410 395 193 24 24 19.974720
1410 14 128 32 32 26.188516
1410 208 193 24 24 12.372161
1410 19 150 32 32 11.382199
1410 349 124 28 28 14.748766
1410 402 195 24 24 8.357286
1410 19 137 33 33 10.849758
1410 1 38 64 64 7.461836
1410 132 84 24 24 3.237741
1410 16 44 64 64 3.908380
1410 198 191 24 24 2.778573
1410 2 129 34 34 4.647240
1410 488 198 24 24 5.241634
1410 204 199 24 24 3.264423
1410 256 0 64 64 2.452439
1410 496 201 24 24 5.901970
1410 144 84 24 24 2.315992
1410 450 124 28 28 5.368719
1410 102 191 24 24 2.564726
1410 498 96 24 24 1.681443
1410 452 119 27 27 2.572850
1410 180 160 40 40 1.342580
1410 6 12 24 24 1.313073
1410 357 119 28 28 1.119254
1410 390 198 24 24 0.864512
1410 341 119 27 27 0.951432
1410 352 48 64 64 0.761467
1410 108 114 24 24 0.555099
1410 192 102 24 24 0.502767
1410 432 126 36 36 0.494665
1410 132 96 24 24 0.461626
1410 486 96 24 24 0.298353
1410 144 192 24 24 0.283245
1410 343 133 28 28 0.225305
1410 498 192 24 24 0.152356
1440 349 2 40 40 13.210164
1440 384 24 32 32 4.885861
1440 442 0 36 36 10.627137
1440 202 203 23 23 12.056861
1440 458 132 29 29 8.044897
1440 26 145 37 37 10.304957
1440 173 160 40 40 5.558530
1440 18 192 24 24 3.515602
1440 464 131 29 29 7.670602
1440 354 126 27 27 5.381640
1440 198 198 24 24 3.094027
1440 0 114 24 24 2.644365
1440 165 140 40 40 4.954052
1440 144 84 24 24 2.452159
1440 459 0 36 36 2.138086
1440 340 9 40 40 2.585940
1440 48 0 64 64 1.885132
1440 16 156 36 36 3.877287
1440 24 128 32 32 1.750831
1440 433 9 36 36 1.460854
1440 224 125 28 28 1.166588
1440 3 153 36 36 1.537620
1440 96 204 24 24 0.872951
1440 198 210 24 24 0.769581
1440 343 126 27 27 0.652510
1440 132 84 24 24 0.484986
1440 256 0 64 64 0.250173
1440 210 200 24 24 0.410632
1440 192 112 32 32 0.211278
1440 402 12 24 24 0.194743
1440 0 48 64 64 0.054861
1470 354 127 27 27 18.465920
1470 156 169 36 36 17.995267
1470 1 130 32 32 11.379052
1470 353 133 27 27 8.848998
1470 158 163 38 38 9.634583
1470 7 131 32 32 6.224279
1470 132 84 24 24 2.672138
1470 16 0 64 64 2.012945
1470 21 130 33 33 3.385633
1470 19 128 32 32 1.754683
1470 24 112 32 32 0.847806
1470 144 112 32 32 0.670881
1470 306 114 24 24 0.669742
1470 224 126 28 28 0.154056
1470 343 126 28 28 0.135057
1470 340 30 40 40 0.088232
1470 288 16 64 64 0.087972
1500 1 143 32 32 14.829683
1500 352 131 28 28 11.352171
1500 114 113 28 28 9.412984
1500 168 126 28 28 4.221555
1500 282 16 64 64 10.345942
1500 342 0 40 40 3.240887
1500 154 126 28 28 2.382689
1500 352 20 64 64 3.201344
1500 448 114 28 28 3.152908
1500 141 112 32 32 2.699570
1500 27 26 36 36 1.837340
1500 357 126 28 28 1.361914
1500 19 18 36 36 1.348793
1500 7 112 28 28 0.920937
1500 336 119 28 28 0.866913
1500 343 126 28 28 0.751066
1500 448 133 27 27 0.698222
1500 272 0 64 64 0.483235
1500 144 210 24 24 0.472491
1500 384 128 32 32 0.444806
1500 272 32 64 64 0.401942
1500 8 27 36 36 0.319704
1500 119 119 28 28 0.285940
1500 30 0 40 40 0.265358
1500 306 18 24 24 0.257064
1500 0 133 28 28 0.018146
1530 8 9 37 37 37.760659
1530 20 16 34 34 25.782769
1530 385 130 32 32 10.780269
1530 406 21 32 32 9.261793
1530 407 3 32 32 8.780196
1530 468 132 28 28 3.817099
1530 14 18 34 34 7.638262
1530 452 129 31 31 6.295068
1530 18 204 24 24 3.154542
1530 141 112 32 32 4.443560
1530 392 136 32 32 2.283076
1530 144 210 24 24 2.125400
1530 390 0 24 24 2.389207
1530 350 0 28 28 1.850058
1530 153 123 28 28 2.273600
1530 112 133 28 28 1.203588
1530 288 16 64 64 1.158749
1530 352 32 64 64 0.993203
1530 19 0 39 39 1.034530
1530 441 126 35 35 0.636798
1560 336 125 28 28 24.193054
1560 4 14 29 29 39.970473
1560 450 5 27 27 18.620202
1560 390 14 32 32 9.147499
1560 0 19 28 28 6.437342
1560 13 18 26 26 11.657961
1560 453 13 27 27 5.299941
1560 226 126 28 28 5.126847
1560 445 143 36 36 5.813039
1560 431 144 36 36 2.376686
1560 144 166 36 36 3.811846
1560 455 0 28 28 1.831935
1560 462 6 28 28 1.665207
1560 0 7 31 31 2.204693
1560 390 112 32 32 1.441169
1560 256 29 64 64 1.348178
1560 384 8 32 32 0.386045
1560 384 24 32 32 0.380805
1560 168 126 27 27 0.368142
1560 336 112 28 28 0.325224
1560 154 119 28 28 0.174663
1590 336 125 28 28 32.530129
1590 343 122 28 28 7.318897
1590 33 5 64 64 7.505478
1590 260 28 64 64 9.135240
1590 336 112 28 28 3.524477
1590 101 84 24 24 6.232979
1590 315 126 36 36 3.161994
1590 402 18 24 24 2.102615
1590 352 41 64 64 3.218482
1590 452 0 27 27 2.670745
1590 191 112 32 32 1.540802
1590 352 16 64 64 1.192015
1590 48 9 64 64 1.748089
1590 0 130 28 28 1.533823
1590 343 133 28 28 0.802319
1590 459 126 36 36 0.742860
1590 384 96 24 24 0.649764
1590 224 126 27 27 0.293537
1620 338 130 27 27 29.168271
1620 343 123 28 28 13.737424
1620 1 131 28 28 17.191980
1620 449 1 28 28 10.980957
1620 256 18 64 64 8.761303
1620 224 126 28 28 3.581754
1620 336 119 28 28 3.528426
1620 397 192 24 24 4.051291
1620 402 114 24 24 2.526806
1620 384 152 32 32 2.419943
1620 119 133 28 28 2.153050
1620 192 112 32 32 2.135942
1620 3 126 29 29 3.461578
1620 154 121 28 28 2.542229
1620 32 0 64 64 1.430023
1620 144 112 32 32 1.025007
1620 408 136 32 32 0.567891
1620 432 27 36 36 0.522524
1620 315 126 36 36 0.487994
1620 395 96 24 24 0.406672
1620 14 133 28 28 0.333110
1620 363 154 44 44 0.308192
1620 402 198 24 24 0.283657
1650 11 131 28 28 30.808992
1650 260 5 64 64 20.101076
1650 3 128 31 31 16.200669
1650 271 15 64 64 30.263110
1650 283 26 64 64 17.180842
1650 356 130 28 28 9.141235
1650 104 84 24 24 8.620462
1650 132 84 24 24 4.241904
1650 337 128 28 28 9.142795
1650 226 126 28 28 4.091099
1650 21 126 28 28 2.380856
1650 350 128 28 28 2.848185
1650 191 112 32 32 1.629588
1650 126 112 28 28 1.164598
1650 346 133 28 28 2.000419
1650 144 159 36 36 1.257755
1650 256 32 64 64 0.892335
1650 459 126 36 36 0.857304
1650 465 119 28 28 1.479634
1650 229 133 28 28 0.689366
1650 1 112 32 32 0.254118
1680 338 131 27 27 14.665251
1680 350 133 27 27 14.825389
1680 352 28 64 64 5.767659
1680 2 129 32 32 14.241148
1680 277 27 64 64 12.021248
1680 5 133 31 31 12.831838
1680 21 133 28 28 2.824568
1680 288 48 64 64 1.955148
1680 126 112 28 28 1.793530
1680 12 114 24 24 1.728912
1680 384 136 32 32 1.645864
1680 469 133 28 28 1.549192
1680 455 133 28 28 1.528976
1680 288 16 64 64 1.007029
1680 336 116 28 28 1.549248
1680 340 112 28 28 1.448287
1680 144 128 32 32 0.125427
1680 343 126 28 28 0.119227
1680 272 0 64 64 0.001925
1710 354 131 28 28 15.463111
1710 350 97 27 27 6.720173
1710 342 131 27 27 5.261025
1710 15 18 23 23 6.851276
1710 351 114 28 28 9.745061
1710 286 26 64 64 6.083377
1710 354 116 28 28 9.086671
1710 352 25 64 64 5.333454
1710 108 96 24 24 2.422140
1710 154 130 28 28 3.541477
1710 1 17 24 24 3.021863
1710 347 126 28 28 2.953014
1710 394 112 32 32 1.983163
1710 0 8 64 64 1.573005
1710 14 127 32 32 1.130457
1710 149 153 36 36 0.785416
1710 143 147 36 36 0.775314
1710 0 7 28 28 0.184437
1710 224 133 28 28 0.099357
1740 451 112 28 28 14.565253
1740 160 142 37 37 9.435476
1740 388 96 23 23 6.879187
1740 386 133 32 32 9.482591
1740 352 6 64 64 6.163805
1740 176 129 32 32 3.688824
1740 387 112 32 32 4.911802
1740 132 96 23 23 2.702407
1740 288 31 64 64 3.128348
1740 394 128 32 32 3.237304
1740 352 37 60 60 4.929296
1740 256 21 64 64 3.024742
1740 224 133 27 27 1.922816
1740 144 96 24 24 1.761334
1740 400 132 32 32 2.340670
1740 457 119 28 28 2.238784
1740 176 152 32 32 1.105907
1740 462 115 28 28 1.794331
1740 340 29 40 40 0.776543
1740 384 102 24 24 0.586951
1740 342 7 28 28 0.398673
1740 162 126 36 36 0.243833
1770 1 5 24 24 29.282306
1770 352 34 64 64 22.832263
1770 5 0 24 24 16.510425
1770 438 146 35 35 11.021775
1770 16 4 24 24 11.536647
1770 171 143 37 37 4.763344
1770 480 1 24 24 3.887012
1770 5 13 24 24 3.674555
1770 192 152 32 32 2.703348
1770 8 0 64 64 4.416502
1770 118 112 27 27 5.260102
1770 2 18 24 24 2.279274
1770 432 153 36 36 1.378445
1770 400 152 32 32 1.194518
1770 112 98 28 28 0.925623
1770 408 112 32 32 0.912296
1770 224 126 27 27 0.856830
1770 440 162 36 36 0.825172
1770 96 114 23 23 0.796889
1770 256 48 64 64 0.729190
1770 465 0 28 28 0.838242
1770 384 36 48 48 0.560450
1770 112 126 28 28 0.226023
1770 6 133 28 28 0.050153
1800 405 1 32 32 23.805929
1800 14 142 32 32 14.227141
1800 392 2 32 32 6.383112
1800 23 128 34 34 11.139465
1800 397 8 32 32 5.914360
1800 113 130 28 28 9.188943
1800 10 129 34 34 18.389744
1800 34 34 64 64 6.737420
1800 130 143 32 32 8.771504
1800 119 128 28 28 4.811010
1800 198 144 36 36 2.209665
1800 135 152 32 32 3.950903
1800 3 144 35 35 3.206205
1800 0 3 64 64 2.121394
1800 28 1 45 45 4.140273
1800 2 236 28 28 2.852993
1800 448 245 28 28 1.103139
1800 192 96 24 24 1.060255
1800 27 13 46 46 2.838606
1800 231 124 28 28 1.003083
1800 48 48 64 64 0.726045
1800 126 133 28 28 0.711285
1800 7 231 27 27 0.624679
1800 16 112 32 32 0.417529
1800 12 35 48 48 0.215244
1800 6 294 23 23 0.010911
1830 10 6 24 24 15.438550
1830 4 13 24 24 7.013599
1830 0 5 25 25 8.471282
1830 226 124 28 28 5.889118
1830 229 121 27 27 5.859947
1830 147 129 31 31 8.640257
1830 384 111 23 23 3.938926
1830 9 18 24 24 4.360219
1830 6 0 24 24 1.976332
1830 400 192 24 24 1.987911
1830 44 0 64 64 1.940553
1830 2 21 28 28 2.014383
1830 154 119 28 28 1.210644
1830 216 144 36 36 0.900698
1830 0 96 24 24 0.638017
1830 343 112 28 28 0.465138
1830 168 126 28 28 0.196686
1830 144 112 32 32 0.189007
1830 18 12 24 24 0.170378
