30 450 131 27 27 15.348720
30 0 139 32 32 5.840137
30 245 130 28 28 5.773221
30 455 126 28 28 2.506553
30 278 128 32 32 2.844033
30 240 125 28 28 5.078689
30 256 128 32 32 2.793382
30 469 133 28 28 2.446858
30 256 112 32 32 1.953190
30 232 119 28 28 2.187861
30 432 126 36 36 1.177729
30 408 112 32 32 1.042782
30 0 152 32 32 0.383991
30 154 130 27 27 0.335806
30 112 133 28 28 0.129069
60 393 10 24 24 9.933777
60 226 118 28 28 6.741555
60 351 133 28 28 10.014999
60 338 133 28 28 6.194797
60 392 6 24 24 5.347620
60 0 25 64 64 5.101425
60 277 128 32 32 4.686894
60 244 126 28 28 7.734926
60 259 128 32 32 2.651154
60 154 126 27 27 1.199934
60 119 133 28 28 0.928223
60 22 126 36 36 1.131791
60 238 119 28 28 0.002310
90 398 142 32 32 20.460878
90 259 128 32 32 9.654056
90 126 126 28 28 5.742308
90 243 125 28 28 16.032994
90 237 122 28 28 8.724830
90 445 153 36 36 4.040627
90 277 128 32 32 2.705918
90 238 133 28 28 1.864117
90 496 107 24 24 2.629128
90 432 153 36 36 1.336643
90 392 136 32 32 1.311485
90 231 123 28 28 1.874084
90 491 103 23 23 1.993275
90 128 112 32 32 0.475136
90 224 119 28 28 0.272900
90 408 136 32 32 0.219885
90 0 152 32 32 0.176745
90 343 133 28 28 0.080039
90 480 198 24 24 0.036159
120 242 120 28 28 20.238954
120 238 123 28 28 22.172428
120 236 112 28 28 7.669672
120 256 112 32 32 4.254323
120 112 126 28 28 3.466144
120 481 193 24 24 6.298540
120 231 115 28 28 4.315176
120 8 128 31 31 2.005671
120 448 98 28 28 1.679152
120 484 113 23 23 1.935493
120 450 162 36 36 1.360006
120 357 119 28 28 0.826696
120 280 112 32 32 0.504064
120 432 153 36 36 0.389510
150 259 112 32 32 25.532029
150 242 118 27 27 27.236718
150 231 118 28 28 6.840600
150 480 1 24 24 6.948517
150 408 112 32 32 4.330380
150 275 112 32 32 5.539874
150 120 127 27 27 5.046318
150 448 97 27 27 2.994703
150 237 126 28 28 2.786278
150 387 112 32 32 1.181076
150 235 112 28 28 0.778614
150 126 133 28 28 0.218509
180 263 112 32 32 25.638374
180 243 125 28 28 19.040242
180 462 131 28 28 18.273558
180 232 130 28 28 11.886265
180 337 124 28 28 12.676031
180 176 112 32 32 3.978887
180 349 131 28 28 11.846428
180 454 126 28 28 3.542137
180 237 119 28 28 3.153633
180 343 119 28 28 2.557361
180 468 126 27 27 2.391110
180 353 125 28 28 4.355693
180 441 126 35 35 2.174077
180 280 112 32 32 1.096318
180 24 112 32 32 0.872759
180 224 126 28 28 0.584338
180 18 9 36 36 0.132152
210 264 112 32 32 12.586618
210 352 26 64 64 9.002466
210 347 117 28 28 8.753076
210 123 125 28 28 8.483556
210 192 112 32 32 3.606499
210 338 117 28 28 8.598809
210 119 133 28 28 2.770619
210 168 133 28 28 2.401077
210 280 112 32 32 2.295549
210 112 126 28 28 2.259127
210 48 4 64 64 2.648050
210 390 114 24 24 2.821684
210 408 128 32 32 0.440602
210 245 119 28 28 0.439976
210 343 112 28 28 0.016228
210 176 8 32 32 0.014428
240 44 27 64 64 12.153832
240 112 131 28 28 8.429003
240 244 116 28 28 10.135516
240 230 112 28 28 9.455900
240 278 0 64 64 6.596432
240 15 16 64 64 10.564592
240 112 121 27 27 5.763681
240 5 149 32 32 9.013660
240 488 114 24 24 6.868202
240 168 128 27 27 4.876991
240 176 112 32 32 2.505833
240 2 0 64 64 2.457259
240 335 116 28 28 2.865876
240 136 112 32 32 1.836185
240 262 112 32 32 2.187764
240 154 130 28 28 2.695818
240 4 32 64 64 1.948334
240 498 114 24 24 0.901021
240 448 125 28 28 0.799550
240 0 144 32 32 0.505494
240 48 0 64 64 0.112303
270 14 131 28 28 23.660616
270 154 116 28 28 12.945082
270 125 113 28 28 25.036998
270 21 112 32 32 9.393511
270 17 126 28 28 8.980331
270 126 126 28 28 4.747426
270 119 119 28 28 4.405091
270 0 130 28 28 6.708146
270 168 115 28 28 6.601704
270 139 112 32 32 5.907484
270 102 12 24 24 3.019983
270 3 126 28 28 5.006421
270 112 112 27 27 1.737521
270 7 112 32 32 0.861861
270 192 112 32 32 0.612626
270 264 112 32 32 0.549320
270 402 113 24 24 0.284127
270 352 0 64 64 0.154061
300 1 12 64 64 9.159050
300 0 113 28 28 10.592750
300 409 36 48 48 22.782154
300 245 112 28 28 3.982392
300 469 126 28 28 3.246611
300 0 123 28 28 5.066378
300 21 112 32 32 3.471616
300 256 0 64 64 2.243830
300 126 126 28 28 1.161612
300 420 24 48 48 1.921928
300 352 10 64 64 0.334149
330 7 131 29 29 28.934584
330 287 33 48 48 19.588665
330 280 0 64 64 11.451470
330 124 117 27 27 9.035442
330 255 3 64 64 4.529147
330 18 128 28 28 9.101169
330 13 18 24 24 2.984750
330 492 5 24 24 1.836190
330 498 18 24 24 0.180563
330 455 126 28 28 0.131557
330 231 119 28 28 0.107462
360 112 119 28 28 6.536439
360 126 116 29 29 6.051704
360 480 18 24 24 2.037285
360 224 112 28 28 1.778066
360 21 119 28 28 0.777224
360 462 7 27 27 0.718117
360 492 18 24 24 0.404515
360 18 84 24 24 0.048684
390 1 114 28 28 12.178018
390 236 121 27 27 6.494505
390 12 36 47 47 3.429044
390 230 123 28 28 2.686986
390 21 133 28 28 1.461494
390 0 0 64 64 1.090816
390 453 161 36 36 0.823601
420 168 126 28 28 4.810541
420 448 112 28 28 1.770994
450 19 133 28 28 2.778128
450 19 112 32 32 1.414059
450 0 32 64 64 0.154544
480 6 145 32 32 28.025075
480 2 149 33 33 13.478741
480 136 144 32 32 10.601778
480 176 144 32 32 2.962324
480 13 148 33 33 2.302763
480 238 245 27 27 1.209884
480 400 144 32 32 1.201185
480 140 152 32 32 1.987724
480 0 127 35 35 1.099650
510 106 192 23 23 6.424561
510 291 192 24 24 9.347675
510 264 154 44 44 4.285705
510 398 192 23 23 5.961131
510 153 144 36 36 1.672289
510 20 170 40 40 0.280256
540 209 199 23 23 15.610316
540 455 144 36 36 9.149642
540 295 193 24 24 8.038492
540 406 152 32 32 5.364003
540 0 161 36 36 8.390337
540 17 195 24 24 3.728222
540 288 153 35 35 1.842625
540 144 162 36 36 1.600945
540 0 152 32 32 1.170640
540 450 126 36 36 1.100657
540 204 204 24 24 1.032489
540 6 129 28 28 0.664263
540 392 152 32 32 0.279174
540 210 210 24 24 0.008607
570 161 162 36 36 18.238350
570 261 149 32 32 15.267908
570 192 194 23 23 6.995879
570 197 147 36 36 4.065372
570 152 170 36 36 2.326545
570 198 198 24 24 1.730944
570 192 204 24 24 1.534989
570 400 152 32 32 0.755589
570 288 144 36 36 0.734487
570 215 144 36 36 0.547849
570 16 152 32 32 0.471221
600 401 137 32 32 10.336678
600 232 133 28 28 4.574419
600 142 151 34 34 9.242179
600 216 126 36 36 2.924166
600 404 144 32 32 4.556067
600 459 126 36 36 2.405659
600 459 160 36 36 1.687752
600 459 144 36 36 0.293470
600 272 128 32 32 0.120389
630 191 112 32 32 5.447490
630 385 129 32 32 8.367256
630 456 126 36 36 5.464398
630 225 133 28 28 4.412718
630 406 130 32 32 6.751408
630 242 128 28 28 7.580239
630 239 131 28 28 8.289169
630 442 126 34 34 6.207946
630 125 124 28 28 2.021662
630 396 12 24 24 1.330807
630 96 195 24 24 1.931927
630 400 136 32 32 0.477512
630 154 126 28 28 0.306172
630 128 112 32 32 0.030854
660 400 112 32 32 13.798781
660 226 119 28 28 15.116519
660 404 128 32 32 6.917124
660 173 111 30 30 4.591794
660 354 20 59 59 4.572199
660 238 115 27 27 4.569613
660 230 126 28 28 2.484676
660 24 146 36 36 5.801122
660 451 125 35 35 4.436304
660 392 128 32 32 1.836141
660 168 115 27 27 3.350371
660 384 112 32 32 1.667891
660 231 111 28 28 1.394281
660 279 16 64 64 2.063910
660 348 124 28 28 1.505352
660 344 121 28 28 1.395766
660 469 133 28 28 0.702004
660 15 140 38 38 1.305668
660 354 119 27 27 0.612068
690 401 107 24 24 14.576130
690 401 96 24 24 2.680182
690 233 119 28 28 3.671195
690 392 112 32 32 3.921019
690 245 115 28 28 4.475259
690 256 112 32 32 2.243280
690 335 132 28 28 2.075609
690 162 306 36 36 1.389890
690 466 133 28 28 1.916692
690 288 0 64 64 1.206789
690 352 16 64 64 1.162933
690 404 112 32 32 2.042362
690 153 112 28 28 0.790109
690 297 304 36 36 0.811284
690 7 119 27 27 0.463738
690 216 297 36 36 0.457266
690 392 128 32 32 0.439266
690 245 126 28 28 0.400712
690 198 306 36 36 0.206039
720 350 21 28 28 2.526013
720 344 126 28 28 3.123818
720 355 130 28 28 4.968833
720 96 114 24 24 2.149555
720 408 128 32 32 1.964237
720 0 133 28 28 1.657576
720 0 144 36 36 1.058303
720 245 112 28 28 0.827263
720 21 133 28 28 0.747568
720 144 114 24 24 0.551047
720 227 111 27 27 0.545044
720 491 17 24 24 0.070070
750 336 117 28 28 6.079853
750 297 114 24 24 5.593113
750 288 114 24 24 2.561960
750 397 17 24 24 3.401424
750 205 114 24 24 2.966643
750 192 112 32 32 1.692363
750 288 17 64 64 1.316175
750 454 121 28 28 0.868062
750 401 12 24 24 0.477016
750 392 12 24 24 0.042219
780 337 113 28 28 11.183077
780 386 112 32 32 4.064677
780 336 98 28 28 2.031815
780 350 112 28 28 2.020071
780 245 112 27 27 1.288367
780 396 114 24 24 1.159066
780 352 0 64 64 1.044570
780 343 119 28 28 0.924434
780 288 114 24 24 0.307023
780 469 119 28 28 0.272683
780 392 8 32 32 0.258250
780 7 25 36 36 0.225373
780 350 98 28 28 0.137028
810 355 98 28 28 6.489182
810 455 117 27 27 10.474613
810 385 108 24 24 11.285742
810 390 112 24 24 12.463229
810 468 124 28 28 10.811945
810 102 102 23 23 14.249378
810 103 111 24 24 8.466518
810 108 107 24 24 8.008328
810 95 108 24 24 2.523617
810 451 98 28 28 3.490969
810 448 112 28 28 0.416286
840 18 114 24 24 1.404995
840 168 112 28 28 0.836709
840 264 112 32 32 0.585209
840 402 114 24 24 0.572657
840 21 18 36 36 0.701445
840 352 32 64 64 0.153453
870 276 112 32 32 10.962860
870 19 130 27 27 11.937210
870 467 128 28 28 10.341870
870 14 128 28 28 5.498350
870 459 130 28 28 8.334006
870 458 119 28 28 5.217661
870 448 130 28 28 3.384125
870 452 126 28 28 3.369116
870 352 0 64 64 2.356322
870 272 16 64 64 2.312773
870 408 112 32 32 2.214359
870 448 119 28 28 0.898342
870 357 126 28 28 0.539255
870 119 133 28 28 0.384147
900 5 118 28 28 43.727946
900 0 122 28 28 14.779042
900 461 127 28 28 12.203413
900 128 133 30 30 9.540308
900 457 130 28 28 9.436991
900 14 122 28 28 4.152464
900 140 128 32 32 4.078801
900 438 0 36 36 2.596750
900 273 112 32 32 1.578736
900 0 111 28 28 1.135889
900 468 133 28 28 0.697458
900 48 48 64 64 0.474132
900 272 128 32 32 0.237236
900 119 133 28 28 0.183000
900 449 9 36 36 0.009829
900 408 128 32 32 0.009177
930 271 130 32 32 12.493170
930 15 140 32 32 8.175247
930 406 133 32 32 8.689473
930 24 136 32 32 2.850835
930 399 131 32 32 4.898615
930 264 136 32 32 1.481618
930 128 136 32 32 1.279472
930 32 32 64 64 0.829958
930 0 144 32 32 0.318995
930 9 126 36 36 0.275982
930 153 126 36 36 0.193908
930 458 126 36 36 0.141173
960 23 145 35 35 4.443537
960 448 125 35 35 2.945401
960 280 136 32 32 1.470671
960 396 192 23 23 1.410631
960 136 144 32 32 0.246491
960 48 48 64 64 0.000529
990 227 133 28 28 6.968684
990 314 143 37 37 8.123456
990 256 48 64 64 2.408961
990 438 151 36 36 4.571219
990 25 143 36 36 2.574923
990 12 192 24 24 1.722990
990 432 144 36 36 0.782254
990 17 198 24 24 0.590229
990 306 126 36 36 0.378111
990 497 204 24 24 0.306531
990 224 126 27 27 0.295091
1020 142 149 32 32 11.602857
1020 238 125 28 28 12.847049
1020 0 147 35 35 7.587345
1020 18 151 32 32 5.908523
1020 386 152 32 32 3.314531
1020 0 192 24 24 2.095089
1020 245 133 28 28 1.472049
1020 403 152 32 32 1.504985
1020 288 48 64 64 0.784380
1020 320 140 40 40 0.300912
1020 498 84 24 24 0.239758
1020 245 119 28 28 0.058830
1050 230 112 28 28 21.026603
1050 2 146 33 33 26.500793
1050 407 145 32 32 7.213197
1050 16 126 35 35 7.808650
1050 442 144 35 35 10.147603
1050 226 98 28 28 5.729968
1050 3 130 34 34 9.274780
1050 245 112 28 28 2.600099
1050 48 48 64 64 2.532431
1050 440 126 36 36 2.530754
1050 432 157 35 35 3.919470
1050 192 114 24 24 1.894832
1050 305 126 36 36 1.602016
1050 352 48 64 64 1.002843
1050 12 192 24 24 0.644908
1050 408 128 32 32 0.476547
1050 224 119 28 28 0.270765
1080 2 129 33 33 25.135300
1080 8 132 32 32 19.989544
1080 306 108 24 24 4.699364
1080 13 128 32 32 9.615096
1080 400 112 32 32 1.725747
1080 306 126 36 36 1.427074
1080 0 48 64 64 1.208460
1080 384 112 32 32 1.096083
1080 16 32 64 64 0.526212
1080 210 96 23 23 0.415741
1080 224 98 28 28 0.263619
1080 24 136 32 32 0.029026
1110 18 129 30 30 30.250287
1110 467 131 28 28 11.026687
1110 405 112 32 32 9.022143
1110 209 97 24 24 8.716913
1110 433 126 36 36 4.406990
1110 176 29 43 43 5.529063
1110 200 84 24 24 5.313089
1110 8 128 31 31 3.585560
1110 432 144 36 36 1.344830
1110 203 99 24 24 2.478656
1110 144 18 24 24 1.068531
1110 126 21 28 28 1.051656
1110 352 48 64 64 0.738147
1110 20 112 32 32 1.022690
1110 198 96 24 24 0.200035
1110 455 133 28 28 0.128345
1110 210 84 24 24 0.042435
1140 450 98 28 28 11.313678
1140 0 96 23 23 6.593084
1140 204 96 24 24 16.510757
1140 466 98 28 28 7.720841
1140 324 28 40 40 4.049676
1140 192 96 23 23 1.654462
1140 448 112 27 27 1.263445
1140 210 84 24 24 1.124100
1140 176 22 43 43 1.133376
1140 468 119 27 27 1.205331
1140 340 30 40 40 0.707417
1140 462 115 28 28 0.363830
1170 114 5 27 27 14.844346
1170 194 96 23 23 9.367439
1170 128 9 26 26 8.432898
1170 206 96 24 24 6.406199
1170 119 0 27 27 3.754519
1170 132 18 24 24 3.629794
1170 408 17 32 32 3.616767
1170 342 29 40 40 4.242437
1170 194 83 23 23 4.707050
1170 209 84 24 24 2.676148
1170 9 36 48 48 5.806766
1170 350 19 41 41 4.784994
1170 116 13 27 27 1.555948
1170 160 29 40 40 0.487128
1170 198 102 24 24 0.330061
1200 196 30 47 47 50.027356
1200 203 10 47 47 23.718331
1200 234 97 27 27 6.990832
1200 287 100 24 24 4.312825
1200 176 27 44 44 6.047904
1200 26 36 47 47 13.478784
1200 187 17 45 45 12.153061
1200 216 18 47 47 10.080988
1200 10 108 23 23 2.449739
1200 5 35 48 48 4.907312
1200 245 98 28 28 0.615068
1200 192 0 48 48 0.818056
1200 396 24 48 48 0.209240
1230 449 114 28 28 13.555028
1230 288 36 48 48 11.903786
1230 48 2 64 64 5.973249
1230 21 111 28 28 2.394177
1230 384 112 32 32 2.182771
1230 384 96 24 24 1.691879
1230 269 0 64 64 3.176270
1230 455 119 28 28 1.278848
1230 126 112 28 28 0.605270
1230 492 96 24 24 0.393459
1230 7 119 28 28 0.232089
1260 261 16 64 64 6.301297
1260 128 112 32 32 3.643088
1260 466 120 28 28 5.659948
1260 463 123 28 28 5.657587
1260 384 96 24 24 2.211699
1260 126 126 28 28 2.169018
1260 0 0 64 64 1.944569
1260 448 123 28 28 2.717007
1260 119 133 28 28 0.869410
1260 455 119 28 28 0.593590
1260 224 126 28 28 0.579846
1260 462 112 28 28 0.271707
1260 263 112 32 32 0.155871
1290 338 120 27 27 11.298195
1290 167 121 27 27 7.903109
1290 97 96 24 24 6.571355
1290 342 124 28 28 14.280991
1290 350 121 28 28 5.689028
1290 352 32 64 64 2.889543
1290 230 126 28 28 2.380694
1290 106 101 23 23 3.161795
1290 406 128 32 32 1.962529
1290 264 128 32 32 0.654700
1290 154 119 28 28 0.554586
1320 463 1 28 28 8.068281
1320 432 126 36 36 2.956956
1320 432 169 36 36 3.076274
1320 432 145 36 36 2.915774
1320 272 112 32 32 2.149358
1320 400 16 32 32 1.883198
1320 3 24 42 42 1.945871
1320 300 114 24 24 1.146813
1320 15 96 24 24 1.100713
1320 245 119 28 28 0.565315
1320 288 114 23 23 0.420119
1350 457 127 34 34 15.438529
1350 456 144 36 36 9.590732
1350 448 98 28 28 3.085498
1350 183 11 43 43 4.944605
1350 96 96 24 24 1.410651
1350 391 36 48 48 3.781698
1350 287 0 64 64 0.824900
1350 384 112 32 32 0.737270
1350 352 0 64 64 0.608828
1350 448 112 28 28 0.007148
1380 207 0 47 47 12.581723
1380 31 24 47 47 10.746749
1380 17 103 24 24 3.302166
1380 22 33 44 44 1.045724
1380 390 113 24 24 0.412051
1410 359 22 44 44 5.517125
1410 491 13 24 24 1.901029
1410 459 24 36 36 2.078792
1410 496 18 24 24 1.675690
1410 448 0 27 27 0.630938
1410 18 84 24 24 0.545340
1410 468 21 28 28 0.176496
1410 288 168 48 48 0.041128
1440 240 2 41 41 7.115578
1440 5 96 24 24 2.743132
1440 141 16 32 32 2.779620
1440 0 100 24 24 2.054864
1440 220 9 40 40 0.959768
1440 128 16 32 32 0.428605
1470 342 27 39 39 9.674926
1470 480 84 24 24 1.859089
1470 352 22 44 44 1.778034
1470 107 84 24 24 1.773765
1470 402 102 24 24 1.528265
1470 242 22 44 44 0.614447
1470 18 108 24 24 0.528307
1470 0 96 23 23 0.087844
1500 363 33 44 44 7.287686
1500 144 95 24 24 2.577583
1500 343 98 28 28 2.179989
1500 0 114 24 24 2.064075
1500 132 84 24 24 2.047526
1500 112 98 28 28 1.468155
1500 468 98 28 28 1.346510
1500 487 210 24 24 1.606149
1500 128 112 32 32 0.440906
1500 35 35 48 48 0.645378
1500 306 102 24 24 0.146719
1500 16 0 64 64 0.135043
1500 245 98 28 28 0.093487
1530 102 101 24 24 24.320704
1530 241 98 28 28 9.425209
1530 107 95 24 24 4.906400
1530 14 113 24 24 9.848609
1530 306 107 24 24 4.492939
1530 353 98 28 28 6.649497
1530 124 131 28 28 6.946229
1530 132 84 24 24 3.189497
1530 337 98 28 28 3.652150
1530 0 0 64 64 2.717832
1530 120 125 27 27 7.870653
1530 115 112 28 28 3.221963
1530 108 84 24 24 1.460645
1530 498 108 24 24 1.344555
1530 96 108 24 24 1.285488
1530 192 141 32 32 1.390344
1530 294 210 24 24 0.151325
1530 112 119 28 28 0.007808
1560 2 113 27 27 18.279985
1560 352 0 64 64 5.633153
1560 15 114 27 27 15.334090
1560 384 30 47 47 20.612996
1560 7 118 27 27 15.437242
1560 21 115 28 28 7.770883
1560 96 105 24 24 8.038390
1560 238 126 27 27 7.514564
1560 454 122 27 27 4.879934
1560 382 17 45 45 7.982253
1560 107 84 24 24 2.444397
1560 459 98 28 28 3.683166
1560 459 111 27 27 2.702307
1560 489 0 24 24 1.960527
1560 245 112 28 28 0.915292
1560 108 97 24 24 1.088710
1560 344 112 28 28 1.038183
1560 103 102 24 24 0.950495
1560 354 111 28 28 0.903620
1560 480 114 24 24 0.007609
1590 1 126 27 27 17.440095
1590 101 113 23 23 14.345279
1590 15 126 28 28 10.898158
1590 113 97 27 27 8.465695
1590 469 118 27 27 3.758921
1590 1 114 30 30 7.984976
1590 126 98 27 27 2.511661
1590 21 133 28 28 2.167797
1590 256 132 32 32 3.995556
1590 448 112 28 28 1.627727
1590 7 133 28 28 1.133071
1590 108 84 24 24 1.016690
1590 102 96 24 24 0.765168
1590 95 84 24 24 0.716781
1590 108 108 24 24 0.679646
1590 306 126 36 36 0.552012
1590 192 147 32 32 1.031227
1590 96 108 24 24 0.457557
1590 132 84 24 24 0.311741
1620 97 112 24 24 16.920495
1620 112 113 28 28 8.094091
1620 398 128 32 32 5.834276
1620 352 29 64 64 8.711090
1620 315 144 36 36 2.649920
1620 315 126 36 36 2.640487
1620 0 128 28 28 3.641875
1620 272 28 64 64 2.389165
1620 241 133 28 28 3.208592
1620 441 126 36 36 1.559258
1620 102 108 24 24 1.488097
1620 397 112 32 32 1.795471
1620 410 26 48 48 3.086346
1620 7 133 28 28 0.449984
1620 256 144 32 32 0.414227
1620 457 133 28 28 0.484673
1620 352 0 64 64 0.276157
1620 102 96 24 24 0.222490
1620 126 112 28 28 0.186548
1620 102 84 24 24 0.175452
1620 492 114 23 23 0.084087
1650 238 126 27 27 28.059021
1650 448 129 27 27 15.612346
1650 237 111 28 28 4.219441
1650 21 126 28 28 9.292619
1650 96 84 24 24 4.127806
1650 352 16 64 64 2.621065
1650 245 133 28 28 2.584728
1650 245 119 28 28 2.403450
1650 432 126 36 36 2.380276
1650 1 0 64 64 2.449269
1650 120 133 28 28 4.948881
1650 22 112 30 30 2.706647
1650 26 36 48 48 2.569968
1650 220 140 40 40 0.981566
1650 14 119 28 28 0.771322
1650 350 140 40 40 0.756303
1650 469 119 28 28 0.746751
1650 231 119 28 28 0.699750
1650 13 133 27 27 0.658115
1650 96 108 24 24 0.390828
1650 462 126 28 28 0.121436
1650 384 192 24 24 0.071026
1680 106 108 23 23 24.222429
1680 96 106 24 24 9.483931
1680 102 102 24 24 10.454537
1680 259 112 32 32 7.141993
1680 434 126 36 36 5.240800
1680 100 114 24 24 4.365967
1680 123 97 27 27 5.251727
1680 132 108 24 24 2.625580
1680 24 112 32 32 2.125230
1680 0 126 28 28 2.014091
1680 154 98 28 28 1.956091
1680 260 128 32 32 3.111399
1680 29 0 64 64 1.968888
1680 112 98 28 28 1.581970
1680 264 36 48 48 2.398606
1680 102 84 24 24 1.070534
1680 0 6 24 24 0.086594
1710 242 112 27 27 11.442217
1710 144 208 24 24 6.350101
1710 132 207 24 24 6.321372
1710 227 111 27 27 6.766681
1710 144 199 24 24 4.580206
1710 176 133 32 32 4.289337
1710 13 16 32 32 3.803327
1710 11 112 32 32 3.887031
1710 5 21 32 32 4.237833
1710 447 123 27 27 2.530458
1710 404 128 32 32 2.383931
1710 469 119 27 27 1.421238
1710 352 0 64 64 1.410000
1710 144 16 24 24 1.864154
1710 112 131 28 28 1.523884
1710 408 112 32 32 1.218369
1710 24 112 32 32 0.928720
1710 36 168 48 48 1.645996
1710 96 210 24 24 0.720268
1710 231 98 28 28 0.692583
1710 216 36 48 48 1.191716
1710 126 11 28 28 0.848030
1710 132 198 24 24 0.329193
1710 163 126 34 34 0.155684
1710 119 112 28 28 0.111692
1710 192 128 32 32 0.073729
1710 245 98 28 28 0.047861
1740 288 102 24 24 8.900312
1740 298 106 24 24 5.991734
1740 303 102 24 24 4.525296
1740 138 141 32 32 5.568386
1740 299 84 24 24 2.592904
1740 131 136 32 32 3.747369
1740 280 136 32 32 2.754883
1740 274 152 32 32 2.468766
1740 289 210 24 24 2.301852
1740 464 133 27 27 2.121090
1740 168 9 28 28 1.558903
1740 144 136 32 32 0.992968
1740 231 98 28 28 0.708504
1740 294 96 24 24 0.166328
1740 272 128 32 32 0.130621
1740 288 114 23 23 0.104855
1770 259 43 64 64 14.960589
1770 107 112 24 24 16.355534
1770 131 102 23 23 9.533026
1770 108 102 24 24 11.839490
1770 140 112 32 32 7.094418
1770 96 114 24 24 3.540055
1770 38 32 64 64 5.752651
1770 401 130 32 32 8.023187
1770 128 112 32 32 2.691402
1770 405 133 32 32 7.279871
1770 288 144 36 36 2.366244
1770 272 32 64 64 1.879472
1770 48 48 64 64 1.846298
1770 144 102 24 24 1.834013
1770 102 106 24 24 2.538048
1770 400 145 32 32 1.993775
1770 119 116 28 28 1.960369
1770 288 126 36 36 0.924513
1770 336 133 28 28 0.780408
1770 154 119 28 28 0.522382
1770 391 132 32 32 1.000866
1770 119 98 28 28 0.385948
1770 408 152 32 32 0.192137
1770 132 84 24 24 0.038305
1800 5 97 24 24 15.068512
1800 242 132 28 28 8.854217
1800 1 99 24 24 9.735748
1800 20 16 28 28 7.128133
1800 239 126 27 27 3.304381
1800 9 103 23 23 6.718664
1800 11 110 26 26 5.791600
1800 192 128 32 32 1.994330
1800 2 111 26 26 4.267994
1800 256 20 32 32 2.295460
1800 297 126 36 36 1.068331
1800 240 0 40 40 0.799690
1800 12 84 24 24 0.625793
1800 306 144 36 36 0.281320
1800 492 192 24 24 0.250565
1800 280 20 32 32 0.446122
1830 356 124 28 28 18.445796
1830 350 118 28 28 27.661098
1830 226 118 27 27 11.261686
1830 336 118 28 28 9.657891
1830 15 105 24 24 13.209320
1830 340 112 28 28 6.160462
1830 112 120 28 28 3.923367
1830 357 112 28 28 3.114468
1830 342 126 27 27 7.153575
1830 8 100 26 26 3.228849
1830 0 96 24 24 1.867375
1830 384 114 24 24 1.605986
1830 4 113 24 24 3.145539
1830 276 112 32 32 2.417477
1830 238 119 28 28 1.169877
1830 21 98 28 28 1.026564
1830 1 107 24 24 1.544910
1830 227 126 28 28 1.192536
1830 231 112 28 28 0.491344
