30 15 128 32 32 18.534931
30 400 203 24 24 12.977367
30 397 200 24 24 10.625514
30 4 33 64 64 6.198366
30 19 134 32 32 7.448541
30 336 133 27 27 3.595221
30 462 223 27 27 3.797137
30 3 129 33 33 6.304084
30 390 204 24 24 1.839163
30 396 210 24 24 1.512881
30 468 228 27 27 1.737829
30 141 128 31 31 1.918200
30 315 126 36 36 0.603351
30 112 133 28 28 0.306606
30 272 32 64 64 0.250463
30 420 168 48 48 0.328824
60 8 130 30 30 25.530015
60 400 194 24 24 14.410404
60 0 32 64 64 5.279967
60 17 132 29 29 14.859147
60 275 29 64 64 10.388024
60 408 136 32 32 3.936805
60 237 133 27 27 9.739157
60 349 140 40 40 2.957201
60 408 11 47 47 9.313470
60 281 16 64 64 4.725918
60 352 25 64 64 4.195880
60 482 95 24 24 3.041741
60 419 4 47 47 5.596482
60 400 144 32 32 1.482412
60 395 198 24 24 1.280225
60 492 96 24 24 1.003653
60 0 134 30 30 1.235584
60 469 133 28 28 0.787040
60 408 16 32 32 0.693082
60 224 133 28 28 0.340494
60 128 128 32 32 0.302583
60 175 128 32 32 0.220099
60 111 126 28 28 0.190442
60 384 152 32 32 0.082129
90 451 8 35 35 22.983050
90 350 140 40 40 4.410777
90 0 132 28 28 3.999011
90 287 21 64 64 5.935764
90 467 7 29 29 6.489976
90 465 18 30 30 7.302280
90 452 26 36 36 3.793675
90 230 132 28 28 7.623455
90 441 0 36 36 1.185477
90 468 224 28 28 1.105199
90 480 15 23 23 1.504680
90 384 152 32 32 0.994141
90 492 198 24 24 0.787661
90 352 0 64 64 0.543004
90 402 198 24 24 0.449927
90 24 128 32 32 0.442922
90 374 0 44 44 0.099989
120 482 96 24 24 13.024968
120 389 150 34 34 13.635173
120 282 19 64 64 7.945519
120 235 131 28 28 5.436125
120 352 0 64 64 2.680476
120 384 144 32 32 2.344921
120 112 133 28 28 2.242016
120 256 20 64 64 2.481120
120 233 126 28 28 2.338494
120 498 96 24 24 0.967038
120 264 32 64 64 1.478630
120 485 101 24 24 0.672857
120 6 84 24 24 0.570758
120 224 133 28 28 0.525089
120 384 128 32 32 0.423817
120 343 133 28 28 0.179259
120 6 133 28 28 0.028252
150 352 38 64 64 11.930878
150 18 131 29 29 10.663342
150 459 167 36 36 7.573482
150 230 130 28 28 9.614169
150 459 126 36 36 4.460965
150 1 131 29 29 9.825330
150 485 192 23 23 9.609174
150 350 133 28 28 9.224693
150 457 152 36 36 12.635950
150 338 133 28 28 6.398237
150 6 129 30 30 10.601894
150 400 136 32 32 10.942406
150 277 20 64 64 7.698591
150 448 147 36 36 5.693790
150 238 127 27 27 2.927963
150 485 6 23 23 3.785720
150 154 127 28 28 1.775050
150 288 32 64 64 1.305511
150 404 144 32 32 2.070519
150 224 126 28 28 0.729168
150 119 133 28 28 0.182173
180 454 126 36 36 11.661054
180 454 144 36 36 10.666317
180 114 133 28 28 8.175818
180 153 128 27 27 7.018072
180 352 32 64 64 4.057096
180 435 1 36 36 8.181810
180 342 131 27 27 10.651732
180 396 8 32 32 6.790357
180 449 1 36 36 3.569677
180 385 128 32 32 3.535713
180 0 126 28 28 2.775652
180 383 10 31 31 3.662255
180 447 14 30 30 4.269243
180 397 135 32 32 2.943646
180 336 126 28 28 0.968335
180 297 126 36 36 0.900279
180 440 126 36 36 0.871059
180 168 132 28 28 0.782077
180 236 126 27 27 0.753655
180 357 133 28 28 0.516932
210 149 130 29 29 11.354916
210 2 128 28 28 13.078247
210 406 137 32 32 13.664207
210 386 129 32 32 9.652939
210 350 126 28 28 9.193646
210 132 127 32 32 5.829641
210 398 130 32 32 11.196270
210 432 0 36 36 3.368987
210 408 152 32 32 2.921357
210 399 144 32 32 2.758872
210 7 133 28 28 2.712729
210 388 136 32 32 5.032322
210 454 144 36 36 4.041781
210 335 128 28 28 3.356677
210 394 0 24 24 2.129712
210 448 153 36 36 1.860901
210 342 132 27 27 3.889956
210 441 145 36 36 1.807613
210 126 131 27 27 1.741504
210 352 48 64 64 1.118618
210 448 21 28 28 1.091875
210 469 0 28 28 0.891287
210 467 21 28 28 0.805600
210 357 133 28 28 0.601648
210 459 126 36 36 0.231232
210 450 0 36 36 0.221487
210 0 112 32 32 0.032158
240 459 158 36 36 11.268449
240 151 129 28 28 13.093861
240 134 128 32 32 3.509421
240 351 133 28 28 5.874957
240 459 126 36 36 2.366377
240 338 133 28 28 3.613187
240 406 133 32 32 4.111055
240 8 135 30 30 2.845065
240 168 126 28 28 1.344490
240 352 48 64 64 1.068355
240 432 153 36 36 0.193134
270 276 21 64 64 13.054686
270 5 31 64 64 5.654480
270 337 127 27 27 6.782852
270 126 128 28 28 5.793993
270 288 32 64 64 2.355672
270 354 131 28 28 4.352033
270 342 131 28 28 6.831795
270 458 153 36 36 1.397968
270 25 126 36 36 1.567578
270 167 129 28 28 1.315884
270 231 119 28 28 0.616415
270 14 111 28 28 0.546677
270 0 140 32 32 0.852619
270 0 130 34 34 0.823122
270 350 126 28 28 0.328986
270 0 112 32 32 0.036809
300 144 96 24 24 4.955222
300 342 119 27 27 13.745539
300 390 112 32 32 9.092720
300 388 128 32 32 7.061275
300 337 123 28 28 9.698262
300 288 4 64 64 3.767389
300 272 26 64 64 3.411725
300 351 126 28 28 2.034648
300 297 126 36 36 1.219926
300 0 144 32 32 1.121377
300 294 18 24 24 0.947202
300 225 118 28 28 1.107765
300 336 112 28 28 0.922047
300 256 112 32 32 0.675770
300 0 32 64 64 0.636910
300 168 112 28 28 0.504395
300 272 0 32 32 0.255873
300 24 112 32 32 0.210400
330 344 113 27 27 15.449761
330 349 120 27 27 13.955460
330 228 112 27 27 6.145703
330 342 126 28 28 2.990279
330 357 115 28 28 5.435526
330 384 112 32 32 2.349906
330 357 126 28 28 2.035637
330 343 98 28 28 1.838636
330 168 112 28 28 1.872836
330 336 119 28 28 1.055820
330 126 98 28 28 0.909402
330 272 16 64 64 0.595135
330 351 32 64 64 0.427013
330 102 102 23 23 0.124051
330 408 128 32 32 0.122687
360 354 98 28 28 7.092793
360 3 189 43 43 20.007988
360 408 128 32 32 3.177664
360 352 21 64 64 3.849742
360 6 193 45 45 5.939329
360 22 129 30 30 2.450640
360 14 133 28 28 3.010303
360 285 16 64 64 1.699448
360 2 132 28 28 2.214936
360 230 111 28 28 1.160666
360 272 28 64 64 1.041229
360 384 198 24 24 0.381462
360 357 115 28 28 0.557164
360 24 112 32 32 0.200772
390 399 134 32 32 22.068957
390 27 171 45 45 26.000986
390 392 127 32 32 14.296561
390 284 12 64 64 11.199775
390 29 185 41 41 10.755505
390 237 111 28 28 3.299189
390 408 128 32 32 2.895712
390 463 131 29 29 3.636104
390 396 96 24 24 1.610047
390 257 25 64 64 2.605756
390 397 112 32 32 1.967550
390 112 119 28 28 1.151479
390 102 210 24 24 1.172809
390 352 0 64 64 1.063087
390 385 186 44 44 0.722289
390 25 1 47 47 1.545976
390 168 112 28 28 0.628184
390 356 122 28 28 1.105554
390 408 0 48 48 0.495920
390 336 97 27 27 0.095115
390 272 0 64 64 0.052731
420 15 107 24 24 16.261745
420 9 101 26 26 12.986769
420 132 194 24 24 5.652575
420 351 33 64 64 6.548132
420 496 10 24 24 7.230384
420 389 35 47 47 11.352672
420 273 16 64 64 5.278904
420 144 193 24 24 3.941318
420 492 6 24 24 4.843714
420 455 144 36 36 3.334863
420 3 2 47 47 6.868246
420 441 126 35 35 1.505715
420 482 0 24 24 2.655793
420 257 26 64 64 2.150238
420 492 96 24 24 0.958157
420 168 115 28 28 1.356070
420 22 11 44 44 0.609991
420 237 117 27 27 0.768443
420 357 133 28 28 0.542500
420 462 133 28 28 0.326607
420 128 24 32 32 0.278544
420 408 112 32 32 0.254808
420 407 128 32 32 0.188527
420 12 36 48 48 0.360856
450 26 34 47 47 48.645482
450 8 7 28 28 5.969471
450 16 18 24 24 6.052750
450 389 36 48 48 9.905354
450 408 152 32 32 2.728223
450 146 152 35 35 5.173829
450 384 150 32 32 1.641803
450 460 111 27 27 1.680168
450 396 110 24 24 1.944059
450 242 126 28 28 2.128542
450 288 41 64 64 1.793347
450 216 144 36 36 0.685226
450 238 119 28 28 0.320075
450 126 21 28 28 0.276520
450 486 108 24 24 0.135645
450 352 32 64 64 0.028299
450 455 126 28 28 0.014315
480 24 127 35 35 9.784512
480 112 21 28 28 3.015400
480 445 130 30 30 4.490387
480 228 126 28 28 3.937826
480 459 123 28 28 5.841662
480 453 118 27 27 2.116817
480 96 113 24 24 1.237947
480 498 114 24 24 0.764011
480 170 30 40 40 0.614416
480 153 144 36 36 0.576360
480 238 130 28 28 0.874572
480 384 24 48 48 1.002482
480 0 32 64 64 0.444643
480 0 126 36 36 0.396527
480 432 126 36 36 0.232252
480 469 112 28 28 0.048418
510 440 126 35 35 20.041522
510 408 12 32 32 16.617348
510 484 112 24 24 12.669779
510 5 126 28 28 21.348812
510 456 128 31 31 11.918102
510 0 129 28 28 10.804232
510 2 116 29 29 10.260751
510 15 130 28 28 7.275427
510 457 118 28 28 7.376454
510 230 124 28 28 9.394927
510 352 0 64 64 3.212692
510 166 29 40 40 4.403332
510 462 112 28 28 5.405359
510 374 154 44 44 2.246269
510 20 126 28 28 3.951142
510 39 47 64 64 2.889286
510 238 133 28 28 1.107777
510 397 6 33 33 0.972539
510 407 112 32 32 0.575257
510 14 119 28 28 0.539645
510 162 144 36 36 0.089066
540 20 128 30 30 14.194989
540 119 112 28 28 6.425311
540 17 112 31 31 12.848901
540 436 170 36 36 7.261322
540 30 45 64 64 10.353700
540 160 26 39 39 6.234925
540 144 97 24 24 3.177774
540 8 127 28 28 5.592074
540 0 112 32 32 1.825041
540 228 125 27 27 2.633355
540 263 128 32 32 1.201070
540 400 152 32 32 1.040913
540 352 48 64 64 0.899719
540 297 126 36 36 0.800076
540 238 133 27 27 0.686448
540 2 131 28 28 1.334259
540 14 132 28 28 0.443550
540 0 48 64 64 0.423221
570 159 23 38 38 12.598084
570 1 131 29 29 20.047391
570 19 34 64 64 10.126366
570 129 113 25 25 6.938824
570 122 112 28 28 6.283027
570 29 48 64 64 5.044802
570 227 126 28 28 5.642652
570 408 128 32 32 2.828486
570 7 126 28 28 2.490599
570 0 116 29 29 4.082507
570 352 16 64 64 1.944352
570 231 119 28 28 1.521034
570 13 133 27 27 1.160372
570 126 98 28 28 0.687203
570 144 99 24 24 1.069688
570 0 48 64 64 0.271967
570 297 144 36 36 0.095529
600 352 19 64 64 14.280286
600 132 113 24 24 5.528355
600 20 112 32 32 8.336428
600 117 98 28 28 10.712720
600 225 121 28 28 9.955957
600 129 97 25 25 6.070027
600 385 0 44 44 3.002108
600 17 32 64 64 6.081726
600 108 111 23 23 4.357764
600 384 149 32 32 3.638598
600 231 126 27 27 2.595905
600 132 84 24 24 2.304309
600 402 194 24 24 3.696996
600 401 201 23 23 3.474476
600 11 18 39 39 4.122213
600 420 24 48 48 2.488046
600 336 133 28 28 1.109376
600 0 0 44 44 0.902799
600 441 0 36 36 0.795820
600 160 21 39 39 0.883324
600 288 144 36 36 0.629829
600 32 48 64 64 0.465574
600 21 126 28 28 0.121761
600 144 95 24 24 0.022632
630 105 112 24 24 13.343998
630 5 32 64 64 7.371634
630 286 34 64 64 10.506760
630 1 114 29 29 10.712089
630 224 119 28 28 11.354151
630 24 112 32 32 4.220697
630 5 126 28 28 8.337883
630 27 36 64 64 8.403491
630 275 18 64 64 5.632096
630 291 144 36 36 3.942397
630 2 131 28 28 5.394086
630 297 126 36 36 1.835996
630 230 123 28 28 2.585732
630 132 114 24 24 1.333023
630 401 114 24 24 1.283929
630 336 119 28 28 1.141623
630 255 5 64 64 1.640045
630 256 32 64 64 0.381537
630 16 48 64 64 0.233882
630 176 144 32 32 0.219832
630 192 144 32 32 0.170787
630 237 111 28 28 0.032868
630 12 96 24 24 0.004229
660 16 112 31 31 16.768175
660 19 130 28 28 12.695947
660 5 32 64 64 8.252028
660 132 112 24 24 7.054807
660 343 118 28 28 14.447097
660 385 112 32 32 5.371740
660 12 128 28 28 8.796125
660 352 0 64 64 3.549749
660 118 98 28 28 7.673093
660 448 98 28 28 2.613024
660 394 152 32 32 3.488570
660 229 123 28 28 4.563879
660 192 143 32 32 1.886251
660 399 112 32 32 4.066833
660 0 112 32 32 1.810859
660 396 36 48 48 9.389410
660 6 133 28 28 1.447764
660 306 144 36 36 1.402889
660 194 113 24 24 2.464849
660 32 33 64 64 1.260050
660 46 47 64 64 1.171831
660 336 123 28 28 1.207051
660 350 126 28 28 0.721355
660 357 119 28 28 0.685607
660 350 112 28 28 0.422141
660 21 21 28 28 0.352167
660 306 126 36 36 0.316873
660 455 117 28 28 0.433224
660 16 16 64 64 0.292840
660 336 112 28 28 0.062050
690 392 112 32 32 23.582140
690 115 98 28 28 11.790226
690 5 130 28 28 24.152515
690 108 112 23 23 7.551522
690 2 126 29 29 12.274049
690 3 112 32 32 8.165201
690 342 124 27 27 12.452089
690 228 124 28 28 8.605516
690 18 112 32 32 4.896165
690 408 112 32 32 3.345005
690 352 16 64 64 3.293221
690 348 119 28 28 10.181982
690 14 126 28 28 5.619547
690 21 130 28 28 3.958710
690 192 146 32 32 3.708317
690 465 133 27 27 4.616125
690 337 133 28 28 3.068756
690 448 131 28 28 3.028858
690 264 112 32 32 1.737443
690 0 32 64 64 1.628008
690 357 125 28 28 1.685914
690 287 23 64 64 2.948081
690 315 126 36 36 1.490896
690 349 97 27 27 1.214673
690 336 119 28 28 1.187947
690 38 47 64 64 1.775925
690 315 144 36 36 1.004409
690 168 7 27 27 0.661654
690 396 0 48 48 0.708832
690 462 224 28 28 0.268235
690 224 133 27 27 0.147693
690 126 98 28 28 0.090367
690 168 98 28 28 0.076960
690 238 119 28 28 0.021537
720 97 111 23 23 18.208308
720 389 112 32 32 9.749923
720 337 119 28 28 13.251354
720 176 152 32 32 3.130694
720 349 119 27 27 7.774792
720 343 115 27 27 5.403195
720 102 108 24 24 2.406168
720 344 126 27 27 3.069563
720 0 112 32 32 2.245686
720 336 133 28 28 2.075801
720 272 40 64 64 3.799613
720 96 102 24 24 1.870396
720 449 126 35 35 1.918218
720 168 0 28 28 1.981762
720 0 129 28 28 2.771878
720 154 98 28 28 1.532799
720 315 126 36 36 1.467309
720 450 119 28 28 2.364432
720 288 31 64 64 1.423410
720 459 119 28 28 2.151768
720 132 84 24 24 1.205378
720 224 126 28 28 1.083045
720 480 84 24 24 1.058988
720 36 36 48 48 1.819110
720 144 84 24 24 0.789374
720 432 9 36 36 0.770553
720 357 112 28 28 0.360621
720 162 144 36 36 0.322684
720 469 133 28 28 0.196227
720 315 153 36 36 0.068812
750 448 125 28 28 17.040408
750 352 9 64 64 11.583080
750 468 125 27 27 13.491609
750 401 112 32 32 5.315782
750 336 115 28 28 7.598792
750 276 37 64 64 10.143074
750 224 117 27 27 7.377066
750 144 192 24 24 3.495143
750 337 128 27 27 7.192595
750 457 120 28 28 6.157417
750 144 166 36 36 5.307849
750 144 148 36 36 4.664593
750 315 126 36 36 2.247252
750 288 48 64 64 2.009925
750 1 35 48 48 4.526430
750 128 152 32 32 1.758153
750 342 118 28 28 0.777541
750 126 119 28 28 0.636335
750 452 6 28 28 0.578407
750 357 115 28 28 0.536461
750 24 36 48 48 0.085216
780 223 114 28 28 11.648340
780 461 124 28 28 22.269878
780 450 121 28 28 16.490375
780 192 112 32 32 5.707039
780 23 18 36 36 13.997068
780 408 112 32 32 5.315959
780 352 7 64 64 9.131005
780 96 194 23 23 8.590444
780 338 125 27 27 11.888742
780 131 204 23 23 11.115739
780 198 165 36 36 6.955743
780 278 32 64 64 6.831859
780 21 27 36 36 6.323040
780 96 207 24 24 6.991732
780 337 113 28 28 7.290762
780 485 16 24 24 5.880113
780 384 112 32 32 3.244789
780 469 122 28 28 5.947211
780 411 35 47 47 5.298786
780 132 191 24 24 1.589808
780 479 106 23 23 1.579261
780 343 119 28 28 1.245936
780 10 10 40 40 0.706443
780 343 133 28 28 0.664572
780 357 112 28 28 0.563542
780 480 12 24 24 0.503986
780 0 48 64 64 0.414503
780 455 133 28 28 0.333758
780 32 48 64 64 0.239510
780 175 112 32 32 0.236450
780 0 0 64 64 0.202677
780 486 102 24 24 0.173806
810 224 98 28 28 8.509896
810 462 118 28 28 27.516264
810 224 112 27 27 9.370377
810 1 179 40 40 33.749384
810 448 117 28 28 9.974205
810 455 111 28 28 12.756320
810 412 35 48 48 15.987088
810 10 190 40 40 4.138870
810 286 38 64 64 7.913993
810 466 125 28 28 6.048417
810 35 168 47 47 7.089187
810 18 204 24 24 7.256297
810 346 111 28 28 6.381759
810 115 133 28 28 6.465212
810 497 10 24 24 7.187877
810 336 112 27 27 3.007702
810 390 101 24 24 2.771369
810 9 170 38 38 3.780226
810 0 161 36 36 2.667712
810 7 231 28 28 6.773869
810 96 199 24 24 4.254814
810 96 207 24 24 3.299131
810 192 112 32 32 1.658199
810 14 225 28 28 5.031127
810 178 167 41 41 2.710576
810 18 236 27 27 3.159097
810 354 133 28 28 2.058617
810 486 17 24 24 1.388846
810 469 112 28 28 1.053862
810 343 98 28 28 1.002687
810 455 126 28 28 0.599943
810 0 238 28 28 0.257493
810 357 119 28 28 0.118266
810 399 112 32 32 0.087897
810 340 170 40 40 0.074929
840 467 114 28 28 21.450132
840 208 112 24 24 17.410392
840 450 114 28 28 18.100579
840 12 117 28 28 17.696617
840 458 119 28 28 9.276783
840 17 178 42 42 30.346064
840 6 113 29 29 15.474046
840 352 2 64 64 4.395241
840 420 36 48 48 7.018088
840 153 130 28 28 5.588494
840 6 193 47 47 13.915198
840 492 8 24 24 4.826331
840 350 140 40 40 2.792110
840 136 112 32 32 2.585696
840 288 38 64 64 5.297803
840 18 126 28 28 3.369379
840 0 168 48 48 3.753396
840 180 170 40 40 1.864215
840 29 170 39 39 1.938517
840 354 111 27 27 2.551947
840 12 99 24 24 2.287529
840 11 153 43 43 0.950793
840 26 193 41 41 1.310200
840 0 96 24 24 0.623344
840 0 119 28 28 0.473972
840 498 12 24 24 0.303202
840 209 102 24 24 0.018634
870 449 118 28 28 19.152206
870 467 117 27 27 14.005081
870 1 185 40 40 10.414155
870 497 14 24 24 7.908583
870 459 113 28 28 9.812014
870 352 1 64 64 3.649199
870 356 113 28 28 4.000047
870 385 136 32 32 3.396443
870 0 167 38 38 7.894451
870 350 140 40 40 1.618309
870 419 36 48 48 3.037184
870 455 126 28 28 1.338148
870 17 206 24 24 1.921863
870 20 226 28 28 1.651574
870 0 140 40 40 0.826110
870 352 28 49 49 1.082663
870 408 112 32 32 0.690706
870 491 8 24 24 0.884108
870 14 112 28 28 0.196989
870 176 136 32 32 0.072780
900 449 126 28 28 19.859799
900 467 125 28 28 15.446118
900 14 210 23 23 7.189979
900 458 119 28 28 5.264390
900 352 12 62 62 4.213949
900 192 112 32 32 2.471928
900 498 15 24 24 3.892685
900 356 123 28 28 3.121963
900 387 112 32 32 3.207845
900 455 133 28 28 1.683479
900 162 144 36 36 1.449885
900 352 154 44 44 1.191889
900 498 6 24 24 1.049803
900 406 112 32 32 1.306436
900 492 12 24 24 0.877434
900 18 204 24 24 0.456205
900 7 231 28 28 0.423588
900 340 160 40 40 0.272203
900 420 36 48 48 0.054184
930 449 131 27 27 14.262035
930 467 130 28 28 11.417399
930 352 16 64 64 3.684347
930 458 126 28 28 6.613522
930 7 223 27 27 6.933415
930 355 154 44 44 4.586628
930 192 112 32 32 2.689914
930 162 144 36 36 1.732868
930 345 170 40 40 2.868884
930 357 127 27 27 1.490201
930 176 152 32 32 0.947562
930 498 18 24 24 0.765599
930 420 36 48 48 1.352264
930 9 27 36 36 0.353546
930 18 210 24 24 0.296213
930 384 128 32 32 0.127765
930 392 152 32 32 0.115718
960 451 133 28 28 13.665777
960 465 133 28 28 10.318852
960 6 225 27 27 10.981204
960 352 18 64 64 4.329406
960 356 154 44 44 5.605760
960 357 131 28 28 3.692955
960 161 147 36 36 5.922239
960 420 36 48 48 4.271538
960 13 192 24 24 2.827123
960 192 128 32 32 1.786946
960 498 18 24 24 1.672919
960 408 128 32 32 0.901227
960 346 170 40 40 0.998746
960 408 272 32 32 0.130133
960 7 238 28 28 0.058446
960 128 128 32 32 0.023770
960 391 152 32 32 0.021233
990 356 154 44 44 8.277608
990 465 132 28 28 9.194655
990 454 132 28 28 13.631206
990 5 225 28 28 11.285313
990 162 148 36 36 5.572142
990 352 19 64 64 3.422476
990 384 128 32 32 2.221702
990 357 133 28 28 1.996202
990 191 128 32 32 1.718352
990 14 191 24 24 2.932434
990 14 227 28 28 2.480398
990 0 230 28 28 1.184550
990 392 152 32 32 1.180981
990 420 36 47 47 1.674604
990 408 128 32 32 0.720074
990 498 18 24 24 0.482351
990 176 128 32 32 0.466377
1020 357 154 44 44 8.668546
1020 5 225 27 27 11.826033
1020 464 131 29 29 8.498676
1020 450 132 27 27 4.967565
1020 352 24 64 64 5.054515
1020 161 149 35 35 4.489691
1020 384 128 32 32 2.282459
1020 192 128 32 32 2.267860
1020 14 228 28 28 3.285080
1020 0 231 28 28 2.078378
1020 162 126 36 36 1.344410
1020 357 133 28 28 1.286877
1020 392 152 32 32 1.221789
1020 408 129 32 32 1.379852
1020 420 36 48 48 1.774578
1020 7 240 28 28 0.343130
1020 350 170 40 40 0.212701
1020 144 83 23 23 0.118457
1050 356 154 44 44 8.184073
1050 5 225 27 27 11.888349
1050 462 131 29 29 11.276435
1050 384 128 32 32 4.001379
1050 406 129 32 32 5.826307
1050 162 149 35 35 5.755358
1050 192 128 32 32 2.427595
1050 352 25 64 64 3.933468
1050 0 231 28 28 2.319385
1050 432 126 36 36 2.273704
1050 14 228 28 28 3.042596
1050 162 126 36 36 1.212703
1050 357 133 28 28 1.070983
1050 420 36 48 48 1.487618
1050 33 0 44 44 0.159344
1050 154 0 28 28 0.130638
1050 448 133 28 28 0.080625
1050 7 238 28 28 0.003900
1080 356 153 43 43 7.746272
1080 458 126 36 36 4.031758
1080 6 226 28 28 12.233507
1080 386 128 32 32 4.627529
1080 352 25 64 64 4.677891
1080 162 149 36 36 4.505816
1080 192 128 32 32 2.312271
1080 0 231 28 28 2.152639
1080 14 227 28 28 3.558894
1080 404 128 32 32 3.649622
1080 357 133 28 28 1.613807
1080 162 126 36 36 1.070169
1080 154 0 28 28 0.878730
1080 6 238 28 28 0.718176
1080 349 180 39 39 0.628801
1080 448 131 29 29 0.309478
1080 420 36 48 48 0.252202
1080 144 84 24 24 0.035056
1110 356 154 44 44 7.740961
1110 5 226 28 28 11.065305
1110 386 128 32 32 5.262129
1110 352 24 64 64 5.365421
1110 191 128 32 32 2.566435
1110 162 149 36 36 4.125149
1110 13 228 27 27 3.241123
1110 0 231 28 28 1.987462
1110 462 130 30 30 3.931759
1110 404 128 32 32 2.228461
1110 357 133 28 28 1.287646
1110 162 126 36 36 0.981449
1110 449 133 28 28 1.107901
1110 154 0 28 28 0.919956
1110 144 84 24 24 0.905703
1110 345 180 40 40 1.424559
1110 7 240 28 28 0.892191
1140 356 153 43 43 7.526035
1140 6 226 28 28 12.714628
1140 386 128 32 32 4.468000
1140 351 25 64 64 5.107780
1140 192 128 32 32 2.917284
1140 464 131 29 29 5.250016
1140 0 231 28 28 2.438691
1140 13 228 27 27 4.173408
1140 161 149 36 36 4.241524
1140 404 128 32 32 3.198430
1140 357 133 28 28 1.407224
1140 154 0 28 28 1.334731
1140 448 133 28 28 1.201986
1140 162 126 36 36 1.021239
1140 7 239 28 28 1.283391
1140 346 179 39 39 1.081544
1140 144 84 24 24 0.149166
1170 356 153 43 43 7.565815
1170 6 226 28 28 12.200663
1170 352 25 64 64 5.184443
1170 386 127 32 32 4.346769
1170 192 128 32 32 2.807224
1170 463 130 30 30 7.540013
1170 0 231 28 28 2.394087
1170 14 228 28 28 3.622540
1170 404 128 32 32 3.226558
1170 162 150 36 36 2.630410
1170 357 133 28 28 1.561311
1170 154 0 28 28 1.308382
1170 448 133 28 28 1.377673
1170 6 239 27 27 1.496089
1170 420 36 48 48 1.886782
1170 348 179 40 40 0.978808
1170 144 84 24 24 0.193706
1200 356 154 44 44 7.230954
1200 6 226 28 28 12.432275
1200 352 25 64 64 5.244924
1200 386 128 32 32 4.542838
1200 463 130 31 31 6.865142
1200 0 231 28 28 2.682685
1200 13 228 27 27 3.915434
1200 192 128 32 32 2.017145
1200 405 128 32 32 2.476775
1200 357 133 28 28 1.654604
1200 448 133 28 28 1.246716
1200 162 153 36 36 1.128650
1200 154 0 28 28 1.040711
1200 7 238 28 28 1.018713
1200 347 180 40 40 1.212267
1200 420 36 47 47 1.417564
1200 144 84 24 24 0.120908
1230 356 153 43 43 7.907199
1230 6 226 28 28 12.795110
1230 386 128 32 32 4.872662
1230 0 231 28 28 2.825215
1230 352 25 64 64 4.744045
1230 160 152 36 36 4.849973
1230 14 228 28 28 4.293481
1230 462 129 31 31 5.476727
1230 192 128 32 32 2.330134
1230 404 128 32 32 3.298508
1230 357 133 28 28 1.391477
1230 448 133 28 28 1.247812
1230 162 126 36 36 1.050080
1230 7 238 28 28 1.097470
1230 154 0 28 28 0.834607
1230 346 179 40 40 0.905645
1230 144 84 24 24 0.155869
1230 420 36 47 47 0.101102
1260 356 154 44 44 8.090071
1260 6 226 28 28 11.883268
1260 386 128 32 32 5.364716
1260 352 25 64 64 5.669989
1260 463 130 31 31 6.486134
1260 0 231 28 28 2.451515
1260 13 228 27 27 3.662346
1260 192 128 32 32 2.302113
1260 357 133 28 28 1.621043
1260 162 153 36 36 1.500537
1260 404 128 32 32 2.600288
1260 154 0 28 28 1.065255
1260 6 238 28 28 1.137932
1260 448 133 27 27 0.720335
1260 347 180 40 40 0.685303
1260 144 84 24 24 0.291172
1290 356 154 44 44 8.108274
1290 6 226 27 27 13.046401
1290 387 128 32 32 5.577361
1290 0 231 28 28 2.848145
1290 351 25 64 64 4.847469
1290 463 130 31 31 6.576287
1290 14 228 28 28 4.123249
1290 160 153 36 36 2.333122
1290 404 128 32 32 3.479869
1290 192 128 32 32 1.719584
1290 357 133 28 28 1.668177
1290 7 238 27 27 1.189972
1290 154 0 28 28 0.805121
1290 162 126 36 36 0.754954
1290 448 133 27 27 0.732065
1290 346 180 40 40 1.020234
1290 144 84 24 24 0.368162
1290 419 36 48 48 0.289422
1320 6 226 28 28 13.699895
1320 356 154 44 44 7.048280
1320 352 25 64 64 6.745343
1320 387 128 32 32 6.190846
1320 161 153 36 36 7.118039
1320 462 130 31 31 6.940867
1320 192 128 32 32 2.716206
1320 162 126 36 36 2.442306
1320 0 231 27 27 1.867439
1320 176 136 32 32 1.621016
1320 14 231 28 28 1.554225
1320 357 133 28 28 1.488773
1320 420 36 48 48 2.673500
1320 7 238 28 28 1.253975
1320 403 128 32 32 2.077876
1320 449 133 28 28 1.145854
1320 154 0 28 28 0.889845
1320 340 180 40 40 0.196586
1320 144 84 24 24 0.068822
1350 351 27 64 64 6.177835
1350 458 126 36 36 4.706489
1350 19 226 27 27 10.132234
1350 354 154 43 43 6.206470
1350 0 172 40 40 3.811802
1350 160 154 36 36 6.787975
1350 13 230 27 27 7.259041
1350 154 0 28 28 2.450815
1350 19 242 28 28 5.118510
1350 192 128 32 32 2.082211
1350 349 166 39 39 2.573240
1350 0 209 44 44 1.602500
1350 432 126 36 36 1.305580
1350 391 128 32 32 0.986642
1350 350 140 40 40 0.555519
1350 408 128 32 32 0.520004
1350 357 133 28 28 0.467623
1350 420 35 48 48 0.803318
1350 0 190 40 40 0.363698
1380 455 126 36 36 11.765938
1380 435 126 36 36 9.674477
1380 6 133 32 32 19.931283
1380 194 128 33 33 8.550987
1380 348 160 41 41 14.412492
1380 4 212 47 47 22.246787
1380 352 33 64 64 4.166099
1380 16 196 45 45 20.586854
1380 0 127 33 33 6.099610
1380 2 117 28 28 6.051439
1380 347 140 40 40 3.112977
1380 340 170 40 40 2.178137
1380 161 157 36 36 3.556022
1380 357 133 28 28 1.771687
1380 401 136 32 32 3.872010
1380 14 119 28 28 0.571157
1380 336 98 28 28 0.486747
1380 6 111 28 28 0.361388
1380 12 168 48 48 0.653782
1380 148 0 30 30 0.547499
1380 24 216 48 48 0.428926
1380 408 128 32 32 0.178245
1380 9 228 48 48 0.402608
1380 24 128 32 32 0.109411
1380 30 170 40 40 0.097363
1380 330 160 40 40 0.054333
1410 455 126 36 36 14.774871
1410 19 194 45 45 46.518986
1410 434 126 36 36 8.251576
1410 194 129 33 33 14.068491
1410 333 161 40 40 9.827257
1410 6 189 45 45 8.846783
1410 395 144 32 32 12.092981
1410 2 84 24 24 7.784920
1410 12 84 24 24 12.007454
1410 400 136 32 32 6.513401
1410 351 35 64 64 4.983921
1410 333 140 40 40 5.129484
1410 337 169 40 40 4.717701
1410 33 191 44 44 4.273236
1410 408 140 32 32 3.211718
1410 350 161 40 40 2.056361
1410 2 168 48 48 4.156208
1410 400 152 32 32 1.535033
1410 30 168 48 48 4.868656
1410 11 207 45 45 1.619741
1410 108 204 24 24 1.001752
1410 343 133 28 28 0.845609
1410 315 126 36 36 0.842962
1410 136 0 32 32 0.593799
1440 407 149 32 32 11.596722
1440 195 126 34 34 9.882223
1440 24 11 48 48 9.448942
1440 444 126 36 36 5.892083
1440 334 160 40 40 5.717923
1440 217 127 34 34 3.488243
1440 330 140 40 40 2.691672
1440 132 210 24 24 2.380295
1440 459 126 36 36 2.080780
1440 432 144 36 36 1.383177
1440 352 48 64 64 1.336291
1440 459 144 36 36 1.080326
1440 401 138 32 32 2.934138
1440 275 32 64 64 1.309658
1440 154 0 28 28 0.873779
1440 192 136 32 32 0.868939
1440 210 192 24 24 0.621508
1440 315 126 36 36 0.313426
1440 144 209 24 24 0.047924
1470 195 126 34 34 8.349873
1470 440 144 36 36 14.138354
1470 323 140 40 40 5.448377
1470 224 133 28 28 3.516558
1470 166 160 40 40 3.986450
1470 459 144 36 36 2.304688
1470 144 108 24 24 1.444135
1470 193 204 24 24 2.515934
1470 198 208 23 23 2.859587
1470 192 136 32 32 0.905442
1470 300 114 23 23 0.902916
1470 450 153 36 36 0.901412
1470 408 144 32 32 0.816112
1470 315 126 36 36 0.718993
1470 154 119 28 28 0.639886
1470 170 140 40 40 0.632802
1470 170 190 40 40 0.624362
1470 144 95 24 24 0.601861
1470 160 170 40 40 0.496349
1470 154 0 28 28 0.480827
1470 144 112 32 32 0.417739
1470 432 153 36 36 0.410623
1470 431 126 36 36 0.400132
1470 306 204 24 24 0.365030
1470 0 84 24 24 0.224507
1470 330 160 40 40 0.120402
1470 272 32 64 64 0.097031
1500 484 95 24 24 12.305235
1500 441 143 36 36 13.516690
1500 195 126 34 34 8.846662
1500 1 193 24 24 8.507645
1500 224 133 28 28 4.061832
1500 168 160 40 40 4.264420
1500 25 27 36 36 3.403567
1500 23 145 36 36 7.800166
1500 320 140 40 40 2.279306
1500 7 146 34 34 9.617047
1500 337 133 27 27 2.681911
1500 498 192 24 24 1.851030
1500 315 126 36 36 1.716417
1500 144 96 24 24 1.621298
1500 458 146 36 36 2.015349
1500 16 143 34 34 7.225872
1500 11 192 24 24 3.752992
1500 168 115 28 28 2.292235
1500 450 126 36 36 1.062927
1500 352 48 64 64 1.013647
1500 258 32 64 64 1.059832
1500 198 144 36 36 0.693352
1500 170 190 40 40 0.677615
1500 498 96 24 24 0.621673
1500 330 160 40 40 0.564171
1500 6 198 23 23 0.493472
1500 192 136 32 32 0.454340
1500 11 0 44 44 0.388339
1500 18 153 36 36 0.238648
1500 180 140 40 40 0.166194
1530 459 146 36 36 10.467489
1530 18 19 35 35 11.563595
1530 311 126 36 36 5.944578
1530 10 2 38 38 8.833914
1530 489 192 24 24 5.229895
1530 198 126 36 36 3.004591
1530 315 144 36 36 2.832874
1530 481 193 24 24 5.587875
1530 495 96 24 24 5.239465
1530 488 84 24 24 3.896321
1530 343 231 28 28 2.136139
1530 5 19 34 34 2.719131
1530 22 150 32 32 1.938774
1530 352 48 64 64 1.544204
1530 38 32 64 64 2.513069
1530 485 96 24 24 1.787611
1530 432 157 36 36 2.747059
1530 384 152 32 32 0.903417
1530 448 13 28 28 0.991036
1530 487 198 24 24 1.181781
1530 48 48 64 64 0.664528
1530 256 48 64 64 0.443311
1530 498 84 24 24 0.256050
1530 441 171 36 36 0.162713
1560 457 160 36 36 25.920715
1560 450 153 36 36 15.076137
1560 485 4 24 24 19.658537
1560 482 1 24 24 15.772129
1560 455 144 36 36 9.239474
1560 257 46 64 64 6.479139
1560 5 9 36 36 19.699139
1560 484 208 24 24 8.702705
1560 311 150 36 36 10.898170
1560 6 145 33 33 6.955493
1560 395 152 32 32 5.689905
1560 277 127 32 32 3.823635
1560 482 12 24 24 4.306248
1560 320 190 40 40 2.476867
1560 2 19 34 34 3.632850
1560 486 15 23 23 3.342450
1560 480 202 24 24 2.396020
1560 498 192 24 24 1.736533
1560 306 144 36 36 1.734612
1560 21 145 32 32 3.231972
1560 495 0 24 24 2.747579
1560 2 3 35 35 2.308534
1560 15 150 32 32 3.825956
1560 408 152 32 32 1.028224
1560 343 231 28 28 0.751000
1560 16 23 31 31 0.619996
1560 297 153 36 36 0.591066
1560 27 126 36 36 0.550735
1560 336 224 28 28 0.445306
1560 32 32 64 64 0.441906
1560 491 204 24 24 0.416931
1560 309 162 36 36 0.590894
1560 357 119 28 28 0.379459
1560 21 1 27 27 0.468825
1560 469 0 28 28 0.350351
1560 492 12 24 24 0.295719
1560 498 210 24 24 0.223897
1560 486 198 24 24 0.221492
1560 450 171 36 36 0.074766
1560 0 126 36 36 0.057210
1560 144 152 32 32 0.021045
1590 449 144 36 36 14.112717
1590 270 44 64 64 16.507763
1590 4 128 30 30 14.975277
1590 315 126 36 36 4.738040
1590 11 127 28 28 18.733602
1590 278 127 32 32 4.990603
1590 386 114 24 24 6.360025
1590 407 21 32 32 5.045017
1590 314 144 36 36 8.115211
1590 305 152 35 35 8.661108
1590 352 48 64 64 2.709328
1590 256 32 64 64 2.687058
1590 299 146 36 36 5.562522
1590 7 119 28 28 1.536337
1590 288 32 64 64 1.448394
1590 496 17 24 24 1.868781
1590 170 180 40 40 1.038877
1590 0 0 27 27 0.743064
1590 459 27 36 36 0.722574
1590 264 128 32 32 0.586090
1590 396 114 24 24 0.543137
1590 272 136 32 32 0.367999
1590 136 136 32 32 0.183054
1590 180 170 40 40 0.033339
1620 277 129 32 32 13.273112
1620 386 192 24 24 10.823262
1620 484 6 24 24 17.896619
1620 481 193 24 24 15.995576
1620 496 198 24 24 20.055023
1620 484 96 24 24 10.001986
1620 489 205 24 24 10.631045
1620 484 197 23 23 18.081938
1620 400 193 24 24 11.474770
1620 2 124 28 28 10.375137
1620 273 22 64 64 8.404292
1620 480 9 24 24 8.093462
1620 272 41 64 64 8.206009
1620 492 192 24 24 3.580608
1620 1 148 32 32 9.245146
1620 408 8 32 32 3.333409
1620 459 156 36 36 5.144121
1620 482 113 23 23 5.253315
1620 437 0 35 35 5.277380
1620 400 205 24 24 5.286401
1620 491 0 24 24 2.494490
1620 384 22 32 32 3.067545
1620 491 105 24 24 4.725487
1620 256 33 64 64 2.770872
1620 448 16 28 28 4.633724
1620 465 0 28 28 4.044963
1620 350 133 28 28 2.202538
1620 430 9 37 37 2.453076
1620 266 112 32 32 2.886414
1620 459 171 36 36 1.887129
1620 311 126 36 36 2.584949
1620 394 199 24 24 4.132643
1620 498 210 24 24 1.512300
1620 179 167 40 40 1.939892
1620 480 102 24 24 1.363288
1620 350 140 40 40 1.343177
1620 389 16 32 32 1.662380
1620 498 96 24 24 1.052120
1620 0 112 32 32 1.002222
1620 402 102 24 24 0.978130
1620 338 21 28 28 1.401921
1620 272 136 32 32 0.870544
1620 454 0 28 28 0.637977
1620 392 136 32 32 0.496019
1620 306 153 36 36 0.339477
1620 264 128 32 32 0.223888
1620 480 0 24 24 0.179249
1620 170 180 40 40 0.131721
1620 24 144 32 32 0.110334
1620 461 21 28 28 0.037452
1620 462 6 28 28 0.030126
1650 392 146 32 32 8.762524
1650 405 2 32 32 15.023152
1650 400 11 32 32 8.249174
1650 465 224 28 28 7.676785
1650 404 16 32 32 8.235427
1650 401 24 32 32 4.135617
1650 288 11 24 24 3.963419
1650 450 133 28 28 4.774053
1650 268 112 32 32 5.563745
1650 312 126 36 36 3.871876
1650 209 208 23 23 3.343058
1650 292 144 36 36 4.896831
1650 342 21 40 40 5.477185
1650 480 0 24 24 2.780936
1650 303 152 36 36 7.214630
1650 299 160 36 36 6.097466
1650 290 171 36 36 2.731042
1650 396 12 47 47 2.892582
1650 419 12 48 48 2.828388
1650 266 34 64 64 2.472460
1650 455 2 27 27 2.418153
1650 346 14 28 28 2.267139
1650 439 170 36 36 2.389120
1650 48 48 64 64 0.769327
1650 320 10 40 40 0.744681
1650 264 128 32 32 0.675224
1650 256 112 32 32 0.674457
1650 373 33 44 44 0.373623
1650 384 0 32 32 0.396275
1650 350 30 40 40 0.078273
1650 231 133 28 28 0.076512
1680 299 145 36 36 14.747192
1680 434 163 36 36 16.352061
1680 457 1 27 27 13.683574
1680 394 197 24 24 11.732885
1680 389 193 24 24 12.499350
1680 466 5 28 28 12.658887
1680 304 126 36 36 4.745097
1680 315 147 36 36 5.819662
1680 280 128 32 32 3.928228
1680 304 153 36 36 8.829856
1680 384 128 32 32 3.452215
1680 348 0 28 28 4.393810
1680 7 133 32 32 7.376328
1680 441 171 36 36 2.867253
1680 168 133 28 28 2.811732
1680 30 140 40 40 2.734938
1680 126 133 28 28 2.500601
1680 373 19 44 44 3.350209
1680 345 140 40 40 4.543579
1680 279 112 31 31 2.612687
1680 480 204 24 24 2.106243
1680 241 126 28 28 3.601123
1680 492 204 24 24 1.982804
1680 153 129 28 28 3.390578
1680 297 171 36 36 1.917940
1680 384 8 24 24 3.843783
1680 498 210 24 24 1.311832
1680 300 114 24 24 1.236145
1680 0 128 32 32 1.342271
1680 480 15 24 24 1.999142
1680 480 8 24 24 2.041467
1680 384 198 24 24 1.112967
1680 48 32 64 64 1.052463
1680 27 126 36 36 0.992288
1680 266 112 32 32 1.235967
1680 395 4 24 24 1.320804
1680 315 164 36 36 1.198975
1680 245 133 28 28 0.620047
1680 399 0 23 23 0.898442
1680 494 114 24 24 0.881757
1680 144 112 32 32 0.319822
1680 389 1 23 23 0.398490
1680 448 112 28 28 0.237687
1680 330 140 40 40 0.226258
1680 492 95 24 24 0.179127
1680 357 112 28 28 0.144385
1680 441 153 36 36 0.122298
1680 455 14 28 28 0.105777
1680 384 96 24 24 0.052075
