30 283 17 64 64 22.273319
30 449 130 27 27 23.643509
30 352 21 64 64 13.861452
30 456 126 28 28 21.723732
30 356 126 28 28 19.712538
30 245 127 28 28 7.390724
30 344 131 28 28 11.601987
30 267 112 32 32 9.057820
30 463 133 28 28 5.593093
30 256 20 64 64 5.414267
30 462 119 28 28 3.825615
30 432 19 35 35 4.255231
30 448 119 28 28 3.564388
30 349 121 28 28 6.330629
30 115 133 28 28 5.362759
30 337 120 28 28 5.005597
30 122 133 28 28 4.739424
30 272 0 64 64 2.384777
30 357 112 28 28 2.250877
30 265 32 64 64 3.472519
30 383 130 32 32 2.926985
30 469 129 28 28 3.204415
30 5 32 64 64 2.326972
30 438 27 36 36 1.905831
30 492 84 24 24 1.015261
30 108 96 23 23 0.848104
30 0 114 24 24 0.838682
30 384 144 32 32 0.525215
30 408 16 32 32 0.372605
30 12 114 24 24 0.049064
60 352 18 64 64 17.627732
60 266 112 32 32 7.770021
60 338 114 28 28 13.608364
60 347 112 28 28 10.596111
60 336 129 28 28 9.062272
60 450 127 28 28 10.565608
60 344 120 27 27 6.182532
60 384 112 32 32 3.877726
60 357 125 28 28 2.538457
60 459 129 30 30 5.570779
60 0 32 64 64 1.523779
60 280 112 32 32 1.095513
60 256 32 64 64 0.880416
60 96 96 24 24 0.594093
60 464 126 31 31 1.053445
60 21 112 28 28 0.390718
60 272 16 64 64 0.200026
90 338 119 28 28 15.243145
90 340 112 28 28 6.088433
90 226 113 28 28 8.474248
90 357 130 28 28 5.002322
90 2 119 28 28 4.664425
90 408 112 32 32 2.737247
90 231 119 28 28 1.913177
90 351 24 64 64 3.669374
90 347 126 28 28 1.877195
90 280 112 32 32 0.016519
120 393 135 32 32 18.706057
120 348 114 28 28 13.121646
120 392 148 32 32 8.595901
120 339 111 28 28 6.716955
120 394 36 48 48 6.686988
120 300 114 24 24 2.841643
120 479 16 24 24 3.323566
120 400 128 32 32 2.565594
120 0 36 48 48 4.293572
120 224 119 27 27 2.962168
120 392 112 32 32 2.039600
120 452 133 28 28 2.903426
120 241 112 28 28 3.908498
120 343 119 28 28 1.336537
120 351 27 64 64 1.661601
120 400 144 32 32 1.051593
120 126 120 28 28 1.157648
120 350 126 27 27 0.609721
120 288 0 64 64 0.348191
120 119 126 27 27 0.074648
150 468 2 28 28 16.851298
150 352 7 64 64 15.666305
150 480 13 23 23 14.669111
150 350 112 27 27 19.309020
150 398 112 32 32 10.925906
150 448 129 28 28 10.235069
150 387 112 32 32 7.940012
150 300 114 24 24 3.764160
150 407 128 32 32 3.329191
150 0 16 64 64 3.252347
150 351 98 28 28 4.002632
150 343 120 28 28 4.384020
150 264 36 48 48 4.378500
150 403 36 48 48 6.938714
150 469 14 28 28 1.991035
150 258 0 64 64 2.282079
150 469 133 28 28 1.833793
150 342 129 27 27 2.771632
150 224 115 27 27 2.631744
150 457 5 29 29 2.711410
150 336 112 28 28 1.264948
150 224 126 28 28 1.008306
150 453 0 30 30 1.165177
150 455 130 27 27 1.158606
150 272 136 32 32 0.314699
150 350 126 28 28 0.078454
150 492 17 24 24 0.068496
180 467 116 28 28 17.589832
180 338 114 28 28 21.104846
180 341 118 27 27 28.026105
180 243 114 28 28 14.781214
180 394 36 48 48 32.495574
180 481 114 24 24 5.655517
180 336 126 28 28 3.884846
180 2 111 28 28 5.595587
180 350 114 28 28 5.342820
180 108 84 24 24 3.382184
180 397 113 24 24 8.418575
180 36 36 48 48 5.357702
180 288 108 24 24 2.709364
180 305 114 24 24 2.743820
180 384 24 48 48 4.541980
180 497 114 24 24 2.304208
180 357 98 28 28 2.112674
180 461 4 28 28 2.707149
180 448 98 28 28 1.785038
180 419 36 48 48 3.516774
180 11 1 64 64 2.308676
180 456 114 28 28 3.504177
180 299 109 23 23 1.680742
180 480 6 24 24 1.104816
180 315 126 36 36 0.921459
180 192 114 24 24 0.856160
180 420 0 48 48 1.607494
180 14 112 28 28 0.597525
180 402 108 24 24 0.507986
180 352 0 64 64 0.454976
180 386 12 24 24 0.791297
180 238 119 28 28 0.381652
210 390 112 24 24 21.262451
210 41 1 64 64 13.790862
210 415 36 47 47 19.309582
210 352 0 64 64 4.727209
210 449 112 28 28 5.198121
210 402 112 24 24 5.810019
210 389 36 47 47 12.310882
210 491 113 23 23 7.947648
210 36 16 64 64 5.162306
210 0 36 48 48 5.541072
210 450 98 28 28 4.193426
210 306 96 24 24 2.323891
210 119 126 28 28 2.145880
210 398 107 23 23 3.799406
210 19 112 28 28 1.969523
210 480 114 24 24 1.175005
210 469 112 27 27 0.925252
210 498 108 24 24 0.557894
210 384 108 24 24 0.456081
210 264 112 32 32 0.376525
210 280 112 32 32 0.191474
210 7 119 28 28 0.101241
240 355 125 28 28 18.666716
240 496 101 24 24 15.232274
240 351 130 27 27 13.211176
240 168 98 28 28 4.278956
240 32 13 64 64 6.391324
240 350 119 28 28 3.647892
240 466 98 28 28 5.089287
240 264 36 48 48 6.633050
240 451 98 28 28 6.137459
240 357 112 28 28 3.063954
240 491 96 24 24 2.955738
240 480 111 24 24 4.624968
240 306 84 24 24 2.112745
240 40 0 64 64 3.539410
240 336 121 28 28 1.954987
240 288 209 23 23 1.385147
240 119 97 27 27 1.168852
240 481 100 24 24 2.115417
240 198 114 24 24 0.841612
240 491 107 24 24 0.687276
240 352 0 64 64 0.353575
240 24 112 32 32 0.177674
270 28 29 47 47 55.877372
270 350 125 27 27 29.300386
270 283 5 64 64 18.604094
270 491 106 23 23 19.072707
270 271 8 64 64 10.718440
270 343 122 28 28 8.671341
270 144 103 24 24 6.028478
270 5 1 64 64 7.523639
270 350 111 28 28 4.053830
270 486 102 24 24 3.541838
270 357 118 28 28 4.008192
270 131 102 24 24 8.540198
270 356 133 28 28 3.348404
270 420 32 48 48 8.483530
270 195 102 24 24 4.302641
270 263 26 46 46 5.398184
270 199 114 24 24 3.538750
270 451 98 28 28 3.915414
270 343 133 28 28 2.047934
270 498 102 24 24 1.815876
270 383 19 32 32 2.314004
270 288 32 64 64 1.175705
270 18 105 24 24 1.936339
270 48 0 64 64 0.898893
270 210 102 24 24 0.699468
270 498 114 24 24 0.646408
270 7 97 27 27 0.642121
270 340 10 40 40 0.349407
270 12 24 48 48 0.529474
300 481 112 24 24 9.178281
300 467 98 28 28 6.802540
300 148 128 31 31 15.982166
300 420 36 48 48 10.008600
300 290 112 24 24 10.896349
300 288 32 48 48 13.503164
300 144 131 33 33 8.136923
300 35 24 48 48 9.232208
300 259 20 57 57 8.521449
300 1 113 24 24 3.633755
300 192 18 24 24 1.946561
300 17 113 23 23 2.390417
300 192 0 24 24 0.767503
300 294 108 24 24 0.689708
300 7 98 28 28 0.157283
300 144 84 24 24 0.043826
300 0 36 48 48 0.029992
300 395 36 47 47 0.021156
330 289 14 36 36 15.474806
330 168 131 28 28 6.676469
330 448 169 36 36 9.309213
330 457 224 27 27 7.286919
330 426 169 42 42 12.781184
330 216 18 36 36 3.363373
330 0 33 44 44 3.305850
330 321 140 40 40 3.760215
330 11 96 23 23 2.956551
330 298 9 36 36 3.678688
330 281 48 64 64 4.401673
330 469 224 28 28 2.234126
330 408 168 48 48 4.431750
330 480 210 24 24 2.111127
330 264 0 44 44 1.402452
330 240 0 40 40 1.373006
330 12 84 24 24 1.372276
330 144 108 24 24 1.247393
330 352 48 64 64 1.198191
330 318 10 38 38 1.364522
330 220 0 40 40 0.892668
330 320 170 40 40 0.773087
330 391 136 32 32 0.680691
330 343 21 28 28 0.584878
330 136 152 32 32 0.459906
330 493 204 24 24 0.521465
330 256 48 64 64 0.372494
330 24 112 32 32 0.186979
330 306 144 36 36 0.162529
330 0 210 23 23 0.051721
360 113 97 27 27 7.273999
360 168 119 28 28 14.560247
360 7 205 46 46 28.909869
360 172 112 30 30 8.364703
360 16 208 24 24 9.051528
360 315 126 36 36 4.198163
360 0 101 24 24 8.234898
360 3 35 48 48 12.524110
360 17 29 46 46 21.388750
360 5 96 23 23 8.816728
360 113 114 28 28 6.714601
360 272 18 64 64 8.921357
360 237 127 28 28 6.637230
360 284 42 64 64 5.828973
360 259 27 64 64 6.207363
360 0 193 46 46 6.468088
360 455 153 36 36 3.617499
360 442 153 36 36 4.552382
360 258 128 32 32 2.790181
360 12 12 47 47 3.821313
360 12 203 24 24 1.648104
360 352 37 64 64 2.155364
360 268 128 32 32 1.987663
360 264 208 44 44 0.913302
360 6 210 24 24 0.767598
360 112 126 28 28 0.706322
360 240 245 28 28 1.076217
360 24 204 47 47 1.172357
360 168 133 28 28 0.403668
360 245 133 27 27 0.335294
360 29 190 40 40 0.225178
360 191 112 32 32 0.020407
360 449 162 36 36 0.020119
360 126 238 28 28 0.000685
390 154 111 28 28 2.592091
390 2 170 38 38 5.334620
390 99 193 24 24 4.497496
390 168 112 28 28 1.004374
390 12 163 38 38 0.947402
390 384 152 32 32 0.365758
390 95 198 24 24 0.163981
390 27 171 36 36 0.004829
420 444 126 36 36 11.773590
420 457 132 28 28 5.166365
420 16 44 64 64 2.754061
420 240 111 28 28 1.594473
420 479 0 24 24 0.316607
450 13 193 23 23 13.341618
450 1 149 34 34 22.824925
450 11 150 33 33 12.944783
450 242 132 28 28 8.065824
450 351 31 64 64 3.053697
450 14 204 24 24 4.252825
450 384 36 48 48 3.883650
450 401 128 32 32 2.115486
450 18 198 24 24 1.016397
450 231 133 28 28 0.286990
450 0 126 36 36 0.161321
480 176 112 32 32 3.659272
480 168 124 27 27 1.991292
480 384 36 48 48 1.959156
480 352 41 64 64 1.270371
480 237 133 28 28 0.771908
480 0 153 36 36 0.319394
480 144 136 32 32 0.211598
480 297 126 36 36 0.131205
480 264 136 32 32 0.123458
510 226 131 27 27 14.527836
510 168 112 27 27 5.256888
510 129 133 32 32 9.533454
510 351 31 64 64 2.914041
510 231 126 27 27 2.329799
510 238 133 28 28 2.029926
510 16 144 32 32 1.369477
510 24 136 32 32 1.345161
510 385 33 44 44 0.215301
510 154 112 28 28 0.071140
540 7 191 23 23 5.253724
540 357 121 28 28 3.493366
540 7 140 39 39 4.638587
540 154 133 28 28 1.457434
540 18 192 23 23 1.422959
540 168 133 28 28 1.393488
540 132 194 24 24 2.207825
540 396 12 24 24 0.757699
540 18 152 36 36 0.572823
540 402 102 23 23 0.428948
570 168 126 27 27 3.688891
570 7 144 32 32 7.786749
570 154 128 27 27 3.764825
570 48 15 64 64 1.638277
570 198 126 36 36 0.952233
570 352 32 64 64 0.645776
570 256 151 32 32 0.055179
570 492 210 24 24 0.049242
570 48 48 64 64 0.007909
570 198 144 36 36 0.002797
570 0 152 32 32 0.002097
600 216 126 36 36 4.627420
600 448 98 28 28 3.542267
600 198 126 36 36 2.214094
600 294 83 23 23 1.465526
600 280 136 32 32 0.551678
600 0 133 28 28 0.455174
600 420 36 48 48 0.716846
600 256 136 32 32 0.336892
630 238 133 28 28 16.513693
630 119 131 28 28 7.060027
630 18 132 28 28 7.859054
630 6 128 28 28 7.133618
630 481 104 24 24 8.476731
630 498 99 24 24 4.079985
630 256 32 64 64 1.143481
630 0 112 32 32 1.108356
630 220 129 31 31 1.616005
630 469 98 28 28 0.895869
630 0 130 29 29 1.499851
630 315 306 36 36 0.661095
630 486 108 24 24 0.345623
660 243 131 28 28 20.952639
660 232 132 27 27 15.557964
660 235 126 27 27 5.648715
660 199 114 23 23 6.400820
660 256 112 32 32 3.489698
660 127 114 26 26 7.807478
660 119 122 27 27 3.673644
660 192 0 24 24 1.754247
660 354 133 28 28 2.271432
660 399 192 24 24 2.897288
660 393 102 24 24 2.068982
660 0 129 28 28 0.956320
660 96 18 24 24 0.452037
660 210 114 24 24 0.360069
690 225 124 28 28 26.306263
690 192 112 32 32 4.213302
690 231 119 28 28 3.926923
690 498 96 24 24 3.252492
690 338 131 28 28 5.333729
690 339 125 27 27 2.808359
690 176 112 32 32 1.359453
690 238 126 28 28 1.175849
690 154 98 28 28 0.431652
690 396 192 24 24 0.110517
720 409 31 47 47 34.115926
720 420 24 47 47 23.362336
720 496 105 24 24 11.147454
720 486 102 24 24 14.497866
720 490 96 24 24 4.969684
720 14 112 28 28 2.656748
720 480 105 24 24 4.134834
720 455 98 28 28 1.936159
720 238 8 27 27 1.558447
720 112 231 28 28 1.277782
720 390 84 24 24 1.203347
720 491 113 24 24 1.148469
720 261 136 32 32 2.302361
720 0 133 28 28 0.958004
720 454 0 28 28 0.685485
720 198 22 44 44 0.598856
720 396 24 48 48 1.002612
720 480 96 24 24 0.463545
720 352 16 64 64 0.284135
750 361 25 44 44 13.583652
750 208 107 24 24 14.890492
750 154 98 28 28 4.739623
750 264 15 47 47 12.705918
750 343 29 40 40 6.379887
750 398 84 24 24 7.774051
750 204 104 24 24 6.768750
750 351 31 42 42 5.132112
750 288 24 48 48 5.330058
750 28 32 64 64 2.584303
750 125 117 27 27 3.536315
750 144 104 23 23 1.741454
750 180 33 44 44 1.408159
750 167 98 28 28 0.763478
750 242 33 44 44 0.744362
750 203 114 24 24 0.741264
750 224 98 28 28 0.650125
750 486 108 24 24 0.222870
780 0 112 25 25 25.109672
780 0 102 24 24 20.416031
780 160 27 38 38 11.613022
780 298 95 23 23 4.096277
780 6 112 26 26 7.717930
780 180 30 40 40 1.346551
780 483 209 23 23 1.721137
780 459 171 36 36 0.567638
780 18 96 23 23 0.490800
780 479 204 24 24 0.198125
780 144 153 36 36 0.003895
810 215 192 48 48 4.152008
810 237 245 28 28 3.237870
810 242 208 44 44 1.238565
810 108 84 24 24 1.193267
810 187 207 44 44 3.193416
810 227 245 28 28 1.996619
810 0 108 24 24 0.451074
810 203 199 48 48 0.688642
840 105 0 24 24 11.421029
840 497 112 24 24 6.581017
840 384 0 24 24 2.691902
840 192 6 24 24 1.846373
840 1 236 28 28 2.621946
840 96 0 24 24 0.421265
840 402 83 23 23 0.116947
870 1 197 24 24 17.641781
870 6 192 24 24 3.365918
870 154 8 28 28 6.383439
870 168 12 28 28 7.121766
870 236 98 28 28 4.779020
870 385 107 24 24 3.176002
870 392 149 32 32 3.570107
870 227 98 28 28 3.344995
870 288 144 36 36 1.746142
870 132 102 24 24 1.024073
870 0 190 40 40 0.770949
870 191 24 32 32 0.158969
870 144 0 32 32 0.007561
900 97 6 24 24 16.428667
900 315 126 36 36 5.088188
900 101 12 24 24 6.011821
900 6 95 24 24 1.654790
900 132 84 24 24 0.789311
900 132 96 24 24 0.709415
900 216 126 36 36 0.451276
900 6 114 24 24 0.506565
900 108 6 23 23 0.248118
930 306 101 24 24 4.611603
930 289 126 36 36 4.674815
930 192 148 32 32 5.974609
930 279 137 32 32 3.776566
930 288 96 24 24 2.802536
930 483 192 24 24 3.460934
930 97 83 23 23 1.412208
930 197 96 24 24 0.880834
930 144 84 24 24 0.842639
930 204 192 24 24 0.549876
930 192 101 23 23 0.422206
930 486 204 24 24 0.019217
960 306 126 36 36 2.386169
960 216 126 36 36 2.214699
960 306 84 24 24 0.917870
990 264 19 44 44 5.398724
990 497 96 24 24 3.249798
990 459 126 36 36 2.082647
990 0 238 28 28 1.331163
990 2 152 32 32 1.960304
990 288 83 23 23 0.924634
990 384 148 32 32 1.467511
990 8 152 34 34 1.517089
990 400 144 32 32 0.699007
1020 333 21 40 40 8.714479
1020 22 13 33 33 4.078058
1020 0 16 64 64 2.385758
1020 10 152 32 32 3.052257
1020 28 141 38 38 3.076702
1020 350 20 40 40 1.910896
1020 457 126 36 36 1.611691
1020 340 30 40 40 1.307794
1020 216 0 48 48 2.419688
1020 168 0 27 27 0.587488
1020 102 84 24 24 0.374342
1020 444 126 36 36 0.511229
1020 320 30 40 40 0.082529
1020 396 0 48 48 0.142448
1020 24 24 48 48 0.129668
1050 349 9 40 40 2.938689
1050 325 10 40 40 5.135665
1050 459 126 36 36 1.858998
1050 96 6 24 24 1.621423
1050 219 21 39 39 1.837825
1050 441 126 36 36 1.285482
1050 315 27 36 36 0.825479
1050 132 210 24 24 0.253678
1080 288 19 35 35 8.201474
1080 318 12 38 38 3.978554
1080 400 144 32 32 2.197630
1080 288 162 36 36 1.861457
1080 306 210 23 23 1.768081
1080 297 13 36 36 2.262192
1080 180 10 40 40 0.372454
1080 144 0 24 24 0.361715
1110 399 112 32 32 11.381377
1110 6 225 28 28 4.616441
1110 273 143 32 32 3.899036
1110 159 7 36 36 9.529765
1110 176 24 32 32 2.331914
1110 143 20 32 32 3.735835
1110 144 167 35 35 3.626126
1110 256 42 64 64 3.115072
1110 386 84 24 24 3.110486
1110 144 12 34 34 3.380715
1110 18 0 24 24 1.697978
1110 191 24 32 32 1.557283
1110 384 112 32 32 1.361050
1110 180 0 40 40 1.215812
1110 297 126 36 36 0.647880
1110 272 32 64 64 0.139074
1140 336 130 28 28 5.158736
1140 196 145 34 34 5.369696
1140 306 84 24 24 2.387140
1140 9 224 28 28 2.769587
1140 128 20 32 32 2.878315
1140 256 16 64 64 0.998041
1140 0 204 24 24 0.629217
1140 336 119 28 28 0.491594
1140 357 133 28 28 0.269217
1140 14 231 28 28 0.144457
1140 21 223 28 28 0.142354
1170 0 12 32 32 17.254918
1170 245 131 28 28 4.834913
1170 10 21 28 28 4.714144
1170 128 142 32 32 4.449997
1170 256 112 32 32 1.879103
1170 245 122 28 28 2.920069
1170 223 119 27 27 1.441527
1170 48 48 64 64 1.422299
1170 9 0 36 36 0.813872
1170 128 128 32 32 0.202088
1200 455 117 28 28 12.537467
1200 459 114 27 27 10.640222
1200 264 29 48 48 9.323186
1200 24 112 32 32 2.492734
1200 256 24 32 32 1.560556
1200 288 48 64 64 1.197962
1200 21 126 28 28 0.517184
1200 0 32 64 64 0.495461
1200 242 0 44 44 0.424276
1200 280 24 32 32 0.374233
1200 224 119 28 28 0.361064
1200 272 0 64 64 0.358604
1200 320 140 40 40 0.044734
1230 408 152 32 32 3.341555
1230 297 288 36 36 1.642044
1230 120 231 28 28 1.995022
1230 126 235 28 28 1.117608
1230 411 0 47 47 1.001046
1230 320 140 40 40 0.213228
1230 480 84 24 24 0.190643
1230 459 151 36 36 0.180327
1230 288 18 24 24 0.112446
1230 396 12 47 47 0.121754
1260 3 7 44 44 28.413000
1260 13 5 43 43 17.733240
1260 144 279 32 32 2.361550
1260 136 272 32 32 2.060177
1260 6 29 40 40 2.403890
1260 20 16 41 41 2.728827
1260 450 297 36 36 1.544677
1260 30 160 40 40 0.868354
1260 384 280 32 32 0.512514
1260 18 153 36 36 0.292668
1260 0 140 40 40 0.104898
1260 198 294 24 24 0.007543
1290 242 0 28 28 5.588635
1290 105 12 24 24 3.907254
1290 228 0 27 27 2.383870
1290 264 0 32 32 0.732618
1290 95 12 24 24 0.610782
1290 497 12 24 24 0.284265
