30 16 32 64 64 0.756326
30 256 48 64 64 2.248954
30 242 154 44 44 1.723055
30 264 154 44 44 0.594580
30 198 126 36 36 3.581641
30 198 144 36 36 1.340378
30 288 126 36 36 6.880122
30 288 144 36 36 6.008832
30 288 153 36 36 1.213721
30 288 162 36 36 0.300358
30 288 171 36 36 1.016376
30 297 126 36 36 5.686708
30 297 144 36 36 4.177972
30 306 126 36 36 0.533195
30 432 126 36 36 2.951184
30 459 153 36 36 4.908969
30 459 162 36 36 5.224294
30 459 171 36 36 3.932769
30 144 112 32 32 0.718275
30 176 112 32 32 0.108341
30 192 128 32 32 8.590543
30 192 136 32 32 9.612181
30 192 144 32 32 6.971734
30 192 152 32 32 1.712558
30 256 128 32 32 3.170789
30 256 136 32 32 2.491113
30 264 128 32 32 0.373043
30 280 128 32 32 5.432379
30 280 136 32 32 3.396678
30 280 144 32 32 2.757377
30 280 152 32 32 4.606474
30 168 119 28 28 0.485516
30 168 126 28 28 4.367836
30 168 133 28 28 3.365901
30 224 126 28 28 0.954036
30 224 133 28 28 2.577055
30 245 133 28 28 0.990349
30 210 96 24 24 0.042294
30 294 84 24 24 0.261765
30 294 96 24 24 0.028341
30 294 102 24 24 0.054164
30 294 108 24 24 0.568227
30 294 114 24 24 1.846470
30 294 192 24 24 1.407575
30 300 96 24 24 0.141917
30 480 192 24 24 0.617923
30 486 192 24 24 1.897462
60 288 16 64 64 1.075018
60 352 16 64 64 1.923413
60 420 24 48 48 1.997376
60 420 24 48 48 1.997376
60 0 126 36 36 0.194643
60 9 126 36 36 3.759082
60 18 126 36 36 4.664933
60 27 126 36 36 4.529015
60 432 126 36 36 1.253702
60 441 126 36 36 3.814666
60 450 126 36 36 2.664256
60 459 126 36 36 5.070463
60 16 136 32 32 0.341209
60 24 136 32 32 0.444540
60 128 112 32 32 3.843235
60 136 112 32 32 2.417399
60 256 112 32 32 4.255588
60 264 112 32 32 1.207685
60 272 112 32 32 1.552558
60 384 128 32 32 4.601329
60 384 136 32 32 5.042829
60 384 144 32 32 2.978863
60 392 128 32 32 2.905934
60 392 136 32 32 3.634013
60 392 144 32 32 1.806960
60 400 128 32 32 2.096066
60 400 136 32 32 3.002511
60 400 144 32 32 2.624736
60 408 112 32 32 0.462629
60 112 133 28 28 0.196769
60 343 119 28 28 0.661659
60 350 112 28 28 0.113471
60 350 119 28 28 4.603785
60 350 126 28 28 5.829491
60 350 133 28 28 1.721882
60 357 119 28 28 4.168978
60 357 126 28 28 4.440925
60 357 133 28 28 0.069683
60 448 126 28 28 2.275997
60 448 133 28 28 4.986298
60 455 119 28 28 2.837461
60 455 126 28 28 5.617998
60 455 133 28 28 4.202393
60 462 119 28 28 3.725878
60 462 126 28 28 6.069175
60 462 133 28 28 4.573256
60 469 21 28 28 0.227010
60 469 119 28 28 5.201528
60 469 126 28 28 5.784310
60 469 133 28 28 5.428845
60 0 192 24 24 0.223546
60 6 192 24 24 0.454181
90 272 16 64 64 0.350406
90 288 16 64 64 1.212139
90 288 32 64 64 1.335899
90 352 16 64 64 2.914912
90 352 32 64 64 3.312102
90 396 36 48 48 0.958217
90 396 36 48 48 0.958217
90 432 126 36 36 0.134853
90 450 126 36 36 0.794416
90 459 0 36 36 0.091015
90 384 112 32 32 0.371487
90 224 119 28 28 5.366409
90 224 126 28 28 1.670019
90 231 119 28 28 3.602007
90 231 126 28 28 5.595578
90 238 119 28 28 5.774438
90 238 126 28 28 6.531294
90 245 119 28 28 5.961977
90 245 126 28 28 6.348415
90 336 98 28 28 1.805336
90 336 112 28 28 4.254104
90 336 119 28 28 5.157229
90 336 126 28 28 1.438897
90 448 112 28 28 0.209256
90 448 133 28 28 3.801470
90 390 12 24 24 2.824045
90 390 18 24 24 4.062486
90 492 84 24 24 0.971322
120 0 48 64 64 1.876002
120 16 48 64 64 2.607603
120 272 16 64 64 1.922327
120 288 16 64 64 0.925555
120 288 32 64 64 4.006388
120 288 48 64 64 0.634961
120 352 16 64 64 1.412410
120 352 32 64 64 2.076021
120 408 0 48 48 1.924956
120 408 12 48 48 1.823697
120 420 0 48 48 3.083117
120 420 12 48 48 3.042928
120 420 36 48 48 0.146330
120 408 0 48 48 1.924956
120 408 12 48 48 1.823697
120 420 0 48 48 3.083117
120 420 12 48 48 3.042928
120 420 36 48 48 0.146330
120 450 27 36 36 0.083634
120 459 27 36 36 0.528004
120 459 126 36 36 0.725515
120 459 153 36 36 0.807775
120 16 128 32 32 3.042801
120 24 128 32 32 1.211300
120 384 112 32 32 1.170648
120 384 128 32 32 4.290012
120 384 136 32 32 0.575752
120 392 112 32 32 0.650751
120 392 128 32 32 0.868466
120 21 133 28 28 0.696552
120 168 126 28 28 0.530018
120 168 133 28 28 2.194489
120 224 119 28 28 5.481921
120 224 126 28 28 2.760301
120 231 112 28 28 0.248540
120 231 119 28 28 6.287426
120 231 126 28 28 3.139960
120 238 112 28 28 0.184673
120 238 119 28 28 5.735027
120 238 126 28 28 3.432238
120 245 119 28 28 3.902519
120 245 126 28 28 2.080833
120 448 133 28 28 1.932411
120 455 112 28 28 0.308997
120 402 6 24 24 1.254617
120 402 12 24 24 0.635211
120 486 96 24 24 0.194201
120 486 102 24 24 1.394734
120 486 108 24 24 0.401920
150 0 48 64 64 2.238766
150 256 0 64 64 1.023557
150 256 16 64 64 0.523464
150 272 0 64 64 2.298597
150 272 16 64 64 1.038152
150 288 16 64 64 3.213532
150 352 16 64 64 5.446531
150 352 32 64 64 7.890756
150 352 48 64 64 1.333909
150 264 36 48 48 1.307780
150 288 36 48 48 0.663773
150 264 36 48 48 1.307780
150 288 36 48 48 0.663773
150 128 128 32 32 0.074492
150 384 112 32 32 4.791029
150 384 128 32 32 0.766898
150 392 112 32 32 0.413074
150 154 133 28 28 0.788709
150 168 126 28 28 3.922996
150 224 112 28 28 2.052974
150 224 119 28 28 4.928773
150 224 126 28 28 1.919575
150 231 112 28 28 2.394660
150 231 119 28 28 4.598961
150 238 112 28 28 3.104747
150 238 119 28 28 4.944319
150 238 126 28 28 0.929696
150 245 119 28 28 3.377539
150 336 112 28 28 2.862535
150 336 119 28 28 2.808612
150 336 126 28 28 3.732174
180 256 0 64 64 2.429097
180 256 16 64 64 3.580091
180 272 0 64 64 4.844043
180 272 16 64 64 4.603564
180 288 16 64 64 2.051343
180 352 0 64 64 5.492890
180 352 16 64 64 5.474771
180 352 32 64 64 2.673299
180 264 36 48 48 0.635924
180 288 36 48 48 0.697407
180 384 168 48 48 0.592924
180 396 168 48 48 2.301855
180 264 36 48 48 0.635924
180 288 36 48 48 0.697407
180 384 168 48 48 0.592924
180 396 168 48 48 2.301855
180 192 112 32 32 2.036119
180 384 112 32 32 3.297834
180 392 128 32 32 0.941067
180 400 112 32 32 0.572515
180 400 128 32 32 1.523134
180 400 136 32 32 0.673594
180 408 112 32 32 5.746696
180 408 128 32 32 4.693644
180 408 136 32 32 3.298918
180 0 126 28 28 1.075265
180 14 126 28 28 0.981784
180 154 126 28 28 0.830434
180 154 133 28 28 3.353746
180 168 126 28 28 4.896949
180 168 133 28 28 1.636929
180 224 119 28 28 2.165701
180 224 126 28 28 2.471263
180 231 119 28 28 0.263600
180 238 112 28 28 0.700781
180 238 119 28 28 3.690386
180 245 119 28 28 4.630922
180 245 126 28 28 2.087862
180 336 112 28 28 1.976465
180 336 119 28 28 3.714190
180 336 126 28 28 5.200195
180 336 133 28 28 1.950908
180 343 112 28 28 3.635790
180 343 119 28 28 4.296112
180 343 126 28 28 7.144933
180 343 133 28 28 5.154138
180 350 112 28 28 2.825822
180 350 119 28 28 1.750715
180 350 126 28 28 4.198802
180 350 133 28 28 2.722646
180 462 119 28 28 0.302484
180 396 114 24 24 1.449080
210 0 48 64 64 0.092885
210 256 0 64 64 2.918738
210 256 16 64 64 1.062835
210 272 0 64 64 1.688497
210 272 16 64 64 1.511358
210 288 0 64 64 1.001278
210 288 16 64 64 1.427097
210 288 32 64 64 2.064422
210 128 128 32 32 4.326320
210 136 128 32 32 1.251398
210 144 112 32 32 0.000497
210 192 112 32 32 0.433249
210 119 133 28 28 1.699557
210 126 133 28 28 4.864364
210 224 119 28 28 1.939854
210 224 126 28 28 0.718989
210 245 119 28 28 2.512764
210 336 112 28 28 5.391983
210 336 119 28 28 4.438039
210 336 126 28 28 0.314289
210 343 112 28 28 1.646135
210 343 119 28 28 1.289423
210 343 126 28 28 1.395898
210 350 112 28 28 2.672016
210 350 119 28 28 1.716156
210 350 126 28 28 3.241361
210 350 133 28 28 0.460458
210 357 112 28 28 1.122816
210 357 119 28 28 3.468613
210 357 126 28 28 5.389774
210 357 133 28 28 4.733361
210 462 112 28 28 3.934980
210 462 119 28 28 0.412923
210 469 112 28 28 3.329133
210 469 119 28 28 2.609541
210 384 96 24 24 0.045852
210 390 96 24 24 1.345332
240 256 0 64 64 2.074188
240 396 24 48 48 0.898641
240 408 24 48 48 2.065811
240 408 36 48 48 0.566948
240 420 24 48 48 2.539750
240 396 24 48 48 0.898641
240 408 24 48 48 2.065811
240 408 36 48 48 0.566948
240 420 24 48 48 2.539750
240 10 140 40 40 0.285492
240 0 144 36 36 0.154724
240 0 153 36 36 2.051111
240 9 144 36 36 0.217574
240 18 144 36 36 0.961898
240 450 9 36 36 0.623052
240 0 112 32 32 1.771226
240 256 112 32 32 1.454881
240 392 136 32 32 0.876130
240 400 136 32 32 2.530282
240 408 136 32 32 0.382080
240 408 144 32 32 0.520057
240 7 112 28 28 2.197109
240 7 119 28 28 1.566600
240 7 126 28 28 0.824460
240 21 119 28 28 0.717032
240 168 133 28 28 1.935750
240 224 126 28 28 0.009444
240 245 119 28 28 2.981583
240 336 112 28 28 6.056830
240 336 119 28 28 3.574317
240 343 112 28 28 4.099039
240 343 119 28 28 3.658344
240 350 112 28 28 2.536055
240 350 119 28 28 2.671941
240 350 126 28 28 1.333907
240 357 126 28 28 1.104679
240 455 98 28 28 1.382717
240 462 98 28 28 2.615939
240 469 98 28 28 1.276091
240 6 192 24 24 0.192691
240 384 84 24 24 1.178525
240 384 108 24 24 1.018210
240 480 96 24 24 8.322299
240 480 102 24 24 6.832932
240 480 108 24 24 1.760444
240 486 96 24 24 0.902089
240 486 102 24 24 1.268957
240 492 96 24 24 2.137644
240 492 102 24 24 3.793747
240 492 108 24 24 0.578544
270 0 48 64 64 1.408484
270 32 48 64 64 1.364208
270 48 48 64 64 2.869064
270 272 16 64 64 1.022790
270 288 16 64 64 0.605821
270 352 32 64 64 0.674320
270 27 153 36 36 1.989168
270 441 153 36 36 2.047667
270 450 153 36 36 2.012079
270 450 162 36 36 3.807704
270 459 153 36 36 0.673675
270 459 162 36 36 3.245019
270 144 128 32 32 0.873285
270 256 112 32 32 0.395479
270 384 136 32 32 1.275491
270 392 144 32 32 0.286125
270 400 128 32 32 1.451834
270 400 136 32 32 2.568554
270 400 144 32 32 0.360857
270 408 136 32 32 0.972672
270 224 133 28 28 2.027956
270 245 126 28 28 2.728111
270 336 119 28 28 2.153035
270 357 133 28 28 2.528259
270 0 204 24 24 3.043916
270 0 210 24 24 1.507929
270 96 114 24 24 0.295392
270 102 114 24 24 1.492190
270 390 84 24 24 1.412035
300 0 48 64 64 0.140471
300 256 16 64 64 0.123126
300 272 0 64 64 1.502622
300 272 16 64 64 4.823974
300 288 0 64 64 2.000328
300 288 16 64 64 4.353568
300 288 32 64 64 6.483049
300 288 48 64 64 0.699174
300 0 140 40 40 0.226146
300 10 140 40 40 2.186826
300 20 140 40 40 0.843954
300 18 144 36 36 0.835440
300 27 153 36 36 1.644991
300 432 144 36 36 3.946629
300 432 153 36 36 4.412319
300 432 162 36 36 2.215584
300 441 153 36 36 1.213299
300 441 162 36 36 0.322716
300 450 171 36 36 0.609999
300 459 153 36 36 1.016011
300 459 162 36 36 0.574139
300 459 171 36 36 0.813542
300 272 112 32 32 1.858713
300 400 152 32 32 3.916441
300 408 152 32 32 5.561947
300 126 0 28 28 0.182763
300 238 126 28 28 0.008805
300 245 133 28 28 0.690187
300 357 133 28 28 2.377361
300 384 114 24 24 0.983153
300 480 192 24 24 0.418037
300 480 198 24 24 3.354266
300 480 204 24 24 3.113146
300 486 198 24 24 2.196586
300 486 204 24 24 2.738875
300 486 210 24 24 1.551760
300 492 198 24 24 1.311345
300 492 204 24 24 1.520710
300 492 210 24 24 0.791510
300 498 210 24 24 0.834266
330 256 16 64 64 1.487772
330 272 0 64 64 3.194601
330 272 16 64 64 1.527241
330 288 0 64 64 0.974869
330 288 16 64 64 2.220491
330 352 16 64 64 0.567736
330 352 32 64 64 3.709626
330 352 48 64 64 3.292635
330 384 24 48 48 1.084350
330 384 36 48 48 0.295518
330 384 24 48 48 1.084350
330 384 36 48 48 0.295518
330 363 22 44 44 0.055248
330 363 33 44 44 2.264294
330 374 33 44 44 4.332238
330 385 33 44 44 1.306321
330 0 140 40 40 3.806383
330 10 140 40 40 0.257848
330 0 153 36 36 0.117195
330 0 162 36 36 0.356137
330 9 144 36 36 4.434251
330 9 153 36 36 5.271646
330 18 153 36 36 0.074165
330 16 152 32 32 0.775568
330 128 128 32 32 2.573921
330 128 136 32 32 2.896103
330 136 128 32 32 2.784202
330 136 136 32 32 3.126733
330 280 112 32 32 0.663674
330 384 128 32 32 0.324144
330 384 136 32 32 2.548143
330 384 144 32 32 3.053457
330 392 136 32 32 2.401302
330 392 144 32 32 1.813391
330 400 128 32 32 0.463654
330 400 136 32 32 3.774744
330 400 144 32 32 4.712513
330 400 152 32 32 3.043819
330 408 128 32 32 0.320258
330 408 136 32 32 3.473129
330 408 144 32 32 6.286400
330 408 152 32 32 7.434685
330 7 126 28 28 2.510495
330 14 126 28 28 0.402154
330 336 112 28 28 1.085020
330 0 96 24 24 4.431654
330 0 102 24 24 5.130894
330 0 108 24 24 1.177024
330 6 96 24 24 3.683015
330 6 102 24 24 3.948784
330 486 210 24 24 2.413401
360 256 16 64 64 1.322080
360 272 16 64 64 1.300006
360 288 0 64 64 1.878467
360 352 0 64 64 5.250693
360 352 16 64 64 6.523322
360 352 32 64 64 7.809225
360 352 48 64 64 5.595773
360 384 36 48 48 0.875240
360 384 36 48 48 0.875240
360 330 30 40 40 1.233128
360 350 30 40 40 0.885675
360 27 144 36 36 1.281253
360 441 144 36 36 1.281819
360 450 144 36 36 4.804230
360 450 153 36 36 2.605831
360 450 162 36 36 1.471675
360 459 144 36 36 4.141419
360 459 153 36 36 5.641428
360 459 162 36 36 3.527904
360 192 128 32 32 0.333524
360 280 112 32 32 1.252790
360 400 112 32 32 0.515695
360 400 128 32 32 0.422150
360 400 136 32 32 0.215918
360 400 144 32 32 0.389956
360 408 112 32 32 4.118674
360 408 128 32 32 1.318602
360 408 136 32 32 1.151434
360 408 144 32 32 3.147386
360 408 152 32 32 1.533239
360 336 112 28 28 3.502600
360 336 119 28 28 5.250270
360 336 126 28 28 2.554452
360 343 119 28 28 2.059100
360 343 126 28 28 3.753711
360 343 133 28 28 2.978502
360 448 112 28 28 1.889737
360 448 119 28 28 2.029776
360 455 112 28 28 1.473868
360 455 119 28 28 1.490452
360 462 112 28 28 3.172961
360 462 119 28 28 2.922597
360 469 112 28 28 3.276243
360 480 192 24 24 1.518797
360 480 198 24 24 1.192451
360 480 204 24 24 1.560980
360 486 108 24 24 0.664004
360 486 192 24 24 1.680405
360 486 198 24 24 1.019878
360 486 204 24 24 1.884782
360 492 108 24 24 0.966006
360 492 114 24 24 0.546547
360 492 204 24 24 0.214928
360 498 96 24 24 0.070764
360 498 102 24 24 3.879722
360 498 108 24 24 3.143512
360 498 114 24 24 0.145000
390 256 16 64 64 2.270441
390 256 32 64 64 0.848673
390 272 16 64 64 1.034355
390 352 0 64 64 1.207173
390 352 16 64 64 5.513409
390 352 32 64 64 4.573661
390 352 48 64 64 0.843422
390 0 144 36 36 1.224821
390 432 144 36 36 0.132157
390 432 162 36 36 2.581652
390 441 162 36 36 3.278841
390 136 128 32 32 4.788485
390 144 128 32 32 4.362079
390 176 136 32 32 1.435767
390 400 24 32 32 0.079022
390 408 112 32 32 4.056335
390 336 133 28 28 3.180182
390 343 133 28 28 1.238415
390 469 126 28 28 1.030578
390 102 108 24 24 1.913017
390 108 108 24 24 4.113874
390 210 84 24 24 0.946757
390 210 96 24 24 0.506692
420 256 16 64 64 0.073162
420 256 32 64 64 0.312100
420 128 136 32 32 1.035138
420 136 136 32 32 1.898161
420 136 144 32 32 0.474905
420 144 136 32 32 1.090399
420 392 24 32 32 2.354336
420 231 119 28 28 0.136722
420 238 112 28 28 0.977907
420 238 119 28 28 0.962846
420 336 126 28 28 2.194129
420 336 133 28 28 7.452900
420 343 133 28 28 5.780044
420 198 84 24 24 3.639815
420 294 114 24 24 0.854366
420 486 18 24 24 2.860690
420 492 12 24 24 0.137544
420 492 18 24 24 3.684220
420 498 18 24 24 1.154023
450 32 48 64 64 0.610295
450 256 16 64 64 1.278054
450 256 32 64 64 4.467864
450 272 0 64 64 0.976652
450 272 16 64 64 2.594105
450 272 32 64 64 5.006774
450 272 48 64 64 0.800963
450 288 32 64 64 1.948750
450 288 36 48 48 1.520631
450 396 0 48 48 1.666319
450 288 36 48 48 1.520631
450 396 0 48 48 1.666319
450 27 126 36 36 2.785059
450 432 9 36 36 1.271725
450 441 0 36 36 1.742357
450 441 9 36 36 3.379345
450 176 144 32 32 0.969124
450 392 8 32 32 1.988177
450 400 0 32 32 0.114658
450 400 8 32 32 3.878092
450 408 0 32 32 0.251404
450 224 112 28 28 1.505092
450 231 112 28 28 0.720715
450 336 119 28 28 4.215189
450 336 126 28 28 5.473147
450 336 133 28 28 3.573928
450 6 96 24 24 3.199515
450 12 96 24 24 3.180952
450 306 108 24 24 0.667920
450 402 18 24 24 1.000126
450 492 84 24 24 1.775312
450 498 84 24 24 1.348385
480 256 16 64 64 2.803865
480 256 32 64 64 5.255452
480 272 0 64 64 1.646456
480 272 16 64 64 3.514747
480 272 32 64 64 4.706192
480 272 48 64 64 0.360332
480 288 48 64 64 1.346326
480 264 36 48 48 1.514982
480 288 36 48 48 0.642642
480 264 36 48 48 1.514982
480 288 36 48 48 0.642642
480 340 20 40 40 2.278760
480 350 10 40 40 1.050062
480 350 20 40 40 1.687961
480 0 153 36 36 0.992084
480 144 144 36 36 2.857725
480 144 153 36 36 1.273249
480 0 152 32 32 2.023962
480 136 144 32 32 0.222204
480 136 152 32 32 2.652196
480 144 128 32 32 0.527749
480 144 136 32 32 3.141097
480 144 144 32 32 2.480062
480 144 152 32 32 3.306307
480 384 144 32 32 1.152599
480 384 152 32 32 4.328374
480 0 21 28 28 0.095968
480 14 21 28 28 0.488270
480 154 133 28 28 0.278021
480 224 119 28 28 0.715994
480 336 119 28 28 4.928696
480 336 126 28 28 5.813259
480 336 133 28 28 0.471973
480 343 126 28 28 1.227089
480 343 133 28 28 1.446308
480 102 192 24 24 0.567161
480 198 108 24 24 0.597234
480 198 114 24 24 0.156553
480 204 114 24 24 2.198535
480 210 102 24 24 2.166583
480 210 108 24 24 1.973065
480 210 114 24 24 0.059306
480 306 102 24 24 2.069609
510 256 32 64 64 1.335068
510 272 32 64 64 4.012921
510 272 48 64 64 1.565358
510 288 48 64 64 1.568136
510 288 36 48 48 1.335909
510 288 36 48 48 1.335909
510 352 22 44 44 1.780551
510 352 33 44 44 1.057560
510 350 140 40 40 3.001678
510 432 153 36 36 2.886930
510 432 162 36 36 3.682767
510 432 171 36 36 0.335874
510 0 24 32 32 0.071841
510 384 144 32 32 1.756889
510 384 152 32 32 4.661237
510 0 21 28 28 1.392881
510 7 21 28 28 0.910837
510 14 21 28 28 0.406794
510 336 119 28 28 2.459586
510 336 126 28 28 4.657248
510 336 133 28 28 3.878124
510 343 126 28 28 4.975438
510 343 133 28 28 7.114501
510 350 126 28 28 1.784431
510 350 133 28 28 4.941962
510 96 204 24 24 0.939866
510 96 210 24 24 1.062760
510 102 210 24 24 0.971902
510 108 210 24 24 0.390422
510 192 102 24 24 2.209534
510 198 102 24 24 1.062188
510 204 102 24 24 6.091480
510 204 108 24 24 1.907271
510 204 114 24 24 0.001667
510 210 102 24 24 4.663269
510 210 108 24 24 1.618607
510 390 192 24 24 4.530373
510 390 198 24 24 0.641024
510 396 6 24 24 2.316361
510 396 96 24 24 0.408326
510 396 102 24 24 1.464885
510 396 192 24 24 5.653548
510 396 198 24 24 2.171316
510 402 6 24 24 0.391882
510 402 102 24 24 0.663094
510 402 192 24 24 1.616297
540 48 16 64 64 8.409876
540 48 32 64 64 7.740864
540 272 16 64 64 2.346403
540 272 32 64 64 2.956749
540 288 16 64 64 0.456014
540 288 32 64 64 4.955672
540 288 48 64 64 3.820155
540 204 36 48 48 0.310236
540 288 24 48 48 1.252472
540 288 36 48 48 4.729007
540 396 12 48 48 1.393796
540 420 0 48 48 0.724567
540 204 36 48 48 0.310236
540 288 24 48 48 1.252472
540 288 36 48 48 4.729007
540 396 12 48 48 1.393796
540 420 0 48 48 0.724567
540 0 209 44 44 0.687117
540 352 33 44 44 0.034535
540 385 33 44 44 1.855000
540 385 154 44 44 1.213882
540 0 21 28 28 2.810537
540 21 231 28 28 0.757291
540 21 238 28 28 0.216009
540 21 245 28 28 1.659664
540 126 133 28 28 2.119463
540 343 133 28 28 3.448155
540 350 133 28 28 2.501603
540 357 133 28 28 2.021533
540 448 98 28 28 1.061008
540 144 114 24 24 2.950881
540 192 108 24 24 1.703133
540 192 114 24 24 4.300439
540 198 102 24 24 2.572153
540 198 108 24 24 3.124160
540 198 114 24 24 2.810413
540 204 102 24 24 3.681822
540 204 108 24 24 2.331382
540 204 114 24 24 0.478111
540 210 102 24 24 0.519606
540 306 102 24 24 1.886306
540 480 84 24 24 4.782815
540 486 84 24 24 2.031113
540 492 84 24 24 3.105823
570 32 16 64 64 1.229079
570 48 16 64 64 11.177947
570 48 32 64 64 9.325036
570 256 0 64 64 0.332939
570 288 16 64 64 1.107794
570 288 32 64 64 3.275117
570 288 48 64 64 1.651664
570 204 36 48 48 2.684199
570 288 24 48 48 1.337104
570 288 36 48 48 8.057210
570 384 24 48 48 6.270705
570 384 36 48 48 2.504759
570 396 12 48 48 3.955813
570 396 24 48 48 7.734466
570 396 36 48 48 0.387491
570 408 12 48 48 0.702736
570 408 24 48 48 1.022985
570 204 36 48 48 2.684199
570 288 24 48 48 1.337104
570 288 36 48 48 8.057210
570 384 24 48 48 6.270705
570 384 36 48 48 2.504759
570 396 12 48 48 3.955813
570 396 24 48 48 7.734466
570 396 36 48 48 0.387491
570 408 12 48 48 0.702736
570 408 24 48 48 1.022985
570 385 33 44 44 1.531542
570 20 0 40 40 1.116135
570 20 10 40 40 0.477104
570 30 0 40 40 1.072935
570 9 126 36 36 3.343279
570 18 9 36 36 0.090411
570 18 126 36 36 0.833370
570 27 9 36 36 0.884106
570 27 126 36 36 2.567167
570 441 144 36 36 0.487296
570 450 144 36 36 2.358081
570 459 144 36 36 1.285862
570 16 144 32 32 0.769830
570 24 16 32 32 0.338275
570 384 144 32 32 0.071079
570 0 21 28 28 2.371177
570 7 21 28 28 2.000704
570 336 98 28 28 3.986292
570 343 98 28 28 2.291999
570 448 98 28 28 2.840720
570 455 98 28 28 1.172150
570 462 98 28 28 0.665257
570 6 114 24 24 0.601821
570 12 114 24 24 0.195246
570 192 108 24 24 3.109963
570 192 114 24 24 2.209876
570 198 108 24 24 0.086997
570 198 114 24 24 2.103935
570 204 102 24 24 0.559535
570 204 108 24 24 1.042703
570 204 114 24 24 1.710671
570 390 12 24 24 1.558925
570 492 198 24 24 1.679264
570 492 204 24 24 0.087143
570 498 198 24 24 2.654410
600 48 0 64 64 0.463660
600 48 16 64 64 8.280727
600 48 32 64 64 8.265574
600 272 0 64 64 2.047254
600 288 0 64 64 1.303527
600 352 32 64 64 2.109092
600 352 48 64 64 5.469569
600 288 36 48 48 5.472929
600 288 36 48 48 5.472929
600 0 0 40 40 1.232429
600 10 0 40 40 1.448722
600 10 10 40 40 0.158460
600 20 0 40 40 0.213925
600 0 18 36 36 0.404892
600 18 9 36 36 0.283407
600 27 9 36 36 0.627732
600 27 18 36 36 1.832217
600 198 126 36 36 0.091675
600 8 24 32 32 1.949579
600 16 24 32 32 1.263606
600 384 144 32 32 4.337502
600 384 152 32 32 3.552734
600 392 144 32 32 4.864700
600 392 152 32 32 2.216835
600 400 144 32 32 1.227379
600 400 152 32 32 2.162373
600 0 21 28 28 0.200715
600 7 112 28 28 1.520634
600 336 112 28 28 0.046228
600 343 112 28 28 1.532850
600 350 112 28 28 0.977650
600 12 114 24 24 5.118052
600 18 114 24 24 1.118464
600 96 114 24 24 1.372024
600 192 108 24 24 2.792626
600 192 114 24 24 3.974346
600 204 102 24 24 0.191828
600 204 108 24 24 0.843742
600 204 114 24 24 0.537807
600 492 18 24 24 0.866758
630 48 16 64 64 1.032525
630 48 32 64 64 2.964328
630 288 0 64 64 4.227952
630 288 16 64 64 4.509235
630 288 32 64 64 2.163601
630 352 32 64 64 0.637701
630 352 48 64 64 3.910831
630 0 140 40 40 3.067545
630 10 140 40 40 0.117069
630 0 144 36 36 2.694483
630 0 153 36 36 0.904932
630 0 162 36 36 2.329959
630 9 144 36 36 1.438696
630 9 153 36 36 2.535186
630 18 153 36 36 0.535402
630 27 144 36 36 1.170918
630 198 126 36 36 3.851112
630 432 153 36 36 0.435458
630 432 162 36 36 2.011875
630 441 162 36 36 2.335791
630 8 152 32 32 1.866013
630 16 152 32 32 0.216353
630 408 24 32 32 3.149707
630 408 128 32 32 0.853975
630 126 112 28 28 2.173927
630 168 112 28 28 2.353755
630 224 133 28 28 2.052736
630 336 112 28 28 1.007527
630 343 112 28 28 5.638027
630 343 119 28 28 0.719780
630 350 112 28 28 0.103351
630 6 18 24 24 0.673552
630 6 198 24 24 0.511082
630 12 198 24 24 3.807244
630 18 192 24 24 0.632535
630 18 198 24 24 4.749573
630 192 114 24 24 0.487429
630 198 108 24 24 1.531211
630 198 114 24 24 3.209294
630 204 114 24 24 1.198472
630 498 210 24 24 1.254717
660 32 48 64 64 1.507345
660 48 32 64 64 2.116256
660 48 48 64 64 2.978589
660 272 16 64 64 1.484198
660 272 32 64 64 4.488823
660 288 0 64 64 3.042456
660 288 16 64 64 2.788065
660 288 32 64 64 2.760411
660 352 32 64 64 3.871286
660 396 36 48 48 0.796137
660 408 36 48 48 0.406912
660 396 36 48 48 0.796137
660 408 36 48 48 0.406912
660 0 140 40 40 2.555350
660 0 144 36 36 1.495367
660 0 153 36 36 2.664228
660 9 144 36 36 3.379056
660 9 153 36 36 0.743532
660 18 144 36 36 2.482447
660 198 126 36 36 4.259861
660 432 126 36 36 1.491974
660 432 144 36 36 0.648664
660 441 126 36 36 1.750424
660 450 126 36 36 3.074749
660 450 144 36 36 0.224580
660 459 126 36 36 5.809858
660 459 144 36 36 1.747834
660 192 112 32 32 4.150364
660 192 128 32 32 0.063341
660 192 136 32 32 0.417968
660 256 8 32 32 0.804375
660 21 133 28 28 0.147822
660 154 98 28 28 3.207347
660 154 112 28 28 3.628793
660 231 14 28 28 0.724872
660 231 21 28 28 3.851232
660 238 21 28 28 1.687707
660 343 126 28 28 1.086206
660 343 133 28 28 5.159129
660 350 112 28 28 0.577977
660 350 119 28 28 2.152037
660 350 126 28 28 3.643624
660 350 133 28 28 7.942480
660 357 133 28 28 2.707015
660 448 98 28 28 1.720598
660 96 84 24 24 0.546909
660 144 108 24 24 2.350642
660 192 102 24 24 0.086336
660 210 114 24 24 2.163567
690 16 48 64 64 0.770620
690 32 0 64 64 4.594605
690 48 0 64 64 3.146179
690 288 0 64 64 4.069687
690 192 36 48 48 2.999515
690 204 36 48 48 1.103194
690 396 36 48 48 2.926869
690 408 36 48 48 2.009843
690 420 36 48 48 3.600401
690 192 36 48 48 2.999515
690 204 36 48 48 1.103194
690 396 36 48 48 2.926869
690 408 36 48 48 2.009843
690 420 36 48 48 3.600401
690 0 140 40 40 3.345386
690 160 140 40 40 1.827469
690 0 144 36 36 2.377907
690 0 153 36 36 2.181599
690 9 144 36 36 1.650384
690 9 153 36 36 2.115924
690 162 126 36 36 2.125091
690 162 144 36 36 3.077702
690 162 153 36 36 1.082901
690 8 152 32 32 1.254055
690 176 136 32 32 3.039678
690 176 144 32 32 4.967463
690 176 152 32 32 2.572005
690 280 0 32 32 2.465268
690 392 16 32 32 0.142010
690 392 24 32 32 0.998251
690 112 112 28 28 0.327573
690 224 7 28 28 2.456914
690 224 14 28 28 3.723764
690 238 14 28 28 1.798209
690 245 14 28 28 2.317313
690 350 98 28 28 0.707411
690 448 112 28 28 2.238054
690 455 98 28 28 0.112488
690 455 112 28 28 5.868490
690 455 119 28 28 1.664218
690 462 112 28 28 5.163435
690 462 119 28 28 2.729030
690 144 96 24 24 2.178683
690 144 102 24 24 2.048083
690 192 12 24 24 0.461968
690 384 114 24 24 1.218911
690 390 114 24 24 3.017052
690 396 114 24 24 1.759815
720 32 16 64 64 4.314484
720 32 32 64 64 1.350284
720 288 0 64 64 4.780304
720 420 36 48 48 0.274843
720 420 36 48 48 0.274843
720 374 0 44 44 1.657968
720 240 140 40 40 3.243473
720 320 30 40 40 0.070224
720 340 0 40 40 1.669229
720 340 10 40 40 0.035752
720 340 30 40 40 0.154360
720 256 136 32 32 10.403235
720 256 144 32 32 13.539026
720 256 152 32 32 6.053302
720 264 136 32 32 3.782092
720 264 144 32 32 7.738835
720 264 152 32 32 3.169330
720 272 16 32 32 1.065939
720 384 8 32 32 1.025625
720 400 16 32 32 0.940746
720 14 98 28 28 1.796645
720 231 7 28 28 1.062755
720 238 0 28 28 0.215758
720 245 0 28 28 1.256994
720 336 112 28 28 0.247698
720 343 98 28 28 3.560661
720 350 98 28 28 1.565989
720 12 114 24 24 1.013376
720 96 102 24 24 0.030949
720 96 108 24 24 2.158160
720 102 96 24 24 0.010364
720 132 198 24 24 3.358664
720 132 204 24 24 3.875880
720 132 210 24 24 3.798970
720 210 6 24 24 2.195444
720 210 12 24 24 0.958005
720 288 18 24 24 1.225110
720 294 12 24 24 4.949597
720 294 18 24 24 9.240976
720 300 12 24 24 2.915016
720 300 18 24 24 6.370324
720 384 108 24 24 3.456745
720 384 114 24 24 6.975215
720 390 108 24 24 2.120863
720 390 114 24 24 5.265144
720 396 108 24 24 2.674642
720 396 114 24 24 7.969637
720 402 108 24 24 3.782898
720 402 114 24 24 9.024687
750 256 16 64 64 1.973186
750 256 32 64 64 2.367583
750 272 16 64 64 1.484012
750 272 32 64 64 0.398902
750 288 16 64 64 0.423730
750 352 11 44 44 3.561790
750 352 22 44 44 3.306715
750 160 140 40 40 2.761743
750 170 140 40 40 7.506863
750 180 140 40 40 5.428931
750 330 20 40 40 1.645441
750 330 30 40 40 3.527910
750 340 20 40 40 2.066064
750 340 30 40 40 7.116889
750 350 20 40 40 4.909936
750 350 30 40 40 8.116475
750 0 256 32 32 5.172986
750 0 264 32 32 2.093585
750 176 144 32 32 8.279010
750 176 152 32 32 7.339919
750 192 136 32 32 3.100842
750 192 144 32 32 11.578980
750 192 152 32 32 9.235991
750 384 0 32 32 0.449991
750 392 0 32 32 0.288454
750 408 0 32 32 2.045208
750 0 245 28 28 0.835804
750 336 21 28 28 0.370780
750 336 133 28 28 2.251552
750 343 21 28 28 3.126103
750 343 126 28 28 1.214061
750 343 133 28 28 0.695619
750 350 21 28 28 1.726700
750 0 96 24 24 3.783847
750 0 102 24 24 2.930413
750 0 288 24 24 2.596344
750 0 294 24 24 0.643916
750 6 96 24 24 1.005689
750 6 288 24 24 2.325113
750 6 294 24 24 0.700885
750 12 288 24 24 2.949629
750 96 0 24 24 0.993460
750 108 210 24 24 0.383303
750 132 6 24 24 1.369093
750 204 0 24 24 7.230280
750 204 6 24 24 4.715596
750 210 0 24 24 4.149030
750 210 6 24 24 2.866007
750 288 0 24 24 1.653354
750 288 6 24 24 9.228132
750 294 0 24 24 5.418831
750 294 6 24 24 10.137094
750 300 0 24 24 0.380166
750 300 6 24 24 1.852633
750 384 84 24 24 2.235418
750 390 84 24 24 5.723262
750 396 84 24 24 7.418921
750 402 84 24 24 5.252182
780 256 0 64 64 0.740146
780 272 0 64 64 1.961640
780 288 0 64 64 1.283332
780 288 36 48 48 2.387745
780 288 36 48 48 2.387745
780 0 176 44 44 3.213877
780 0 187 44 44 3.526814
780 0 198 44 44 2.435574
780 11 198 44 44 0.336765
780 352 11 44 44 1.072388
780 352 33 44 44 0.182252
780 363 33 44 44 0.816994
780 0 190 40 40 4.417272
780 10 180 40 40 0.585278
780 10 190 40 40 5.001007
780 350 10 40 40 1.197718
780 350 20 40 40 0.032734
780 21 238 28 28 0.570347
780 21 245 28 28 0.794277
780 168 112 28 28 3.034868
780 168 119 28 28 0.307581
780 336 98 28 28 1.439919
780 343 21 28 28 0.696753
780 343 98 28 28 4.558699
780 343 112 28 28 0.332002
780 350 7 28 28 2.260319
780 350 14 28 28 1.916395
780 350 21 28 28 3.826938
780 350 98 28 28 4.536717
780 357 7 28 28 0.023389
780 357 14 28 28 3.799386
780 357 21 28 28 4.998056
780 357 98 28 28 3.752403
780 462 98 28 28 0.500151
780 0 192 24 24 1.373576
780 6 192 24 24 0.569415
780 96 192 24 24 3.243629
780 96 198 24 24 4.449399
780 102 192 24 24 4.239351
780 102 198 24 24 3.042486
780 108 192 24 24 4.519081
780 108 198 24 24 0.566386
780 288 0 24 24 2.963711
780 294 0 24 24 0.989015
780 384 108 24 24 2.634554
810 0 0 64 64 1.186080
810 48 16 64 64 2.110815
810 256 16 64 64 1.963872
810 272 16 64 64 0.833332
810 288 32 64 64 1.598266
810 24 24 48 48 1.068427
810 24 24 48 48 1.068427
810 22 33 44 44 0.797741
810 33 33 44 44 0.603214
810 352 0 44 44 1.652632
810 352 11 44 44 1.057291
810 352 22 44 44 2.097161
810 352 33 44 44 3.715850
810 363 11 44 44 1.576310
810 363 22 44 44 3.391971
810 363 33 44 44 4.891481
810 350 0 40 40 0.356459
810 350 10 40 40 0.361840
810 136 112 32 32 2.339814
810 144 112 32 32 4.084801
810 384 152 32 32 0.222677
810 0 224 28 28 2.609721
810 0 231 28 28 1.008991
810 154 112 28 28 2.142199
810 154 119 28 28 4.484332
810 154 126 28 28 4.724807
810 154 133 28 28 1.240955
810 168 112 28 28 3.116652
810 168 119 28 28 4.008323
810 336 0 28 28 2.863341
810 336 7 28 28 1.408064
810 336 98 28 28 2.967936
810 336 126 28 28 0.636758
810 336 133 28 28 1.210184
810 343 0 28 28 2.093352
810 343 7 28 28 0.875159
810 343 98 28 28 4.848861
810 350 0 28 28 5.112217
810 350 7 28 28 4.387199
810 350 98 28 28 1.368872
810 357 7 28 28 6.648238
810 357 14 28 28 1.445307
810 357 98 28 28 0.800768
810 384 96 24 24 2.047188
810 384 102 24 24 7.124196
810 384 108 24 24 7.751916
810 390 96 24 24 2.234930
810 390 102 24 24 4.755966
810 396 96 24 24 2.881470
810 396 102 24 24 1.897669
810 402 96 24 24 2.286228
810 480 96 24 24 3.844883
810 480 102 24 24 1.943784
810 486 96 24 24 0.675240
840 0 0 64 64 5.720440
840 0 16 64 64 1.712618
840 16 0 64 64 3.080815
840 32 0 64 64 0.775403
840 32 16 64 64 2.474351
840 48 0 64 64 0.958386
840 48 16 64 64 4.613966
840 48 32 64 64 0.522996
840 256 0 64 64 6.515100
840 272 0 64 64 6.462868
840 272 16 64 64 0.152286
840 288 0 64 64 7.459325
840 288 16 64 64 0.553013
840 0 36 48 48 2.133235
840 12 36 48 48 3.515759
840 24 36 48 48 2.191761
840 36 36 48 48 0.303524
840 0 36 48 48 2.133235
840 12 36 48 48 3.515759
840 24 36 48 48 2.191761
840 36 36 48 48 0.303524
840 363 0 44 44 0.012263
840 374 22 44 44 0.294422
840 374 33 44 44 0.261953
840 27 18 36 36 0.329696
840 144 112 32 32 3.292579
840 154 119 28 28 2.681926
840 154 126 28 28 0.540260
840 336 0 28 28 7.011405
840 336 112 28 28 1.965001
840 343 0 28 28 8.227948
840 343 98 28 28 3.372311
840 343 112 28 28 1.856324
840 350 0 28 28 7.808708
840 350 98 28 28 2.645291
840 357 0 28 28 10.370383
840 210 114 24 24 0.618088
840 300 114 24 24 1.459309
840 384 108 24 24 2.397946
840 492 96 24 24 0.212800
840 498 96 24 24 0.631691
840 498 102 24 24 1.138832
870 0 0 64 64 4.717772
870 48 0 64 64 1.468899
870 48 16 64 64 3.450864
870 256 0 64 64 4.081631
870 272 0 64 64 7.073601
870 288 0 64 64 8.722434
870 0 36 48 48 0.393594
870 12 24 48 48 0.063344
870 24 36 48 48 0.669876
870 36 36 48 48 0.205859
870 0 36 48 48 0.393594
870 12 24 48 48 0.063344
870 24 36 48 48 0.669876
870 36 36 48 48 0.205859
870 374 0 44 44 1.539621
870 385 11 44 44 0.195176
870 136 112 32 32 1.324830
870 144 112 32 32 2.163739
870 384 24 32 32 0.183543
870 392 24 32 32 0.971543
870 154 112 28 28 4.521227
870 154 119 28 28 5.155855
870 154 126 28 28 1.812062
870 224 112 28 28 2.630677
870 224 119 28 28 2.528215
870 231 112 28 28 1.546630
870 231 119 28 28 1.773430
870 238 112 28 28 1.496712
870 336 112 28 28 1.952037
870 343 98 28 28 1.757694
870 343 112 28 28 3.529959
870 350 98 28 28 3.435778
870 210 102 24 24 1.135584
870 384 12 24 24 0.431328
870 384 18 24 24 1.908161
870 390 12 24 24 0.165319
870 390 18 24 24 1.192663
900 0 0 64 64 1.275314
900 32 0 64 64 0.963849
900 48 0 64 64 5.500522
900 48 16 64 64 3.469669
900 272 0 64 64 2.693328
900 288 0 64 64 5.380647
900 352 0 64 64 1.399252
900 384 24 48 48 0.442264
900 384 36 48 48 0.317511
900 396 36 48 48 0.181215
900 384 24 48 48 0.442264
900 384 36 48 48 0.317511
900 396 36 48 48 0.181215
900 385 0 44 44 1.719450
900 385 11 44 44 3.906382
900 8 16 32 32 0.765092
900 136 112 32 32 1.253200
900 126 14 28 28 0.135293
900 126 98 28 28 1.132771
900 154 112 28 28 3.443740
900 343 98 28 28 2.493251
900 350 98 28 28 0.845954
900 144 108 24 24 0.956739
900 144 114 24 24 1.790569
900 210 96 24 24 1.075418
900 210 114 24 24 0.775877
900 384 6 24 24 2.954390
900 384 12 24 24 1.484622
900 384 108 24 24 0.074292
900 384 114 24 24 3.225682
900 390 6 24 24 2.529305
900 390 12 24 24 2.592364
900 390 108 24 24 0.994305
900 390 114 24 24 3.505628
900 396 6 24 24 0.179482
900 396 12 24 24 0.529403
900 396 114 24 24 0.339546
930 0 0 64 64 0.823765
930 32 0 64 64 0.988319
930 48 0 64 64 4.996796
930 48 16 64 64 3.265033
930 288 0 64 64 0.786106
930 384 36 48 48 0.831350
930 396 36 48 48 0.442484
930 384 36 48 48 0.831350
930 396 36 48 48 0.442484
930 385 0 44 44 1.077997
930 385 11 44 44 1.545843
930 384 0 32 32 2.353587
930 384 8 32 32 2.765933
930 408 24 32 32 1.031582
930 14 112 28 28 0.092583
930 14 119 28 28 0.771257
930 21 112 28 28 2.613938
930 21 119 28 28 1.358917
930 126 98 28 28 0.344539
930 154 112 28 28 3.821486
930 343 98 28 28 0.135949
930 144 114 24 24 2.746548
930 210 108 24 24 0.023815
930 384 0 24 24 1.261133
930 384 6 24 24 4.772495
930 384 12 24 24 1.799714
930 390 0 24 24 0.003816
930 390 6 24 24 2.630883
930 390 12 24 24 1.340258
930 396 6 24 24 2.635495
930 396 12 24 24 0.751873
960 0 0 64 64 0.834677
960 32 0 64 64 0.888352
960 48 0 64 64 4.823939
960 48 16 64 64 3.130277
960 288 0 64 64 1.068971
960 352 0 64 64 1.259039
960 384 36 48 48 0.775341
960 396 36 48 48 1.523135
960 384 36 48 48 0.775341
960 396 36 48 48 1.523135
960 385 0 44 44 1.240144
960 385 11 44 44 1.740288
960 0 16 32 32 0.014596
960 8 16 32 32 0.101049
960 136 112 32 32 0.694067
960 384 0 32 32 2.231443
960 384 8 32 32 3.090055
960 408 24 32 32 1.186952
960 21 112 28 28 0.788463
960 154 112 28 28 4.119023
960 343 98 28 28 1.287768
960 144 114 24 24 2.584628
960 204 102 24 24 0.210152
960 384 0 24 24 1.499761
960 384 6 24 24 4.747780
960 384 12 24 24 2.182224
960 390 0 24 24 0.542091
960 390 6 24 24 2.667883
960 390 12 24 24 1.671091
960 396 6 24 24 2.605875
960 396 12 24 24 0.982995
990 0 0 64 64 0.055439
990 32 0 64 64 1.008892
990 48 0 64 64 5.352111
990 48 16 64 64 3.422573
990 272 0 64 64 0.548877
990 288 0 64 64 2.666249
990 352 0 64 64 2.322348
990 384 0 48 48 3.177376
990 384 12 48 48 4.024488
990 396 12 48 48 1.880100
990 384 0 48 48 3.177376
990 384 12 48 48 4.024488
990 396 12 48 48 1.880100
990 352 22 44 44 1.928436
990 385 0 44 44 1.329341
990 385 11 44 44 4.646723
990 385 22 44 44 3.003429
990 350 30 40 40 0.631276
990 136 112 32 32 0.716381
990 384 0 32 32 1.921344
990 384 8 32 32 2.718513
990 408 24 32 32 1.430521
990 0 112 28 28 6.878861
990 0 119 28 28 3.370136
990 7 112 28 28 0.769797
990 14 112 28 28 1.647481
990 21 112 28 28 0.495765
990 126 98 28 28 0.434256
990 154 112 28 28 3.735612
990 343 98 28 28 2.286106
990 350 98 28 28 1.566880
990 144 114 24 24 1.786443
990 204 102 24 24 0.011351
990 210 108 24 24 0.111645
990 384 0 24 24 1.688348
990 384 6 24 24 4.546801
990 384 12 24 24 1.298204
990 390 0 24 24 0.726278
990 390 6 24 24 2.862833
990 390 12 24 24 1.053524
990 396 6 24 24 2.780556
990 396 12 24 24 0.435597
990 396 96 24 24 0.293473
1020 288 0 64 64 0.240187
1020 352 0 64 64 0.650787
1020 384 24 48 48 1.526688
1020 384 36 48 48 3.095026
1020 396 24 48 48 1.067342
1020 396 36 48 48 3.430520
1020 384 24 48 48 1.526688
1020 384 36 48 48 3.095026
1020 396 24 48 48 1.067342
1020 396 36 48 48 3.430520
1020 27 126 36 36 0.696504
1020 0 112 32 32 5.075985
1020 8 112 32 32 5.415237
1020 16 112 32 32 1.678554
1020 384 0 32 32 1.882677
1020 384 8 32 32 2.992567
1020 408 24 32 32 0.215635
1020 0 119 28 28 0.692521
1020 7 112 28 28 7.227828
1020 7 119 28 28 7.956604
1020 7 126 28 28 2.974131
1020 14 112 28 28 9.264823
1020 14 119 28 28 7.816428
1020 14 126 28 28 4.135428
1020 21 112 28 28 5.917925
1020 21 119 28 28 5.012237
1020 21 126 28 28 2.106353
1020 343 98 28 28 1.992006
1020 343 112 28 28 2.043051
1020 350 112 28 28 0.264696
1020 448 98 28 28 1.956565
1020 448 112 28 28 0.944120
1020 96 192 24 24 1.763277
1020 102 192 24 24 2.303242
1020 294 102 24 24 2.865160
1020 300 102 24 24 1.652804
1020 306 102 24 24 1.161261
1020 384 0 24 24 1.362993
1020 384 6 24 24 5.516498
1020 384 12 24 24 1.884864
1020 390 0 24 24 0.425673
1020 390 6 24 24 3.290737
1020 390 12 24 24 1.902687
1020 396 6 24 24 2.908353
1020 396 12 24 24 1.223277
1050 0 0 64 64 0.031469
1050 32 0 64 64 0.668169
1050 48 0 64 64 4.848933
1050 48 16 64 64 3.511635
1050 272 0 64 64 0.638038
1050 288 0 64 64 1.638965
1050 352 0 64 64 0.191820
1050 384 24 48 48 1.375097
1050 384 36 48 48 2.719796
1050 396 24 48 48 0.824656
1050 396 36 48 48 3.382753
1050 384 24 48 48 1.375097
1050 384 36 48 48 2.719796
1050 396 24 48 48 0.824656
1050 396 36 48 48 3.382753
1050 136 112 32 32 0.972015
1050 384 0 32 32 1.476274
1050 384 8 32 32 2.934930
1050 14 112 28 28 1.944731
1050 14 119 28 28 1.377948
1050 21 112 28 28 4.281307
1050 21 119 28 28 3.101948
1050 154 112 28 28 3.728960
1050 343 98 28 28 0.876598
1050 343 112 28 28 0.566908
1050 448 98 28 28 2.124164
1050 448 112 28 28 0.505578
1050 144 114 24 24 1.357332
1050 384 0 24 24 1.419571
1050 384 6 24 24 5.217585
1050 384 12 24 24 1.901807
1050 390 6 24 24 2.875986
1050 390 12 24 24 1.815350
1050 396 6 24 24 2.532459
1050 396 12 24 24 1.076259
1080 48 32 64 64 3.171375
1080 272 0 64 64 0.854588
1080 288 0 64 64 1.893751
1080 384 24 48 48 0.910881
1080 384 36 48 48 1.930292
1080 396 24 48 48 0.383411
1080 396 36 48 48 2.905138
1080 384 24 48 48 0.910881
1080 384 36 48 48 1.930292
1080 396 24 48 48 0.383411
1080 396 36 48 48 2.905138
1080 0 144 36 36 1.658588
1080 144 144 36 36 1.003471
1080 144 153 36 36 0.244659
1080 153 144 36 36 2.675030
1080 162 144 36 36 0.813752
1080 0 144 32 32 0.219188
1080 0 152 32 32 5.165475
1080 8 152 32 32 1.798928
1080 144 144 32 32 0.322180
1080 144 152 32 32 0.174971
1080 384 0 32 32 1.860525
1080 384 8 32 32 3.454390
1080 408 24 32 32 0.187101
1080 126 98 28 28 3.449283
1080 343 98 28 28 1.431805
1080 343 112 28 28 0.714136
1080 350 98 28 28 0.168841
1080 448 98 28 28 3.302670
1080 448 112 28 28 1.994209
1080 0 192 24 24 1.367588
1080 6 192 24 24 2.267469
1080 132 108 24 24 2.222882
1080 144 108 24 24 2.323270
1080 144 114 24 24 1.394935
1080 384 0 24 24 1.138172
1080 384 6 24 24 5.489224
1080 384 12 24 24 1.793473
1080 390 6 24 24 3.118347
1080 390 12 24 24 2.022944
1080 396 6 24 24 2.777745
1080 396 12 24 24 1.242723
1110 288 0 64 64 0.895330
1110 384 12 48 48 0.477675
1110 384 24 48 48 0.327100
1110 384 36 48 48 0.594293
1110 396 36 48 48 2.424679
1110 384 12 48 48 0.477675
1110 384 24 48 48 0.327100
1110 384 36 48 48 0.594293
1110 396 36 48 48 2.424679
1110 33 154 44 44 0.100716
1110 385 11 44 44 0.987608
1110 0 140 40 40 4.693587
1110 0 160 40 40 0.892716
1110 0 170 40 40 1.274935
1110 0 180 40 40 0.258845
1110 10 140 40 40 2.077507
1110 10 180 40 40 0.309442
1110 20 140 40 40 2.584145
1110 30 160 40 40 1.870200
1110 0 153 36 36 1.377889
1110 0 162 36 36 3.081477
1110 0 171 36 36 1.608067
1110 9 153 36 36 2.806192
1110 9 162 36 36 3.769277
1110 9 171 36 36 0.718568
1110 18 153 36 36 2.876729
1110 18 162 36 36 1.881756
1110 27 153 36 36 3.723918
1110 27 162 36 36 2.484093
1110 306 153 36 36 0.110482
1110 384 0 32 32 1.797423
1110 384 8 32 32 3.371659
1110 408 24 32 32 0.144434
1110 343 98 28 28 2.142164
1110 343 112 28 28 0.897040
1110 350 98 28 28 0.863780
1110 448 98 28 28 1.799066
1110 0 198 24 24 1.012119
1110 132 18 24 24 0.475035
1110 210 96 24 24 0.835285
1110 288 192 24 24 0.478252
1110 384 0 24 24 1.122820
1110 384 6 24 24 5.084472
1110 384 12 24 24 1.683382
1110 390 6 24 24 2.876071
1110 390 12 24 24 2.019258
1110 396 6 24 24 2.577586
1110 396 12 24 24 1.020310
1140 32 0 64 64 0.518255
1140 48 0 64 64 4.824464
1140 48 16 64 64 3.654884
1140 272 0 64 64 0.701470
1140 288 0 64 64 1.451495
1140 352 0 64 64 1.003365
1140 384 24 48 48 0.334601
1140 384 36 48 48 1.325059
1140 396 36 48 48 2.559999
1140 384 24 48 48 0.334601
1140 384 36 48 48 1.325059
1140 396 36 48 48 2.559999
1140 385 11 44 44 0.451070
1140 16 112 32 32 0.026051
1140 136 112 32 32 1.373597
1140 384 0 32 32 1.781676
1140 384 8 32 32 3.100585
1140 408 24 32 32 0.238031
1140 14 112 28 28 1.227157
1140 21 112 28 28 3.125983
1140 21 119 28 28 1.801228
1140 154 112 28 28 3.991480
1140 343 98 28 28 1.983376
1140 343 112 28 28 0.586040
1140 350 98 28 28 0.153416
1140 144 114 24 24 1.593509
1140 384 0 24 24 1.509394
1140 384 6 24 24 5.604419
1140 384 12 24 24 1.891108
1140 390 0 24 24 0.054979
1140 390 6 24 24 2.926287
1140 390 12 24 24 2.081726
1140 396 6 24 24 2.694859
1140 396 12 24 24 1.152214
1170 0 0 64 64 0.356165
1170 32 0 64 64 0.512351
1170 48 0 64 64 4.712916
1170 48 16 64 64 2.990174
1170 272 0 64 64 0.641848
1170 288 0 64 64 1.661654
1170 352 0 64 64 0.990605
1170 384 36 48 48 0.717739
1170 396 36 48 48 2.071492
1170 384 36 48 48 0.717739
1170 396 36 48 48 2.071492
1170 385 0 44 44 0.405070
1170 385 11 44 44 0.496216
1170 136 112 32 32 1.417199
1170 384 0 32 32 2.014242
1170 384 8 32 32 3.273078
1170 408 24 32 32 0.550674
1170 21 112 28 28 3.219663
1170 21 119 28 28 2.651932
1170 154 112 28 28 4.150846
1170 343 98 28 28 1.678887
1170 343 112 28 28 1.034592
1170 350 98 28 28 0.251892
1170 144 114 24 24 1.837242
1170 384 0 24 24 1.138775
1170 384 6 24 24 5.207314
1170 384 12 24 24 1.648116
1170 390 0 24 24 0.182230
1170 390 6 24 24 3.379612
1170 390 12 24 24 1.995934
1170 396 6 24 24 2.921630
1170 396 12 24 24 1.074781
1200 0 0 64 64 0.501908
1200 32 0 64 64 0.403960
1200 48 0 64 64 4.845577
1200 48 16 64 64 2.711472
1200 288 0 64 64 0.965993
1200 352 0 64 64 1.575072
1200 384 24 48 48 0.040822
1200 384 36 48 48 1.617445
1200 396 36 48 48 2.371897
1200 384 24 48 48 0.040822
1200 384 36 48 48 1.617445
1200 396 36 48 48 2.371897
1200 385 0 44 44 1.426217
1200 385 11 44 44 1.691232
1200 136 112 32 32 1.191780
1200 384 0 32 32 1.841468
1200 384 8 32 32 2.828680
1200 408 24 32 32 1.338543
1200 21 112 28 28 0.032581
1200 154 112 28 28 3.589227
1200 343 98 28 28 1.974019
1200 132 18 24 24 0.181048
1200 144 114 24 24 2.133803
1200 384 0 24 24 1.327127
1200 384 6 24 24 4.059952
1200 384 12 24 24 1.618900
1200 390 0 24 24 0.295247
1200 390 6 24 24 2.415338
1200 390 12 24 24 1.132393
1200 396 6 24 24 2.309921
1200 396 12 24 24 0.403564
1230 0 0 64 64 0.801503
1230 32 0 64 64 0.655567
1230 48 0 64 64 4.738115
1230 48 16 64 64 3.197170
1230 272 0 64 64 0.384197
1230 288 0 64 64 1.637950
1230 352 0 64 64 0.697941
1230 384 36 48 48 0.956168
1230 396 36 48 48 2.207534
1230 384 36 48 48 0.956168
1230 396 36 48 48 2.207534
1230 385 0 44 44 1.109517
1230 385 11 44 44 1.724694
1230 136 112 32 32 2.239712
1230 144 112 32 32 0.203251
1230 384 0 32 32 1.974265
1230 384 8 32 32 2.633603
1230 408 24 32 32 0.228754
1230 14 112 28 28 0.745549
1230 154 112 28 28 4.256716
1230 343 98 28 28 1.120595
1230 343 112 28 28 1.208428
1230 144 114 24 24 2.363338
1230 384 0 24 24 0.967289
1230 384 6 24 24 5.493613
1230 384 12 24 24 2.234848
1230 390 6 24 24 3.358011
1230 390 12 24 24 2.148193
1230 396 6 24 24 3.023205
1230 396 12 24 24 1.583425
1260 32 0 64 64 0.178600
1260 32 16 64 64 3.384630
1260 48 0 64 64 2.342780
1260 48 16 64 64 4.369933
1260 272 0 64 64 0.445026
1260 288 0 64 64 1.495520
1260 352 0 64 64 0.573825
1260 384 36 48 48 0.890761
1260 396 36 48 48 1.863895
1260 384 36 48 48 0.890761
1260 396 36 48 48 1.863895
1260 385 0 44 44 1.234636
1260 385 11 44 44 1.294263
1260 384 0 32 32 2.060356
1260 384 8 32 32 3.121958
1260 408 24 32 32 0.676217
1260 14 112 28 28 1.282033
1260 21 112 28 28 0.547747
1260 343 98 28 28 1.142572
1260 343 112 28 28 1.365035
1260 384 0 24 24 1.305445
1260 384 6 24 24 5.129016
1260 384 12 24 24 2.299778
1260 390 0 24 24 0.068717
1260 390 6 24 24 2.923425
1260 390 12 24 24 1.970119
1260 396 6 24 24 2.756034
1260 396 12 24 24 1.231819
1290 48 32 64 64 3.546916
1290 48 48 64 64 4.589743
1290 272 0 64 64 0.208468
1290 288 0 64 64 1.409042
1290 352 0 64 64 0.631961
1290 384 36 48 48 1.031790
1290 396 36 48 48 2.082144
1290 384 36 48 48 1.031790
1290 396 36 48 48 2.082144
1290 385 0 44 44 1.528618
1290 385 11 44 44 1.838956
1290 0 140 40 40 2.284179
1290 30 0 40 40 0.144464
1290 160 140 40 40 0.936345
1290 0 9 36 36 1.367222
1290 0 18 36 36 2.093009
1290 0 27 36 36 2.690926
1290 0 144 36 36 2.999061
1290 0 153 36 36 2.164532
1290 9 144 36 36 0.761129
1290 9 153 36 36 1.790596
1290 18 153 36 36 0.158557
1290 144 144 36 36 2.598388
1290 144 153 36 36 0.002217
1290 144 162 36 36 0.486247
1290 153 144 36 36 3.290386
1290 153 153 36 36 2.610535
1290 162 144 36 36 2.438517
1290 162 153 36 36 1.555993
1290 0 16 32 32 0.238379
1290 0 152 32 32 1.177400
1290 8 24 32 32 1.609359
1290 8 152 32 32 1.872930
1290 128 152 32 32 2.886463
1290 136 152 32 32 2.218134
1290 144 152 32 32 1.951328
1290 384 0 32 32 2.273603
1290 384 8 32 32 3.082206
1290 408 24 32 32 0.597897
1290 119 98 28 28 1.811080
1290 126 98 28 28 3.209756
1290 343 98 28 28 1.777813
1290 343 112 28 28 0.672514
1290 350 98 28 28 0.268145
1290 0 192 24 24 0.951801
1290 6 192 24 24 0.294221
1290 132 102 24 24 2.197035
1290 132 108 24 24 1.865759
1290 144 102 24 24 0.064985
1290 144 108 24 24 2.244425
1290 198 96 24 24 0.354360
1290 198 102 24 24 2.244539
1290 204 96 24 24 1.707911
1290 204 102 24 24 4.247964
1290 210 96 24 24 0.635286
1290 210 102 24 24 0.845905
1290 384 0 24 24 1.294048
1290 384 6 24 24 4.924388
1290 384 12 24 24 2.060332
1290 390 0 24 24 0.236150
1290 390 6 24 24 2.717262
1290 390 12 24 24 1.773566
1290 396 6 24 24 2.581144
1290 396 12 24 24 0.786689
1320 0 0 64 64 2.059643
1320 32 0 64 64 1.350248
1320 48 0 64 64 4.733924
1320 48 16 64 64 2.903042
1320 272 0 64 64 0.468312
1320 288 0 64 64 1.278846
1320 352 0 64 64 1.125237
1320 384 36 48 48 2.981725
1320 396 36 48 48 3.293350
1320 384 36 48 48 2.981725
1320 396 36 48 48 3.293350
1320 385 0 44 44 1.394257
1320 385 11 44 44 0.036926
1320 0 8 32 32 4.600142
1320 0 16 32 32 2.462914
1320 8 16 32 32 2.130961
1320 136 112 32 32 1.644335
1320 384 0 32 32 1.830254
1320 384 8 32 32 1.946931
1320 400 0 32 32 1.521800
1320 7 21 28 28 2.962566
1320 14 21 28 28 3.812510
1320 14 112 28 28 0.905377
1320 21 21 28 28 1.608039
1320 126 98 28 28 0.163269
1320 154 112 28 28 4.338870
1320 343 98 28 28 2.864640
1320 350 98 28 28 1.213890
1320 144 114 24 24 2.827764
1320 204 102 24 24 0.140090
1320 384 0 24 24 1.367913
1320 384 6 24 24 3.900314
1320 384 12 24 24 1.400203
1320 390 6 24 24 2.154993
1320 390 12 24 24 2.141860
1320 396 6 24 24 2.657344
1320 396 12 24 24 1.203048
1320 396 108 24 24 0.430695
1350 0 0 64 64 1.558745
1350 32 0 64 64 1.759668
1350 48 0 64 64 5.075890
1350 48 16 64 64 3.411405
1350 272 0 64 64 0.342972
1350 288 0 64 64 1.591270
1350 352 0 64 64 1.639948
1350 384 24 48 48 0.279395
1350 384 36 48 48 4.330162
1350 396 24 48 48 1.572865
1350 396 36 48 48 4.742888
1350 408 36 48 48 1.582518
1350 384 24 48 48 0.279395
1350 384 36 48 48 4.330162
1350 396 24 48 48 1.572865
1350 396 36 48 48 4.742888
1350 408 36 48 48 1.582518
1350 0 8 32 32 2.987027
1350 0 16 32 32 3.552415
1350 8 16 32 32 0.251475
1350 136 112 32 32 2.006071
1350 384 0 32 32 1.706067
1350 392 0 32 32 0.637313
1350 392 8 32 32 1.132588
1350 400 0 32 32 0.871300
1350 7 21 28 28 3.530610
1350 14 21 28 28 1.922504
1350 126 98 28 28 0.673788
1350 126 112 28 28 1.422236
1350 154 112 28 28 4.305247
1350 343 98 28 28 4.176863
1350 343 112 28 28 1.498713
1350 350 98 28 28 1.910454
1350 144 114 24 24 2.247993
1350 384 0 24 24 1.172246
1350 384 6 24 24 4.315751
1350 390 0 24 24 0.250417
1350 390 6 24 24 1.642750
1350 396 6 24 24 1.402012
1350 396 114 24 24 0.257325
1350 402 114 24 24 1.729306
1380 32 0 64 64 1.509247
1380 48 0 64 64 4.184932
1380 48 16 64 64 4.371918
1380 288 0 64 64 2.346498
1380 352 0 64 64 2.092073
1380 384 36 48 48 4.768946
1380 396 24 48 48 2.590260
1380 396 36 48 48 6.489761
1380 408 24 48 48 1.607649
1380 408 36 48 48 4.568298
1380 420 36 48 48 0.641693
1380 384 36 48 48 4.768946
1380 396 24 48 48 2.590260
1380 396 36 48 48 6.489761
1380 408 24 48 48 1.607649
1380 408 36 48 48 4.568298
1380 420 36 48 48 0.641693
1380 0 16 32 32 1.267701
1380 128 112 32 32 3.654108
1380 136 112 32 32 5.461867
1380 144 112 32 32 4.299716
1380 392 0 32 32 3.338186
1380 392 8 32 32 0.008308
1380 400 8 32 32 0.144816
1380 0 14 28 28 0.940777
1380 0 21 28 28 2.934846
1380 7 21 28 28 1.520523
1380 7 112 28 28 3.306091
1380 7 119 28 28 2.956746
1380 126 112 28 28 2.967153
1380 154 112 28 28 2.091236
1380 154 119 28 28 3.595103
1380 224 98 28 28 0.140650
1380 350 98 28 28 2.204492
1380 350 112 28 28 1.076689
1380 357 98 28 28 2.794878
1380 448 0 28 28 0.091990
1380 204 114 24 24 0.391316
1380 300 114 24 24 0.293758
1380 384 0 24 24 0.823789
1380 390 0 24 24 2.523015
1380 390 6 24 24 2.288898
1380 396 0 24 24 3.297585
1380 396 6 24 24 2.369332
1380 402 0 24 24 3.408293
1380 402 6 24 24 0.184013
1380 402 114 24 24 1.889424
1410 32 0 64 64 3.786386
1410 32 16 64 64 7.104804
1410 32 32 64 64 5.285854
1410 48 0 64 64 4.418789
1410 48 16 64 64 5.818300
1410 48 32 64 64 6.169817
1410 48 48 64 64 3.545956
1410 352 0 64 64 3.271461
1410 384 36 48 48 2.344689
1410 396 24 48 48 0.902821
1410 396 36 48 48 5.358332
1410 408 24 48 48 3.608052
1410 408 36 48 48 8.793862
1410 420 24 48 48 2.304863
1410 420 36 48 48 8.267417
1410 384 36 48 48 2.344689
1410 396 24 48 48 0.902821
1410 396 36 48 48 5.358332
1410 408 24 48 48 3.608052
1410 408 36 48 48 8.793862
1410 420 24 48 48 2.304863
1410 420 36 48 48 8.267417
1410 27 0 36 36 1.605161
1410 24 8 32 32 0.067595
1410 128 112 32 32 6.146126
1410 136 112 32 32 3.896609
1410 0 14 28 28 0.237038
1410 112 119 28 28 0.182070
1410 112 126 28 28 2.253377
1410 119 112 28 28 3.095120
1410 119 119 28 28 2.919844
1410 119 126 28 28 3.100793
1410 119 133 28 28 1.183936
1410 126 112 28 28 3.285347
1410 126 119 28 28 3.409901
1410 126 126 28 28 1.789913
1410 126 133 28 28 1.655266
1410 343 98 28 28 1.163489
1410 350 98 28 28 2.320620
1410 357 98 28 28 1.968145
1410 448 98 28 28 1.275676
1410 448 112 28 28 2.527632
1410 455 98 28 28 1.461603
1410 455 112 28 28 4.518270
1410 455 119 28 28 1.918679
1410 455 126 28 28 0.209285
1410 462 112 28 28 1.226068
1410 18 18 24 24 0.110168
1410 144 108 24 24 0.296914
1410 144 114 24 24 1.279226
1440 16 16 64 64 4.886209
1440 16 32 64 64 4.164028
1440 32 0 64 64 1.209278
1440 32 16 64 64 3.825289
1440 32 32 64 64 5.699608
1440 32 48 64 64 3.774950
1440 48 16 64 64 2.649916
1440 48 32 64 64 2.980597
1440 48 48 64 64 1.509542
1440 0 8 32 32 3.352610
1440 0 16 32 32 2.841421
1440 8 8 32 32 1.433231
1440 8 16 32 32 2.250889
1440 16 8 32 32 1.695111
1440 16 16 32 32 2.670942
1440 24 16 32 32 0.358772
1440 0 14 28 28 1.688266
1440 0 21 28 28 1.831923
1440 7 14 28 28 3.931438
1440 7 21 28 28 6.413092
1440 14 14 28 28 3.208120
1440 14 21 28 28 6.178276
1440 21 14 28 28 0.905494
1440 21 21 28 28 4.314990
1440 112 112 28 28 1.549566
1440 112 119 28 28 4.237213
1440 112 126 28 28 5.180441
1440 112 133 28 28 6.862601
1440 119 112 28 28 0.313480
1440 119 119 28 28 2.210861
1440 119 126 28 28 4.969478
1440 119 133 28 28 6.754225
1440 126 112 28 28 1.308225
1440 126 119 28 28 1.557534
1440 126 126 28 28 4.272152
1440 126 133 28 28 4.875093
1440 343 119 28 28 0.072147
1440 132 114 24 24 0.073609
1440 192 114 24 24 2.029788
1440 198 114 24 24 1.436944
1440 480 0 24 24 0.016818
1440 486 0 24 24 2.251496
1440 492 0 24 24 0.765072
1440 492 6 24 24 1.294805
1470 0 32 64 64 0.071517
1470 16 16 64 64 0.152260
1470 16 32 64 64 1.479145
1470 32 0 64 64 0.042815
1470 48 0 64 64 1.071413
1470 0 9 36 36 1.413357
1470 0 8 32 32 0.127379
1470 0 16 32 32 0.456034
1470 0 144 32 32 1.269917
1470 8 16 32 32 0.071567
1470 24 144 32 32 0.402253
1470 272 112 32 32 1.103576
1470 280 112 32 32 3.946230
1470 0 21 28 28 1.900995
1470 7 21 28 28 0.130204
1470 14 14 28 28 2.436848
1470 14 21 28 28 1.842825
1470 21 14 28 28 3.442460
1470 21 21 28 28 1.968421
1470 112 112 28 28 1.620636
1470 112 119 28 28 0.795159
1470 119 112 28 28 0.204876
1470 350 98 28 28 1.434441
1470 350 112 28 28 1.582134
1470 357 112 28 28 1.135369
1470 357 119 28 28 1.263431
1470 357 133 28 28 0.372962
1470 448 14 28 28 2.865882
1470 448 21 28 28 4.624985
1470 448 126 28 28 0.498471
1470 448 133 28 28 4.285269
1500 16 32 64 64 0.350690
1500 352 32 64 64 0.676462
1500 363 33 44 44 4.213927
1500 374 33 44 44 2.392380
1500 0 140 40 40 2.548430
1500 10 140 40 40 0.186861
1500 0 0 36 36 0.105636
1500 0 144 36 36 3.816039
1500 0 153 36 36 2.186874
1500 9 144 36 36 4.155859
1500 9 153 36 36 3.327792
1500 18 144 36 36 0.633167
1500 18 153 36 36 1.497718
1500 432 126 36 36 1.679791
1500 441 126 36 36 3.403337
1500 450 126 36 36 4.767865
1500 459 126 36 36 5.151978
1500 459 144 36 36 2.619689
1500 8 152 32 32 2.936990
1500 16 152 32 32 3.426673
1500 176 128 32 32 3.973998
1500 192 128 32 32 2.318403
1500 392 128 32 32 1.719961
1500 400 128 32 32 1.851044
1500 0 7 28 28 0.698896
1500 0 14 28 28 2.235770
1500 7 7 28 28 1.718775
1500 7 14 28 28 0.041348
1500 14 7 28 28 1.782678
1500 224 133 28 28 1.744513
1500 350 112 28 28 5.328016
1500 357 112 28 28 7.361195
1500 357 119 28 28 1.281259
1500 0 12 24 24 2.665935
1500 0 18 24 24 3.408244
1500 6 12 24 24 2.003417
1500 6 18 24 24 2.875510
1500 12 12 24 24 1.606423
1500 18 12 24 24 1.397336
1500 486 0 24 24 0.507061
1500 486 18 24 24 1.002362
1500 492 0 24 24 5.900237
1500 492 6 24 24 0.971030
1500 492 18 24 24 0.486165
1500 498 0 24 24 3.911007
1500 498 6 24 24 0.834654
1500 498 18 24 24 2.964236
1530 352 0 64 64 4.883698
1530 352 16 64 64 6.625094
1530 352 32 64 64 5.143227
1530 352 48 64 64 2.265790
1530 384 24 48 48 5.613962
1530 384 36 48 48 6.494043
1530 384 24 48 48 5.613962
1530 384 36 48 48 6.494043
1530 374 33 44 44 0.175340
1530 385 33 44 44 2.972365
1530 20 20 40 40 0.032504
1530 20 30 40 40 0.801907
1530 18 144 36 36 0.643616
1530 450 126 36 36 1.770544
1530 459 126 36 36 5.832812
1530 459 144 36 36 2.111762
1530 459 153 36 36 0.171824
1530 459 162 36 36 0.404290
1530 176 128 32 32 5.520770
1530 192 128 32 32 4.394340
1530 224 112 28 28 1.545764
1530 224 133 28 28 3.769006
1530 18 12 24 24 0.018552
1530 18 18 24 24 0.320121
1530 480 6 24 24 2.928924
1530 480 12 24 24 1.915474
1530 480 192 24 24 3.615722
1530 486 0 24 24 3.861103
1530 486 6 24 24 4.872134
1530 486 192 24 24 1.103658
1530 492 0 24 24 5.080800
1530 498 0 24 24 2.411114
1560 288 32 64 64 0.206716
1560 352 16 64 64 0.968729
1560 352 32 64 64 2.641474
1560 384 36 48 48 2.167441
1560 384 36 48 48 2.167441
1560 22 11 44 44 1.233912
1560 0 10 40 40 1.678969
1560 20 140 40 40 1.330765
1560 0 18 36 36 1.337035
1560 0 162 36 36 0.010533
1560 9 162 36 36 0.081542
1560 18 153 36 36 0.761497
1560 18 162 36 36 3.066017
1560 27 144 36 36 2.400964
1560 27 153 36 36 0.866320
1560 27 162 36 36 2.180878
1560 176 128 32 32 4.535832
1560 176 136 32 32 0.230452
1560 192 128 32 32 4.004625
1560 384 112 32 32 1.010491
1560 384 152 32 32 1.578336
1560 392 112 32 32 2.131452
1560 392 152 32 32 1.321083
1560 0 126 28 28 3.931200
1560 0 133 28 28 3.232212
1560 224 112 28 28 1.180747
1560 224 133 28 28 2.895288
1560 455 98 28 28 1.214365
1560 455 112 28 28 0.789952
1560 462 98 28 28 1.005587
1560 462 112 28 28 1.155956
1560 144 84 24 24 1.464673
1560 384 96 24 24 0.483988
1560 384 102 24 24 0.441006
1560 390 102 24 24 0.345360
1560 480 198 24 24 2.406811
1590 256 32 64 64 0.706718
1590 272 16 64 64 1.213889
1590 272 32 64 64 1.152866
1590 288 16 64 64 0.427624
1590 288 32 64 64 2.013997
1590 352 16 64 64 7.031163
1590 352 32 64 64 4.849242
1590 352 48 64 64 2.166874
1590 0 0 48 48 0.078844
1590 384 24 48 48 1.630610
1590 396 12 48 48 0.485391
1590 0 0 48 48 0.078844
1590 384 24 48 48 1.630610
1590 396 12 48 48 0.485391
1590 450 171 36 36 0.006382
1590 0 136 32 32 0.079321
1590 0 144 32 32 1.602477
1590 0 152 32 32 0.285559
1590 384 112 32 32 0.431519
1590 392 128 32 32 3.221796
1590 392 136 32 32 1.039664
1590 168 119 28 28 4.150878
1590 168 126 28 28 1.963225
1590 168 133 28 28 2.057159
1590 6 84 24 24 2.872963
1590 12 84 24 24 3.100702
1590 18 84 24 24 0.890800
1590 384 96 24 24 0.644571
1620 256 16 64 64 3.321433
1620 272 16 64 64 3.958361
1620 272 32 64 64 0.673164
1620 288 16 64 64 2.528798
1620 288 32 64 64 0.174278
1620 352 0 64 64 0.382124
1620 352 16 64 64 2.797459
1620 352 32 64 64 1.376052
1620 459 144 36 36 0.353116
1620 136 128 32 32 0.134149
1620 144 112 32 32 1.363842
1620 384 112 32 32 4.251323
1620 392 112 32 32 2.666046
1620 408 112 32 32 0.284796
1620 408 128 32 32 1.698403
1620 154 119 28 28 1.587420
1620 154 126 28 28 3.971037
1620 168 126 28 28 0.882013
1620 168 133 28 28 0.096860
1620 231 112 28 28 1.770499
1620 336 126 28 28 1.081297
1620 343 126 28 28 1.340832
1620 469 98 28 28 4.470216
1620 0 198 24 24 5.850894
1620 0 204 24 24 5.252090
1620 402 108 24 24 0.166366
1620 480 102 24 24 3.913843
1620 480 108 24 24 4.254050
1620 486 102 24 24 1.043669
1620 486 108 24 24 0.924096
1650 272 0 64 64 4.540195
1650 272 16 64 64 3.670171
1650 288 0 64 64 3.414737
1650 288 16 64 64 3.006453
1650 352 0 64 64 1.102917
1650 408 0 48 48 0.103968
1650 408 24 48 48 2.110328
1650 420 0 48 48 0.568912
1650 420 12 48 48 0.582277
1650 420 24 48 48 1.733835
1650 408 0 48 48 0.103968
1650 408 24 48 48 2.110328
1650 420 0 48 48 0.568912
1650 420 12 48 48 0.582277
1650 420 24 48 48 1.733835
1650 18 0 36 36 2.102731
1650 18 9 36 36 0.134429
1650 27 0 36 36 1.381244
1650 27 9 36 36 1.327434
1650 441 27 36 36 0.364490
1650 450 126 36 36 2.376424
1650 459 126 36 36 5.045395
1650 8 152 32 32 0.719369
1650 128 112 32 32 4.545771
1650 136 112 32 32 6.349715
1650 144 112 32 32 6.222320
1650 400 128 32 32 0.607227
1650 408 128 32 32 0.224784
1650 126 126 28 28 1.385244
1650 126 133 28 28 1.748106
1650 154 119 28 28 1.760064
1650 154 126 28 28 4.018271
1650 168 126 28 28 2.661541
1650 350 126 28 28 1.926625
1650 357 119 28 28 2.002476
1650 357 126 28 28 2.636255
1650 455 126 28 28 0.292174
1650 455 133 28 28 1.812068
1650 462 126 28 28 2.597034
1650 469 126 28 28 2.910705
1650 469 133 28 28 1.681873
1650 294 114 24 24 0.105262
1650 300 114 24 24 0.289794
1650 480 96 24 24 0.131865
1650 492 96 24 24 0.684683
1650 498 84 24 24 1.004056
1680 0 16 64 64 0.622556
1680 16 0 64 64 1.960017
1680 16 16 64 64 3.909510
1680 32 0 64 64 2.745593
1680 32 16 64 64 4.438357
1680 32 32 64 64 0.213019
1680 48 16 64 64 5.222416
1680 48 32 64 64 2.287082
1680 288 0 64 64 3.108304
1680 288 16 64 64 1.585567
1680 128 112 32 32 4.770799
1680 136 112 32 32 0.106532
1680 112 119 28 28 0.022533
1680 112 126 28 28 6.956604
1680 112 133 28 28 2.065612
1680 119 126 28 28 7.124214
1680 119 133 28 28 3.895996
1680 126 126 28 28 2.868825
1680 126 133 28 28 3.333926
1680 336 119 28 28 0.940940
1680 336 126 28 28 2.356406
1680 448 21 28 28 1.300294
1680 455 21 28 28 1.050181
1680 300 114 24 24 1.873030
1680 306 114 24 24 3.773537
1680 480 84 24 24 0.777456
1710 0 0 64 64 1.604054
1710 0 16 64 64 1.985962
1710 0 32 64 64 1.872838
1710 16 16 64 64 0.856380
1710 16 32 64 64 1.630006
1710 32 32 64 64 1.063041
1710 352 16 64 64 3.774950
1710 24 112 32 32 0.680113
1710 336 126 28 28 1.657693
1710 336 133 28 28 0.055180
1710 343 126 28 28 0.729810
1710 343 133 28 28 1.501919
1710 469 0 28 28 2.330503
1710 300 108 24 24 0.801539
1710 480 0 24 24 3.969708
1710 480 6 24 24 7.719592
1710 480 12 24 24 5.810303
1710 480 18 24 24 3.027494
1710 486 0 24 24 4.144947
1710 486 6 24 24 6.504774
1710 486 12 24 24 4.832380
1710 486 18 24 24 1.695131
1710 492 0 24 24 4.321330
1710 492 6 24 24 5.573752
1710 492 12 24 24 2.629855
1710 498 0 24 24 7.727816
1710 498 6 24 24 6.059194
1710 498 12 24 24 0.487574
1740 0 126 36 36 1.435904
1740 432 9 36 36 0.902363
1740 441 9 36 36 2.788318
1740 441 18 36 36 0.509591
1740 450 0 36 36 2.716581
1740 450 9 36 36 4.803247
1740 450 18 36 36 1.276091
1740 459 0 36 36 2.227225
1740 459 9 36 36 4.309142
1740 459 18 36 36 5.890084
1740 0 128 32 32 1.362713
1740 0 136 32 32 3.372440
1740 8 128 32 32 2.283510
1740 8 136 32 32 3.872454
1740 8 144 32 32 0.417952
1740 16 136 32 32 1.841491
1740 350 133 28 28 2.437548
1740 357 133 28 28 2.167395
1740 469 21 28 28 1.305256
1740 144 84 24 24 2.505614
1740 480 18 24 24 0.627148
1740 486 12 24 24 2.189243
1740 486 18 24 24 5.701914
1740 492 12 24 24 3.244632
1740 492 18 24 24 5.785862
1740 498 18 24 24 0.371689
1770 420 24 48 48 0.217821
1770 420 24 48 48 0.217821
1770 20 0 40 40 0.089302
1770 27 9 36 36 0.048591
1770 432 0 36 36 0.407111
1770 441 0 36 36 4.682875
1770 450 0 36 36 7.035240
1770 450 9 36 36 2.747946
1770 459 0 36 36 3.200056
1770 459 9 36 36 2.775400
1770 384 152 32 32 0.211214
1770 400 152 32 32 0.099600
1770 408 152 32 32 1.360946
1770 112 119 28 28 1.136149
1770 112 126 28 28 3.229704
1770 350 119 28 28 0.983273
1770 350 126 28 28 2.202872
1770 357 126 28 28 2.743094
1770 96 6 24 24 1.004774
1770 96 12 24 24 2.880072
1770 102 6 24 24 4.844190
1770 102 12 24 24 3.249035
1770 108 84 24 24 0.733056
1800 0 0 64 64 0.372601
1800 48 16 64 64 2.005522
1800 12 0 48 48 1.518973
1800 24 0 48 48 2.450702
1800 12 0 48 48 1.518973
1800 24 0 48 48 2.450702
1800 11 0 44 44 1.690146
1800 22 0 44 44 4.446079
1800 33 0 44 44 2.373186
1800 33 11 44 44 0.336310
1800 20 0 40 40 3.442686
1800 30 0 40 40 3.547805
1800 30 10 40 40 0.967875
1800 330 180 40 40 0.008017
1800 18 0 36 36 3.241235
1800 27 0 36 36 9.058565
1800 27 9 36 36 0.093909
1800 384 112 32 32 2.453008
1800 392 112 32 32 1.704857
1800 400 112 32 32 4.725805
1800 408 112 32 32 2.884391
1800 336 98 28 28 0.160861
1800 462 0 28 28 2.206371
1800 469 0 28 28 3.887880
1800 480 6 24 24 0.850727
1800 480 12 24 24 3.501952
1800 486 12 24 24 0.568147
