30 0 32 64 64 3.888875
30 0 48 64 64 3.006835
30 0 153 36 36 0.896094
30 9 153 36 36 0.800385
30 176 112 32 32 2.922374
30 256 112 32 32 0.236910
30 384 136 32 32 2.132679
30 384 144 32 32 1.672038
30 392 144 32 32 1.929290
30 400 144 32 32 2.257314
30 400 152 32 32 2.344016
30 408 152 32 32 3.950181
30 245 119 28 28 1.289091
30 448 98 28 28 4.566368
30 455 98 28 28 3.060154
30 462 98 28 28 1.811754
60 0 16 64 64 5.222636
60 0 32 64 64 2.885486
60 16 16 64 64 3.107262
60 16 32 64 64 0.505111
60 256 0 64 64 2.420659
60 352 48 64 64 0.370629
60 9 126 36 36 1.384169
60 18 126 36 36 2.761249
60 27 126 36 36 3.601699
60 27 144 36 36 2.067685
60 432 162 36 36 1.851814
60 441 162 36 36 0.489482
60 450 171 36 36 1.398073
60 459 171 36 36 1.648421
60 8 112 32 32 0.770167
60 8 128 32 32 3.341428
60 8 152 32 32 1.478920
60 16 136 32 32 0.786727
60 24 128 32 32 0.980426
60 24 136 32 32 2.204533
60 24 144 32 32 0.881711
60 176 112 32 32 5.045235
60 192 112 32 32 1.918163
60 408 144 32 32 0.906138
60 14 126 28 28 2.881283
60 14 133 28 28 5.638541
60 21 21 28 28 1.024019
60 21 126 28 28 3.739316
60 21 133 28 28 4.708035
60 154 126 28 28 2.249364
60 154 133 28 28 1.649961
60 168 119 28 28 1.406192
60 336 133 28 28 0.011871
60 343 133 28 28 0.269144
60 448 98 28 28 2.800456
60 455 98 28 28 4.526928
60 455 112 28 28 0.451918
60 462 98 28 28 2.788759
60 469 98 28 28 3.123666
60 480 102 24 24 0.342579
60 480 108 24 24 5.548852
60 480 114 24 24 2.113770
60 486 108 24 24 2.539100
60 486 210 24 24 0.058000
90 256 0 64 64 3.067145
90 256 16 64 64 2.064280
90 352 0 64 64 1.373974
90 352 32 64 64 0.243583
90 264 24 48 48 1.799067
90 264 36 48 48 0.310508
90 264 24 48 48 1.799067
90 264 36 48 48 0.310508
90 128 112 32 32 3.179029
90 136 112 32 32 3.343872
90 144 112 32 32 7.617867
90 0 0 28 28 2.574611
90 7 0 28 28 4.262296
90 126 119 28 28 3.295011
90 126 126 28 28 1.188709
90 154 112 28 28 0.037513
90 154 119 28 28 8.283980
90 154 126 28 28 8.879291
90 154 133 28 28 0.903178
90 168 119 28 28 6.946009
90 168 126 28 28 5.540229
90 343 133 28 28 0.735052
90 0 0 24 24 1.483446
90 0 6 24 24 1.388217
90 6 6 24 24 0.627150
90 12 0 24 24 2.190023
90 12 6 24 24 4.497725
90 12 12 24 24 1.493599
90 18 0 24 24 1.162978
90 18 6 24 24 1.095184
90 492 96 24 24 3.521732
90 492 102 24 24 2.942280
90 498 96 24 24 3.753753
90 498 102 24 24 1.985954
120 0 16 64 64 1.397587
120 16 16 64 64 1.179582
120 128 112 32 32 4.946301
120 128 128 32 32 0.232044
120 136 112 32 32 3.947174
120 136 128 32 32 0.353851
120 144 112 32 32 1.642461
120 176 112 32 32 0.333590
120 119 112 28 28 6.224607
120 119 119 28 28 8.372326
120 119 126 28 28 4.328867
120 126 112 28 28 4.996306
120 126 119 28 28 9.330358
120 126 126 28 28 8.587147
120 126 133 28 28 1.467689
120 154 119 28 28 0.232362
120 336 119 28 28 4.940241
120 336 126 28 28 3.782016
120 343 119 28 28 5.074199
120 343 126 28 28 6.381636
120 343 133 28 28 3.429879
120 350 126 28 28 3.902243
120 350 133 28 28 3.246346
120 192 102 24 24 0.275311
150 0 0 64 64 0.210682
150 0 16 64 64 4.201213
150 0 32 64 64 2.499674
150 16 0 64 64 2.605106
150 16 16 64 64 5.582925
150 16 32 64 64 3.846490
150 32 16 64 64 2.092753
150 32 32 64 64 1.365514
150 256 0 64 64 2.528122
150 256 16 64 64 5.189318
150 272 0 64 64 0.513888
150 272 16 64 64 1.901554
150 272 32 64 64 0.007024
150 264 36 48 48 0.355339
150 264 36 48 48 0.355339
150 9 0 36 36 1.128801
150 432 171 36 36 0.285846
150 16 0 32 32 1.005139
150 24 0 32 32 3.769001
150 272 112 32 32 0.009100
150 0 0 28 28 1.073144
150 0 7 28 28 1.669182
150 0 14 28 28 0.296161
150 7 7 28 28 0.055757
150 7 14 28 28 0.835244
150 7 21 28 28 0.967753
150 14 14 28 28 1.280368
150 14 21 28 28 1.131554
150 112 119 28 28 1.124979
150 112 126 28 28 5.308993
150 112 133 28 28 4.613251
150 119 119 28 28 1.598556
150 119 126 28 28 4.803299
150 119 133 28 28 1.788209
150 126 126 28 28 0.841394
150 336 126 28 28 0.289601
150 343 126 28 28 2.019345
150 343 133 28 28 2.774370
150 350 126 28 28 3.982253
150 350 133 28 28 5.681200
150 455 119 28 28 0.955531
150 462 119 28 28 3.873853
150 462 126 28 28 1.425108
150 469 224 28 28 2.948807
150 0 12 24 24 2.134753
150 0 18 24 24 0.836289
150 6 6 24 24 2.019964
150 6 12 24 24 3.279202
150 6 18 24 24 1.669235
150 12 18 24 24 0.974225
150 132 96 24 24 1.029709
150 480 84 24 24 0.994226
150 492 84 24 24 3.291662
180 0 16 64 64 2.767338
180 0 32 64 64 3.353830
180 16 16 64 64 0.047577
180 16 32 64 64 0.884388
180 256 0 64 64 0.216307
180 256 16 64 64 2.941973
180 432 162 36 36 0.648481
180 432 171 36 36 1.702592
180 441 171 36 36 0.341943
180 0 16 32 32 1.932213
180 0 24 32 32 1.911555
180 8 8 32 32 0.855699
180 128 112 32 32 0.048972
180 272 112 32 32 6.340248
180 280 112 32 32 5.035597
180 384 144 32 32 1.376187
180 384 152 32 32 2.470391
180 392 144 32 32 3.239722
180 392 152 32 32 4.275954
180 14 7 28 28 0.804825
180 14 14 28 28 1.917792
180 14 21 28 28 0.107938
180 21 7 28 28 1.700996
180 21 14 28 28 0.340333
180 343 133 28 28 1.386381
180 448 112 28 28 4.881163
180 455 112 28 28 0.895658
180 469 112 28 28 2.374480
180 96 102 24 24 0.773076
180 102 96 24 24 3.961639
180 102 102 24 24 5.550123
180 102 108 24 24 0.420543
180 132 114 24 24 0.120248
210 0 16 64 64 3.108385
210 0 32 64 64 1.600636
210 16 16 64 64 4.433413
210 16 32 64 64 4.376002
210 32 16 64 64 3.556367
210 32 32 64 64 4.298800
210 48 16 64 64 4.911707
210 48 32 64 64 3.021498
210 256 0 64 64 6.657986
210 256 16 64 64 7.213853
210 272 0 64 64 1.849558
210 272 16 64 64 1.605232
210 288 0 64 64 0.043853
210 352 48 64 64 4.134676
210 36 24 48 48 2.797303
210 36 24 48 48 2.797303
210 9 144 36 36 1.059285
210 450 162 36 36 0.359965
210 450 171 36 36 0.847553
210 459 171 36 36 0.285287
210 16 144 32 32 2.345610
210 16 152 32 32 0.603426
210 24 144 32 32 2.169157
210 24 152 32 32 0.387129
210 272 112 32 32 1.808673
210 280 112 32 32 4.457173
210 392 144 32 32 1.469055
210 392 152 32 32 1.832308
210 400 144 32 32 0.736108
210 400 152 32 32 4.694920
210 408 144 32 32 0.933376
210 408 152 32 32 5.445939
210 112 112 28 28 1.233503
210 112 119 28 28 4.191509
210 112 126 28 28 3.805457
210 112 133 28 28 4.122468
210 119 112 28 28 0.369566
210 119 119 28 28 2.349585
210 119 126 28 28 1.870201
210 119 133 28 28 3.612509
210 126 112 28 28 0.874602
210 126 119 28 28 0.267117
210 126 126 28 28 1.093203
210 126 133 28 28 2.347929
210 350 133 28 28 1.262447
210 357 133 28 28 6.123177
210 480 108 24 24 0.977050
210 480 204 24 24 5.341629
210 480 210 24 24 4.900462
240 0 16 64 64 1.970924
240 0 32 64 64 4.704510
240 0 48 64 64 3.221116
240 16 16 64 64 2.323346
240 16 32 64 64 3.634392
240 16 48 64 64 1.452021
240 32 16 64 64 1.658778
240 32 32 64 64 3.783383
240 256 0 64 64 4.264218
240 256 16 64 64 4.204116
240 256 32 64 64 1.651762
240 272 0 64 64 0.863874
240 272 16 64 64 0.450602
240 352 32 64 64 0.709880
240 352 48 64 64 0.782857
240 408 36 48 48 1.179705
240 420 24 48 48 1.226966
240 420 36 48 48 5.167672
240 408 36 48 48 1.179705
240 420 24 48 48 1.226966
240 420 36 48 48 5.167672
240 432 153 36 36 0.137008
240 432 162 36 36 2.075269
240 432 171 36 36 1.142099
240 272 112 32 32 3.982749
240 280 112 32 32 5.515161
240 384 136 32 32 0.327259
240 384 144 32 32 2.965136
240 384 152 32 32 0.932651
240 392 136 32 32 0.672172
240 392 144 32 32 6.187739
240 392 152 32 32 2.902064
240 400 144 32 32 4.427104
240 400 152 32 32 3.754217
240 112 14 28 28 0.083795
240 336 112 28 28 2.820825
240 336 126 28 28 1.731821
240 336 133 28 28 3.373259
240 343 98 28 28 1.334012
240 455 112 28 28 1.315803
240 462 112 28 28 0.532972
240 469 112 28 28 0.327050
240 12 108 24 24 0.688966
240 18 108 24 24 0.998236
240 18 114 24 24 0.791152
240 132 0 24 24 3.207150
240 132 6 24 24 4.527161
240 480 102 24 24 0.308311
240 480 108 24 24 0.115284
240 486 108 24 24 0.150550
240 492 96 24 24 1.398161
270 16 0 64 64 2.351447
270 256 0 64 64 2.083161
270 256 16 64 64 4.136943
270 256 32 64 64 4.183953
270 256 48 64 64 1.532961
270 272 32 64 64 3.751466
270 272 48 64 64 2.659104
270 288 48 64 64 1.062155
270 352 48 64 64 2.526117
270 420 24 48 48 2.341767
270 420 36 48 48 4.564284
270 420 24 48 48 2.341767
270 420 36 48 48 4.564284
270 198 27 36 36 0.799076
270 216 27 36 36 0.274614
270 441 18 36 36 2.103690
270 450 18 36 36 0.329074
270 256 112 32 32 0.484482
270 0 112 28 28 2.156425
270 0 119 28 28 2.621862
270 0 126 28 28 0.763978
270 7 112 28 28 2.863446
270 7 119 28 28 0.441671
270 112 119 28 28 3.080197
270 119 119 28 28 1.196772
270 119 126 28 28 1.203082
270 336 126 28 28 3.600583
270 336 133 28 28 1.466947
270 343 126 28 28 5.721251
270 343 133 28 28 3.807442
270 350 126 28 28 0.952506
270 350 133 28 28 2.807536
270 357 133 28 28 1.792219
300 0 0 64 64 1.957305
300 256 0 64 64 4.946904
300 256 16 64 64 2.971895
300 288 32 64 64 5.264302
300 288 48 64 64 2.156657
300 352 48 64 64 0.321951
300 198 0 44 44 0.115854
300 216 18 36 36 1.620372
300 441 0 36 36 1.335851
300 441 9 36 36 3.805964
300 441 18 36 36 0.804520
300 450 0 36 36 2.460711
300 450 9 36 36 3.513196
300 450 18 36 36 1.453373
300 459 0 36 36 1.826051
300 459 9 36 36 2.448651
300 459 18 36 36 2.287718
300 24 112 32 32 1.673658
300 256 112 32 32 0.755775
300 384 136 32 32 6.932588
300 384 144 32 32 14.789397
300 384 152 32 32 10.599356
300 392 136 32 32 3.104266
300 392 144 32 32 7.557804
300 392 152 32 32 6.153815
300 112 119 28 28 2.418505
300 336 98 28 28 0.208256
300 343 98 28 28 0.619579
300 343 126 28 28 2.518033
300 350 98 28 28 1.527879
300 350 112 28 28 0.012115
300 350 119 28 28 4.058497
300 350 126 28 28 4.481691
300 350 133 28 28 1.468035
300 357 98 28 28 1.622181
300 357 119 28 28 2.691532
300 357 126 28 28 4.301894
300 357 133 28 28 4.700809
300 390 84 24 24 0.447355
300 396 84 24 24 0.758905
300 402 84 24 24 0.596738
300 402 102 24 24 0.252282
330 256 16 64 64 2.241941
330 256 32 64 64 2.070178
330 288 16 64 64 3.827864
330 352 32 64 64 0.169767
330 352 48 64 64 2.734603
330 384 24 48 48 0.297121
330 420 0 48 48 2.273645
330 420 12 48 48 1.391135
330 420 36 48 48 2.271957
330 384 24 48 48 0.297121
330 420 0 48 48 2.273645
330 420 12 48 48 1.391135
330 420 36 48 48 2.271957
330 176 0 44 44 1.627174
330 187 0 44 44 0.169335
330 352 22 44 44 3.583131
330 352 33 44 44 3.837842
330 363 22 44 44 3.671515
330 363 33 44 44 3.239257
330 374 22 44 44 5.795752
330 374 33 44 44 4.864791
330 385 22 44 44 2.257828
330 385 33 44 44 0.724746
330 180 0 40 40 0.572738
330 180 10 40 40 0.021200
330 350 30 40 40 0.762160
330 198 0 36 36 2.441776
330 198 9 36 36 7.888487
330 0 112 32 32 1.367193
330 8 112 32 32 3.040221
330 16 112 32 32 0.319081
330 392 144 32 32 2.500721
330 392 152 32 32 2.885554
330 400 16 32 32 0.687034
330 400 144 32 32 3.301044
330 400 152 32 32 2.856678
330 408 144 32 32 2.575904
330 408 152 32 32 4.058510
330 7 119 28 28 0.076522
330 14 112 28 28 3.104540
330 14 119 28 28 1.950985
330 14 126 28 28 0.579131
330 21 112 28 28 3.147985
330 21 119 28 28 0.449305
330 350 112 28 28 1.344395
330 350 119 28 28 0.103734
330 357 112 28 28 1.360022
330 357 119 28 28 2.572675
330 357 133 28 28 0.798150
330 462 133 28 28 0.089879
330 469 98 28 28 2.538748
330 18 114 24 24 2.335723
330 396 84 24 24 1.254808
330 402 84 24 24 2.653876
330 480 210 24 24 1.147827
330 486 18 24 24 1.445933
330 492 18 24 24 3.959053
330 492 210 24 24 1.042026
330 498 18 24 24 2.105759
360 256 0 64 64 2.664380
360 256 16 64 64 3.678623
360 256 32 64 64 2.314257
360 272 0 64 64 3.099183
360 272 16 64 64 3.694699
360 288 0 64 64 2.830843
360 288 16 64 64 5.353284
360 352 48 64 64 0.631217
360 288 36 48 48 0.950445
360 288 36 48 48 0.950445
360 363 33 44 44 2.218183
360 180 0 40 40 2.772761
360 27 126 36 36 4.149068
360 198 0 36 36 1.435013
360 432 126 36 36 1.305534
360 441 0 36 36 2.863785
360 450 0 36 36 1.073519
360 0 112 32 32 2.115728
360 8 112 32 32 3.059350
360 192 8 32 32 0.496263
360 384 136 32 32 4.938469
360 384 144 32 32 2.216483
360 392 136 32 32 1.526007
360 392 144 32 32 1.661790
360 400 136 32 32 3.668567
360 400 144 32 32 4.098307
360 408 136 32 32 1.912009
360 408 144 32 32 3.700843
360 7 133 28 28 0.650213
360 14 133 28 28 2.164405
360 126 133 28 28 0.882715
360 336 98 28 28 0.159619
360 350 98 28 28 0.297774
360 357 98 28 28 3.221207
360 448 0 28 28 6.121729
360 448 7 28 28 3.871600
360 455 0 28 28 6.461300
360 455 7 28 28 9.124627
360 455 14 28 28 5.543417
360 455 21 28 28 2.662375
360 462 0 28 28 5.821538
360 462 7 28 28 6.904533
360 462 14 28 28 3.577033
360 462 21 28 28 3.515461
360 469 0 28 28 0.030133
360 469 7 28 28 1.709130
360 469 14 28 28 0.740696
360 12 114 24 24 3.741351
360 18 114 24 24 5.990321
360 210 12 24 24 0.310799
360 384 108 24 24 2.090738
360 480 12 24 24 0.520151
360 480 18 24 24 0.111357
360 486 96 24 24 6.079917
360 486 102 24 24 3.569777
360 492 84 24 24 2.080016
360 492 96 24 24 7.915340
360 492 102 24 24 3.637997
360 492 108 24 24 0.325371
390 32 32 64 64 0.944619
390 256 0 64 64 1.816725
390 256 16 64 64 0.795638
390 256 32 64 64 1.024954
390 272 0 64 64 1.177668
390 272 16 64 64 0.094566
390 288 0 64 64 4.054003
390 288 16 64 64 6.073223
390 288 32 64 64 0.306765
390 352 0 64 64 3.021143
390 352 16 64 64 3.833899
390 352 32 64 64 2.098132
390 352 48 64 64 6.646857
390 288 24 48 48 1.400442
390 288 36 48 48 0.094293
390 288 24 48 48 1.400442
390 288 36 48 48 0.094293
390 306 9 36 36 0.854933
390 315 9 36 36 0.538098
390 432 153 36 36 2.224550
390 408 144 32 32 1.192853
390 408 152 32 32 4.667667
390 343 98 28 28 0.911889
390 0 114 24 24 3.136397
390 6 114 24 24 2.588289
390 204 0 24 24 0.489388
390 480 0 24 24 3.952276
390 486 204 24 24 1.714593
390 486 210 24 24 2.015859
390 492 210 24 24 0.314830
420 256 0 64 64 1.855184
420 288 0 64 64 0.491525
420 352 0 64 64 0.779434
420 288 24 48 48 0.123335
420 288 36 48 48 2.476027
420 408 0 48 48 0.388872
420 420 0 48 48 0.699422
420 288 24 48 48 0.123335
420 288 36 48 48 2.476027
420 408 0 48 48 0.388872
420 420 0 48 48 0.699422
420 9 126 36 36 2.709157
420 18 126 36 36 1.893717
420 288 144 36 36 1.703581
420 288 153 36 36 2.162961
420 297 144 36 36 1.186040
420 432 0 36 36 5.830936
420 432 9 36 36 6.988385
420 432 18 36 36 3.383723
420 441 0 36 36 1.996327
420 441 9 36 36 1.972049
420 459 162 36 36 0.254114
420 459 171 36 36 1.641804
420 16 144 32 32 4.730217
420 24 136 32 32 3.382263
420 24 144 32 32 6.359921
420 24 152 32 32 1.227390
420 336 98 28 28 2.197488
420 336 112 28 28 0.668732
420 336 119 28 28 2.648753
420 343 98 28 28 2.882360
420 350 98 28 28 6.613644
420 350 112 28 28 0.253931
420 357 98 28 28 1.818041
420 448 21 28 28 2.989510
420 455 21 28 28 0.997155
420 455 119 28 28 1.070170
420 455 126 28 28 3.410522
420 455 133 28 28 2.701031
420 462 126 28 28 2.068568
420 462 133 28 28 4.966071
420 469 133 28 28 0.330904
420 12 84 24 24 0.231771
420 384 18 24 24 0.807886
420 390 0 24 24 0.046668
420 390 6 24 24 0.139178
420 390 18 24 24 0.038309
450 288 0 64 64 4.211287
450 216 24 48 48 1.554795
450 216 24 48 48 1.554795
450 264 154 44 44 2.476463
450 144 126 36 36 0.672826
450 288 162 36 36 0.467291
450 288 171 36 36 1.509958
450 450 0 36 36 0.870918
450 459 0 36 36 1.136360
450 144 136 32 32 3.179686
450 144 144 32 32 1.001186
450 336 98 28 28 3.965901
450 336 112 28 28 3.886906
450 343 98 28 28 4.226262
450 343 112 28 28 5.148107
450 350 98 28 28 2.270032
450 350 112 28 28 6.280972
450 357 112 28 28 4.633671
450 448 119 28 28 0.307630
450 455 119 28 28 0.873673
450 469 7 28 28 2.861002
450 0 108 24 24 2.536109
450 0 114 24 24 4.529353
450 6 108 24 24 2.857812
450 6 114 24 24 1.437445
450 12 108 24 24 1.243806
450 18 96 24 24 0.783344
450 18 102 24 24 2.962485
450 18 108 24 24 2.154310
450 96 192 24 24 2.749806
450 102 192 24 24 2.341359
450 102 198 24 24 1.192633
450 108 192 24 24 2.311775
450 108 198 24 24 1.589215
450 306 18 24 24 1.171129
450 384 12 24 24 1.111370
450 384 18 24 24 1.063901
450 480 12 24 24 1.250352
450 480 18 24 24 2.958470
480 256 0 64 64 0.859984
480 352 0 64 64 3.565226
480 288 168 48 48 0.460074
480 288 168 48 48 0.460074
480 33 154 44 44 0.719326
480 242 22 44 44 1.132679
480 144 126 36 36 1.092908
480 136 144 32 32 0.774712
480 136 152 32 32 3.778339
480 144 144 32 32 0.753183
480 144 152 32 32 2.588595
480 176 16 32 32 0.357732
480 336 0 28 28 2.581793
480 343 98 28 28 1.561029
480 350 98 28 28 8.041190
480 357 98 28 28 12.000663
480 0 102 24 24 1.632990
480 0 108 24 24 1.542639
480 12 84 24 24 0.180202
480 12 96 24 24 0.297972
480 18 96 24 24 2.589550
480 288 6 24 24 0.246688
480 384 114 24 24 2.908188
480 390 114 24 24 3.928116
480 396 6 24 24 1.447773
480 402 6 24 24 1.065198
510 272 0 64 64 0.613440
510 0 190 40 40 0.543169
510 14 224 28 28 3.447573
510 14 231 28 28 1.427855
510 21 224 28 28 3.991359
510 21 231 28 28 0.659317
510 343 0 28 28 1.136465
510 357 98 28 28 4.047341
510 6 96 24 24 0.523584
510 12 96 24 24 1.007440
510 18 96 24 24 4.125529
510 210 204 24 24 0.475942
510 300 306 24 24 0.272454
510 306 204 24 24 0.133447
510 306 210 24 24 0.394179
510 306 306 24 24 0.938972
510 384 102 24 24 7.203108
510 384 108 24 24 8.419221
510 384 114 24 24 3.297982
510 390 102 24 24 3.947147
510 390 108 24 24 5.671722
510 396 102 24 24 4.333183
510 396 108 24 24 4.797880
510 396 114 24 24 0.667315
510 402 108 24 24 4.314338
510 402 114 24 24 1.081697
540 272 0 64 64 0.308055
540 272 16 64 64 1.741851
540 242 11 44 44 0.516892
540 242 22 44 44 1.209907
540 352 33 44 44 2.341703
540 363 33 44 44 0.728442
540 306 306 36 36 0.140067
540 0 128 32 32 0.641608
540 176 16 32 32 0.843554
540 126 133 28 28 1.287137
540 336 0 28 28 2.424333
540 336 7 28 28 1.065791
540 336 133 28 28 3.548949
540 343 133 28 28 2.383181
540 357 98 28 28 6.557333
540 448 126 28 28 0.072783
540 448 133 28 28 2.188639
540 18 12 24 24 0.120232
540 384 102 24 24 4.576560
540 384 108 24 24 5.705771
540 384 114 24 24 2.769410
540 390 102 24 24 4.926553
540 390 108 24 24 4.745211
540 390 114 24 24 0.539532
540 396 102 24 24 1.070666
540 396 108 24 24 0.996329
570 272 0 64 64 0.335917
570 272 16 64 64 2.164088
570 288 16 64 64 0.727237
570 242 22 44 44 0.262784
570 352 33 44 44 1.094588
570 176 16 32 32 0.973357
570 119 224 28 28 0.082406
570 168 231 28 28 0.877971
570 168 238 28 28 0.203576
570 336 0 28 28 0.699099
570 336 7 28 28 1.636958
570 336 126 28 28 0.685255
570 336 133 28 28 4.357988
570 336 238 28 28 1.091569
570 343 133 28 28 3.843762
570 357 98 28 28 2.287783
570 384 102 24 24 1.455364
570 384 108 24 24 4.079423
570 384 114 24 24 1.226081
570 390 96 24 24 0.849840
570 390 102 24 24 0.234703
570 390 108 24 24 0.465531
600 256 0 64 64 0.873132
600 256 16 64 64 0.148222
600 272 16 64 64 1.906609
600 272 32 64 64 0.228727
600 242 22 44 44 0.543194
600 242 33 44 44 1.559066
600 352 33 44 44 0.995811
600 176 24 32 32 1.535231
600 119 231 28 28 1.200630
600 168 231 28 28 0.377431
600 168 238 28 28 0.365035
600 168 245 28 28 0.294111
600 336 0 28 28 0.644947
600 336 7 28 28 1.683008
600 336 14 28 28 1.575433
600 210 96 24 24 0.399993
600 384 96 24 24 2.405656
600 384 108 24 24 2.858835
600 384 114 24 24 3.704774
600 390 96 24 24 2.587967
600 390 108 24 24 0.065258
600 396 96 24 24 1.401873
630 272 16 64 64 0.335293
630 272 32 64 64 0.609809
630 242 22 44 44 0.759959
630 242 33 44 44 1.557747
630 352 33 44 44 0.572469
630 315 126 36 36 0.815732
630 176 24 32 32 1.138203
630 168 238 28 28 0.696180
630 168 245 28 28 0.033566
630 336 7 28 28 1.291879
630 336 14 28 28 2.473592
630 384 96 24 24 1.536321
630 384 102 24 24 1.144951
630 384 108 24 24 0.749208
630 384 114 24 24 1.945684
630 390 102 24 24 2.376724
630 390 108 24 24 0.603100
660 272 16 64 64 0.275982
660 272 32 64 64 1.394114
660 242 33 44 44 0.631458
660 176 24 32 32 0.738051
660 400 0 32 32 0.372502
660 119 238 28 28 1.263155
660 126 238 28 28 0.057902
660 168 238 28 28 0.468610
660 336 0 28 28 0.019450
660 336 7 28 28 1.230025
660 336 14 28 28 1.975599
660 455 133 28 28 0.790772
660 462 119 28 28 3.516812
660 462 126 28 28 2.697918
660 462 133 28 28 5.352258
660 469 119 28 28 0.673966
660 469 126 28 28 1.113046
660 469 133 28 28 2.178401
660 384 96 24 24 1.535077
660 384 102 24 24 2.743665
660 384 108 24 24 0.715702
660 384 114 24 24 2.488514
660 390 102 24 24 3.415120
660 390 108 24 24 0.721594
690 256 0 64 64 0.103989
690 272 32 64 64 0.846957
690 242 22 44 44 0.143554
690 242 33 44 44 0.800056
690 315 126 36 36 0.474522
690 176 24 32 32 0.386902
690 384 112 32 32 3.334758
690 392 112 32 32 3.262349
690 400 0 32 32 0.298443
690 119 238 28 28 1.477885
690 126 238 28 28 0.284964
690 168 238 28 28 0.527072
690 336 0 28 28 0.351503
690 336 7 28 28 1.220768
690 336 14 28 28 2.535851
690 336 21 28 28 0.113771
690 357 112 28 28 4.836026
690 469 133 28 28 0.381026
690 384 114 24 24 2.529186
690 390 114 24 24 1.004563
720 272 32 64 64 1.032561
720 288 32 64 64 0.597997
720 242 22 44 44 0.141387
720 242 33 44 44 0.647795
720 315 126 36 36 2.296702
720 176 24 32 32 0.566905
720 119 238 28 28 1.377338
720 126 238 28 28 0.246237
720 168 238 28 28 0.706833
720 336 0 28 28 0.248597
720 336 7 28 28 1.201132
720 336 14 28 28 2.516488
720 336 21 28 28 0.459050
720 336 119 28 28 0.250343
720 357 112 28 28 1.063951
720 357 119 28 28 0.874848
720 384 198 24 24 0.048376
720 384 204 24 24 0.247313
720 384 210 24 24 0.125179
750 242 33 44 44 0.322455
750 176 24 32 32 0.449520
750 400 0 32 32 1.508412
750 119 238 28 28 1.655204
750 168 238 28 28 0.707016
750 336 7 28 28 1.799945
750 336 14 28 28 2.890378
750 336 21 28 28 1.092234
750 210 102 24 24 0.836893
750 384 114 24 24 0.396127
750 384 210 24 24 0.141042
750 390 114 24 24 0.190530
780 242 33 44 44 0.182526
780 176 24 32 32 0.797002
780 384 112 32 32 0.710150
780 392 112 32 32 1.328969
780 400 0 32 32 0.984906
780 119 238 28 28 1.634639
780 126 238 28 28 0.029538
780 168 238 28 28 0.629427
780 336 7 28 28 1.592669
780 336 14 28 28 3.463946
780 336 21 28 28 1.277895
780 343 119 28 28 1.187850
780 350 119 28 28 3.246349
780 357 112 28 28 4.099918
780 357 119 28 28 5.096186
780 210 102 24 24 0.313239
780 384 198 24 24 0.771533
780 384 204 24 24 0.575590
780 384 210 24 24 0.079314
810 242 33 44 44 0.115233
810 176 24 32 32 0.243120
810 384 112 32 32 1.030107
810 392 112 32 32 1.646468
810 400 0 32 32 0.598259
810 119 238 28 28 1.155274
810 168 238 28 28 1.368113
810 168 245 28 28 0.120449
810 336 7 28 28 1.103632
810 336 14 28 28 2.747571
810 336 21 28 28 1.129530
810 343 119 28 28 0.333130
810 350 119 28 28 2.266213
810 357 112 28 28 4.307778
810 357 119 28 28 4.653700
810 210 102 24 24 0.536554
810 384 198 24 24 0.569682
810 384 204 24 24 0.935875
810 384 210 24 24 0.074035
840 272 32 64 64 0.199073
840 242 33 44 44 0.250876
840 176 24 32 32 0.358620
840 384 112 32 32 1.228071
840 392 112 32 32 1.972688
840 400 0 32 32 1.178164
840 119 238 28 28 1.838534
840 126 238 28 28 0.189557
840 168 238 28 28 0.565103
840 336 7 28 28 1.585601
840 336 14 28 28 2.934076
840 336 21 28 28 1.145617
840 343 119 28 28 0.716586
840 350 119 28 28 1.369550
840 357 112 28 28 3.923950
840 357 119 28 28 4.465359
840 210 102 24 24 0.052653
840 384 198 24 24 1.228240
840 384 204 24 24 1.343811
840 384 210 24 24 0.002130
870 272 32 64 64 0.195589
870 242 33 44 44 0.362508
870 176 24 32 32 0.859520
870 384 112 32 32 1.159306
870 392 112 32 32 1.778887
870 400 0 32 32 0.959551
870 119 238 28 28 1.953408
870 126 238 28 28 0.288961
870 168 238 28 28 0.649120
870 336 7 28 28 1.602821
870 336 14 28 28 1.976714
870 336 21 28 28 0.206291
870 343 119 28 28 0.561833
870 350 119 28 28 0.922878
870 357 112 28 28 3.834758
870 357 119 28 28 4.244686
870 210 102 24 24 0.843229
870 384 198 24 24 0.463962
870 384 204 24 24 0.449843
900 242 33 44 44 0.091055
900 176 24 32 32 0.247080
900 384 112 32 32 1.065434
900 392 112 32 32 1.880463
900 400 0 32 32 0.915722
900 119 238 28 28 1.854133
900 126 238 28 28 0.308937
900 168 238 28 28 0.563208
900 336 7 28 28 1.337594
900 336 14 28 28 2.793012
900 336 21 28 28 1.625056
900 350 119 28 28 0.488415
900 357 112 28 28 4.481355
900 357 119 28 28 4.003850
900 210 102 24 24 0.554534
900 384 198 24 24 0.553542
900 384 204 24 24 0.574292
930 256 32 64 64 0.072115
930 272 32 64 64 0.142486
930 288 32 64 64 1.162066
930 242 33 44 44 0.082177
930 400 0 32 32 1.698569
930 119 238 28 28 1.674532
930 168 238 28 28 0.849628
930 168 245 28 28 1.257526
930 336 7 28 28 0.378334
930 336 14 28 28 2.514712
930 336 21 28 28 3.677045
930 210 102 24 24 0.860065
930 384 102 24 24 0.053709
930 384 114 24 24 0.297542
930 384 204 24 24 0.897078
930 384 210 24 24 0.411890
960 176 24 32 32 0.333946
960 384 112 32 32 1.215994
960 392 112 32 32 1.996995
960 400 0 32 32 0.511453
960 119 238 28 28 1.561840
960 126 238 28 28 0.508788
960 168 238 28 28 0.795985
960 336 7 28 28 0.681039
960 336 14 28 28 3.017394
960 336 21 28 28 2.077092
960 350 119 28 28 1.936380
960 357 112 28 28 5.364554
960 357 119 28 28 6.220284
960 0 192 24 24 0.241724
960 12 114 24 24 0.656549
960 210 102 24 24 0.266408
960 384 198 24 24 0.751177
960 384 204 24 24 0.849186
960 384 210 24 24 0.335929
990 242 33 44 44 0.261864
990 176 24 32 32 0.942407
990 384 112 32 32 1.209369
990 392 112 32 32 2.003617
990 400 0 32 32 1.092906
990 119 238 28 28 1.343735
990 126 238 28 28 0.051924
990 168 238 28 28 0.782910
990 336 7 28 28 0.461443
990 336 14 28 28 2.299426
990 336 21 28 28 1.736671
990 343 119 28 28 0.587514
990 350 119 28 28 1.681731
990 357 112 28 28 4.159904
990 357 119 28 28 5.765362
990 210 102 24 24 0.908781
990 384 198 24 24 0.502396
990 384 204 24 24 0.662459
990 384 210 24 24 0.084723
1020 176 24 32 32 0.639729
1020 384 112 32 32 1.392677
1020 392 112 32 32 2.596703
1020 400 0 32 32 0.992176
1020 119 238 28 28 1.435331
1020 126 238 28 28 0.137078
1020 168 238 28 28 0.750908
1020 336 7 28 28 2.040009
1020 336 14 28 28 3.599736
1020 336 21 28 28 1.550399
1020 343 119 28 28 0.273589
1020 350 119 28 28 1.146784
1020 357 112 28 28 4.124502
1020 357 119 28 28 5.785112
1020 210 102 24 24 1.009402
1020 384 198 24 24 0.274988
1020 384 204 24 24 0.543525
1020 384 210 24 24 0.059454
1050 242 33 44 44 0.189303
1050 176 24 32 32 0.760200
1050 384 112 32 32 0.993973
1050 392 112 32 32 1.912542
1050 400 0 32 32 1.155200
1050 119 238 28 28 1.741524
1050 168 238 28 28 1.319313
1050 168 245 28 28 0.152495
1050 336 7 28 28 1.505449
1050 336 14 28 28 3.882586
1050 336 21 28 28 2.133066
1050 343 119 28 28 0.792935
1050 350 119 28 28 1.860896
1050 357 112 28 28 3.689831
1050 357 119 28 28 5.787268
1050 210 102 24 24 0.593567
1050 384 198 24 24 0.397095
1050 384 204 24 24 0.538458
1050 384 210 24 24 0.101639
1080 176 24 32 32 0.973921
1080 384 112 32 32 1.490089
1080 392 112 32 32 2.774947
1080 400 0 32 32 1.480483
1080 119 238 28 28 1.684488
1080 126 238 28 28 0.059139
1080 168 238 28 28 0.934023
1080 336 0 28 28 0.059277
1080 336 7 28 28 2.635310
1080 336 14 28 28 3.369092
1080 336 21 28 28 1.471219
1080 343 119 28 28 0.382128
1080 350 119 28 28 0.011603
1080 357 112 28 28 2.623984
1080 357 119 28 28 4.222901
1080 210 102 24 24 0.427691
1080 288 6 24 24 1.692500
1080 288 12 24 24 3.361502
1080 294 12 24 24 1.573862
1080 384 198 24 24 0.778284
1080 384 204 24 24 0.768961
1080 384 210 24 24 0.279257
1110 176 24 32 32 0.634309
1110 384 112 32 32 1.555952
1110 392 112 32 32 2.496476
1110 400 0 32 32 0.961664
1110 119 238 28 28 0.038274
1110 168 238 28 28 1.191606
1110 336 0 28 28 0.256507
1110 336 7 28 28 1.635254
1110 336 14 28 28 2.946052
1110 336 21 28 28 1.368758
1110 357 112 28 28 2.612662
1110 357 119 28 28 2.289522
1110 0 192 24 24 1.862715
1110 12 114 24 24 2.276355
1110 210 102 24 24 0.236169
1110 288 6 24 24 1.533016
1110 288 12 24 24 2.942135
1110 294 12 24 24 1.346609
1110 384 198 24 24 0.618575
1110 384 204 24 24 0.775819
1110 384 210 24 24 0.169010
1140 272 32 64 64 1.176950
1140 288 32 64 64 0.723614
1140 315 126 36 36 1.083484
1140 176 24 32 32 0.337534
1140 384 112 32 32 1.634582
1140 392 112 32 32 2.627161
1140 400 0 32 32 1.343444
1140 168 238 28 28 1.079047
1140 336 0 28 28 0.140817
1140 336 7 28 28 2.030468
1140 336 14 28 28 2.971280
1140 336 21 28 28 0.631471
1140 357 112 28 28 3.807366
1140 357 119 28 28 3.053914
1140 6 192 24 24 0.552534
1140 288 6 24 24 1.234055
1140 288 12 24 24 3.103642
1140 294 12 24 24 0.745360
1170 272 32 64 64 1.381103
1170 288 32 64 64 0.782625
1170 0 168 48 48 0.541657
1170 24 192 48 48 0.077124
1170 0 168 48 48 0.541657
1170 24 192 48 48 0.077124
1170 0 187 44 44 0.507727
1170 0 198 44 44 2.321553
1170 11 176 44 44 0.170972
1170 33 198 44 44 0.987559
1170 384 112 32 32 2.590023
1170 392 0 32 32 0.320770
1170 392 112 32 32 3.379631
1170 400 0 32 32 3.023084
1170 14 231 28 28 0.159093
1170 21 231 28 28 3.682408
1170 21 238 28 28 4.155646
1170 21 245 28 28 0.843147
1170 336 7 28 28 0.949252
1170 336 14 28 28 1.341970
1170 336 21 28 28 2.699717
1170 350 119 28 28 2.403052
1170 357 112 28 28 0.947110
1170 357 119 28 28 6.546533
1170 357 126 28 28 0.777949
1170 6 114 24 24 2.904142
1170 12 114 24 24 3.544046
1170 288 12 24 24 3.035676
1200 256 16 64 64 0.257870
1200 272 16 64 64 0.410799
1200 256 280 32 32 1.080877
1200 264 280 32 32 0.793577
1200 272 280 32 32 0.603138
1200 384 112 32 32 2.392127
1200 384 128 32 32 3.751025
1200 392 112 32 32 1.704832
1200 392 128 32 32 2.477486
1200 400 0 32 32 0.815445
1200 408 0 32 32 0.514588
1200 0 112 28 28 0.234954
1200 336 14 28 28 0.379275
1200 336 21 28 28 0.968841
1200 343 14 28 28 3.184469
1200 343 21 28 28 1.334171
1200 350 126 28 28 0.494975
1200 350 133 28 28 0.147001
1200 357 126 28 28 6.354323
1200 357 133 28 28 1.512242
1200 288 12 24 24 2.083697
1200 288 18 24 24 3.965465
1200 288 294 24 24 0.050798
1200 294 18 24 24 3.456704
1200 300 294 24 24 0.312597
1200 306 294 24 24 0.482584
1230 352 16 64 64 1.780587
1230 352 32 64 64 2.366846
1230 352 48 64 64 0.427247
1230 288 168 48 48 0.266506
1230 288 168 48 48 0.266506
1230 11 154 44 44 0.571519
1230 320 190 40 40 1.658329
1230 384 112 32 32 1.602959
1230 384 128 32 32 3.855727
1230 392 128 32 32 2.206077
1230 392 136 32 32 1.267730
1230 400 128 32 32 1.505616
1230 400 136 32 32 0.516257
1230 408 128 32 32 2.294890
1230 336 231 28 28 0.055219
1230 343 224 28 28 0.199711
1230 343 231 28 28 0.944090
1230 357 133 28 28 0.416434
1230 144 210 24 24 2.595229
1230 294 12 24 24 3.008741
1230 294 18 24 24 1.079067
1230 300 12 24 24 3.488287
1230 300 18 24 24 0.664448
1230 306 12 24 24 0.222082
1260 352 32 64 64 1.114290
1260 352 48 64 64 2.939469
1260 220 170 40 40 2.545281
1260 320 180 40 40 0.548521
1260 162 153 36 36 0.016584
1260 384 112 32 32 4.968813
1260 384 128 32 32 3.337513
1260 392 112 32 32 4.989494
1260 392 128 32 32 4.104147
1260 400 112 32 32 0.080669
1260 350 14 28 28 1.870044
1260 357 14 28 28 2.312455
1260 357 21 28 28 2.937143
1260 192 192 24 24 0.453815
1260 198 192 24 24 0.286480
1260 300 6 24 24 0.050661
1260 306 0 24 24 2.082665
1260 306 6 24 24 1.517885
1260 306 12 24 24 3.101723
1260 306 18 24 24 1.096162
1290 352 16 64 64 0.566212
1290 352 32 64 64 3.185271
1290 352 48 64 64 1.716645
1290 432 126 36 36 0.465378
1290 384 112 32 32 2.797167
1290 384 128 32 32 2.599302
1290 392 112 32 32 3.606922
1290 392 128 32 32 3.560899
1290 392 136 32 32 1.974080
1290 400 112 32 32 3.148207
1290 350 7 28 28 0.851712
1320 32 48 64 64 1.450563
1320 48 48 64 64 2.184524
1320 160 10 40 40 0.024342
1320 450 126 36 36 1.815687
1320 450 144 36 36 1.644108
1320 459 126 36 36 4.442069
1320 459 144 36 36 1.451089
1320 8 256 32 32 2.624449
1320 8 264 32 32 0.993441
1320 16 256 32 32 3.312736
1320 24 256 32 32 1.350989
1320 136 152 32 32 4.544215
1320 144 152 32 32 0.464726
1320 176 24 32 32 0.751320
1320 192 144 32 32 2.109302
1320 384 128 32 32 4.137838
1320 384 136 32 32 0.189425
1320 392 112 32 32 0.190440
1320 392 128 32 32 5.292231
1320 400 128 32 32 3.241307
1320 408 128 32 32 2.956089
1320 21 245 28 28 2.138096
1350 16 32 64 64 0.145858
1350 352 32 64 64 4.033638
1350 11 209 44 44 0.494726
1350 30 0 40 40 0.208963
1350 0 144 36 36 1.897212
1350 0 153 36 36 2.278797
1350 0 144 32 32 2.399021
1350 0 152 32 32 4.751437
1350 8 152 32 32 3.308380
1350 176 16 32 32 2.244336
1350 176 24 32 32 2.039304
1350 192 144 32 32 3.972749
1350 192 152 32 32 1.687521
1350 384 128 32 32 4.264857
1350 384 136 32 32 2.829683
1350 392 128 32 32 4.554943
1350 392 136 32 32 0.185576
1350 400 128 32 32 3.478104
1350 408 128 32 32 0.596006
1350 168 21 28 28 0.469675
1350 357 133 28 28 1.466314
1350 448 133 28 28 1.522109
1350 455 119 28 28 0.188796
1350 455 126 28 28 1.197612
1350 455 133 28 28 3.078715
1350 462 126 28 28 0.425055
1350 462 133 28 28 2.222126
1350 486 6 24 24 0.655967
1350 486 12 24 24 2.797122
1350 486 18 24 24 1.876479
1350 492 12 24 24 0.300469
1350 492 18 24 24 1.315719
1380 0 32 64 64 2.632233
1380 16 32 64 64 0.068496
1380 24 216 48 48 0.259472
1380 24 228 48 48 1.879651
1380 36 204 48 48 1.516134
1380 36 216 48 48 2.466593
1380 36 228 48 48 1.194368
1380 24 216 48 48 0.259472
1380 24 228 48 48 1.879651
1380 36 204 48 48 1.516134
1380 36 216 48 48 2.466593
1380 36 228 48 48 1.194368
1380 162 0 36 36 0.561956
1380 459 126 36 36 0.389759
1380 0 144 32 32 2.435369
1380 0 256 32 32 4.643890
1380 0 264 32 32 1.254089
1380 0 272 32 32 1.985811
1380 0 280 32 32 2.565484
1380 8 256 32 32 5.512226
1380 8 264 32 32 3.739293
1380 8 272 32 32 3.934897
1380 8 280 32 32 2.180837
1380 16 256 32 32 5.642022
1380 16 264 32 32 4.659360
1380 16 272 32 32 2.362020
1380 16 280 32 32 0.465862
1380 24 264 32 32 0.164998
1380 176 8 32 32 2.135778
1380 176 16 32 32 2.635238
1380 392 128 32 32 4.470543
1380 400 128 32 32 6.183326
1380 400 136 32 32 0.751218
1380 408 128 32 32 4.964613
1380 154 21 28 28 0.869408
1380 168 14 28 28 1.207546
1380 168 21 28 28 1.146804
1380 12 108 24 24 0.458630
1380 18 288 24 24 1.513077
1380 18 294 24 24 1.109437
1380 18 300 24 24 1.322875
1380 18 306 24 24 0.028895
1410 32 0 64 64 0.224426
1410 256 48 64 64 1.949128
1410 12 204 48 48 0.974181
1410 12 216 48 48 0.371830
1410 24 192 48 48 0.110698
1410 24 204 48 48 0.658154
1410 36 192 48 48 0.201669
1410 12 204 48 48 0.974181
1410 12 216 48 48 0.371830
1410 24 192 48 48 0.110698
1410 24 204 48 48 0.658154
1410 36 192 48 48 0.201669
1410 22 209 44 44 2.028798
1410 33 198 44 44 0.332400
1410 33 209 44 44 0.948392
1410 297 144 36 36 1.038120
1410 384 112 32 32 3.737687
1410 384 128 32 32 0.607941
1410 392 112 32 32 4.463179
1410 392 128 32 32 0.740948
1410 400 112 32 32 4.362703
1410 408 112 32 32 0.864552
1410 154 112 28 28 0.296526
1410 154 119 28 28 0.918568
1410 168 0 28 28 0.458834
1410 168 7 28 28 0.526688
1440 256 32 64 64 0.783545
1440 256 48 64 64 3.174343
1440 352 32 64 64 2.704464
1440 352 48 64 64 2.988109
1440 36 192 48 48 0.923600
1440 36 192 48 48 0.923600
1440 432 126 36 36 0.402476
1440 176 128 32 32 0.694117
1440 400 128 32 32 0.030511
1440 400 136 32 32 0.078824
1440 408 128 32 32 2.095549
1440 408 136 32 32 2.200654
1440 112 224 28 28 1.295280
1440 112 231 28 28 2.523583
1440 224 133 28 28 1.668996
1440 18 108 24 24 0.348318
1470 256 48 64 64 2.405895
1470 272 48 64 64 0.095266
1470 0 12 48 48 0.906959
1470 0 24 48 48 1.650129
1470 12 24 48 48 2.216509
1470 0 12 48 48 0.906959
1470 0 24 48 48 1.650129
1470 12 24 48 48 2.216509
1470 459 126 36 36 0.252554
1470 112 224 28 28 1.255810
1470 112 231 28 28 1.135743
1470 126 224 28 28 2.286551
1470 126 231 28 28 0.046062
1470 231 133 28 28 2.849591
1470 448 98 28 28 2.938163
1470 448 112 28 28 0.502646
1470 455 133 28 28 3.442185
1470 462 133 28 28 3.650252
1470 0 6 24 24 0.494819
1470 12 102 24 24 1.761458
1470 18 102 24 24 2.072968
1470 288 114 24 24 4.014290
1470 294 114 24 24 1.661226
1470 300 114 24 24 0.294839
1500 256 16 64 64 0.686674
1500 256 32 64 64 3.277731
1500 256 48 64 64 3.651345
1500 272 32 64 64 2.771135
1500 384 144 32 32 0.790002
1500 384 152 32 32 1.913237
1500 400 152 32 32 4.806147
1500 408 152 32 32 5.299344
1500 0 126 28 28 0.713312
1500 0 133 28 28 0.747674
1500 112 224 28 28 0.500643
1500 126 224 28 28 0.273705
1500 231 133 28 28 1.062289
1500 343 14 28 28 0.921642
1500 343 21 28 28 1.393784
1500 288 108 24 24 2.664703
1500 288 114 24 24 7.007444
1500 294 114 24 24 4.135979
1500 486 84 24 24 0.280204
1500 492 84 24 24 0.325388
1500 498 84 24 24 1.589603
1530 256 16 64 64 1.804250
1530 256 32 64 64 3.546536
1530 256 48 64 64 2.047472
1530 272 16 64 64 0.363363
1530 272 32 64 64 0.475281
1530 432 162 36 36 2.315982
1530 432 171 36 36 3.250902
1530 441 162 36 36 4.381269
1530 441 171 36 36 4.609392
1530 450 162 36 36 2.881641
1530 450 171 36 36 3.496232
1530 0 98 28 28 2.368690
1530 7 98 28 28 3.167415
1530 14 98 28 28 1.486426
1530 112 224 28 28 3.798393
1530 119 224 28 28 0.016502
1530 238 133 28 28 3.319931
1530 0 96 24 24 1.442314
1530 0 102 24 24 5.812385
1530 0 108 24 24 2.714107
1530 6 102 24 24 3.333858
1530 6 108 24 24 3.733683
1530 12 102 24 24 2.749156
1530 12 108 24 24 3.022776
1530 12 114 24 24 0.373304
1530 18 102 24 24 1.093171
1530 18 108 24 24 0.083571
1530 96 102 24 24 0.410584
1530 204 18 24 24 0.641078
1530 288 108 24 24 3.637875
1530 288 114 24 24 4.839428
1530 294 108 24 24 0.649444
1530 294 114 24 24 6.879955
1530 300 114 24 24 4.756933
1530 306 114 24 24 2.150779
1530 396 96 24 24 3.609494
1530 396 102 24 24 1.932570
1530 402 96 24 24 5.508564
1530 402 102 24 24 1.468017
1530 480 198 24 24 0.010684
1530 480 204 24 24 1.171396
1530 480 210 24 24 0.082948
1560 256 16 64 64 0.727162
1560 256 32 64 64 1.824886
1560 256 48 64 64 1.170764
1560 136 112 32 32 0.376536
1560 144 112 32 32 3.053674
1560 392 152 32 32 1.261420
1560 400 128 32 32 0.061840
1560 400 152 32 32 2.141944
1560 408 152 32 32 0.766337
1560 112 133 28 28 1.515678
1560 112 224 28 28 0.074961
1560 126 224 28 28 0.922377
1560 154 119 28 28 0.343403
1560 154 126 28 28 1.792373
1560 154 133 28 28 2.398185
1560 231 133 28 28 2.926307
1560 0 102 24 24 0.110253
1560 0 108 24 24 2.021958
1560 0 114 24 24 0.269270
1560 132 210 24 24 2.891939
1560 288 108 24 24 2.756075
1560 288 114 24 24 4.704714
1560 294 108 24 24 3.958207
1560 294 114 24 24 7.580620
1560 300 114 24 24 6.240943
1560 306 114 24 24 1.600363
1560 402 192 24 24 1.142731
1590 256 32 64 64 1.432374
1590 256 48 64 64 2.666462
1590 408 12 48 48 2.956022
1590 408 24 48 48 2.489684
1590 408 36 48 48 0.616112
1590 420 12 48 48 2.183565
1590 408 12 48 48 2.956022
1590 408 24 48 48 2.489684
1590 408 36 48 48 0.616112
1590 420 12 48 48 2.183565
1590 128 112 32 32 1.468926
1590 136 112 32 32 0.915531
1590 112 224 28 28 0.533870
1590 119 224 28 28 0.121247
1590 231 133 28 28 0.059524
1590 144 114 24 24 1.988119
1590 288 108 24 24 2.419979
1590 288 114 24 24 0.632620
1590 294 108 24 24 4.454071
1590 300 108 24 24 0.643862
1590 300 114 24 24 0.409274
1590 486 204 24 24 0.878586
1590 498 198 24 24 0.668089
1590 498 204 24 24 0.995237
1590 498 210 24 24 1.736967
1620 256 32 64 64 1.983322
1620 256 48 64 64 0.683078
1620 0 24 48 48 1.453012
1620 0 24 48 48 1.453012
1620 0 33 44 44 2.077255
1620 11 33 44 44 2.786669
1620 297 126 36 36 2.959716
1620 306 126 36 36 1.919568
1620 432 153 36 36 0.689430
1620 432 162 36 36 4.290846
1620 432 171 36 36 2.722398
1620 441 162 36 36 1.738017
1620 450 162 36 36 0.637852
1620 256 112 32 32 1.250996
1620 256 128 32 32 0.425399
1620 384 136 32 32 0.221091
1620 384 144 32 32 0.723064
1620 400 144 32 32 0.730848
1620 400 152 32 32 0.945167
1620 408 152 32 32 0.759510
1620 112 133 28 28 0.993991
1620 112 224 28 28 1.427429
1620 119 126 28 28 0.469761
1620 119 133 28 28 3.925276
1620 126 126 28 28 0.015747
1620 126 133 28 28 1.603064
1620 154 98 28 28 0.828085
1620 231 133 28 28 0.378170
1620 343 133 28 28 2.771072
1620 350 133 28 28 1.026329
1620 357 133 28 28 2.234821
1620 144 102 24 24 0.886605
1620 144 108 24 24 6.112524
1620 294 108 24 24 0.054873
1620 294 114 24 24 1.891091
1620 300 108 24 24 2.111075
1620 306 108 24 24 2.037101
1620 480 102 24 24 0.135553
1620 486 96 24 24 1.010369
1620 486 102 24 24 0.440325
1620 492 96 24 24 1.249699
1620 492 102 24 24 1.470615
1620 498 96 24 24 1.530405
1650 0 0 64 64 2.365161
1650 0 16 64 64 0.988048
1650 16 0 64 64 0.589218
1650 256 32 64 64 3.733258
1650 272 32 64 64 1.053119
1650 12 192 48 48 1.567298
1650 12 204 48 48 0.191586
1650 12 192 48 48 1.567298
1650 12 204 48 48 0.191586
1650 11 198 44 44 0.409848
1650 11 209 44 44 0.770461
1650 22 198 44 44 1.863089
1650 22 209 44 44 2.768005
1650 33 187 44 44 0.933115
1650 297 126 36 36 1.158017
1650 306 126 36 36 4.075736
1650 432 153 36 36 0.288206
1650 459 171 36 36 0.195199
1650 384 136 32 32 0.448907
1650 384 144 32 32 2.538178
1650 384 152 32 32 2.347280
1650 392 136 32 32 3.463831
1650 392 144 32 32 1.979702
1650 400 136 32 32 2.976153
1650 400 144 32 32 4.285096
1650 400 152 32 32 0.691264
1650 408 144 32 32 0.754530
1650 112 98 28 28 0.209546
1650 168 119 28 28 4.278036
1650 168 126 28 28 2.925033
1650 245 119 28 28 0.763960
1650 455 112 28 28 2.468869
1650 455 119 28 28 0.105730
1650 462 119 28 28 0.663971
1650 469 112 28 28 1.012756
1650 294 114 24 24 1.856117
1650 396 114 24 24 3.486812
1650 402 114 24 24 0.110666
1650 492 114 24 24 1.895540
1650 498 210 24 24 0.108730
1680 32 16 64 64 4.295240
1680 32 32 64 64 4.007641
1680 48 16 64 64 3.205272
1680 48 32 64 64 4.694955
1680 256 32 64 64 1.662840
1680 256 48 64 64 0.011553
1680 272 32 64 64 0.012319
1680 352 48 64 64 0.464010
1680 0 192 48 48 0.195432
1680 0 204 48 48 2.215031
1680 12 192 48 48 0.989019
1680 12 204 48 48 0.071825
1680 24 192 48 48 1.494751
1680 36 192 48 48 1.085015
1680 0 192 48 48 0.195432
1680 0 204 48 48 2.215031
1680 12 192 48 48 0.989019
1680 12 204 48 48 0.071825
1680 24 192 48 48 1.494751
1680 36 192 48 48 1.085015
1680 0 198 44 44 0.510995
1680 0 209 44 44 3.900142
1680 11 209 44 44 1.342969
1680 33 198 44 44 0.657067
1680 297 126 36 36 0.009992
1680 432 162 36 36 2.391614
1680 441 153 36 36 1.292841
1680 441 162 36 36 2.566840
1680 450 144 36 36 0.209547
1680 450 153 36 36 3.430349
1680 450 162 36 36 4.305849
1680 450 171 36 36 1.100187
1680 459 153 36 36 2.672813
1680 459 162 36 36 2.746087
1680 8 112 32 32 1.119848
1680 128 112 32 32 2.403662
1680 136 112 32 32 0.728231
1680 256 112 32 32 1.373082
1680 272 0 32 32 0.481717
1680 280 0 32 32 2.828964
1680 384 136 32 32 1.095439
1680 384 144 32 32 3.072494
1680 392 136 32 32 5.131581
1680 392 144 32 32 9.934499
1680 392 152 32 32 2.950917
1680 400 136 32 32 2.789439
1680 400 144 32 32 9.104628
1680 400 152 32 32 5.546927
1680 408 144 32 32 5.851799
1680 408 152 32 32 4.591759
1680 7 133 28 28 2.380594
1680 14 126 28 28 3.768643
1680 14 133 28 28 6.586392
1680 21 126 28 28 4.790019
1680 21 133 28 28 4.557847
1680 21 224 28 28 1.005631
1680 21 231 28 28 2.506015
1680 21 238 28 28 3.517358
1680 21 245 28 28 2.668797
1680 119 126 28 28 1.054301
1680 119 133 28 28 0.329618
1680 126 126 28 28 2.000364
1680 126 133 28 28 0.759527
1680 336 133 28 28 0.964527
1680 469 112 28 28 0.240871
1680 0 96 24 24 7.551597
1680 0 102 24 24 5.342978
1680 6 96 24 24 5.276405
1680 6 102 24 24 4.626087
1680 288 6 24 24 1.079904
1680 288 12 24 24 1.589902
1680 288 18 24 24 2.273612
1680 294 18 24 24 2.469830
1680 294 108 24 24 4.854183
1680 294 114 24 24 6.381989
1680 300 108 24 24 0.436448
1680 300 114 24 24 1.017877
1680 486 96 24 24 5.389859
1680 492 96 24 24 3.424361
1680 492 102 24 24 1.635253
1710 0 0 64 64 4.524147
1710 0 16 64 64 8.518852
1710 0 32 64 64 7.965196
1710 16 0 64 64 1.482753
1710 16 16 64 64 7.516658
1710 16 32 64 64 6.247427
1710 32 0 64 64 2.837568
1710 32 16 64 64 7.033814
1710 32 32 64 64 5.028707
1710 48 0 64 64 3.867416
1710 48 16 64 64 6.717286
1710 48 32 64 64 4.458211
1710 256 32 64 64 1.101445
1710 256 48 64 64 0.876323
1710 408 24 48 48 2.864361
1710 420 12 48 48 4.811175
1710 420 24 48 48 3.821039
1710 420 36 48 48 1.553300
1710 408 24 48 48 2.864361
1710 420 12 48 48 4.811175
1710 420 24 48 48 3.821039
1710 420 36 48 48 1.553300
1710 288 126 36 36 1.985980
1710 297 126 36 36 3.322296
1710 306 126 36 36 2.654830
1710 16 128 32 32 0.373066
1710 24 128 32 32 2.581413
1710 384 152 32 32 0.043624
1710 0 133 28 28 0.322411
1710 126 119 28 28 0.239994
1710 126 126 28 28 0.504867
1710 245 119 28 28 1.809193
1710 245 126 28 28 4.393280
1710 245 133 28 28 1.627136
1710 336 133 28 28 2.450242
1710 448 98 28 28 0.044311
1710 462 98 28 28 2.837082
1710 469 98 28 28 2.364389
1710 192 108 24 24 0.132789
1710 198 114 24 24 0.877336
1710 204 18 24 24 0.603186
1710 204 102 24 24 0.503843
1710 210 18 24 24 2.067783
1710 288 102 24 24 0.634087
1710 306 18 24 24 2.945468
1710 480 96 24 24 0.023372
1710 480 102 24 24 3.747881
1710 480 108 24 24 2.730349
1740 0 0 64 64 0.668641
1740 0 16 64 64 5.757303
1740 0 32 64 64 3.421171
1740 16 0 64 64 0.068447
1740 16 16 64 64 3.849363
1740 16 32 64 64 2.021010
1740 32 16 64 64 2.493157
1740 32 32 64 64 0.765029
1740 48 32 64 64 0.719516
1740 256 32 64 64 1.564842
1740 256 48 64 64 2.308556
1740 24 24 48 48 1.677068
1740 408 36 48 48 0.845563
1740 420 24 48 48 3.064314
1740 420 36 48 48 3.864470
1740 24 24 48 48 1.677068
1740 408 36 48 48 0.845563
1740 420 24 48 48 3.064314
1740 420 36 48 48 3.864470
1740 0 126 36 36 0.021185
1740 9 126 36 36 1.501238
1740 18 126 36 36 0.192393
1740 306 126 36 36 3.963139
1740 315 126 36 36 4.858756
1740 8 128 32 32 4.545542
1740 8 136 32 32 0.425623
1740 16 112 32 32 1.973778
1740 16 128 32 32 7.340796
1740 16 136 32 32 3.518471
1740 24 112 32 32 0.223872
1740 24 128 32 32 4.415862
1740 24 136 32 32 1.584676
1740 176 128 32 32 3.482032
1740 176 136 32 32 1.191422
1740 384 136 32 32 1.847428
1740 384 144 32 32 5.473018
1740 384 152 32 32 1.335048
1740 392 144 32 32 3.266366
1740 392 152 32 32 2.995673
1740 400 144 32 32 1.271799
1740 400 152 32 32 3.559649
1740 408 152 32 32 0.340717
1740 0 231 28 28 1.991997
1740 0 238 28 28 3.155817
1740 0 245 28 28 0.344104
1740 7 231 28 28 5.630748
1740 7 238 28 28 5.870359
1740 7 245 28 28 4.011313
1740 14 231 28 28 5.847539
1740 14 238 28 28 7.642604
1740 14 245 28 28 4.367873
1740 21 126 28 28 0.768210
1740 21 133 28 28 4.368270
1740 21 231 28 28 2.727885
1740 21 238 28 28 3.654186
1740 245 126 28 28 2.271276
1740 357 133 28 28 3.573748
1740 204 108 24 24 3.088883
1770 0 16 64 64 2.279244
1770 0 32 64 64 2.000065
1770 0 48 64 64 4.369407
1770 16 16 64 64 1.288837
1770 16 32 64 64 0.724484
1770 16 48 64 64 2.966100
1770 256 32 64 64 1.280710
1770 256 48 64 64 1.409047
1770 0 126 36 36 1.480582
1770 432 153 36 36 0.717836
1770 432 162 36 36 2.490686
1770 432 171 36 36 4.528306
1770 441 153 36 36 1.275094
1770 441 162 36 36 1.695457
1770 441 171 36 36 5.374505
1770 450 162 36 36 0.797011
1770 450 171 36 36 1.947820
1770 0 128 32 32 0.841080
1770 0 136 32 32 1.729278
1770 8 136 32 32 2.218715
1770 16 112 32 32 2.520412
1770 24 112 32 32 0.220052
1770 136 136 32 32 4.042841
1770 136 144 32 32 6.333444
1770 136 152 32 32 3.769294
1770 144 136 32 32 4.051147
1770 144 144 32 32 6.417791
1770 144 152 32 32 3.350783
1770 192 128 32 32 4.460779
1770 192 136 32 32 0.867439
1770 384 144 32 32 0.993945
1770 0 0 28 28 1.425765
1770 0 7 28 28 5.254209
1770 14 112 28 28 0.484346
1770 21 112 28 28 1.884365
1770 21 119 28 28 1.949170
1770 245 126 28 28 2.582369
1770 357 126 28 28 2.214336
1770 357 133 28 28 2.234312
1770 469 112 28 28 0.969827
1770 469 119 28 28 0.100008
1770 0 0 24 24 4.523122
1770 0 6 24 24 5.424280
1770 0 12 24 24 3.843582
1770 6 0 24 24 1.730659
1770 6 6 24 24 3.372435
1770 6 12 24 24 4.206398
1770 6 18 24 24 2.358581
1770 192 108 24 24 2.654183
1770 198 108 24 24 1.205525
1770 204 108 24 24 0.194818
1800 264 36 48 48 2.294173
1800 264 36 48 48 2.294173
1800 0 154 44 44 0.106374
1800 11 154 44 44 2.730862
1800 22 154 44 44 1.068396
1800 33 154 44 44 0.384860
1800 385 154 44 44 3.326714
1800 20 140 40 40 3.665229
1800 20 160 40 40 0.759240
1800 30 140 40 40 4.677195
1800 144 126 36 36 5.028467
1800 144 128 32 32 0.376980
1800 0 98 28 28 1.315441
1800 112 98 28 28 2.001850
1800 154 133 28 28 0.025774
1800 224 119 28 28 0.746404
1800 224 126 28 28 5.423229
1800 224 133 28 28 2.196448
1800 231 126 28 28 3.806683
1800 231 133 28 28 0.992944
1800 238 126 28 28 3.844663
1800 343 119 28 28 2.031550
1800 343 126 28 28 3.391805
1800 350 112 28 28 5.704082
1800 350 119 28 28 6.308262
1800 350 126 28 28 1.921728
1800 357 112 28 28 4.485450
1800 357 119 28 28 6.043803
1800 357 126 28 28 2.695751
1800 357 133 28 28 0.360449
1800 462 112 28 28 2.851946
1800 462 119 28 28 3.273727
1800 469 112 28 28 5.426803
1800 469 119 28 28 3.612289
1800 469 231 28 28 0.209052
1800 0 102 24 24 0.402075
1800 6 84 24 24 1.694511
1800 6 96 24 24 6.783518
1800 6 102 24 24 5.841306
1800 6 108 24 24 2.220726
1800 12 84 24 24 0.813934
1800 12 96 24 24 1.378560
1800 12 102 24 24 1.952883
1800 12 108 24 24 1.826519
1800 18 84 24 24 0.225739
1830 48 48 64 64 1.185536
1830 352 32 64 64 1.145872
1830 352 48 64 64 2.416537
1830 36 36 48 48 0.287989
1830 264 36 48 48 1.876175
1830 288 36 48 48 2.235180
1830 36 36 48 48 0.287989
1830 264 36 48 48 1.876175
1830 288 36 48 48 2.235180
1830 10 140 40 40 3.498137
1830 20 140 40 40 5.415103
1830 30 140 40 40 3.597596
1830 18 144 36 36 0.376602
1830 18 153 36 36 0.124775
1830 27 144 36 36 2.707092
1830 27 153 36 36 4.342410
1830 144 18 36 36 0.844577
1830 432 171 36 36 0.802466
1830 0 112 32 32 5.194252
1830 8 112 32 32 6.389435
1830 16 112 32 32 5.251112
1830 24 112 32 32 1.027573
1830 24 128 32 32 2.567011
1830 384 112 32 32 6.908142
1830 392 112 32 32 7.479315
1830 400 112 32 32 8.058702
1830 408 112 32 32 0.461329
1830 7 126 28 28 2.370872
1830 7 133 28 28 3.683518
1830 14 126 28 28 4.965466
1830 14 133 28 28 4.881623
1830 21 112 28 28 2.941924
1830 21 119 28 28 2.922380
1830 21 126 28 28 8.573526
1830 21 133 28 28 9.204519
1830 224 119 28 28 0.357893
1830 224 126 28 28 1.500326
1830 231 126 28 28 3.419780
1830 238 119 28 28 1.271783
1830 238 126 28 28 4.979753
1830 245 126 28 28 0.464754
1830 357 119 28 28 1.538508
1830 448 224 28 28 4.416818
1830 448 231 28 28 5.238663
1830 448 238 28 28 0.753058
1830 455 224 28 28 4.165728
1830 455 231 28 28 5.044522
1830 462 224 28 28 0.400387
1830 462 231 28 28 0.585969
1830 469 98 28 28 1.785575
1830 108 108 24 24 0.819666
1830 390 96 24 24 1.709295
1830 396 96 24 24 0.154834
1830 402 96 24 24 1.045068
1830 480 108 24 24 1.089348
1830 486 102 24 24 2.844404
1830 486 108 24 24 4.664730
1830 492 102 24 24 4.237052
1830 492 108 24 24 3.827791
1830 498 102 24 24 4.654154
1830 498 108 24 24 3.235950
1860 272 0 64 64 1.163013
1860 24 36 48 48 0.453716
1860 288 36 48 48 4.020478
1860 24 36 48 48 0.453716
1860 288 36 48 48 4.020478
1860 384 112 32 32 0.418200
1860 392 112 32 32 2.575644
1860 400 112 32 32 6.187797
1860 408 112 32 32 4.885141
1860 0 112 28 28 2.413159
1860 0 119 28 28 1.646979
1860 0 126 28 28 0.427495
1860 0 133 28 28 1.445193
1860 7 112 28 28 1.165399
1860 7 119 28 28 4.061763
1860 7 126 28 28 0.967582
1860 7 133 28 28 0.031976
1860 14 112 28 28 3.157412
1860 14 119 28 28 3.483371
1860 21 112 28 28 2.252762
1860 21 119 28 28 1.141755
1860 238 126 28 28 1.502785
1860 245 126 28 28 3.077902
1860 336 112 28 28 2.058308
1860 336 119 28 28 0.517081
1860 343 112 28 28 2.615667
1860 343 119 28 28 0.253263
1860 350 112 28 28 0.463370
1860 6 114 24 24 1.933712
1860 12 114 24 24 0.023897
1860 132 192 24 24 0.600467
