30 16 16 64 64 0.093058
30 16 32 64 64 3.323470
30 48 32 64 64 0.234603
30 48 48 64 64 1.133382
30 272 16 64 64 3.261597
30 272 32 64 64 3.711716
30 352 0 64 64 2.276727
30 384 0 48 48 0.156766
30 384 0 48 48 0.156766
30 0 33 44 44 0.349706
30 363 33 44 44 0.456855
30 385 0 44 44 0.646801
30 220 0 40 40 0.696101
30 220 10 40 40 3.001132
30 320 140 40 40 2.408881
30 330 140 40 40 3.073384
30 27 126 36 36 0.082663
30 315 144 36 36 0.825416
30 315 153 36 36 3.470689
30 432 153 36 36 0.823374
30 400 24 32 32 1.138879
30 408 24 32 32 0.016246
30 119 112 28 28 0.734142
30 119 119 28 28 3.503753
30 119 126 28 28 5.280626
30 119 133 28 28 5.398670
30 126 98 28 28 0.092929
30 126 112 28 28 0.618588
30 126 119 28 28 2.862414
30 126 126 28 28 3.470402
30 126 133 28 28 2.960618
30 168 126 28 28 4.232690
30 168 133 28 28 4.477229
30 336 112 28 28 0.283548
30 336 119 28 28 0.833352
30 343 119 28 28 0.917968
30 343 126 28 28 0.100740
30 350 119 28 28 4.650523
30 350 126 28 28 1.701110
30 357 119 28 28 3.187624
30 357 126 28 28 2.813704
30 0 192 24 24 0.669210
30 210 6 24 24 0.691784
60 0 16 64 64 2.605920
60 0 32 64 64 6.999039
60 0 48 64 64 2.842600
60 16 32 64 64 2.569852
60 16 48 64 64 1.415249
60 32 16 64 64 1.884600
60 32 32 64 64 3.223187
60 32 48 64 64 2.477878
60 48 16 64 64 0.141153
60 272 16 64 64 0.334426
60 272 32 64 64 0.611118
60 363 33 44 44 0.093148
60 160 0 40 40 1.826529
60 160 10 40 40 1.035241
60 160 20 40 40 1.121885
60 160 30 40 40 1.154094
60 170 0 40 40 0.999493
60 170 10 40 40 0.774402
60 170 20 40 40 2.149006
60 170 30 40 40 2.780080
60 220 0 40 40 3.475589
60 220 10 40 40 2.567590
60 320 140 40 40 1.707404
60 0 126 36 36 4.011654
60 0 144 36 36 2.171814
60 0 153 36 36 1.225660
60 9 126 36 36 3.080276
60 18 126 36 36 2.483053
60 27 126 36 36 1.893025
60 162 9 36 36 0.763829
60 216 162 36 36 0.192836
60 306 153 36 36 1.310683
60 315 144 36 36 0.349655
60 315 153 36 36 2.418256
60 0 136 32 32 0.356144
60 0 144 32 32 2.300496
60 0 152 32 32 0.427882
60 8 128 32 32 1.152332
60 8 136 32 32 0.662215
60 8 144 32 32 3.888234
60 8 152 32 32 4.978297
60 16 128 32 32 1.796329
60 16 144 32 32 0.443160
60 24 112 32 32 0.344425
60 24 128 32 32 4.015122
60 128 128 32 32 0.933025
60 136 128 32 32 0.917589
60 144 112 32 32 0.603261
60 144 128 32 32 2.705896
60 176 24 32 32 0.486389
60 176 112 32 32 1.137942
60 384 112 32 32 2.370877
60 112 112 28 28 0.963430
60 112 119 28 28 0.563185
60 112 126 28 28 0.581783
60 119 98 28 28 0.719891
60 154 133 28 28 1.272984
60 168 119 28 28 6.064471
60 168 126 28 28 6.076434
60 168 133 28 28 3.626603
60 245 7 28 28 0.771566
60 336 119 28 28 0.018871
60 343 119 28 28 4.540831
60 343 126 28 28 0.889249
60 350 112 28 28 4.544436
60 350 119 28 28 8.315158
60 350 126 28 28 3.692413
60 357 112 28 28 0.132301
60 357 119 28 28 4.929270
60 108 114 24 24 1.639786
60 132 114 24 24 0.673916
90 0 32 64 64 0.934400
90 0 48 64 64 0.499978
90 16 16 64 64 1.310044
90 16 32 64 64 2.888795
90 16 48 64 64 1.139157
90 256 0 64 64 1.070882
90 256 16 64 64 0.362426
90 352 32 64 64 0.070392
90 36 36 48 48 0.726614
90 36 36 48 48 0.726614
90 385 0 44 44 0.917588
90 160 0 40 40 0.014957
90 220 0 40 40 0.092348
90 9 126 36 36 1.525782
90 18 126 36 36 4.377873
90 27 126 36 36 3.996730
90 216 9 36 36 0.182768
90 216 27 36 36 2.621433
90 216 153 36 36 3.605348
90 297 153 36 36 1.358748
90 306 153 36 36 0.588026
90 0 112 32 32 1.126635
90 0 128 32 32 4.932425
90 8 128 32 32 2.194156
90 24 128 32 32 1.065530
90 24 136 32 32 0.219340
90 144 112 32 32 3.964878
90 176 8 32 32 0.022896
90 384 112 32 32 5.260252
90 392 112 32 32 1.727718
90 0 133 28 28 0.471242
90 7 126 28 28 4.858423
90 7 133 28 28 6.504552
90 14 126 28 28 2.602397
90 14 133 28 28 3.712842
90 112 98 28 28 0.366502
90 154 119 28 28 0.462104
90 154 126 28 28 1.970361
90 238 0 28 28 0.817983
90 245 0 28 28 2.280823
90 343 112 28 28 3.819581
90 343 119 28 28 4.072830
90 350 112 28 28 8.541227
90 350 119 28 28 7.204848
90 357 112 28 28 5.912798
90 357 119 28 28 8.327399
90 448 112 28 28 4.432265
90 448 119 28 28 4.365802
90 455 119 28 28 1.980606
90 462 119 28 28 1.134783
90 96 114 24 24 4.459873
90 102 114 24 24 0.878214
90 108 108 24 24 1.291273
90 108 114 24 24 2.619308
90 204 84 24 24 2.136738
90 210 84 24 24 3.355801
90 396 192 24 24 1.714965
90 402 192 24 24 0.544295
90 480 96 24 24 2.345053
90 480 102 24 24 4.760357
90 486 102 24 24 2.595101
90 492 102 24 24 3.197762
120 256 0 64 64 0.558874
120 272 0 64 64 2.640206
120 352 48 64 64 1.980534
120 160 20 40 40 0.717997
120 0 126 36 36 3.364925
120 216 0 36 36 1.691127
120 216 27 36 36 2.722685
120 297 153 36 36 0.665415
120 432 126 36 36 2.813921
120 176 112 32 32 0.836219
120 392 112 32 32 1.087868
120 350 112 28 28 5.621974
120 350 119 28 28 2.721814
120 357 112 28 28 8.134132
120 357 119 28 28 5.837456
120 357 126 28 28 0.078452
120 448 126 28 28 0.183034
120 448 133 28 28 1.509176
120 0 84 24 24 2.537782
120 6 84 24 24 0.984236
120 18 84 24 24 0.117079
120 96 108 24 24 4.101851
120 96 114 24 24 4.077641
120 102 108 24 24 0.901550
120 102 114 24 24 4.245925
120 108 114 24 24 0.390145
120 198 84 24 24 2.852114
120 204 84 24 24 3.129461
120 210 84 24 24 0.611910
120 480 198 24 24 1.030939
120 480 204 24 24 2.883207
120 480 210 24 24 0.379617
120 486 198 24 24 1.451141
120 486 204 24 24 4.971223
120 486 210 24 24 3.989168
120 492 204 24 24 3.305609
120 492 210 24 24 4.153331
150 0 48 64 64 3.779179
150 16 48 64 64 1.651763
150 256 0 64 64 0.565371
150 272 0 64 64 5.629475
150 272 16 64 64 0.457667
150 352 16 64 64 3.900334
150 408 168 48 48 3.377430
150 420 168 48 48 3.938918
150 408 168 48 48 3.377430
150 420 168 48 48 3.938918
150 160 20 40 40 2.599113
150 27 144 36 36 3.756510
150 162 0 36 36 3.190937
150 216 153 36 36 3.219806
150 216 162 36 36 2.328630
150 432 171 36 36 0.100340
150 441 171 36 36 1.778456
150 450 162 36 36 1.893345
150 450 171 36 36 4.864279
150 24 152 32 32 1.582685
150 128 112 32 32 1.194123
150 136 112 32 32 0.690783
150 176 112 32 32 6.418619
150 192 112 32 32 2.904827
150 400 112 32 32 0.847242
150 408 112 32 32 1.765731
150 14 98 28 28 2.881042
150 21 98 28 28 3.995328
150 119 126 28 28 0.397525
150 238 0 28 28 0.073994
150 350 112 28 28 1.520812
150 357 98 28 28 2.088003
150 357 112 28 28 5.447489
150 357 119 28 28 0.866665
150 192 84 24 24 2.969736
150 198 84 24 24 3.724432
150 204 84 24 24 1.780129
150 480 192 24 24 0.871382
150 486 210 24 24 0.038084
180 32 16 64 64 1.075034
180 48 16 64 64 0.027698
180 256 0 64 64 0.054991
180 272 0 64 64 2.444368
180 272 16 64 64 0.737681
180 352 0 64 64 5.470131
180 352 16 64 64 5.926336
180 420 36 48 48 0.225347
180 420 36 48 48 0.225347
180 9 153 36 36 1.499694
180 128 112 32 32 2.585115
180 136 112 32 32 1.376066
180 176 112 32 32 2.381788
180 192 112 32 32 1.291263
180 14 112 28 28 0.802215
180 21 112 28 28 2.769599
180 112 119 28 28 1.109293
180 112 126 28 28 1.540550
180 112 133 28 28 3.991038
180 126 133 28 28 1.427808
180 168 119 28 28 3.544906
180 168 126 28 28 4.908313
180 350 112 28 28 1.861344
180 357 112 28 28 4.822934
180 357 119 28 28 2.197375
180 0 108 24 24 0.397268
180 6 108 24 24 2.297481
180 6 114 24 24 2.193543
180 192 84 24 24 0.834470
180 480 210 24 24 0.607631
180 486 210 24 24 3.657517
210 0 16 64 64 2.080350
210 16 16 64 64 2.495212
210 16 32 64 64 1.732188
210 32 16 64 64 2.903253
210 32 32 64 64 0.684922
210 48 16 64 64 1.149424
210 256 0 64 64 0.053090
210 352 0 64 64 6.735264
210 352 16 64 64 4.777753
210 27 126 36 36 2.743262
210 198 162 36 36 1.797995
210 297 162 36 36 2.000115
210 7 21 28 28 0.995565
210 14 14 28 28 2.826083
210 14 21 28 28 1.389284
210 112 133 28 28 3.128849
210 119 119 28 28 0.700754
210 119 133 28 28 2.932593
210 126 126 28 28 0.862349
210 126 133 28 28 0.837773
210 168 119 28 28 1.603848
210 168 126 28 28 1.129141
210 448 7 28 28 2.831042
210 448 14 28 28 3.855470
210 455 0 28 28 0.094993
210 462 0 28 28 2.593347
210 462 7 28 28 0.571828
210 469 0 28 28 1.397793
210 480 12 24 24 2.348383
210 486 6 24 24 0.424512
210 486 12 24 24 1.585322
210 492 0 24 24 4.100864
210 492 6 24 24 2.061964
210 498 0 24 24 5.198391
210 498 6 24 24 2.974663
240 16 32 64 64 0.216549
240 32 16 64 64 0.063459
240 48 0 64 64 4.751940
240 48 16 64 64 3.213294
240 352 0 64 64 1.749724
240 352 16 64 64 1.110443
240 264 154 44 44 0.210087
240 160 160 40 40 3.179718
240 170 160 40 40 0.488523
240 9 126 36 36 1.407977
240 27 126 36 36 2.047839
240 162 162 36 36 0.367284
240 162 171 36 36 2.078679
240 288 171 36 36 0.267331
240 0 128 32 32 0.359842
240 16 128 32 32 4.528344
240 24 112 32 32 0.626320
240 24 128 32 32 4.274062
240 0 133 28 28 0.680520
240 350 119 28 28 0.201885
240 357 112 28 28 0.262773
240 357 119 28 28 3.328973
240 357 126 28 28 2.073164
240 448 0 28 28 2.312088
240 462 133 28 28 1.125006
240 469 133 28 28 1.520142
240 102 18 24 24 2.115138
240 390 18 24 24 0.534048
240 396 18 24 24 2.623748
240 402 12 24 24 0.386652
240 402 18 24 24 4.372519
240 492 0 24 24 2.546664
270 16 16 64 64 0.777409
270 32 0 64 64 3.489534
270 32 16 64 64 0.458820
270 48 0 64 64 2.960204
270 256 0 64 64 1.365963
270 352 0 64 64 1.472630
270 288 36 48 48 0.871172
270 288 36 48 48 0.871172
270 264 154 44 44 1.908491
270 160 170 40 40 0.254371
270 0 126 36 36 0.700581
270 9 126 36 36 2.901139
270 18 126 36 36 2.472174
270 0 128 32 32 1.800825
270 0 136 32 32 1.957294
270 0 144 32 32 0.889009
270 8 136 32 32 3.128431
270 8 144 32 32 1.473843
270 16 136 32 32 0.255446
270 24 128 32 32 1.938872
270 7 133 28 28 0.028478
270 336 112 28 28 0.237531
270 350 112 28 28 2.655172
270 350 119 28 28 1.038346
270 350 133 28 28 0.205540
270 357 112 28 28 5.254998
270 357 119 28 28 4.343734
270 357 126 28 28 3.443711
270 357 133 28 28 4.735675
270 12 84 24 24 0.655635
270 18 84 24 24 2.664824
270 402 6 24 24 0.898871
270 402 12 24 24 1.588698
300 32 0 64 64 1.531495
300 48 0 64 64 2.045314
300 48 16 64 64 1.343553
300 288 36 48 48 1.063270
300 408 36 48 48 1.164117
300 288 36 48 48 1.063270
300 408 36 48 48 1.164117
300 0 126 36 36 1.895225
300 9 126 36 36 0.886775
300 8 128 32 32 1.084072
300 16 128 32 32 1.976725
300 21 133 28 28 1.009240
300 119 126 28 28 0.795997
300 0 6 24 24 1.937348
300 12 84 24 24 1.709136
300 390 0 24 24 0.158980
300 396 0 24 24 4.911180
300 396 6 24 24 3.481556
300 402 0 24 24 6.061864
300 402 6 24 24 3.102631
330 16 16 64 64 0.608456
330 32 0 64 64 0.342064
330 32 16 64 64 1.295349
330 48 0 64 64 2.722564
330 48 16 64 64 2.176504
330 256 0 64 64 0.533935
330 272 0 64 64 0.551317
330 408 36 48 48 1.523132
330 420 36 48 48 0.811187
330 408 36 48 48 1.523132
330 420 36 48 48 0.811187
330 0 126 36 36 1.868831
330 8 128 32 32 1.925591
330 8 136 32 32 0.715240
330 14 133 28 28 0.670758
330 21 133 28 28 0.560839
330 112 119 28 28 0.661747
330 112 126 28 28 3.849388
330 119 112 28 28 0.714169
330 119 126 28 28 1.423073
330 448 133 28 28 2.304148
330 455 133 28 28 5.000955
330 462 133 28 28 3.107006
330 0 6 24 24 0.799030
330 0 12 24 24 1.216411
330 0 84 24 24 0.189379
330 12 84 24 24 0.046293
360 16 16 64 64 2.869759
360 16 32 64 64 0.061613
360 32 0 64 64 1.251064
360 32 16 64 64 2.941482
360 48 0 64 64 3.958647
360 48 16 64 64 4.016312
360 256 0 64 64 1.041596
360 272 0 64 64 0.630358
360 420 36 48 48 1.672946
360 420 36 48 48 1.672946
360 30 10 40 40 1.210897
360 0 128 32 32 0.320518
360 24 128 32 32 1.924387
360 350 112 28 28 0.910120
360 448 119 28 28 0.380790
360 455 119 28 28 0.724885
360 469 7 28 28 0.571106
360 486 18 24 24 0.307064
390 0 32 64 64 0.397910
390 16 16 64 64 2.058338
390 16 32 64 64 1.704197
390 48 0 64 64 1.247478
390 48 16 64 64 1.111627
390 256 0 64 64 2.844308
390 272 0 64 64 1.527727
390 288 0 64 64 0.341738
390 420 36 48 48 0.108817
390 420 36 48 48 0.108817
390 18 126 36 36 0.928889
390 27 126 36 36 0.857575
390 16 128 32 32 2.654268
390 24 128 32 32 3.765563
390 24 136 32 32 0.240776
390 350 112 28 28 0.505526
390 357 112 28 28 3.395822
420 16 48 64 64 1.309237
420 32 32 64 64 1.546271
420 32 48 64 64 4.084994
420 48 0 64 64 0.900530
420 48 32 64 64 0.796819
420 48 48 64 64 4.400276
420 256 0 64 64 0.329528
420 272 0 64 64 0.692453
420 272 16 64 64 0.592861
420 20 0 40 40 3.241290
420 20 10 40 40 1.729224
420 30 0 40 40 2.445767
420 30 10 40 40 0.493686
420 27 9 36 36 0.269132
420 27 18 36 36 0.192386
420 306 306 36 36 0.130993
420 357 112 28 28 4.560893
450 16 0 64 64 0.074403
450 16 16 64 64 3.190083
450 16 32 64 64 1.390306
450 32 0 64 64 2.303304
450 32 16 64 64 5.341726
450 32 32 64 64 0.119427
450 48 0 64 64 6.024940
450 48 16 64 64 7.708348
450 48 32 64 64 0.706837
450 256 0 64 64 3.391265
450 256 16 64 64 0.464555
450 272 0 64 64 1.780983
450 272 16 64 64 3.067806
450 288 0 64 64 0.749508
450 0 0 44 44 1.038100
450 0 0 40 40 0.404254
450 0 10 40 40 0.557814
450 0 20 40 40 0.281027
450 10 0 40 40 0.316992
450 10 10 40 40 4.109494
450 20 10 40 40 2.563831
450 9 18 36 36 0.190327
450 9 27 36 36 2.317522
450 18 18 36 36 3.289175
450 18 27 36 36 3.378082
450 27 18 36 36 2.339917
450 27 27 36 36 1.422403
450 357 112 28 28 1.254066
450 357 119 28 28 1.676031
450 0 198 24 24 1.342728
450 0 204 24 24 0.895072
450 6 192 24 24 1.992403
450 6 198 24 24 6.513079
450 6 204 24 24 3.596120
450 12 192 24 24 2.706795
450 12 198 24 24 3.683149
450 12 204 24 24 1.983867
480 0 16 64 64 2.470917
480 0 32 64 64 1.355201
480 16 0 64 64 0.322286
480 16 16 64 64 7.869785
480 16 32 64 64 2.412551
480 32 16 64 64 6.454041
480 256 0 64 64 3.912614
480 256 16 64 64 5.951324
480 256 32 64 64 1.141267
480 216 36 48 48 0.177412
480 288 36 48 48 2.161650
480 216 36 48 48 0.177412
480 288 36 48 48 2.161650
480 0 27 36 36 3.478489
480 9 27 36 36 0.595646
480 27 126 36 36 0.127694
480 16 0 32 32 1.214575
480 24 0 32 32 0.110155
480 21 0 28 28 0.554865
480 21 7 28 28 1.614623
480 336 119 28 28 1.901473
480 343 112 28 28 0.008347
480 343 119 28 28 7.708091
480 343 126 28 28 4.478016
480 350 119 28 28 2.345065
480 350 126 28 28 0.530192
480 0 0 24 24 1.011327
480 0 6 24 24 2.550879
480 6 6 24 24 2.479578
480 306 0 24 24 0.163647
510 0 0 64 64 2.198338
510 0 16 64 64 7.938436
510 256 0 64 64 2.358733
510 256 16 64 64 2.641306
510 24 36 48 48 2.788163
510 264 24 48 48 1.485926
510 264 36 48 48 4.685807
510 24 36 48 48 2.788163
510 264 24 48 48 1.485926
510 264 36 48 48 4.685807
510 33 33 44 44 0.440328
510 0 126 36 36 0.393839
510 0 128 32 32 1.099113
510 0 136 32 32 4.518708
510 8 136 32 32 2.314789
510 8 144 32 32 0.520352
510 272 0 32 32 1.515813
510 272 112 32 32 0.015541
510 280 112 32 32 0.096666
510 0 0 28 28 1.229351
510 0 7 28 28 3.388771
510 0 133 28 28 1.140175
510 7 7 28 28 1.818952
510 6 12 24 24 1.097643
510 12 18 24 24 1.636364
540 352 16 64 64 0.871580
540 0 24 48 48 4.883865
540 0 36 48 48 5.190836
540 264 24 48 48 0.400389
540 264 36 48 48 1.119256
540 0 24 48 48 4.883865
540 0 36 48 48 5.190836
540 264 24 48 48 0.400389
540 264 36 48 48 1.119256
540 0 22 44 44 0.306319
540 0 33 44 44 6.821633
540 11 22 44 44 1.174162
540 11 33 44 44 3.653948
540 10 30 40 40 0.461681
540 20 30 40 40 1.408648
540 27 153 36 36 1.721738
540 0 128 32 32 0.461863
540 0 136 32 32 0.279647
540 0 144 32 32 0.479179
540 256 112 32 32 0.620275
540 0 21 28 28 0.558868
540 18 84 24 24 0.580448
570 256 0 64 64 8.908537
570 256 16 64 64 3.504470
570 0 0 48 48 5.319191
570 0 12 48 48 9.416266
570 0 24 48 48 7.649190
570 0 36 48 48 4.703734
570 12 12 48 48 0.735795
570 0 0 48 48 5.319191
570 0 12 48 48 9.416266
570 0 24 48 48 7.649190
570 0 36 48 48 4.703734
570 12 12 48 48 0.735795
570 0 0 44 44 3.369101
570 0 11 44 44 8.301861
570 0 22 44 44 7.401193
570 0 33 44 44 2.086492
570 11 0 44 44 5.726220
570 11 11 44 44 4.849352
570 11 22 44 44 5.010687
570 11 33 44 44 2.271089
570 0 20 40 40 0.979498
570 0 30 40 40 2.299148
570 0 140 40 40 1.386581
570 10 10 40 40 4.783083
570 10 20 40 40 8.741325
570 10 30 40 40 6.718456
570 20 10 40 40 6.128904
570 20 20 40 40 4.305058
570 20 30 40 40 3.698018
570 9 27 36 36 0.204449
570 9 144 36 36 1.533005
570 18 18 36 36 1.433050
570 18 27 36 36 3.367441
570 27 9 36 36 1.263527
570 27 18 36 36 1.489614
570 16 152 32 32 1.060430
570 136 144 32 32 1.334827
570 256 112 32 32 1.699441
570 21 98 28 28 0.245437
570 238 133 28 28 0.627900
570 245 112 28 28 2.844290
570 6 12 24 24 2.760744
570 12 96 24 24 0.935027
570 18 96 24 24 2.387483
600 0 0 64 64 5.273986
600 16 0 64 64 2.196322
600 16 48 64 64 3.254016
600 256 32 64 64 0.223554
600 272 0 64 64 1.454620
600 272 16 64 64 1.816725
600 288 0 64 64 0.747729
600 12 12 48 48 0.551206
600 24 0 48 48 1.931266
600 24 12 48 48 2.967484
600 36 0 48 48 6.603508
600 36 12 48 48 8.717019
600 36 24 48 48 1.008448
600 12 12 48 48 0.551206
600 24 0 48 48 1.931266
600 24 12 48 48 2.967484
600 36 0 48 48 6.603508
600 36 12 48 48 8.717019
600 36 24 48 48 1.008448
600 0 33 44 44 0.354898
600 22 11 44 44 1.569139
600 22 22 44 44 0.429536
600 33 0 44 44 0.254607
600 33 11 44 44 2.494331
600 33 22 44 44 1.380572
600 0 20 40 40 1.171569
600 0 30 40 40 3.599477
600 30 20 40 40 0.339146
600 0 27 36 36 2.893945
600 9 27 36 36 1.515921
600 297 9 36 36 1.286169
600 297 18 36 36 3.223680
600 24 0 32 32 1.103107
600 264 24 32 32 0.029902
600 272 24 32 32 0.958567
600 280 136 32 32 1.274016
600 14 112 28 28 0.101896
600 21 112 28 28 5.978680
600 21 119 28 28 0.409723
600 343 126 28 28 3.538271
600 350 126 28 28 0.945538
600 306 114 24 24 2.277841
630 170 0 40 40 0.513931
630 0 162 36 36 0.265307
630 153 0 36 36 3.396888
630 192 16 32 32 0.086966
630 168 14 28 28 4.177124
630 168 21 28 28 4.882511
630 231 119 28 28 0.779272
630 238 119 28 28 4.364472
630 238 126 28 28 2.353826
630 245 119 28 28 4.053883
630 245 126 28 28 2.127501
630 192 108 24 24 2.210149
630 192 114 24 24 4.760793
630 198 108 24 24 2.464277
630 198 114 24 24 3.564670
630 204 108 24 24 3.899131
630 204 114 24 24 4.818497
630 210 102 24 24 0.656531
630 210 108 24 24 7.128964
630 210 114 24 24 4.928320
660 0 168 48 48 1.054356
660 36 168 48 48 1.241435
660 0 168 48 48 1.054356
660 36 168 48 48 1.241435
660 11 176 44 44 1.559878
660 187 187 44 44 0.505473
660 20 180 40 40 0.633526
660 432 171 36 36 0.759577
660 441 171 36 36 1.604946
660 384 112 32 32 1.246870
660 392 112 32 32 1.806556
660 350 133 28 28 0.556726
660 357 126 28 28 0.810990
660 357 133 28 28 0.308733
660 455 133 28 28 0.403939
690 0 11 44 44 0.069505
690 0 198 44 44 3.355956
690 0 209 44 44 1.991779
690 11 11 44 44 0.693297
690 11 198 44 44 1.651731
690 11 209 44 44 1.343933
690 176 154 44 44 0.359547
690 264 154 44 44 0.160441
690 180 170 40 40 3.283542
690 180 180 40 40 2.049649
690 18 18 36 36 2.210525
690 24 24 32 32 0.818743
690 14 238 28 28 0.157017
690 14 245 28 28 3.185479
690 21 238 28 28 0.540976
690 21 245 28 28 5.756675
690 154 224 28 28 4.063037
690 154 231 28 28 2.009180
690 154 238 28 28 3.073811
690 132 198 24 24 1.173935
690 198 210 24 24 3.866609
690 204 210 24 24 4.075824
690 300 210 24 24 3.721372
690 306 204 24 24 2.541725
690 306 210 24 24 5.134383
690 492 198 24 24 0.550732
690 492 204 24 24 2.038288
720 9 144 36 36 0.626094
720 16 152 32 32 4.155621
720 256 128 32 32 3.163177
720 264 128 32 32 3.271266
720 272 112 32 32 1.028733
720 272 128 32 32 1.437231
720 462 133 28 28 0.893779
720 469 133 28 28 0.325713
750 48 32 64 64 0.349960
750 400 112 32 32 0.527664
750 154 133 28 28 2.187811
750 168 126 28 28 7.383594
750 168 133 28 28 7.080325
750 224 133 28 28 2.073392
750 455 119 28 28 3.141332
750 455 126 28 28 1.488043
750 462 119 28 28 2.363840
750 462 126 28 28 3.803728
750 469 126 28 28 0.846192
780 0 126 36 36 1.320662
780 9 126 36 36 0.744257
780 27 126 36 36 2.099149
780 136 112 32 32 4.821034
780 136 128 32 32 2.262705
780 144 112 32 32 5.526916
780 144 128 32 32 4.043139
780 400 112 32 32 3.123907
780 400 128 32 32 0.363671
780 408 128 32 32 2.562314
780 119 133 28 28 0.240110
780 126 133 28 28 2.335231
780 154 126 28 28 4.813206
780 154 133 28 28 7.270824
780 168 126 28 28 2.113169
780 168 133 28 28 3.538975
780 245 126 28 28 2.559171
780 469 126 28 28 0.906494
780 492 96 24 24 0.041072
810 352 16 64 64 3.557567
810 352 32 64 64 4.083492
810 112 126 28 28 0.804089
810 112 133 28 28 1.754337
810 119 126 28 28 5.846076
810 119 133 28 28 5.948190
810 126 126 28 28 7.009239
810 126 133 28 28 7.959082
810 154 133 28 28 4.513005
810 231 126 28 28 1.000747
840 459 126 36 36 2.750718
840 112 126 28 28 4.929376
840 112 133 28 28 3.265428
840 119 126 28 28 5.879371
840 119 133 28 28 6.125646
840 126 126 28 28 3.102965
840 126 133 28 28 6.197033
840 154 126 28 28 1.423480
840 154 133 28 28 3.367587
840 231 119 28 28 1.785151
840 238 119 28 28 1.165160
840 343 112 28 28 0.129844
840 343 119 28 28 1.390032
840 350 119 28 28 2.660449
840 357 119 28 28 1.051554
840 492 84 24 24 2.054903
840 498 84 24 24 3.192683
870 384 144 32 32 0.281722
870 384 152 32 32 1.685078
870 112 126 28 28 0.196106
870 112 133 28 28 7.658168
870 119 133 28 28 4.211114
870 238 119 28 28 0.162821
870 469 126 28 28 2.818198
870 469 133 28 28 3.888359
900 144 112 32 32 0.995340
900 112 133 28 28 2.305976
900 119 133 28 28 1.240784
900 126 133 28 28 0.221229
900 154 119 28 28 2.107868
900 231 112 28 28 0.588769
900 231 119 28 28 5.828012
900 238 112 28 28 4.190753
900 238 119 28 28 3.908071
900 448 126 28 28 0.022466
900 448 133 28 28 0.735772
900 455 126 28 28 2.393721
900 455 133 28 28 0.130238
900 462 119 28 28 3.712018
900 469 112 28 28 0.978472
900 469 119 28 28 3.387563
900 469 126 28 28 0.995022
900 498 114 24 24 1.060267
930 0 16 64 64 3.519808
930 0 32 64 64 3.435588
930 450 126 36 36 5.405510
930 450 144 36 36 0.248615
930 459 126 36 36 4.651499
930 459 144 36 36 0.189472
930 0 112 32 32 3.129726
930 8 112 32 32 3.073832
930 8 128 32 32 1.803014
930 16 112 32 32 2.076280
930 16 128 32 32 1.615589
930 24 112 32 32 0.695859
930 24 128 32 32 1.959863
930 136 112 32 32 3.678276
930 144 112 32 32 0.330816
930 384 112 32 32 7.034111
930 392 112 32 32 3.484156
930 400 112 32 32 5.396539
930 408 112 32 32 4.126742
930 7 126 28 28 1.303961
930 14 126 28 28 2.791152
930 14 133 28 28 0.944944
930 21 126 28 28 0.860430
930 21 133 28 28 4.306051
930 119 126 28 28 1.926890
930 126 126 28 28 3.325233
930 168 126 28 28 3.487663
930 168 133 28 28 0.238950
930 231 112 28 28 2.404360
930 231 119 28 28 2.745517
930 238 112 28 28 5.174709
930 238 119 28 28 0.783672
930 245 112 28 28 3.680559
930 336 126 28 28 1.440633
930 336 133 28 28 2.451980
930 343 112 28 28 1.432063
930 455 119 28 28 0.994608
930 455 126 28 28 2.490579
930 469 133 28 28 1.126295
960 0 128 32 32 0.150941
960 384 112 32 32 3.686785
960 392 112 32 32 5.624444
960 392 128 32 32 4.531325
960 392 136 32 32 0.671453
960 400 112 32 32 3.920631
960 400 128 32 32 5.625549
960 400 136 32 32 1.921998
960 408 112 32 32 6.183134
960 14 133 28 28 1.082720
960 224 112 28 28 0.692734
960 231 112 28 28 3.880084
960 231 119 28 28 0.356684
960 238 112 28 28 4.417180
960 336 119 28 28 2.168172
960 336 126 28 28 1.803542
960 343 112 28 28 0.335336
960 343 119 28 28 0.808405
960 343 126 28 28 1.788192
960 343 133 28 28 1.815794
960 350 112 28 28 0.886200
960 350 126 28 28 1.235799
960 350 133 28 28 1.788466
960 357 112 28 28 1.236152
960 455 133 28 28 2.539441
990 352 0 64 64 2.339097
990 352 16 64 64 0.076355
990 352 32 64 64 1.134982
990 0 126 36 36 0.195721
990 9 126 36 36 1.217268
990 8 128 32 32 0.631411
990 16 128 32 32 1.813950
990 16 136 32 32 0.554522
990 24 136 32 32 1.219248
990 128 112 32 32 0.864164
990 408 112 32 32 3.797578
990 126 112 28 28 1.158774
990 126 119 28 28 3.211161
990 126 126 28 28 2.535994
990 154 119 28 28 0.686114
990 168 119 28 28 0.659096
990 224 112 28 28 4.877840
990 224 119 28 28 0.805686
990 231 112 28 28 5.066824
990 231 119 28 28 1.064681
990 238 112 28 28 4.993321
990 336 126 28 28 1.727169
990 343 126 28 28 2.166089
990 350 119 28 28 1.854188
990 350 126 28 28 2.864420
990 357 119 28 28 1.828959
990 357 126 28 28 2.098919
990 448 133 28 28 0.872327
990 0 84 24 24 0.045231
990 6 84 24 24 0.188681
1020 112 112 28 28 1.347243
1020 112 119 28 28 4.747207
1020 112 126 28 28 7.439223
1020 119 112 28 28 1.435654
1020 119 119 28 28 5.039830
1020 119 126 28 28 5.288949
1020 126 112 28 28 4.230639
1020 126 119 28 28 5.371003
1020 126 126 28 28 1.024868
1020 224 112 28 28 5.081521
1020 224 119 28 28 0.305730
1020 231 112 28 28 4.762272
1020 238 112 28 28 1.457960
1020 343 119 28 28 1.910995
1020 350 112 28 28 2.449326
1020 350 119 28 28 4.667574
1020 350 126 28 28 0.917336
1020 357 112 28 28 2.713859
1020 357 119 28 28 6.508626
1020 357 126 28 28 1.548812
1020 462 112 28 28 2.071601
1020 462 119 28 28 1.393227
1020 462 126 28 28 0.083466
1020 462 133 28 28 0.444905
1020 469 112 28 28 4.900720
1020 469 119 28 28 4.034884
1020 469 133 28 28 3.238968
1050 432 126 36 36 0.883392
1050 441 126 36 36 0.478129
1050 168 112 28 28 1.620504
1050 168 119 28 28 4.626003
1050 224 112 28 28 5.758426
1050 231 112 28 28 1.250992
1050 357 112 28 28 0.044130
1050 357 119 28 28 3.329429
1050 448 133 28 28 2.490538
1050 462 133 28 28 1.542696
1050 469 126 28 28 1.156614
1050 469 133 28 28 2.999144
1080 384 112 32 32 2.066574
1080 392 112 32 32 2.051370
1080 400 112 32 32 0.875139
1080 0 126 28 28 0.032055
1080 126 126 28 28 0.496242
1080 154 112 28 28 0.594444
1080 224 98 28 28 1.084820
1080 231 98 28 28 0.703039
1080 336 119 28 28 1.207303
1080 343 119 28 28 0.257468
1080 343 126 28 28 3.201567
1080 350 126 28 28 1.998064
1080 448 112 28 28 4.849973
1080 448 119 28 28 3.234806
1080 455 112 28 28 4.285152
1080 455 119 28 28 0.922149
1080 462 112 28 28 0.483224
1080 462 119 28 28 0.330186
1080 300 18 24 24 0.417818
1080 306 18 24 24 3.893384
1110 0 16 64 64 2.954782
1110 256 0 64 64 0.849519
1110 0 112 32 32 1.900533
1110 8 112 32 32 4.338237
1110 16 112 32 32 3.444354
1110 24 112 32 32 2.206215
1110 7 112 28 28 0.353022
1110 7 119 28 28 1.495267
1110 14 119 28 28 3.165905
1110 14 126 28 28 0.616180
1110 21 112 28 28 0.650328
1110 21 119 28 28 4.766216
1110 21 126 28 28 0.980831
1110 224 98 28 28 3.837831
1110 231 98 28 28 0.132254
1110 343 119 28 28 2.394904
1110 343 126 28 28 2.078862
1110 350 126 28 28 3.180812
1110 357 119 28 28 0.420275
1110 357 126 28 28 0.659954
1110 448 126 28 28 0.763576
1140 352 16 64 64 0.549204
1140 264 36 48 48 3.075102
1140 264 36 48 48 3.075102
1140 384 128 32 32 1.013600
1140 384 136 32 32 3.279435
1140 392 128 32 32 3.993568
1140 392 136 32 32 5.307936
1140 400 128 32 32 2.977618
1140 400 136 32 32 4.395482
1140 408 136 32 32 2.429019
1140 408 144 32 32 1.104815
1140 0 98 28 28 0.054063
1140 343 98 28 28 0.638153
1140 350 98 28 28 1.062943
1140 357 98 28 28 1.222770
1140 108 114 24 24 0.462991
1140 192 114 24 24 0.672095
1140 384 96 24 24 0.937769
1140 384 102 24 24 2.650339
1140 384 108 24 24 1.049952
1140 384 114 24 24 0.336012
1140 402 96 24 24 0.618685
1170 256 0 64 64 0.810242
1170 352 0 64 64 1.326082
1170 352 16 64 64 0.817863
1170 264 36 48 48 2.637670
1170 384 36 48 48 2.280025
1170 396 24 48 48 1.894347
1170 396 36 48 48 5.995493
1170 408 36 48 48 2.580862
1170 264 36 48 48 2.637670
1170 384 36 48 48 2.280025
1170 396 24 48 48 1.894347
1170 396 36 48 48 5.995493
1170 408 36 48 48 2.580862
1170 459 144 36 36 2.153071
1170 459 153 36 36 3.461561
1170 392 136 32 32 0.771646
1170 392 144 32 32 1.362096
1170 400 144 32 32 3.563767
1170 400 152 32 32 0.420361
1170 119 112 28 28 1.247182
1170 343 112 28 28 0.714029
1170 306 18 24 24 0.886346
1170 480 192 24 24 0.714946
1170 480 198 24 24 2.446772
1170 498 210 24 24 0.519683
1200 352 16 64 64 0.003516
1200 352 32 64 64 0.521910
1200 336 112 28 28 3.147081
1200 336 119 28 28 1.291380
1200 343 112 28 28 1.132138
1200 350 112 28 28 0.648258
1200 198 114 24 24 4.482088
1200 204 102 24 24 0.564137
1200 204 108 24 24 3.558790
1200 204 114 24 24 5.419498
1200 210 102 24 24 1.541896
1200 210 108 24 24 2.013557
1200 210 114 24 24 5.033646
1200 306 0 24 24 2.455902
1230 352 32 64 64 0.622578
1230 374 33 44 44 0.932045
1230 459 0 36 36 0.707993
1230 459 9 36 36 3.468032
1230 459 18 36 36 0.873938
1230 336 112 28 28 0.248677
1230 343 119 28 28 0.872055
1230 343 126 28 28 0.499756
1230 192 102 24 24 2.196676
1230 198 102 24 24 2.533201
1230 198 108 24 24 0.850340
1260 272 0 64 64 1.067992
1260 288 16 64 64 0.206674
1260 352 0 64 64 1.169562
1260 352 48 64 64 0.272238
1260 384 0 48 48 1.689988
1260 384 12 48 48 1.944650
1260 396 0 48 48 0.698065
1260 396 12 48 48 1.995592
1260 384 0 48 48 1.689988
1260 384 12 48 48 1.944650
1260 396 0 48 48 0.698065
1260 396 12 48 48 1.995592
1260 385 11 44 44 0.332815
1260 432 0 36 36 5.103150
1260 432 9 36 36 1.904163
1260 0 112 32 32 7.492789
1260 8 112 32 32 4.704429
1260 408 144 32 32 0.002780
1260 408 152 32 32 5.001812
1260 0 112 28 28 0.546545
1260 0 119 28 28 3.874439
1260 7 112 28 28 1.715322
1260 7 119 28 28 6.396321
1260 7 126 28 28 5.505740
1260 14 119 28 28 4.502412
1260 14 126 28 28 5.936902
1260 21 126 28 28 1.211520
1260 168 119 28 28 0.208159
1260 336 112 28 28 2.485367
1260 343 112 28 28 1.046769
1260 357 133 28 28 1.632324
1260 448 7 28 28 2.541362
1260 448 14 28 28 2.990193
1260 396 114 24 24 2.336282
1260 486 108 24 24 2.200298
1260 492 108 24 24 0.384158
1290 432 144 36 36 0.247440
1290 384 128 32 32 3.979592
1290 384 136 32 32 7.132812
1290 384 144 32 32 3.738250
1290 392 128 32 32 1.671911
1290 392 136 32 32 3.404027
1290 392 144 32 32 2.841403
1290 400 144 32 32 1.523151
1290 408 152 32 32 0.465573
1290 112 112 28 28 0.866849
1290 112 119 28 28 3.187601
1290 119 112 28 28 3.760422
1290 119 119 28 28 4.283220
1290 126 112 28 28 4.518393
1290 126 119 28 28 4.410114
1290 154 112 28 28 2.133975
1290 168 112 28 28 0.720794
1290 343 112 28 28 3.995378
1290 350 112 28 28 3.528645
1290 357 112 28 28 0.865875
1290 498 108 24 24 0.603866
1320 352 0 64 64 7.058534
1320 352 16 64 64 7.972132
1320 352 32 64 64 1.260286
1320 459 171 36 36 0.136610
1320 136 112 32 32 0.365088
1320 144 112 32 32 2.514269
1320 408 112 32 32 1.150586
1320 154 112 28 28 0.850496
1320 154 119 28 28 3.658481
1320 154 126 28 28 4.779817
1320 168 119 28 28 1.035757
1320 224 119 28 28 1.745759
1320 357 112 28 28 2.657912
1320 357 119 28 28 3.511063
1320 486 210 24 24 0.991599
1320 492 210 24 24 2.046615
1350 9 126 36 36 4.150995
1350 18 126 36 36 4.332282
1350 27 126 36 36 1.731436
1350 459 126 36 36 2.115386
1350 8 136 32 32 0.275823
1350 16 136 32 32 5.261436
1350 16 144 32 32 6.443337
1350 16 152 32 32 0.238564
1350 24 136 32 32 6.449132
1350 24 144 32 32 8.485994
1350 24 152 32 32 0.186482
1350 128 112 32 32 1.249239
1350 384 112 32 32 3.085122
1350 392 112 32 32 3.671379
1350 126 126 28 28 0.083157
1350 224 119 28 28 0.350552
1350 224 126 28 28 3.121243
1350 448 119 28 28 6.503211
1350 448 126 28 28 10.371495
1350 455 119 28 28 7.567849
1350 455 126 28 28 11.969284
1350 455 133 28 28 0.764327
1350 462 119 28 28 4.969480
1350 462 126 28 28 7.293824
1380 48 16 64 64 2.842372
1380 48 32 64 64 2.369704
1380 256 16 64 64 2.830270
1380 256 32 64 64 2.705631
1380 352 16 64 64 4.125484
1380 352 32 64 64 1.672815
1380 0 126 36 36 2.776885
1380 18 126 36 36 1.172800
1380 0 128 32 32 4.536768
1380 0 136 32 32 5.062156
1380 0 144 32 32 0.007490
1380 8 128 32 32 3.157727
1380 8 136 32 32 1.570821
1380 8 144 32 32 0.794435
1380 16 136 32 32 1.820271
1380 16 144 32 32 0.408905
1380 24 136 32 32 1.618729
1380 24 144 32 32 1.732683
1380 392 128 32 32 0.333470
1380 7 98 28 28 1.094819
1380 7 133 28 28 0.624468
1380 14 133 28 28 0.975992
1380 119 126 28 28 0.544867
1380 224 119 28 28 0.903786
1380 224 126 28 28 7.811876
1380 224 133 28 28 1.023259
1380 231 126 28 28 0.385810
1380 448 126 28 28 2.136957
1380 455 126 28 28 2.518469
1380 462 119 28 28 1.682950
1380 462 126 28 28 3.349520
1380 462 133 28 28 0.185453
1380 469 126 28 28 0.505630
1380 6 96 24 24 2.633296
1380 12 96 24 24 5.496112
1380 12 102 24 24 3.464283
1380 18 96 24 24 2.355605
1380 18 102 24 24 1.079043
1410 0 32 64 64 2.499445
1410 16 0 64 64 1.472281
1410 16 16 64 64 3.261262
1410 16 32 64 64 1.513542
1410 32 0 64 64 2.102590
1410 32 16 64 64 4.554163
1410 32 32 64 64 1.438962
1410 256 0 64 64 0.703268
1410 256 16 64 64 4.427677
1410 256 32 64 64 4.800073
1410 272 0 64 64 2.531462
1410 272 16 64 64 3.342041
1410 272 32 64 64 0.652488
1410 459 126 36 36 3.937624
1410 0 128 32 32 1.112682
1410 392 112 32 32 3.069392
1410 392 128 32 32 2.310556
1410 400 112 32 32 0.522987
1410 400 128 32 32 2.471460
1410 0 126 28 28 1.332558
1410 0 133 28 28 4.010704
1410 7 133 28 28 0.084976
1410 224 126 28 28 2.806936
1410 336 133 28 28 0.292565
1440 0 0 64 64 4.762321
1440 0 16 64 64 3.777053
1440 0 32 64 64 1.925185
1440 16 0 64 64 4.447493
1440 16 16 64 64 6.417661
1440 16 32 64 64 5.145714
1440 32 0 64 64 0.923686
1440 32 16 64 64 4.015425
1440 32 32 64 64 6.592932
1440 48 32 64 64 4.608844
1440 256 16 64 64 1.755197
1440 256 32 64 64 1.389497
1440 272 0 64 64 2.703387
1440 272 16 64 64 7.130966
1440 272 32 64 64 5.604263
1440 288 0 64 64 1.877417
1440 288 16 64 64 5.740668
1440 288 32 64 64 3.257787
1440 288 48 64 64 0.255211
1440 352 16 64 64 0.901571
1440 33 0 44 44 1.500064
1440 400 112 32 32 0.158043
1440 408 112 32 32 0.516019
1440 112 133 28 28 0.899773
1440 119 133 28 28 3.051481
1440 126 133 28 28 0.271649
1440 168 133 28 28 1.921530
1440 224 119 28 28 4.278616
1440 224 126 28 28 4.193488
1440 231 126 28 28 0.553635
1440 350 133 28 28 2.842905
1440 357 133 28 28 4.753150
1440 448 112 28 28 0.270317
1440 448 119 28 28 0.727330
1440 455 119 28 28 0.491896
1440 455 133 28 28 1.921463
1440 462 112 28 28 3.057773
1440 462 119 28 28 3.114623
1440 462 133 28 28 1.748869
1440 469 119 28 28 0.648478
1440 469 133 28 28 1.479208
1440 498 6 24 24 3.058033
1470 0 0 64 64 0.999390
1470 0 16 64 64 4.463181
1470 0 32 64 64 2.308739
1470 16 16 64 64 0.366815
1470 16 32 64 64 0.755878
1470 272 0 64 64 5.996587
1470 272 16 64 64 4.120116
1470 288 0 64 64 2.533173
1470 288 16 64 64 1.537055
1470 0 0 40 40 0.301799
1470 10 10 40 40 2.158496
1470 0 0 36 36 5.325419
1470 0 9 36 36 2.189409
1470 9 0 36 36 3.496973
1470 9 9 36 36 1.276891
1470 18 0 36 36 1.516180
1470 18 9 36 36 2.787798
1470 18 18 36 36 6.058719
1470 27 18 36 36 0.466035
1470 0 0 32 32 5.392879
1470 0 8 32 32 5.131879
1470 0 16 32 32 1.495907
1470 8 0 32 32 5.225473
1470 8 8 32 32 3.789961
1470 8 16 32 32 2.909206
1470 8 24 32 32 0.745645
1470 16 0 32 32 3.244220
1470 16 8 32 32 2.951005
1470 16 16 32 32 3.142608
1470 24 0 32 32 1.220800
1470 24 8 32 32 2.452110
1470 24 16 32 32 3.413175
1470 24 24 32 32 6.637073
1470 24 112 32 32 4.850274
1470 24 128 32 32 3.207894
1470 24 136 32 32 0.892550
1470 128 128 32 32 1.905939
1470 192 112 32 32 0.902765
1470 256 112 32 32 0.886593
1470 384 144 32 32 3.776982
1470 384 152 32 32 2.270840
1470 392 144 32 32 5.494370
1470 392 152 32 32 5.449841
1470 7 14 28 28 5.840733
1470 7 21 28 28 5.413177
1470 14 7 28 28 1.190854
1470 14 14 28 28 5.813658
1470 14 21 28 28 7.395586
1470 21 14 28 28 1.130632
1470 21 21 28 28 6.240303
1470 224 119 28 28 6.310711
1470 224 126 28 28 1.894562
1470 462 98 28 28 4.388296
1470 462 112 28 28 3.417899
1470 462 119 28 28 0.785563
1470 469 98 28 28 2.654606
1470 469 112 28 28 4.959086
1470 469 119 28 28 4.409794
1470 12 18 24 24 4.063886
1470 18 18 24 24 5.028086
1470 480 108 24 24 0.637205
1470 480 114 24 24 4.975701
1470 486 114 24 24 5.104857
1470 492 108 24 24 1.809226
1470 492 114 24 24 0.567411
1470 498 108 24 24 2.632880
1470 498 114 24 24 1.904132
1500 272 0 64 64 0.133919
1500 0 152 32 32 1.416536
1500 16 112 32 32 0.935988
1500 24 112 32 32 3.172784
1500 192 112 32 32 0.295910
1500 384 144 32 32 1.578790
1500 392 144 32 32 2.341624
1500 112 126 28 28 7.464389
1500 112 133 28 28 2.429243
1500 119 126 28 28 3.978663
1500 126 126 28 28 1.012229
1500 168 119 28 28 1.705419
1500 168 126 28 28 0.191022
1500 245 119 28 28 3.552638
1500 245 126 28 28 2.285071
1500 462 119 28 28 0.574151
1500 0 0 24 24 0.402950
1500 0 6 24 24 3.341241
1500 0 12 24 24 2.957281
1500 6 0 24 24 2.072618
1500 6 6 24 24 1.490801
1500 6 12 24 24 0.511592
1500 12 0 24 24 0.139982
1500 498 102 24 24 0.268774
1500 498 108 24 24 1.179984
1500 498 114 24 24 0.185335
1530 0 16 64 64 0.238774
1530 374 22 44 44 1.225053
1530 374 33 44 44 3.354162
1530 0 126 36 36 0.146003
1530 9 126 36 36 2.466527
1530 18 126 36 36 3.516737
1530 27 126 36 36 1.067451
1530 0 128 32 32 1.610859
1530 0 136 32 32 0.852517
1530 24 128 32 32 6.148803
1530 192 112 32 32 2.946506
1530 119 126 28 28 0.583476
1530 126 126 28 28 1.446533
1530 245 119 28 28 4.389398
1530 343 133 28 28 2.034071
1530 455 119 28 28 0.354261
1530 455 126 28 28 0.082679
1530 462 119 28 28 0.672627
1530 469 119 28 28 1.399540
1530 12 96 24 24 3.473207
1530 18 84 24 24 0.198583
1530 18 96 24 24 4.505309
1560 441 171 36 36 0.155550
1560 0 112 32 32 3.043193
1560 128 112 32 32 0.512619
1560 176 112 32 32 2.905890
1560 192 112 32 32 1.915738
1560 256 112 32 32 0.105307
1560 0 126 28 28 4.766697
1560 0 133 28 28 2.057122
1560 7 126 28 28 1.198052
1560 112 126 28 28 0.463348
1560 119 119 28 28 4.375811
1560 119 126 28 28 0.816970
1560 126 112 28 28 0.846526
1560 126 119 28 28 5.754404
1560 126 126 28 28 1.639616
1560 168 119 28 28 3.430526
1560 168 126 28 28 3.151864
1560 350 119 28 28 0.788044
1560 357 119 28 28 1.516562
1560 0 108 24 24 0.081213
1560 0 114 24 24 1.906361
1560 6 96 24 24 0.083105
1560 6 102 24 24 2.726812
1560 6 108 24 24 2.904167
1560 6 114 24 24 2.722065
1560 12 96 24 24 2.467607
1560 12 102 24 24 5.304735
1560 12 108 24 24 3.354379
1560 12 114 24 24 0.624974
1560 18 96 24 24 1.719820
1560 396 96 24 24 1.813745
1560 396 102 24 24 3.255585
1560 402 96 24 24 1.139821
1560 402 102 24 24 2.312266
1560 480 210 24 24 0.629372
1560 492 102 24 24 3.491026
1560 492 108 24 24 3.536117
1560 492 114 24 24 0.350829
1560 498 102 24 24 3.002705
1560 498 108 24 24 4.376936
1560 498 114 24 24 1.525912
1590 352 0 64 64 1.065494
1590 352 16 64 64 2.373107
1590 352 32 64 64 0.780851
1590 352 48 64 64 0.684620
1590 363 22 44 44 1.685509
1590 363 33 44 44 1.144587
1590 374 22 44 44 1.191584
1590 128 112 32 32 1.431600
1590 176 112 32 32 2.026847
1590 192 112 32 32 6.513546
1590 256 112 32 32 1.115427
1590 384 144 32 32 0.143080
1590 392 152 32 32 1.690798
1590 400 144 32 32 0.171927
1590 400 152 32 32 1.677442
1590 119 126 28 28 3.220783
1590 126 126 28 28 5.727463
1590 357 119 28 28 2.178396
1590 204 114 24 24 1.721955
1590 210 108 24 24 0.533587
1590 210 114 24 24 1.463865
1590 486 114 24 24 1.075000
1590 498 0 24 24 1.023150
1620 352 0 64 64 3.585086
1620 352 16 64 64 3.260238
1620 384 0 48 48 0.500146
1620 384 12 48 48 2.421180
1620 384 24 48 48 0.899569
1620 384 36 48 48 1.483609
1620 396 0 48 48 0.465240
1620 396 12 48 48 2.808462
1620 396 24 48 48 6.262114
1620 396 36 48 48 9.253161
1620 408 24 48 48 0.267163
1620 408 36 48 48 4.692815
1620 384 0 48 48 0.500146
1620 384 12 48 48 2.421180
1620 384 24 48 48 0.899569
1620 384 36 48 48 1.483609
1620 396 0 48 48 0.465240
1620 396 12 48 48 2.808462
1620 396 24 48 48 6.262114
1620 396 36 48 48 9.253161
1620 408 24 48 48 0.267163
1620 408 36 48 48 4.692815
1620 352 22 44 44 0.845555
1620 176 112 32 32 0.113357
1620 192 112 32 32 1.508213
1620 112 119 28 28 2.392813
1620 112 126 28 28 1.545476
1620 154 112 28 28 0.556256
1620 154 119 28 28 1.009496
1620 168 126 28 28 0.707679
1620 238 119 28 28 0.853717
1620 245 112 28 28 3.572264
1620 245 119 28 28 4.279692
1620 448 14 28 28 3.039655
1620 448 112 28 28 5.443162
1620 448 119 28 28 0.775293
1620 455 112 28 28 0.596281
1620 192 108 24 24 0.991402
1620 192 114 24 24 2.269666
1620 198 108 24 24 0.801379
1620 198 114 24 24 1.385641
1620 204 114 24 24 0.465007
1620 384 6 24 24 0.680264
1620 390 0 24 24 2.165139
1620 498 204 24 24 0.297855
1620 498 210 24 24 1.102458
1650 192 112 32 32 2.714219
1650 256 112 32 32 1.158635
1650 400 112 32 32 1.447451
1650 408 112 32 32 2.136372
1650 112 119 28 28 0.882883
1650 126 133 28 28 0.777183
1650 462 112 28 28 1.814829
1650 102 108 24 24 0.168383
1650 108 108 24 24 4.736227
1650 108 114 24 24 3.401658
1650 198 108 24 24 0.275685
1650 492 0 24 24 0.666933
1650 492 6 24 24 1.197273
1680 352 16 64 64 1.106937
1680 136 112 32 32 3.437936
1680 144 112 32 32 4.002669
1680 176 112 32 32 1.741501
1680 192 112 32 32 2.335513
1680 154 119 28 28 0.937306
1680 154 126 28 28 2.066251
1680 168 119 28 28 2.819705
1680 245 112 28 28 0.818057
1680 448 119 28 28 2.179563
1680 448 126 28 28 4.097840
1680 448 133 28 28 0.323962
1680 455 126 28 28 2.053009
1680 462 119 28 28 0.573313
1680 96 102 24 24 4.222601
1680 96 108 24 24 8.783821
1680 96 114 24 24 3.679692
1680 102 108 24 24 4.609084
1680 102 114 24 24 3.676868
1680 108 108 24 24 3.285738
1680 108 114 24 24 2.548637
