30 352 16 64 64 1.730563
30 352 32 64 64 3.811702
30 352 48 64 64 2.752147
30 9 126 36 36 1.023725
30 16 136 32 32 0.091485
30 408 136 32 32 0.275486
60 288 16 64 64 2.092739
60 288 32 64 64 0.172432
60 30 140 40 40 1.963002
60 30 160 40 40 0.805040
60 27 171 36 36 3.068819
60 432 153 36 36 1.226090
60 441 153 36 36 1.283140
60 336 112 28 28 1.870541
60 336 119 28 28 0.416515
60 343 119 28 28 3.320145
60 455 112 28 28 0.900941
60 455 119 28 28 0.534131
90 0 16 64 64 0.271206
90 0 32 64 64 0.081794
90 288 16 64 64 1.943227
90 21 133 28 28 0.088621
90 224 126 28 28 0.996054
90 231 126 28 28 0.166467
90 336 119 28 28 1.002329
90 343 112 28 28 0.769151
90 343 119 28 28 4.454300
90 343 126 28 28 0.675202
90 350 119 28 28 4.171931
90 350 126 28 28 1.386127
90 357 119 28 28 0.248580
120 16 16 64 64 1.128916
120 16 32 64 64 0.633284
120 112 133 28 28 2.351709
120 119 126 28 28 2.214374
120 119 133 28 28 3.993540
120 224 119 28 28 0.750336
120 224 126 28 28 2.512508
120 231 126 28 28 3.005334
120 336 112 28 28 0.048827
120 336 119 28 28 0.457848
150 408 112 32 32 1.880557
150 154 133 28 28 0.633820
150 168 133 28 28 2.176651
150 224 126 28 28 3.316511
150 231 126 28 28 2.707258
150 231 133 28 28 0.518133
150 238 126 28 28 0.635989
150 245 112 28 28 2.979084
150 245 119 28 28 2.810720
150 245 126 28 28 0.615697
150 350 126 28 28 0.576969
150 357 119 28 28 0.278075
150 357 126 28 28 0.362043
180 32 32 64 64 0.353957
180 48 16 64 64 3.119966
180 48 32 64 64 1.763531
180 288 32 64 64 0.356827
180 432 126 36 36 0.417533
180 441 126 36 36 0.849406
180 441 153 36 36 0.818749
180 450 126 36 36 1.531856
180 459 126 36 36 0.592051
180 128 128 32 32 1.413323
180 136 112 32 32 0.307896
180 136 128 32 32 0.723832
180 144 112 32 32 0.085837
180 192 112 32 32 1.964137
180 0 119 28 28 0.687387
180 112 133 28 28 1.483195
180 154 126 28 28 2.770775
180 224 112 28 28 0.100202
180 224 119 28 28 0.424420
180 231 119 28 28 1.788573
180 231 126 28 28 3.120436
180 238 119 28 28 2.107556
180 238 126 28 28 2.350242
180 469 133 28 28 1.122734
180 480 192 24 24 0.643875
180 486 192 24 24 0.153125
210 288 16 64 64 0.666314
210 176 112 32 32 0.677030
210 384 128 32 32 1.374161
210 392 128 32 32 0.712453
210 0 133 28 28 0.347790
210 112 126 28 28 2.377908
210 112 133 28 28 3.049331
210 119 133 28 28 1.380391
210 224 112 28 28 1.380850
210 224 119 28 28 4.391078
210 224 126 28 28 1.737302
210 231 119 28 28 2.115806
210 231 126 28 28 0.588913
210 231 133 28 28 0.272945
210 469 119 28 28 0.489262
210 469 126 28 28 2.796768
210 469 133 28 28 0.246447
240 0 16 64 64 1.104802
240 0 32 64 64 1.434230
240 352 32 64 64 0.427237
240 27 153 36 36 0.676624
240 450 126 36 36 1.976159
240 450 144 36 36 2.273257
240 450 153 36 36 0.261318
240 459 126 36 36 0.682734
240 459 144 36 36 3.989125
240 384 112 32 32 0.134997
240 400 112 32 32 0.865094
240 408 128 32 32 2.786811
240 224 119 28 28 0.089449
240 231 119 28 28 0.326179
240 336 112 28 28 4.752253
240 336 119 28 28 1.754004
240 343 112 28 28 2.297327
270 48 16 64 64 0.797220
270 0 144 36 36 3.200509
270 0 153 36 36 2.080885
270 9 144 36 36 2.388918
270 18 144 36 36 0.433604
270 27 144 36 36 0.562653
270 0 144 32 32 4.510778
270 0 152 32 32 4.191791
270 8 144 32 32 0.368880
270 8 152 32 32 3.027133
270 16 152 32 32 0.929573
270 24 144 32 32 2.124049
270 392 112 32 32 1.321674
270 168 126 28 28 1.217842
270 224 112 28 28 1.741782
270 231 112 28 28 1.249944
270 350 119 28 28 0.650687
270 455 126 28 28 4.593844
270 455 133 28 28 0.596135
270 462 126 28 28 3.718685
270 462 133 28 28 1.834543
270 204 6 24 24 1.080933
270 204 12 24 24 1.807184
270 210 0 24 24 2.436498
270 210 6 24 24 3.816323
270 210 12 24 24 3.617247
300 32 32 64 64 2.866863
300 48 32 64 64 0.341755
300 272 16 64 64 0.033816
300 288 0 64 64 2.038451
300 288 16 64 64 4.002604
300 432 126 36 36 1.617517
300 0 133 28 28 0.280859
300 224 112 28 28 1.624134
300 357 119 28 28 3.265875
330 0 32 64 64 0.686684
330 16 16 64 64 0.564270
330 16 32 64 64 2.066924
330 48 32 64 64 1.818888
330 272 0 64 64 2.381534
330 288 0 64 64 3.484564
330 288 16 64 64 2.771280
330 352 0 64 64 2.097295
330 352 16 64 64 0.708268
330 432 18 36 36 0.701687
330 384 112 32 32 0.959492
330 392 112 32 32 3.371920
330 400 112 32 32 4.184759
330 408 112 32 32 4.450597
330 357 133 28 28 1.842913
360 48 16 64 64 1.232332
360 352 0 64 64 1.943113
360 352 16 64 64 3.736585
360 264 36 48 48 2.809063
360 288 36 48 48 0.231321
360 264 36 48 48 2.809063
360 288 36 48 48 0.231321
360 112 98 28 28 2.045348
360 448 126 28 28 0.728692
360 455 119 28 28 2.969806
360 455 126 28 28 3.047179
360 462 119 28 28 4.799579
360 462 126 28 28 6.742533
360 462 133 28 28 3.002576
360 469 119 28 28 3.222148
360 469 126 28 28 3.820528
360 469 133 28 28 1.158362
360 108 114 24 24 3.440569
390 0 0 64 64 0.206186
390 16 16 64 64 0.302123
390 32 0 64 64 1.266292
390 32 16 64 64 0.803065
390 132 0 24 24 2.866816
390 288 0 24 24 0.382819
390 300 0 24 24 0.398794
390 306 0 24 24 0.240595
390 306 18 24 24 0.732691
390 492 6 24 24 0.280194
390 498 0 24 24 2.629176
390 498 6 24 24 0.913575
420 374 33 44 44 0.723804
420 14 119 28 28 0.500842
420 14 126 28 28 0.743833
420 0 114 24 24 0.511546
420 492 0 24 24 1.633255
420 498 0 24 24 2.394125
450 352 0 64 64 2.090072
450 264 36 48 48 2.146638
450 264 36 48 48 2.146638
450 0 112 28 28 2.592842
450 7 112 28 28 1.332510
450 336 98 28 28 0.122069
450 144 84 24 24 1.213194
480 0 0 64 64 1.960834
480 24 36 48 48 0.494013
480 36 24 48 48 1.006683
480 36 36 48 48 2.813206
480 24 36 48 48 0.494013
480 36 24 48 48 1.006683
480 36 36 48 48 2.813206
480 112 98 28 28 0.639037
480 119 98 28 28 4.138341
480 126 98 28 28 2.658706
480 132 102 24 24 2.097557
480 132 108 24 24 6.042871
480 144 108 24 24 0.042783
480 294 114 24 24 1.289873
510 96 114 24 24 1.182233
510 102 114 24 24 2.432767
510 108 114 24 24 0.822179
510 492 96 24 24 0.857225
510 498 96 24 24 0.233746
540 256 16 64 64 1.732484
540 126 126 28 28 0.998677
540 126 133 28 28 1.220648
540 210 102 24 24 1.216138
540 210 108 24 24 0.201464
570 256 16 64 64 1.818066
570 0 160 40 40 0.874243
570 0 170 40 40 1.940785
570 0 153 36 36 1.387415
570 0 162 36 36 4.109898
570 0 171 36 36 4.356080
570 9 162 36 36 1.026948
570 9 171 36 36 1.675807
570 154 112 28 28 0.406684
570 168 112 28 28 3.736959
570 168 119 28 28 1.957666
570 12 210 24 24 3.677459
570 18 204 24 24 5.848298
570 18 210 24 24 5.776885
570 210 102 24 24 1.048384
570 210 108 24 24 1.839053
570 210 114 24 24 1.116378
600 8 0 32 32 1.598828
600 128 112 32 32 0.284923
600 136 112 32 32 0.217512
600 144 112 32 32 0.336083
600 0 7 28 28 1.799829
600 7 0 28 28 1.932642
600 7 7 28 28 0.981723
600 14 0 28 28 3.950521
600 14 7 28 28 3.029299
600 21 0 28 28 0.357752
600 21 7 28 28 0.212106
600 6 12 24 24 0.175168
600 12 12 24 24 2.547979
600 12 18 24 24 2.248551
600 18 6 24 24 3.052194
600 18 12 24 24 3.250727
600 18 18 24 24 0.186887
600 192 114 24 24 0.100369
600 198 114 24 24 1.744468
600 396 114 24 24 0.513102
630 168 112 28 28 0.424390
630 168 119 28 28 0.669021
630 343 98 28 28 1.642726
630 350 98 28 28 3.823119
660 256 16 64 64 2.157879
660 256 32 64 64 1.413615
660 204 36 48 48 0.232494
660 204 36 48 48 0.232494
660 168 119 28 28 0.743451
690 256 32 64 64 0.729435
690 136 112 32 32 0.148205
690 357 98 28 28 0.098525
690 455 133 28 28 1.876996
720 32 16 64 64 0.435766
720 48 0 64 64 0.542580
720 48 16 64 64 1.190541
720 0 144 36 36 1.220616
720 8 152 32 32 0.122582
720 128 112 32 32 1.769865
720 128 128 32 32 0.014261
720 245 133 28 28 0.523304
720 343 133 28 28 2.096214
720 144 96 24 24 2.624018
720 498 84 24 24 2.650558
750 16 32 64 64 0.323068
750 48 0 64 64 1.939351
750 36 12 48 48 0.556926
750 36 12 48 48 0.556926
750 0 0 36 36 0.537781
750 0 0 32 32 1.106329
750 0 8 32 32 3.141213
750 0 16 32 32 2.343363
750 0 128 32 32 0.295910
750 8 0 32 32 3.816884
750 8 8 32 32 3.719334
750 8 16 32 32 2.147896
750 8 24 32 32 0.311089
750 24 136 32 32 1.185744
750 0 0 28 28 2.904248
750 0 7 28 28 0.542650
750 0 21 28 28 4.292734
750 7 0 28 28 0.899557
750 7 21 28 28 3.879667
750 7 126 28 28 0.066837
750 7 133 28 28 0.352504
750 14 0 28 28 0.588447
750 14 7 28 28 0.956308
750 14 21 28 28 3.491686
750 21 21 28 28 0.756602
750 0 0 24 24 0.207544
750 6 0 24 24 0.614137
750 6 6 24 24 4.023140
750 12 0 24 24 2.003282
750 12 6 24 24 3.036805
750 18 0 24 24 0.462423
750 18 6 24 24 1.089243
750 108 84 24 24 0.567929
750 132 84 24 24 0.828967
750 192 114 24 24 0.656411
750 486 96 24 24 1.644306
750 492 96 24 24 2.995193
750 498 96 24 24 3.071200
780 12 24 48 48 1.318172
780 24 0 48 48 2.060937
780 24 12 48 48 3.441115
780 24 24 48 48 4.493973
780 36 36 48 48 0.947595
780 12 24 48 48 1.318172
780 24 0 48 48 2.060937
780 24 12 48 48 3.441115
780 24 24 48 48 4.493973
780 36 36 48 48 0.947595
780 0 22 44 44 0.828765
780 22 11 44 44 0.797074
780 22 22 44 44 3.459657
780 22 33 44 44 2.077946
780 33 11 44 44 1.739948
780 33 22 44 44 6.110950
780 33 33 44 44 3.605548
780 352 33 44 44 0.375732
780 0 30 40 40 1.145306
780 30 30 40 40 5.057040
780 350 30 40 40 0.412677
780 21 21 28 28 0.236916
780 231 112 28 28 0.241839
780 238 112 28 28 1.833854
780 245 112 28 28 0.294266
780 492 204 24 24 0.638473
780 498 198 24 24 0.520377
810 396 24 48 48 0.047501
810 396 36 48 48 1.239406
810 396 24 48 48 0.047501
810 396 36 48 48 1.239406
810 450 126 36 36 3.837334
810 459 126 36 36 5.092979
810 176 112 32 32 4.673890
810 224 112 28 28 1.378143
810 231 112 28 28 0.717589
840 0 140 40 40 4.207417
840 10 140 40 40 5.156730
840 20 140 40 40 3.395761
840 30 140 40 40 2.039865
840 9 144 36 36 2.028357
840 18 144 36 36 3.796110
840 18 153 36 36 2.087117
840 27 144 36 36 3.568566
840 27 153 36 36 1.141948
840 24 152 32 32 1.106069
840 192 112 32 32 4.800614
840 119 98 28 28 1.382998
840 154 119 28 28 0.442145
840 154 126 28 28 3.194799
840 18 192 24 24 0.763604
840 18 198 24 24 1.402713
870 32 32 64 64 1.843413
870 32 48 64 64 1.629702
870 0 12 48 48 0.419585
870 0 24 48 48 1.460945
870 0 12 48 48 0.419585
870 0 24 48 48 1.460945
870 0 11 44 44 0.530497
870 0 22 44 44 1.264701
870 0 33 44 44 0.095268
870 11 33 44 44 3.206983
870 22 33 44 44 0.825135
870 242 0 44 44 1.125287
870 210 114 24 24 0.508954
900 0 0 64 64 0.456545
900 256 0 64 64 3.422154
900 256 16 64 64 2.320767
900 272 0 64 64 0.293819
900 242 0 44 44 1.541875
900 450 171 36 36 1.538796
900 459 171 36 36 0.615954
900 108 96 24 24 0.658338
900 390 102 24 24 2.111575
900 396 102 24 24 3.440934
900 480 192 24 24 0.156029
930 288 16 64 64 0.664338
930 352 0 64 64 0.562999
930 12 36 48 48 0.229070
930 24 36 48 48 1.916210
930 36 36 48 48 0.106320
930 192 24 48 48 0.117923
930 384 24 48 48 0.519804
930 12 36 48 48 0.229070
930 24 36 48 48 1.916210
930 36 36 48 48 0.106320
930 192 24 48 48 0.117923
930 384 24 48 48 0.519804
930 33 33 44 44 0.434658
930 385 33 44 44 1.236540
930 220 30 40 40 0.760222
930 459 162 36 36 0.487832
930 0 144 32 32 0.751980
930 176 112 32 32 4.058600
930 176 128 32 32 1.251791
930 7 119 28 28 0.224044
930 198 96 24 24 0.101964
930 198 114 24 24 0.103074
960 48 32 64 64 0.350426
960 48 48 64 64 2.469574
960 272 0 64 64 0.309475
960 288 16 64 64 3.835553
960 192 36 48 48 1.263309
960 192 36 48 48 1.263309
960 240 20 40 40 1.585059
960 240 30 40 40 0.010001
960 357 126 28 28 3.005831
960 448 98 28 28 3.051278
960 455 98 28 28 4.998420
960 462 98 28 28 2.431993
960 0 102 24 24 0.161732
960 0 108 24 24 4.366256
960 0 114 24 24 2.433459
960 6 108 24 24 2.786489
960 12 108 24 24 0.353560
960 198 114 24 24 2.943374
960 204 114 24 24 5.897311
960 210 114 24 24 8.904688
960 480 102 24 24 1.412364
960 480 108 24 24 2.592769
960 480 114 24 24 1.973814
960 486 108 24 24 0.043708
960 486 114 24 24 0.339404
990 256 0 64 64 1.552732
990 272 0 64 64 0.667541
990 192 36 48 48 2.700398
990 288 36 48 48 0.804579
990 192 36 48 48 2.700398
990 288 36 48 48 0.804579
990 0 33 44 44 0.778135
990 240 20 40 40 0.620548
990 392 128 32 32 1.626454
990 400 128 32 32 0.116371
990 14 7 28 28 0.271020
990 14 14 28 28 4.581004
990 21 14 28 28 0.728164
990 462 112 28 28 0.587991
990 469 133 28 28 1.043092
990 0 96 24 24 1.857994
990 12 96 24 24 0.523412
990 204 96 24 24 0.320586
990 210 114 24 24 1.789834
1020 16 0 64 64 2.843498
1020 16 16 64 64 0.143873
1020 32 0 64 64 0.615144
1020 272 0 64 64 2.012808
1020 192 36 48 48 4.651514
1020 204 36 48 48 2.368896
1020 288 36 48 48 0.354180
1020 192 36 48 48 4.651514
1020 204 36 48 48 2.368896
1020 288 36 48 48 0.354180
1020 242 11 44 44 0.310874
1020 459 144 36 36 0.994429
1020 224 112 28 28 0.632344
1020 343 112 28 28 0.924620
1020 462 0 28 28 1.198068
1020 462 7 28 28 3.066967
1020 469 0 28 28 8.864629
1020 469 7 28 28 11.710779
1020 0 0 24 24 1.204160
1020 0 6 24 24 1.359099
1020 480 6 24 24 6.201712
1020 480 12 24 24 15.590815
1020 480 18 24 24 5.666505
1020 486 12 24 24 5.671946
1020 492 12 24 24 0.151925
1050 288 16 64 64 0.006096
1050 192 36 48 48 2.174525
1050 216 0 48 48 2.753251
1050 216 12 48 48 0.357850
1050 192 36 48 48 2.174525
1050 216 0 48 48 2.753251
1050 216 12 48 48 0.357850
1050 33 33 44 44 0.168733
1050 240 20 40 40 1.962232
1050 8 112 32 32 3.278116
1050 16 112 32 32 1.601733
1050 7 126 28 28 1.638529
1050 14 126 28 28 4.304339
1050 14 133 28 28 1.404727
1050 21 119 28 28 1.023552
1050 21 126 28 28 4.734058
1050 21 133 28 28 0.308815
1050 192 96 24 24 0.231384
1050 498 0 24 24 7.942133
1080 192 0 48 48 1.171090
1080 204 0 48 48 2.675932
1080 192 0 48 48 1.171090
1080 204 0 48 48 2.675932
1080 220 10 40 40 1.210958
1080 220 20 40 40 1.797390
1080 154 112 28 28 2.630584
1080 154 119 28 28 4.808521
1080 168 112 28 28 0.087845
1080 168 119 28 28 4.031690
1080 0 96 24 24 1.170692
1080 192 114 24 24 0.879731
1110 256 32 64 64 0.019229
1110 187 0 44 44 0.910502
1110 187 11 44 44 3.058265
1110 187 22 44 44 1.572879
1110 128 112 32 32 4.481960
1110 136 112 32 32 2.764973
1110 119 119 28 28 0.879581
1110 126 112 28 28 3.981358
1110 126 119 28 28 6.792646
1110 126 126 28 28 3.636634
1110 224 112 28 28 0.660626
1110 132 114 24 24 0.166018
1110 144 84 24 24 0.156321
1110 144 96 24 24 3.729830
1110 204 84 24 24 3.529296
1140 16 16 64 64 0.001403
1140 16 32 64 64 2.628545
1140 32 0 64 64 4.811903
1140 32 16 64 64 4.703536
1140 32 32 64 64 2.198600
1140 48 0 64 64 3.395749
1140 48 16 64 64 3.822471
1140 160 20 40 40 0.211059
1140 160 30 40 40 0.566565
1140 176 112 32 32 1.136873
1140 168 119 28 28 0.473751
1140 462 98 28 28 2.344750
1140 102 96 24 24 0.639478
1140 108 96 24 24 0.702705
1140 132 84 24 24 1.648673
1170 0 0 64 64 0.366332
1170 0 16 64 64 5.481574
1170 0 32 64 64 0.407578
1170 352 16 64 64 2.565427
1170 352 32 64 64 3.904826
1170 352 48 64 64 3.883391
1170 242 11 44 44 0.596180
1170 288 153 36 36 0.121336
1170 432 126 36 36 2.823133
1170 0 112 32 32 0.314754
1170 408 152 32 32 1.309181
1170 0 119 28 28 1.525366
1170 245 98 28 28 1.028600
1170 288 0 24 24 1.752982
1170 294 0 24 24 0.828002
1200 242 154 44 44 0.267412
1200 264 154 44 44 4.050737
1200 264 187 44 44 0.217344
1200 30 160 40 40 1.122720
1200 30 170 40 40 1.278909
1200 180 160 40 40 0.982844
1200 220 160 40 40 0.081059
1200 220 170 40 40 2.102705
1200 240 160 40 40 1.443218
1200 240 170 40 40 2.248648
1200 240 180 40 40 1.844091
1200 320 180 40 40 0.485284
1200 198 171 36 36 1.858122
1200 216 0 36 36 4.085737
1200 216 9 36 36 1.812501
1200 216 18 36 36 0.008420
1200 288 162 36 36 3.246111
1200 288 171 36 36 1.295836
1200 297 162 36 36 0.109640
1200 400 128 32 32 2.130021
1200 400 136 32 32 0.868465
1200 231 7 28 28 0.391340
1200 231 14 28 28 0.301626
1200 238 7 28 28 2.454816
1200 0 192 24 24 1.769522
1200 0 198 24 24 1.570561
1200 6 108 24 24 0.637500
1200 6 192 24 24 0.447358
1200 12 192 24 24 0.211936
1200 12 198 24 24 0.586779
1200 108 114 24 24 0.161150
1200 192 210 24 24 0.676405
1200 402 210 24 24 0.376709
1200 486 204 24 24 0.036469
1230 0 176 44 44 0.512880
1230 0 160 40 40 0.380040
1230 0 190 40 40 0.396032
1230 10 190 40 40 1.376941
1230 0 162 36 36 3.827975
1230 0 171 36 36 1.692819
1230 9 162 36 36 2.040520
1230 12 210 24 24 0.377430
1230 204 210 24 24 0.336486
1230 210 204 24 24 0.056972
1230 384 204 24 24 1.478696
1230 390 204 24 24 1.167459
1230 396 198 24 24 0.193055
1230 396 204 24 24 0.998319
1230 402 198 24 24 0.464259
1230 402 204 24 24 0.250536
1230 480 192 24 24 0.932530
1230 486 192 24 24 0.848505
1230 498 192 24 24 1.070796
1260 192 136 32 32 1.652637
1260 192 144 32 32 1.506802
1260 6 210 24 24 1.489856
1260 12 210 24 24 0.378710
1260 96 198 24 24 0.813169
1260 96 204 24 24 1.023963
1260 384 96 24 24 0.967531
1260 384 102 24 24 1.411218
1260 390 102 24 24 0.796842
1290 0 32 64 64 0.716853
1290 16 32 64 64 1.539840
1290 32 16 64 64 0.863223
1290 32 32 64 64 2.748322
1290 0 126 36 36 0.531742
1290 18 126 36 36 0.267050
1290 16 136 32 32 0.583496
1290 16 144 32 32 0.167946
1290 16 152 32 32 0.477635
1290 24 144 32 32 0.063953
1290 256 112 32 32 0.369126
1290 256 128 32 32 1.771532
1290 256 136 32 32 1.636505
1290 264 128 32 32 1.857839
1290 264 136 32 32 0.723061
1290 231 126 28 28 1.409554
1290 238 126 28 28 5.107596
1290 238 133 28 28 1.228468
1290 245 126 28 28 2.000188
1290 245 133 28 28 3.629788
1320 180 30 40 40 1.552393
1320 0 128 32 32 1.277907
1320 0 136 32 32 1.428624
1320 192 112 32 32 1.932310
1320 264 112 32 32 1.398348
1320 384 128 32 32 0.141319
1320 336 133 28 28 1.357720
1350 432 126 36 36 0.697425
1350 256 112 32 32 0.884466
1350 384 128 32 32 1.213316
1350 384 136 32 32 0.853485
1350 392 128 32 32 2.568184
1350 400 112 32 32 1.120149
1350 400 128 32 32 2.742037
1350 408 128 32 32 7.082206
1350 408 136 32 32 2.938735
1350 350 119 28 28 1.826501
1350 350 126 28 28 0.736652
1350 357 112 28 28 0.716482
1350 357 119 28 28 5.618827
1350 357 126 28 28 7.462013
1350 357 133 28 28 5.422112
1350 448 133 28 28 1.938933
1350 455 126 28 28 1.782471
1350 455 133 28 28 3.989780
1380 352 0 64 64 0.226775
1380 352 16 64 64 2.315056
1380 352 32 64 64 0.859452
1380 8 144 32 32 0.598135
1380 16 144 32 32 0.680418
1380 280 112 32 32 1.962472
1380 336 119 28 28 2.044990
1380 343 119 28 28 2.058845
1380 455 119 28 28 1.179613
1380 462 119 28 28 3.419531
1380 462 126 28 28 2.262245
1380 462 133 28 28 0.486721
1380 469 119 28 28 2.314852
1380 469 126 28 28 2.815809
1380 469 133 28 28 0.312257
1380 192 102 24 24 1.380189
1410 22 154 44 44 0.067477
1410 33 154 44 44 2.781033
1410 30 170 40 40 1.461512
1410 30 180 40 40 0.305323
1410 280 112 32 32 2.244705
1410 0 231 28 28 2.655015
1410 0 238 28 28 2.638464
1410 7 231 28 28 3.125597
1410 7 238 28 28 1.890764
1410 14 231 28 28 2.684400
1410 14 238 28 28 0.316350
1410 336 112 28 28 2.151531
1410 336 119 28 28 3.968986
1410 455 126 28 28 0.352866
1410 462 126 28 28 0.463506
1410 469 126 28 28 0.810363
1410 294 6 24 24 0.335961
1410 300 0 24 24 2.153540
1410 300 6 24 24 1.401179
1410 480 300 24 24 0.153566
1440 256 0 64 64 1.729196
1440 256 16 64 64 1.826131
1440 272 0 64 64 1.238404
1440 272 16 64 64 0.355153
1440 288 0 64 64 2.231074
1440 315 0 36 36 1.587340
1440 8 0 32 32 0.121271
1440 280 112 32 32 5.693175
1440 14 0 28 28 1.110340
1440 14 7 28 28 3.349030
1440 21 0 28 28 2.598724
1440 336 21 28 28 1.370675
1440 336 119 28 28 0.849057
1440 343 119 28 28 0.796048
1440 288 12 24 24 2.090276
1440 288 18 24 24 2.563614
1440 294 6 24 24 2.190298
1440 294 12 24 24 3.626386
1440 300 6 24 24 3.629904
1440 300 12 24 24 5.886274
1440 300 18 24 24 2.364985
1440 306 0 24 24 0.048543
1440 306 6 24 24 3.604880
1440 306 12 24 24 8.050083
1440 306 18 24 24 1.025546
1470 256 0 64 64 1.152987
1470 256 16 64 64 3.585071
1470 272 16 64 64 0.399926
1470 288 16 64 64 1.124644
1470 280 112 32 32 7.585545
1470 350 112 28 28 1.391841
1470 102 12 24 24 0.476297
1470 108 6 24 24 0.254313
1470 108 12 24 24 4.233770
1500 256 0 64 64 2.748935
1500 256 16 64 64 1.933359
1500 272 112 32 32 0.092075
1500 280 112 32 32 6.586298
1500 408 152 32 32 0.217376
1500 343 112 28 28 0.509509
1500 294 96 24 24 0.028924
1530 272 112 32 32 2.996906
1530 280 112 32 32 2.858639
1530 343 112 28 28 0.571869
1530 343 119 28 28 1.532087
1530 350 112 28 28 0.454007
1530 350 119 28 28 2.749610
1560 256 16 64 64 1.949932
1560 272 16 64 64 2.381246
1590 256 0 64 64 1.559824
1590 256 16 64 64 0.952242
1590 272 0 64 64 3.133572
1590 272 16 64 64 0.930652
1590 288 0 64 64 2.194360
1590 288 16 64 64 2.537743
1590 280 112 32 32 2.249124
1590 384 112 32 32 0.389548
1590 462 7 28 28 0.380432
1590 480 12 24 24 0.336453
1590 480 18 24 24 2.436419
1620 256 0 64 64 3.075636
1620 272 0 64 64 2.581450
1620 288 0 64 64 1.421464
1620 352 16 64 64 2.413206
1620 280 112 32 32 2.193366
1620 486 6 24 24 1.213560
1650 0 32 64 64 0.845707
1650 16 32 64 64 2.184844
1650 16 48 64 64 3.315275
1650 32 48 64 64 3.015975
1650 48 48 64 64 0.121084
1650 352 16 64 64 1.370182
1650 352 32 64 64 1.560741
1650 384 0 32 32 0.625508
1650 392 0 32 32 1.128545
1650 400 128 32 32 1.608364
1650 408 128 32 32 0.719317
1650 343 119 28 28 0.561779
1650 384 18 24 24 0.002518
1680 16 32 64 64 0.285068
1680 432 0 36 36 0.198800
1680 392 0 32 32 2.890938
1680 400 0 32 32 1.600940
1680 168 119 28 28 0.508490
1680 343 119 28 28 0.921228
1680 350 119 28 28 1.423750
1680 357 0 28 28 1.623539
1680 357 7 28 28 0.045386
1680 448 14 28 28 2.730386
1680 448 21 28 28 1.884542
1680 455 14 28 28 0.669138
1680 402 0 24 24 0.434773
1680 402 6 24 24 3.003695
1680 402 12 24 24 4.369326
1680 402 18 24 24 1.419665
1710 256 0 64 64 0.238607
1710 450 126 36 36 0.579563
1710 459 126 36 36 1.818155
1710 128 112 32 32 0.390380
1710 136 112 32 32 4.262506
1710 144 112 32 32 1.151268
1710 400 8 32 32 2.446675
1710 408 0 32 32 3.717380
1710 408 8 32 32 3.967744
1710 14 98 28 28 1.013140
1710 21 98 28 28 0.930888
1710 154 126 28 28 0.342495
1710 448 7 28 28 3.160120
1710 12 0 24 24 1.752838
1710 390 0 24 24 0.821848
1740 256 0 64 64 0.449490
1740 256 16 64 64 1.601152
1740 459 144 36 36 1.666959
1740 128 112 32 32 3.255899
1740 136 112 32 32 1.907085
1740 136 128 32 32 0.083840
1740 400 112 32 32 0.392675
1740 408 112 32 32 0.655692
1740 357 126 28 28 1.126751
1740 357 133 28 28 3.019622
1770 0 16 64 64 0.064388
1770 256 0 64 64 3.893636
1770 256 16 64 64 0.176810
1770 352 16 64 64 0.959204
1770 384 112 32 32 0.158315
1770 384 128 32 32 3.182861
1770 245 112 28 28 0.772233
1770 300 18 24 24 1.232654
1770 306 18 24 24 2.674961
1800 256 0 64 64 4.806690
1800 272 0 64 64 2.920954
1800 204 36 48 48 1.335865
1800 204 36 48 48 1.335865
1800 432 126 36 36 4.327707
1800 441 126 36 36 0.601587
1800 272 112 32 32 0.257566
1800 280 112 32 32 0.889492
1800 238 112 28 28 0.116505
1800 336 0 28 28 4.989274
1800 198 18 24 24 6.048743
1800 204 18 24 24 3.426933
1830 204 36 48 48 4.719522
1830 216 36 48 48 4.586679
1830 204 36 48 48 4.719522
1830 216 36 48 48 4.586679
1830 24 136 32 32 0.173583
1830 272 112 32 32 0.085147
1830 280 112 32 32 0.508529
1830 112 119 28 28 0.856101
1830 119 112 28 28 3.037666
1830 119 119 28 28 3.954097
1830 126 112 28 28 1.730720
1830 126 119 28 28 1.634149
