30 0 32 64 64 2.536929
30 0 48 64 64 2.564214
30 16 16 64 64 1.235329
30 16 32 64 64 2.480674
30 32 16 64 64 1.167480
30 32 32 64 64 4.400316
30 48 16 64 64 2.672276
30 48 32 64 64 3.515747
30 459 126 36 36 1.630541
30 462 119 28 28 1.887112
30 462 126 28 28 1.042717
30 462 133 28 28 2.614223
30 469 119 28 28 1.185775
30 469 126 28 28 6.160412
30 469 133 28 28 9.042153
30 492 114 24 24 2.512901
30 498 0 24 24 1.108284
30 498 108 24 24 0.309695
30 498 114 24 24 4.451691
60 0 16 32 32 2.155518
60 0 24 32 32 2.266883
60 224 133 28 28 0.252127
60 448 119 28 28 1.342719
60 448 126 28 28 5.531683
60 448 133 28 28 1.755990
90 16 0 64 64 0.718377
90 0 126 36 36 1.535662
90 0 144 36 36 0.173809
90 245 133 28 28 0.099952
90 336 119 28 28 2.416101
90 343 119 28 28 1.741832
90 357 119 28 28 0.489200
90 357 126 28 28 0.380287
120 272 112 32 32 1.365234
120 280 112 32 32 3.227247
120 154 126 28 28 2.330743
120 224 112 28 28 1.162746
120 224 119 28 28 1.612060
120 224 126 28 28 0.316542
120 231 112 28 28 1.591672
120 231 119 28 28 1.267109
150 352 32 64 64 7.131360
150 352 48 64 64 2.413994
150 459 0 36 36 1.553512
150 8 128 32 32 0.333789
150 176 128 32 32 0.248525
150 154 133 28 28 1.379979
150 168 119 28 28 1.642733
150 168 126 28 28 2.560575
180 48 16 64 64 4.188419
180 352 32 64 64 4.481318
180 352 48 64 64 3.224913
180 11 11 44 44 0.020054
180 0 112 32 32 0.882208
180 256 128 32 32 4.031767
180 256 136 32 32 4.286325
180 0 126 28 28 5.037970
180 7 126 28 28 3.549299
180 112 126 28 28 0.764976
180 119 119 28 28 5.885675
180 119 126 28 28 6.794725
180 119 133 28 28 2.202616
180 126 112 28 28 0.716153
180 126 119 28 28 5.093876
180 126 126 28 28 4.300927
180 154 133 28 28 0.591607
180 168 119 28 28 1.672847
180 168 126 28 28 1.704433
180 168 133 28 28 2.530866
210 0 0 64 64 2.871014
210 0 16 64 64 0.303916
210 16 32 64 64 1.832597
210 32 32 64 64 2.443510
210 32 48 64 64 1.612813
210 0 168 48 48 3.076861
210 12 36 48 48 2.329199
210 0 168 48 48 3.076861
210 12 36 48 48 2.329199
210 0 187 44 44 1.604797
210 11 176 44 44 2.237596
210 11 187 44 44 2.904747
210 22 33 44 44 1.246935
210 352 0 44 44 0.809058
210 10 170 40 40 0.230357
210 10 180 40 40 1.279839
210 10 190 40 40 0.003195
210 20 170 40 40 0.909960
210 20 180 40 40 1.224748
210 459 144 36 36 0.704485
210 128 112 32 32 1.378675
210 128 136 32 32 0.713283
210 112 133 28 28 1.405755
210 126 133 28 28 0.757411
210 168 126 28 28 1.294361
210 168 133 28 28 2.471540
240 0 32 64 64 2.970714
240 16 16 64 64 0.565104
240 16 32 64 64 4.028947
240 32 16 64 64 2.527564
240 32 32 64 64 6.097916
240 32 48 64 64 1.505515
240 48 16 64 64 1.251909
240 48 32 64 64 4.443472
240 48 48 64 64 1.567925
240 288 16 64 64 1.144867
240 352 0 64 64 0.090658
240 27 126 36 36 2.717488
240 392 152 32 32 2.658978
240 400 136 32 32 1.047643
240 400 144 32 32 0.646128
240 400 152 32 32 3.907551
240 408 152 32 32 2.612467
240 126 133 28 28 0.971825
240 480 198 24 24 1.250429
240 486 192 24 24 1.479230
240 486 198 24 24 2.095500
240 492 192 24 24 1.398012
240 492 198 24 24 0.990370
270 256 16 64 64 0.800645
270 352 32 64 64 0.404841
270 352 48 64 64 0.169193
270 432 126 36 36 2.166718
270 432 171 36 36 0.830523
270 441 171 36 36 0.299436
270 0 136 32 32 0.857376
270 0 144 32 32 2.140327
270 448 133 28 28 0.408346
270 455 133 28 28 0.365378
270 462 133 28 28 3.774437
270 0 114 24 24 0.836144
270 96 108 24 24 1.818387
270 384 0 24 24 6.630867
270 384 6 24 24 1.434238
270 390 0 24 24 8.337414
270 390 6 24 24 5.327960
270 396 0 24 24 5.334467
270 396 6 24 24 3.591794
300 272 0 64 64 1.038159
300 272 16 64 64 0.672716
300 288 0 64 64 0.783415
300 288 16 64 64 0.072395
300 8 128 32 32 0.299171
300 400 112 32 32 0.008639
300 0 119 28 28 0.700895
300 0 126 28 28 1.079000
300 7 119 28 28 0.498495
300 7 126 28 28 1.774340
300 7 133 28 28 3.030023
300 14 126 28 28 1.213416
300 14 133 28 28 1.878243
330 136 112 32 32 0.287280
330 126 112 28 28 5.274036
330 154 119 28 28 0.721867
330 224 119 28 28 1.796380
330 231 119 28 28 2.775660
330 231 126 28 28 0.277124
330 238 112 28 28 1.120706
330 238 119 28 28 3.466978
330 238 126 28 28 0.762449
330 245 112 28 28 1.427830
330 245 119 28 28 5.239221
330 384 0 24 24 0.046609
330 384 6 24 24 1.573990
330 390 0 24 24 3.158630
330 390 6 24 24 4.361515
330 396 0 24 24 1.976204
330 396 6 24 24 2.188393
360 0 112 32 32 1.897491
360 8 112 32 32 0.044450
360 256 112 32 32 1.647968
360 264 112 32 32 5.234174
360 272 112 32 32 5.797259
360 280 112 32 32 4.902384
360 384 112 32 32 0.631875
360 0 126 28 28 0.536531
360 7 112 28 28 0.012678
360 7 126 28 28 3.857023
360 14 119 28 28 1.042874
360 168 112 28 28 0.795946
360 224 112 28 28 1.427417
360 224 119 28 28 1.152330
360 357 126 28 28 1.171911
360 357 133 28 28 0.813792
390 256 16 64 64 1.261318
390 0 36 48 48 0.090703
390 0 36 48 48 0.090703
390 432 126 36 36 1.295453
390 441 126 36 36 0.899758
390 450 126 36 36 1.807288
390 459 126 36 36 2.067639
390 264 112 32 32 2.403203
390 408 136 32 32 0.504035
390 343 126 28 28 0.034062
390 350 126 28 28 2.066806
390 350 133 28 28 3.009354
390 357 126 28 28 1.183739
390 357 133 28 28 3.597997
390 448 119 28 28 0.429170
390 455 119 28 28 0.723429
390 462 119 28 28 1.938727
390 462 126 28 28 0.743005
390 469 119 28 28 2.059233
390 469 126 28 28 3.213491
420 352 16 64 64 4.080408
420 352 32 64 64 2.519808
420 340 10 40 40 3.209379
420 432 18 36 36 1.707330
420 432 27 36 36 1.390218
420 432 126 36 36 2.267410
420 441 18 36 36 0.027811
420 441 27 36 36 2.964827
420 441 126 36 36 0.088229
420 450 18 36 36 0.300011
420 450 27 36 36 0.952472
420 450 126 36 36 0.765410
420 459 126 36 36 0.740757
420 256 112 32 32 0.460047
420 400 136 32 32 5.162130
420 408 128 32 32 0.618555
420 408 136 32 32 4.846879
420 231 119 28 28 3.208302
420 238 119 28 28 1.728469
420 245 112 28 28 1.726300
420 245 119 28 28 1.951145
420 336 126 28 28 0.185109
420 357 21 28 28 0.148268
420 448 133 28 28 3.705671
420 455 133 28 28 1.192837
420 462 133 28 28 0.376510
450 441 126 36 36 0.960814
450 450 126 36 36 3.660985
450 459 126 36 36 3.117674
450 384 112 32 32 3.749242
450 392 112 32 32 2.350027
450 400 112 32 32 0.041338
450 119 112 28 28 0.271470
450 126 112 28 28 0.448080
450 224 119 28 28 0.029486
450 336 126 28 28 2.150200
450 343 126 28 28 1.429794
450 343 133 28 28 1.638654
450 462 133 28 28 1.199865
480 0 16 64 64 5.956429
480 0 32 64 64 2.773017
480 16 16 64 64 4.047769
480 16 32 64 64 3.049536
480 32 16 64 64 5.304674
480 32 32 64 64 0.729257
480 48 16 64 64 0.679074
480 384 112 32 32 0.824891
480 231 119 28 28 0.422108
480 455 126 28 28 0.409319
480 462 126 28 28 3.001130
480 462 133 28 28 4.357207
480 469 133 28 28 3.695956
510 16 16 64 64 0.404644
510 32 32 64 64 0.410380
510 408 36 48 48 1.495922
510 420 36 48 48 2.230828
510 408 36 48 48 1.495922
510 420 36 48 48 2.230828
510 459 126 36 36 3.152797
510 256 112 32 32 0.205314
510 112 126 28 28 1.078833
510 357 126 28 28 0.696925
510 357 133 28 28 0.949113
510 448 126 28 28 0.585164
510 448 133 28 28 1.389928
510 455 133 28 28 2.045892
510 462 133 28 28 4.234057
510 469 133 28 28 5.061802
510 102 18 24 24 0.938367
540 192 112 32 32 1.025847
540 384 112 32 32 0.892916
540 392 112 32 32 2.342650
540 392 128 32 32 3.082283
540 392 136 32 32 0.653353
540 400 112 32 32 1.882469
540 400 128 32 32 2.033665
540 336 126 28 28 1.017163
540 343 119 28 28 3.460083
540 343 126 28 28 3.275813
540 350 119 28 28 2.777276
540 350 126 28 28 1.826015
540 357 119 28 28 0.589827
570 352 16 64 64 0.760959
570 384 24 48 48 1.124431
570 384 36 48 48 3.990645
570 396 24 48 48 1.548458
570 396 36 48 48 0.831086
570 384 24 48 48 1.124431
570 384 36 48 48 3.990645
570 396 24 48 48 1.548458
570 396 36 48 48 0.831086
570 9 144 36 36 0.262284
570 264 112 32 32 1.396543
570 400 112 32 32 1.606291
570 408 112 32 32 4.389044
570 350 126 28 28 0.841233
570 357 126 28 28 2.953858
570 462 98 28 28 0.025264
570 469 98 28 28 2.067033
570 198 114 24 24 0.696079
600 352 16 64 64 2.657259
600 352 32 64 64 0.298046
600 432 126 36 36 3.919600
600 441 126 36 36 2.777467
600 450 126 36 36 0.254791
600 280 112 32 32 1.216852
600 112 112 28 28 2.856585
600 119 112 28 28 0.451794
600 448 98 28 28 0.745320
600 448 119 28 28 2.212468
600 448 126 28 28 5.302884
600 448 133 28 28 4.527698
600 455 98 28 28 1.482962
600 455 119 28 28 1.900262
600 455 126 28 28 4.638270
600 455 133 28 28 4.618564
600 462 119 28 28 1.647892
600 462 126 28 28 3.363454
600 462 133 28 28 0.585037
600 192 108 24 24 1.789502
600 192 114 24 24 3.648503
600 300 108 24 24 0.518120
600 300 114 24 24 0.386102
630 288 0 64 64 2.107141
630 288 16 64 64 1.352130
630 288 32 64 64 1.499183
630 288 48 64 64 0.522117
630 176 33 44 44 0.491052
630 187 33 44 44 0.845897
630 154 112 28 28 2.105060
630 231 98 28 28 0.265108
630 238 98 28 28 1.195307
630 288 84 24 24 0.731291
660 400 128 32 32 2.829268
660 408 128 32 32 0.365916
660 408 136 32 32 0.201115
660 224 112 28 28 4.560255
660 498 114 24 24 3.557615
690 288 0 64 64 1.817762
690 384 36 48 48 0.491833
690 384 36 48 48 0.491833
690 0 112 32 32 0.899473
690 0 128 32 32 4.097946
690 8 128 32 32 1.166699
690 0 98 28 28 4.046105
690 7 98 28 28 4.549861
690 7 126 28 28 2.804736
690 7 133 28 28 3.803617
690 14 126 28 28 3.731158
690 14 133 28 28 4.042442
690 21 126 28 28 0.879130
690 21 133 28 28 1.598064
690 126 112 28 28 1.763209
690 126 119 28 28 3.715395
690 245 119 28 28 1.068843
690 245 126 28 28 0.116860
690 0 96 24 24 0.355092
690 6 96 24 24 2.497355
690 12 84 24 24 2.811297
690 12 96 24 24 2.817483
690 12 102 24 24 3.609611
690 12 108 24 24 3.005206
690 18 108 24 24 0.272922
690 306 96 24 24 1.053412
690 402 102 24 24 0.035722
690 480 114 24 24 0.507227
720 352 0 64 64 2.145521
720 352 16 64 64 2.456481
720 0 112 32 32 7.002453
720 8 112 32 32 4.658489
720 16 112 32 32 1.925141
720 24 112 32 32 4.595889
720 136 112 32 32 0.961938
720 144 112 32 32 0.328555
720 176 112 32 32 5.131403
720 192 112 32 32 0.947165
720 384 112 32 32 3.800372
720 392 112 32 32 3.883186
720 400 112 32 32 3.887519
720 400 128 32 32 0.290540
720 408 128 32 32 4.036010
720 408 136 32 32 2.858966
720 0 119 28 28 0.838427
720 0 126 28 28 2.484650
720 0 133 28 28 0.631584
720 7 119 28 28 4.564911
720 7 126 28 28 3.791098
720 7 133 28 28 2.099060
720 14 119 28 28 3.883238
720 14 126 28 28 2.999931
720 14 133 28 28 0.872659
720 21 119 28 28 0.461435
720 21 126 28 28 1.708266
720 336 126 28 28 2.408855
720 343 119 28 28 3.683891
720 343 126 28 28 5.280336
720 350 119 28 28 4.175848
720 350 126 28 28 5.717139
720 357 126 28 28 0.523740
720 0 84 24 24 0.280067
720 480 96 24 24 0.103811
720 486 84 24 24 0.871049
720 486 96 24 24 0.071386
750 352 16 64 64 1.988324
750 16 128 32 32 1.956581
750 24 128 32 32 2.829582
750 192 128 32 32 0.611382
750 384 112 32 32 3.601579
750 384 128 32 32 2.961754
750 112 133 28 28 3.556138
750 119 133 28 28 0.756942
750 448 133 28 28 3.696995
750 455 133 28 28 1.336911
750 469 126 28 28 0.468572
750 396 114 24 24 1.471850
780 420 24 48 48 1.466608
780 420 24 48 48 1.466608
780 0 126 36 36 5.091326
780 9 126 36 36 5.526351
780 18 126 36 36 2.439035
780 0 136 32 32 2.540794
780 0 144 32 32 5.746718
780 0 152 32 32 4.761385
780 8 136 32 32 3.511106
780 8 144 32 32 4.589311
780 8 152 32 32 0.843745
780 16 128 32 32 1.389763
780 16 136 32 32 5.212646
780 16 144 32 32 4.984960
780 24 136 32 32 3.388179
780 24 144 32 32 1.621891
780 392 136 32 32 0.601840
780 392 144 32 32 1.390175
780 126 133 28 28 1.561227
780 12 84 24 24 3.987488
780 18 84 24 24 0.115160
810 0 126 36 36 3.029165
810 441 126 36 36 0.139103
810 450 126 36 36 0.521497
810 459 126 36 36 0.050952
810 0 128 32 32 1.992460
810 0 136 32 32 4.114365
810 0 144 32 32 2.817944
810 8 128 32 32 0.389229
810 8 136 32 32 3.865012
810 8 144 32 32 0.555805
810 224 133 28 28 0.704880
810 231 133 28 28 0.023206
810 18 114 24 24 0.016531
810 480 102 24 24 2.757000
810 480 108 24 24 3.767199
810 486 96 24 24 0.709659
810 486 102 24 24 0.291315
810 492 96 24 24 4.799257
810 492 102 24 24 2.019581
810 498 96 24 24 3.578920
810 498 102 24 24 1.754619
840 32 16 64 64 1.998131
840 48 16 64 64 0.591462
840 272 16 64 64 0.891191
840 288 16 64 64 2.606699
840 288 32 64 64 0.086299
840 176 128 32 32 2.937135
840 350 133 28 28 3.608427
840 357 133 28 28 2.476827
840 396 192 24 24 1.576444
840 402 192 24 24 2.556087
840 480 102 24 24 0.302382
840 480 108 24 24 1.579753
840 480 114 24 24 1.927947
870 272 0 64 64 0.105615
870 288 0 64 64 5.352364
870 288 16 64 64 2.907742
870 12 0 48 48 0.098704
870 12 0 48 48 0.098704
870 288 162 36 36 1.264301
870 297 153 36 36 0.272877
870 297 162 36 36 1.551850
870 450 171 36 36 0.862215
870 459 171 36 36 2.449843
870 128 128 32 32 0.524765
870 350 126 28 28 0.389700
870 350 133 28 28 1.499311
870 357 119 28 28 1.643255
870 357 126 28 28 1.508520
870 357 133 28 28 0.626963
870 492 114 24 24 1.967069
870 498 96 24 24 0.496395
900 288 0 64 64 0.887439
900 306 126 36 36 1.095554
900 315 126 36 36 1.074999
900 154 126 28 28 0.011112
900 350 119 28 28 2.344181
900 357 112 28 28 2.249993
900 357 119 28 28 2.945571
900 390 0 24 24 0.283793
930 288 168 48 48 0.784975
930 288 168 48 48 0.784975
930 320 180 40 40 1.203200
930 306 126 36 36 1.077185
930 315 126 36 36 1.219363
930 315 171 36 36 1.182539
930 272 24 32 32 0.218027
930 357 98 28 28 3.957614
930 384 108 24 24 3.524386
930 384 114 24 24 1.494890
960 288 36 48 48 2.249522
960 288 36 48 48 2.249522
960 136 264 32 32 0.032607
960 280 112 32 32 0.082769
960 280 136 32 32 0.963140
960 280 144 32 32 0.789032
960 336 98 28 28 1.047596
960 350 98 28 28 1.571286
960 144 288 24 24 1.112406
960 210 288 24 24 1.950124
960 288 114 24 24 0.903166
960 294 114 24 24 1.420992
960 294 204 24 24 0.518227
960 300 114 24 24 1.461313
960 300 204 24 24 1.622915
960 300 210 24 24 0.685373
960 306 288 24 24 0.252920
990 272 0 64 64 9.105312
990 272 16 64 64 3.350969
990 288 0 64 64 4.505542
990 288 16 64 64 2.144377
990 216 168 48 48 1.158740
990 216 168 48 48 1.158740
990 256 128 32 32 4.498596
990 256 136 32 32 3.105283
990 256 144 32 32 1.683452
990 343 112 28 28 3.069260
990 350 112 28 28 4.219182
990 357 112 28 28 3.390707
990 96 204 24 24 3.103274
990 96 210 24 24 4.882043
990 102 204 24 24 2.940182
990 102 210 24 24 3.199566
990 108 204 24 24 0.041834
1020 16 32 64 64 0.387321
1020 272 16 64 64 1.455720
1020 288 0 64 64 7.010631
1020 288 16 64 64 6.455325
1020 272 112 32 32 0.108344
1020 112 133 28 28 0.869223
1020 154 112 28 28 0.215230
1020 154 119 28 28 2.476306
1020 154 126 28 28 1.288787
1020 168 119 28 28 2.684049
1020 245 119 28 28 0.630173
1050 272 0 64 64 4.046603
1050 272 16 64 64 4.731510
1050 288 0 64 64 7.935460
1050 288 16 64 64 5.534282
1050 0 12 48 48 0.912066
1050 0 24 48 48 3.077495
1050 0 12 48 48 0.912066
1050 0 24 48 48 3.077495
1050 0 11 44 44 0.237134
1050 0 22 44 44 1.901319
1050 0 33 44 44 2.110976
1050 11 22 44 44 1.780072
1050 11 33 44 44 2.651134
1050 0 10 40 40 0.061845
1050 10 10 40 40 2.269133
1050 10 20 40 40 1.575276
1050 20 10 40 40 0.921706
1050 9 18 36 36 0.517781
1050 18 18 36 36 4.002087
1050 18 27 36 36 0.638384
1050 27 18 36 36 2.384882
1050 27 27 36 36 0.364586
1050 16 24 32 32 1.511152
1050 16 112 32 32 0.375140
1050 16 128 32 32 1.760896
1050 24 24 32 32 4.586913
1050 24 128 32 32 2.054422
1050 128 16 32 32 0.063592
1050 128 24 32 32 2.771013
1050 128 112 32 32 2.873813
1050 136 24 32 32 0.280799
1050 7 126 28 28 0.429215
1050 21 133 28 28 0.291393
1050 112 21 28 28 0.594732
1050 126 119 28 28 2.389326
1050 126 126 28 28 1.257983
1050 108 12 24 24 4.380402
1050 108 18 24 24 3.858421
1080 32 16 64 64 0.580813
1080 144 16 32 32 0.264752
1080 192 112 32 32 2.954349
1080 154 133 28 28 0.890204
1080 168 133 28 28 2.996217
1080 469 98 28 28 2.344228
1080 486 114 24 24 1.426985
1080 492 114 24 24 3.024698
1080 498 114 24 24 1.799575
1110 16 16 64 64 3.459302
1110 32 0 64 64 3.728030
1110 32 16 64 64 6.531949
1110 32 32 64 64 4.688889
1110 48 0 64 64 5.259077
1110 48 16 64 64 6.566208
1110 48 32 64 64 2.682924
1110 0 128 32 32 0.915703
1110 0 136 32 32 2.833024
1110 128 112 32 32 1.289532
1110 136 112 32 32 0.251442
1110 0 126 28 28 0.932728
1110 0 133 28 28 1.642884
1110 7 126 28 28 0.412803
1110 7 133 28 28 0.418080
1110 112 133 28 28 0.338077
1110 119 126 28 28 3.940667
1110 119 133 28 28 4.131256
1110 126 126 28 28 4.177010
1110 126 133 28 28 3.821302
1110 336 112 28 28 0.472036
1110 343 112 28 28 1.685436
1110 469 126 28 28 3.275162
1110 469 133 28 28 1.103862
1110 396 102 24 24 0.847308
1110 396 108 24 24 4.192045
1110 402 102 24 24 0.861081
1110 402 108 24 24 3.285211
1140 0 112 32 32 0.100101
1140 16 136 32 32 0.943394
1140 231 112 28 28 0.883008
1140 238 112 28 28 1.240996
1140 462 98 28 28 0.309055
1140 469 98 28 28 2.739024
1140 469 133 28 28 1.251101
1140 480 108 24 24 0.456908
1170 272 32 64 64 0.015398
1170 352 32 64 64 1.674327
1170 459 126 36 36 3.688694
1170 384 112 32 32 2.843543
1170 392 112 32 32 1.442263
1170 400 112 32 32 3.060857
1170 400 128 32 32 1.123728
1170 168 112 28 28 1.606539
1170 168 119 28 28 3.965092
1170 343 126 28 28 0.861763
1170 343 133 28 28 2.467245
1170 350 126 28 28 2.603720
1170 350 133 28 28 3.149038
1170 357 133 28 28 0.075903
1170 396 96 24 24 2.141694
1170 396 102 24 24 2.760527
1170 492 108 24 24 1.260617
1170 498 102 24 24 0.472829
1170 498 108 24 24 1.707642
1170 498 114 24 24 2.870797
1200 272 16 64 64 1.275373
1200 288 16 64 64 0.903588
1200 352 16 64 64 3.016112
1200 352 32 64 64 0.516008
1200 136 112 32 32 0.434111
1200 384 112 32 32 7.628358
1200 408 112 32 32 2.323812
1200 112 112 28 28 0.504358
1200 154 112 28 28 0.550390
1200 168 112 28 28 1.520346
1200 168 119 28 28 4.002821
1200 245 98 28 28 6.040634
1200 336 126 28 28 1.867790
1200 336 133 28 28 0.977741
1200 343 126 28 28 1.007391
1200 350 126 28 28 0.420723
1200 210 114 24 24 1.630560
1200 396 102 24 24 3.017465
1200 396 108 24 24 4.228200
1200 396 114 24 24 0.300715
1200 402 102 24 24 2.595213
1200 402 108 24 24 5.688433
1200 402 114 24 24 1.316465
1230 288 16 64 64 1.918969
1230 352 16 64 64 3.346694
1230 450 126 36 36 4.228332
1230 459 126 36 36 4.204962
1230 136 112 32 32 0.428595
1230 144 112 32 32 2.120879
1230 384 0 32 32 8.725955
1230 384 112 32 32 0.673364
1230 392 0 32 32 5.125655
1230 392 8 32 32 0.404424
1230 400 0 32 32 0.013726
1230 408 16 32 32 0.177191
1230 112 112 28 28 1.643198
1230 112 119 28 28 0.612254
1230 119 112 28 28 2.951565
1230 126 112 28 28 2.947918
1230 126 119 28 28 2.108204
1230 154 112 28 28 4.043876
1230 154 119 28 28 6.241119
1230 154 126 28 28 1.043666
1230 238 98 28 28 4.052233
1230 245 98 28 28 2.100972
1230 350 126 28 28 0.143204
1230 448 14 28 28 0.455468
1230 448 21 28 28 4.635272
1230 455 126 28 28 3.239566
1230 455 133 28 28 2.012740
1230 462 119 28 28 0.388424
1230 462 126 28 28 3.374135
1230 462 133 28 28 1.375179
1230 469 126 28 28 2.561100
1230 469 133 28 28 0.270492
1230 198 114 24 24 1.293518
1230 384 12 24 24 1.593395
1230 384 18 24 24 3.165761
1230 390 12 24 24 2.500157
1230 390 18 24 24 6.298729
1230 396 12 24 24 1.797173
1230 396 18 24 24 7.457505
1230 396 96 24 24 3.520456
1230 396 102 24 24 4.075151
1230 402 18 24 24 2.998357
1230 402 96 24 24 3.748466
1230 402 102 24 24 5.187045
1230 486 108 24 24 0.752505
1260 0 0 64 64 0.022336
1260 16 0 64 64 0.218935
1260 16 16 64 64 0.417791
1260 32 0 64 64 2.856332
1260 32 16 64 64 2.702812
1260 48 0 64 64 6.880353
1260 48 16 64 64 9.208619
1260 48 32 64 64 0.361214
1260 128 112 32 32 1.837185
1260 112 112 28 28 5.681589
1260 112 119 28 28 5.820344
1260 112 126 28 28 1.054955
1260 119 112 28 28 4.036507
1260 119 119 28 28 7.062888
1260 119 126 28 28 3.207060
1260 126 112 28 28 5.583558
1260 126 119 28 28 5.681252
1260 126 126 28 28 3.056500
1260 154 112 28 28 1.251536
1260 231 98 28 28 3.472250
1260 238 98 28 28 3.747653
1260 245 98 28 28 0.115569
1260 336 126 28 28 0.637429
1260 343 119 28 28 0.425105
1260 343 126 28 28 0.367129
1260 350 119 28 28 0.230360
1260 357 119 28 28 3.104911
1260 357 126 28 28 0.119374
1260 0 96 24 24 0.239986
1260 6 96 24 24 0.330175
1260 102 84 24 24 2.758316
1260 108 84 24 24 4.132394
1260 144 114 24 24 0.070760
1260 192 114 24 24 1.235013
1290 0 0 64 64 0.482001
1290 0 16 64 64 0.341848
1290 16 0 64 64 6.232972
1290 16 16 64 64 3.482287
1290 32 0 64 64 6.176346
1290 32 16 64 64 1.240410
1290 48 0 64 64 1.894465
1290 21 112 28 28 0.077097
1290 21 119 28 28 0.268470
1290 126 98 28 28 1.632821
1290 126 112 28 28 0.335795
1290 154 98 28 28 1.195112
1290 168 98 28 28 3.857717
1290 231 98 28 28 1.808698
1290 238 98 28 28 3.068518
1290 245 98 28 28 2.346339
1290 350 112 28 28 1.101372
1290 350 119 28 28 3.131740
1290 96 114 24 24 1.212344
1290 102 102 24 24 1.467747
1290 102 108 24 24 2.683815
1290 102 114 24 24 5.930627
1290 108 114 24 24 3.053254
1290 132 114 24 24 3.805363
1290 144 108 24 24 2.812791
1290 144 114 24 24 6.223378
1290 192 114 24 24 1.624463
1290 294 108 24 24 2.010940
1290 294 114 24 24 7.117245
1290 300 114 24 24 0.984552
1320 0 0 64 64 0.250516
1320 352 0 64 64 0.966169
1320 0 24 48 48 1.601008
1320 0 36 48 48 5.543348
1320 12 24 48 48 1.918545
1320 12 36 48 48 4.598289
1320 24 24 48 48 2.962787
1320 24 36 48 48 4.394223
1320 36 24 48 48 2.648524
1320 36 36 48 48 2.064586
1320 192 24 48 48 0.844998
1320 192 36 48 48 3.400496
1320 204 24 48 48 1.696399
1320 204 36 48 48 2.143853
1320 0 24 48 48 1.601008
1320 0 36 48 48 5.543348
1320 12 24 48 48 1.918545
1320 12 36 48 48 4.598289
1320 24 24 48 48 2.962787
1320 24 36 48 48 4.394223
1320 36 24 48 48 2.648524
1320 36 36 48 48 2.064586
1320 192 24 48 48 0.844998
1320 192 36 48 48 3.400496
1320 204 24 48 48 1.696399
1320 204 36 48 48 2.143853
1320 22 33 44 44 1.159585
1320 33 22 44 44 0.134407
1320 33 33 44 44 3.232177
1320 198 33 44 44 3.999998
1320 0 0 40 40 2.923919
1320 0 9 36 36 0.221231
1320 9 0 36 36 4.825531
1320 9 9 36 36 6.347641
1320 18 9 36 36 0.614810
1320 8 8 32 32 0.128955
1320 8 16 32 32 0.239680
1320 16 8 32 32 6.431281
1320 16 16 32 32 6.112301
1320 16 24 32 32 0.683521
1320 24 16 32 32 0.094027
1320 400 112 32 32 0.600460
1320 119 98 28 28 2.864501
1320 126 98 28 28 2.315250
1320 336 98 28 28 0.856171
1320 350 98 28 28 0.068701
1320 357 98 28 28 2.133479
1320 462 126 28 28 0.923666
1320 469 119 28 28 1.115245
1320 469 126 28 28 5.600172
1320 469 133 28 28 2.379563
1320 132 96 24 24 6.893300
1320 132 102 24 24 6.139800
1320 144 102 24 24 0.656802
1320 192 108 24 24 0.760404
1320 300 96 24 24 3.392199
1320 306 96 24 24 4.370478
1320 402 108 24 24 0.650980
1320 402 114 24 24 0.960335
1350 352 48 64 64 1.743861
1350 0 140 40 40 0.392456
1350 0 126 36 36 3.177167
1350 0 144 36 36 3.624085
1350 9 126 36 36 4.259038
1350 9 144 36 36 3.621675
1350 18 126 36 36 1.257687
1350 18 144 36 36 2.241116
1350 144 126 36 36 4.230309
1350 153 126 36 36 2.932542
1350 162 126 36 36 1.245998
1350 432 144 36 36 1.939460
1350 432 153 36 36 4.610388
1350 441 144 36 36 3.513325
1350 441 153 36 36 4.663748
1350 450 144 36 36 2.516291
1350 450 153 36 36 0.561156
1350 0 136 32 32 2.486302
1350 0 144 32 32 3.800213
1350 0 152 32 32 3.794405
1350 8 136 32 32 1.968922
1350 8 144 32 32 5.080012
1350 8 152 32 32 4.259069
1350 16 136 32 32 2.875015
1350 16 144 32 32 4.781229
1350 16 152 32 32 4.629817
1350 24 136 32 32 3.619131
1350 24 144 32 32 4.750660
1350 24 152 32 32 4.595834
1350 136 144 32 32 2.908718
1350 144 136 32 32 1.773263
1350 144 144 32 32 1.947971
1350 176 136 32 32 0.598555
1350 384 136 32 32 4.742079
1350 21 112 28 28 1.929918
1350 112 0 28 28 0.510268
1350 112 7 28 28 3.465357
1350 112 112 28 28 0.899910
1350 238 133 28 28 4.189923
1350 245 119 28 28 0.194610
1350 245 126 28 28 2.126936
1350 245 133 28 28 7.759135
1350 0 96 24 24 1.187270
1350 18 108 24 24 1.579903
1380 0 48 64 64 2.356215
1380 352 32 64 64 0.998001
1380 0 126 36 36 2.400432
1380 9 126 36 36 3.224519
1380 0 136 32 32 5.908298
1380 0 144 32 32 2.027446
1380 8 136 32 32 4.453136
1380 16 136 32 32 3.288306
1380 144 112 32 32 3.801966
1380 384 128 32 32 1.793084
1380 384 136 32 32 0.925288
1380 154 119 28 28 2.649779
1380 154 126 28 28 4.477996
1380 224 133 28 28 2.773871
1380 231 119 28 28 1.303955
1380 231 126 28 28 6.157211
1380 231 133 28 28 4.977686
1380 238 119 28 28 3.734901
1380 238 126 28 28 6.791609
1380 238 133 28 28 3.521942
1380 245 126 28 28 0.678521
1380 245 133 28 28 0.496077
1380 336 133 28 28 3.889732
1380 343 133 28 28 1.786256
1380 350 133 28 28 3.373164
1380 357 133 28 28 3.204283
1380 12 96 24 24 0.477765
1410 352 32 64 64 3.261975
1410 432 126 36 36 1.359865
1410 441 126 36 36 1.936869
1410 192 112 32 32 0.283460
1410 272 112 32 32 0.475348
1410 384 128 32 32 4.868069
1410 384 136 32 32 2.709172
1410 392 128 32 32 3.001694
1410 336 126 28 28 4.080518
1410 336 133 28 28 3.091090
1410 343 126 28 28 0.284755
1410 455 133 28 28 0.583923
1410 462 133 28 28 0.352249
1410 469 133 28 28 1.847692
1410 132 96 24 24 0.029776
1440 432 126 36 36 0.757956
1440 441 126 36 36 0.397631
1440 450 126 36 36 0.052453
1440 459 126 36 36 0.094711
1440 0 128 32 32 2.001770
1440 24 112 32 32 2.909524
1440 176 112 32 32 2.434946
1440 384 128 32 32 0.707338
1440 384 136 32 32 2.386370
1440 392 136 32 32 0.066500
1440 7 133 28 28 0.709761
1440 14 133 28 28 2.215485
1440 21 133 28 28 0.141829
1440 154 126 28 28 0.025664
1440 154 133 28 28 1.960389
1440 336 133 28 28 1.509305
1440 343 133 28 28 0.645702
1440 350 133 28 28 0.572285
1440 108 96 24 24 0.822860
1470 176 112 32 32 6.582825
1470 280 112 32 32 1.564197
1470 384 128 32 32 0.469295
1470 7 126 28 28 0.845018
1470 7 133 28 28 4.077721
1470 14 133 28 28 1.417608
1470 168 119 28 28 7.567425
1470 168 126 28 28 6.542525
1470 336 119 28 28 0.058973
1470 336 126 28 28 2.751119
1470 336 133 28 28 3.644518
1470 343 119 28 28 0.042804
1470 343 126 28 28 3.862572
1470 343 133 28 28 1.836388
1470 350 119 28 28 3.360650
1470 350 126 28 28 4.592227
1470 350 133 28 28 1.839105
1470 12 84 24 24 1.242202
1470 18 84 24 24 3.078843
1470 18 96 24 24 2.929032
1500 16 16 64 64 1.005237
1500 32 0 64 64 1.942497
1500 144 112 32 32 0.266041
1500 176 112 32 32 4.236618
1500 154 119 28 28 0.823568
1500 168 112 28 28 2.959030
1500 168 119 28 28 4.427704
1500 224 126 28 28 0.274798
1500 343 126 28 28 0.088498
1500 343 133 28 28 1.113323
1500 350 119 28 28 3.318943
1500 350 126 28 28 2.512292
1500 350 133 28 28 1.548630
1500 357 119 28 28 3.543295
1500 357 126 28 28 2.055129
1500 96 114 24 24 1.676528
1500 102 84 24 24 0.386124
1530 144 112 32 32 2.216232
1530 176 112 32 32 3.107629
1530 256 128 32 32 4.034920
1530 264 128 32 32 2.805389
1530 272 128 32 32 0.613666
1530 280 128 32 32 1.316682
1530 126 112 28 28 3.950317
1530 154 119 28 28 2.750972
1560 8 112 32 32 0.512995
1560 16 112 32 32 1.584638
1560 176 112 32 32 2.915154
1560 7 126 28 28 0.270501
1560 14 126 28 28 2.495282
1560 21 126 28 28 3.741920
1560 21 133 28 28 0.323383
1560 119 133 28 28 3.305532
1560 126 133 28 28 6.262388
1560 168 112 28 28 1.985351
1560 168 119 28 28 2.446805
1560 168 126 28 28 0.571953
1560 343 98 28 28 0.711045
1560 448 126 28 28 0.549027
1590 432 27 36 36 0.957341
1590 336 112 28 28 0.971316
1590 343 112 28 28 0.349218
1590 343 119 28 28 2.458763
1590 343 126 28 28 0.212262
1590 350 119 28 28 1.115143
1590 448 119 28 28 1.625623
1590 448 126 28 28 0.992840
1590 448 133 28 28 1.380700
1590 455 119 28 28 0.887522
1590 455 126 28 28 1.956522
1590 455 133 28 28 3.538402
1590 462 133 28 28 1.690418
1590 469 133 28 28 0.438844
1590 198 108 24 24 1.385675
1620 144 144 36 36 0.215431
1620 0 126 28 28 1.964250
1620 0 133 28 28 3.455449
1620 238 112 28 28 0.946397
1620 245 112 28 28 1.331778
1620 343 112 28 28 3.918203
1620 343 119 28 28 2.898052
1620 350 112 28 28 2.056627
1620 350 119 28 28 2.996937
1620 357 112 28 28 3.629149
1620 357 119 28 28 3.868701
1620 96 192 24 24 1.289281
1620 480 18 24 24 0.114292
1650 128 112 32 32 1.709144
1650 0 133 28 28 1.233963
1650 7 133 28 28 1.857332
1650 14 133 28 28 0.701217
1650 21 133 28 28 1.816842
1650 112 119 28 28 0.583338
1650 112 126 28 28 1.036189
1650 119 112 28 28 2.577533
1650 119 119 28 28 4.801978
1650 119 126 28 28 3.495854
1650 126 112 28 28 4.252273
1650 126 119 28 28 5.259604
1650 126 126 28 28 3.353135
1650 168 238 28 28 0.087625
1650 448 133 28 28 0.335303
1650 96 108 24 24 0.371689
1680 0 0 64 64 0.818333
1680 0 16 64 64 0.623468
1680 170 20 40 40 1.100170
1680 170 30 40 40 1.486846
1680 0 126 28 28 0.363360
1680 0 133 28 28 3.413179
1680 112 112 28 28 4.210903
1680 112 119 28 28 1.710425
1680 119 112 28 28 0.998786
1680 448 119 28 28 0.246662
1680 390 84 24 24 1.196489
1680 396 84 24 24 1.033241
1710 352 16 64 64 0.286225
1710 170 20 40 40 1.867663
1710 170 30 40 40 1.216012
1710 180 30 40 40 1.463632
1710 24 112 32 32 2.002084
1710 192 24 32 32 0.446838
1710 343 119 28 28 2.781917
1710 350 126 28 28 0.662079
1710 448 126 28 28 1.550919
1710 448 133 28 28 0.822267
1710 0 84 24 24 2.526755
1710 6 84 24 24 0.490347
1740 0 16 64 64 1.946925
1740 0 32 64 64 2.772249
1740 176 11 44 44 0.472186
1740 0 0 40 40 3.834895
1740 0 10 40 40 4.197733
1740 10 10 40 40 0.494241
1740 20 0 40 40 0.609125
1740 20 10 40 40 0.896625
1740 0 9 36 36 4.213555
1740 0 18 36 36 2.188727
1740 9 9 36 36 2.962617
1740 9 18 36 36 3.151948
1740 18 9 36 36 0.863815
1740 18 18 36 36 0.093514
1740 27 9 36 36 3.075474
1740 27 18 36 36 2.223735
1740 144 126 36 36 4.909364
1740 153 126 36 36 4.781490
1740 162 126 36 36 3.489696
1740 198 18 36 36 1.015745
1740 0 24 32 32 3.302423
1740 0 112 32 32 2.192161
1740 0 128 32 32 5.770595
1740 8 128 32 32 4.049644
1740 16 16 32 32 2.250525
1740 16 24 32 32 2.292027
1740 16 128 32 32 1.080540
1740 24 16 32 32 1.414567
1740 144 128 32 32 1.806075
1740 176 128 32 32 4.710215
1740 176 136 32 32 1.791794
1740 21 133 28 28 0.525185
1740 154 133 28 28 0.009600
1740 168 133 28 28 4.649532
1740 224 119 28 28 2.794001
1740 224 126 28 28 0.734334
1740 231 119 28 28 5.408863
1740 231 126 28 28 2.921118
1740 238 119 28 28 1.360138
1740 336 119 28 28 2.600571
1740 336 126 28 28 4.232310
1740 343 119 28 28 0.109065
1740 343 126 28 28 5.018963
1740 350 126 28 28 2.146490
1770 352 16 64 64 3.182922
1770 352 32 64 64 1.507109
1770 187 0 44 44 1.414798
1770 0 140 40 40 3.769740
1770 10 140 40 40 3.124871
1770 0 153 36 36 2.698977
1770 0 162 36 36 2.514753
1770 0 171 36 36 1.218559
1770 18 144 36 36 0.328243
1770 280 112 32 32 0.397971
1770 392 112 32 32 3.214993
1770 400 112 32 32 1.573032
1770 408 112 32 32 1.013784
1770 126 126 28 28 0.589319
1770 154 126 28 28 3.219438
1770 224 7 28 28 0.681211
1770 224 14 28 28 1.414106
1770 224 119 28 28 2.209408
1770 224 126 28 28 0.538700
1770 231 119 28 28 3.787907
1770 231 126 28 28 3.902239
1770 238 119 28 28 5.304958
1770 238 126 28 28 6.006896
1770 245 119 28 28 4.124887
1770 245 126 28 28 4.479535
1770 350 126 28 28 3.570088
1770 350 133 28 28 0.051422
1770 357 119 28 28 2.060478
1770 357 126 28 28 8.881071
1770 357 133 28 28 3.806755
1770 6 204 24 24 3.651419
1770 6 210 24 24 3.993099
1770 12 204 24 24 1.557450
1770 12 210 24 24 2.866731
1770 18 210 24 24 1.058705
1800 16 16 64 64 1.213373
1800 32 16 64 64 2.719697
1800 352 16 64 64 3.769351
1800 352 32 64 64 0.076067
1800 0 112 32 32 2.718852
1800 8 112 32 32 0.374281
1800 192 112 32 32 0.124883
1800 264 112 32 32 1.142878
1800 392 112 32 32 2.901607
1800 7 112 28 28 1.564875
1800 14 112 28 28 1.663979
1800 14 119 28 28 0.794216
1800 112 126 28 28 2.513935
1800 112 133 28 28 3.803201
1800 168 119 28 28 1.129921
1800 224 126 28 28 0.420025
1800 336 119 28 28 2.058302
1800 336 126 28 28 6.028702
1800 336 133 28 28 3.452772
1800 343 119 28 28 3.570453
1800 343 126 28 28 7.705065
1800 343 133 28 28 5.040891
1800 350 119 28 28 1.495057
1800 350 126 28 28 3.868735
1800 350 133 28 28 1.423315
1800 448 126 28 28 4.506082
1800 448 133 28 28 2.309102
1800 455 126 28 28 6.317070
1800 455 133 28 28 4.886414
1800 462 126 28 28 4.081291
1800 462 133 28 28 3.785072
1800 6 114 24 24 0.765493
1800 12 114 24 24 1.944687
1800 18 114 24 24 2.196623
1800 198 0 24 24 2.398440
1800 198 6 24 24 2.275767
1800 204 0 24 24 0.853685
1800 204 6 24 24 2.513655
1830 352 0 64 64 0.797747
1830 352 16 64 64 3.649648
1830 352 32 64 64 2.333904
1830 176 112 32 32 5.283074
1830 192 112 32 32 0.976096
1830 392 112 32 32 0.544877
1830 400 112 32 32 2.312568
1830 119 133 28 28 0.848865
1830 168 119 28 28 3.012352
1830 238 119 28 28 0.034033
1830 245 119 28 28 1.744304
1830 336 119 28 28 3.144647
1830 336 126 28 28 3.940064
1830 336 133 28 28 0.540057
1830 343 119 28 28 1.555698
1830 343 126 28 28 2.605171
1830 390 108 24 24 0.404996
1860 0 16 64 64 0.296963
1860 352 16 64 64 0.035728
1860 24 112 32 32 0.807979
1860 144 112 32 32 4.333171
1860 154 112 28 28 5.901336
1860 154 119 28 28 1.225569
1860 224 119 28 28 0.249423
1860 245 112 28 28 2.199195
1860 336 119 28 28 1.463183
1860 448 119 28 28 0.423562
1860 448 126 28 28 1.056692
1860 402 84 24 24 3.366592
1890 0 128 32 32 4.444582
1890 0 136 32 32 2.209397
1890 8 128 32 32 3.286870
1890 8 136 32 32 0.562024
1890 136 112 32 32 0.558662
1890 384 128 32 32 2.061845
1890 0 126 28 28 1.655176
1890 0 133 28 28 5.071191
1890 7 133 28 28 4.237682
1890 14 133 28 28 2.124941
1890 21 133 28 28 0.271179
1890 112 126 28 28 1.864616
1890 112 133 28 28 0.850126
1890 119 126 28 28 0.630484
1890 238 119 28 28 1.139212
1890 245 112 28 28 2.050280
1890 245 119 28 28 1.088051
1890 336 112 28 28 1.031631
1890 336 119 28 28 2.883231
1890 336 126 28 28 0.318521
1890 343 119 28 28 0.860307
1890 204 84 24 24 0.309263
1890 480 0 24 24 1.279549
1890 486 0 24 24 1.365626
1890 492 0 24 24 4.447121
1890 492 6 24 24 4.089706
1890 492 12 24 24 1.417475
1890 498 6 24 24 0.971646
1890 498 12 24 24 2.309726
