30 18 114 24 24 7.715956
60 224 119 28 28 7.740964
90 154 133 28 28 9.670410
120 224 112 28 28 7.939643
150 455 126 28 28 9.542197
180 392 128 32 32 7.987551
210 176 112 32 32 9.567869
240 112 126 28 28 8.187860
270 136 128 32 32 5.241925
300 176 128 32 32 5.247759
330 408 112 32 32 2.409210
360 300 84 24 24 2.924736
390 306 84 24 24 3.786023
420 300 84 24 24 3.981232
450 306 84 24 24 5.282322
480 176 128 32 32 6.692807
510 432 126 36 36 5.489754
540 408 128 32 32 3.867749
570 119 126 28 28 6.557725
600 112 119 28 28 6.703632
630 108 114 24 24 4.365269
660 462 133 28 28 5.564521
690 264 33 44 44 8.039244
720 300 84 24 24 6.817020
750 264 22 44 44 7.442618
780 144 102 24 24 7.998090
810 112 98 28 28 9.924685
840 242 22 44 44 9.692421
870 187 22 44 44 6.644355
900 11 22 44 44 6.873977
930 36 12 48 48 5.986559
960 441 126 36 36 8.096159
990 176 22 44 44 8.024156
1020 288 12 48 48 8.590264
1050 16 112 32 32 6.707838
1080 112 126 28 28 4.597678
1110 102 210 24 24 3.879737
1140 400 136 32 32 4.604609
1170 144 126 36 36 8.737997
1200 396 24 48 48 7.898786
1230 352 48 64 64 3.952611
1260 384 152 32 32 6.611448
1290 352 16 64 64 4.613371
1320 238 112 28 28 2.995182
1350 384 108 24 24 8.233787
1380 384 114 24 24 8.192131
1410 384 36 48 48 8.015186
1440 384 36 48 48 9.257242
1470 288 96 24 24 6.675652
1500 144 108 24 24 3.940822
1530 390 96 24 24 5.321115
1560 343 112 28 28 6.235229
1590 432 162 36 36 8.162548
1620 210 114 24 24 5.376270
1650 357 133 28 28 5.394916
1680 357 133 28 28 8.156226
1710 245 112 28 28 9.493022
1740 245 112 28 28 9.756820
1770 245 112 28 28 5.407240
1800 231 133 28 28 7.329269
1830 272 128 32 32 9.598130
