30 288 153 36 36 6.615134
60 170 160 40 40 6.756321
90 448 231 28 28 6.933970
120 220 160 40 40 7.309573
150 264 168 48 48 5.518397
180 384 168 48 48 7.717320
210 357 7 28 28 7.856601
240 357 7 28 28 7.722862
270 402 12 24 24 7.932091
300 102 204 24 24 8.242978
330 459 153 36 36 7.306252
360 12 102 24 24 7.696486
390 119 126 28 28 6.830495
420 112 126 28 28 8.348716
450 352 16 64 64 5.891019
480 486 198 24 24 7.305955
510 343 112 28 28 6.477582
540 450 126 36 36 7.398520
570 408 128 32 32 5.279829
600 18 84 24 24 8.729301
630 0 30 40 40 9.197248
660 272 112 32 32 6.674322
690 6 84 24 24 7.369922
720 256 0 64 64 5.673329
750 486 96 24 24 6.531816
780 256 0 64 64 7.641349
810 357 98 28 28 7.121850
840 400 136 32 32 7.851201
870 238 119 28 28 8.157546
900 0 112 28 28 6.038235
930 6 18 24 24 6.698544
960 408 112 32 32 6.601305
990 455 126 28 28 7.574474
1020 245 126 28 28 7.644826
1050 400 112 32 32 9.600573
1080 132 114 24 24 7.720496
1110 224 119 28 28 9.472249
1140 352 48 64 64 9.358129
1170 216 126 36 36 9.311137
1200 272 128 32 32 7.592895
1230 384 136 32 32 9.206825
1260 441 126 36 36 7.146805
1290 402 192 24 24 9.642807
1320 441 126 36 36 9.370443
1350 400 144 32 32 7.906742
1380 441 144 36 36 6.374467
1410 459 144 36 36 5.944023
1440 245 133 28 28 6.169714
1470 336 119 28 28 5.513730
1500 320 140 40 40 6.371993
1530 357 126 28 28 5.199765
1560 119 119 28 28 5.481745
1590 469 112 28 28 4.014299
1620 154 133 28 28 4.434512
1650 455 98 28 28 6.201885
1680 297 126 36 36 4.894817
1710 297 126 36 36 3.506360
1740 357 98 28 28 6.908797
1770 297 153 36 36 6.399539
1800 357 112 28 28 5.234308
