30 0 126 36 36 1.500587
30 288 126 36 36 2.501529
30 297 126 36 36 6.584293
30 297 144 36 36 2.747687
30 306 126 36 36 5.435166
30 306 144 36 36 4.129366
30 8 136 32 32 1.271976
30 16 136 32 32 0.206337
30 400 128 32 32 3.383280
30 400 136 32 32 3.742445
30 408 128 32 32 2.823023
30 408 136 32 32 1.843415
30 168 133 28 28 0.108568
30 336 126 28 28 0.174401
30 336 133 28 28 3.067109
30 448 133 28 28 3.774938
30 455 133 28 28 2.610877
60 272 48 64 64 4.437586
60 288 48 64 64 3.233808
60 408 36 48 48 0.559457
60 420 36 48 48 1.407894
60 408 36 48 48 0.559457
60 420 36 48 48 1.407894
60 374 33 44 44 1.129890
60 320 140 40 40 6.328347
60 330 140 40 40 7.234408
60 340 140 40 40 2.397073
60 350 160 40 40 0.930433
60 315 126 36 36 1.849700
60 112 126 28 28 1.181339
60 119 126 28 28 0.145742
60 126 126 28 28 1.700875
60 154 126 28 28 2.844166
60 168 119 28 28 3.848229
60 168 126 28 28 3.332186
60 336 119 28 28 2.268463
60 336 126 28 28 2.432957
60 448 98 28 28 5.155831
60 455 98 28 28 3.898556
60 462 98 28 28 4.145092
60 469 98 28 28 2.022986
60 469 112 28 28 3.585324
60 469 119 28 28 2.316580
60 384 192 24 24 2.067636
60 480 108 24 24 0.899015
60 480 114 24 24 2.449872
60 486 102 24 24 1.387314
60 486 108 24 24 3.391670
60 486 114 24 24 4.776452
60 492 108 24 24 0.711540
90 408 168 48 48 2.274092
90 420 168 48 48 1.622045
90 408 168 48 48 2.274092
90 420 168 48 48 1.622045
90 374 154 44 44 2.003168
90 385 154 44 44 2.800863
90 450 153 36 36 0.122940
90 136 112 32 32 0.513151
90 144 112 32 32 0.424976
90 264 112 32 32 0.851270
90 112 126 28 28 3.135283
90 119 126 28 28 3.215593
90 126 126 28 28 2.911099
90 154 119 28 28 3.411131
90 154 126 28 28 1.487458
90 168 119 28 28 4.400261
90 168 126 28 28 2.509921
90 336 119 28 28 2.157274
90 336 126 28 28 2.169665
90 336 133 28 28 4.101672
90 343 112 28 28 0.566718
90 343 119 28 28 1.288875
90 343 126 28 28 3.603840
90 343 133 28 28 4.616962
90 448 224 28 28 2.926517
90 455 224 28 28 2.060925
90 462 231 28 28 0.257487
90 469 231 28 28 2.982597
90 486 102 24 24 0.014162
90 486 108 24 24 1.169237
120 256 16 64 64 2.227630
120 256 32 64 64 2.781621
120 272 16 64 64 1.811220
120 272 32 64 64 3.392573
120 288 32 64 64 2.854207
120 8 128 32 32 0.885566
120 16 128 32 32 2.520969
120 24 128 32 32 2.447192
120 144 112 32 32 1.515544
120 7 133 28 28 1.109847
120 14 133 28 28 2.159179
120 21 133 28 28 1.911191
120 112 126 28 28 2.457114
120 119 126 28 28 3.636861
120 126 126 28 28 1.733569
120 126 133 28 28 0.282644
120 154 112 28 28 0.200439
120 154 119 28 28 5.929970
120 154 126 28 28 4.011724
120 343 133 28 28 0.022704
120 350 133 28 28 3.411298
120 357 98 28 28 0.656941
120 448 119 28 28 1.775193
120 448 126 28 28 2.094728
120 455 119 28 28 0.500036
120 455 126 28 28 1.315716
120 462 126 28 28 0.606751
120 204 12 24 24 2.088363
120 204 18 24 24 3.727786
120 210 12 24 24 2.113241
120 210 18 24 24 1.646348
150 256 16 64 64 2.047362
150 256 32 64 64 2.004657
150 272 16 64 64 1.974434
150 272 32 64 64 3.056793
150 288 0 64 64 1.529842
150 288 16 64 64 2.903633
150 288 32 64 64 3.569295
150 306 126 36 36 0.625144
150 315 126 36 36 0.746585
150 0 112 32 32 4.696566
150 8 112 32 32 4.813349
150 16 112 32 32 0.770094
150 128 112 32 32 0.273113
150 7 112 28 28 0.808062
150 7 119 28 28 2.445915
150 14 119 28 28 0.644693
150 21 126 28 28 1.241024
150 21 133 28 28 0.353402
150 119 119 28 28 1.438155
150 126 112 28 28 3.969045
150 126 119 28 28 4.580054
150 224 126 28 28 1.481689
150 231 126 28 28 0.086078
150 350 126 28 28 2.857787
150 350 133 28 28 3.442290
150 357 126 28 28 0.737907
150 357 133 28 28 2.906007
150 455 112 28 28 2.996779
150 462 112 28 28 2.748545
150 462 119 28 28 0.970015
150 469 112 28 28 3.634523
150 469 119 28 28 0.629095
180 256 16 64 64 0.027351
180 256 32 64 64 2.109542
180 272 32 64 64 1.571180
180 288 0 64 64 0.681590
180 280 112 32 32 1.758123
180 0 126 28 28 1.542091
180 21 119 28 28 1.290869
180 336 119 28 28 1.140146
180 336 126 28 28 4.375679
180 343 119 28 28 1.155606
180 343 126 28 28 3.215410
180 350 119 28 28 2.486355
180 350 126 28 28 5.449992
180 350 133 28 28 5.168314
180 357 119 28 28 3.067459
180 357 126 28 28 5.732488
180 357 133 28 28 5.392194
180 102 114 24 24 0.131873
210 220 140 40 40 2.497534
210 153 126 36 36 0.203189
210 216 126 36 36 1.051191
210 216 144 36 36 1.021289
210 450 144 36 36 2.475045
210 459 144 36 36 1.613568
210 176 128 32 32 3.103934
210 192 112 32 32 0.891409
210 192 128 32 32 2.781445
210 192 136 32 32 0.589751
210 256 128 32 32 1.349438
210 280 256 32 32 0.451591
210 119 112 28 28 2.991100
210 126 112 28 28 1.764366
210 168 119 28 28 2.575351
210 168 126 28 28 5.448433
210 168 133 28 28 9.867663
210 224 126 28 28 0.717095
210 224 133 28 28 1.064999
210 231 126 28 28 0.879625
210 231 133 28 28 1.719146
210 238 126 28 28 4.035900
210 238 133 28 28 2.882069
210 245 126 28 28 2.434664
210 245 133 28 28 1.889119
210 108 108 24 24 1.633571
210 192 204 24 24 0.668168
210 198 210 24 24 0.683748
210 204 192 24 24 1.409266
210 390 294 24 24 0.082236
210 396 294 24 24 0.179139
240 256 32 64 64 1.557578
240 352 16 64 64 0.649602
240 384 12 48 48 5.850035
240 384 24 48 48 1.452446
240 396 12 48 48 1.223828
240 384 12 48 48 5.850035
240 384 24 48 48 1.452446
240 396 12 48 48 1.223828
240 374 22 44 44 1.335258
240 374 33 44 44 1.527104
240 385 22 44 44 5.378437
240 385 33 44 44 3.287790
240 288 126 36 36 0.818154
240 297 126 36 36 2.740458
240 8 128 32 32 0.893731
240 176 136 32 32 0.282134
240 192 112 32 32 0.431985
240 256 128 32 32 0.389879
240 256 136 32 32 8.025498
240 256 144 32 32 8.124253
240 256 152 32 32 0.997929
240 264 24 32 32 0.134089
240 264 136 32 32 8.122006
240 264 144 32 32 7.042001
240 272 24 32 32 0.220764
240 272 136 32 32 6.206013
240 272 144 32 32 1.801571
240 280 136 32 32 4.321291
240 280 144 32 32 1.201050
240 168 119 28 28 3.786958
240 168 126 28 28 1.203464
240 168 133 28 28 5.331104
240 238 98 28 28 0.423548
240 192 210 24 24 2.131273
240 288 108 24 24 3.015678
240 402 18 24 24 0.054494
270 192 24 48 48 0.230494
270 192 36 48 48 3.356542
270 288 0 48 48 0.445459
270 288 12 48 48 1.864693
270 192 24 48 48 0.230494
270 192 36 48 48 3.356542
270 288 0 48 48 0.445459
270 288 12 48 48 1.864693
270 176 33 44 44 4.256793
270 187 176 44 44 0.580404
270 272 0 32 32 2.625965
270 272 8 32 32 1.799168
270 280 0 32 32 0.754506
270 280 8 32 32 0.122708
270 0 0 28 28 0.064933
270 224 98 28 28 1.810281
270 224 112 28 28 2.868520
270 0 0 24 24 0.047158
270 0 6 24 24 0.002329
270 0 18 24 24 0.262346
270 0 96 24 24 2.338825
270 6 0 24 24 0.132330
270 6 96 24 24 2.354516
270 6 102 24 24 2.788260
270 6 108 24 24 0.859709
270 12 96 24 24 1.989617
270 12 102 24 24 1.373004
270 18 96 24 24 3.139298
270 204 96 24 24 0.614898
270 210 96 24 24 0.811052
270 288 12 24 24 2.124705
270 288 18 24 24 2.825743
270 294 12 24 24 1.499381
270 294 18 24 24 0.997172
270 306 84 24 24 1.637935
270 306 96 24 24 0.209962
270 480 210 24 24 4.059968
270 486 204 24 24 2.134026
270 486 210 24 24 5.129764
270 492 204 24 24 2.626511
270 492 210 24 24 2.206980
270 498 198 24 24 0.568371
270 498 204 24 24 0.608637
300 288 48 64 64 0.230990
300 36 168 48 48 0.506155
300 36 192 48 48 0.142418
300 36 168 48 48 0.506155
300 36 192 48 48 0.142418
300 11 154 44 44 1.620733
300 187 154 44 44 0.930555
300 10 170 40 40 0.162065
300 160 180 40 40 2.209908
300 160 190 40 40 3.268977
300 315 171 36 36 2.108137
300 450 126 36 36 3.429079
300 459 126 36 36 2.369539
300 408 152 32 32 1.394590
300 168 224 28 28 0.430130
300 96 210 24 24 0.318149
300 288 114 24 24 0.843565
300 294 114 24 24 1.905281
300 294 210 24 24 3.852061
300 300 198 24 24 3.106509
300 300 204 24 24 3.461282
300 300 210 24 24 5.149955
300 306 198 24 24 2.841370
300 306 204 24 24 3.518868
300 306 210 24 24 4.227550
300 384 192 24 24 2.283340
300 384 198 24 24 0.420722
300 390 192 24 24 2.393381
300 396 192 24 24 1.672537
330 256 16 64 64 2.919289
330 256 32 64 64 0.085557
330 330 140 40 40 2.439661
330 340 140 40 40 0.806021
330 0 171 36 36 6.104054
330 128 144 32 32 0.982981
330 128 152 32 32 2.015023
330 136 144 32 32 1.458366
330 136 152 32 32 2.668647
330 192 136 32 32 0.379693
330 264 128 32 32 1.093787
330 272 128 32 32 0.494707
330 280 128 32 32 0.018068
330 384 136 32 32 0.287078
330 336 112 28 28 0.360287
330 343 112 28 28 0.041648
330 462 98 28 28 0.925450
330 469 98 28 28 5.513734
330 18 204 24 24 1.775677
330 18 210 24 24 4.500754
330 288 114 24 24 1.879882
330 294 114 24 24 2.196007
330 384 192 24 24 2.109694
330 390 198 24 24 0.289519
330 396 198 24 24 1.361927
330 396 204 24 24 3.610667
330 396 210 24 24 1.318860
330 402 204 24 24 3.001262
330 402 210 24 24 3.264424
330 480 108 24 24 7.898269
330 480 114 24 24 6.937179
330 486 108 24 24 5.801346
330 486 114 24 24 4.315094
330 492 108 24 24 2.900802
330 492 114 24 24 2.034906
330 498 108 24 24 2.679113
360 0 48 64 64 0.539193
360 16 32 64 64 1.360454
360 16 48 64 64 4.062832
360 32 32 64 64 2.890713
360 48 32 64 64 2.314072
360 256 48 64 64 1.211939
360 242 0 44 44 0.752947
360 242 11 44 44 0.181628
360 363 154 44 44 3.496391
360 374 154 44 44 3.965522
360 385 154 44 44 0.057175
360 320 140 40 40 2.159580
360 330 140 40 40 1.939583
360 297 144 36 36 4.650807
360 306 144 36 36 5.885749
360 315 126 36 36 0.263372
360 315 144 36 36 7.116931
360 315 153 36 36 0.628661
360 136 128 32 32 0.964249
360 136 136 32 32 0.993750
360 144 128 32 32 0.623805
360 144 136 32 32 1.228202
360 264 112 32 32 0.321784
360 280 136 32 32 0.303965
360 280 144 32 32 1.827959
360 0 112 28 28 0.578936
360 7 112 28 28 3.976359
360 14 133 28 28 1.021262
360 154 133 28 28 0.511498
360 238 126 28 28 0.135129
360 12 198 24 24 2.278088
360 18 192 24 24 3.242241
360 18 198 24 24 4.372456
360 18 204 24 24 0.274639
360 384 204 24 24 2.151968
360 384 210 24 24 3.498393
360 390 204 24 24 3.825796
360 390 210 24 24 5.599477
360 396 204 24 24 1.338003
360 396 210 24 24 5.602072
360 402 204 24 24 1.997584
360 402 210 24 24 4.237381
360 486 84 24 24 2.612037
360 492 84 24 24 2.861908
360 492 96 24 24 0.713471
360 492 108 24 24 0.155283
360 498 84 24 24 0.347696
360 498 96 24 24 0.018635
390 48 16 64 64 3.128228
390 48 32 64 64 3.872884
390 396 168 48 48 1.238674
390 396 168 48 48 1.238674
390 363 154 44 44 2.581764
390 374 154 44 44 1.129472
390 240 0 40 40 1.429563
390 320 140 40 40 1.439085
390 330 140 40 40 0.970001
390 350 160 40 40 0.212871
390 0 144 36 36 2.355388
390 9 144 36 36 1.336653
390 18 144 36 36 1.640207
390 297 144 36 36 4.394372
390 297 153 36 36 1.422168
390 306 144 36 36 4.565958
390 306 153 36 36 3.040069
390 315 144 36 36 5.949156
390 315 153 36 36 2.283411
390 0 152 32 32 1.292604
390 8 152 32 32 2.150218
390 16 152 32 32 0.634054
390 24 152 32 32 0.075383
390 136 128 32 32 0.923737
390 256 16 32 32 1.855305
390 272 136 32 32 0.072218
390 7 98 28 28 1.216811
390 14 98 28 28 0.503583
390 112 133 28 28 2.376079
390 119 133 28 28 1.871294
390 126 133 28 28 0.726530
390 154 126 28 28 0.234652
390 154 133 28 28 1.356387
390 224 119 28 28 1.736879
390 224 126 28 28 0.061730
390 231 119 28 28 1.696621
390 238 119 28 28 3.097997
390 238 126 28 28 1.966065
390 245 119 28 28 0.053145
390 357 98 28 28 0.929465
390 448 224 28 28 3.252152
390 448 231 28 28 4.044146
390 455 224 28 28 0.436567
390 455 231 28 28 2.849517
390 455 238 28 28 3.254195
390 455 245 28 28 2.758331
390 462 238 28 28 1.750568
390 462 245 28 28 0.905709
390 6 192 24 24 3.015989
390 12 192 24 24 3.153505
390 18 102 24 24 0.193483
390 18 192 24 24 0.721641
390 306 108 24 24 2.176927
390 306 114 24 24 2.041505
390 384 192 24 24 3.049478
390 384 198 24 24 6.041177
390 384 204 24 24 5.277390
390 384 210 24 24 5.128546
390 390 192 24 24 1.061833
390 390 198 24 24 4.786218
390 390 204 24 24 4.422619
390 390 210 24 24 3.610113
390 396 198 24 24 3.335447
390 396 204 24 24 6.240634
390 396 210 24 24 3.125764
390 402 204 24 24 3.233920
390 402 210 24 24 3.193425
420 16 0 64 64 0.967969
420 288 48 64 64 0.468604
420 264 36 48 48 1.759658
420 288 24 48 48 0.290420
420 288 36 48 48 5.917001
420 384 168 48 48 3.856483
420 384 192 48 48 0.605603
420 396 168 48 48 3.426311
420 396 192 48 48 0.428037
420 408 168 48 48 1.858570
420 408 192 48 48 1.174964
420 420 36 48 48 1.246350
420 420 168 48 48 0.692620
420 420 192 48 48 2.013361
420 264 36 48 48 1.759658
420 288 24 48 48 0.290420
420 288 36 48 48 5.917001
420 384 168 48 48 3.856483
420 384 192 48 48 0.605603
420 396 168 48 48 3.426311
420 396 192 48 48 0.428037
420 408 168 48 48 1.858570
420 408 192 48 48 1.174964
420 420 36 48 48 1.246350
420 420 168 48 48 0.692620
420 420 192 48 48 2.013361
420 264 33 44 44 3.887861
420 352 154 44 44 1.250559
420 385 176 44 44 2.107738
420 385 187 44 44 3.374492
420 385 198 44 44 1.657324
420 180 20 40 40 1.296524
420 320 140 40 40 1.220947
420 320 160 40 40 2.744914
420 340 170 40 40 3.589684
420 350 170 40 40 3.992855
420 350 180 40 40 2.855758
420 315 162 36 36 1.641766
420 256 0 32 32 0.043405
420 272 136 32 32 1.229187
420 272 144 32 32 2.971017
420 280 136 32 32 0.099198
420 280 144 32 32 2.474492
420 112 126 28 28 0.371868
420 112 133 28 28 0.322528
420 119 119 28 28 0.693013
420 119 126 28 28 0.938456
420 119 133 28 28 1.346317
420 126 119 28 28 0.570075
420 126 126 28 28 2.026196
420 126 133 28 28 0.856868
420 224 112 28 28 1.613245
420 231 112 28 28 1.794866
420 231 119 28 28 2.122751
420 336 7 28 28 0.839259
420 343 112 28 28 0.804884
420 350 98 28 28 0.660048
420 350 112 28 28 2.899536
420 448 231 28 28 1.823553
420 448 238 28 28 3.804656
420 448 245 28 28 4.129744
420 455 231 28 28 4.282202
420 455 238 28 28 4.461372
420 455 245 28 28 4.760664
420 462 238 28 28 1.769790
420 462 245 28 28 1.676225
420 300 96 24 24 1.520598
420 300 102 24 24 0.445293
420 306 96 24 24 1.553684
420 306 102 24 24 4.055862
420 384 84 24 24 4.819610
420 384 96 24 24 6.386416
420 384 210 24 24 0.980014
420 390 84 24 24 4.499293
420 390 96 24 24 4.188229
450 272 0 64 64 1.419820
450 272 16 64 64 2.454339
450 288 0 64 64 5.744340
450 288 16 64 64 4.939180
450 352 0 64 64 9.958927
450 352 16 64 64 6.620753
450 352 32 64 64 3.584228
450 352 48 64 64 3.609736
450 288 24 48 48 7.848251
450 384 24 48 48 1.582121
450 384 36 48 48 1.306218
450 396 36 48 48 0.093014
450 396 168 48 48 2.113968
450 396 192 48 48 2.541675
450 396 204 48 48 0.376116
450 408 168 48 48 1.269769
450 288 24 48 48 7.848251
450 384 24 48 48 1.582121
450 384 36 48 48 1.306218
450 396 36 48 48 0.093014
450 396 168 48 48 2.113968
450 396 192 48 48 2.541675
450 396 204 48 48 0.376116
450 408 168 48 48 1.269769
450 176 0 44 44 0.819541
450 385 33 44 44 1.243867
450 180 0 40 40 0.530040
450 180 10 40 40 1.755295
450 320 30 40 40 1.220020
450 330 30 40 40 1.812230
450 340 20 40 40 0.268081
450 340 30 40 40 1.997116
450 0 126 36 36 0.194827
450 9 126 36 36 0.091514
450 288 126 36 36 6.131882
450 288 144 36 36 3.727721
450 441 9 36 36 0.512111
450 450 9 36 36 0.049671
450 450 18 36 36 0.001251
450 0 136 32 32 1.256433
450 272 152 32 32 0.361252
450 280 136 32 32 2.847117
450 280 144 32 32 4.076025
450 384 152 32 32 2.090677
450 392 128 32 32 2.322510
450 392 136 32 32 0.466448
450 392 144 32 32 1.557172
450 392 152 32 32 0.073103
450 112 119 28 28 0.407013
450 112 126 28 28 2.070909
450 119 119 28 28 1.039162
450 119 126 28 28 1.989544
450 119 133 28 28 0.299984
450 126 119 28 28 2.904897
450 126 126 28 28 3.027369
450 126 133 28 28 0.457372
450 238 112 28 28 4.697317
450 350 98 28 28 0.851002
450 357 0 28 28 4.949265
450 357 7 28 28 1.184550
450 357 21 28 28 0.507123
450 357 98 28 28 0.749562
450 0 84 24 24 0.459813
450 288 6 24 24 0.166988
450 288 12 24 24 0.391456
450 288 96 24 24 0.586239
450 306 108 24 24 0.052772
450 306 114 24 24 0.556813
450 384 0 24 24 0.008276
450 384 6 24 24 1.643995
450 480 300 24 24 0.225745
450 486 306 24 24 0.220514
480 204 36 48 48 0.964917
480 216 36 48 48 1.444061
480 384 0 48 48 2.955424
480 384 12 48 48 0.121535
480 396 0 48 48 1.194709
480 408 0 48 48 0.488606
480 420 0 48 48 0.956764
480 204 36 48 48 0.964917
480 216 36 48 48 1.444061
480 384 0 48 48 2.955424
480 384 12 48 48 0.121535
480 396 0 48 48 1.194709
480 408 0 48 48 0.488606
480 420 0 48 48 0.956764
480 352 11 44 44 3.168164
480 352 22 44 44 5.248650
480 363 11 44 44 1.737082
480 363 22 44 44 6.127665
480 374 11 44 44 0.591879
480 374 22 44 44 2.867759
480 385 11 44 44 1.396072
480 385 22 44 44 3.557392
480 385 33 44 44 0.182783
480 320 140 40 40 3.337517
480 320 160 40 40 1.794811
480 330 30 40 40 1.705482
480 330 140 40 40 2.279820
480 330 160 40 40 0.358267
480 340 30 40 40 4.698014
480 350 0 40 40 0.150381
480 350 20 40 40 2.753954
480 350 30 40 40 6.180506
480 27 126 36 36 0.726879
480 198 0 36 36 0.556897
480 297 153 36 36 0.183961
480 306 144 36 36 1.306179
480 306 153 36 36 6.647721
480 306 162 36 36 1.072186
480 315 126 36 36 6.077453
480 315 144 36 36 3.285248
480 315 153 36 36 6.652157
480 315 162 36 36 5.453868
480 315 171 36 36 0.822189
480 280 112 32 32 0.571530
480 280 128 32 32 2.973007
480 119 133 28 28 2.721751
480 126 112 28 28 2.728067
480 126 126 28 28 0.367704
480 126 133 28 28 1.317581
480 336 126 28 28 1.808524
480 462 133 28 28 0.078676
480 469 112 28 28 0.836540
480 469 119 28 28 1.987175
480 210 114 24 24 0.419046
480 300 0 24 24 0.208034
480 306 12 24 24 0.104333
480 306 108 24 24 1.196840
480 306 114 24 24 0.694427
480 384 84 24 24 5.072439
480 390 84 24 24 10.209446
480 396 84 24 24 9.555373
480 396 96 24 24 0.506904
480 402 84 24 24 4.934525
480 480 0 24 24 1.742111
480 480 6 24 24 2.615000
480 480 12 24 24 0.068711
480 486 0 24 24 1.468038
480 486 6 24 24 3.850801
480 486 12 24 24 1.133212
480 492 0 24 24 2.469927
480 492 6 24 24 3.971101
480 498 0 24 24 5.228607
480 498 6 24 24 3.786660
510 0 48 64 64 2.441593
510 256 16 64 64 0.004130
510 192 36 48 48 0.539277
510 204 36 48 48 0.414034
510 216 36 48 48 1.175411
510 384 192 48 48 2.874168
510 384 228 48 48 0.798739
510 396 192 48 48 3.673883
510 396 204 48 48 1.434602
510 396 216 48 48 0.523873
510 396 228 48 48 3.384894
510 408 192 48 48 2.216098
510 408 204 48 48 3.197954
510 408 216 48 48 2.556568
510 408 228 48 48 3.923882
510 420 204 48 48 5.230336
510 420 216 48 48 3.462785
510 420 228 48 48 1.862188
510 192 36 48 48 0.539277
510 204 36 48 48 0.414034
510 216 36 48 48 1.175411
510 384 192 48 48 2.874168
510 384 228 48 48 0.798739
510 396 192 48 48 3.673883
510 396 204 48 48 1.434602
510 396 216 48 48 0.523873
510 396 228 48 48 3.384894
510 408 192 48 48 2.216098
510 408 204 48 48 3.197954
510 408 216 48 48 2.556568
510 408 228 48 48 3.923882
510 420 204 48 48 5.230336
510 420 216 48 48 3.462785
510 420 228 48 48 1.862188
510 264 0 44 44 0.535425
510 264 11 44 44 0.200859
510 352 154 44 44 6.967146
510 363 154 44 44 6.597718
510 374 154 44 44 1.289737
510 0 140 40 40 0.036636
510 10 140 40 40 1.950467
510 350 160 40 40 0.630081
510 0 126 36 36 3.359220
510 0 144 36 36 0.563479
510 9 144 36 36 0.330427
510 18 144 36 36 1.073484
510 198 9 36 36 1.255081
510 297 126 36 36 2.713768
510 432 18 36 36 0.805179
510 432 27 36 36 0.539503
510 0 136 32 32 3.321451
510 0 144 32 32 4.190666
510 0 152 32 32 0.864963
510 8 112 32 32 2.304734
510 8 128 32 32 0.086380
510 8 136 32 32 5.958006
510 8 144 32 32 4.267189
510 16 112 32 32 2.484107
510 16 136 32 32 1.207159
510 16 144 32 32 3.518865
510 24 112 32 32 1.824184
510 384 112 32 32 5.654986
510 384 128 32 32 0.894197
510 384 152 32 32 1.138385
510 392 152 32 32 1.078630
510 408 264 32 32 1.557339
510 14 119 28 28 0.062262
510 14 126 28 28 2.600536
510 14 133 28 28 0.649137
510 21 126 28 28 0.040045
510 112 133 28 28 0.309485
510 119 112 28 28 2.123635
510 119 126 28 28 0.117270
510 126 112 28 28 1.425164
510 357 21 28 28 0.269540
510 357 98 28 28 0.080690
510 448 0 28 28 1.744608
510 455 0 28 28 1.786554
510 455 7 28 28 1.922910
510 455 245 28 28 0.566798
510 210 114 24 24 3.211108
510 288 0 24 24 1.041695
510 294 108 24 24 2.872101
510 294 114 24 24 2.617945
510 384 6 24 24 3.176811
510 384 12 24 24 1.031178
510 384 102 24 24 1.059005
510 384 108 24 24 4.130436
510 384 114 24 24 6.532001
510 384 192 24 24 0.689207
510 384 204 24 24 0.182136
510 390 108 24 24 2.830848
510 390 114 24 24 4.359523
510 390 204 24 24 0.138343
510 390 210 24 24 2.465078
510 396 108 24 24 5.495612
510 396 114 24 24 6.393951
510 396 210 24 24 1.678861
510 402 108 24 24 4.948202
510 402 114 24 24 7.103120
540 272 48 64 64 1.081033
540 288 48 64 64 0.267075
540 352 0 64 64 0.377781
540 384 0 48 48 0.773638
540 384 12 48 48 6.987882
540 384 24 48 48 7.704762
540 384 36 48 48 1.286974
540 396 0 48 48 1.074419
540 396 12 48 48 1.394488
540 396 24 48 48 0.703059
540 408 0 48 48 1.821843
540 408 12 48 48 2.532899
540 384 0 48 48 0.773638
540 384 12 48 48 6.987882
540 384 24 48 48 7.704762
540 384 36 48 48 1.286974
540 396 0 48 48 1.074419
540 396 12 48 48 1.394488
540 396 24 48 48 0.703059
540 408 0 48 48 1.821843
540 408 12 48 48 2.532899
540 352 33 44 44 0.236901
540 363 22 44 44 1.158380
540 363 33 44 44 4.477480
540 374 22 44 44 4.574963
540 374 33 44 44 5.521222
540 385 22 44 44 4.245156
540 385 33 44 44 4.570964
540 330 140 40 40 2.426656
540 340 140 40 40 0.020755
540 0 126 36 36 0.155366
540 0 144 36 36 0.344651
540 18 126 36 36 1.015392
540 27 126 36 36 1.666908
540 198 0 36 36 1.308237
540 216 0 36 36 0.742920
540 288 0 36 36 2.081536
540 288 9 36 36 0.686375
540 0 144 32 32 0.725580
540 8 128 32 32 1.057354
540 8 136 32 32 1.703960
540 8 144 32 32 0.718578
540 8 152 32 32 1.250495
540 16 112 32 32 1.468011
540 16 128 32 32 3.608406
540 16 136 32 32 0.050895
540 24 112 32 32 0.526104
540 24 128 32 32 2.604788
540 24 136 32 32 1.653452
540 384 16 32 32 0.585835
540 21 112 28 28 2.201616
540 21 119 28 28 4.091850
540 21 126 28 28 2.610610
540 21 133 28 28 3.112025
540 119 112 28 28 0.571901
540 126 112 28 28 1.719870
540 154 112 28 28 0.553264
540 224 14 28 28 0.327000
540 224 21 28 28 1.325281
540 231 14 28 28 0.854495
540 238 21 28 28 0.406170
540 350 112 28 28 0.658767
540 357 98 28 28 0.325231
540 0 96 24 24 1.362103
540 0 102 24 24 3.958949
540 0 108 24 24 1.243078
540 6 96 24 24 0.642422
540 6 102 24 24 5.265881
540 6 108 24 24 3.694494
540 12 96 24 24 0.807689
540 12 102 24 24 3.874992
540 18 102 24 24 0.421239
540 192 12 24 24 0.587486
540 198 6 24 24 3.975442
540 198 12 24 24 0.543902
540 204 6 24 24 0.248597
540 204 12 24 24 1.893594
540 204 114 24 24 1.197206
540 210 114 24 24 4.197848
540 300 108 24 24 0.398200
540 300 114 24 24 0.103205
540 384 6 24 24 1.198578
540 384 12 24 24 0.351622
540 390 0 24 24 5.853535
540 390 6 24 24 10.558662
540 390 12 24 24 9.194315
540 390 18 24 24 6.021443
540 390 96 24 24 1.806017
540 396 12 24 24 0.523736
540 396 84 24 24 1.955608
540 396 96 24 24 5.059001
540 402 96 24 24 5.265667
570 352 0 64 64 5.928155
570 352 16 64 64 1.992179
570 288 36 48 48 2.933939
570 420 192 48 48 0.344591
570 420 204 48 48 1.109558
570 288 36 48 48 2.933939
570 420 192 48 48 0.344591
570 420 204 48 48 1.109558
570 374 176 44 44 3.414954
570 385 176 44 44 2.931622
570 385 187 44 44 0.801614
570 384 112 32 32 3.098488
570 119 126 28 28 0.853058
570 238 112 28 28 0.080183
570 336 98 28 28 2.231899
570 357 98 28 28 1.034625
570 448 112 28 28 2.690758
570 448 119 28 28 4.271881
570 448 126 28 28 5.335392
570 455 126 28 28 0.310892
570 469 119 28 28 1.475309
570 198 114 24 24 0.169586
570 204 114 24 24 6.200358
570 210 0 24 24 0.814353
570 210 114 24 24 3.522020
570 306 108 24 24 1.386601
570 306 114 24 24 2.736381
570 486 288 24 24 0.882492
570 492 288 24 24 0.768994
570 492 294 24 24 1.610679
570 498 288 24 24 2.518155
570 498 294 24 24 2.844242
570 498 300 24 24 0.980156
600 272 0 64 64 1.307773
600 288 0 64 64 2.498815
600 264 36 48 48 2.588207
600 288 36 48 48 2.168275
600 264 36 48 48 2.588207
600 288 36 48 48 2.168275
600 432 126 36 36 0.880275
600 16 112 32 32 3.777879
600 24 112 32 32 9.206339
600 192 112 32 32 0.995069
600 0 98 28 28 5.005108
600 0 112 28 28 2.893349
600 7 98 28 28 5.454137
600 7 112 28 28 1.807671
600 7 119 28 28 0.752253
600 14 98 28 28 2.747875
600 21 119 28 28 4.013360
600 21 126 28 28 1.599091
600 112 112 28 28 2.908020
600 154 126 28 28 2.388433
600 154 133 28 28 1.011816
600 336 98 28 28 1.766515
600 336 112 28 28 2.964488
600 343 98 28 28 2.855598
600 343 112 28 28 2.334308
600 462 112 28 28 2.676952
600 462 119 28 28 4.990361
600 469 112 28 28 2.854311
600 469 119 28 28 4.527303
600 12 84 24 24 0.176957
600 12 108 24 24 2.931535
600 12 114 24 24 6.400377
600 18 108 24 24 0.188543
600 18 114 24 24 1.565940
600 306 102 24 24 0.023937
600 306 108 24 24 1.794656
600 306 114 24 24 1.018083
600 480 96 24 24 3.715848
600 480 102 24 24 0.466541
600 480 114 24 24 0.375169
600 486 96 24 24 3.823745
600 486 102 24 24 0.700940
600 492 96 24 24 1.015306
600 492 102 24 24 0.911239
600 492 114 24 24 0.110020
630 256 0 64 64 0.735785
630 272 0 64 64 0.493793
630 264 24 48 48 4.871219
630 288 24 48 48 1.735485
630 288 36 48 48 1.263695
630 420 36 48 48 2.772171
630 264 24 48 48 4.871219
630 288 24 48 48 1.735485
630 288 36 48 48 1.263695
630 420 36 48 48 2.772171
630 264 33 44 44 4.569840
630 0 112 32 32 1.640280
630 0 128 32 32 0.578637
630 24 112 32 32 2.157873
630 176 112 32 32 1.257872
630 192 112 32 32 3.180235
630 0 98 28 28 0.666015
630 0 112 28 28 1.337880
630 0 119 28 28 1.229005
630 0 126 28 28 1.318130
630 0 133 28 28 3.181479
630 7 98 28 28 2.127649
630 7 112 28 28 0.670641
630 7 133 28 28 2.337555
630 168 112 28 28 2.632591
630 336 21 28 28 1.355074
630 336 98 28 28 1.164341
630 343 21 28 28 1.670966
630 343 98 28 28 0.114076
630 350 21 28 28 2.024699
630 350 98 28 28 1.647377
630 357 98 28 28 2.760517
630 12 108 24 24 1.915643
630 12 114 24 24 3.281723
630 18 108 24 24 0.382040
630 300 108 24 24 0.444076
630 384 114 24 24 2.869573
630 480 108 24 24 0.296677
630 480 114 24 24 3.252098
630 486 108 24 24 0.157550
630 486 114 24 24 2.383344
630 492 114 24 24 0.632237
660 288 12 48 48 2.755644
660 288 24 48 48 0.758599
660 384 36 48 48 1.280112
660 396 36 48 48 0.765070
660 288 12 48 48 2.755644
660 288 24 48 48 0.758599
660 384 36 48 48 1.280112
660 396 36 48 48 0.765070
660 400 112 32 32 0.538177
660 408 112 32 32 3.070861
660 408 128 32 32 2.001612
660 0 133 28 28 0.419913
660 7 98 28 28 1.933886
660 7 126 28 28 0.892295
660 7 133 28 28 1.408272
660 168 238 28 28 0.565166
660 224 98 28 28 0.054190
660 224 112 28 28 1.819609
660 224 119 28 28 3.006899
660 343 7 28 28 0.223438
660 350 0 28 28 1.433921
660 350 7 28 28 0.867048
660 357 7 28 28 0.073152
660 357 21 28 28 0.066672
660 357 98 28 28 1.782740
660 357 112 28 28 0.024560
660 192 108 24 24 0.287143
660 192 114 24 24 0.674138
660 210 114 24 24 4.447775
660 390 12 24 24 0.998910
660 396 18 24 24 0.374796
690 352 0 64 64 3.675570
690 352 16 64 64 2.079544
690 384 36 48 48 0.886601
690 384 36 48 48 0.886601
690 352 33 44 44 3.924939
690 441 126 36 36 2.752844
690 21 126 28 28 0.424550
690 21 133 28 28 2.186690
690 224 112 28 28 1.741768
690 231 112 28 28 1.486466
690 231 119 28 28 1.635848
690 238 112 28 28 2.794806
690 357 7 28 28 1.172521
690 448 112 28 28 3.375399
690 448 119 28 28 2.187497
690 448 126 28 28 0.816009
690 455 112 28 28 3.932754
690 455 119 28 28 5.551922
690 455 126 28 28 4.854188
690 462 112 28 28 0.651953
690 462 119 28 28 4.958673
690 462 126 28 28 5.210655
690 469 112 28 28 0.548585
690 469 119 28 28 1.792108
690 469 126 28 28 0.438513
690 192 114 24 24 3.753065
690 384 96 24 24 0.189543
690 384 102 24 24 3.017498
690 390 18 24 24 0.893698
690 390 102 24 24 4.312996
690 390 108 24 24 1.544641
690 390 114 24 24 0.642762
690 396 102 24 24 4.623379
690 396 108 24 24 2.038544
690 396 114 24 24 2.167668
690 402 102 24 24 1.395061
690 402 108 24 24 0.077535
720 32 16 64 64 1.651700
720 48 16 64 64 1.297093
720 352 0 64 64 0.580271
720 352 16 64 64 3.683681
720 441 126 36 36 0.760375
720 450 126 36 36 1.399302
720 459 126 36 36 4.514141
720 459 144 36 36 2.897480
720 384 112 32 32 1.326503
720 392 112 32 32 3.528907
720 392 136 32 32 1.256600
720 400 8 32 32 0.646036
720 238 112 28 28 0.683276
720 245 112 28 28 0.383701
720 245 119 28 28 0.561556
720 448 119 28 28 1.491844
720 448 126 28 28 3.540259
720 448 133 28 28 3.918807
720 455 126 28 28 3.950595
720 455 133 28 28 2.205457
720 462 119 28 28 0.762512
720 462 126 28 28 4.645524
720 462 133 28 28 3.320095
720 469 126 28 28 5.102769
720 469 133 28 28 3.205651
720 384 12 24 24 0.738582
720 384 18 24 24 3.207388
720 384 102 24 24 0.944800
720 396 114 24 24 1.791224
720 402 114 24 24 1.176417
750 32 32 64 64 0.473636
750 272 0 64 64 2.106683
750 288 0 64 64 3.846002
750 352 16 64 64 3.348020
750 352 32 64 64 3.333260
750 441 126 36 36 4.452855
750 450 126 36 36 0.844341
750 450 144 36 36 0.459184
750 459 126 36 36 3.514339
750 0 152 32 32 2.478807
750 8 152 32 32 0.201861
750 256 112 32 32 2.173503
750 384 0 32 32 1.284069
750 384 112 32 32 3.708917
750 392 112 32 32 5.607848
750 392 128 32 32 4.517918
750 392 152 32 32 2.259946
750 400 112 32 32 1.416099
750 400 152 32 32 0.270539
750 224 119 28 28 1.825414
750 224 126 28 28 0.247447
750 238 126 28 28 0.509993
750 455 133 28 28 1.897173
750 462 133 28 28 0.403400
750 469 133 28 28 0.562746
750 96 6 24 24 0.152655
750 384 0 24 24 0.028386
750 384 6 24 24 0.344063
750 384 108 24 24 3.158226
750 384 114 24 24 6.107080
750 390 0 24 24 0.449355
750 390 114 24 24 1.292014
780 16 16 64 64 1.066200
780 48 32 64 64 0.176980
780 272 0 64 64 0.172167
780 288 0 64 64 5.001319
780 352 16 64 64 2.265359
780 352 32 64 64 4.574718
780 352 48 64 64 0.685629
780 450 126 36 36 2.134049
780 459 126 36 36 1.959530
780 459 144 36 36 1.376131
780 176 128 32 32 0.132803
780 256 112 32 32 1.738482
780 264 112 32 32 0.580429
780 384 0 32 32 3.958966
780 384 8 32 32 4.405337
780 384 16 32 32 0.534887
780 392 0 32 32 0.808549
780 392 112 32 32 2.331659
780 400 112 32 32 6.408211
780 400 128 32 32 1.940978
780 400 136 32 32 1.475258
780 408 112 32 32 4.412110
780 408 128 32 32 6.032833
780 408 136 32 32 5.271310
780 224 119 28 28 1.120619
780 224 126 28 28 3.562013
780 224 133 28 28 2.927072
780 231 119 28 28 1.095699
780 231 126 28 28 0.760430
780 231 133 28 28 0.322272
780 238 133 28 28 0.119921
780 245 133 28 28 1.737025
780 350 119 28 28 0.732218
780 357 112 28 28 0.475578
780 357 119 28 28 1.269932
780 12 192 24 24 1.889888
780 384 114 24 24 0.962473
780 390 114 24 24 1.316536
780 396 114 24 24 1.533405
810 0 140 40 40 7.297596
810 0 160 40 40 0.490500
810 10 140 40 40 6.477528
810 10 160 40 40 1.847290
810 0 162 36 36 1.690765
810 9 144 36 36 4.995427
810 9 153 36 36 5.806533
810 9 162 36 36 4.754784
810 9 171 36 36 1.307275
810 18 126 36 36 0.334178
810 18 144 36 36 2.473513
810 18 153 36 36 3.161494
810 18 162 36 36 2.943907
810 18 171 36 36 0.832400
810 144 126 36 36 1.765762
810 153 126 36 36 1.126589
810 162 126 36 36 0.463551
810 450 126 36 36 0.885252
810 450 144 36 36 0.923422
810 450 153 36 36 0.845973
810 450 162 36 36 0.031556
810 459 126 36 36 2.398371
810 459 144 36 36 0.017978
810 459 153 36 36 2.752891
810 459 162 36 36 2.558383
810 8 128 32 32 0.516400
810 16 128 32 32 2.171094
810 16 136 32 32 1.044865
810 16 152 32 32 3.424174
810 24 128 32 32 3.498301
810 24 136 32 32 1.328921
810 24 152 32 32 2.833202
810 136 128 32 32 0.335512
810 136 136 32 32 1.254752
810 136 144 32 32 2.066456
810 136 152 32 32 2.817375
810 144 136 32 32 2.237895
810 144 144 32 32 1.661095
810 192 136 32 32 1.488593
810 280 128 32 32 2.249021
810 448 133 28 28 1.970044
810 455 133 28 28 1.581824
810 469 126 28 28 0.528454
810 96 192 24 24 4.531090
810 96 198 24 24 1.579032
810 102 192 24 24 7.322664
810 102 198 24 24 4.277812
810 108 192 24 24 3.949726
810 108 198 24 24 2.305498
810 480 6 24 24 1.541291
810 480 12 24 24 0.954181
810 480 192 24 24 5.121902
810 486 6 24 24 0.153300
810 486 12 24 24 0.612006
810 486 192 24 24 3.241322
840 288 0 36 36 2.304737
840 441 153 36 36 3.822831
840 441 162 36 36 1.262861
840 450 126 36 36 0.609720
840 450 144 36 36 5.346921
840 450 153 36 36 7.171489
840 450 162 36 36 4.293278
840 459 144 36 36 0.620991
840 459 153 36 36 3.951276
840 459 162 36 36 3.412375
840 272 0 32 32 1.779047
840 280 0 32 32 1.888063
840 384 24 32 32 0.222130
840 384 128 32 32 0.555340
840 384 136 32 32 0.241347
840 384 144 32 32 2.321011
840 384 152 32 32 2.101396
840 392 128 32 32 1.480832
840 392 136 32 32 1.318700
840 392 144 32 32 1.196675
840 392 152 32 32 0.960132
840 400 128 32 32 0.466607
840 0 112 28 28 2.175342
840 0 119 28 28 1.824471
840 7 112 28 28 0.118607
840 102 192 24 24 1.940068
840 108 192 24 24 0.162084
840 192 114 24 24 0.985294
840 288 18 24 24 4.518311
840 294 18 24 24 2.486899
840 300 18 24 24 0.344302
840 480 192 24 24 3.339160
840 486 192 24 24 0.083317
870 16 48 64 64 0.013991
870 48 48 64 64 2.360420
870 0 30 40 40 3.524310
870 0 140 40 40 1.165100
870 0 170 40 40 2.874032
870 0 180 40 40 4.811055
870 0 190 40 40 4.889858
870 160 0 40 40 0.159711
870 0 144 36 36 1.317130
870 9 126 36 36 0.939913
870 9 144 36 36 0.124627
870 144 0 36 36 0.510343
870 144 9 36 36 1.533798
870 153 0 36 36 1.770389
870 153 9 36 36 2.162600
870 153 18 36 36 2.103179
870 162 0 36 36 3.879896
870 162 9 36 36 1.291004
870 198 126 36 36 0.443868
870 8 152 32 32 1.299724
870 128 8 32 32 1.713271
870 128 16 32 32 0.441557
870 136 8 32 32 4.384990
870 136 16 32 32 3.600943
870 136 24 32 32 1.268600
870 144 8 32 32 6.658648
870 144 16 32 32 5.266332
870 144 24 32 32 2.426331
870 144 112 32 32 3.128354
870 144 128 32 32 0.123639
870 192 112 32 32 0.416146
870 21 133 28 28 0.250558
870 112 112 28 28 0.122067
870 112 126 28 28 3.993957
870 112 133 28 28 4.098298
870 119 112 28 28 0.575751
870 119 126 28 28 1.968084
870 119 133 28 28 2.949873
870 154 21 28 28 3.386408
870 154 119 28 28 1.403831
870 154 126 28 28 2.037697
870 154 133 28 28 3.379901
870 224 112 28 28 0.457875
870 224 119 28 28 5.244585
870 224 126 28 28 2.210918
870 231 119 28 28 0.899808
870 231 126 28 28 1.122648
870 350 133 28 28 0.211224
870 357 133 28 28 0.110993
870 144 192 24 24 1.103123
870 144 198 24 24 2.066286
900 16 16 64 64 3.237995
900 32 0 64 64 3.478667
900 32 16 64 64 3.134569
900 272 0 64 64 1.931089
900 352 0 64 64 2.570622
900 352 16 64 64 3.158174
900 352 48 64 64 2.319106
900 242 154 44 44 2.153673
900 264 154 44 44 0.142492
900 374 0 44 44 0.630946
900 240 140 40 40 0.406325
900 240 160 40 40 4.242818
900 240 170 40 40 1.463840
900 330 20 40 40 0.258125
900 153 126 36 36 2.185313
900 162 126 36 36 3.090373
900 0 128 32 32 4.739387
900 8 128 32 32 9.447817
900 16 128 32 32 4.899125
900 176 128 32 32 5.860921
900 176 136 32 32 3.936041
900 176 144 32 32 5.301515
900 192 136 32 32 2.033708
900 192 144 32 32 4.416159
900 192 152 32 32 2.497616
900 256 16 32 32 1.422019
900 264 16 32 32 1.849315
900 272 16 32 32 2.110141
900 408 112 32 32 2.831898
900 408 128 32 32 4.175336
900 408 136 32 32 0.964844
900 408 152 32 32 2.351641
900 7 133 28 28 6.054396
900 14 133 28 28 8.064578
900 21 133 28 28 6.386530
900 112 14 28 28 0.848160
900 112 21 28 28 0.393594
900 112 112 28 28 2.294311
900 112 119 28 28 4.379478
900 112 126 28 28 2.429779
900 119 112 28 28 0.605318
900 168 133 28 28 3.856621
900 231 126 28 28 0.509156
900 238 126 28 28 2.024434
900 238 133 28 28 1.953500
900 245 126 28 28 0.819006
900 245 133 28 28 1.635252
900 350 133 28 28 1.276029
900 294 96 24 24 1.877342
900 294 102 24 24 1.788488
900 300 102 24 24 1.653899
900 306 102 24 24 1.759016
900 306 108 24 24 1.277516
900 396 0 24 24 0.897804
900 402 6 24 24 1.588779
900 492 0 24 24 0.400901
900 498 0 24 24 0.680067
900 498 6 24 24 1.523461
930 288 32 64 64 0.061319
930 396 168 48 48 1.779787
930 408 168 48 48 2.608267
930 396 168 48 48 1.779787
930 408 168 48 48 2.608267
930 374 33 44 44 0.877390
930 0 0 40 40 3.027027
930 0 10 40 40 0.670555
930 10 10 40 40 1.375340
930 0 0 36 36 1.048959
930 0 9 36 36 3.409679
930 0 18 36 36 1.003338
930 9 0 36 36 0.322071
930 9 9 36 36 2.886461
930 9 18 36 36 0.354085
930 18 18 36 36 0.305610
930 450 18 36 36 1.727561
930 450 27 36 36 1.117554
930 459 18 36 36 2.338788
930 459 27 36 36 1.940323
930 0 16 32 32 3.418051
930 0 24 32 32 4.058891
930 8 16 32 32 3.199270
930 8 24 32 32 1.928522
930 16 16 32 32 4.477972
930 24 16 32 32 0.713299
930 256 112 32 32 6.509801
930 264 0 32 32 5.922613
930 264 8 32 32 4.631601
930 264 112 32 32 6.088073
930 264 128 32 32 4.885211
930 264 136 32 32 0.816893
930 272 0 32 32 6.023808
930 272 8 32 32 2.260370
930 272 112 32 32 6.242905
930 272 128 32 32 6.041778
930 272 136 32 32 4.007686
930 280 112 32 32 2.411754
930 280 136 32 32 0.099228
930 384 112 32 32 0.652116
930 384 136 32 32 1.544887
930 384 144 32 32 2.488333
930 384 152 32 32 3.921420
930 112 119 28 28 1.403123
930 112 126 28 28 0.429392
930 154 112 28 28 0.669497
930 336 112 28 28 1.953646
930 343 112 28 28 3.226320
930 343 119 28 28 3.599938
930 343 126 28 28 0.241706
930 350 119 28 28 2.347604
930 350 126 28 28 2.186767
930 350 133 28 28 1.117177
930 357 112 28 28 1.062919
930 357 119 28 28 2.841484
930 357 126 28 28 2.143537
930 448 21 28 28 0.155099
930 448 224 28 28 0.558026
930 448 231 28 28 1.531166
930 448 238 28 28 0.401920
930 455 21 28 28 3.529078
930 469 0 28 28 0.828844
930 96 198 24 24 2.295741
930 102 192 24 24 0.140800
930 198 0 24 24 1.948518
930 198 6 24 24 2.827258
930 204 0 24 24 4.212720
930 204 6 24 24 2.672230
930 204 114 24 24 0.472018
930 210 0 24 24 2.465544
930 210 6 24 24 1.459331
930 210 114 24 24 0.594073
930 390 108 24 24 2.426367
930 390 114 24 24 1.312684
930 396 114 24 24 0.894383
930 396 192 24 24 0.827183
930 396 198 24 24 0.683787
930 396 204 24 24 1.976441
930 396 210 24 24 2.865407
930 402 192 24 24 0.245210
930 402 210 24 24 2.009270
930 486 96 24 24 1.738706
960 352 32 64 64 2.416851
960 352 48 64 64 5.668380
960 297 126 36 36 0.972488
960 297 144 36 36 0.273629
960 306 144 36 36 0.107281
960 450 126 36 36 0.102193
960 459 126 36 36 0.637269
960 459 144 36 36 3.879675
960 459 153 36 36 4.991873
960 0 128 32 32 4.554877
960 8 128 32 32 0.481102
960 264 112 32 32 0.930067
960 272 112 32 32 1.873840
960 272 128 32 32 1.047943
960 280 112 32 32 2.845541
960 280 128 32 32 4.129204
960 392 128 32 32 0.824309
960 400 128 32 32 2.149681
960 408 128 32 32 3.774198
960 408 136 32 32 0.145487
960 0 133 28 28 0.292579
960 7 133 28 28 6.039987
960 14 133 28 28 2.800718
960 168 112 28 28 1.510439
960 224 98 28 28 2.784897
960 231 98 28 28 2.711368
960 357 98 28 28 1.713567
960 204 114 24 24 3.014390
960 210 114 24 24 2.332546
960 300 12 24 24 1.056699
960 300 18 24 24 3.748680
960 306 6 24 24 1.761541
960 306 12 24 24 0.527388
960 306 18 24 24 0.556038
960 486 192 24 24 3.581078
960 492 192 24 24 5.087694
960 492 198 24 24 1.595018
960 498 192 24 24 3.502840
960 498 198 24 24 1.927415
990 256 16 64 64 0.666545
990 256 32 64 64 4.378436
990 330 140 40 40 1.900337
990 216 27 36 36 2.366473
990 272 112 32 32 0.154510
990 168 112 28 28 2.199132
990 245 98 28 28 0.401053
990 336 119 28 28 1.175534
990 336 126 28 28 0.939278
990 336 133 28 28 4.273697
990 343 112 28 28 1.669960
990 343 119 28 28 3.157760
990 350 112 28 28 0.344223
990 350 119 28 28 3.192452
990 448 112 28 28 1.586889
990 448 119 28 28 3.231294
990 448 126 28 28 1.148633
990 448 133 28 28 0.496807
990 455 112 28 28 2.698935
990 455 119 28 28 1.790307
990 462 112 28 28 1.253740
990 12 114 24 24 0.113882
990 18 114 24 24 0.681522
990 204 114 24 24 3.014582
990 210 84 24 24 3.225198
990 210 114 24 24 6.817564
990 402 108 24 24 4.588852
990 402 114 24 24 0.860820
990 480 192 24 24 1.004122
990 498 18 24 24 1.172925
1020 256 0 64 64 1.249223
1020 256 16 64 64 2.730663
1020 256 32 64 64 1.200800
1020 272 0 64 64 1.484576
1020 272 16 64 64 4.688129
1020 272 32 64 64 1.580610
1020 288 0 64 64 1.131824
1020 288 16 64 64 2.241045
1020 288 32 64 64 0.510082
1020 192 24 48 48 0.013017
1020 264 36 48 48 1.113375
1020 192 24 48 48 0.013017
1020 264 36 48 48 1.113375
1020 176 33 44 44 2.390997
1020 187 33 44 44 2.624618
1020 198 33 44 44 1.147709
1020 0 0 36 36 3.830656
1020 198 27 36 36 1.346809
1020 432 126 36 36 3.425867
1020 432 144 36 36 2.706183
1020 432 153 36 36 2.203774
1020 432 162 36 36 2.297685
1020 432 171 36 36 2.688873
1020 0 0 32 32 0.793075
1020 0 8 32 32 3.677203
1020 0 112 32 32 3.378104
1020 8 0 32 32 0.954446
1020 8 8 32 32 6.577681
1020 8 16 32 32 2.139977
1020 8 112 32 32 1.250710
1020 16 8 32 32 3.189375
1020 400 112 32 32 2.457547
1020 408 112 32 32 4.026400
1020 7 14 28 28 5.146149
1020 7 21 28 28 2.083629
1020 7 126 28 28 2.696326
1020 14 14 28 28 3.424849
1020 14 21 28 28 4.429910
1020 14 126 28 28 3.403372
1020 21 14 28 28 5.717967
1020 21 21 28 28 2.110018
1020 21 126 28 28 0.087338
1020 119 112 28 28 0.355508
1020 126 112 28 28 0.796058
1020 224 98 28 28 4.410701
1020 343 119 28 28 1.052591
1020 350 119 28 28 2.864882
1020 350 126 28 28 2.635339
1020 357 126 28 28 1.769683
1020 448 126 28 28 1.654523
1020 448 133 28 28 2.117127
1020 455 133 28 28 1.945017
1020 462 98 28 28 1.337308
1020 469 98 28 28 1.534313
1020 0 6 24 24 3.345674
1020 0 12 24 24 0.163398
1020 6 0 24 24 0.046114
1020 6 6 24 24 2.180261
1020 288 114 24 24 0.536578
1020 294 114 24 24 1.956977
1020 492 84 24 24 0.143824
1020 498 84 24 24 1.950662
1020 498 198 24 24 1.231561
1020 498 204 24 24 1.857084
1050 256 0 64 64 2.277746
1050 256 16 64 64 0.132098
1050 272 0 64 64 3.241479
1050 272 16 64 64 7.043638
1050 272 32 64 64 2.822776
1050 288 0 64 64 1.766608
1050 288 16 64 64 4.100482
1050 288 32 64 64 2.853226
1050 352 0 64 64 1.793288
1050 352 16 64 64 2.821358
1050 192 12 48 48 4.297576
1050 192 24 48 48 3.601957
1050 204 12 48 48 2.601432
1050 204 24 48 48 0.241624
1050 264 36 48 48 0.950668
1050 384 36 48 48 2.179063
1050 396 36 48 48 0.806177
1050 192 12 48 48 4.297576
1050 192 24 48 48 3.601957
1050 204 12 48 48 2.601432
1050 204 24 48 48 0.241624
1050 264 36 48 48 0.950668
1050 384 36 48 48 2.179063
1050 396 36 48 48 0.806177
1050 176 22 44 44 1.234354
1050 176 33 44 44 6.499592
1050 187 0 44 44 0.136055
1050 187 33 44 44 3.867501
1050 242 33 44 44 2.217757
1050 198 18 36 36 1.944200
1050 198 27 36 36 0.299854
1050 216 0 36 36 5.376631
1050 216 9 36 36 2.464923
1050 192 24 32 32 1.333988
1050 384 112 32 32 0.322562
1050 384 128 32 32 2.972320
1050 392 128 32 32 0.430751
1050 408 128 32 32 6.258969
1050 408 136 32 32 0.713565
1050 168 98 28 28 1.095513
1050 231 7 28 28 0.052683
1050 231 14 28 28 0.434370
1050 238 7 28 28 1.130754
1050 238 14 28 28 2.943473
1050 238 21 28 28 0.653957
1050 245 7 28 28 7.621056
1050 245 14 28 28 11.683726
1050 245 21 28 28 4.200367
1050 336 112 28 28 0.879254
1050 336 126 28 28 2.173562
1050 336 133 28 28 8.000372
1050 343 126 28 28 3.186584
1050 343 133 28 28 4.590383
1050 350 119 28 28 0.224318
1050 350 126 28 28 1.642959
1050 448 126 28 28 1.354131
1050 448 133 28 28 4.172729
1050 455 112 28 28 1.762772
1050 455 119 28 28 1.186857
1050 455 126 28 28 2.493923
1050 455 133 28 28 3.090083
1050 462 112 28 28 1.239913
1050 462 133 28 28 0.388515
1050 288 108 24 24 2.413462
1050 300 108 24 24 0.507311
1050 306 108 24 24 1.386347
1050 390 84 24 24 1.447588
1080 0 0 64 64 2.166343
1080 0 16 64 64 1.481416
1080 256 32 64 64 1.858483
1080 272 0 64 64 0.709218
1080 272 16 64 64 5.721630
1080 272 32 64 64 10.378600
1080 272 48 64 64 5.356807
1080 288 0 64 64 2.143219
1080 288 16 64 64 6.985633
1080 288 32 64 64 10.629721
1080 288 48 64 64 8.018216
1080 192 24 48 48 2.290058
1080 204 24 48 48 3.040784
1080 264 36 48 48 1.998749
1080 192 24 48 48 2.290058
1080 204 24 48 48 3.040784
1080 264 36 48 48 1.998749
1080 432 18 36 36 1.533933
1080 441 18 36 36 0.476658
1080 0 112 32 32 0.379644
1080 8 112 32 32 4.170444
1080 16 112 32 32 9.370866
1080 24 112 32 32 5.447837
1080 384 136 32 32 0.861767
1080 7 126 28 28 2.616924
1080 14 126 28 28 1.715462
1080 21 119 28 28 4.759623
1080 21 126 28 28 6.856075
1080 21 133 28 28 2.741373
1080 336 133 28 28 0.767526
1080 343 133 28 28 1.678127
1080 350 133 28 28 2.289032
1080 357 126 28 28 1.854174
1080 357 133 28 28 5.383846
1080 210 102 24 24 0.232595
1080 480 192 24 24 0.487575
1080 486 192 24 24 1.034928
1080 492 192 24 24 1.325582
1110 256 0 64 64 1.107482
1110 256 16 64 64 2.113060
1110 272 16 64 64 4.116432
1110 288 16 64 64 1.658368
1110 352 32 64 64 2.290017
1110 352 48 64 64 2.724776
1110 264 36 48 48 1.838842
1110 264 36 48 48 1.838842
1110 160 10 40 40 0.865563
1110 170 10 40 40 0.630955
1110 16 112 32 32 1.013089
1110 176 16 32 32 0.278306
1110 176 24 32 32 0.096607
1110 392 128 32 32 2.554176
1110 392 136 32 32 1.304099
1110 392 144 32 32 0.951665
1110 392 152 32 32 4.444397
1110 400 112 32 32 0.328622
1110 400 128 32 32 4.663390
1110 400 136 32 32 5.075430
1110 400 144 32 32 1.986216
1110 400 152 32 32 4.081669
1110 408 112 32 32 0.154404
1110 408 152 32 32 0.250783
1110 0 126 28 28 1.371182
1110 0 133 28 28 5.880195
1110 7 133 28 28 3.597268
1110 21 126 28 28 1.473126
1110 21 133 28 28 1.535211
1110 336 112 28 28 2.998716
1110 336 119 28 28 3.085218
1110 343 112 28 28 4.574378
1110 343 119 28 28 2.884591
1110 343 126 28 28 1.584379
1110 343 133 28 28 0.347427
1110 350 112 28 28 2.662577
1110 350 119 28 28 2.598827
1110 350 126 28 28 0.006911
1110 198 114 24 24 0.127831
1110 204 114 24 24 1.175278
1110 402 114 24 24 0.583779
1140 272 32 64 64 0.862699
1140 288 16 64 64 0.547858
1140 288 32 64 64 0.967354
1140 352 0 64 64 5.446869
1140 352 16 64 64 1.633768
1140 384 36 48 48 1.521494
1140 384 36 48 48 1.521494
1140 154 112 28 28 0.753548
1140 168 112 28 28 3.445140
1140 168 119 28 28 0.973141
1140 224 98 28 28 0.928470
1140 238 98 28 28 1.039974
1140 343 119 28 28 1.245424
1140 350 119 28 28 3.074033
1140 350 126 28 28 2.778538
1140 350 133 28 28 0.092536
1140 357 112 28 28 1.095952
1140 357 119 28 28 2.086776
1140 357 126 28 28 1.591836
1140 357 133 28 28 3.575809
1170 0 32 64 64 1.119382
1170 16 32 64 64 3.210077
1170 32 32 64 64 2.022439
1170 352 0 64 64 0.078712
1170 352 16 64 64 2.971335
1170 384 128 32 32 0.542999
1170 408 136 32 32 1.528339
1170 408 144 32 32 5.992223
1170 224 98 28 28 5.629117
1170 231 98 28 28 5.414413
1170 238 98 28 28 3.255289
1170 343 119 28 28 1.349823
1170 350 112 28 28 2.762847
1170 357 112 28 28 5.813803
1170 357 119 28 28 2.405340
1170 455 119 28 28 0.267329
1170 462 112 28 28 0.370734
1170 462 119 28 28 4.277811
1170 469 119 28 28 4.881537
1170 469 126 28 28 1.533075
1170 210 114 24 24 1.966331
1200 48 0 64 64 1.486154
1200 432 126 36 36 0.706124
1200 384 112 32 32 1.007205
1200 384 136 32 32 0.743141
1200 126 119 28 28 1.578319
1200 154 126 28 28 0.060577
1200 224 98 28 28 6.123054
1200 231 98 28 28 3.967825
1200 350 112 28 28 3.955774
1200 350 119 28 28 5.386193
1200 350 126 28 28 1.589641
1200 350 133 28 28 0.627362
1200 357 112 28 28 8.138824
1200 357 119 28 28 8.510267
1200 357 126 28 28 0.167180
1200 462 119 28 28 2.243236
1200 204 114 24 24 0.843321
1230 16 16 64 64 0.465582
1230 32 16 64 64 0.024341
1230 48 0 64 64 1.016446
1230 48 16 64 64 1.202131
1230 256 32 64 64 0.828243
1230 288 48 64 64 0.544396
1230 432 126 36 36 7.569940
1230 441 126 36 36 1.959437
1230 0 98 28 28 0.855898
1230 7 98 28 28 0.043810
1230 224 98 28 28 5.766041
1230 231 98 28 28 5.356538
1230 238 98 28 28 0.657600
1230 448 119 28 28 1.716778
1230 448 126 28 28 2.349475
1230 448 133 28 28 1.783624
1230 455 119 28 28 0.011450
1230 455 126 28 28 0.195448
1230 455 133 28 28 0.532822
1230 469 119 28 28 1.498905
1230 0 108 24 24 0.531442
1230 6 108 24 24 1.276524
1230 6 114 24 24 0.109148
1230 12 108 24 24 0.069470
1230 12 114 24 24 0.851794
1230 204 114 24 24 0.511178
1230 210 114 24 24 0.108014
1260 0 16 64 64 2.102600
1260 0 32 64 64 0.119202
1260 272 32 64 64 0.328100
1260 192 36 48 48 5.206896
1260 192 36 48 48 5.206896
1260 187 33 44 44 2.113232
1260 350 140 40 40 0.959354
1260 144 9 36 36 0.051222
1260 432 153 36 36 2.988649
1260 441 153 36 36 3.437197
1260 441 162 36 36 2.551950
1260 450 153 36 36 1.194808
1260 450 162 36 36 2.736847
1260 459 162 36 36 0.856486
1260 8 128 32 32 0.946195
1260 392 112 32 32 0.606232
1260 14 133 28 28 1.572466
1260 21 133 28 28 1.005297
1260 112 133 28 28 1.227064
1260 119 133 28 28 3.677853
1260 126 133 28 28 3.271448
1260 154 112 28 28 3.588672
1260 154 119 28 28 2.250221
1260 210 114 24 24 1.942784
1260 384 192 24 24 1.006189
1260 390 102 24 24 0.018984
1260 390 108 24 24 1.888437
1260 390 192 24 24 0.827540
1260 396 96 24 24 1.104485
1260 396 102 24 24 4.710303
1260 396 108 24 24 5.537240
1260 396 192 24 24 2.174150
1260 402 102 24 24 3.647409
1260 402 108 24 24 3.490167
1260 402 192 24 24 0.797268
1290 48 0 64 64 1.474991
1290 352 48 64 64 1.398532
1290 192 36 48 48 6.698605
1290 204 36 48 48 0.993416
1290 192 36 48 48 6.698605
1290 204 36 48 48 0.993416
1290 176 22 44 44 0.386900
1290 187 11 44 44 0.156673
1290 187 22 44 44 2.540040
1290 187 33 44 44 0.615654
1290 0 126 36 36 1.539157
1290 9 126 36 36 0.457262
1290 18 126 36 36 2.132793
1290 27 126 36 36 1.518168
1290 16 144 32 32 0.124520
1290 24 144 32 32 2.885627
1290 144 0 32 32 0.457805
1290 408 112 32 32 0.416134
1290 112 119 28 28 1.375122
1290 119 112 28 28 1.341477
1290 119 119 28 28 0.641547
1290 126 112 28 28 1.160523
1290 238 21 28 28 0.797172
1290 238 98 28 28 1.427241
1290 238 112 28 28 0.095381
1290 245 98 28 28 1.375823
1290 245 112 28 28 1.449552
1290 18 96 24 24 0.467983
1290 18 102 24 24 1.433455
1290 210 114 24 24 0.344607
1290 384 96 24 24 1.097094
1290 384 102 24 24 2.395686
1290 480 102 24 24 0.232210
1290 486 96 24 24 0.025607
1320 0 0 64 64 1.671905
1320 0 16 64 64 3.231478
1320 16 0 64 64 2.803012
1320 16 16 64 64 4.075809
1320 32 0 64 64 4.388973
1320 32 16 64 64 5.067367
1320 48 0 64 64 0.928051
1320 48 16 64 64 3.319044
1320 384 0 48 48 2.333562
1320 384 12 48 48 2.390877
1320 384 24 48 48 2.845641
1320 384 36 48 48 1.898189
1320 396 24 48 48 2.565799
1320 396 36 48 48 1.979724
1320 384 0 48 48 2.333562
1320 384 12 48 48 2.390877
1320 384 24 48 48 2.845641
1320 384 36 48 48 1.898189
1320 396 24 48 48 2.565799
1320 396 36 48 48 1.979724
1320 374 22 44 44 1.540910
1320 385 11 44 44 0.025252
1320 385 22 44 44 3.396749
1320 385 33 44 44 3.697437
1320 306 126 36 36 1.456558
1320 408 0 32 32 0.759180
1320 408 8 32 32 1.651724
1320 154 0 28 28 2.401316
1320 224 0 28 28 1.787791
1320 224 98 28 28 2.020052
1320 231 0 28 28 2.759394
1320 231 98 28 28 1.193425
1320 238 98 28 28 0.143896
1320 245 98 28 28 2.348814
1320 455 224 28 28 2.281347
1320 462 98 28 28 1.251369
1320 469 98 28 28 1.748598
1320 288 114 24 24 1.269074
1320 294 114 24 24 0.576488
1320 300 114 24 24 1.307446
1320 306 114 24 24 0.339489
1320 402 192 24 24 1.375541
1320 402 204 24 24 1.273913
1320 480 114 24 24 0.177885
1320 486 114 24 24 0.462379
1320 492 84 24 24 0.915755
1320 492 114 24 24 0.750748
1320 498 84 24 24 1.544421
1350 16 0 64 64 3.215250
1350 16 16 64 64 1.904276
1350 32 0 64 64 6.154633
1350 32 16 64 64 2.131947
1350 48 0 64 64 2.189539
1350 48 16 64 64 2.529984
1350 352 16 64 64 0.315370
1350 420 12 48 48 0.469230
1350 420 24 48 48 1.156256
1350 420 12 48 48 0.469230
1350 420 24 48 48 1.156256
1350 24 112 32 32 3.416973
1350 392 112 32 32 0.530693
1350 400 112 32 32 1.337289
1350 408 112 32 32 0.587556
1350 238 98 28 28 0.144789
1350 350 112 28 28 2.741429
1350 350 119 28 28 4.104021
1350 350 126 28 28 3.006614
1350 350 133 28 28 1.824927
1350 357 112 28 28 1.619947
1350 357 119 28 28 3.070473
1350 357 126 28 28 0.523487
1350 448 126 28 28 6.219484
1350 448 133 28 28 6.679118
1350 455 98 28 28 0.641803
1350 455 126 28 28 4.262219
1350 455 133 28 28 4.389414
1350 462 112 28 28 2.106370
1350 462 119 28 28 2.473073
1350 462 126 28 28 2.287097
1350 469 112 28 28 2.380152
1350 469 119 28 28 4.815870
1350 469 126 28 28 1.586078
1350 96 114 24 24 0.942543
1350 144 0 24 24 0.540218
1350 480 96 24 24 0.410894
1350 480 102 24 24 3.068719
1350 480 108 24 24 3.394947
1350 480 114 24 24 2.199338
1350 486 108 24 24 1.460952
1350 486 114 24 24 1.152108
1350 498 96 24 24 1.257701
1380 0 0 64 64 0.068436
1380 0 16 64 64 2.709662
1380 16 0 64 64 0.479786
1380 216 36 48 48 0.052817
1380 288 36 48 48 0.033910
1380 216 36 48 48 0.052817
1380 288 36 48 48 0.033910
1380 0 112 32 32 2.010675
1380 0 128 32 32 1.945146
1380 0 136 32 32 0.982658
1380 8 112 32 32 3.905299
1380 8 128 32 32 1.543181
1380 8 136 32 32 2.369824
1380 16 112 32 32 1.251825
1380 24 112 32 32 2.716787
1380 24 128 32 32 1.836511
1380 136 112 32 32 0.964087
1380 384 112 32 32 3.763390
1380 384 128 32 32 1.702537
1380 0 133 28 28 1.289199
1380 7 133 28 28 1.609843
1380 14 133 28 28 2.078447
1380 21 133 28 28 1.672104
1380 154 119 28 28 1.762204
1380 336 112 28 28 3.762427
1380 336 119 28 28 0.607516
1380 343 112 28 28 5.232339
1380 343 119 28 28 0.402510
1380 448 119 28 28 1.106753
1380 448 126 28 28 1.498612
1380 448 133 28 28 2.073172
1380 455 119 28 28 3.188644
1380 455 126 28 28 5.800128
1380 455 133 28 28 6.440410
1380 462 119 28 28 1.990364
1380 462 126 28 28 5.059681
1380 462 133 28 28 5.906765
1380 469 126 28 28 3.090024
1380 469 133 28 28 5.374292
1380 96 114 24 24 1.233469
1380 102 108 24 24 0.196602
1380 102 114 24 24 1.828732
1380 492 114 24 24 3.092001
1380 498 108 24 24 1.523041
1380 498 114 24 24 4.868211
1410 48 0 64 64 1.765078
1410 12 36 48 48 0.705867
1410 24 12 48 48 0.781994
1410 24 36 48 48 0.095672
1410 36 0 48 48 1.548270
1410 36 12 48 48 2.535614
1410 204 36 48 48 1.138175
1410 288 36 48 48 2.477337
1410 12 36 48 48 0.705867
1410 24 12 48 48 0.781994
1410 24 36 48 48 0.095672
1410 36 0 48 48 1.548270
1410 36 12 48 48 2.535614
1410 204 36 48 48 1.138175
1410 288 36 48 48 2.477337
1410 0 154 44 44 0.465680
1410 187 154 44 44 0.391113
1410 0 160 40 40 1.248804
1410 10 160 40 40 1.311037
1410 20 160 40 40 0.617923
1410 220 140 40 40 2.337196
1410 0 162 36 36 1.169410
1410 9 162 36 36 3.144662
1410 9 171 36 36 0.082353
1410 18 162 36 36 2.298346
1410 18 171 36 36 2.410946
1410 27 162 36 36 3.928571
1410 27 171 36 36 1.314182
1410 144 162 36 36 0.834163
1410 153 162 36 36 1.351497
1410 162 162 36 36 0.280920
1410 198 162 36 36 2.122860
1410 198 171 36 36 3.670896
1410 216 162 36 36 0.383525
1410 216 171 36 36 2.896820
1410 136 128 32 32 0.239233
1410 136 136 32 32 0.211400
1410 144 112 32 32 2.503675
1410 144 128 32 32 2.326935
1410 144 136 32 32 2.583996
1410 400 112 32 32 3.096035
1410 400 128 32 32 4.588598
1410 408 112 32 32 2.556573
1410 408 128 32 32 4.997516
1410 119 14 28 28 0.871436
1410 154 119 28 28 0.130914
1410 154 133 28 28 1.031594
1410 336 112 28 28 1.206509
1410 357 112 28 28 0.440289
1410 448 112 28 28 7.046130
1410 448 119 28 28 0.199598
1410 455 112 28 28 7.019843
1410 455 119 28 28 3.676858
1410 462 112 28 28 0.755600
1410 12 198 24 24 0.188563
1410 12 204 24 24 2.823326
1410 18 198 24 24 1.357132
1410 18 204 24 24 4.528993
1410 18 210 24 24 1.109919
1410 102 84 24 24 5.802306
1410 108 84 24 24 8.328094
1410 192 198 24 24 1.973727
1410 192 204 24 24 3.264805
1410 192 210 24 24 0.934865
1410 198 108 24 24 1.444119
1410 210 204 24 24 0.661744
1410 288 114 24 24 0.061432
1410 396 114 24 24 5.039172
1410 402 114 24 24 2.546012
1410 492 102 24 24 2.688873
1410 498 102 24 24 2.197588
1440 256 0 64 64 2.518056
1440 272 0 64 64 0.218345
1440 352 16 64 64 0.508634
1440 204 36 48 48 0.667461
1440 216 36 48 48 0.296821
1440 204 36 48 48 0.667461
1440 216 36 48 48 0.296821
1440 0 126 36 36 2.880145
1440 9 126 36 36 2.891056
1440 18 126 36 36 1.868421
1440 27 126 36 36 1.850108
1440 0 136 32 32 0.020542
1440 8 136 32 32 1.698672
1440 8 144 32 32 0.986067
1440 16 128 32 32 1.096465
1440 16 136 32 32 3.146858
1440 16 144 32 32 0.632003
1440 24 136 32 32 0.459732
1440 408 112 32 32 2.600421
1440 408 128 32 32 6.566336
1440 154 119 28 28 0.389267
1440 336 112 28 28 1.029933
1440 357 112 28 28 0.491370
1440 448 112 28 28 2.810022
1440 455 112 28 28 7.048316
1440 455 119 28 28 5.238302
1440 455 126 28 28 1.329826
1440 462 112 28 28 4.194451
1440 462 119 28 28 3.988491
1440 462 126 28 28 1.774440
1440 102 84 24 24 2.010452
1440 144 6 24 24 1.503970
1440 144 12 24 24 1.360054
1440 402 114 24 24 3.231719
1470 256 0 64 64 0.685214
1470 10 140 40 40 0.023883
1470 0 126 36 36 1.530788
1470 9 126 36 36 2.381249
1470 18 126 36 36 1.820301
1470 18 144 36 36 0.576211
1470 27 126 36 36 1.210282
1470 0 136 32 32 0.913724
1470 0 144 32 32 1.437724
1470 8 136 32 32 0.154318
1470 8 144 32 32 3.245167
1470 16 128 32 32 0.364023
1470 16 136 32 32 2.380645
1470 16 144 32 32 3.707177
1470 24 136 32 32 0.445027
1470 24 144 32 32 0.602447
1470 392 112 32 32 1.056363
1470 408 112 32 32 2.627464
1470 408 128 32 32 6.091735
1470 408 136 32 32 2.539387
1470 154 126 28 28 0.556766
1470 336 119 28 28 1.651881
1470 357 112 28 28 2.252802
1470 357 119 28 28 2.218490
1470 448 119 28 28 0.897435
1470 455 112 28 28 4.246633
1470 455 119 28 28 9.057756
1470 455 126 28 28 1.767900
1470 462 112 28 28 4.575091
1470 462 119 28 28 7.199288
1470 462 126 28 28 1.856016
1470 469 119 28 28 0.883939
1470 96 84 24 24 0.455094
1470 102 84 24 24 0.923591
1470 144 6 24 24 1.149057
1470 144 12 24 24 4.212824
1470 144 18 24 24 1.646832
1500 0 126 36 36 0.617689
1500 0 144 36 36 0.376420
1500 9 126 36 36 1.978968
1500 9 144 36 36 0.609351
1500 9 153 36 36 0.626602
1500 18 144 36 36 0.098789
1500 8 136 32 32 0.495550
1500 8 144 32 32 3.047874
1500 8 152 32 32 2.558444
1500 16 136 32 32 1.658352
1500 16 144 32 32 1.869210
1500 16 152 32 32 1.314676
1500 24 144 32 32 0.841958
1500 392 112 32 32 2.989919
1500 400 112 32 32 1.029702
1500 408 112 32 32 3.481165
1500 408 128 32 32 1.721557
1500 408 136 32 32 3.130651
1500 21 98 28 28 0.345710
1500 154 126 28 28 0.783371
1500 336 126 28 28 0.149441
1500 455 119 28 28 4.959463
1500 455 126 28 28 4.898231
1500 462 112 28 28 3.119485
1500 462 119 28 28 2.792352
1500 462 126 28 28 5.337430
1500 462 133 28 28 2.409659
1500 469 126 28 28 1.972696
1500 96 84 24 24 2.551384
1500 96 96 24 24 0.959352
1500 108 18 24 24 1.552892
1500 144 12 24 24 1.418275
1500 144 18 24 24 4.764360
1530 48 32 64 64 1.974009
1530 352 16 64 64 0.700875
1530 0 140 40 40 1.968963
1530 0 126 36 36 3.774893
1530 0 144 36 36 0.229589
1530 0 153 36 36 0.503791
1530 9 126 36 36 1.824265
1530 9 144 36 36 2.623746
1530 18 126 36 36 0.387217
1530 27 126 36 36 0.562179
1530 432 126 36 36 2.160750
1530 0 136 32 32 0.119745
1530 0 144 32 32 3.062330
1530 0 152 32 32 3.379270
1530 8 136 32 32 0.761163
1530 8 144 32 32 0.316401
1530 8 152 32 32 0.989534
1530 16 144 32 32 0.393042
1530 16 152 32 32 1.899016
1530 400 112 32 32 3.066874
1530 408 112 32 32 0.953434
1530 154 126 28 28 2.058727
1530 336 119 28 28 2.137168
1530 336 126 28 28 2.752601
1530 455 119 28 28 1.523747
1530 462 112 28 28 1.996424
1530 462 119 28 28 0.963763
1530 462 126 28 28 3.557509
1530 462 133 28 28 1.401695
1530 469 126 28 28 1.783024
1530 469 133 28 28 1.187841
1530 132 18 24 24 0.473452
1530 144 12 24 24 0.957949
1530 144 18 24 24 0.274592
1560 0 32 64 64 0.381280
1560 16 48 64 64 0.766763
1560 48 32 64 64 1.262793
1560 256 0 64 64 1.114696
1560 272 0 64 64 2.231771
1560 432 126 36 36 0.263282
1560 0 144 32 32 0.080515
1560 0 152 32 32 0.934207
1560 8 152 32 32 0.244028
1560 24 0 32 32 1.763970
1560 24 8 32 32 0.026464
1560 24 136 32 32 0.048753
1560 400 112 32 32 2.457691
1560 408 112 32 32 0.042409
1560 7 98 28 28 0.313410
1560 7 112 28 28 0.686071
1560 7 119 28 28 0.668500
1560 14 112 28 28 0.387936
1560 154 126 28 28 2.454125
1560 336 112 28 28 1.782217
1560 336 119 28 28 4.249196
1560 336 126 28 28 1.330677
1560 462 119 28 28 3.396876
1560 469 112 28 28 0.627826
1560 469 119 28 28 0.208236
1560 18 108 24 24 0.800691
1560 18 114 24 24 0.781131
1560 96 12 24 24 0.660480
1560 102 12 24 24 1.605306
1590 0 32 64 64 0.975910
1590 0 48 64 64 1.298056
1590 16 48 64 64 1.912303
1590 48 32 64 64 1.166062
1590 272 0 64 64 0.653725
1590 27 126 36 36 0.447063
1590 432 126 36 36 1.271074
1590 24 0 32 32 0.741703
1590 400 112 32 32 4.588044
1590 408 112 32 32 3.472014
1590 7 112 28 28 0.749310
1590 21 0 28 28 0.472972
1590 21 7 28 28 1.344779
1590 154 126 28 28 2.562537
1590 336 112 28 28 0.651870
1590 336 119 28 28 3.649464
1590 336 126 28 28 0.964293
1590 18 108 24 24 1.387196
1590 18 114 24 24 2.651249
1590 96 12 24 24 0.635725
1590 132 12 24 24 0.219153
1590 144 12 24 24 0.803320
1620 0 32 64 64 0.159454
1620 0 48 64 64 1.430214
1620 16 48 64 64 1.963613
1620 48 32 64 64 1.010045
1620 432 126 36 36 2.017179
1620 16 0 32 32 0.856090
1620 16 8 32 32 1.244579
1620 24 0 32 32 1.368589
1620 256 112 32 32 0.999233
1620 7 112 28 28 3.141026
1620 7 119 28 28 0.873382
1620 21 0 28 28 0.251188
1620 21 7 28 28 2.641894
1620 21 14 28 28 1.845789
1620 154 126 28 28 1.942038
1620 336 112 28 28 0.080441
1620 336 119 28 28 3.493451
1620 336 126 28 28 0.588547
1620 12 114 24 24 0.343892
1620 18 108 24 24 1.151872
1620 18 114 24 24 3.482054
1620 144 12 24 24 0.726713
1650 0 32 64 64 0.264784
1650 0 48 64 64 0.862320
1650 16 48 64 64 1.986822
1650 48 48 64 64 0.247968
1650 256 16 64 64 0.404307
1650 432 126 36 36 3.032106
1650 441 144 36 36 0.570765
1650 8 0 32 32 0.194980
1650 16 0 32 32 2.951900
1650 256 112 32 32 0.707310
1650 0 112 28 28 1.675303
1650 14 7 28 28 1.742673
1650 21 0 28 28 1.991753
1650 21 7 28 28 3.963655
1650 21 14 28 28 1.787930
1650 154 133 28 28 3.032165
1650 336 119 28 28 2.223268
1650 336 126 28 28 1.174140
1650 12 102 24 24 0.817267
1650 12 108 24 24 1.946846
1650 12 114 24 24 0.365967
1650 132 12 24 24 0.044832
1650 144 6 24 24 0.097234
1650 144 12 24 24 2.636006
1680 272 16 64 64 0.360108
1680 288 16 64 64 0.900719
1680 24 12 48 48 0.781492
1680 24 24 48 48 2.102538
1680 36 24 48 48 1.558270
1680 24 12 48 48 0.781492
1680 24 24 48 48 2.102538
1680 36 24 48 48 1.558270
1680 33 22 44 44 1.305665
1680 33 33 44 44 0.097475
1680 441 126 36 36 2.504770
1680 441 144 36 36 3.998610
1680 450 126 36 36 2.335225
1680 450 144 36 36 3.766403
1680 0 0 32 32 2.227286
1680 8 0 32 32 1.367697
1680 16 0 32 32 0.385092
1680 0 0 28 28 4.071458
1680 0 7 28 28 1.908530
1680 7 0 28 28 5.665834
1680 7 7 28 28 4.066409
1680 14 0 28 28 4.434357
1680 14 7 28 28 4.258976
1680 21 0 28 28 2.339578
1680 21 7 28 28 0.941431
1680 119 7 28 28 0.255276
1680 154 133 28 28 2.170179
1680 343 119 28 28 0.488442
1680 469 126 28 28 1.683905
1680 6 12 24 24 1.411704
1680 12 0 24 24 2.106768
1680 12 6 24 24 6.441193
1680 12 12 24 24 10.414392
1680 12 18 24 24 2.255976
1680 18 0 24 24 2.195435
1680 18 6 24 24 4.325140
1680 18 12 24 24 2.587020
1680 132 0 24 24 2.433559
1680 132 12 24 24 2.279751
1680 132 18 24 24 1.525127
1680 144 12 24 24 1.088994
1710 288 16 64 64 3.034206
1710 0 144 36 36 0.762133
1710 9 144 36 36 0.571045
1710 9 153 36 36 0.289958
1710 450 126 36 36 0.950495
1710 459 126 36 36 1.091844
1710 24 112 32 32 3.059649
1710 256 112 32 32 0.841384
1710 392 112 32 32 0.601110
1710 0 0 28 28 4.634461
1710 0 7 28 28 1.526259
1710 7 0 28 28 2.328723
1710 112 0 28 28 0.671442
1710 119 0 28 28 1.443532
1710 126 0 28 28 4.267197
1710 126 7 28 28 2.300905
1710 448 126 28 28 1.416530
1710 448 133 28 28 3.287311
1710 462 126 28 28 1.059621
1710 469 126 28 28 0.404722
1710 6 0 24 24 1.585981
1710 12 0 24 24 4.750003
1710 12 6 24 24 5.667066
1710 12 12 24 24 0.926278
1710 132 0 24 24 0.161496
1710 132 6 24 24 3.474737
1710 132 12 24 24 4.011894
1710 144 6 24 24 0.871312
1740 0 32 64 64 0.747374
1740 0 48 64 64 3.547168
1740 320 0 40 40 1.265271
1740 0 27 36 36 0.813060
1740 128 112 32 32 1.104356
1740 14 98 28 28 2.550031
1740 238 7 28 28 0.612732
1740 245 0 28 28 0.862034
1740 245 7 28 28 1.424597
1740 245 112 28 28 2.965377
1740 336 98 28 28 1.317337
1740 343 98 28 28 0.437502
1740 448 112 28 28 1.425087
1740 448 119 28 28 3.845830
1740 455 112 28 28 0.718952
1740 455 119 28 28 4.129314
1740 462 112 28 28 0.010402
1740 462 119 28 28 4.264843
1740 462 126 28 28 0.711099
1770 0 32 64 64 0.497945
1770 420 36 48 48 0.663680
1770 420 36 48 48 0.663680
1770 306 126 36 36 4.186788
1770 315 126 36 36 2.893451
1770 144 112 32 32 0.109762
1770 154 126 28 28 0.309465
1770 224 112 28 28 0.183848
1770 336 14 28 28 2.252763
1770 336 21 28 28 0.946155
1770 204 114 24 24 0.936334
1770 402 114 24 24 2.754184
1770 486 114 24 24 0.189287
1800 272 32 64 64 0.083545
1800 384 0 48 48 0.132669
1800 384 0 48 48 0.132669
1800 0 153 36 36 1.033175
1800 315 126 36 36 2.954034
1800 336 0 28 28 0.282014
1800 336 126 28 28 0.033193
1800 336 133 28 28 3.462993
1800 343 0 28 28 0.810363
1800 350 119 28 28 2.024217
1800 350 126 28 28 0.624458
1800 357 119 28 28 3.963300
1800 357 126 28 28 0.779247
1800 462 126 28 28 0.717654
1800 12 192 24 24 4.086741
1800 12 198 24 24 3.685749
1800 12 204 24 24 3.928402
1800 12 210 24 24 0.691830
1800 18 192 24 24 3.218369
1800 18 198 24 24 2.905766
1800 18 204 24 24 0.090389
1800 192 114 24 24 4.262005
1800 198 114 24 24 2.298882
1800 204 114 24 24 2.582470
1800 210 114 24 24 1.502575
1830 48 0 64 64 3.872100
1830 48 16 64 64 1.229175
1830 256 0 64 64 3.020293
1830 256 16 64 64 3.922941
1830 256 32 64 64 0.504020
1830 272 0 64 64 0.070072
1830 272 32 64 64 0.527324
1830 272 48 64 64 2.577869
1830 216 36 48 48 0.755306
1830 264 36 48 48 1.217712
1830 216 36 48 48 0.755306
1830 264 36 48 48 1.217712
1830 352 154 44 44 1.931398
1830 363 154 44 44 0.253075
1830 374 154 44 44 0.346011
1830 385 154 44 44 2.279980
1830 350 160 40 40 0.472672
1830 450 0 36 36 4.757184
1830 450 9 36 36 4.148471
1830 459 0 36 36 6.706584
1830 459 9 36 36 5.988300
1830 459 18 36 36 3.409039
1830 408 152 32 32 0.036082
1830 119 126 28 28 0.752714
1830 126 119 28 28 1.022183
1830 126 126 28 28 1.925043
1830 168 98 28 28 2.040606
1830 245 98 28 28 0.590727
1830 336 126 28 28 0.092728
1830 336 133 28 28 2.840503
1830 343 133 28 28 2.247572
1830 350 133 28 28 4.437831
1830 357 133 28 28 1.781085
1830 448 119 28 28 3.178358
1830 448 126 28 28 3.346315
1830 448 133 28 28 2.513634
1830 455 126 28 28 1.186629
1830 455 133 28 28 0.922863
1830 144 114 24 24 1.065941
1830 192 108 24 24 1.265682
1830 198 108 24 24 2.601680
1830 204 108 24 24 3.718705
1830 390 204 24 24 4.238493
1830 390 210 24 24 1.659863
1830 396 204 24 24 0.417760
1830 396 210 24 24 1.553856
1830 402 108 24 24 1.159757
