30 256 32 64 64 0.186908
30 272 16 64 64 2.212783
30 272 32 64 64 3.885113
30 288 16 64 64 1.472297
30 288 32 64 64 4.651989
30 288 48 64 64 3.373132
30 352 32 64 64 2.253032
30 352 48 64 64 1.936072
30 340 10 40 40 2.496392
30 340 20 40 40 0.631024
30 350 0 40 40 0.169309
30 350 10 40 40 4.279606
30 350 20 40 40 0.130470
30 216 126 36 36 2.622150
30 0 128 32 32 0.516448
30 8 112 32 32 3.309960
30 8 128 32 32 0.904720
30 16 112 32 32 0.567001
30 24 112 32 32 1.169220
30 256 136 32 32 1.029921
30 7 133 28 28 1.361221
30 14 119 28 28 0.254843
30 14 126 28 28 2.992820
30 14 133 28 28 4.285620
30 224 133 28 28 2.089939
30 245 245 28 28 0.387895
30 455 7 28 28 0.656480
30 210 114 24 24 0.941982
30 288 114 24 24 2.517632
30 294 114 24 24 1.769540
30 300 114 24 24 0.736163
60 256 0 64 64 0.850875
60 256 16 64 64 6.211021
60 256 32 64 64 2.744036
60 272 0 64 64 5.253778
60 272 16 64 64 9.140517
60 272 32 64 64 4.339338
60 288 0 64 64 3.316514
60 288 16 64 64 7.286291
60 288 32 64 64 5.419401
60 340 10 40 40 2.157650
60 340 20 40 40 0.134195
60 350 0 40 40 0.167763
60 350 10 40 40 4.118071
60 0 126 36 36 3.432766
60 0 144 32 32 2.009457
60 8 144 32 32 0.291182
60 16 128 32 32 0.206843
60 256 128 32 32 2.938638
60 264 128 32 32 0.620201
60 272 128 32 32 0.863669
60 14 126 28 28 0.476565
60 21 126 28 28 0.659395
60 126 133 28 28 0.654729
60 245 133 28 28 1.598125
60 245 245 28 28 0.482906
60 350 133 28 28 1.431213
60 357 133 28 28 2.534259
90 256 0 64 64 1.893609
90 256 16 64 64 6.559925
90 256 32 64 64 2.583992
90 272 0 64 64 5.701652
90 272 16 64 64 9.617417
90 272 32 64 64 4.543368
90 288 0 64 64 3.621529
90 288 16 64 64 7.668427
90 288 32 64 64 4.959970
90 340 10 40 40 2.358685
90 340 20 40 40 0.236424
90 350 10 40 40 4.252192
90 350 20 40 40 0.024467
90 441 126 36 36 1.405456
90 0 112 32 32 1.586838
90 0 128 32 32 0.094317
90 8 112 32 32 3.619427
90 16 112 32 32 3.019861
90 24 112 32 32 4.248438
90 272 112 32 32 0.092835
90 272 128 32 32 0.928561
90 7 126 28 28 1.051002
90 7 133 28 28 1.780558
90 14 119 28 28 1.462225
90 14 126 28 28 3.110683
90 14 133 28 28 2.596062
90 245 245 28 28 0.663342
90 350 126 28 28 0.268139
90 350 133 28 28 2.104784
90 357 133 28 28 2.605052
90 455 7 28 28 0.850576
90 288 114 24 24 1.622623
120 256 0 64 64 0.302586
120 256 16 64 64 5.338009
120 256 32 64 64 2.654942
120 272 0 64 64 5.060660
120 272 16 64 64 9.574958
120 272 32 64 64 4.428143
120 288 0 64 64 3.366779
120 288 16 64 64 7.731102
120 288 32 64 64 5.613305
120 340 10 40 40 2.307625
120 340 20 40 40 1.287354
120 350 10 40 40 4.635193
120 350 20 40 40 1.432279
120 0 128 32 32 0.765490
120 8 112 32 32 3.593331
120 8 128 32 32 1.522704
120 16 112 32 32 2.646351
120 24 112 32 32 3.513929
120 256 128 32 32 1.547004
120 264 128 32 32 4.211383
120 272 128 32 32 2.636025
120 7 133 28 28 0.042660
120 14 126 28 28 2.554997
120 14 133 28 28 3.690955
120 245 112 28 28 2.207887
120 245 119 28 28 0.569026
120 245 245 28 28 0.611252
120 350 133 28 28 2.542422
120 357 133 28 28 2.576315
120 448 7 28 28 0.201230
120 448 14 28 28 0.554947
120 455 7 28 28 1.806725
120 455 14 28 28 0.424994
120 288 114 24 24 1.703918
150 256 16 64 64 2.604321
150 256 32 64 64 2.425236
150 272 0 64 64 2.650025
150 272 16 64 64 4.720315
150 272 32 64 64 3.317730
150 288 0 64 64 1.759554
150 288 16 64 64 3.067955
150 288 32 64 64 4.334661
150 340 10 40 40 2.228675
150 340 20 40 40 0.787222
150 350 0 40 40 0.066382
150 350 10 40 40 4.851252
150 350 20 40 40 1.298724
150 0 112 32 32 0.366567
150 0 128 32 32 0.464630
150 8 112 32 32 3.202355
150 8 128 32 32 1.015970
150 16 112 32 32 1.638685
150 24 112 32 32 2.963454
150 272 128 32 32 2.047362
150 7 133 28 28 0.112836
150 14 126 28 28 2.430771
150 14 133 28 28 2.892850
150 245 245 28 28 0.530089
150 357 119 28 28 1.174699
150 448 7 28 28 0.505829
150 448 14 28 28 0.771650
150 455 7 28 28 2.364137
150 455 14 28 28 0.694609
150 210 114 24 24 0.395962
150 288 114 24 24 1.109968
180 256 0 64 64 1.964835
180 256 16 64 64 6.255074
180 256 32 64 64 2.684244
180 272 0 64 64 5.915136
180 272 16 64 64 10.216142
180 272 32 64 64 4.642964
180 288 0 64 64 3.306792
180 288 16 64 64 8.065653
180 288 32 64 64 5.275808
180 340 10 40 40 2.240718
180 340 20 40 40 0.784455
180 350 0 40 40 0.127444
180 350 10 40 40 4.551547
180 350 20 40 40 1.279726
180 0 112 32 32 0.361953
180 0 128 32 32 3.015994
180 8 112 32 32 3.235704
180 8 128 32 32 2.273041
180 16 112 32 32 1.800914
180 24 112 32 32 1.442084
180 128 128 32 32 2.843200
180 128 136 32 32 0.362228
180 272 128 32 32 1.540645
180 7 133 28 28 0.507393
180 14 126 28 28 2.799986
180 14 133 28 28 3.356804
180 21 112 28 28 1.211855
180 21 126 28 28 0.735480
180 21 133 28 28 0.369174
180 119 126 28 28 0.578209
180 119 133 28 28 3.366099
180 126 133 28 28 4.907466
180 245 245 28 28 0.911950
180 350 133 28 28 2.632535
180 357 133 28 28 3.311180
180 448 14 28 28 0.607533
180 455 7 28 28 1.775608
180 455 14 28 28 0.251276
180 288 114 24 24 0.284656
210 256 0 64 64 1.920692
210 256 16 64 64 6.459085
210 256 32 64 64 2.721768
210 272 0 64 64 5.844123
210 272 16 64 64 10.188387
210 272 32 64 64 4.870479
210 288 0 64 64 3.418964
210 288 16 64 64 7.697342
210 288 32 64 64 5.702350
210 340 10 40 40 2.278032
210 340 20 40 40 1.083108
210 350 10 40 40 4.726409
210 350 20 40 40 1.516616
210 8 112 32 32 2.567281
210 16 112 32 32 1.556408
210 24 112 32 32 2.712933
210 272 128 32 32 0.955285
210 14 126 28 28 1.187075
210 14 133 28 28 2.266432
210 245 245 28 28 0.739744
210 350 133 28 28 2.837425
210 357 133 28 28 3.109529
210 448 7 28 28 0.855724
210 448 14 28 28 0.635651
210 455 7 28 28 3.191598
210 455 14 28 28 1.587790
210 462 7 28 28 0.922745
210 462 14 28 28 0.444811
210 288 114 24 24 2.111848
240 32 32 64 64 0.652765
240 48 48 64 64 3.472071
240 256 16 64 64 5.776740
240 256 32 64 64 2.038285
240 272 0 64 64 4.833408
240 272 16 64 64 10.002714
240 272 32 64 64 4.693754
240 288 0 64 64 2.997815
240 288 16 64 64 7.691877
240 288 32 64 64 5.833224
240 340 10 40 40 2.267858
240 340 20 40 40 1.107121
240 350 0 40 40 0.207044
240 350 10 40 40 4.731849
240 350 20 40 40 1.343055
240 144 126 36 36 3.011939
240 0 128 32 32 1.082877
240 8 112 32 32 3.177977
240 8 128 32 32 1.876802
240 16 112 32 32 1.899956
240 24 112 32 32 2.842287
240 128 136 32 32 0.639939
240 128 144 32 32 5.971814
240 128 152 32 32 6.654465
240 136 136 32 32 0.144403
240 136 144 32 32 3.420600
240 136 152 32 32 4.453526
240 144 128 32 32 0.676647
240 144 136 32 32 3.925141
240 144 144 32 32 4.004815
240 144 152 32 32 1.888551
240 256 128 32 32 2.634646
240 256 136 32 32 3.130667
240 256 144 32 32 3.559131
240 256 152 32 32 2.034293
240 264 128 32 32 2.315830
240 264 136 32 32 2.323721
240 272 128 32 32 1.113795
240 7 133 28 28 0.071481
240 14 126 28 28 1.557400
240 14 133 28 28 3.110013
240 154 126 28 28 2.036232
240 154 133 28 28 3.806940
240 245 245 28 28 0.397421
240 350 133 28 28 2.644337
240 357 133 28 28 3.105990
240 448 7 28 28 0.698536
240 448 14 28 28 0.831183
240 455 7 28 28 3.842786
240 455 14 28 28 2.563020
240 462 7 28 28 2.487401
240 462 14 28 28 1.523987
240 132 192 24 24 0.081623
240 132 198 24 24 0.033820
240 288 114 24 24 1.765655
270 256 0 64 64 1.105402
270 256 16 64 64 5.854405
270 256 32 64 64 3.027607
270 272 0 64 64 4.991250
270 272 16 64 64 9.856807
270 272 32 64 64 5.081579
270 288 0 64 64 2.850844
270 288 16 64 64 7.055148
270 288 32 64 64 6.000169
270 340 10 40 40 1.203567
270 340 20 40 40 1.240919
270 350 10 40 40 4.257419
270 350 20 40 40 1.745897
270 0 128 32 32 2.593566
270 8 112 32 32 1.974222
270 8 128 32 32 3.333176
270 16 112 32 32 0.311375
270 24 112 32 32 2.234884
270 272 128 32 32 2.157351
270 7 133 28 28 0.725419
270 14 126 28 28 2.691698
270 14 133 28 28 2.371946
270 245 245 28 28 0.390327
270 350 133 28 28 2.980407
270 357 133 28 28 2.241523
270 448 7 28 28 0.184287
270 448 14 28 28 1.483776
270 455 7 28 28 4.070047
270 455 14 28 28 3.637868
270 462 7 28 28 3.432989
270 462 14 28 28 2.556551
270 288 114 24 24 2.079862
270 294 114 24 24 0.004796
300 256 0 64 64 2.468638
300 256 16 64 64 7.197729
300 256 32 64 64 4.277260
300 272 0 64 64 4.764303
300 272 16 64 64 7.763666
300 272 32 64 64 4.869400
300 288 0 64 64 2.456905
300 288 16 64 64 6.575317
300 288 32 64 64 5.965401
300 288 48 64 64 2.373975
300 340 10 40 40 2.579625
300 340 20 40 40 1.206920
300 350 0 40 40 0.358188
300 350 10 40 40 5.001053
300 350 20 40 40 1.120546
300 441 126 36 36 3.788440
300 450 126 36 36 1.672037
300 0 112 32 32 1.102923
300 0 128 32 32 1.077357
300 8 112 32 32 3.729308
300 8 128 32 32 1.339594
300 16 112 32 32 2.462039
300 24 112 32 32 3.134688
300 272 128 32 32 1.090607
300 7 133 28 28 0.881321
300 14 126 28 28 2.701496
300 14 133 28 28 3.313005
300 126 133 28 28 0.170064
300 245 245 28 28 0.688970
300 350 133 28 28 0.843558
300 448 7 28 28 0.677537
300 448 14 28 28 1.118923
300 455 7 28 28 4.167394
300 455 14 28 28 3.812889
300 462 7 28 28 3.081656
300 462 14 28 28 2.716421
300 288 114 24 24 2.674785
300 294 114 24 24 0.520302
300 480 18 24 24 0.299180
330 256 16 64 64 0.416724
330 256 32 64 64 2.415579
330 272 16 64 64 6.750386
330 272 32 64 64 4.001659
330 288 16 64 64 4.276852
330 288 32 64 64 4.227436
330 288 48 64 64 0.807980
330 340 10 40 40 2.366152
330 340 20 40 40 0.859774
330 350 10 40 40 4.717721
330 350 20 40 40 0.840943
330 0 112 32 32 1.222334
330 8 112 32 32 3.714348
330 16 112 32 32 2.739052
330 24 112 32 32 3.518863
330 256 128 32 32 5.054918
330 256 136 32 32 4.552535
330 14 126 28 28 2.535869
330 14 133 28 28 1.744539
330 245 245 28 28 0.620551
330 448 7 28 28 1.027887
330 448 14 28 28 0.800602
330 455 7 28 28 4.069297
330 455 14 28 28 2.842998
330 462 7 28 28 2.598635
330 462 14 28 28 1.383378
360 272 0 64 64 0.283589
360 272 16 64 64 0.627632
360 288 0 64 64 1.378621
360 288 32 64 64 3.211132
360 340 10 40 40 1.279721
360 340 20 40 40 1.416232
360 350 10 40 40 4.020861
360 350 20 40 40 1.684216
360 350 140 40 40 0.472528
360 288 144 36 36 3.750277
360 288 153 36 36 1.043525
360 0 112 32 32 1.664069
360 8 112 32 32 4.548752
360 16 112 32 32 4.017149
360 24 112 32 32 4.584608
360 256 128 32 32 5.903099
360 256 136 32 32 2.448253
360 264 128 32 32 6.582712
360 264 136 32 32 4.032546
360 272 128 32 32 3.073145
360 272 136 32 32 2.617116
360 384 144 32 32 1.424527
360 384 152 32 32 0.079514
360 0 126 28 28 0.959812
360 0 133 28 28 3.198216
360 7 126 28 28 1.868074
360 7 133 28 28 0.974884
360 14 126 28 28 4.306591
360 14 133 28 28 1.380213
360 21 126 28 28 2.136585
360 224 133 28 28 2.926005
360 245 245 28 28 0.634624
360 448 7 28 28 0.168435
360 448 14 28 28 0.510962
360 455 7 28 28 3.825184
360 455 14 28 28 2.484292
360 462 7 28 28 2.145885
360 462 14 28 28 1.267345
360 288 114 24 24 4.253696
360 294 114 24 24 2.549731
360 300 114 24 24 0.670676
390 256 16 64 64 2.447591
390 272 0 64 64 2.223477
390 272 16 64 64 6.821095
390 272 32 64 64 3.728990
390 288 0 64 64 1.483968
390 288 16 64 64 5.362965
390 288 32 64 64 4.103940
390 340 10 40 40 2.380316
390 340 20 40 40 0.656159
390 350 0 40 40 0.301249
390 350 10 40 40 4.723095
390 350 20 40 40 0.861846
390 459 126 36 36 1.650705
390 256 128 32 32 0.280518
390 256 136 32 32 2.047188
390 256 144 32 32 1.487032
390 264 144 32 32 1.181152
390 272 136 32 32 1.391517
390 280 136 32 32 2.046954
390 280 144 32 32 1.912176
390 14 98 28 28 2.031607
390 21 98 28 28 1.828975
390 112 133 28 28 0.019031
390 119 133 28 28 0.731029
390 126 133 28 28 1.817806
390 231 133 28 28 2.518492
390 238 133 28 28 0.967024
390 245 245 28 28 0.790587
390 350 133 28 28 2.229651
390 357 133 28 28 2.976171
390 448 7 28 28 0.742741
390 448 14 28 28 0.664458
390 455 7 28 28 2.981208
390 455 14 28 28 1.223329
390 18 114 24 24 4.383463
390 288 114 24 24 0.866570
420 32 32 64 64 0.628195
420 32 48 64 64 0.596068
420 48 48 64 64 2.458100
420 256 16 64 64 4.727927
420 256 32 64 64 1.981989
420 272 0 64 64 3.748164
420 272 16 64 64 8.954160
420 272 32 64 64 4.120045
420 288 0 64 64 1.934942
420 288 16 64 64 7.104958
420 288 32 64 64 4.062685
420 340 10 40 40 2.107892
420 340 20 40 40 0.435804
420 350 10 40 40 4.337461
420 350 20 40 40 0.388508
420 144 126 36 36 0.805667
420 198 144 36 36 3.101393
420 0 128 32 32 1.558212
420 8 112 32 32 3.095886
420 8 128 32 32 2.192808
420 16 112 32 32 2.678658
420 24 112 32 32 3.478368
420 128 152 32 32 0.763160
420 144 144 32 32 1.040448
420 192 144 32 32 2.334941
420 192 152 32 32 2.250010
420 256 128 32 32 3.243222
420 256 136 32 32 0.673049
420 256 144 32 32 0.224829
420 264 128 32 32 1.659984
420 272 128 32 32 0.300830
420 7 133 28 28 1.998709
420 14 126 28 28 2.496394
420 14 133 28 28 3.939475
420 154 133 28 28 0.289637
420 245 245 28 28 0.478402
420 350 133 28 28 3.598730
420 357 133 28 28 1.428567
420 448 7 28 28 2.064724
420 448 14 28 28 1.033976
420 455 7 28 28 3.472716
420 455 14 28 28 1.771886
420 462 7 28 28 0.411326
420 462 14 28 28 0.415443
420 288 114 24 24 2.169996
420 294 114 24 24 0.028321
450 256 0 64 64 0.951067
450 256 16 64 64 5.836069
450 256 32 64 64 2.814451
450 272 0 64 64 5.248731
450 272 16 64 64 9.451963
450 272 32 64 64 4.669878
450 288 0 64 64 2.999265
450 288 16 64 64 7.825398
450 288 32 64 64 5.678041
450 340 10 40 40 2.318548
450 340 20 40 40 0.467744
450 350 10 40 40 4.723297
450 350 20 40 40 0.448302
450 0 128 32 32 2.066741
450 8 112 32 32 2.878550
450 8 128 32 32 1.098662
450 16 112 32 32 1.297776
450 24 112 32 32 1.582974
450 176 144 32 32 0.383029
450 192 144 32 32 4.285553
450 192 152 32 32 2.107645
450 272 128 32 32 0.492974
450 7 133 28 28 0.600933
450 14 126 28 28 3.138237
450 14 133 28 28 2.985481
450 154 126 28 28 1.207423
450 245 133 28 28 0.065036
450 245 245 28 28 0.655524
450 350 133 28 28 2.641096
450 357 133 28 28 2.750593
450 448 7 28 28 2.890843
450 448 14 28 28 1.475860
450 455 7 28 28 3.893546
450 455 14 28 28 1.777278
450 462 7 28 28 1.272217
450 462 14 28 28 0.176024
450 288 114 24 24 3.117421
450 294 114 24 24 0.120766
480 16 32 64 64 1.190231
480 32 32 64 64 0.309366
480 256 0 64 64 1.464694
480 256 16 64 64 5.842289
480 256 32 64 64 2.899367
480 272 0 64 64 5.546819
480 272 16 64 64 9.608032
480 272 32 64 64 4.834363
480 288 0 64 64 3.117970
480 288 16 64 64 7.920851
480 288 32 64 64 5.679765
480 0 160 40 40 2.659362
480 0 190 40 40 1.411781
480 160 180 40 40 1.212061
480 170 190 40 40 1.428849
480 180 180 40 40 0.259394
480 340 10 40 40 2.196296
480 340 20 40 40 0.070690
480 350 10 40 40 4.210979
480 0 126 36 36 1.825442
480 0 153 36 36 2.988937
480 0 162 36 36 4.807484
480 0 171 36 36 1.691191
480 8 136 32 32 0.367727
480 128 128 32 32 0.930653
480 136 128 32 32 0.999715
480 264 128 32 32 1.159835
480 0 126 28 28 0.786701
480 7 119 28 28 0.168138
480 7 126 28 28 0.389583
480 14 112 28 28 3.761612
480 14 119 28 28 0.298694
480 21 112 28 28 1.340965
480 119 133 28 28 1.460810
480 126 126 28 28 0.746185
480 126 133 28 28 3.251031
480 154 133 28 28 1.560700
480 245 133 28 28 0.041807
480 245 245 28 28 0.062830
480 350 133 28 28 2.655484
480 357 133 28 28 2.816360
480 448 7 28 28 2.646719
480 448 14 28 28 1.209280
480 455 7 28 28 4.234202
480 455 14 28 28 1.644609
480 462 7 28 28 1.868895
480 462 14 28 28 0.146119
480 18 210 24 24 3.367357
480 192 204 24 24 1.274395
480 192 210 24 24 3.908096
480 198 204 24 24 0.310761
480 198 210 24 24 3.161486
480 204 210 24 24 3.178430
480 210 210 24 24 1.522272
480 288 114 24 24 1.506232
510 272 0 64 64 0.935766
510 288 0 64 64 0.738624
510 340 10 40 40 1.848571
510 340 20 40 40 0.262311
510 350 10 40 40 4.226771
510 350 20 40 40 0.300101
510 432 126 36 36 1.823442
510 441 126 36 36 2.387107
510 0 112 32 32 0.408513
510 0 128 32 32 0.633031
510 8 112 32 32 3.324753
510 8 128 32 32 1.524039
510 16 112 32 32 1.954740
510 24 112 32 32 2.622385
510 256 144 32 32 2.419096
510 256 152 32 32 0.590639
510 264 144 32 32 2.885499
510 264 152 32 32 2.701988
510 272 152 32 32 0.430871
510 7 133 28 28 0.695041
510 14 126 28 28 2.951005
510 14 133 28 28 3.890824
510 245 245 28 28 0.612532
510 448 7 28 28 1.799134
510 448 14 28 28 1.009442
510 455 7 28 28 4.186033
510 455 14 28 28 2.239572
510 462 7 28 28 1.794399
510 462 14 28 28 1.020583
510 288 114 24 24 1.306990
540 48 48 64 64 1.345370
540 256 0 64 64 3.044467
540 256 16 64 64 4.601086
540 272 0 64 64 6.725723
540 272 16 64 64 6.757603
540 272 32 64 64 1.595109
540 288 0 64 64 4.014892
540 288 16 64 64 5.115392
540 288 32 64 64 0.416136
540 352 32 64 64 1.146544
540 340 10 40 40 1.706026
540 350 0 40 40 1.417736
540 350 10 40 40 2.131489
540 315 126 36 36 2.594707
540 0 112 32 32 3.166268
540 0 152 32 32 0.562387
540 8 112 32 32 5.283429
540 16 112 32 32 4.038840
540 24 112 32 32 2.976961
540 144 128 32 32 0.791611
540 7 119 28 28 1.661561
540 7 126 28 28 2.215919
540 7 133 28 28 0.410700
540 14 119 28 28 3.895649
540 14 126 28 28 5.735559
540 14 133 28 28 2.110248
540 21 119 28 28 1.139829
540 21 126 28 28 3.646744
540 119 112 28 28 0.881113
540 126 112 28 28 2.626436
540 154 126 28 28 0.376580
540 154 133 28 28 0.293225
540 245 245 28 28 0.798208
540 357 112 28 28 0.750731
540 448 7 28 28 0.604089
540 455 7 28 28 0.933330
540 288 114 24 24 3.232497
540 294 114 24 24 1.086647
570 272 0 64 64 3.595775
570 272 16 64 64 0.016727
570 288 0 64 64 4.281701
570 288 16 64 64 3.759150
570 240 140 40 40 0.988656
570 340 10 40 40 2.060632
570 350 0 40 40 1.707250
570 350 10 40 40 3.103586
570 198 126 36 36 2.050148
570 315 171 36 36 0.993569
570 8 112 32 32 3.628157
570 16 112 32 32 2.408591
570 24 112 32 32 3.821427
570 192 136 32 32 0.884567
570 256 128 32 32 1.858612
570 256 136 32 32 0.784930
570 14 119 28 28 2.593576
570 14 126 28 28 2.033064
570 14 133 28 28 3.680288
570 245 245 28 28 0.843098
570 357 126 28 28 1.910631
570 448 7 28 28 1.401493
570 448 14 28 28 0.161521
570 455 7 28 28 1.223943
570 288 108 24 24 2.806960
570 288 114 24 24 1.361742
570 294 108 24 24 2.033861
570 294 114 24 24 1.700984
570 300 114 24 24 0.554628
570 306 108 24 24 0.539513
570 306 114 24 24 0.084220
570 384 108 24 24 1.180693
570 390 108 24 24 0.875581
570 492 204 24 24 1.542690
570 492 210 24 24 0.970550
600 256 0 64 64 0.641988
600 256 16 64 64 5.498392
600 256 32 64 64 2.475735
600 272 0 64 64 5.134420
600 272 16 64 64 9.685423
600 272 32 64 64 4.196871
600 288 0 64 64 2.902594
600 288 16 64 64 7.082543
600 288 32 64 64 5.215219
600 340 10 40 40 2.258292
600 340 20 40 40 0.384609
600 350 10 40 40 4.202475
600 350 20 40 40 0.118826
600 0 144 36 36 2.212375
600 0 153 36 36 0.984435
600 0 112 32 32 4.563790
600 8 112 32 32 5.032361
600 16 112 32 32 2.658989
600 24 112 32 32 5.161515
600 0 119 28 28 1.308799
600 0 126 28 28 5.411971
600 7 126 28 28 4.627182
600 7 133 28 28 1.212160
600 14 119 28 28 0.099509
600 14 126 28 28 6.833742
600 14 133 28 28 3.191631
600 21 126 28 28 3.757585
600 21 133 28 28 0.106280
600 224 112 28 28 0.866691
600 245 133 28 28 0.205024
600 245 245 28 28 0.536654
600 350 133 28 28 2.493592
600 357 133 28 28 2.659420
600 448 7 28 28 1.868907
600 448 14 28 28 1.295018
600 455 7 28 28 2.242803
600 455 14 28 28 0.600805
600 288 114 24 24 3.788742
600 294 114 24 24 2.186276
630 256 16 64 64 4.245846
630 256 32 64 64 0.868767
630 272 0 64 64 3.800653
630 272 16 64 64 9.295059
630 272 32 64 64 4.344635
630 288 0 64 64 2.927768
630 288 16 64 64 6.871626
630 288 32 64 64 4.555593
630 204 36 48 48 1.360206
630 204 36 48 48 1.360206
630 340 10 40 40 1.994507
630 340 20 40 40 2.986090
630 350 10 40 40 4.630670
630 350 20 40 40 2.971491
630 0 126 36 36 3.304871
630 9 126 36 36 0.216796
630 144 126 36 36 6.567302
630 144 144 36 36 1.524649
630 153 126 36 36 5.273351
630 153 144 36 36 1.249209
630 0 128 32 32 2.457717
630 0 136 32 32 3.313896
630 8 112 32 32 1.132323
630 8 128 32 32 2.376199
630 8 136 32 32 4.753829
630 8 144 32 32 1.632758
630 16 136 32 32 1.301269
630 16 144 32 32 1.831998
630 144 136 32 32 0.016732
630 144 144 32 32 0.568077
630 264 128 32 32 3.703053
630 272 112 32 32 0.382693
630 272 128 32 32 2.360023
630 7 133 28 28 0.093988
630 21 126 28 28 1.172820
630 126 112 28 28 1.974423
630 224 133 28 28 1.781307
630 231 133 28 28 1.220761
630 245 245 28 28 0.146022
630 350 133 28 28 2.695812
630 357 133 28 28 2.323707
630 448 14 28 28 0.395680
630 455 7 28 28 0.697156
630 288 114 24 24 4.758868
630 294 114 24 24 1.485887
630 300 114 24 24 0.006364
660 256 16 64 64 3.988259
660 256 32 64 64 1.980974
660 272 0 64 64 2.198708
660 272 16 64 64 8.791465
660 272 32 64 64 4.670313
660 288 0 64 64 1.848706
660 288 16 64 64 7.126718
660 288 32 64 64 4.396338
660 352 0 44 44 1.089868
660 340 20 40 40 1.199520
660 350 10 40 40 5.340604
660 350 20 40 40 3.995870
660 0 126 36 36 1.171859
660 198 126 36 36 0.466840
660 0 128 32 32 2.292946
660 8 112 32 32 0.167247
660 8 128 32 32 3.390122
660 24 112 32 32 1.186703
660 128 128 32 32 2.431767
660 128 136 32 32 1.215865
660 128 152 32 32 0.135030
660 192 144 32 32 1.361520
660 256 128 32 32 1.622630
660 264 128 32 32 2.823825
660 272 128 32 32 3.104421
660 384 128 32 32 1.406893
660 7 133 28 28 0.967342
660 14 126 28 28 2.348353
660 14 133 28 28 2.435119
660 350 133 28 28 0.904222
660 455 7 28 28 1.739236
660 455 14 28 28 1.631398
660 462 7 28 28 2.316890
660 462 14 28 28 0.404514
690 256 16 64 64 1.584727
690 256 32 64 64 0.139455
690 272 16 64 64 5.871522
690 272 32 64 64 3.148666
690 288 16 64 64 7.442840
690 288 32 64 64 4.264987
690 352 16 64 64 0.607706
690 352 32 64 64 2.542260
690 352 0 44 44 5.615166
690 352 11 44 44 3.069308
690 363 0 44 44 0.978909
690 350 10 40 40 3.270523
690 0 126 36 36 2.032081
690 0 128 32 32 3.863927
690 0 136 32 32 0.269419
690 16 112 32 32 0.661660
690 16 128 32 32 0.724580
690 24 112 32 32 0.313070
690 24 128 32 32 0.708483
690 136 128 32 32 1.475409
690 136 136 32 32 2.018513
690 136 144 32 32 0.372822
690 144 128 32 32 2.395405
690 144 136 32 32 3.896727
690 144 144 32 32 3.362004
690 256 128 32 32 2.052898
690 256 136 32 32 1.470765
690 264 128 32 32 3.428940
690 264 136 32 32 2.730685
690 264 144 32 32 0.169474
690 272 128 32 32 3.868751
690 384 128 32 32 7.130548
690 384 136 32 32 4.669127
690 392 128 32 32 2.701063
690 7 133 28 28 0.411150
690 21 126 28 28 0.570373
690 21 133 28 28 1.248910
690 154 126 28 28 0.001437
690 154 133 28 28 3.585978
690 462 7 28 28 0.277636
690 462 14 28 28 0.863451
690 469 7 28 28 2.915795
690 469 14 28 28 1.521238
690 480 18 24 24 0.109772
720 256 16 64 64 1.274685
720 272 16 64 64 1.436812
720 288 16 64 64 1.460818
720 352 16 64 64 0.432292
720 352 32 64 64 2.455208
720 216 36 48 48 0.983802
720 216 36 48 48 0.983802
720 242 33 44 44 0.268951
720 0 112 32 32 1.863320
720 0 128 32 32 2.640712
720 0 136 32 32 0.849944
720 8 112 32 32 1.854666
720 8 128 32 32 0.400614
720 8 136 32 32 0.174276
720 16 128 32 32 0.958516
720 24 112 32 32 0.843230
720 24 128 32 32 2.845649
720 24 136 32 32 2.384643
720 128 112 32 32 3.305996
720 128 128 32 32 4.081526
720 128 136 32 32 2.491957
720 136 112 32 32 2.680583
720 136 128 32 32 4.379545
720 136 136 32 32 4.453381
720 144 112 32 32 1.293870
720 144 128 32 32 1.434236
720 144 136 32 32 4.664531
720 192 128 32 32 1.703452
720 272 128 32 32 0.642187
720 280 128 32 32 0.671257
720 384 128 32 32 0.650353
720 384 136 32 32 3.387689
720 384 144 32 32 0.731644
720 392 0 32 32 1.312333
720 392 128 32 32 6.350306
720 392 136 32 32 7.276981
720 392 144 32 32 2.136944
720 400 128 32 32 5.659078
720 400 136 32 32 4.297035
720 400 144 32 32 0.860111
720 7 126 28 28 0.457241
720 7 133 28 28 1.105079
720 14 126 28 28 1.114225
720 14 133 28 28 1.861061
720 21 133 28 28 0.229543
720 112 119 28 28 3.035190
720 112 126 28 28 3.420989
720 112 133 28 28 0.968771
720 119 119 28 28 3.989143
720 119 126 28 28 4.632358
720 119 133 28 28 1.590171
720 126 126 28 28 0.397253
720 154 126 28 28 0.363734
720 154 133 28 28 0.904856
720 498 12 24 24 0.092630
750 352 16 64 64 3.783488
750 352 32 64 64 10.505679
750 352 48 64 64 10.942822
750 432 126 36 36 3.120458
750 0 128 32 32 0.098596
750 0 136 32 32 0.118019
750 8 112 32 32 0.701247
750 8 136 32 32 0.790175
750 24 112 32 32 1.398669
750 128 128 32 32 0.535578
750 136 128 32 32 3.516397
750 136 136 32 32 2.567070
750 144 128 32 32 4.270614
750 144 136 32 32 3.488023
750 264 16 32 32 1.181415
750 280 112 32 32 0.610363
750 280 128 32 32 3.437538
750 384 128 32 32 5.836409
750 384 136 32 32 3.846479
750 384 144 32 32 4.984277
750 384 152 32 32 0.794711
750 392 128 32 32 4.318596
750 392 136 32 32 3.370000
750 392 144 32 32 1.573032
750 400 128 32 32 3.123205
750 400 136 32 32 4.722711
750 400 144 32 32 0.383275
750 408 128 32 32 3.075037
750 408 136 32 32 6.242905
750 408 144 32 32 2.445373
750 14 126 28 28 2.692088
750 14 133 28 28 0.312565
750 21 126 28 28 1.584859
750 112 112 28 28 0.154254
750 112 119 28 28 2.569520
750 112 126 28 28 1.851699
750 112 133 28 28 1.386528
750 119 112 28 28 0.639293
750 119 119 28 28 1.464959
750 119 126 28 28 1.859598
750 119 133 28 28 0.378725
750 154 126 28 28 2.498745
750 154 133 28 28 3.436435
750 245 0 28 28 0.828460
750 357 133 28 28 1.493026
750 198 6 24 24 0.071332
750 204 0 24 24 1.347044
750 204 6 24 24 1.846900
750 210 6 24 24 1.169100
750 294 114 24 24 0.979802
750 300 114 24 24 4.782929
750 306 114 24 24 3.411893
780 0 32 64 64 0.740723
780 16 16 64 64 0.045685
780 32 16 64 64 0.768141
780 48 0 64 64 0.762186
780 48 16 64 64 0.947097
780 256 16 64 64 2.789714
780 352 48 64 64 1.980162
780 0 33 44 44 0.692978
780 0 126 36 36 3.602890
780 9 126 36 36 3.003915
780 288 126 36 36 3.249950
780 297 126 36 36 1.690131
780 0 136 32 32 1.118191
780 0 144 32 32 1.212859
780 8 136 32 32 2.369628
780 8 144 32 32 2.247112
780 16 112 32 32 1.347970
780 16 136 32 32 3.476763
780 16 144 32 32 1.202320
780 24 112 32 32 1.001405
780 144 128 32 32 1.259405
780 144 136 32 32 2.703498
780 144 144 32 32 0.286228
780 256 128 32 32 0.946560
780 264 128 32 32 3.082325
780 272 128 32 32 0.658701
780 384 128 32 32 0.684682
780 408 128 32 32 2.461222
780 408 136 32 32 0.645236
780 408 144 32 32 2.649428
780 408 152 32 32 7.437321
780 0 126 28 28 0.979326
780 14 126 28 28 0.520833
780 21 126 28 28 2.687366
780 112 112 28 28 1.558138
780 112 119 28 28 0.869361
780 112 126 28 28 1.870091
780 119 112 28 28 0.619111
780 119 126 28 28 0.813123
780 126 112 28 28 0.292774
780 350 21 28 28 0.161127
780 294 18 24 24 1.004191
780 300 12 24 24 0.362915
780 300 18 24 24 0.006462
780 306 114 24 24 1.267751
810 16 0 64 64 0.414863
810 48 16 64 64 0.085539
810 256 16 64 64 0.132253
810 256 32 64 64 4.058000
810 256 48 64 64 3.806352
810 272 16 64 64 1.581123
810 272 32 64 64 0.550129
810 272 48 64 64 0.776568
810 320 140 40 40 0.820164
810 306 144 36 36 0.373192
810 315 0 36 36 0.950933
810 315 126 36 36 1.894449
810 315 144 36 36 5.285347
810 441 144 36 36 0.132822
810 450 126 36 36 5.817607
810 450 144 36 36 2.073433
810 459 126 36 36 2.557012
810 459 144 36 36 0.100513
810 8 112 32 32 1.110713
810 128 16 32 32 2.118097
810 128 24 32 32 2.992563
810 264 112 32 32 1.921133
810 264 128 32 32 0.382922
810 264 272 32 32 0.048202
810 264 280 32 32 1.246048
810 272 112 32 32 1.182346
810 272 128 32 32 3.951769
810 272 136 32 32 3.276878
810 280 128 32 32 4.388565
810 280 136 32 32 2.939001
810 0 126 28 28 2.521304
810 7 126 28 28 2.148410
810 7 133 28 28 1.891701
810 14 126 28 28 2.787153
810 14 133 28 28 3.294074
810 21 126 28 28 2.134631
810 21 133 28 28 2.728243
810 112 126 28 28 2.343710
810 119 119 28 28 1.180603
810 119 126 28 28 2.826102
810 126 119 28 28 3.115421
810 126 126 28 28 4.264529
810 126 133 28 28 0.206958
810 224 98 28 28 1.920534
810 306 108 24 24 2.718888
810 306 114 24 24 2.960821
840 16 0 64 64 1.382007
840 16 16 64 64 0.040125
840 32 0 64 64 1.526580
840 32 16 64 64 2.993952
840 48 0 64 64 1.903419
840 48 16 64 64 2.862556
840 256 0 64 64 1.393898
840 288 24 48 48 0.187493
840 288 36 48 48 4.418484
840 288 24 48 48 0.187493
840 288 36 48 48 4.418484
840 240 180 40 40 0.016351
840 350 140 40 40 6.288906
840 288 126 36 36 5.484678
840 297 126 36 36 5.073180
840 306 126 36 36 0.946847
840 128 112 32 32 2.497502
840 176 272 32 32 0.667203
840 176 280 32 32 1.360637
840 192 280 32 32 1.811532
840 264 112 32 32 1.356089
840 112 112 28 28 1.253081
840 112 119 28 28 3.850840
840 112 126 28 28 0.812834
840 119 112 28 28 2.747835
840 119 119 28 28 5.296420
840 119 126 28 28 1.530832
840 126 112 28 28 5.905087
840 126 119 28 28 6.717692
840 126 126 28 28 4.416166
840 224 98 28 28 4.578306
840 132 114 24 24 0.386461
840 198 306 24 24 0.899698
840 204 306 24 24 0.368841
840 210 114 24 24 1.387080
840 288 114 24 24 5.042161
840 294 300 24 24 0.115533
840 294 306 24 24 0.739763
840 384 192 24 24 3.474866
840 384 198 24 24 6.565075
840 390 192 24 24 2.151111
840 390 198 24 24 5.375545
840 390 204 24 24 1.886079
840 396 198 24 24 4.959193
840 396 204 24 24 2.933812
840 402 192 24 24 3.798244
840 402 198 24 24 4.459954
840 402 204 24 24 3.896602
870 0 0 64 64 3.505959
870 0 16 64 64 2.583147
870 16 0 64 64 4.899780
870 16 16 64 64 3.099263
870 32 0 64 64 5.492344
870 32 16 64 64 4.445829
870 48 0 64 64 4.460438
870 48 16 64 64 1.395983
870 288 0 64 64 2.620038
870 288 16 64 64 3.341677
870 192 24 48 48 2.578687
870 192 24 48 48 2.578687
870 352 22 44 44 1.627196
870 352 33 44 44 2.721115
870 363 22 44 44 4.554856
870 363 33 44 44 1.977669
870 374 22 44 44 5.645921
870 374 33 44 44 4.766498
870 340 0 40 40 1.679060
870 350 0 40 40 3.550594
870 350 30 40 40 2.075663
870 16 112 32 32 6.316957
870 24 112 32 32 5.002808
870 272 112 32 32 3.035998
870 112 14 28 28 0.989203
870 112 112 28 28 6.435167
870 112 119 28 28 6.485125
870 112 126 28 28 2.126647
870 119 14 28 28 0.265161
870 119 112 28 28 9.640180
870 119 119 28 28 7.497894
870 119 126 28 28 3.004983
870 126 112 28 28 4.572919
870 126 119 28 28 5.946847
870 126 126 28 28 4.524823
870 126 133 28 28 0.730150
870 154 112 28 28 3.166069
870 224 98 28 28 4.450297
870 224 112 28 28 0.205823
870 336 14 28 28 1.139432
870 343 14 28 28 3.231650
870 343 21 28 28 2.383820
870 350 0 28 28 0.655488
870 357 7 28 28 0.413184
870 96 114 24 24 1.571074
870 102 114 24 24 2.372734
870 108 114 24 24 2.672625
870 132 114 24 24 2.455866
870 144 0 24 24 1.447719
870 204 114 24 24 3.465232
870 210 114 24 24 5.210934
870 288 114 24 24 3.653859
870 294 114 24 24 1.357380
870 384 96 24 24 3.453353
870 384 102 24 24 3.642860
870 384 108 24 24 0.770503
870 390 96 24 24 2.446289
870 390 102 24 24 0.674909
870 396 96 24 24 0.735027
870 396 102 24 24 3.024773
870 396 108 24 24 0.817244
870 402 96 24 24 2.788636
870 402 102 24 24 3.626105
870 402 108 24 24 3.448786
900 0 0 64 64 2.378308
900 16 16 64 64 1.371017
900 32 16 64 64 0.179463
900 256 0 64 64 8.537004
900 272 0 64 64 5.299447
900 272 16 64 64 0.359970
900 288 0 64 64 1.033436
900 352 32 64 64 0.285010
900 192 0 48 48 4.122619
900 204 0 48 48 1.021389
900 420 168 48 48 1.234131
900 192 0 48 48 4.122619
900 204 0 48 48 1.021389
900 420 168 48 48 1.234131
900 187 11 44 44 2.645336
900 198 0 44 44 2.052434
900 198 11 44 44 3.340586
900 198 126 36 36 2.438917
900 0 112 32 32 3.965514
900 0 128 32 32 0.244605
900 8 112 32 32 2.015506
900 16 112 32 32 3.624385
900 24 112 32 32 2.933537
900 264 112 32 32 5.168387
900 272 112 32 32 5.966466
900 280 112 32 32 2.930882
900 280 128 32 32 0.283856
900 0 133 28 28 2.350935
900 7 133 28 28 1.982044
900 14 119 28 28 0.640295
900 21 119 28 28 2.134065
900 112 112 28 28 4.002866
900 112 119 28 28 5.472405
900 112 126 28 28 6.429283
900 112 133 28 28 5.516285
900 119 112 28 28 1.451388
900 119 119 28 28 2.561970
900 126 112 28 28 0.012924
900 126 119 28 28 1.660895
900 224 98 28 28 2.259595
900 336 112 28 28 0.242615
900 336 126 28 28 0.090828
900 343 0 28 28 0.460688
900 343 7 28 28 0.766430
900 343 112 28 28 2.158444
900 343 119 28 28 1.310648
900 343 126 28 28 2.048403
900 343 133 28 28 3.751114
900 350 0 28 28 0.840496
900 350 119 28 28 2.687761
900 350 133 28 28 0.053073
900 357 0 28 28 1.109436
900 357 119 28 28 2.434051
900 448 224 28 28 5.677058
900 455 224 28 28 4.548713
900 455 231 28 28 4.276301
900 462 224 28 28 2.114543
900 462 231 28 28 5.267309
900 469 231 28 28 2.878908
900 12 0 24 24 1.077287
900 12 6 24 24 0.815054
900 18 0 24 24 1.034804
900 18 6 24 24 0.074126
900 102 114 24 24 0.653882
900 204 114 24 24 2.834635
900 210 114 24 24 3.263951
900 288 108 24 24 0.266047
900 288 114 24 24 1.793108
900 402 102 24 24 0.752752
900 402 108 24 24 0.327219
900 480 96 24 24 0.962402
900 480 288 24 24 1.464913
900 486 96 24 24 3.162596
900 492 96 24 24 3.797271
900 492 102 24 24 1.295295
930 0 16 64 64 1.516610
930 352 0 64 64 1.345307
930 352 16 64 64 5.694540
930 352 32 64 64 3.041733
930 176 0 44 44 5.634799
930 176 11 44 44 2.348195
930 170 10 40 40 1.164093
930 180 10 40 40 4.620773
930 180 20 40 40 2.350242
930 330 20 40 40 2.819394
930 340 20 40 40 2.225677
930 350 20 40 40 1.635473
930 18 126 36 36 0.268658
930 144 18 36 36 1.242816
930 153 18 36 36 0.485070
930 288 126 36 36 1.803358
930 297 126 36 36 1.237788
930 8 128 32 32 0.320972
930 16 128 32 32 2.678342
930 24 112 32 32 2.668365
930 24 128 32 32 5.255052
930 256 112 32 32 3.691911
930 264 112 32 32 4.974787
930 272 112 32 32 5.639331
930 280 112 32 32 2.067438
930 384 112 32 32 2.256897
930 392 112 32 32 3.927838
930 400 112 32 32 4.051521
930 408 112 32 32 2.487293
930 0 0 28 28 0.438962
930 112 112 28 28 3.485244
930 119 112 28 28 3.772855
930 126 112 28 28 9.954689
930 126 119 28 28 0.988922
930 154 119 28 28 2.649610
930 357 119 28 28 0.991072
930 448 119 28 28 2.292291
930 448 126 28 28 4.835348
930 448 133 28 28 0.219442
930 455 126 28 28 4.080866
930 455 133 28 28 1.790240
930 210 114 24 24 0.741378
930 288 102 24 24 3.623013
930 288 108 24 24 2.602769
930 288 114 24 24 2.251598
930 294 102 24 24 1.077698
930 306 102 24 24 0.421468
930 498 18 24 24 2.259223
960 32 0 64 64 3.046564
960 32 16 64 64 0.941042
960 48 0 64 64 4.814005
960 48 16 64 64 2.570048
960 272 48 64 64 1.392274
960 288 48 64 64 1.714926
960 204 36 48 48 1.709601
960 288 0 48 48 0.701976
960 288 12 48 48 0.982401
960 204 36 48 48 1.709601
960 288 0 48 48 0.701976
960 288 12 48 48 0.982401
960 176 33 44 44 2.791851
960 170 10 40 40 0.372498
960 170 20 40 40 1.696481
960 180 20 40 40 0.481054
960 180 30 40 40 0.065715
960 320 140 40 40 4.749091
960 330 140 40 40 5.428475
960 340 140 40 40 4.540034
960 350 140 40 40 1.244834
960 0 112 32 32 3.107218
960 8 112 32 32 4.953905
960 16 112 32 32 6.647609
960 24 112 32 32 0.041490
960 400 8 32 32 0.421303
960 400 16 32 32 1.182905
960 400 24 32 32 1.061354
960 408 0 32 32 4.205995
960 408 8 32 32 3.254330
960 408 16 32 32 2.007894
960 408 24 32 32 1.772257
960 0 224 28 28 1.622191
960 0 231 28 28 1.810951
960 7 112 28 28 0.171233
960 14 126 28 28 0.703652
960 21 119 28 28 3.588220
960 21 126 28 28 2.330094
960 112 112 28 28 8.696997
960 112 119 28 28 0.480902
960 119 112 28 28 4.125262
960 126 112 28 28 0.616937
960 154 119 28 28 1.785639
960 154 126 28 28 0.496177
960 168 119 28 28 1.000659
960 224 98 28 28 2.649244
960 336 98 28 28 2.014308
960 336 112 28 28 2.905857
960 0 96 24 24 0.190342
960 12 114 24 24 1.559074
960 132 18 24 24 2.428307
960 132 114 24 24 0.309391
960 144 18 24 24 0.209363
960 144 114 24 24 0.492432
960 210 108 24 24 3.993451
960 306 96 24 24 1.635388
960 492 108 24 24 0.179295
990 0 0 64 64 3.683744
990 16 0 64 64 5.117582
990 16 16 64 64 0.148953
990 32 0 64 64 3.846455
990 32 16 64 64 0.046659
990 48 0 64 64 4.204364
990 48 16 64 64 2.660538
990 48 32 64 64 0.632791
990 256 0 64 64 1.134398
990 256 16 64 64 3.851150
990 256 32 64 64 2.409313
990 272 0 64 64 2.633581
990 288 0 64 64 3.077215
990 288 16 64 64 2.204372
990 288 32 64 64 1.747389
990 352 32 64 64 2.507613
990 352 48 64 64 2.660337
990 204 24 48 48 0.899969
990 204 36 48 48 0.871670
990 216 36 48 48 0.140134
990 288 36 48 48 2.655553
990 408 168 48 48 3.460030
990 420 168 48 48 9.541574
990 204 24 48 48 0.899969
990 204 36 48 48 0.871670
990 216 36 48 48 0.140134
990 288 36 48 48 2.655553
990 408 168 48 48 3.460030
990 420 168 48 48 9.541574
990 363 33 44 44 2.488355
990 144 9 36 36 1.950399
990 432 171 36 36 4.757651
990 441 162 36 36 1.529162
990 441 171 36 36 6.555134
990 450 153 36 36 0.466113
990 450 162 36 36 0.333351
990 450 171 36 36 3.586725
990 16 112 32 32 4.517931
990 24 112 32 32 1.271914
990 280 128 32 32 0.938368
990 280 136 32 32 0.762545
990 400 144 32 32 1.574425
990 408 112 32 32 0.947184
990 408 136 32 32 0.998616
990 408 144 32 32 2.832471
990 21 112 28 28 1.242624
990 21 119 28 28 1.947853
990 21 126 28 28 0.531927
990 112 112 28 28 3.369896
990 112 119 28 28 1.779339
990 119 112 28 28 3.334936
990 119 119 28 28 1.181421
990 154 21 28 28 1.380738
990 154 126 28 28 0.881287
990 224 98 28 28 0.923321
990 357 98 28 28 0.579061
990 455 238 28 28 4.644387
990 455 245 28 28 0.175460
990 462 231 28 28 0.080932
990 462 238 28 28 5.182759
990 462 245 28 28 3.605424
990 469 238 28 28 1.903340
990 469 245 28 28 3.218698
990 108 0 24 24 2.373137
990 108 12 24 24 0.285644
990 192 0 24 24 3.159415
990 204 114 24 24 0.531281
990 210 114 24 24 0.691545
990 384 12 24 24 3.810521
990 384 18 24 24 2.644379
990 390 12 24 24 2.218183
990 390 18 24 24 2.365153
990 480 84 24 24 1.033362
1020 0 0 64 64 3.107736
1020 0 16 64 64 0.206506
1020 0 48 64 64 0.884069
1020 16 0 64 64 4.402923
1020 16 16 64 64 1.851921
1020 32 0 64 64 3.615745
1020 32 16 64 64 3.396029
1020 32 32 64 64 2.846631
1020 48 0 64 64 1.738757
1020 48 32 64 64 0.577664
1020 256 0 64 64 2.969803
1020 256 16 64 64 2.779155
1020 256 32 64 64 1.997618
1020 256 48 64 64 3.775971
1020 272 16 64 64 0.994713
1020 272 32 64 64 0.592708
1020 0 36 48 48 6.039575
1020 12 36 48 48 5.036005
1020 24 36 48 48 3.631211
1020 36 36 48 48 5.270311
1020 384 0 48 48 0.100830
1020 396 0 48 48 2.169016
1020 0 36 48 48 6.039575
1020 12 36 48 48 5.036005
1020 24 36 48 48 3.631211
1020 36 36 48 48 5.270311
1020 384 0 48 48 0.100830
1020 396 0 48 48 2.169016
1020 11 33 44 44 0.020401
1020 176 33 44 44 1.863807
1020 187 33 44 44 1.687544
1020 330 0 40 40 0.353605
1020 330 10 40 40 0.313098
1020 340 0 40 40 2.293791
1020 340 10 40 40 0.781203
1020 0 136 32 32 0.586250
1020 256 0 32 32 2.252701
1020 224 0 28 28 1.495573
1020 357 0 28 28 1.203754
1020 357 21 28 28 0.109634
1020 357 98 28 28 0.427560
1020 448 98 28 28 2.421099
1020 6 12 24 24 0.785010
1020 6 96 24 24 3.265102
1020 12 12 24 24 2.973988
1020 12 18 24 24 3.405206
1020 12 96 24 24 1.732519
1020 18 12 24 24 1.269472
1020 144 114 24 24 3.518234
1020 294 108 24 24 0.987027
1020 294 114 24 24 2.763402
1020 390 18 24 24 1.966411
1050 0 0 64 64 3.318954
1050 0 16 64 64 1.872648
1050 0 48 64 64 0.011662
1050 16 0 64 64 6.184824
1050 16 16 64 64 3.697494
1050 32 0 64 64 3.946606
1050 32 16 64 64 0.538529
1050 48 0 64 64 1.510649
1050 256 0 64 64 5.865148
1050 256 16 64 64 2.923547
1050 256 32 64 64 0.296621
1050 272 0 64 64 1.261664
1050 264 24 48 48 1.426986
1050 264 36 48 48 7.351996
1050 288 36 48 48 4.292982
1050 264 24 48 48 1.426986
1050 264 36 48 48 7.351996
1050 288 36 48 48 4.292982
1050 187 33 44 44 0.157666
1050 340 0 40 40 1.313367
1050 350 0 40 40 1.163182
1050 0 0 36 36 1.466430
1050 9 0 36 36 2.507169
1050 459 288 36 36 0.301536
1050 384 16 32 32 3.644652
1050 384 24 32 32 1.993209
1050 392 24 32 32 0.104116
1050 400 24 32 32 0.732871
1050 168 133 28 28 1.325964
1050 144 108 24 24 0.520890
1050 306 12 24 24 0.113237
1050 306 114 24 24 0.445191
1050 402 6 24 24 0.523207
1050 492 306 24 24 0.741486
1080 0 0 64 64 1.137166
1080 256 0 64 64 3.688940
1080 272 0 64 64 3.675586
1080 288 0 64 64 0.828917
1080 24 12 48 48 0.550633
1080 288 24 48 48 0.732412
1080 288 36 48 48 2.417656
1080 24 12 48 48 0.550633
1080 288 24 48 48 0.732412
1080 288 36 48 48 2.417656
1080 18 126 36 36 1.840697
1080 27 126 36 36 3.645378
1080 450 0 36 36 1.100749
1080 459 0 36 36 6.826279
1080 24 128 32 32 1.319231
1080 24 136 32 32 2.941898
1080 136 128 32 32 1.143631
1080 136 136 32 32 1.479483
1080 144 128 32 32 3.061649
1080 144 136 32 32 0.360843
1080 154 112 28 28 4.157588
1080 224 98 28 28 10.120821
1080 231 98 28 28 2.087908
1080 336 112 28 28 3.750331
1080 343 112 28 28 0.852937
1080 469 21 28 28 2.298249
1080 469 245 28 28 0.963507
1080 132 96 24 24 0.420080
1080 132 102 24 24 0.204744
1080 144 96 24 24 0.402949
1080 144 114 24 24 2.339070
1080 198 108 24 24 1.341192
1080 198 114 24 24 0.252770
1080 204 108 24 24 0.524202
1080 204 114 24 24 0.201384
1080 384 210 24 24 0.961523
1080 390 204 24 24 0.422786
1080 390 210 24 24 5.234446
1080 486 0 24 24 4.473979
1080 486 6 24 24 4.739715
1080 486 198 24 24 0.379142
1080 492 204 24 24 2.190046
1080 498 204 24 24 0.059728
1110 16 0 64 64 0.429057
1110 16 16 64 64 0.192183
1110 32 0 64 64 0.185694
1110 32 16 64 64 1.335852
1110 32 32 64 64 0.802726
1110 288 12 48 48 0.178206
1110 288 12 48 48 0.178206
1110 0 11 44 44 1.609444
1110 176 33 44 44 3.909360
1110 264 22 44 44 0.237321
1110 10 30 40 40 0.187083
1110 20 30 40 40 2.722215
1110 320 30 40 40 0.395609
1110 297 27 36 36 0.251614
1110 315 27 36 36 0.050385
1110 112 98 28 28 2.989428
1110 112 112 28 28 0.257293
1110 112 133 28 28 0.302588
1110 119 98 28 28 6.131449
1110 119 112 28 28 1.130612
1110 119 126 28 28 2.635606
1110 119 133 28 28 1.324633
1110 126 98 28 28 6.200139
1110 0 114 24 24 1.056072
1110 18 84 24 24 0.197869
1110 102 108 24 24 0.319187
1110 108 18 24 24 0.058269
1110 108 192 24 24 0.851712
1110 132 102 24 24 4.085435
1110 132 108 24 24 5.197214
1110 132 114 24 24 4.641196
1110 144 108 24 24 3.450401
1110 144 114 24 24 2.095202
1110 192 102 24 24 2.882452
1110 192 108 24 24 0.146197
1110 198 102 24 24 1.978007
1110 204 102 24 24 0.900161
1110 204 108 24 24 1.474534
1110 210 96 24 24 1.892947
1110 210 102 24 24 3.297303
1110 210 108 24 24 3.530946
1110 498 114 24 24 4.261589
1140 32 0 64 64 1.046050
1140 48 0 64 64 0.777748
1140 256 0 64 64 5.171798
1140 256 16 64 64 2.222888
1140 272 0 64 64 4.749395
1140 272 16 64 64 3.788562
1140 288 0 64 64 1.991571
1140 288 16 64 64 2.014975
1140 0 36 48 48 0.084312
1140 288 36 48 48 0.060942
1140 0 36 48 48 0.084312
1140 288 36 48 48 0.060942
1140 176 33 44 44 0.137995
1140 330 10 40 40 0.277819
1140 8 112 32 32 0.462710
1140 8 128 32 32 2.614849
1140 16 0 32 32 0.863094
1140 16 128 32 32 2.843650
1140 0 112 28 28 4.112313
1140 0 224 28 28 5.155355
1140 0 231 28 28 2.481667
1140 0 238 28 28 2.801225
1140 0 245 28 28 2.395064
1140 7 112 28 28 1.003620
1140 7 133 28 28 0.124824
1140 7 224 28 28 5.525502
1140 7 231 28 28 1.272535
1140 7 238 28 28 2.297529
1140 14 133 28 28 2.907695
1140 21 7 28 28 0.011740
1140 21 126 28 28 3.163604
1140 21 133 28 28 5.335893
1140 112 98 28 28 3.200324
1140 112 112 28 28 3.710576
1140 112 119 28 28 2.125639
1140 112 126 28 28 0.542407
1140 119 98 28 28 4.457554
1140 119 112 28 28 0.579903
1140 126 98 28 28 2.034142
1140 336 98 28 28 0.043404
1140 336 112 28 28 8.434056
1140 336 119 28 28 5.777016
1140 343 112 28 28 6.084889
1140 343 119 28 28 4.626720
1140 350 112 28 28 5.962524
1140 350 119 28 28 6.456054
1140 350 126 28 28 0.822575
1140 357 112 28 28 3.000175
1140 357 119 28 28 1.478624
1140 6 84 24 24 0.583442
1140 6 192 24 24 6.724277
1140 6 198 24 24 7.251977
1140 6 204 24 24 1.796175
1140 6 210 24 24 1.391222
1140 12 84 24 24 2.157029
1140 12 192 24 24 1.640857
1140 12 198 24 24 3.669311
1140 18 84 24 24 1.089294
1140 108 12 24 24 0.426314
1140 108 114 24 24 2.084554
1140 132 108 24 24 0.788987
1140 132 114 24 24 2.100786
1140 144 114 24 24 2.831388
1140 192 108 24 24 5.206723
1140 192 114 24 24 1.703674
1140 198 108 24 24 4.371742
1140 198 114 24 24 2.617900
1140 204 102 24 24 0.422465
1140 204 108 24 24 3.589047
1140 204 114 24 24 4.328812
1140 210 102 24 24 1.857659
1140 210 108 24 24 5.043256
1140 210 114 24 24 4.053446
1140 306 114 24 24 0.060642
1170 16 0 64 64 2.374602
1170 32 0 64 64 3.102019
1170 48 0 64 64 3.512866
1170 256 0 64 64 0.254068
1170 256 16 64 64 0.885262
1170 272 0 64 64 5.659660
1170 272 16 64 64 3.415566
1170 288 0 64 64 5.483613
1170 288 16 64 64 4.602260
1170 288 32 64 64 1.151310
1170 352 0 64 64 1.385719
1170 8 8 32 32 1.054621
1170 8 112 32 32 0.809710
1170 16 8 32 32 0.089296
1170 16 112 32 32 1.022153
1170 24 112 32 32 2.807107
1170 7 133 28 28 1.232130
1170 14 7 28 28 0.758718
1170 21 7 28 28 0.307452
1170 112 98 28 28 3.221384
1170 112 112 28 28 1.487078
1170 112 119 28 28 0.654574
1170 112 126 28 28 1.597395
1170 119 98 28 28 0.257141
1170 119 112 28 28 1.112972
1170 119 119 28 28 0.142662
1170 126 98 28 28 0.596434
1170 126 112 28 28 2.156397
1170 168 98 28 28 0.768282
1170 231 98 28 28 0.341449
1170 336 112 28 28 2.905081
1170 336 119 28 28 1.147050
1170 336 126 28 28 1.425355
1170 343 112 28 28 3.842999
1170 343 119 28 28 3.710715
1170 350 112 28 28 2.518022
1170 350 119 28 28 2.197783
1170 357 112 28 28 1.469353
1170 357 119 28 28 3.599905
1170 0 18 24 24 0.142939
1170 96 102 24 24 0.212335
1170 96 108 24 24 1.556051
1170 96 114 24 24 1.569379
1170 102 114 24 24 0.243085
1170 132 114 24 24 1.808948
1170 192 108 24 24 5.099165
1170 192 114 24 24 5.505309
1170 198 108 24 24 2.327659
1170 198 114 24 24 3.881918
1170 204 114 24 24 3.606464
1170 210 108 24 24 3.781950
1170 210 114 24 24 7.526340
1170 288 96 24 24 0.348073
1170 294 96 24 24 0.286611
1200 16 0 64 64 1.161646
1200 32 0 64 64 2.281893
1200 256 16 64 64 1.382411
1200 272 0 64 64 1.581396
1200 272 16 64 64 3.709913
1200 288 0 64 64 3.735593
1200 288 16 64 64 5.451360
1200 352 0 64 64 4.085824
1200 352 16 64 64 0.835120
1200 216 36 48 48 0.198961
1200 216 36 48 48 0.198961
1200 24 112 32 32 1.027051
1200 256 112 32 32 1.337178
1200 264 112 32 32 0.225635
1200 384 112 32 32 2.139164
1200 400 112 32 32 0.930206
1200 408 112 32 32 0.472889
1200 0 133 28 28 1.157879
1200 112 112 28 28 0.971033
1200 112 119 28 28 0.099117
1200 112 133 28 28 0.328858
1200 119 112 28 28 3.727631
1200 119 119 28 28 0.381328
1200 119 133 28 28 3.567572
1200 126 112 28 28 3.254571
1200 126 119 28 28 0.131209
1200 126 133 28 28 1.202083
1200 168 98 28 28 1.873710
1200 238 98 28 28 0.538332
1200 238 112 28 28 2.356772
1200 245 98 28 28 2.602434
1200 336 112 28 28 1.127176
1200 336 119 28 28 3.084009
1200 336 126 28 28 4.709217
1200 336 133 28 28 2.811699
1200 343 112 28 28 0.520725
1200 343 119 28 28 1.925437
1200 350 7 28 28 0.092908
1200 448 112 28 28 1.248011
1200 455 112 28 28 1.548038
1200 462 112 28 28 4.522226
1200 462 119 28 28 1.541619
1200 469 98 28 28 0.663636
1200 469 112 28 28 5.183255
1200 96 114 24 24 1.094110
1200 102 108 24 24 0.324991
1200 102 114 24 24 1.612578
1200 108 102 24 24 0.997474
1200 108 108 24 24 3.575840
1200 108 114 24 24 3.302134
1200 132 114 24 24 1.994089
1200 192 114 24 24 7.830683
1200 198 114 24 24 6.060428
1200 204 108 24 24 2.071905
1200 204 114 24 24 9.098230
1200 210 108 24 24 3.657663
1200 210 114 24 24 11.443902
1200 294 102 24 24 0.735866
1200 402 96 24 24 0.818517
1200 480 108 24 24 2.153842
1200 480 114 24 24 0.684061
1230 272 16 64 64 1.284576
1230 288 0 64 64 2.937934
1230 288 16 64 64 4.409911
1230 288 32 64 64 1.630383
1230 352 0 64 64 4.132996
1230 352 16 64 64 8.766685
1230 352 32 64 64 0.436839
1230 306 126 36 36 0.337020
1230 315 126 36 36 0.549643
1230 0 128 32 32 1.287087
1230 8 128 32 32 0.563895
1230 128 112 32 32 2.101026
1230 256 0 32 32 0.865730
1230 256 112 32 32 0.374172
1230 384 128 32 32 5.523611
1230 384 136 32 32 0.793230
1230 392 128 32 32 5.043656
1230 400 128 32 32 5.500463
1230 400 144 32 32 1.188125
1230 400 152 32 32 0.106597
1230 408 128 32 32 1.871009
1230 0 133 28 28 0.121783
1230 7 133 28 28 2.617651
1230 14 126 28 28 0.182349
1230 14 133 28 28 3.320086
1230 21 133 28 28 1.470794
1230 112 112 28 28 0.142439
1230 112 119 28 28 1.300871
1230 119 112 28 28 1.928929
1230 119 119 28 28 2.742046
1230 119 133 28 28 0.249601
1230 126 119 28 28 1.728971
1230 154 112 28 28 0.499234
1230 168 112 28 28 3.597357
1230 231 112 28 28 1.429972
1230 238 112 28 28 1.729149
1230 336 126 28 28 2.587703
1230 336 133 28 28 3.190640
1230 343 126 28 28 2.707946
1230 343 133 28 28 3.248775
1230 448 126 28 28 0.602180
1230 96 108 24 24 1.022078
1230 96 114 24 24 2.912772
1230 102 108 24 24 3.303715
1230 102 114 24 24 4.711222
1230 204 114 24 24 0.763915
1230 210 114 24 24 0.480116
1230 288 102 24 24 2.641648
1230 294 102 24 24 2.692907
1230 294 108 24 24 0.058655
1260 352 16 64 64 2.332618
1260 352 32 64 64 3.904524
1260 352 48 64 64 7.468908
1260 27 126 36 36 3.460274
1260 315 126 36 36 1.514690
1260 432 126 36 36 5.722415
1260 432 144 36 36 4.438009
1260 432 153 36 36 1.008060
1260 432 162 36 36 0.344714
1260 441 126 36 36 3.602476
1260 441 153 36 36 0.455814
1260 450 126 36 36 0.151598
1260 392 152 32 32 1.326293
1260 400 136 32 32 7.509308
1260 400 144 32 32 6.102880
1260 400 152 32 32 3.859163
1260 408 128 32 32 2.366324
1260 408 136 32 32 6.197849
1260 408 144 32 32 5.341301
1260 408 152 32 32 2.119888
1260 112 119 28 28 0.744876
1260 119 119 28 28 0.834809
1260 126 119 28 28 0.393674
1260 168 119 28 28 1.159649
1260 231 119 28 28 0.310281
1260 238 112 28 28 1.008544
1260 238 119 28 28 1.510536
1260 343 133 28 28 0.700039
1260 357 7 28 28 2.365921
1260 357 14 28 28 0.446579
1260 455 21 28 28 0.965807
1260 96 114 24 24 1.646938
1260 288 108 24 24 3.964756
1260 288 114 24 24 1.348663
1260 294 108 24 24 3.167657
1260 294 114 24 24 2.281433
1260 300 108 24 24 1.017823
1260 300 114 24 24 1.077540
1260 306 108 24 24 1.737757
1290 0 32 64 64 0.786460
1290 192 36 48 48 3.481030
1290 192 36 48 48 3.481030
1290 153 9 36 36 2.761670
1290 432 0 36 36 0.431565
1290 432 9 36 36 1.565030
1290 432 18 36 36 0.263469
1290 441 9 36 36 1.048305
1290 441 162 36 36 0.557448
1290 441 171 36 36 0.890965
1290 450 0 36 36 1.262615
1290 450 9 36 36 2.859735
1290 450 144 36 36 1.043138
1290 450 153 36 36 1.838188
1290 450 162 36 36 3.973493
1290 450 171 36 36 0.449926
1290 459 0 36 36 0.446852
1290 459 144 36 36 2.110209
1290 459 153 36 36 1.570797
1290 459 162 36 36 2.404765
1290 384 16 32 32 0.407905
1290 112 112 28 28 2.489508
1290 112 119 28 28 0.615384
1290 112 133 28 28 1.377905
1290 119 133 28 28 0.550449
1290 168 21 28 28 0.425025
1290 168 112 28 28 0.238663
1290 238 112 28 28 3.669106
1290 245 112 28 28 3.409302
1290 336 133 28 28 0.120372
1290 288 102 24 24 0.415426
1290 294 102 24 24 1.681914
1290 300 102 24 24 4.985991
1290 306 102 24 24 4.053927
1290 402 18 24 24 2.779442
1320 16 0 64 64 0.637153
1320 0 36 48 48 1.733461
1320 12 36 48 48 0.760901
1320 192 0 48 48 0.270018
1320 192 12 48 48 0.791501
1320 192 24 48 48 1.439107
1320 0 36 48 48 1.733461
1320 12 36 48 48 0.760901
1320 192 0 48 48 0.270018
1320 192 12 48 48 0.791501
1320 192 24 48 48 1.439107
1320 176 33 44 44 5.146740
1320 187 33 44 44 1.406651
1320 198 0 44 44 0.284167
1320 216 18 36 36 0.688087
1320 0 224 28 28 0.473581
1320 21 98 28 28 2.995784
1320 112 98 28 28 0.952934
1320 112 119 28 28 0.208551
1320 119 112 28 28 0.954516
1320 238 245 28 28 0.103577
1320 245 245 28 28 0.945192
1320 336 133 28 28 1.943116
1320 343 133 28 28 0.534096
1320 357 224 28 28 0.019235
1320 0 12 24 24 3.112780
1320 0 18 24 24 2.316356
1320 6 18 24 24 0.835278
1320 96 114 24 24 0.698063
1320 108 96 24 24 2.392847
1320 192 102 24 24 4.225601
1320 198 102 24 24 4.069372
1320 204 102 24 24 2.467128
1320 210 102 24 24 5.859982
1320 288 102 24 24 1.849926
1320 288 108 24 24 2.962573
1320 288 114 24 24 1.541537
1320 294 102 24 24 0.140473
1320 294 108 24 24 2.880525
1320 294 114 24 24 1.676103
1320 300 102 24 24 0.552722
1320 300 108 24 24 2.068208
1320 300 114 24 24 0.402159
1320 306 114 24 24 1.583819
1320 384 6 24 24 2.213233
1320 390 6 24 24 0.076255
1350 0 0 64 64 5.445028
1350 0 16 64 64 4.807819
1350 16 0 64 64 5.095604
1350 16 16 64 64 0.540096
1350 256 32 64 64 0.257964
1350 256 48 64 64 1.960836
1350 374 176 44 44 3.194369
1350 385 154 44 44 2.584910
1350 385 176 44 44 1.486798
1350 340 20 40 40 0.508893
1350 18 27 36 36 0.177787
1350 144 18 36 36 0.525738
1350 153 18 36 36 0.981442
1350 306 27 36 36 1.497038
1350 441 144 36 36 1.234524
1350 8 112 32 32 0.334775
1350 16 112 32 32 2.075060
1350 24 112 32 32 2.197655
1350 280 112 32 32 0.006995
1350 384 0 32 32 2.457057
1350 384 8 32 32 0.056220
1350 384 144 32 32 1.111643
1350 384 152 32 32 0.826746
1350 0 112 28 28 4.206134
1350 0 119 28 28 1.847691
1350 7 112 28 28 1.067457
1350 14 112 28 28 2.876330
1350 14 119 28 28 3.093752
1350 21 112 28 28 5.957773
1350 21 119 28 28 5.145262
1350 119 112 28 28 1.278002
1350 168 98 28 28 4.126781
1350 336 98 28 28 0.277237
1350 350 7 28 28 0.955570
1350 357 0 28 28 2.568407
1350 357 7 28 28 3.860825
1350 357 14 28 28 1.754510
1350 448 245 28 28 0.005563
1350 462 126 28 28 2.024877
1350 462 133 28 28 1.010241
1350 462 224 28 28 0.294800
1350 462 245 28 28 0.252604
1350 469 245 28 28 1.911396
1350 0 108 24 24 3.058667
1350 0 114 24 24 0.922253
1350 192 108 24 24 3.655923
1350 210 108 24 24 1.851678
1350 384 84 24 24 4.351819
1350 390 84 24 24 1.941280
1350 396 0 24 24 0.676277
1350 396 6 24 24 0.763629
1350 396 18 24 24 0.387842
1350 396 192 24 24 1.987486
1350 396 198 24 24 0.083109
1350 402 198 24 24 0.225517
1380 0 0 64 64 1.516146
1380 0 16 64 64 0.864018
1380 256 0 64 64 1.931156
1380 256 16 64 64 3.021518
1380 256 32 64 64 1.489102
1380 272 16 64 64 2.055344
1380 24 36 48 48 1.081246
1380 36 36 48 48 0.248716
1380 420 168 48 48 1.176006
1380 24 36 48 48 1.081246
1380 36 36 48 48 0.248716
1380 420 168 48 48 1.176006
1380 374 154 44 44 0.358997
1380 320 30 40 40 2.542797
1380 330 160 40 40 0.100229
1380 340 30 40 40 3.169158
1380 306 126 36 36 3.642309
1380 315 126 36 36 3.395473
1380 0 112 32 32 2.507425
1380 24 112 32 32 2.577538
1380 0 126 28 28 3.499954
1380 0 133 28 28 3.079136
1380 7 126 28 28 2.437608
1380 7 133 28 28 3.421014
1380 14 126 28 28 0.268018
1380 14 133 28 28 1.069256
1380 112 0 28 28 2.509009
1380 119 0 28 28 4.266657
1380 126 0 28 28 0.646104
1380 168 98 28 28 4.247224
1380 336 119 28 28 0.439617
1380 336 126 28 28 3.435176
1380 336 133 28 28 4.739707
1380 343 0 28 28 1.664761
1380 343 133 28 28 0.763262
1380 350 0 28 28 0.726039
1380 455 224 28 28 0.142185
1380 462 224 28 28 2.402745
1380 462 231 28 28 4.611199
1380 462 238 28 28 0.922579
1380 469 224 28 28 3.593642
1380 469 231 28 28 4.397745
1380 469 238 28 28 0.846331
1380 0 96 24 24 0.091579
1380 210 102 24 24 0.107006
1380 210 108 24 24 1.977505
1380 210 114 24 24 3.540713
1380 288 6 24 24 2.629450
1380 288 12 24 24 4.574301
1380 288 18 24 24 1.337478
1380 288 84 24 24 5.033839
1380 288 114 24 24 4.049192
1380 294 12 24 24 0.578225
1380 294 84 24 24 1.346268
1380 306 84 24 24 2.179728
1380 384 96 24 24 0.566023
1380 384 102 24 24 3.426585
1380 384 114 24 24 1.106535
1380 390 96 24 24 3.393494
1380 390 102 24 24 2.052751
1380 390 114 24 24 1.990648
1380 396 102 24 24 1.500594
1380 480 84 24 24 3.467130
1380 480 96 24 24 1.832135
1380 486 84 24 24 1.626685
1380 486 96 24 24 0.493699
1380 492 204 24 24 0.062060
1380 498 6 24 24 0.551795
1410 0 0 64 64 0.427540
1410 256 32 64 64 1.181778
1410 256 48 64 64 3.816807
1410 272 32 64 64 3.644988
1410 272 48 64 64 2.308539
1410 288 16 64 64 1.343069
1410 288 32 64 64 5.808519
1410 288 48 64 64 5.792135
1410 352 32 64 64 1.195523
1410 420 36 48 48 0.055371
1410 420 36 48 48 0.055371
1410 22 22 44 44 0.666760
1410 352 154 44 44 7.086835
1410 363 154 44 44 2.649503
1410 363 176 44 44 0.338101
1410 374 154 44 44 0.889378
1410 374 176 44 44 0.149952
1410 385 154 44 44 4.577673
1410 20 20 40 40 2.616012
1410 30 20 40 40 2.268786
1410 320 10 40 40 0.608937
1410 320 20 40 40 0.366552
1410 320 30 40 40 2.420911
1410 320 140 40 40 4.069209
1410 330 20 40 40 0.283095
1410 330 30 40 40 0.701509
1410 330 140 40 40 5.101790
1410 330 160 40 40 2.484671
1410 340 140 40 40 5.221905
1410 340 160 40 40 4.584698
1410 350 140 40 40 0.130666
1410 350 160 40 40 3.948706
1410 350 170 40 40 0.889009
1410 18 27 36 36 0.082094
1410 27 27 36 36 5.318827
1410 216 27 36 36 0.290970
1410 315 27 36 36 0.441719
1410 315 144 36 36 2.125909
1410 0 0 32 32 2.237092
1410 0 112 32 32 1.103654
1410 8 0 32 32 0.225569
1410 8 112 32 32 1.820295
1410 16 112 32 32 1.063491
1410 24 112 32 32 0.931157
1410 176 24 32 32 0.401313
1410 272 112 32 32 3.163456
1410 384 8 32 32 3.737979
1410 392 0 32 32 0.448122
1410 392 8 32 32 2.995325
1410 7 7 28 28 2.861463
1410 7 14 28 28 4.613891
1410 7 126 28 28 1.531531
1410 7 133 28 28 2.667566
1410 14 7 28 28 2.237288
1410 14 14 28 28 3.752705
1410 14 21 28 28 1.610753
1410 14 119 28 28 1.024058
1410 14 126 28 28 4.854013
1410 14 133 28 28 2.617175
1410 21 112 28 28 0.048497
1410 21 119 28 28 2.575721
1410 21 126 28 28 4.168597
1410 21 133 28 28 1.554262
1410 154 98 28 28 1.909451
1410 154 112 28 28 2.375976
1410 224 98 28 28 4.520517
1410 231 98 28 28 2.244922
1410 350 98 28 28 0.756068
1410 469 98 28 28 1.731418
1410 469 112 28 28 3.116629
1410 18 18 24 24 1.337850
1410 144 114 24 24 0.642339
1410 204 114 24 24 0.716354
1410 288 0 24 24 2.568891
1410 294 0 24 24 1.987867
1410 294 96 24 24 5.671429
1410 300 6 24 24 0.260692
1410 300 96 24 24 1.708045
1410 306 84 24 24 0.610873
1410 306 96 24 24 2.782409
1410 384 192 24 24 1.214264
1410 384 198 24 24 5.566025
1410 384 204 24 24 3.266718
1410 390 198 24 24 4.682979
1410 390 204 24 24 2.591259
1410 396 18 24 24 1.152082
1410 396 198 24 24 5.929416
1410 396 204 24 24 3.904018
1410 402 198 24 24 4.012528
1410 402 204 24 24 5.058521
1410 402 210 24 24 0.153513
1410 480 96 24 24 0.918118
1410 480 102 24 24 3.138741
1410 480 108 24 24 3.368092
1410 480 114 24 24 1.534935
1410 486 96 24 24 1.160163
1410 486 108 24 24 0.587318
1440 198 0 44 44 2.559712
1440 352 11 44 44 1.688332
1440 352 22 44 44 3.185744
1440 352 33 44 44 3.318225
1440 363 22 44 44 0.359734
1440 0 10 40 40 1.992480
1440 10 10 40 40 0.581726
1440 220 10 40 40 0.903091
1440 0 18 36 36 2.746836
1440 0 27 36 36 0.191092
1440 9 18 36 36 1.791242
1440 18 27 36 36 1.154390
1440 162 9 36 36 3.547719
1440 162 18 36 36 0.647089
1440 216 18 36 36 0.189678
1440 0 112 32 32 0.523094
1440 24 112 32 32 0.448708
1440 176 24 32 32 1.796826
1440 384 112 32 32 1.212539
1440 392 112 32 32 1.041824
1440 400 112 32 32 0.224602
1440 0 98 28 28 6.540486
1440 0 112 28 28 3.269047
1440 0 119 28 28 2.257937
1440 7 98 28 28 3.692990
1440 7 112 28 28 3.995003
1440 7 119 28 28 2.923456
1440 14 98 28 28 2.549640
1440 14 112 28 28 0.783860
1440 14 119 28 28 2.834630
1440 14 126 28 28 0.298103
1440 154 112 28 28 2.463498
1440 224 98 28 28 3.314543
1440 0 12 24 24 0.424967
1440 0 102 24 24 2.472925
1440 0 108 24 24 5.420590
1440 0 114 24 24 4.712898
1440 6 102 24 24 5.543468
1440 6 108 24 24 6.901883
1440 6 114 24 24 5.347206
1440 12 102 24 24 3.042159
1440 12 108 24 24 6.076357
1440 12 114 24 24 2.975295
1440 18 102 24 24 9.346286
1440 18 108 24 24 7.113944
1440 18 114 24 24 1.457138
1440 132 114 24 24 4.028327
1440 144 114 24 24 4.721428
1440 210 114 24 24 1.399517
1440 306 108 24 24 1.733544
1440 384 96 24 24 1.040557
1440 384 102 24 24 0.189029
1440 384 192 24 24 0.197326
1440 390 108 24 24 2.977641
1440 390 114 24 24 3.575568
1440 390 192 24 24 2.285003
1440 396 96 24 24 2.725224
1440 396 102 24 24 3.353184
1440 396 108 24 24 3.874922
1440 396 114 24 24 3.845063
1440 396 192 24 24 0.102979
1440 402 96 24 24 2.161761
1440 402 102 24 24 3.910978
1440 402 108 24 24 1.297255
1440 480 0 24 24 3.021735
1440 486 0 24 24 1.166330
1470 288 0 48 48 0.108016
1470 288 0 48 48 0.108016
1470 363 33 44 44 1.829317
1470 374 22 44 44 2.328554
1470 374 33 44 44 1.020077
1470 385 22 44 44 2.919617
1470 385 33 44 44 3.690667
1470 10 0 40 40 3.360340
1470 320 20 40 40 1.506551
1470 9 9 36 36 2.710708
1470 18 9 36 36 9.048256
1470 18 18 36 36 5.723249
1470 27 9 36 36 1.282621
1470 27 18 36 36 0.859033
1470 198 9 36 36 1.807103
1470 216 9 36 36 1.120439
1470 306 18 36 36 0.955443
1470 306 27 36 36 1.598229
1470 315 27 36 36 3.924782
1470 432 153 36 36 0.377955
1470 0 112 32 32 1.104058
1470 16 24 32 32 1.210163
1470 24 16 32 32 5.269496
1470 24 24 32 32 7.967908
1470 24 112 32 32 0.848045
1470 0 119 28 28 0.970210
1470 0 126 28 28 4.184059
1470 0 133 28 28 4.680378
1470 7 126 28 28 4.412002
1470 7 133 28 28 2.279248
1470 14 126 28 28 2.722305
1470 112 98 28 28 3.482392
1470 112 112 28 28 2.189864
1470 119 14 28 28 0.903936
1470 119 98 28 28 2.245777
1470 126 98 28 28 4.044040
1470 126 112 28 28 0.768807
1470 154 14 28 28 1.164261
1470 168 0 28 28 1.430241
1470 224 98 28 28 0.132857
1470 455 0 28 28 1.315116
1470 462 0 28 28 0.529040
1470 132 108 24 24 1.091174
1470 132 114 24 24 2.378454
1470 144 102 24 24 0.585678
1470 144 108 24 24 2.374144
1470 144 114 24 24 4.054114
1470 192 108 24 24 5.987211
1470 192 114 24 24 8.409260
1470 198 108 24 24 2.614387
1470 198 114 24 24 8.845274
1470 204 108 24 24 5.247296
1470 204 114 24 24 11.198139
1470 210 108 24 24 3.161493
1470 210 114 24 24 8.913688
1470 294 108 24 24 1.821025
1470 300 108 24 24 0.099161
1470 306 114 24 24 1.758626
1470 390 84 24 24 0.214891
1470 396 84 24 24 3.609903
1470 396 96 24 24 0.838223
1470 396 102 24 24 0.727114
1470 396 108 24 24 3.216001
1470 402 102 24 24 1.799622
1470 402 108 24 24 4.486819
1470 480 12 24 24 2.170748
1500 0 0 64 64 3.151419
1500 0 16 64 64 1.736029
1500 16 0 64 64 4.788108
1500 16 16 64 64 0.261561
1500 32 0 64 64 4.163311
1500 32 16 64 64 0.903967
1500 48 0 64 64 2.825850
1500 352 0 44 44 1.213749
1500 363 0 44 44 4.164534
1500 374 0 44 44 5.949630
1500 385 0 44 44 0.514176
1500 330 30 40 40 0.950497
1500 340 0 40 40 2.568121
1500 340 30 40 40 1.787618
1500 350 0 40 40 1.255367
1500 9 0 36 36 0.356422
1500 450 27 36 36 1.058212
1500 459 18 36 36 1.709403
1500 459 27 36 36 2.595227
1500 8 0 32 32 1.038793
1500 8 8 32 32 1.612151
1500 16 0 32 32 5.083482
1500 16 8 32 32 2.169896
1500 384 8 32 32 0.200779
1500 384 16 32 32 0.978129
1500 0 0 28 28 2.485092
1500 0 14 28 28 1.166456
1500 0 21 28 28 1.224916
1500 7 14 28 28 0.641572
1500 7 21 28 28 0.558109
1500 14 0 28 28 0.516447
1500 14 7 28 28 1.542593
1500 14 14 28 28 4.076127
1500 14 21 28 28 2.196990
1500 21 0 28 28 1.996479
1500 21 7 28 28 4.882053
1500 21 14 28 28 7.375131
1500 21 21 28 28 0.800658
1500 112 112 28 28 0.854332
1500 119 112 28 28 2.038538
1500 224 98 28 28 3.613993
1500 336 133 28 28 2.368445
1500 357 7 28 28 0.238410
1500 357 14 28 28 0.022294
1500 448 224 28 28 4.000612
1500 448 231 28 28 0.078794
1500 18 12 24 24 0.407121
1500 18 18 24 24 5.411430
1500 108 102 24 24 0.838706
1500 108 114 24 24 1.439552
1500 132 114 24 24 2.442574
1500 144 114 24 24 3.115003
1500 192 108 24 24 2.974967
1500 192 114 24 24 7.527003
1500 198 108 24 24 1.423630
1500 198 114 24 24 9.401718
1500 204 114 24 24 9.552532
1500 210 108 24 24 0.866700
1500 210 114 24 24 10.728192
1500 288 108 24 24 2.140842
1500 288 114 24 24 8.803912
1500 294 108 24 24 4.700134
1500 294 114 24 24 7.786003
1500 300 114 24 24 4.171603
1500 306 108 24 24 0.351319
1500 306 114 24 24 0.384746
1500 498 6 24 24 0.084442
1530 16 0 64 64 2.288668
1530 32 0 64 64 2.191812
1530 48 0 64 64 0.050294
1530 256 0 64 64 0.571804
1530 352 16 64 64 0.380333
1530 352 32 64 64 3.455035
1530 352 48 64 64 3.036588
1530 36 24 48 48 0.570189
1530 264 24 48 48 1.152899
1530 264 36 48 48 4.890001
1530 288 36 48 48 2.316878
1530 384 36 48 48 1.117512
1530 36 24 48 48 0.570189
1530 264 24 48 48 1.152899
1530 264 36 48 48 4.890001
1530 288 36 48 48 2.316878
1530 384 36 48 48 1.117512
1530 352 11 44 44 2.633217
1530 363 11 44 44 2.678331
1530 340 20 40 40 0.514396
1530 350 20 40 40 0.424140
1530 350 30 40 40 1.376788
1530 9 0 36 36 0.313092
1530 459 144 36 36 0.315127
1530 16 8 32 32 1.178890
1530 384 152 32 32 3.223551
1530 392 0 32 32 1.450066
1530 392 152 32 32 1.824342
1530 400 152 32 32 1.629472
1530 408 0 32 32 1.611258
1530 408 128 32 32 1.670513
1530 408 136 32 32 4.013155
1530 408 144 32 32 0.359154
1530 408 152 32 32 2.375381
1530 0 0 28 28 2.266956
1530 7 0 28 28 0.315048
1530 21 7 28 28 0.495436
1530 21 14 28 28 2.128125
1530 21 21 28 28 3.361614
1530 112 98 28 28 5.226908
1530 154 98 28 28 3.019765
1530 336 98 28 28 2.074387
1530 336 112 28 28 2.446212
1530 336 119 28 28 2.903884
1530 336 126 28 28 1.052976
1530 343 112 28 28 1.258550
1530 343 119 28 28 1.871708
1530 343 126 28 28 1.209407
1530 448 98 28 28 2.762125
1530 448 112 28 28 1.580455
1530 448 119 28 28 0.828639
1530 6 0 24 24 2.388362
1530 6 6 24 24 4.236502
1530 6 12 24 24 0.678400
1530 12 0 24 24 0.464329
1530 12 6 24 24 0.227994
1530 12 12 24 24 0.353817
1530 96 114 24 24 2.092845
1530 132 114 24 24 2.025037
1530 144 108 24 24 4.222251
1530 144 114 24 24 8.291861
1530 192 102 24 24 2.536416
1530 192 108 24 24 7.531973
1530 192 114 24 24 0.004180
1530 198 102 24 24 0.600030
1530 198 108 24 24 3.426510
1530 198 114 24 24 0.207817
1530 204 102 24 24 0.401065
1530 204 108 24 24 6.942287
1530 204 114 24 24 1.019604
1530 210 102 24 24 6.051163
1530 210 108 24 24 8.627230
1530 210 114 24 24 0.515067
1530 294 102 24 24 0.040490
1530 294 108 24 24 4.006247
1530 300 102 24 24 4.386241
1530 300 108 24 24 10.345746
1530 300 114 24 24 3.012347
1530 306 102 24 24 5.969778
1530 306 108 24 24 6.957318
1530 306 114 24 24 2.935147
1530 384 6 24 24 0.378185
1530 384 12 24 24 2.166671
1530 384 18 24 24 0.498222
1530 390 18 24 24 0.318111
1530 396 18 24 24 0.380963
1530 402 12 24 24 1.277394
1530 402 18 24 24 2.767823
1530 486 18 24 24 0.219489
1560 0 0 64 64 5.144721
1560 16 0 64 64 3.375129
1560 32 0 64 64 3.478140
1560 48 0 64 64 3.302269
1560 256 0 64 64 5.094085
1560 272 0 64 64 3.185012
1560 288 0 64 64 3.260449
1560 352 48 64 64 0.199480
1560 36 36 48 48 0.293027
1560 192 36 48 48 2.039284
1560 216 36 48 48 0.254877
1560 264 36 48 48 5.775681
1560 288 24 48 48 1.690799
1560 288 36 48 48 4.643137
1560 36 36 48 48 0.293027
1560 192 36 48 48 2.039284
1560 216 36 48 48 0.254877
1560 264 36 48 48 5.775681
1560 288 24 48 48 1.690799
1560 288 36 48 48 4.643137
1560 385 154 44 44 1.256359
1560 0 170 40 40 0.453068
1560 0 180 40 40 1.119174
1560 340 20 40 40 0.159875
1560 0 126 36 36 0.388389
1560 0 112 32 32 0.701044
1560 0 136 32 32 2.736024
1560 0 144 32 32 1.643577
1560 8 112 32 32 0.278799
1560 8 128 32 32 1.360568
1560 8 136 32 32 3.077616
1560 0 126 28 28 0.248430
1560 7 119 28 28 0.261377
1560 112 98 28 28 0.407618
1560 112 112 28 28 4.420141
1560 112 119 28 28 0.429384
1560 119 98 28 28 1.133978
1560 119 112 28 28 4.879460
1560 119 119 28 28 2.169871
1560 126 7 28 28 0.613445
1560 126 98 28 28 0.894874
1560 126 112 28 28 4.498787
1560 126 119 28 28 0.494307
1560 168 98 28 28 5.968158
1560 231 98 28 28 2.169633
1560 238 98 28 28 3.644381
1560 245 98 28 28 0.732242
1560 336 98 28 28 0.485377
1560 336 112 28 28 7.325073
1560 343 112 28 28 4.947287
1560 350 112 28 28 2.803501
1560 462 0 28 28 0.048506
1560 469 0 28 28 0.719057
1560 132 12 24 24 0.222606
1560 144 114 24 24 7.240297
1560 192 108 24 24 8.278540
1560 192 114 24 24 9.331990
1560 198 108 24 24 6.198281
1560 198 114 24 24 6.437146
1560 204 108 24 24 2.869406
1560 204 114 24 24 3.089637
1560 210 114 24 24 1.346010
1560 288 114 24 24 2.705960
1560 294 108 24 24 1.719282
1560 294 114 24 24 7.085235
1560 300 114 24 24 2.518742
1560 306 108 24 24 0.027130
1560 306 114 24 24 3.596763
1560 384 114 24 24 4.725724
1560 390 114 24 24 7.150848
1560 396 114 24 24 4.333244
1560 396 192 24 24 2.408408
1560 396 198 24 24 1.975700
1560 402 192 24 24 2.761555
1560 402 198 24 24 3.358125
1560 480 0 24 24 3.195052
1560 480 6 24 24 4.265549
1560 486 0 24 24 1.045640
1560 486 6 24 24 2.280019
1560 492 6 24 24 0.502565
1560 498 6 24 24 2.105757
1590 32 0 64 64 1.795537
1590 48 0 64 64 1.789620
1590 256 0 64 64 10.570300
1590 256 16 64 64 2.165600
1590 272 0 64 64 8.285504
1590 288 0 64 64 7.634393
1590 192 36 48 48 2.212106
1590 204 36 48 48 1.186853
1590 216 36 48 48 3.988275
1590 264 36 48 48 0.494535
1590 288 36 48 48 1.511047
1590 192 36 48 48 2.212106
1590 204 36 48 48 1.186853
1590 216 36 48 48 3.988275
1590 264 36 48 48 0.494535
1590 288 36 48 48 1.511047
1590 0 154 44 44 5.158662
1590 11 154 44 44 3.826855
1590 11 176 44 44 0.494652
1590 22 154 44 44 2.276965
1590 0 160 40 40 5.289436
1590 0 170 40 40 2.661728
1590 0 180 40 40 4.730503
1590 10 160 40 40 3.894022
1590 10 170 40 40 4.952024
1590 10 180 40 40 2.473758
1590 20 160 40 40 1.851157
1590 20 170 40 40 3.609281
1590 20 180 40 40 3.833227
1590 30 160 40 40 0.791734
1590 30 170 40 40 4.628080
1590 30 180 40 40 3.367889
1590 9 171 36 36 0.352897
1590 18 126 36 36 0.041123
1590 18 171 36 36 4.375363
1590 27 126 36 36 0.099458
1590 27 171 36 36 3.110379
1590 0 126 28 28 3.825207
1590 7 224 28 28 0.460427
1590 14 224 28 28 0.788877
1590 112 112 28 28 2.748545
1590 119 112 28 28 4.993148
1590 119 119 28 28 1.214680
1590 126 112 28 28 2.334503
1590 154 98 28 28 5.319361
1590 154 112 28 28 1.855442
1590 168 98 28 28 4.387311
1590 224 98 28 28 3.003411
1590 224 112 28 28 2.187219
1590 231 98 28 28 1.289179
1590 336 112 28 28 12.813532
1590 336 119 28 28 10.229069
1590 343 112 28 28 10.311979
1590 343 119 28 28 4.098585
1590 350 112 28 28 10.637256
1590 350 119 28 28 6.819310
1590 357 112 28 28 6.330518
1590 357 119 28 28 3.943634
1590 12 84 24 24 6.699322
1590 18 84 24 24 4.358557
1590 96 108 24 24 1.385210
1590 96 114 24 24 3.411185
1590 192 114 24 24 2.495645
1590 288 114 24 24 3.834597
1590 294 114 24 24 0.990891
1590 300 108 24 24 0.391102
1590 300 114 24 24 2.527968
1590 306 114 24 24 0.247371
1590 480 108 24 24 2.370431
1620 0 48 64 64 2.871027
1620 16 32 64 64 0.586549
1620 16 48 64 64 2.856659
1620 32 32 64 64 0.350953
1620 256 0 64 64 0.243862
1620 272 0 64 64 1.381039
1620 272 16 64 64 1.814804
1620 288 0 64 64 3.173572
1620 288 16 64 64 4.446315
1620 352 0 64 64 8.806171
1620 352 16 64 64 3.649087
1620 0 36 48 48 0.530223
1620 12 36 48 48 0.148772
1620 216 36 48 48 1.308391
1620 264 36 48 48 1.108958
1620 0 36 48 48 0.530223
1620 12 36 48 48 0.148772
1620 216 36 48 48 1.308391
1620 264 36 48 48 1.108958
1620 33 154 44 44 0.143132
1620 392 112 32 32 3.189631
1620 400 112 32 32 2.750386
1620 400 128 32 32 0.137390
1620 408 112 32 32 3.680436
1620 408 128 32 32 1.963561
1620 119 112 28 28 2.827594
1620 119 119 28 28 1.939994
1620 119 126 28 28 3.256794
1620 126 112 28 28 0.719998
1620 126 119 28 28 0.160063
1620 126 126 28 28 1.718284
1620 154 98 28 28 3.970639
1620 168 98 28 28 5.371802
1620 231 98 28 28 2.999234
1620 238 98 28 28 1.772084
1620 245 98 28 28 0.352085
1620 336 112 28 28 0.587945
1620 336 119 28 28 3.717807
1620 336 126 28 28 3.558375
1620 336 133 28 28 0.532550
1620 343 126 28 28 1.496200
1620 343 133 28 28 0.611360
1620 350 126 28 28 1.834563
1620 350 133 28 28 1.867649
1620 357 126 28 28 0.799204
1620 357 133 28 28 3.417126
1620 448 119 28 28 3.298888
1620 462 112 28 28 0.146642
1620 462 119 28 28 2.294874
1620 0 84 24 24 1.669380
1620 0 96 24 24 5.000251
1620 6 84 24 24 1.730643
1620 6 96 24 24 0.764092
1620 198 0 24 24 0.443660
1620 198 114 24 24 2.282274
1620 294 114 24 24 0.334009
1620 300 114 24 24 1.468104
1650 0 0 64 64 1.759031
1650 0 16 64 64 0.436679
1650 0 48 64 64 0.715300
1650 16 0 64 64 1.840166
1650 16 32 64 64 1.178845
1650 16 48 64 64 4.307061
1650 32 32 64 64 1.668989
1650 32 48 64 64 4.351615
1650 48 48 64 64 0.686040
1650 256 0 64 64 4.028087
1650 256 16 64 64 3.369367
1650 256 32 64 64 2.581215
1650 272 0 64 64 3.102479
1650 272 16 64 64 4.731789
1650 272 32 64 64 4.867298
1650 288 16 64 64 3.825114
1650 288 32 64 64 3.964230
1650 352 0 64 64 3.078685
1650 352 16 64 64 5.151607
1650 352 32 64 64 7.736044
1650 352 48 64 64 5.425914
1650 374 33 44 44 1.964877
1650 385 22 44 44 0.590746
1650 385 33 44 44 0.912092
1650 441 126 36 36 2.184137
1650 459 0 36 36 0.104429
1650 280 112 32 32 1.034070
1650 392 128 32 32 1.290631
1650 392 136 32 32 3.806509
1650 392 144 32 32 0.561182
1650 400 128 32 32 4.329570
1650 400 136 32 32 0.986798
1650 408 128 32 32 5.086631
1650 408 136 32 32 1.991076
1650 408 152 32 32 0.590961
1650 154 98 28 28 0.811985
1650 168 98 28 28 3.008380
1650 224 112 28 28 2.908310
1650 231 98 28 28 0.552331
1650 231 112 28 28 1.289435
1650 238 98 28 28 4.336037
1650 238 112 28 28 3.691759
1650 245 98 28 28 2.781244
1650 245 112 28 28 3.355221
1650 336 119 28 28 1.884735
1650 343 119 28 28 2.083033
1650 343 126 28 28 3.055933
1650 350 119 28 28 1.986571
1650 350 126 28 28 2.966150
1650 357 98 28 28 0.021226
1650 357 119 28 28 2.413368
1650 357 126 28 28 0.575750
1650 448 126 28 28 0.876606
1650 448 133 28 28 2.900806
1650 455 133 28 28 0.886632
1650 469 14 28 28 1.860450
1650 469 21 28 28 2.419916
1650 108 6 24 24 0.349703
1650 108 12 24 24 0.456058
1650 108 18 24 24 1.109506
1650 108 192 24 24 1.099089
1650 132 114 24 24 0.142296
1650 198 114 24 24 4.159067
1650 204 114 24 24 4.314068
1650 486 18 24 24 1.162452
1680 256 0 64 64 1.255057
1680 256 16 64 64 0.203012
1680 272 0 64 64 2.765669
1680 272 16 64 64 3.906265
1680 288 0 64 64 1.852013
1680 288 16 64 64 0.098545
1680 192 36 48 48 3.541386
1680 204 24 48 48 1.098356
1680 204 36 48 48 4.766692
1680 216 24 48 48 2.272814
1680 216 36 48 48 5.144996
1680 288 36 48 48 1.472848
1680 192 36 48 48 3.541386
1680 204 24 48 48 1.098356
1680 204 36 48 48 4.766692
1680 216 24 48 48 2.272814
1680 216 36 48 48 5.144996
1680 288 36 48 48 1.472848
1680 352 0 44 44 2.091797
1680 363 0 44 44 3.907866
1680 363 11 44 44 4.565230
1680 374 0 44 44 1.040711
1680 385 0 44 44 2.043360
1680 330 20 40 40 0.499486
1680 27 0 36 36 0.544598
1680 450 9 36 36 0.762942
1680 459 144 36 36 1.223081
1680 459 153 36 36 0.859729
1680 16 16 32 32 0.046122
1680 16 24 32 32 1.780439
1680 128 136 32 32 2.786513
1680 128 144 32 32 4.464145
1680 128 152 32 32 1.507975
1680 272 112 32 32 0.397820
1680 112 98 28 28 2.361350
1680 112 112 28 28 11.041223
1680 112 119 28 28 2.042573
1680 119 98 28 28 1.496584
1680 119 112 28 28 6.817915
1680 126 112 28 28 2.537101
1680 224 98 28 28 3.240203
1680 231 98 28 28 1.480285
1680 245 98 28 28 0.805902
1680 336 112 28 28 6.967407
1680 336 119 28 28 9.113358
1680 336 126 28 28 5.261506
1680 336 133 28 28 0.990246
1680 343 112 28 28 4.136639
1680 343 119 28 28 6.322320
1680 343 126 28 28 5.003902
1680 350 112 28 28 0.107449
1680 350 119 28 28 1.159121
1680 357 112 28 28 1.808759
1680 357 119 28 28 0.461216
1680 469 7 28 28 0.272468
1680 469 245 28 28 0.294720
1680 0 102 24 24 0.728463
1680 108 102 24 24 2.185057
1680 132 114 24 24 1.181167
1680 144 114 24 24 1.909322
1680 204 102 24 24 2.482780
1680 204 108 24 24 1.274800
1680 480 12 24 24 2.582838
1680 480 18 24 24 4.525827
1680 486 12 24 24 1.640760
1680 486 18 24 24 1.001793
1710 256 32 64 64 2.709562
1710 256 48 64 64 1.093754
1710 272 0 64 64 0.314064
1710 272 32 64 64 0.630458
1710 288 0 64 64 2.126277
1710 288 16 64 64 1.410152
1710 352 0 64 64 4.121592
1710 352 16 64 64 0.021965
1710 192 24 48 48 0.513106
1710 204 24 48 48 0.880209
1710 204 36 48 48 1.943113
1710 216 36 48 48 2.651246
1710 384 24 48 48 0.498166
1710 408 0 48 48 1.670327
1710 408 12 48 48 6.690836
1710 408 24 48 48 3.157494
1710 420 0 48 48 8.414609
1710 420 12 48 48 9.582794
1710 420 24 48 48 6.457329
1710 192 24 48 48 0.513106
1710 204 24 48 48 0.880209
1710 204 36 48 48 1.943113
1710 216 36 48 48 2.651246
1710 384 24 48 48 0.498166
1710 408 0 48 48 1.670327
1710 408 12 48 48 6.690836
1710 408 24 48 48 3.157494
1710 420 0 48 48 8.414609
1710 420 12 48 48 9.582794
1710 420 24 48 48 6.457329
1710 242 33 44 44 0.631422
1710 385 0 44 44 0.840337
1710 0 0 36 36 0.881012
1710 9 0 36 36 0.150614
1710 18 0 36 36 0.035227
1710 27 0 36 36 1.569893
1710 441 9 36 36 5.104106
1710 441 18 36 36 6.047613
1710 441 27 36 36 4.834023
1710 0 0 32 32 7.309218
1710 0 8 32 32 5.681016
1710 8 0 32 32 5.967942
1710 8 8 32 32 6.405115
1710 16 0 32 32 1.113461
1710 16 8 32 32 2.593717
1710 24 0 32 32 1.683689
1710 24 8 32 32 0.216923
1710 128 112 32 32 1.159205
1710 128 128 32 32 3.005285
1710 128 136 32 32 2.593686
1710 128 144 32 32 0.740444
1710 400 8 32 32 0.510633
1710 0 0 28 28 0.935115
1710 0 7 28 28 5.433885
1710 0 14 28 28 5.724936
1710 7 7 28 28 4.067689
1710 7 14 28 28 8.362983
1710 7 21 28 28 2.022306
1710 14 7 28 28 0.985975
1710 14 14 28 28 7.295662
1710 14 21 28 28 1.861598
1710 21 14 28 28 3.047657
1710 21 21 28 28 0.260627
1710 462 119 28 28 1.197401
1710 0 6 24 24 1.282868
1710 0 12 24 24 1.591890
1710 0 18 24 24 1.938591
1710 6 12 24 24 1.154758
1710 6 18 24 24 2.470599
1710 12 18 24 24 1.065929
1710 102 102 24 24 1.257631
1710 102 108 24 24 2.241474
1710 108 102 24 24 1.623728
1710 108 108 24 24 3.576346
1710 144 288 24 24 0.049303
1710 204 114 24 24 0.473223
1710 288 108 24 24 1.206272
1710 288 114 24 24 1.574617
1710 294 114 24 24 3.254739
1710 300 114 24 24 2.167268
1740 256 16 64 64 4.007395
1740 256 32 64 64 1.104971
1740 272 16 64 64 0.929592
1740 272 32 64 64 5.296117
1740 288 16 64 64 3.515217
1740 288 32 64 64 5.029772
1740 288 48 64 64 0.184325
1740 192 24 48 48 0.990859
1740 216 12 48 48 0.441640
1740 216 24 48 48 1.582256
1740 216 36 48 48 1.940062
1740 408 12 48 48 0.015283
1740 420 12 48 48 0.300369
1740 420 24 48 48 0.072692
1740 192 24 48 48 0.990859
1740 216 12 48 48 0.441640
1740 216 24 48 48 1.582256
1740 216 36 48 48 1.940062
1740 408 12 48 48 0.015283
1740 420 12 48 48 0.300369
1740 420 24 48 48 0.072692
1740 187 22 44 44 0.830329
1740 198 22 44 44 3.348135
1740 198 33 44 44 2.480548
1740 240 30 40 40 1.581178
1740 350 140 40 40 1.867592
1740 0 0 36 36 5.624500
1740 9 0 36 36 2.093783
1740 18 0 36 36 0.964260
1740 27 0 36 36 0.352210
1740 450 27 36 36 0.283078
1740 0 0 32 32 2.718032
1740 0 8 32 32 9.878681
1740 0 16 32 32 2.679453
1740 0 128 32 32 0.081964
1740 8 0 32 32 2.625568
1740 8 8 32 32 8.440520
1740 8 16 32 32 0.186240
1740 8 112 32 32 0.692023
1740 8 128 32 32 0.008972
1740 16 8 32 32 5.171062
1740 16 16 32 32 0.404494
1740 16 112 32 32 0.603746
1740 24 8 32 32 1.965038
1740 24 16 32 32 3.259025
1740 264 8 32 32 2.005785
1740 272 112 32 32 1.501015
1740 280 112 32 32 1.837760
1740 384 152 32 32 0.983228
1740 408 128 32 32 1.150508
1740 408 136 32 32 1.659753
1740 0 14 28 28 2.944655
1740 0 21 28 28 3.937595
1740 7 7 28 28 1.383073
1740 7 14 28 28 7.360538
1740 7 21 28 28 9.229014
1740 7 133 28 28 1.448664
1740 14 14 28 28 6.224528
1740 14 21 28 28 7.594851
1740 21 14 28 28 1.739866
1740 21 21 28 28 6.364506
1740 336 133 28 28 1.896094
1740 343 133 28 28 1.132869
1740 462 133 28 28 0.476413
1740 0 306 24 24 1.697986
1740 6 306 24 24 0.587863
1740 12 18 24 24 1.257807
1740 96 96 24 24 0.233171
1740 96 114 24 24 3.629877
1740 102 96 24 24 1.591111
1740 102 108 24 24 1.082682
1740 102 114 24 24 3.010520
1740 108 96 24 24 2.615761
1740 108 114 24 24 1.074578
1740 210 96 24 24 1.287736
1740 210 102 24 24 0.834116
1740 288 108 24 24 0.813418
1740 288 114 24 24 3.089824
1740 294 108 24 24 1.293118
1740 294 114 24 24 1.932987
1740 300 108 24 24 1.123160
1740 480 96 24 24 1.036265
1740 486 96 24 24 3.415120
1740 492 96 24 24 1.869942
1770 0 0 64 64 3.542813
1770 256 0 64 64 2.372200
1770 256 16 64 64 8.155260
1770 256 32 64 64 3.350715
1770 272 0 64 64 0.059410
1770 272 16 64 64 4.053894
1770 352 0 64 64 3.112807
1770 352 16 64 64 4.226402
1770 352 32 64 64 4.905787
1770 352 48 64 64 1.429579
1770 192 12 48 48 1.381892
1770 204 12 48 48 0.998694
1770 204 24 48 48 2.652244
1770 216 12 48 48 2.360260
1770 216 24 48 48 2.866610
1770 384 0 48 48 7.681234
1770 384 24 48 48 0.132046
1770 384 36 48 48 4.743865
1770 396 24 48 48 0.438945
1770 396 36 48 48 5.369073
1770 408 36 48 48 2.171902
1770 420 36 48 48 0.701014
1770 192 12 48 48 1.381892
1770 204 12 48 48 0.998694
1770 204 24 48 48 2.652244
1770 216 12 48 48 2.360260
1770 216 24 48 48 2.866610
1770 384 0 48 48 7.681234
1770 384 24 48 48 0.132046
1770 384 36 48 48 4.743865
1770 396 24 48 48 0.438945
1770 396 36 48 48 5.369073
1770 408 36 48 48 2.171902
1770 420 36 48 48 0.701014
1770 352 176 44 44 2.794426
1770 363 154 44 44 1.519414
1770 363 176 44 44 3.168162
1770 374 154 44 44 2.345265
1770 374 176 44 44 2.404254
1770 385 0 44 44 5.714062
1770 385 11 44 44 2.959071
1770 385 22 44 44 1.101726
1770 385 154 44 44 1.407042
1770 385 176 44 44 3.079366
1770 0 9 36 36 5.779176
1770 0 18 36 36 4.071790
1770 9 0 36 36 3.464856
1770 9 9 36 36 3.648323
1770 432 171 36 36 1.196671
1770 441 126 36 36 0.307796
1770 0 16 32 32 3.106132
1770 0 24 32 32 6.759415
1770 8 16 32 32 8.331443
1770 8 24 32 32 7.347873
1770 16 8 32 32 1.466278
1770 16 16 32 32 5.376250
1770 16 24 32 32 5.234943
1770 24 112 32 32 0.168057
1770 24 128 32 32 1.640682
1770 272 112 32 32 2.084443
1770 280 112 32 32 6.852860
1770 400 8 32 32 1.266383
1770 408 0 32 32 2.075511
1770 408 8 32 32 4.304242
1770 0 14 28 28 0.138368
1770 0 21 28 28 1.730448
1770 7 21 28 28 1.039069
1770 14 21 28 28 1.714963
1770 21 21 28 28 0.361047
1770 21 133 28 28 0.150732
1770 132 102 24 24 0.194132
1770 198 102 24 24 0.355380
1770 204 96 24 24 3.377621
1770 204 102 24 24 3.393492
1770 210 96 24 24 3.060382
1770 210 102 24 24 2.853052
1770 288 114 24 24 3.029876
1770 294 102 24 24 1.735020
1770 294 108 24 24 1.622562
1770 294 114 24 24 2.457096
1770 300 96 24 24 1.912015
1770 300 102 24 24 4.515369
1770 300 108 24 24 1.484130
1770 300 114 24 24 2.354692
1770 306 96 24 24 3.146384
1770 306 102 24 24 6.502708
1770 306 108 24 24 3.482694
1770 306 114 24 24 2.536899
1770 396 192 24 24 0.681199
1770 396 198 24 24 0.553989
1770 402 198 24 24 1.126614
1770 486 96 24 24 0.230893
1770 492 6 24 24 0.214244
1770 498 6 24 24 1.936857
1770 498 12 24 24 2.840998
1800 0 32 64 64 1.810016
1800 256 16 64 64 0.431914
1800 256 48 64 64 1.509416
1800 272 32 64 64 0.983947
1800 272 48 64 64 4.871165
1800 288 48 64 64 5.677639
1800 192 24 48 48 3.751887
1800 192 36 48 48 4.143177
1800 204 24 48 48 2.190703
1800 204 36 48 48 3.284659
1800 216 24 48 48 2.670214
1800 216 36 48 48 2.149084
1800 384 12 48 48 0.611228
1800 384 168 48 48 1.678189
1800 396 12 48 48 0.547168
1800 192 24 48 48 3.751887
1800 192 36 48 48 4.143177
1800 204 24 48 48 2.190703
1800 204 36 48 48 3.284659
1800 216 24 48 48 2.670214
1800 216 36 48 48 2.149084
1800 384 12 48 48 0.611228
1800 384 168 48 48 1.678189
1800 396 12 48 48 0.547168
1800 176 33 44 44 8.324087
1800 187 33 44 44 6.444356
1800 198 33 44 44 4.198861
1800 242 33 44 44 1.595669
1800 363 154 44 44 0.500248
1800 374 154 44 44 2.312260
1800 385 154 44 44 4.327268
1800 385 176 44 44 1.074804
1800 340 140 40 40 2.732834
1800 350 140 40 40 5.431329
1800 18 0 36 36 0.366329
1800 27 0 36 36 0.205445
1800 297 126 36 36 2.137546
1800 432 171 36 36 3.938432
1800 8 112 32 32 0.507960
1800 16 112 32 32 1.303143
1800 272 112 32 32 0.001738
1800 280 112 32 32 4.585257
1800 384 152 32 32 2.890377
1800 0 119 28 28 1.900688
1800 0 126 28 28 0.273624
1800 7 119 28 28 1.876425
1800 14 119 28 28 1.611328
1800 21 119 28 28 4.457826
1800 21 126 28 28 1.974351
1800 112 98 28 28 1.550524
1800 168 98 28 28 2.252618
1800 224 98 28 28 2.782537
1800 231 98 28 28 0.138684
1800 238 98 28 28 1.005514
1800 245 98 28 28 2.206626
1800 102 6 24 24 0.960452
1800 102 12 24 24 2.681632
1800 102 18 24 24 1.551223
1800 102 102 24 24 2.576672
1800 102 108 24 24 2.448912
1800 108 96 24 24 0.836920
1800 108 102 24 24 3.931098
1800 108 108 24 24 9.021326
1800 108 114 24 24 0.437297
1800 144 96 24 24 0.876654
1800 144 102 24 24 1.347650
1800 204 96 24 24 1.990387
1800 210 96 24 24 1.789710
1800 288 102 24 24 3.417209
1800 288 108 24 24 0.860597
1800 288 114 24 24 1.368194
1800 294 96 24 24 1.753179
1800 294 102 24 24 7.069314
1800 294 108 24 24 4.029292
1800 294 114 24 24 1.269130
1800 300 102 24 24 3.341177
1800 306 96 24 24 1.606897
1800 306 102 24 24 1.505544
1800 390 192 24 24 3.326846
1800 390 198 24 24 2.264587
1800 396 192 24 24 5.625031
1800 396 198 24 24 8.284527
1800 396 204 24 24 3.343727
1800 402 192 24 24 4.005878
1800 402 198 24 24 7.663821
1800 402 204 24 24 6.102878
1830 256 0 64 64 0.542719
1830 256 16 64 64 0.201477
1830 256 32 64 64 2.795959
1830 256 48 64 64 2.995832
1830 272 16 64 64 0.667584
1830 272 32 64 64 3.421017
1830 272 48 64 64 2.912544
1830 288 16 64 64 1.277908
1830 288 32 64 64 2.619842
1830 288 48 64 64 2.461972
1830 352 48 64 64 0.112447
1830 192 12 48 48 3.271972
1830 192 24 48 48 3.690094
1830 204 12 48 48 0.087811
1830 204 24 48 48 0.141287
1830 264 24 48 48 2.256477
1830 264 36 48 48 2.742528
1830 420 0 48 48 0.533589
1830 420 12 48 48 1.285614
1830 420 24 48 48 0.752028
1830 420 36 48 48 0.247740
1830 192 12 48 48 3.271972
1830 192 24 48 48 3.690094
1830 204 12 48 48 0.087811
1830 204 24 48 48 0.141287
1830 264 24 48 48 2.256477
1830 264 36 48 48 2.742528
1830 420 0 48 48 0.533589
1830 420 12 48 48 1.285614
1830 420 24 48 48 0.752028
1830 420 36 48 48 0.247740
1830 176 22 44 44 5.019538
1830 176 33 44 44 4.758499
1830 187 22 44 44 3.576894
1830 187 33 44 44 2.356342
1830 198 22 44 44 1.332636
1830 198 33 44 44 2.773156
1830 264 22 44 44 2.085695
1830 264 33 44 44 3.159540
1830 352 154 44 44 2.435326
1830 374 33 44 44 0.205210
1830 385 33 44 44 1.353661
1830 330 140 40 40 2.260469
1830 340 140 40 40 3.806428
1830 340 160 40 40 2.397626
1830 350 140 40 40 2.774641
1830 350 160 40 40 5.903293
1830 144 136 32 32 2.212358
1830 0 6 24 24 0.057254
1830 96 114 24 24 1.159583
1830 108 0 24 24 0.299431
1830 108 6 24 24 0.117022
1830 108 84 24 24 1.539200
1830 132 0 24 24 2.444737
1830 288 102 24 24 2.689778
1830 288 108 24 24 9.277187
1830 288 114 24 24 6.183506
1830 294 102 24 24 4.019358
1830 294 108 24 24 8.557980
1830 294 114 24 24 6.793200
1830 300 84 24 24 0.565718
1830 300 102 24 24 1.991538
1830 300 108 24 24 4.613185
1830 300 114 24 24 4.215772
1830 384 198 24 24 5.165785
1830 384 204 24 24 4.896346
1830 390 192 24 24 0.324014
1830 390 198 24 24 4.412368
1830 390 204 24 24 5.711014
1830 390 210 24 24 2.616477
1830 396 198 24 24 2.253104
1830 396 204 24 24 3.550625
1830 396 210 24 24 0.588005
1830 402 204 24 24 0.559563
