30 23 126 36 36 5.155401
60 5 129 32 32 5.872437
90 176 136 32 32 1.274675
120 208 106 24 24 9.051615
150 204 98 24 24 6.244943
180 305 96 24 24 6.063317
210 392 12 31 31 6.181451
240 16 97 25 25 9.924184
270 24 144 36 36 9.816661
300 219 11 38 38 9.205322
330 176 152 32 32 1.133964
360 192 146 32 32 7.059962
390 264 129 32 32 9.506378
420 350 140 40 40 4.335985
450 377 154 44 44 5.955243
480 420 168 48 48 7.210046
510 228 98 28 28 6.499305
540 336 116 28 28 9.048218
570 299 112 24 24 7.945519
600 257 10 64 64 5.786443
630 391 96 24 24 9.727717
660 291 112 24 24 8.610038
690 148 112 30 30 7.581130
720 154 115 28 28 6.096117
750 315 6 36 36 9.417119
780 467 114 28 28 8.894897
810 259 112 32 32 6.746250
840 144 111 24 24 6.045834
870 456 232 27 27 9.799376
900 388 101 24 24 9.033102
930 385 101 24 24 4.869931
960 288 22 36 36 9.340674
990 192 132 32 32 7.211819
1020 384 96 24 24 0.331927
1050 467 123 27 27 6.802851
1080 453 130 28 28 8.456684
1110 384 112 32 32 0.703056
1140 399 2 32 32 8.363680
1170 463 121 28 28 9.597104
1200 288 36 47 47 7.087966
1230 6 126 27 27 7.762384
1260 352 5 64 64 9.702973
1290 300 112 24 24 8.556092
1320 4 4 64 64 9.650778
1350 21 15 64 64 5.624473
1380 398 113 25 25 8.334127
1410 367 33 44 44 9.030766
1440 288 28 48 48 8.729776
1470 267 0 64 64 6.545013
1500 21 9 29 29 4.466584
1530 240 140 40 40 8.797647
1560 302 153 35 35 8.236333
1590 346 97 27 27 5.661810
1620 262 0 49 49 8.143472
1650 13 0 64 64 9.406842
1680 10 0 64 64 8.672748
1710 42 0 64 64 6.030343
1740 2 25 56 56 8.581422
1770 0 107 24 24 4.556266
1800 414 36 48 48 8.980156
1830 455 111 28 28 2.535366
