30 300 107 23 23 7.505104
60 300 107 24 24 9.843293
90 201 35 47 47 9.948359
120 213 23 47 47 51.730264
150 455 126 36 36 7.728233
180 264 35 47 47 8.651362
210 301 107 24 24 8.259950
240 191 28 47 47 9.760533
270 304 110 24 24 9.345729
300 192 36 48 48 9.298112
330 131 105 24 24 6.524290
360 216 17 48 48 6.228002
390 216 16 47 47 5.378500
420 132 108 24 24 2.189498
450 241 16 43 43 5.501244
480 214 36 48 48 5.535484
510 119 98 28 28 3.328911
540 154 119 28 28 8.127512
570 216 17 48 48 7.614452
600 132 110 24 24 5.377546
630 256 16 64 64 2.954237
660 216 36 48 48 7.396108
690 212 33 48 48 5.969628
720 20 186 41 41 4.310069
750 240 133 28 28 6.962614
780 338 160 39 39 20.763827
810 449 243 28 28 8.760980
840 436 170 36 36 7.055697
870 1 127 33 33 7.309268
900 404 135 32 32 5.639872
930 2 112 27 27 6.328131
960 242 26 44 44 5.287606
990 451 158 36 36 9.674249
1020 7 116 29 29 9.778696
1050 271 35 64 64 5.178176
1080 393 142 32 32 9.791202
1110 444 144 35 35 3.869628
1140 264 6 47 47 9.447453
1170 455 124 28 28 9.221185
1200 456 9 27 27 9.475067
1230 35 31 47 47 9.935033
1260 487 108 24 24 8.642506
1290 163 30 40 40 7.937919
1320 144 98 24 24 7.431712
1350 264 16 46 46 5.123445
1380 388 113 24 24 7.039160
1410 349 21 28 28 9.155782
1440 288 0 48 48 9.647308
1470 384 36 48 48 6.317782
1500 351 27 42 42 8.735756
1530 11 112 32 32 7.127803
1560 416 36 47 47 9.157668
1590 132 106 24 24 8.526280
1620 303 125 35 35 8.899838
1650 44 0 64 64 6.951591
1680 9 124 28 28 8.505530
1710 19 114 29 29 7.278537
1740 210 111 24 24 6.906450
1770 259 112 32 32 9.286639
1800 20 129 30 30 7.048533
1830 277 128 32 32 8.041679
