30 14 113 31 31 7.345868
60 16 113 30 30 6.620204
90 463 130 28 28 8.774855
120 464 130 27 27 8.656060
150 17 112 31 31 8.261674
180 20 112 31 31 6.195006
210 192 140 32 32 5.653016
240 23 143 32 32 8.282187
270 466 128 28 28 8.615539
300 463 123 28 28 9.050346
330 465 133 28 28 6.661468
360 21 113 30 30 5.963883
390 465 133 28 28 6.097787
420 20 113 30 30 9.652167
450 469 129 28 28 5.884687
480 20 114 30 30 6.887126
510 192 141 32 32 6.507917
540 19 115 29 29 8.599267
570 465 127 28 28 9.942832
600 192 142 32 32 6.010843
630 436 126 36 36 9.079272
660 458 133 27 27 5.804945
690 439 169 36 36 8.543724
720 277 112 32 32 8.867832
750 448 130 28 28 5.917299
780 461 112 28 28 7.850946
810 456 112 28 28 7.312382
840 284 48 64 64 4.127653
870 272 140 32 32 4.804626
900 7 195 45 45 7.859559
930 458 123 29 29 5.347488
960 278 128 32 32 8.861630
990 456 118 27 27 7.911176
1020 460 118 28 28 3.403909
1050 192 112 32 32 6.137813
1080 466 132 28 28 5.913826
1110 459 128 31 31 7.757713
1140 457 126 36 36 3.693001
1170 192 131 32 32 7.751958
1200 447 121 28 28 7.938107
1230 6 146 32 32 7.204026
1260 449 124 27 27 7.690442
1290 469 122 28 28 7.354356
1320 449 128 28 28 8.923716
1350 466 127 28 28 6.692614
1380 448 128 27 27 6.410771
1410 449 130 27 27 9.643779
1440 192 112 32 32 6.609453
1470 464 128 28 28 6.472288
1500 450 126 28 28 8.445185
1530 449 126 28 28 9.153603
1560 460 121 28 28 9.172937
1590 460 121 28 28 9.081163
1620 450 124 28 28 9.738564
1650 450 125 28 28 8.604447
1680 4 232 28 28 5.823702
1710 272 112 32 32 9.846547
1740 450 125 28 28 7.597900
1770 459 121 28 28 7.195563
1800 458 132 29 29 8.316105
1830 387 112 32 32 6.390773
