30 280 0 64 64 6.590200
60 116 119 28 28 9.061766
90 227 133 28 28 7.696757
120 16 132 32 32 9.633421
150 2 212 46 46 8.989593
180 391 258 32 32 9.538750
210 189 205 45 45 9.775780
240 264 148 32 32 8.978865
270 5 30 64 64 9.925855
300 386 298 24 24 9.269288
330 385 146 32 32 9.085730
360 391 152 32 32 9.107997
390 385 298 24 24 9.894041
420 335 140 40 40 8.720288
450 192 131 32 32 9.716682
480 0 37 64 64 9.270133
510 4 26 64 64 9.828691
540 128 128 32 32 9.539001
570 386 298 24 24 8.740943
600 386 298 24 24 9.159993
630 386 298 24 24 8.590406
660 386 299 24 24 7.346213
690 127 132 30 30 9.686168
720 386 299 23 23 7.573033
750 18 133 31 31 9.938881
780 396 304 23 23 6.668528
810 386 299 24 24 6.340300
840 396 303 24 24 7.332892
870 391 112 32 32 8.419168
900 1 129 31 31 9.270101
930 1 24 64 64 7.311610
960 386 299 24 24 8.170587
990 396 303 24 24 7.828289
1020 3 27 64 64 9.756856
1050 394 301 24 24 9.472754
1080 16 129 31 31 89.256358
1110 386 299 24 24 6.432569
1140 2 25 64 64 8.643500
1170 386 300 23 23 5.498910
1200 198 157 35 35 7.726769
1230 18 133 33 33 8.102385
1260 13 119 28 28 9.298752
1290 449 146 35 35 9.448830
1320 386 298 24 24 9.369776
1350 143 141 32 32 8.914948
1380 396 303 24 24 8.966705
1410 386 141 32 32 9.487950
1440 0 135 32 32 8.789116
1470 396 304 23 23 7.709858
1500 396 303 24 24 8.525048
1530 386 298 24 24 9.457064
1560 395 304 24 24 8.199724
1590 396 301 24 24 8.573219
1620 396 301 23 23 9.543434
1650 386 298 24 24 9.169849
1680 386 299 23 23 6.996228
1710 396 303 24 24 7.558851
1740 32 36 48 48 9.958034
1770 13 224 27 27 8.322924
1800 1 24 64 64 9.641105
1830 396 305 24 24 8.797075
