30 396 16 23 23 7.294156
60 290 113 24 24 8.321724
90 121 130 28 28 8.391853
120 288 36 48 48 8.046962
150 281 22 58 58 9.612292
180 218 22 38 38 8.163666
210 351 98 28 28 8.233133
240 7 18 24 24 9.964405
270 264 32 47 47 7.979287
300 393 108 24 24 8.199176
330 263 25 47 47 8.737690
360 16 112 24 24 8.669063
390 7 0 64 64 7.868398
420 289 84 24 24 8.543576
450 219 26 40 40 8.008727
480 219 26 40 40 9.322143
510 14 118 28 28 9.050007
540 259 8 56 56 8.409951
570 259 8 56 56 9.660539
600 259 8 56 56 8.779561
630 259 8 56 56 9.382962
660 16 113 29 29 9.302224
690 454 124 28 28 8.976436
720 216 26 44 44 9.759119
750 259 9 56 56 9.705613
780 259 8 57 57 9.066677
810 6 0 64 64 8.228306
840 300 98 24 24 9.482934
870 114 113 27 27 8.876587
900 312 126 36 36 9.206949
930 406 199 48 48 8.908482
960 259 136 32 32 7.595219
990 14 113 25 25 8.808208
1020 310 125 35 35 8.875782
1050 327 160 39 39 8.023963
1080 162 147 36 36 4.685305
1110 280 16 64 64 6.556371
1140 241 14 28 28 9.482320
1170 482 1 24 24 8.683953
1200 384 110 23 23 9.050993
1230 384 12 47 47 5.400936
1260 242 24 44 44 6.566025
1290 493 107 24 24 8.630315
1320 351 6 64 64 6.664831
1350 288 36 48 48 8.897444
1380 462 119 28 28 7.659423
1410 339 98 28 28 9.070699
1440 192 18 47 47 8.933849
1470 193 5 47 47 9.691273
1500 291 102 23 23 7.633720
1530 495 293 23 23 8.926048
1560 401 23 47 47 8.844110
1590 199 106 23 23 9.683488
1620 286 16 60 60 9.225559
1650 9 13 47 47 9.907389
1680 348 126 28 28 9.850896
1710 350 128 27 27 9.683385
1740 17 125 28 28 9.884889
1770 10 112 24 24 9.060441
1800 289 84 24 24 5.988706
1830 193 4 24 24 8.536729
