30 192 148 32 32 5.666564
60 97 112 23 23 8.244093
90 278 14 64 64 8.960741
120 212 168 48 48 8.823438
150 388 195 47 47 3.512565
180 126 126 28 28 1.318597
210 97 7 24 24 4.454213
240 482 288 24 24 2.289559
270 16 145 35 35 3.196162
300 315 126 36 36 1.360874
330 44 48 64 64 2.540092
360 18 47 64 64 2.116690
390 176 154 44 44 0.576462
540 296 18 24 24 1.198518
630 206 0 24 24 4.600096
660 298 209 23 23 9.390958
690 27 296 36 36 8.234761
720 14 170 46 46 8.824512
750 0 120 28 28 4.641474
780 289 113 24 24 9.686095
810 288 35 48 48 7.515442
840 288 46 64 64 4.391104
870 15 1 64 64 9.708170
900 449 21 27 27 7.257456
930 389 1 32 32 9.592381
960 336 98 28 28 7.587235
990 297 163 36 36 9.955497
1020 3 10 64 64 9.369624
1050 446 0 36 36 3.729155
1080 451 2 36 36 8.621306
1110 385 26 48 48 9.716784
1140 390 112 32 32 8.899683
1170 264 141 32 32 8.485941
1200 5 10 24 24 9.778111
1230 135 128 32 32 6.982542
1260 262 18 64 64 9.274467
1290 224 124 28 28 8.715031
1320 387 129 32 32 8.922103
1350 4 129 30 30 9.282140
1380 37 35 64 64 9.362860
1410 462 119 28 28 9.999804
1440 95 99 24 24 6.510396
1470 351 6 64 64 9.374302
1500 120 97 27 27 8.100063
1530 498 105 24 24 8.323678
1560 3 21 37 37 59.284348
1590 327 166 40 40 8.391393
1620 1 16 28 28 7.547634
1650 96 15 24 24 4.647037
1680 18 3 25 25 7.578958
1710 292 106 24 24 9.240312
1740 216 149 36 36 6.481584
1770 289 111 24 24 7.125409
1800 264 154 44 44 4.793208
1830 23 153 36 36 4.935037
