30 396 192 24 24 6.718766
60 459 126 36 36 7.599571
90 7 119 28 28 6.767196
120 238 98 28 28 7.389990
150 384 112 32 32 5.097044
180 400 144 32 32 6.857828
210 343 98 28 28 5.521260
240 306 126 36 36 5.481233
270 402 198 24 24 5.377259
300 7 126 28 28 7.653306
330 486 0 24 24 5.507668
360 350 140 40 40 4.149657
390 396 210 24 24 5.926055
420 357 126 28 28 5.439494
450 14 133 28 28 8.509812
480 21 133 28 28 7.558983
510 343 119 28 28 6.132220
540 288 0 64 64 5.759004
570 288 126 36 36 3.271747
600 469 126 28 28 5.332436
630 400 112 32 32 6.033542
660 352 0 64 64 5.346942
690 198 0 24 24 6.030146
720 455 112 28 28 4.979316
750 384 168 48 48 4.624008
780 384 168 48 48 4.601671
810 343 119 28 28 4.705194
840 192 12 24 24 5.072609
870 192 18 24 24 5.197573
900 400 8 32 32 6.136437
930 231 126 28 28 6.309522
960 272 128 32 32 9.118632
990 272 128 32 32 8.289190
1020 264 112 32 32 9.445127
1050 392 144 32 32 6.455776
1080 450 144 36 36 7.445991
1110 288 32 64 64 9.819748
1140 32 32 64 64 6.085021
1170 48 16 64 64 7.214087
1200 48 16 64 64 6.082074
1230 0 112 32 32 7.062024
1260 264 24 48 48 6.728856
1290 0 119 28 28 5.974900
1320 21 133 28 28 7.178051
1350 256 0 64 64 5.383414
1380 469 133 28 28 8.896234
1410 408 112 32 32 7.725008
1440 256 16 64 64 4.718400
1470 402 108 24 24 4.746363
1500 6 108 24 24 5.721137
1530 350 140 40 40 7.072715
1560 272 16 64 64 7.548305
1590 408 128 32 32 6.991078
1620 288 96 24 24 5.132399
1650 384 84 24 24 2.805609
1680 8 128 32 32 4.014521
1710 280 128 32 32 2.554483
