30 448 98 28 28 5.434016
60 374 33 44 44 5.004780
90 420 36 48 48 6.642603
120 306 108 24 24 6.075811
150 0 171 36 36 7.034845
180 6 84 24 24 7.143865
210 390 108 24 24 5.523979
240 7 119 28 28 5.524966
270 306 108 24 24 6.931741
300 486 102 24 24 4.707267
330 492 114 24 24 5.346182
360 357 119 28 28 4.304452
390 176 112 32 32 5.794633
420 176 112 32 32 5.376279
450 350 126 28 28 5.063469
480 330 160 40 40 3.601881
510 288 16 64 64 3.510214
540 168 133 28 28 7.142980
570 343 126 28 28 3.191892
600 384 102 24 24 5.892588
630 168 126 28 28 4.921217
660 350 126 28 28 4.644132
690 168 119 28 28 4.849184
720 350 126 28 28 5.175433
750 441 153 36 36 6.046659
780 288 48 64 64 3.784795
810 168 126 28 28 8.770901
840 315 171 36 36 4.265773
870 306 198 24 24 6.199234
900 297 171 36 36 5.290901
930 294 192 24 24 3.244149
960 384 136 32 32 5.838354
990 384 136 32 32 4.003869
1020 136 112 32 32 6.069053
1050 384 112 32 32 7.533972
1080 144 112 32 32 9.299873
1110 102 210 24 24 9.352015
1140 432 171 36 36 8.184807
1170 264 112 32 32 9.597262
1200 400 112 32 32 7.477406
1230 455 133 28 28 5.359748
1260 459 126 36 36 8.415853
1290 20 20 40 40 1.746648
1320 288 114 24 24 0.502672
1350 400 128 32 32 6.072536
1380 392 136 32 32 8.912220
1410 408 128 32 32 6.363711
1440 408 128 32 32 5.717925
1470 300 114 24 24 4.524958
1500 24 112 32 32 7.556597
1530 102 96 24 24 3.858813
1560 448 126 28 28 4.917049
1590 400 112 32 32 5.837040
1620 432 126 36 36 6.074754
1650 384 136 32 32 5.265986
1680 498 12 24 24 6.541431
1710 374 0 44 44 2.233144
1740 459 144 36 36 0.532440
1770 144 152 32 32 3.142883
1800 8 144 32 32 3.481381
1830 27 144 36 36 2.174350
