30 350 112 28 28 8.112574
60 400 136 32 32 7.759509
90 384 136 32 32 9.112912
120 350 119 28 28 8.633850
150 392 112 32 32 8.053185
180 352 16 64 64 8.555621
210 462 119 28 28 6.792937
240 48 16 64 64 5.844396
270 48 16 64 64 6.338058
300 48 32 64 64 8.010423
330 32 32 64 64 7.172120
360 32 32 64 64 7.000124
390 0 204 24 24 6.417726
420 16 16 64 64 8.535028
450 0 0 64 64 8.290961
480 192 136 32 32 1.720715
510 441 153 36 36 2.095818
540 264 136 32 32 4.027472
570 272 144 32 32 0.705824
600 0 48 64 64 0.914836
630 297 126 36 36 3.062004
660 498 108 24 24 4.746553
690 256 136 32 32 4.501878
720 297 126 36 36 6.673324
750 256 32 64 64 4.554391
780 384 128 32 32 9.045760
810 408 152 32 32 7.358249
840 280 112 32 32 8.944162
870 450 126 36 36 8.409356
900 350 126 28 28 5.663226
930 392 112 32 32 5.670666
960 288 16 64 64 4.988585
990 396 108 24 24 5.105581
1020 448 112 28 28 4.877313
1050 408 144 32 32 6.633865
1080 455 112 28 28 5.818412
1110 352 0 64 64 8.191396
1140 498 102 24 24 8.443328
1170 119 133 28 28 3.426958
1200 256 136 32 32 6.534828
1230 297 144 36 36 5.709836
1260 498 114 24 24 8.837859
1290 400 128 32 32 5.783136
1320 224 133 28 28 7.196096
1350 136 128 32 32 3.797308
1380 315 126 36 36 6.786657
1410 352 48 64 64 8.391296
1440 400 152 32 32 4.302068
1470 224 133 28 28 6.582579
1500 238 133 28 28 7.447783
1530 238 133 28 28 9.246413
1560 420 12 48 48 5.038394
1590 288 48 64 64 8.712877
1620 352 32 64 64 5.375889
1650 231 126 28 28 4.301387
1680 272 128 32 32 4.837241
1710 343 126 28 28 2.985488
1740 352 48 64 64 4.903995
1770 336 119 28 28 8.034953
1800 448 112 28 28 5.722003
1830 384 114 24 24 6.506019
