30 112 133 28 28 4.011902
60 144 126 36 36 7.917507
90 168 119 28 28 3.502535
120 384 136 32 32 7.509589
150 352 16 64 64 6.619468
180 400 136 32 32 7.680509
210 288 32 64 64 8.412814
240 168 133 28 28 7.380726
270 400 144 32 32 7.565903
300 441 126 36 36 6.831030
330 176 128 32 32 5.522834
360 132 108 24 24 5.508829
390 448 238 28 28 7.192651
420 448 126 28 28 8.616189
450 14 112 28 28 7.926783
480 350 133 28 28 6.243173
510 350 126 28 28 8.086354
540 112 133 28 28 7.854512
570 24 136 32 32 5.721125
600 224 98 28 28 6.997783
630 224 98 28 28 7.122130
660 24 136 32 32 3.840527
690 24 144 32 32 5.203620
720 8 152 32 32 5.415943
750 0 152 32 32 9.994575
780 18 126 36 36 4.162130
810 32 48 64 64 4.812131
840 32 48 64 64 5.920437
870 48 32 64 64 4.391757
900 357 133 28 28 6.479534
930 48 32 64 64 9.741570
960 16 32 64 64 7.126154
990 450 126 36 36 5.287954
1020 390 192 24 24 4.807562
1050 357 126 28 28 6.672667
1080 357 126 28 28 4.114322
1110 119 126 28 28 7.884400
1140 400 136 32 32 9.823734
1170 7 126 28 28 6.588034
1200 288 16 64 64 6.512989
1230 288 32 64 64 4.697055
1260 400 152 32 32 4.648076
1290 0 126 36 36 7.434125
1320 0 126 36 36 7.600830
1350 8 136 32 32 6.427821
1380 14 133 28 28 6.968593
1410 144 210 24 24 6.083066
1440 102 204 24 24 7.015602
1470 7 245 28 28 5.437563
1500 0 144 32 32 8.122415
1530 16 152 32 32 5.368335
1560 24 152 32 32 6.234396
1590 330 140 40 40 7.143105
1620 469 231 28 28 7.457642
1650 176 16 32 32 4.954096
1680 0 32 64 64 6.789962
1710 357 126 28 28 2.090922
1740 306 126 36 36 5.566338
1770 288 48 64 64 8.450117
1800 192 8 32 32 6.610627
1830 357 133 28 28 5.691745
