30 492 114 24 24 4.898479
60 392 128 32 32 4.273032
90 343 133 28 28 6.623923
120 384 136 32 32 8.386361
150 126 133 28 28 7.459799
180 112 133 28 28 6.968614
210 392 136 32 32 6.711000
240 350 133 28 28 7.148527
270 288 32 64 64 2.555406
300 384 128 32 32 4.988662
330 408 112 32 32 5.018103
360 441 126 36 36 7.019628
390 462 119 28 28 8.641828
420 112 126 28 28 5.504085
450 336 126 28 28 7.545781
480 400 136 32 32 8.456210
510 288 0 64 64 6.420769
540 112 133 28 28 7.246735
570 385 187 44 44 4.342752
600 441 126 36 36 7.561766
630 459 126 36 36 6.802464
660 459 126 36 36 8.183140
690 459 126 36 36 5.868394
720 400 136 32 32 5.600710
750 288 32 64 64 7.358362
780 108 192 24 24 7.314077
810 441 126 36 36 7.722105
840 264 198 44 44 1.539438
870 288 32 64 64 5.997188
900 408 144 32 32 6.012534
930 400 136 32 32 6.192905
960 400 136 32 32 6.139955
990 336 133 28 28 5.829628
1020 400 136 32 32 5.422939
1050 336 133 28 28 5.438497
1080 459 126 36 36 4.882997
1110 408 136 32 32 4.566466
1140 352 32 64 64 6.495262
1170 18 102 24 24 6.475317
1200 352 32 64 64 7.029033
1230 102 204 24 24 3.942991
1260 352 32 64 64 5.401302
1290 352 32 64 64 5.022595
1320 448 133 28 28 7.645303
1350 288 32 64 64 3.962461
1380 469 133 28 28 4.871871
1410 24 112 32 32 4.446609
1440 448 98 28 28 7.159485
1470 0 133 28 28 9.081165
1500 119 112 28 28 6.820211
1530 216 36 48 48 4.104150
1560 385 11 44 44 4.772643
1590 306 9 36 36 9.240883
1620 119 126 28 28 2.887809
1650 119 133 28 28 5.109455
1680 441 171 36 36 4.913402
1710 350 133 28 28 5.140227
1740 336 98 28 28 2.939662
1770 392 144 32 32 5.245632
1800 280 128 32 32 8.958615
1830 343 133 28 28 5.306468
