30 297 126 36 36 6.584293
60 330 140 40 40 7.234408
90 343 133 28 28 4.616962
120 154 119 28 28 5.929970
150 8 112 32 32 4.813349
180 357 126 28 28 5.732488
210 168 133 28 28 9.867663
240 256 144 32 32 8.124253
270 486 210 24 24 5.129764
300 300 210 24 24 5.149955
330 480 108 24 24 7.898269
360 315 144 36 36 7.116931
390 396 204 24 24 6.240634
420 384 96 24 24 6.386416
450 352 0 64 64 9.958927
480 396 84 24 24 9.555373
510 402 114 24 24 7.103120
540 390 12 24 24 9.194315
570 204 114 24 24 6.200358
600 24 112 32 32 9.206339
630 264 24 48 48 4.871219
660 210 114 24 24 4.447775
690 455 119 28 28 5.551922
720 469 126 28 28 5.102769
750 384 114 24 24 6.107080
780 400 112 32 32 6.408211
810 102 192 24 24 7.322664
840 450 153 36 36 7.171489
870 144 8 32 32 6.658648
900 8 128 32 32 9.447817
930 256 112 32 32 6.509801
960 7 133 28 28 6.039987
990 210 114 24 24 6.817564
1020 8 8 32 32 6.577681
1050 336 133 28 28 8.000372
1080 16 112 32 32 9.370866
1110 0 133 28 28 5.880195
1140 352 0 64 64 5.446869
1170 408 144 32 32 5.992223
1200 357 119 28 28 8.510267
1230 432 126 36 36 7.569940
1260 396 108 24 24 5.537240
1290 192 36 48 48 6.698605
1320 32 16 64 64 5.067367
1350 448 133 28 28 6.679118
1380 455 133 28 28 6.440410
1410 108 84 24 24 8.328094
1440 455 112 28 28 7.048316
1470 455 119 28 28 9.057756
1500 462 126 28 28 5.337430
1530 0 126 36 36 3.774893
1560 336 119 28 28 4.249196
1590 400 112 32 32 4.588044
1620 336 119 28 28 3.493451
1650 21 7 28 28 3.963655
1680 12 6 24 24 6.441193
1710 12 6 24 24 5.667066
1740 462 119 28 28 4.264843
1770 306 126 36 36 4.186788
1800 192 114 24 24 4.262005
1830 459 0 36 36 6.706584
