30 204 108 24 24 6.138363
60 352 209 44 44 5.909546
90 408 136 32 32 4.459851
120 408 136 32 32 4.022046
150 408 136 32 32 4.629823
180 408 136 32 32 4.411735
210 400 144 32 32 3.200120
240 9 144 36 36 5.254503
270 408 136 32 32 4.143880
300 408 136 32 32 4.259034
330 408 136 32 32 4.581468
360 400 144 32 32 4.251193
390 400 144 32 32 4.069460
420 24 204 48 48 5.988996
450 144 152 32 32 4.805774
480 204 108 24 24 2.529047
510 400 24 32 32 1.861595
540 462 133 28 28 8.578032
570 22 11 44 44 6.510324
600 469 98 28 28 6.016913
630 112 98 28 28 5.933228
660 486 96 24 24 6.538168
690 224 0 28 28 5.537914
720 12 84 24 24 6.226376
750 216 36 48 48 5.493586
780 432 162 36 36 4.411497
810 350 119 28 28 9.883008
840 357 126 28 28 6.605164
870 392 136 32 32 7.742777
900 216 126 36 36 8.525215
930 256 152 32 32 8.675307
960 402 192 24 24 5.919437
990 459 171 36 36 5.765260
1020 18 144 36 36 8.585846
1050 469 224 28 28 6.162807
1080 396 192 24 24 7.454067
1110 256 32 64 64 7.527254
1140 315 126 36 36 5.852547
1170 396 198 24 24 5.279181
1200 385 154 44 44 7.702369
1230 469 112 28 28 5.526725
1260 210 108 24 24 6.605623
1290 402 192 24 24 8.992183
1320 352 48 64 64 8.528300
1350 204 102 24 24 5.566291
1380 168 98 28 28 6.371249
1410 32 0 64 64 7.826071
1440 126 112 28 28 5.208779
1470 256 16 64 64 4.973010
1500 256 16 64 64 3.104655
1530 238 126 28 28 8.468660
1560 480 198 24 24 9.705261
1590 288 126 36 36 5.147337
1620 136 128 32 32 4.717818
1650 498 204 24 24 5.152240
1680 216 36 48 48 6.843706
1710 448 133 28 28 6.360957
1740 288 48 64 64 6.948060
1770 245 112 28 28 9.216483
1800 16 112 32 32 6.663916
1830 432 162 36 36 4.023102
