30 352 32 64 64 5.250214
60 210 114 24 24 6.210137
90 390 96 24 24 6.454937
120 294 114 24 24 5.791816
150 210 84 24 24 8.120059
180 210 96 24 24 5.513802
210 294 108 24 24 9.706367
240 492 96 24 24 9.686262
270 306 96 24 24 7.662128
300 288 102 24 24 7.794720
330 357 112 28 28 6.719000
360 486 0 24 24 6.860861
390 238 126 28 28 8.546412
420 315 126 36 36 9.990843
450 486 192 24 24 8.770887
480 459 144 36 36 9.367533
510 408 192 48 48 5.063459
540 256 32 64 64 5.974811
570 8 152 32 32 7.735973
600 288 48 64 64 8.400928
630 357 119 28 28 5.896142
660 288 48 64 64 8.408916
690 288 48 64 64 8.805741
720 300 294 24 24 5.787514
750 288 48 64 64 8.814534
780 288 48 64 64 8.935218
810 288 48 64 64 8.860523
840 11 209 44 44 5.738832
870 288 48 64 64 8.847096
900 288 48 64 64 6.825037
930 320 170 40 40 4.297925
960 288 32 64 64 8.400900
990 352 154 44 44 8.257729
1020 288 48 64 64 8.703658
1050 144 128 32 32 5.963628
1080 0 126 28 28 5.926206
1110 272 48 64 64 6.818844
1140 288 48 64 64 8.592511
1170 288 48 64 64 8.817410
1200 119 133 28 28 9.539428
1230 256 48 64 64 6.252405
1260 384 114 24 24 6.872130
1290 306 162 36 36 4.888334
1320 160 180 40 40 5.791699
1350 288 162 36 36 6.954617
1380 469 231 28 28 8.728806
1410 0 176 44 44 5.442285
1440 0 171 36 36 4.405479
1470 48 48 64 64 9.082401
1500 18 126 36 36 4.503795
1530 176 128 32 32 7.479995
1560 300 12 24 24 9.500675
1590 462 112 28 28 8.838047
1620 441 27 36 36 9.336556
1650 450 9 36 36 8.974363
1680 128 144 32 32 6.953534
