30 215 33 48 48 9.016506
30 12 3 24 24 3.887828
30 8 0 24 24 3.349504
30 402 106 24 24 2.159235
30 238 98 28 28 1.545564
30 14 112 28 28 0.380102
30 395 102 24 24 0.160257
60 205 34 48 48 25.164054
60 345 98 28 28 8.604053
60 402 104 24 24 5.359788
60 480 105 24 24 5.068960
60 468 98 28 28 2.615906
60 245 98 28 28 1.209120
60 13 108 24 24 1.552036
60 396 108 24 24 0.791490
60 486 102 24 24 0.492674
60 216 24 48 48 0.585720
90 205 33 47 47 34.910754
90 18 18 24 24 3.882724
90 461 112 27 27 6.288813
90 357 98 28 28 3.544249
90 224 97 27 27 2.277804
90 454 98 28 28 3.741977
90 396 36 47 47 1.971930
90 7 7 28 28 0.688321
90 336 98 28 28 0.267004
120 386 114 24 24 7.808452
120 351 111 27 27 5.190101
120 210 36 48 48 7.898622
120 491 113 24 24 0.998507
120 480 108 24 24 1.033522
120 231 112 28 28 0.826422
120 119 112 28 28 0.268720
120 256 0 64 64 0.004630
150 113 119 27 27 13.829220
150 449 119 28 28 15.878100
150 352 9 64 64 6.290811
150 464 119 28 28 4.072522
150 405 112 32 32 4.425272
150 448 133 28 28 2.498638
150 455 112 28 28 2.311836
150 395 112 32 32 3.835489
150 245 119 28 28 2.059987
150 455 126 28 28 1.804173
150 119 126 28 28 1.511857
150 126 119 28 28 0.338424
150 357 112 28 28 0.048920
180 402 112 32 32 10.130141
180 167 122 27 27 8.120888
180 11 107 24 24 12.114900
180 260 0 32 32 4.297232
180 245 119 28 28 2.334031
180 256 6 64 64 3.218815
180 2 111 28 28 5.140359
180 0 133 28 28 1.264607
180 280 112 32 32 1.161293
180 4 102 24 24 1.465998
180 154 126 27 27 0.883658
180 448 122 28 28 1.014619
210 407 112 32 32 6.870675
210 124 116 29 29 13.674694
210 266 112 32 32 8.334063
210 0 115 29 29 9.560341
210 136 112 32 32 2.904496
210 112 119 28 28 2.721462
210 276 112 32 32 5.122164
210 227 119 27 27 3.786798
210 6 123 28 28 2.808045
210 315 27 36 36 1.365281
210 297 27 36 36 0.736440
210 338 119 28 28 0.618849
210 352 0 64 64 0.243972
210 486 12 24 24 0.199249
210 6 112 28 28 0.046467
240 1 126 28 28 23.346196
240 243 116 28 28 10.821342
240 5 132 28 28 5.518801
240 402 101 24 24 4.265114
240 3 113 30 30 10.535197
240 18 117 29 29 7.776817
240 128 113 30 30 4.520786
240 15 124 28 28 4.329154
240 448 131 28 28 2.066982
240 96 108 24 24 1.428838
240 126 126 28 28 0.911700
240 231 119 28 28 0.558393
240 357 133 28 28 0.159777
270 20 113 30 30 32.199087
270 7 117 29 29 25.907726
270 237 0 28 28 6.730771
270 384 129 32 32 4.703855
270 357 124 27 27 6.140980
270 356 114 28 28 5.777320
270 21 126 28 28 2.508177
270 1 123 28 28 6.255529
270 10 112 27 27 2.805507
270 288 48 64 64 1.345262
270 384 140 32 32 2.091136
270 469 119 27 27 0.633791
270 230 112 27 27 0.611322
270 392 112 32 32 0.584349
270 112 98 28 28 0.471412
270 280 8 32 32 0.009583
300 484 193 24 24 15.880915
300 8 124 28 28 19.080859
300 16 113 30 30 19.455946
300 21 127 28 28 11.888519
300 0 112 32 32 4.007319
300 485 205 24 24 5.940090
300 451 97 27 27 5.721605
300 392 35 48 48 7.663222
300 454 170 36 36 5.580805
300 352 16 64 64 2.492454
300 462 98 28 28 2.378304
300 480 199 24 24 2.931513
300 454 113 28 28 3.763935
300 420 36 48 48 4.107832
300 400 0 32 32 1.503450
300 10 133 28 28 2.667967
300 462 124 27 27 1.501513
300 48 0 64 64 0.999095
300 144 8 32 32 0.674210
300 498 6 24 24 0.235491
300 0 98 28 28 0.100257
300 336 7 28 28 0.057883
330 3 115 29 29 30.862316
330 2 127 28 28 20.155756
330 15 125 28 28 20.838511
330 152 132 28 28 4.642562
330 352 0 64 64 3.904017
330 388 36 48 48 12.750944
330 19 115 29 29 7.043850
330 6 131 28 28 4.563733
330 21 133 27 27 2.980260
330 38 0 64 64 5.163984
330 480 114 24 24 2.642132
330 168 133 28 28 1.252282
330 47 16 64 64 0.926701
330 192 128 32 32 0.641237
360 2 113 24 24 8.262278
360 144 127 34 34 14.476917
360 28 48 64 64 3.622225
360 162 126 36 36 2.174173
360 131 128 32 32 4.076164
360 343 116 28 28 2.725505
360 455 132 28 28 1.299094
360 136 136 32 32 0.563308
360 192 136 32 32 0.298114
390 456 131 28 28 18.454935
390 30 154 43 43 6.168188
390 462 123 28 28 6.804886
390 446 126 29 29 6.851608
390 452 119 28 28 3.476623
390 410 36 48 48 10.076726
390 352 16 64 64 2.024682
390 353 112 27 27 3.037331
390 293 95 24 24 1.110149
390 462 98 28 28 1.007923
390 11 177 42 42 1.190529
390 128 140 32 32 1.305350
390 462 112 28 28 0.604926
390 288 9 64 64 0.897430
390 132 136 32 32 1.061234
390 469 133 28 28 0.541623
390 176 128 32 32 0.507164
390 21 224 28 28 0.385409
390 6 204 24 24 0.287949
390 396 24 48 48 0.203006
390 20 190 40 40 0.051736
390 357 119 28 28 0.044081
420 342 98 28 28 15.064611
420 130 150 32 32 10.647104
420 6 124 27 27 7.190522
420 457 130 28 28 8.107966
420 452 98 28 28 5.195469
420 459 126 27 27 9.126371
420 234 6 28 28 3.786263
420 168 133 28 28 2.008268
420 455 118 27 27 3.602268
420 1 130 28 28 3.101625
420 18 108 24 24 1.093918
420 144 152 32 32 0.696725
420 300 96 24 24 0.529128
420 136 144 32 32 0.503446
420 0 112 32 32 0.245264
420 448 112 28 28 0.242845
420 14 119 28 28 0.197748
420 480 102 24 24 0.096672
420 402 102 24 24 0.060674
450 339 98 28 28 15.903076
450 353 98 28 28 10.359526
450 127 131 30 30 11.726535
450 337 1 28 28 9.431896
450 485 103 24 24 7.659343
450 0 96 23 23 2.998088
450 300 102 24 24 2.511217
450 329 10 39 39 2.440640
450 480 105 24 24 3.036851
450 343 7 28 28 1.871513
450 350 0 28 28 1.530027
450 400 112 32 32 0.548727
480 338 97 27 27 12.674751
480 354 98 28 28 12.231014
480 399 96 24 24 6.286381
480 8 102 23 23 2.428452
480 352 33 44 44 1.083033
480 256 0 64 64 0.963307
480 498 113 24 24 0.912882
480 297 96 24 24 0.649342
480 384 102 24 24 0.113180
480 486 114 24 24 0.088706
480 408 24 48 48 0.011816
510 402 109 24 24 11.549065
510 384 112 24 24 7.397837
510 382 31 46 46 26.656742
510 382 20 46 46 17.834319
510 467 117 28 28 7.010681
510 406 12 47 47 15.741860
510 234 133 27 27 4.804289
510 384 96 24 24 2.573076
510 359 31 44 44 4.429070
510 396 0 48 48 4.583218
510 402 98 24 24 2.548237
510 462 112 28 28 1.074400
510 480 113 24 24 1.017294
510 300 84 24 24 0.810712
510 393 114 24 24 1.426179
510 462 98 28 28 0.718879
510 432 27 36 36 0.392825
510 306 102 24 24 0.291454
540 400 97 24 24 16.454789
540 405 112 32 32 10.995413
540 395 26 47 47 53.491326
540 351 7 64 64 14.154284
540 399 84 24 24 12.221843
540 449 113 28 28 11.561028
540 411 32 47 47 30.656110
540 449 98 28 28 6.255297
540 420 20 48 48 13.110300
540 388 97 24 24 11.174503
540 382 34 46 46 15.337665
540 396 102 24 24 10.523734
540 441 27 36 36 3.704364
540 408 128 32 32 3.857109
540 459 112 28 28 7.067851
540 388 83 23 23 4.222075
540 402 108 24 24 2.441227
540 361 33 44 44 2.577883
540 409 12 48 48 10.373394
540 461 98 28 28 4.008176
540 26 160 38 38 1.894561
540 384 12 48 48 1.897228
540 288 25 48 48 2.100214
540 232 133 28 28 1.153784
540 374 22 44 44 0.666518
540 21 126 28 28 0.649275
540 107 114 23 23 0.711060
540 480 102 24 24 0.540011
540 97 114 24 24 0.335984
570 395 34 47 47 33.801650
570 480 108 24 24 13.411273
570 16 208 24 24 12.756513
570 466 98 28 28 7.561439
570 401 108 24 24 4.939274
570 17 114 24 24 3.664019
570 2 170 37 37 8.669925
570 351 5 64 64 4.323679
570 372 154 44 44 5.002025
570 338 97 27 27 4.085639
570 448 122 28 28 4.280575
570 48 0 64 64 2.006159
570 420 30 48 48 6.358704
570 350 98 28 28 1.536837
570 399 198 24 24 2.597265
570 12 204 24 24 1.469393
570 18 198 24 24 0.466573
570 288 36 48 48 0.229390
570 448 98 28 28 0.110512
570 264 33 44 44 0.053152
600 466 129 29 29 15.924575
600 415 35 47 47 19.413742
600 350 97 27 27 13.230673
600 397 112 24 24 10.994281
600 466 117 27 27 8.442982
600 345 117 28 28 10.413276
600 448 98 28 28 3.754041
600 16 210 24 24 4.286565
600 346 112 27 27 5.629727
600 336 98 28 28 3.017425
600 461 126 29 29 10.396424
600 481 0 23 23 3.277631
600 350 126 28 28 2.406340
600 108 108 23 23 1.693165
600 450 112 28 28 2.446610
600 462 112 28 28 3.416330
600 12 104 24 24 2.157475
600 216 126 36 36 1.144689
600 8 108 24 24 1.985720
600 402 105 24 24 1.082362
600 0 223 28 28 0.637392
600 300 84 24 24 0.344750
600 396 35 48 48 0.588074
630 340 97 27 27 9.431929
630 384 114 24 24 4.678698
630 466 112 28 28 7.342022
630 9 223 27 27 5.329773
630 0 185 40 40 5.362178
630 356 98 28 28 2.821953
630 480 114 24 24 1.914876
630 469 98 28 28 1.770413
630 383 95 24 24 1.536701
630 216 126 36 36 1.331875
630 395 36 48 48 2.006262
630 455 231 28 28 0.732657
630 21 224 28 28 0.487427
660 5 225 28 28 15.122003
660 397 130 32 32 11.535455
660 496 97 24 24 12.433059
660 2 231 28 28 6.928470
660 357 125 28 28 4.780445
660 496 109 24 24 8.213548
660 393 136 32 32 8.701674
660 392 112 29 29 7.552264
660 351 119 27 27 3.600623
660 384 131 32 32 4.347127
660 492 114 24 24 1.880462
660 492 102 24 24 1.701652
660 340 112 27 27 2.478315
660 348 98 28 28 1.508481
660 357 112 27 27 0.775382
660 288 0 64 64 0.303991
660 492 84 24 24 0.104081
690 299 0 24 24 25.146568
690 355 116 27 27 12.447920
690 419 33 48 48 8.644836
690 444 144 36 36 5.186988
690 352 23 64 64 4.268014
690 336 119 28 28 1.968845
690 288 0 24 24 1.254719
690 441 27 36 36 1.060726
690 457 126 28 28 1.631287
690 461 129 28 28 1.457925
690 420 17 47 47 3.199732
690 305 6 24 24 0.108748
690 192 114 23 23 0.030480
720 391 112 24 24 18.707272
720 20 112 31 31 9.443102
720 436 144 36 36 8.188060
720 19 127 28 28 10.456363
720 401 113 24 24 3.539226
720 259 0 64 64 4.120126
720 0 226 28 28 4.045180
720 351 121 28 28 5.274733
720 356 124 28 28 2.868337
720 449 144 35 35 2.241859
720 14 133 28 28 0.947432
720 8 112 32 32 0.821706
720 7 126 28 28 0.034271
750 6 224 28 28 14.935922
750 404 112 32 32 10.911819
750 389 112 32 32 6.720981
750 404 128 32 32 7.378887
750 21 131 28 28 3.002212
750 352 16 64 64 1.465948
750 340 119 28 28 1.962398
750 459 126 36 36 0.867494
750 0 231 28 28 0.575176
750 266 0 64 64 0.846469
780 351 28 64 64 11.089956
780 350 127 27 27 17.910475
780 447 129 29 29 11.599556
780 353 133 28 28 7.090961
780 435 126 36 36 5.830434
780 5 181 40 40 7.630093
780 408 136 32 32 2.848634
780 449 119 28 28 3.344423
780 455 126 28 28 3.984234
780 451 97 27 27 3.279434
780 288 14 64 64 1.876609
780 191 128 32 32 0.724454
810 355 127 28 28 16.558327
810 14 225 28 28 23.405403
810 18 233 28 28 14.072128
810 442 125 35 35 5.490622
810 452 143 36 36 5.775098
810 6 233 28 28 7.795096
810 14 237 28 28 2.209909
810 457 127 32 32 4.301879
810 126 112 28 28 1.255931
810 459 153 36 36 0.986168
810 0 223 28 28 0.568119
810 498 0 24 24 0.537456
810 0 238 28 28 0.136690
810 33 176 43 43 0.050090
840 101 113 23 23 9.358768
840 103 203 24 24 15.063483
840 356 130 28 28 7.129472
840 105 198 24 24 4.783428
840 384 36 48 48 3.916506
840 469 112 28 28 1.707527
840 272 0 64 64 1.198025
840 112 112 28 28 0.802398
840 384 128 32 32 0.667621
840 485 102 24 24 0.165884
840 400 112 32 32 0.151513
840 30 180 40 40 0.095764
870 392 133 32 32 20.447605
870 398 130 32 32 18.641554
870 357 130 28 28 3.493620
870 469 98 28 28 2.030392
870 300 107 24 24 1.991584
870 408 136 32 32 1.667858
870 454 111 28 28 1.781426
870 96 206 24 24 2.815074
870 12 28 47 47 4.763223
870 256 0 64 64 0.786017
870 486 102 24 24 1.943500
870 343 98 28 28 0.703022
870 384 128 32 32 0.657196
870 461 119 27 27 0.373159
870 448 126 28 28 0.296473
870 96 108 24 24 0.251380
870 24 36 48 48 0.339444
900 439 126 36 36 19.907748
900 391 129 32 32 23.947264
900 435 145 36 36 17.716842
900 441 150 36 36 21.989092
900 19 112 28 28 9.620743
900 396 112 32 32 10.169503
900 452 147 35 35 12.099499
900 396 136 32 32 7.840406
900 458 127 33 33 10.508276
900 392 148 32 32 6.828478
900 384 136 32 32 3.387785
900 384 112 32 32 2.090014
900 408 128 32 32 1.276656
900 16 118 28 28 1.932011
900 466 98 28 28 1.442128
900 132 195 24 24 1.703071
900 305 104 24 24 1.597263
900 19 98 28 28 0.585497
900 486 108 24 24 0.320914
900 300 114 24 24 0.193685
900 272 0 64 64 0.161853
900 480 84 24 24 0.142049
900 192 112 32 32 0.050982
930 480 202 24 24 18.329735
930 456 161 36 36 25.455535
930 453 152 36 36 13.270255
930 451 171 36 36 14.779354
930 448 130 29 29 8.543760
930 479 192 24 24 2.715709
930 486 198 24 24 2.424533
930 441 159 36 36 3.024643
930 108 102 23 23 1.973176
930 306 114 24 24 1.765947
930 434 126 36 36 2.357505
930 402 108 24 24 1.401084
930 454 125 35 35 2.432627
930 408 112 32 32 0.366398
960 13 116 29 29 12.488391
960 144 144 35 35 4.634790
960 20 125 28 28 9.553331
960 22 112 32 32 3.335634
960 143 105 24 24 4.235229
960 1 113 31 31 2.130662
960 336 112 28 28 1.586902
960 336 98 28 28 1.175734
960 448 114 28 28 1.560478
960 441 126 36 36 0.879153
960 357 112 28 28 0.831168
960 256 0 64 64 0.590986
960 96 102 24 24 0.257641
960 498 18 24 24 0.238529
990 105 96 24 24 12.431868
990 344 112 27 27 12.072619
990 389 112 24 24 14.614168
990 396 109 24 24 6.035789
990 384 107 24 24 3.122961
990 349 120 28 28 6.120241
990 96 96 24 24 2.767054
990 104 102 24 24 4.552914
990 412 36 48 48 8.871740
990 193 113 24 24 3.371223
990 357 114 28 28 2.007554
990 144 198 24 24 0.470462
1020 395 109 23 23 30.018013
1020 387 113 24 24 8.701141
1020 344 118 28 28 9.254718
1020 384 110 23 23 6.393191
1020 350 124 28 28 8.012613
1020 402 114 24 24 3.362390
1020 107 207 23 23 4.077320
1020 233 126 28 28 2.833679
1020 352 16 64 64 1.836224
1020 144 192 24 24 1.438623
1020 281 1 64 64 2.609968
1020 273 8 64 64 2.538414
1020 469 0 27 27 1.159750
1020 4 33 43 43 1.824555
1020 357 112 27 27 1.000011
1020 336 115 28 28 1.343038
1020 343 98 28 28 0.052427
1050 348 119 27 27 23.444754
1050 283 1 64 64 8.301240
1050 15 0 31 31 8.736291
1050 336 119 28 28 4.130919
1050 396 110 23 23 10.901024
1050 399 112 23 23 9.926884
1050 346 126 27 27 7.927946
1050 360 33 44 44 3.490900
1050 0 0 36 36 2.748163
1050 345 112 28 28 3.981744
1050 96 210 24 24 2.152756
1050 132 198 24 24 0.989602
1050 357 126 28 28 0.814847
1050 16 8 32 32 0.316238
1080 1 96 24 24 15.943384
1080 349 119 27 27 31.668991
1080 0 1 23 23 12.056996
1080 396 103 24 24 23.012389
1080 344 114 28 28 19.409835
1080 384 112 32 32 5.871541
1080 401 105 23 23 8.773001
1080 386 102 23 23 7.789934
1080 357 126 28 28 4.020505
1080 362 33 44 44 4.881949
1080 395 113 25 25 3.682319
1080 336 123 27 27 6.096926
1080 398 84 24 24 5.071171
1080 0 84 24 24 2.295812
1080 264 36 48 48 4.172840
1080 20 197 44 44 1.770472
1080 389 108 24 24 1.554361
1080 357 112 27 27 0.936175
1080 343 98 28 28 0.552541
1080 21 132 28 28 0.443534
1080 238 98 28 28 0.395932
1080 486 95 24 24 0.200359
1080 33 187 44 44 0.181478
1080 102 209 24 24 0.057696
1080 384 84 24 24 0.004922
1110 356 117 28 28 21.091783
1110 353 28 51 51 20.957222
1110 284 6 64 64 18.382096
1110 360 22 47 47 17.054325
1110 272 11 63 63 10.853889
1110 300 102 24 24 21.066846
1110 264 31 46 46 18.857576
1110 0 138 31 31 8.985358
1110 297 114 24 24 7.196055
1110 352 7 64 64 6.816771
1110 352 124 27 27 9.340922
1110 225 98 28 28 3.764835
1110 342 119 28 28 2.949551
1110 10 192 46 46 10.967545
1110 306 84 24 24 2.372666
1110 294 105 24 24 4.217104
1110 306 108 24 24 2.177315
1110 390 101 24 24 5.997494
1110 384 105 23 23 2.757359
1110 7 140 32 32 2.343618
1110 256 0 64 64 1.183448
1110 352 48 64 64 1.045903
1110 306 96 24 24 0.451948
1110 336 122 28 28 0.627670
1110 288 34 54 54 0.711009
1110 0 209 44 44 0.034099
1140 264 30 47 47 27.126486
1140 386 112 32 32 9.210208
1140 352 31 46 46 4.628052
1140 406 11 32 32 8.966341
1140 481 107 23 23 13.401126
1140 398 17 32 32 9.777864
1140 256 0 64 64 2.989430
1140 226 98 28 28 4.601171
1140 469 98 28 28 2.685295
1140 288 36 48 48 4.386104
1140 287 0 64 64 2.133022
1140 390 96 24 24 2.278025
1140 392 24 32 32 1.945107
1140 304 113 24 24 2.480544
1140 486 102 24 24 1.888752
1140 209 108 24 24 1.401827
1140 306 84 24 24 0.929371
1140 486 114 24 24 0.440734
1140 492 108 24 24 0.126982
1140 384 18 24 24 0.000527
1170 485 5 24 24 34.816539
1170 467 1 28 28 14.931027
1170 287 13 48 48 31.350780
1170 493 1 24 24 15.281657
1170 386 11 47 47 40.931703
1170 304 113 24 24 9.395965
1170 482 12 24 24 12.020112
1170 404 3 48 48 25.905876
1170 288 36 48 48 9.471376
1170 480 0 24 24 4.400650
1170 260 0 64 64 5.083426
1170 21 122 28 28 5.546525
1170 236 98 28 28 3.626278
1170 129 138 32 32 4.936243
1170 352 35 64 64 2.864206
1170 441 152 36 36 2.214112
1170 294 114 24 24 1.925647
1170 136 131 32 32 2.583475
1170 492 12 24 24 1.451559
1170 382 33 44 44 1.906938
1170 264 36 48 48 2.696614
1170 374 24 44 44 1.848394
1170 444 126 36 36 2.088577
1170 352 0 64 64 1.157099
1170 396 24 48 48 2.280716
1170 21 112 28 28 0.929639
1170 224 97 27 27 0.154859
1170 96 102 24 24 0.142476
1200 353 112 28 28 12.466852
1200 338 113 28 28 15.029776
1200 480 96 24 24 5.271765
1200 411 21 48 48 17.915766
1200 261 2 64 64 7.861903
1200 480 113 24 24 3.667986
1200 168 98 28 28 3.635528
1200 337 98 28 28 4.663405
1200 345 119 27 27 4.647263
1200 280 0 64 64 5.631832
1200 95 84 24 24 2.766220
1200 452 6 36 36 7.426596
1200 154 98 28 28 2.530836
1200 469 114 28 28 3.582879
1200 305 109 23 23 2.551383
1200 337 10 40 40 2.766277
1200 21 98 28 28 1.943142
1200 440 2 36 36 1.572468
1200 469 21 28 28 0.893898
1200 357 0 28 28 0.604698
1200 420 12 48 48 0.267752
1200 357 98 28 28 0.117166
1200 480 84 24 24 0.033105
1230 261 3 64 64 13.190173
1230 282 3 64 64 12.057403
1230 350 112 27 27 12.080742
1230 384 96 24 24 3.682805
1230 339 111 28 28 6.681380
1230 339 97 27 27 6.413442
1230 168 97 27 27 3.349603
1230 215 36 48 48 5.149238
1230 264 36 48 48 4.600492
1230 384 114 24 24 1.110136
1230 352 98 28 28 1.222320
1230 242 33 43 43 0.401209
1230 10 186 40 40 0.456506
1230 154 98 28 28 0.270326
1230 357 119 28 28 0.214954
1230 400 16 32 32 0.198527
1230 343 119 28 28 0.155368
1230 272 15 64 64 0.097581
1260 261 18 58 58 11.909089
1260 269 3 64 64 8.837753
1260 386 96 24 24 6.287821
1260 284 31 51 51 8.339163
1260 352 98 28 28 3.488033
1260 242 33 44 44 2.377218
1260 396 96 24 24 1.490385
1260 352 111 28 28 2.907630
1260 215 29 48 48 4.729222
1260 168 98 28 28 0.867704
1260 24 128 32 32 0.250442
1290 260 5 64 64 16.527295
1290 212 24 48 48 15.204934
1290 283 29 52 52 10.934330
1290 346 112 28 28 6.294490
1290 264 31 48 48 9.177286
1290 342 98 28 28 5.421859
1290 357 112 28 28 2.461461
1290 404 112 32 32 4.098088
1290 7 112 24 24 5.482975
1290 186 33 44 44 1.720527
1290 15 114 24 24 3.203805
1290 388 96 24 24 1.648150
1290 242 33 44 44 0.901904
1290 230 21 27 27 0.696799
1290 154 98 28 28 0.662775
1290 288 0 64 64 0.354318
1290 392 128 32 32 0.244780
1290 392 112 32 32 0.205208
1320 260 16 59 59 19.699235
1320 211 26 47 47 22.384396
1320 343 112 28 28 12.115321
1320 1 114 24 24 6.317874
1320 272 7 64 64 7.571326
1320 356 112 28 28 3.383257
1320 288 36 48 48 5.094548
1320 21 114 29 29 3.138558
1320 347 118 27 27 2.421871
1320 399 112 32 32 0.917319
1320 339 98 28 28 0.973981
1320 231 21 28 28 0.268373
1320 491 84 24 24 0.072968
1320 187 33 44 44 0.020712
1350 260 14 61 61 17.388291
1350 0 114 27 27 10.689291
1350 349 113 28 28 14.090575
1350 212 28 48 48 20.957760
1350 272 0 64 64 2.900269
1350 2 124 28 28 6.437972
1350 346 119 28 28 4.725057
1350 336 112 28 28 2.230911
1350 357 119 28 28 1.787379
1350 9 112 29 29 3.398906
1350 21 112 32 32 2.340796
1350 401 112 32 32 1.379119
1350 288 35 48 48 2.378190
1350 96 114 24 24 0.759251
1350 204 36 48 48 1.483112
1350 374 33 44 44 0.478258
1380 260 19 62 62 22.540061
1380 343 113 28 28 15.171462
1380 354 113 28 28 11.331423
1380 287 24 63 63 8.631770
1380 213 34 47 47 12.119846
1380 385 137 32 32 6.117358
1380 352 44 64 64 4.532043
1380 466 98 28 28 5.166410
1380 353 119 28 28 6.275869
1380 273 32 62 62 2.776036
1380 0 130 28 28 3.747737
1380 498 108 24 24 1.567148
1380 208 24 48 48 3.299562
1380 272 0 64 64 0.269290
1380 288 48 64 64 0.210452
1410 306 144 36 36 6.357145
1410 216 144 36 36 4.914848
1410 385 29 47 47 18.873541
1410 356 116 28 28 6.804497
1410 288 31 48 48 11.742008
1410 212 36 48 48 8.919330
1410 384 111 24 24 4.880421
1410 216 126 36 36 2.476261
1410 356 98 28 28 2.608588
1410 352 16 64 64 2.242047
1410 408 112 32 32 2.048929
1410 392 144 32 32 1.568792
1410 379 33 44 44 3.022615
1410 0 126 27 27 1.448823
1410 400 114 24 24 1.820590
1410 389 108 24 24 1.479485
1410 264 36 48 48 2.563392
1410 492 96 24 24 0.248493
1440 260 18 63 63 20.760669
1440 352 19 64 64 6.697209
1440 349 119 28 28 16.073031
1440 192 139 32 32 7.626208
1440 342 114 28 28 10.354810
1440 386 25 47 47 8.753845
1440 277 33 58 58 3.871283
1440 343 126 28 28 2.450349
1440 288 23 58 58 3.503234
1440 353 112 28 28 3.389005
1440 0 132 27 27 1.896777
1440 192 152 32 32 1.710208
1440 357 126 28 28 1.648876
1440 215 35 48 48 2.462414
1440 176 136 32 32 1.174197
1440 176 152 32 32 0.329048
1440 21 126 28 28 0.198292
1440 374 33 44 44 0.127106
1470 259 18 64 64 18.182480
1470 355 121 28 28 13.381990
1470 392 25 48 48 14.456240
1470 337 119 27 27 12.566430
1470 342 124 28 28 14.265749
1470 352 23 64 64 4.497948
1470 383 31 46 46 14.401408
1470 288 16 64 64 2.207424
1470 357 98 28 28 2.175358
1470 210 36 47 47 7.937358
1470 272 32 64 64 1.805937
1470 153 126 36 36 0.827224
1470 350 133 27 27 0.423033
1470 21 21 28 28 0.305545
1470 245 14 28 28 0.107257
1500 411 26 47 47 25.962704
1500 258 14 64 64 12.729491
1500 355 124 28 28 6.440903
1500 352 0 64 64 3.301636
1500 408 128 32 32 2.442049
1500 432 126 36 36 2.274993
1500 343 127 28 28 6.451034
1500 357 98 28 28 1.973437
1500 243 11 28 28 5.184597
1500 348 130 28 28 4.842500
1500 455 133 28 28 1.758560
1500 408 112 32 32 1.673875
1500 297 27 36 36 1.651027
1500 238 7 28 28 1.363374
1500 272 0 64 64 1.179603
1500 458 4 30 30 1.643531
1500 416 10 48 48 3.892588
1500 384 24 48 48 1.143310
1500 136 128 32 32 0.512269
1500 396 36 47 47 0.856206
1500 6 18 24 24 0.131746
1500 288 16 64 64 0.082901
1500 352 32 64 64 0.061507
1530 204 16 24 24 6.593703
1530 441 126 36 36 3.879150
1530 203 8 23 23 6.019283
1530 350 30 40 40 2.382922
1530 242 0 27 27 4.599700
1530 195 9 27 27 4.431321
1530 313 24 36 36 3.577595
1530 144 108 24 24 1.581410
1530 122 133 27 27 2.691193
1530 420 36 48 48 2.601244
1530 13 119 27 27 1.250329
1530 384 84 24 24 1.081324
1530 210 2 23 23 1.298594
1530 492 204 24 24 0.763008
1530 330 140 40 40 0.606726
1530 457 133 28 28 0.563760
1560 339 4 31 31 25.762972
1560 320 3 40 40 8.201363
1560 198 0 24 24 4.651005
1560 328 10 39 39 8.327098
1560 112 129 28 28 6.133179
1560 400 12 32 32 5.736456
1560 154 98 28 28 2.195288
1560 346 12 31 31 3.650679
1560 469 21 28 28 1.999712
1560 408 9 32 32 2.233567
1560 354 126 28 28 2.244617
1560 336 0 28 28 1.141510
1560 350 121 28 28 1.970129
1560 336 133 28 28 0.995417
1560 383 16 32 32 0.949984
1560 288 48 64 64 0.822169
1560 21 112 28 28 0.402215
1560 350 0 28 28 0.162644
1560 408 24 32 32 0.094827
1560 144 108 24 24 0.080770
1590 337 118 28 28 18.130708
1590 355 127 28 28 11.649207
1590 343 112 28 28 4.367163
1590 288 18 64 64 5.108939
1590 14 114 24 24 5.604067
1590 384 112 32 32 2.805521
1590 352 22 64 64 4.478807
1590 288 114 24 24 2.280589
1590 351 121 28 28 5.999319
1590 352 40 64 64 3.838901
1590 7 98 28 28 1.917379
1590 343 126 28 28 1.697116
1590 272 43 64 64 2.149446
1590 272 112 32 32 0.205410
1590 432 126 36 36 0.161338
1620 293 110 24 24 9.600509
1620 264 30 48 48 12.428578
1620 144 114 24 24 3.296647
1620 403 128 32 32 5.654275
1620 19 97 27 27 3.774939
1620 351 112 28 28 7.647353
1620 305 113 24 24 2.720004
1620 398 112 32 32 2.527447
1620 354 119 27 27 1.914041
1620 132 114 24 24 1.196033
1620 288 111 24 24 2.167621
1620 0 113 25 25 1.005392
1620 351 98 28 28 0.341533
1620 21 111 28 28 0.137280
1620 384 114 24 24 0.092853
1650 388 34 48 48 23.094946
1650 490 106 24 24 16.343355
1650 6 112 24 24 17.911422
1650 352 5 64 64 5.700273
1650 350 98 28 28 8.201299
1650 350 112 28 28 2.783277
1650 6 100 26 26 6.103666
1650 418 26 48 48 7.449990
1650 486 102 24 24 2.284905
1650 498 104 24 24 3.687408
1650 466 12 30 30 3.117277
1650 410 34 48 48 6.221212
1650 459 3 36 36 2.633147
1650 459 98 28 28 2.521794
1650 154 112 28 28 0.915235
1650 402 114 24 24 0.106451
1650 18 113 24 24 0.085702
1680 395 107 24 24 21.864221
1680 384 108 24 24 3.368458
1680 391 114 24 24 5.726141
1680 491 108 24 24 8.742220
1680 496 103 24 24 4.821521
1680 482 114 24 24 4.244607
1680 402 102 24 24 1.886042
1680 357 98 28 28 1.795616
1680 480 102 24 24 1.662488
1680 0 119 28 28 0.433704
1680 390 102 24 24 0.301709
1680 21 112 28 28 0.218121
1710 389 114 24 24 11.362847
1710 2 100 24 24 9.667786
1710 9 96 23 23 2.985292
1710 7 130 28 28 2.871213
1710 3 126 28 28 1.907734
1710 462 98 28 28 0.527170
1710 144 126 36 36 0.050463
1740 7 116 29 29 18.399720
1740 0 84 24 24 5.432561
1740 209 114 24 24 4.017206
1740 494 114 24 24 5.131479
1740 192 112 32 32 2.048790
1740 315 27 36 36 1.926090
1740 256 6 64 64 2.893135
1740 192 128 32 32 1.655533
1740 14 112 28 28 1.294228
1740 154 98 28 28 1.258811
1740 350 119 28 28 1.126733
1740 0 112 28 28 0.667196
1740 5 128 32 32 0.834855
1740 454 112 28 28 0.559098
1740 272 16 64 64 0.448345
1740 402 114 24 24 0.064373
1770 343 7 40 40 7.926514
1770 33 10 64 64 6.727666
1770 223 97 27 27 2.427240
1770 498 114 24 24 1.901420
1770 393 112 28 28 3.492974
1770 350 0 40 40 1.580151
1770 394 106 24 24 2.253345
1770 4 98 28 28 1.895968
1770 224 133 28 28 0.987230
1770 168 98 28 28 0.931616
1770 390 101 24 24 2.704788
1770 114 112 28 28 1.279382
1770 288 15 64 64 0.840475
1770 462 112 28 28 0.599362
1770 480 105 24 24 0.289020
1800 132 108 24 24 4.499077
1800 498 110 23 23 5.545771
1800 27 2 64 64 3.519391
1800 404 0 32 32 3.480306
1800 7 112 27 27 1.251245
1800 0 27 36 36 1.246534
1800 20 112 27 27 1.263157
1800 485 104 23 23 1.289492
1800 343 126 28 28 0.489862
1800 24 128 32 32 0.283149
1800 462 7 28 28 0.187788
1830 18 117 29 29 26.115372
1830 112 122 28 28 10.619135
1830 345 117 27 27 11.998979
1830 18 84 24 24 4.628885
1830 11 111 30 30 15.770381
1830 354 119 28 28 14.245215
1830 352 126 28 28 6.893565
1830 349 111 28 28 9.169401
1830 497 0 24 24 2.178031
1830 298 84 24 24 3.142478
1830 434 169 36 36 3.719698
1830 352 48 64 64 1.352070
1830 290 84 24 24 2.077802
1830 485 0 24 24 0.587307
1830 498 96 24 24 0.473072
1830 357 133 28 28 0.376721
1830 384 112 32 32 0.301493
1830 112 133 27 27 0.300209
1860 112 117 28 28 12.792050
1860 407 139 32 32 9.709288
1860 371 180 44 44 8.551620
1860 384 112 32 32 2.835340
1860 8 128 32 32 2.723581
1860 10 101 24 24 3.913486
1860 397 208 24 24 3.948016
1860 362 187 44 44 1.571652
1860 353 112 28 28 2.797534
1860 224 97 27 27 1.331810
1860 3 99 26 26 2.505514
1860 390 204 24 24 0.488308
1860 385 187 44 44 0.352543
1860 21 133 28 28 0.344375
