30 194 113 24 24 10.145602
30 346 111 28 28 8.145428
30 245 112 28 28 3.885607
30 205 114 24 24 4.484396
30 356 18 54 54 4.158516
30 360 10 45 45 1.961866
30 241 97 27 27 1.763097
30 126 112 27 27 0.550112
60 408 0 48 48 8.188372
60 13 113 28 28 13.186270
60 197 114 24 24 2.739079
60 21 119 28 28 2.434603
60 7 119 28 28 2.305212
60 355 112 27 27 2.641884
60 408 128 32 32 1.458268
60 245 112 28 28 1.305055
60 245 98 28 28 1.287447
60 400 16 32 32 0.644640
60 18 102 24 24 0.461672
60 486 4 24 24 0.422561
90 352 14 64 64 3.788394
90 357 112 28 28 2.724740
90 100 114 24 24 5.047695
90 454 126 36 36 2.947207
90 384 112 32 32 0.531122
90 168 98 28 28 0.442903
120 336 98 28 28 3.984902
120 352 17 64 64 4.816315
120 264 36 47 47 5.887278
120 434 9 36 36 2.200277
120 0 114 23 23 1.558887
120 132 114 24 24 0.519131
120 144 108 24 24 0.195577
150 356 97 27 27 4.277532
150 18 113 28 28 10.783635
150 4 113 28 28 9.093087
150 39 0 64 64 6.551478
150 124 130 28 28 6.603608
150 394 112 32 32 4.715323
150 10 119 28 28 4.372988
150 264 36 48 48 4.259632
150 288 36 48 48 4.230264
150 462 21 28 28 1.454037
150 357 112 28 28 1.071640
150 0 119 28 28 0.427518
150 119 126 28 28 0.370716
180 385 114 24 24 7.819517
180 357 112 28 28 4.277591
180 352 27 64 64 4.576893
180 398 112 32 32 4.333798
180 405 128 32 32 3.942422
180 130 133 32 32 7.772511
180 287 0 64 64 2.327833
180 139 128 32 32 3.755684
180 357 98 28 28 1.051045
180 288 36 48 48 1.749102
180 432 126 36 36 0.807983
180 480 0 24 24 0.457168
180 336 98 28 28 0.223864
180 144 136 32 32 0.160667
180 264 36 48 48 0.277892
180 492 18 24 24 0.011274
210 449 126 35 35 21.261050
210 390 114 23 23 15.695236
210 450 113 28 28 11.892046
210 339 97 27 27 8.300739
210 480 111 24 24 7.391526
210 11 192 24 24 9.279177
210 402 114 24 24 3.724433
210 465 112 28 28 5.525898
210 288 36 48 48 5.687106
210 241 111 27 27 4.561837
210 30 140 40 40 2.272336
210 485 109 23 23 1.876091
210 469 119 28 28 1.521122
210 288 0 64 64 1.387034
210 432 126 36 36 1.262553
210 264 35 48 48 2.137686
210 396 108 24 24 1.050351
210 480 102 24 24 1.010443
210 30 47 64 64 1.044366
210 357 112 27 27 0.903057
210 3 48 64 64 0.479761
210 0 152 32 32 0.124679
240 352 7 64 64 8.354309
240 383 113 24 24 4.798535
240 144 109 24 24 4.585476
240 343 112 28 28 3.526515
240 467 119 27 27 3.311395
240 264 35 48 48 4.467510
240 240 112 28 28 3.141831
240 498 114 24 24 2.067605
240 3 153 36 36 3.325136
240 288 36 48 48 3.266178
240 346 98 28 28 2.784395
240 257 0 64 64 1.527476
240 384 36 48 48 2.713042
240 107 111 23 23 2.642774
240 408 112 32 32 0.761288
240 132 108 24 24 0.729956
240 112 98 28 28 0.464150
270 467 126 28 28 23.886516
270 396 114 24 24 11.496939
270 126 123 28 28 7.854708
270 461 133 28 28 4.132578
270 176 112 32 32 3.691832
270 459 119 28 28 5.292582
270 267 112 32 32 5.603402
270 192 114 24 24 3.276937
270 41 0 64 64 5.327750
270 18 0 64 64 6.573150
270 450 119 28 28 4.716437
270 486 99 24 24 5.323908
270 261 4 64 64 6.987774
270 280 0 64 64 4.893777
270 1 111 27 27 3.092663
270 36 36 48 48 4.291924
270 294 9 35 35 2.605208
270 9 100 25 25 4.206326
270 119 97 27 27 1.860824
270 306 114 24 24 1.617114
270 119 119 28 28 1.590876
270 144 102 24 24 1.482512
270 455 126 27 27 1.190932
270 264 36 48 48 2.336002
270 283 112 28 28 2.112650
270 408 112 32 32 1.038700
270 306 0 36 36 0.742430
270 480 96 24 24 0.632308
270 0 36 48 48 1.194110
270 288 0 36 36 0.564737
270 245 112 28 28 0.323465
270 352 7 64 64 0.249311
270 288 36 48 48 0.151610
300 352 1 64 64 9.138968
300 262 0 64 64 11.144144
300 306 0 36 36 7.562163
300 176 128 32 32 4.482625
300 7 100 25 25 13.009621
300 336 17 28 28 6.880709
300 2 101 24 24 7.947238
300 466 130 27 27 9.397230
300 398 114 24 24 6.045435
300 385 103 23 23 8.094279
300 288 0 64 64 3.252521
300 120 131 27 27 5.108079
300 227 126 28 28 5.476666
300 336 113 27 27 3.974393
300 272 112 32 32 3.233358
300 13 0 64 64 7.387466
300 455 130 28 28 3.829343
300 176 112 32 32 2.426894
300 24 36 48 48 4.543944
300 18 102 23 23 2.371151
300 386 5 24 24 3.767589
300 384 36 48 48 3.987744
300 102 114 24 24 1.423431
300 296 113 24 24 2.201081
300 3 112 28 28 2.157625
300 396 6 24 24 1.039750
300 462 126 28 28 1.004504
300 21 0 28 28 0.803471
300 384 114 24 24 0.751398
300 390 96 24 24 0.506967
300 168 126 28 28 0.484769
300 13 119 27 27 0.297610
300 192 113 24 24 0.089807
300 108 0 24 24 0.038413
330 228 118 27 27 18.053116
330 351 6 64 64 11.786382
330 337 7 28 28 17.618812
330 348 4 28 28 14.417072
330 354 117 28 28 18.638411
330 485 5 23 23 15.511858
330 343 113 28 28 15.957595
330 388 5 24 24 13.936191
330 300 109 24 24 6.427663
330 176 112 32 32 4.266663
330 261 0 64 64 5.577581
330 0 3 24 24 7.097379
330 343 14 28 28 3.225248
330 117 131 28 28 6.741463
330 304 112 24 24 4.412225
330 226 126 27 27 3.831304
330 280 0 64 64 3.893587
330 108 108 24 24 1.929664
330 192 108 24 24 2.145883
330 18 96 24 24 1.850818
330 16 0 64 64 1.651974
330 350 126 28 28 1.527234
330 384 36 48 48 2.289214
330 14 112 28 28 1.043007
330 469 0 27 27 0.814899
330 168 119 27 27 0.633644
330 384 12 24 24 0.581966
330 343 0 28 28 0.411686
330 132 102 24 24 0.229884
330 176 128 32 32 0.205769
330 108 6 24 24 0.142471
330 396 12 24 24 0.098891
330 112 126 27 27 0.078656
330 462 112 28 28 0.027900
360 351 1 28 28 30.576891
360 97 110 24 24 16.731113
360 350 117 28 28 20.440766
360 469 120 28 28 11.047309
360 306 114 24 24 5.294647
360 13 108 24 24 11.594182
360 168 127 28 28 8.873517
360 231 122 28 28 6.717374
360 16 113 24 24 5.938374
360 343 112 28 28 3.369016
360 28 34 47 47 12.488779
360 108 108 24 24 2.778076
360 284 15 64 64 3.257691
360 461 97 27 27 2.385052
360 102 114 24 24 2.068277
360 464 130 31 31 3.315595
360 112 133 28 28 1.962270
360 20 98 28 28 2.040291
360 357 112 28 28 1.505143
360 32 24 48 48 2.923254
360 132 102 24 24 0.906768
360 420 36 48 48 1.502628
360 336 119 27 27 0.625346
360 396 108 24 24 0.610930
360 176 112 32 32 0.599934
360 343 6 28 28 0.484348
360 357 7 28 28 0.434123
360 224 126 27 27 0.360110
360 384 128 32 32 0.336509
360 450 126 36 36 0.072913
390 356 118 28 28 23.140121
390 168 130 28 28 8.972557
390 400 128 32 32 8.640482
390 354 14 28 28 7.873632
390 352 48 64 64 4.298803
390 195 108 24 24 7.955253
390 275 1 64 64 7.365523
390 385 112 32 32 4.889061
390 9 36 48 48 10.307234
390 305 111 24 24 4.362942
390 1 120 28 28 4.396015
390 479 110 24 24 4.525778
390 101 107 24 24 6.689065
390 407 132 32 32 3.906604
390 466 112 27 27 3.298695
390 154 115 28 28 3.103770
390 236 119 28 28 2.165214
390 210 108 24 24 1.414614
390 0 24 48 48 2.443218
390 338 1 27 27 3.229604
390 350 7 28 28 1.030176
390 492 108 24 24 1.001209
390 96 102 24 24 0.901837
390 432 27 36 36 0.758651
390 192 102 24 24 0.675785
390 96 114 24 24 0.576540
390 154 126 28 28 0.342087
390 168 98 28 28 0.292251
390 498 84 24 24 0.218766
390 108 102 24 24 0.098543
420 407 131 32 32 8.610669
420 305 112 24 24 6.068859
420 386 128 32 32 6.889620
420 192 110 24 24 6.994577
420 352 119 28 28 6.903323
420 390 102 24 24 4.140252
420 487 191 23 23 4.386542
420 397 135 32 32 5.037829
420 453 145 36 36 5.462691
420 14 120 28 28 4.548791
420 457 149 36 36 4.854583
420 22 113 31 31 2.817007
420 144 130 32 32 3.790875
420 444 126 36 36 3.248199
420 108 114 24 24 1.801128
420 352 39 64 64 3.327123
420 96 102 24 24 1.343632
420 336 0 28 28 1.200663
420 136 112 32 32 1.180179
420 197 111 23 23 1.504274
420 21 123 27 27 0.980758
420 288 15 64 64 0.333368
420 498 192 24 24 0.291449
450 198 109 24 24 14.561146
450 202 112 23 23 11.879431
450 280 16 64 64 7.386071
450 148 126 36 36 6.237848
450 459 98 28 28 5.055930
450 441 126 36 36 2.775726
450 103 113 24 24 3.592742
450 129 112 32 32 3.545504
450 12 112 32 32 3.310628
450 210 110 24 24 2.915608
450 407 128 32 32 1.443746
450 14 98 28 28 1.288579
450 119 98 28 28 1.066509
450 448 111 28 28 1.035250
450 0 133 28 28 0.821619
450 336 112 27 27 0.224746
450 144 144 32 32 0.206532
450 407 228 48 48 0.365696
450 448 97 27 27 0.104022
450 96 108 24 24 0.100634
450 408 112 32 32 0.091603
480 114 120 28 28 25.023276
480 193 106 23 23 14.070578
480 399 128 32 32 8.859043
480 142 142 32 32 10.385111
480 119 126 28 28 3.655821
480 385 112 32 32 4.266689
480 336 113 28 28 4.732872
480 4 114 30 30 8.490066
480 196 113 24 24 4.217976
480 15 113 27 27 13.690722
480 22 118 29 29 6.977904
480 452 125 35 35 3.785406
480 207 108 24 24 3.283941
480 288 11 64 64 2.297543
480 231 98 28 28 1.545845
480 6 107 24 24 1.589219
480 481 95 24 24 1.734230
480 115 112 27 27 1.884265
480 10 126 28 28 1.340845
480 384 128 32 32 0.429159
480 144 126 36 36 0.390546
480 402 114 24 24 0.368156
480 128 144 32 32 0.253784
480 136 152 32 32 0.178323
480 198 102 24 24 0.111549
510 133 151 32 32 12.491249
510 398 131 32 32 9.279327
510 497 6 24 24 6.639040
510 278 16 64 64 6.309830
510 400 6 24 24 7.175791
510 26 32 47 47 15.002053
510 0 111 24 24 5.485413
510 191 104 23 23 5.262285
510 453 145 36 36 6.305182
510 131 143 32 32 3.610828
510 404 112 32 32 3.457821
510 408 135 32 32 2.114275
510 455 153 36 36 3.120786
510 432 126 36 36 1.784888
510 229 98 28 28 2.046655
510 5 109 24 24 1.841646
510 18 198 24 24 1.292403
510 96 108 24 24 1.238734
510 498 84 24 24 1.191959
510 48 33 64 64 1.192485
510 0 10 40 40 1.011129
510 288 32 64 64 0.375481
510 448 97 27 27 0.005582
510 0 36 48 48 0.001354
540 277 5 64 64 23.991470
540 288 16 64 64 6.815056
540 128 151 32 32 3.635332
540 4 112 26 26 6.510693
540 489 191 23 23 5.432322
540 0 35 47 47 5.377162
540 3 98 28 28 4.230635
540 168 98 28 28 2.055251
540 48 48 64 64 1.677263
540 432 144 36 36 1.197944
540 450 153 36 36 1.032029
540 96 192 24 24 0.649114
540 486 198 24 24 0.176457
540 6 84 24 24 0.052928
570 18 119 28 28 26.867156
570 283 3 64 64 15.772883
570 14 122 28 28 12.221549
570 8 112 32 32 5.009651
570 446 146 36 36 11.527419
570 32 154 43 43 4.749721
570 386 137 32 32 8.709554
570 154 98 28 28 3.509356
570 274 16 64 64 8.061324
570 449 126 36 36 2.376092
570 391 144 32 32 1.593128
570 357 20 28 28 1.450398
570 432 144 36 36 1.376870
570 1 109 24 24 2.777709
570 16 144 32 32 1.191404
570 48 48 64 64 1.162775
570 400 136 32 32 0.765678
570 21 98 28 28 0.299173
570 420 36 48 48 0.522808
570 441 153 36 36 0.160357
570 469 133 28 28 0.077210
600 16 127 28 28 24.577659
600 10 144 32 32 10.741065
600 33 154 44 44 4.450740
600 11 112 32 32 7.863862
600 0 107 24 24 4.517472
600 257 112 32 32 4.839394
600 21 133 28 28 3.531194
600 128 139 32 32 5.416221
600 13 151 32 32 3.247301
600 21 119 28 28 2.236690
600 143 98 23 23 2.971032
600 498 96 23 23 1.367131
600 21 98 28 28 0.463123
600 128 152 32 32 0.042805
630 384 4 24 24 9.946250
630 22 149 33 33 10.132947
630 383 136 32 32 13.806674
630 257 112 32 32 6.269716
630 144 158 36 36 7.234825
630 489 210 24 24 7.536651
630 106 207 24 24 10.804821
630 24 128 32 32 3.262819
630 101 204 24 24 6.816756
630 352 132 27 27 4.451698
630 104 193 23 23 6.248678
630 143 142 32 32 2.662893
630 385 152 32 32 1.951869
630 400 0 32 32 1.055661
630 12 109 24 24 1.250237
630 357 126 28 28 0.905109
630 24 112 32 32 0.419914
630 108 198 23 23 0.388062
630 18 114 24 24 0.242389
660 132 207 24 24 13.817800
660 153 168 36 36 19.811089
660 386 144 32 32 16.576912
660 132 194 23 23 7.536132
660 390 149 32 32 14.919489
660 161 165 36 36 10.903551
660 143 166 35 35 8.553971
660 354 131 28 28 9.639864
660 256 112 32 32 4.571245
660 260 11 64 64 8.232963
660 0 48 64 64 3.148223
660 390 136 32 32 6.872845
660 400 144 32 32 5.562913
660 352 123 28 28 5.590577
660 12 114 24 24 1.476788
660 352 48 64 64 0.738849
660 343 133 28 28 0.688375
660 153 153 36 36 0.673073
660 343 115 28 28 1.050988
660 116 224 28 28 0.847100
660 0 112 28 28 0.226077
660 24 8 32 32 0.165643
690 392 142 32 32 32.672852
690 355 130 27 27 19.833849
690 144 167 36 36 11.184968
690 256 7 64 64 10.178822
690 400 136 32 32 5.424070
690 443 161 36 36 7.676720
690 352 48 64 64 4.541268
690 403 152 32 32 7.479097
690 32 43 64 64 5.386031
690 391 112 32 32 3.378287
690 209 194 24 24 5.700402
690 408 144 32 32 2.705530
690 256 112 32 32 2.368677
690 479 201 24 24 4.068531
690 284 16 64 64 2.849416
690 383 136 32 32 1.585290
690 357 119 28 28 1.519466
690 346 126 28 28 2.703974
690 171 160 40 40 1.572308
690 21 115 28 28 2.626198
690 392 128 32 32 0.785762
690 343 133 28 28 0.692272
690 179 140 40 40 0.691926
690 179 166 40 40 0.663202
690 469 112 28 28 0.423305
690 0 35 48 48 0.581340
690 210 203 24 24 0.172994
690 132 84 24 24 0.163120
690 336 126 27 27 0.119863
690 144 153 36 36 0.078344
690 450 171 36 36 0.025363
720 405 149 32 32 31.030900
720 139 112 32 32 11.648257
720 178 160 41 41 25.357605
720 258 14 64 64 17.846630
720 399 144 32 32 5.754352
720 210 197 24 24 13.867058
720 217 158 37 37 14.101576
720 154 125 28 28 5.980666
720 354 131 28 28 12.119199
720 343 127 28 28 15.062724
720 432 152 36 36 7.643773
720 408 136 32 32 4.133018
720 170 170 40 40 3.730493
720 198 156 38 38 9.551153
720 218 141 38 38 5.158911
720 282 19 64 64 7.160826
720 140 143 32 32 5.390373
720 204 192 24 24 2.637791
720 119 98 28 28 2.333265
720 479 208 23 23 3.153258
720 279 32 64 64 3.460423
720 210 210 24 24 1.756876
720 131 106 24 24 2.102675
720 180 140 40 40 1.633254
720 272 0 64 64 1.585842
720 180 180 40 40 1.557545
720 198 171 36 36 1.489782
720 220 170 40 40 1.412474
720 20 98 28 28 1.309391
720 12 114 24 24 0.865884
720 350 114 28 28 1.235957
720 7 98 28 28 0.789619
720 486 204 24 24 0.274663
720 357 119 28 28 0.272465
720 203 203 24 24 0.174787
720 450 171 36 36 0.027281
750 240 160 41 41 12.017499
750 7 113 30 30 14.084178
750 192 112 32 32 4.755991
750 266 27 64 64 12.925459
750 124 118 28 28 15.655357
750 345 133 28 28 8.310456
750 288 198 24 24 10.380558
750 132 105 24 24 5.935999
750 144 111 24 24 6.313671
750 440 167 36 36 6.857630
750 447 160 35 35 8.640951
750 434 153 35 35 6.486538
750 14 122 28 28 5.431693
750 119 112 28 28 2.010764
750 256 48 64 64 1.672177
750 464 133 28 28 2.558179
750 480 206 24 24 3.064595
750 481 112 24 24 3.598467
750 400 148 32 32 2.675902
750 256 16 64 64 1.376024
750 144 102 24 24 1.341745
750 497 107 24 24 1.133794
750 220 164 40 40 2.211352
750 336 127 27 27 1.137074
750 96 113 24 24 0.764586
750 288 16 64 64 0.631080
750 357 133 28 28 0.154579
750 441 144 36 36 0.073650
780 229 132 28 28 15.536529
780 481 199 23 23 21.746899
780 4 114 30 30 22.188618
780 344 131 28 28 15.945496
780 6 123 28 28 20.597557
780 481 208 24 24 18.956035
780 299 204 24 24 27.231255
780 306 207 24 24 10.704960
780 487 201 24 24 15.423509
780 295 196 24 24 16.595290
780 434 164 35 35 10.392319
780 492 210 24 24 5.220551
780 460 97 27 27 5.404286
780 144 108 24 24 10.841487
780 105 112 24 24 10.953173
780 455 168 36 36 9.272943
780 293 210 24 24 4.435390
780 17 115 30 30 9.394704
780 280 152 32 32 3.766274
780 300 192 24 24 3.678794
780 21 123 28 28 4.894962
780 287 202 24 24 5.321149
780 306 198 24 24 3.064157
780 387 96 24 24 5.995798
780 436 171 36 36 5.342977
780 259 37 64 64 6.330722
780 210 113 24 24 2.199863
780 497 205 24 24 2.100566
780 102 108 24 24 1.582610
780 450 162 36 36 1.574003
780 384 102 24 24 1.479659
780 154 119 28 28 2.848897
780 351 48 64 64 0.935290
780 343 119 28 28 0.891685
780 264 154 44 44 0.812519
780 492 198 24 24 0.809478
780 441 153 36 36 0.570064
780 144 112 32 32 0.565319
780 242 154 44 44 0.364925
780 154 133 28 28 0.360212
780 288 32 64 64 0.349955
780 357 133 27 27 0.211275
780 206 108 24 24 0.274521
780 132 114 24 24 0.060752
780 126 98 28 28 0.017446
810 144 112 24 24 12.207910
810 348 131 28 28 18.598559
810 345 126 28 28 9.013430
810 495 209 24 24 8.250145
810 260 37 64 64 13.294401
810 433 161 36 36 11.199937
810 304 204 24 24 14.216489
810 0 114 30 30 7.118210
810 245 133 28 28 3.880234
810 275 41 64 64 9.262447
810 288 167 36 36 6.248049
810 492 206 24 24 6.854877
810 108 112 24 24 5.060542
810 264 176 44 44 2.758148
810 132 114 24 24 2.498402
810 288 148 36 36 4.683216
810 144 102 24 24 2.209553
810 300 198 24 24 2.102438
810 2 126 27 27 3.059414
810 480 96 24 24 1.843067
810 112 98 28 28 1.696427
810 168 126 27 27 0.781190
810 300 210 24 24 0.663515
810 223 98 28 28 0.654468
810 294 204 24 24 0.592504
810 294 192 24 24 0.591305
810 192 36 48 48 0.199910
840 144 111 24 24 14.327784
840 108 112 23 23 7.081704
840 269 35 64 64 14.346689
840 21 128 32 32 6.656279
840 132 111 24 24 7.434679
840 195 33 48 48 14.239198
840 350 132 27 27 8.962604
840 288 144 36 36 3.648063
840 444 161 36 36 5.600465
840 263 48 64 64 6.000039
840 386 151 32 32 4.900811
840 344 127 28 28 5.214482
840 449 167 36 36 4.262290
840 124 98 28 28 3.204108
840 264 184 44 44 2.742393
840 264 169 47 47 4.691502
840 287 40 64 64 3.768825
840 396 152 32 32 3.714283
840 168 129 28 28 3.421672
840 352 48 64 64 1.795421
840 15 112 28 28 1.958808
840 306 210 24 24 1.155557
840 144 102 24 24 1.043434
840 115 98 28 28 1.792719
840 306 108 24 24 0.884257
840 224 98 28 28 0.621796
840 288 126 36 36 0.409013
870 144 111 24 24 17.762429
870 350 132 28 28 15.615819
870 271 33 64 64 19.171793
870 228 98 28 28 13.749045
870 196 35 48 48 23.420632
870 131 111 23 23 10.084101
870 108 114 24 24 4.909399
870 205 28 47 47 26.294570
870 450 164 36 36 5.317245
870 256 48 64 64 3.213096
870 122 98 28 28 5.806950
870 456 170 36 36 4.556245
870 168 132 28 28 2.723164
870 402 151 32 32 5.045228
870 492 210 24 24 2.423653
870 350 30 40 40 1.902447
870 288 48 64 64 1.801119
870 264 190 44 44 2.133056
870 216 36 48 48 2.727536
870 346 126 28 28 2.072996
870 256 128 32 32 0.708766
870 480 192 24 24 0.516389
870 306 210 24 24 0.455087
870 21 112 28 28 0.237309
870 240 140 40 40 0.147392
870 384 152 32 32 0.059900
900 144 112 24 24 15.054160
900 269 35 64 64 21.310859
900 350 133 27 27 9.380961
900 205 34 47 47 33.808976
900 132 112 24 24 7.123587
900 264 128 32 32 7.246033
900 240 26 40 40 7.411191
900 211 23 48 48 15.092250
900 234 97 27 27 7.832055
900 119 98 28 28 6.894487
900 388 152 32 32 4.374486
900 0 121 27 27 2.174103
900 288 48 64 64 1.464194
900 260 15 64 64 1.600833
900 294 84 24 24 1.035669
900 292 161 35 35 1.788870
900 486 198 24 24 0.915344
900 256 48 64 64 0.844178
900 154 98 28 28 0.652960
900 459 171 36 36 0.613552
900 280 128 32 32 0.548956
900 352 22 44 44 0.078671
930 270 34 64 64 20.828335
930 154 98 28 28 6.630271
930 216 36 48 48 11.444258
930 144 113 24 24 5.256655
930 274 128 32 32 7.668655
930 351 133 28 28 6.548382
930 132 113 24 24 4.823846
930 240 30 40 40 4.451165
930 19 36 47 47 11.211766
930 43 5 64 64 6.785341
930 114 112 28 28 3.608966
930 123 98 28 28 4.088447
930 350 111 28 28 2.343205
930 288 48 64 64 2.248201
930 261 16 64 64 3.270966
930 290 83 23 23 2.941880
930 352 22 44 44 1.060465
930 384 152 32 32 0.856481
930 498 204 24 24 0.794014
930 402 84 24 24 0.770309
930 432 171 36 36 0.751783
930 16 0 64 64 0.490105
930 32 16 64 64 0.457305
930 0 16 64 64 0.367175
930 306 294 24 24 0.198558
960 280 128 32 32 7.520323
960 270 37 64 64 14.626738
960 399 96 24 24 10.227217
960 387 96 24 24 5.688773
960 346 112 28 28 5.090772
960 288 42 64 64 3.953626
960 336 113 27 27 2.640813
960 341 119 28 28 1.752933
960 112 119 28 28 0.956657
960 431 169 36 36 0.939602
960 300 114 24 24 0.614477
960 294 95 24 24 0.150890
960 256 48 64 64 0.084519
960 256 16 64 64 0.009077
990 343 118 28 28 13.064700
990 239 112 28 28 6.524684
990 402 97 24 24 6.035181
990 402 192 23 23 3.250350
990 280 48 64 64 5.962259
990 267 37 64 64 7.844386
990 448 112 27 27 2.492624
990 256 48 64 64 2.190808
990 108 113 24 24 1.911667
990 258 128 32 32 2.486698
990 420 168 48 48 1.987762
990 390 102 24 24 0.970576
990 24 112 32 32 0.816515
990 350 140 40 40 0.661908
990 454 224 28 28 0.573968
990 263 136 32 32 0.481412
990 117 119 28 28 0.587441
990 350 126 28 28 0.256005
990 128 112 32 32 0.103455
1020 350 119 27 27 32.760195
1020 357 126 28 28 5.240992
1020 343 126 28 28 4.755311
1020 365 33 44 44 5.291654
1020 466 113 28 28 8.295492
1020 432 170 36 36 3.063536
1020 283 43 64 64 6.758350
1020 479 102 24 24 2.924488
1020 466 97 27 27 4.207448
1020 113 119 28 28 3.352889
1020 271 35 64 64 7.965353
1020 357 112 28 28 2.361672
1020 457 97 27 27 3.871785
1020 350 98 28 28 2.060008
1020 132 84 24 24 1.744394
1020 119 123 27 27 2.650694
1020 408 168 48 48 3.052030
1020 386 109 23 23 3.074361
1020 238 133 28 28 0.966109
1020 342 112 28 28 0.432996
1020 390 102 24 24 0.352668
1020 126 119 28 28 0.235161
1020 216 126 36 36 0.135442
1020 402 108 24 24 0.092385
1020 336 119 28 28 0.058040
1050 355 119 28 28 43.202922
1050 348 126 27 27 10.766613
1050 343 117 28 28 12.769217
1050 347 112 28 28 10.198490
1050 380 34 45 45 13.534552
1050 258 32 64 64 3.438441
1050 23 127 32 32 2.988651
1050 485 101 24 24 6.397891
1050 244 129 28 28 5.000005
1050 392 23 47 47 10.522261
1050 384 149 32 32 3.116667
1050 462 224 28 28 2.101661
1050 482 96 24 24 1.817993
1050 14 112 28 28 0.895518
1050 352 0 64 64 0.712631
1050 288 40 64 64 1.222019
1050 192 128 32 32 0.568617
1050 462 126 28 28 0.491498
1050 489 108 24 24 0.648327
1050 198 102 24 24 0.122903
1080 355 118 27 27 33.814865
1080 347 111 27 27 10.446141
1080 149 130 29 29 8.962466
1080 240 127 28 28 13.112121
1080 392 152 32 32 11.403912
1080 408 152 32 32 3.581995
1080 343 119 28 28 3.165883
1080 245 133 28 28 2.980574
1080 384 144 32 32 2.802159
1080 350 126 28 28 2.658089
1080 144 114 24 24 2.618245
1080 400 144 32 32 2.235070
1080 489 84 24 24 3.907615
1080 480 84 24 24 1.787413
1080 288 36 48 48 3.326138
1080 402 191 24 24 1.309424
1080 256 22 64 64 2.199144
1080 132 114 24 24 0.686220
1080 408 36 48 48 1.182526
1110 355 117 28 28 24.852324
1110 450 224 28 28 9.929039
1110 468 238 27 27 10.551306
1110 347 111 28 28 7.625934
1110 232 124 28 28 14.183668
1110 143 193 24 24 6.405983
1110 405 112 32 32 5.813344
1110 256 11 64 64 4.610015
1110 415 167 47 47 10.779196
1110 456 231 28 28 5.148086
1110 395 112 32 32 3.733869
1110 245 128 28 28 3.425650
1110 343 119 28 28 1.487403
1110 352 0 64 64 1.403682
1110 464 224 28 28 1.340329
1110 237 133 28 28 0.744325
1110 128 149 32 32 0.806679
1110 480 108 23 23 0.468522
1110 280 112 32 32 0.453027
1110 350 126 28 28 0.377762
1110 7 112 28 28 0.306231
1110 468 122 28 28 0.390033
1110 272 0 64 64 0.005796
1140 355 117 28 28 21.531982
1140 96 194 24 24 13.216996
1140 260 2 64 64 10.019640
1140 225 118 27 27 11.286840
1140 347 112 28 28 8.133736
1140 283 1 62 62 8.323583
1140 27 126 36 36 4.640313
1140 457 132 27 27 7.793018
1140 0 114 24 24 2.338046
1140 343 119 28 28 2.276993
1140 462 120 28 28 2.029371
1140 308 18 36 36 2.020694
1140 106 196 23 23 2.099738
1140 237 126 28 28 0.602538
1140 407 36 48 48 0.760334
1140 272 16 64 64 0.295288
1140 408 112 32 32 0.187674
1170 19 132 28 28 11.328574
1170 390 100 24 24 14.745844
1170 106 193 23 23 8.339275
1170 108 202 23 23 6.696236
1170 415 36 48 48 8.014828
1170 230 119 28 28 3.531082
1170 343 112 28 28 2.384131
1170 288 0 64 64 2.126894
1170 256 0 64 64 1.964882
1170 306 9 36 36 1.332003
1170 26 154 44 44 1.897487
1170 224 114 28 28 1.538456
1170 396 36 48 48 0.767820
1170 6 114 24 24 0.143122
1200 16 131 28 28 17.028106
1200 466 126 29 29 25.733006
1200 18 126 28 28 8.342581
1200 403 112 32 32 9.776571
1200 30 153 43 43 4.212226
1200 0 114 24 24 3.362857
1200 357 98 28 28 3.323336
1200 351 10 64 64 4.811790
1200 238 112 28 28 1.802461
1200 294 114 24 24 1.159423
1200 390 83 23 23 0.871761
1200 256 0 64 64 0.804005
1200 224 112 27 27 0.591681
1200 119 112 28 28 0.473677
1200 108 191 24 24 0.461998
1200 384 36 48 48 0.844960
1200 32 48 64 64 0.295255
1200 16 112 32 32 0.129458
1200 16 152 32 32 0.065894
1230 454 113 28 28 28.279122
1230 355 30 45 45 16.130996
1230 29 140 39 39 6.752870
1230 449 98 28 28 7.094466
1230 263 27 46 46 13.044100
1230 113 125 28 28 14.192834
1230 7 112 27 27 7.579031
1230 16 113 24 24 6.544326
1230 180 32 44 44 7.938599
1230 415 32 48 48 25.232638
1230 351 4 64 64 5.856539
1230 299 96 24 24 10.288873
1230 289 101 24 24 5.107726
1230 197 32 44 44 3.086479
1230 403 22 48 48 12.182256
1230 0 128 31 31 3.328838
1230 417 12 48 48 7.142820
1230 27 158 40 40 6.841678
1230 119 119 28 28 6.138184
1230 462 119 27 27 1.863295
1230 389 96 24 24 1.822393
1230 355 19 51 51 4.316766
1230 448 119 28 28 1.541681
1230 395 36 48 48 2.978650
1230 396 107 24 24 1.180285
1230 392 11 32 32 1.786646
1230 237 231 28 28 1.984824
1230 390 114 24 24 0.750366
1230 396 12 48 48 1.138178
1230 112 112 28 28 0.344872
1230 224 231 28 28 0.273902
1230 7 98 28 28 0.033921
1260 409 32 48 48 47.165730
1260 28 140 40 40 8.287130
1260 25 156 42 42 21.593675
1260 462 98 28 28 12.141616
1260 385 102 24 24 14.183702
1260 480 107 24 24 10.014386
1260 304 100 24 24 10.361635
1260 393 28 48 48 20.846266
1260 420 24 48 48 8.322344
1260 293 106 23 23 6.481348
1260 192 34 46 46 11.004669
1260 264 28 47 47 11.141720
1260 380 33 44 44 7.702301
1260 1 114 28 28 7.409562
1260 5 117 28 28 8.572049
1260 388 95 23 23 6.353718
1260 1 126 28 28 3.012118
1260 181 33 44 44 4.206876
1260 448 98 28 28 2.093629
1260 25 170 39 39 3.967922
1260 397 100 24 24 4.079681
1260 2 155 42 42 2.615114
1260 288 24 48 48 3.148208
1260 288 102 23 23 2.647762
1260 494 102 24 24 2.409788
1260 48 48 64 64 1.347119
1260 497 105 24 24 2.232044
1260 14 114 28 28 1.531419
1260 498 96 24 24 0.916375
1260 448 119 28 28 0.595038
1260 0 98 28 28 0.545910
1260 350 140 40 40 0.454757
1260 408 12 48 48 0.180458
1260 294 96 24 24 0.021862
1290 492 114 23 23 26.195917
1290 455 113 28 28 25.875334
1290 396 112 24 24 19.134482
1290 32 154 43 43 7.430105
1290 0 112 32 32 6.454948
1290 447 115 28 28 11.029239
1290 480 114 24 24 5.152911
1290 260 0 64 64 7.254550
1290 13 131 29 29 15.617173
1290 27 170 46 46 16.955595
1290 469 115 28 28 8.014285
1290 304 112 24 24 9.601388
1290 462 119 28 28 3.585869
1290 295 112 24 24 9.351165
1290 409 36 48 48 11.625344
1290 389 96 23 23 5.002646
1290 264 35 48 48 5.329214
1290 288 108 24 24 2.630075
1290 288 36 48 48 4.428186
1290 300 108 24 24 2.173887
1290 224 98 28 28 2.052812
1290 384 84 24 24 1.880372
1290 402 108 24 24 1.820791
1290 27 201 47 47 7.509393
1290 388 36 47 47 4.878714
1290 396 84 24 24 1.359869
1290 27 190 46 46 2.666205
1290 264 261 32 32 1.162803
1290 7 126 28 28 0.778713
1290 343 0 28 28 0.734082
1290 192 36 48 48 1.356174
1290 497 294 24 24 0.644290
1290 390 108 24 24 0.635071
1290 144 272 32 32 0.316189
1290 16 112 32 32 0.166531
1290 0 216 48 48 0.109168
1290 0 136 32 32 0.012168
1320 466 117 28 28 19.545864
1320 28 155 43 43 18.423003
1320 28 172 42 42 31.721150
1320 462 112 27 27 13.684850
1320 5 131 29 29 18.667396
1320 262 2 64 64 10.920606
1320 400 84 24 24 6.055418
1320 383 112 24 24 5.810757
1320 453 116 28 28 11.320151
1320 357 125 28 28 6.479614
1320 30 190 40 40 3.452708
1320 231 98 28 28 3.276326
1320 106 193 24 24 5.970946
1320 12 168 48 48 5.231798
1320 288 7 64 64 4.314690
1320 420 36 48 48 4.563052
1320 303 114 24 24 3.889120
1320 108 201 24 24 3.595388
1320 280 26 55 55 3.682067
1320 462 125 28 28 1.884473
1320 300 108 24 24 1.282077
1320 0 112 32 32 1.133768
1320 448 112 28 28 1.017915
1320 357 112 28 28 0.686078
1320 396 36 48 48 1.340222
1320 0 126 28 28 0.384762
1320 369 198 44 44 0.341759
1350 2 177 42 42 56.216105
1350 8 185 42 42 17.857292
1350 3 158 42 42 17.522761
1350 10 170 41 41 29.475191
1350 22 154 43 43 14.238328
1350 398 144 32 32 14.354326
1350 285 9 64 64 9.461316
1350 392 149 32 32 13.044171
1350 34 168 46 46 8.338487
1350 271 4 64 64 4.612942
1350 385 112 32 32 3.966072
1350 352 5 64 64 4.627075
1350 16 174 43 43 12.145295
1350 384 147 32 32 5.009784
1350 394 133 32 32 5.898372
1350 96 108 24 24 2.306055
1350 352 29 64 64 4.577215
1350 408 148 32 32 3.802445
1350 492 84 24 24 1.305300
1350 21 224 28 28 1.361713
1350 0 198 44 44 0.968027
1350 488 108 24 24 1.435117
1350 480 102 24 24 0.766151
1350 245 112 28 28 0.735457
1350 0 84 24 24 0.200693
1350 238 126 28 28 0.139783
1350 420 24 48 48 0.085406
1380 455 124 28 28 29.807926
1380 447 122 27 27 12.109089
1380 9 171 41 41 31.160441
1380 462 119 28 28 4.100495
1380 17 178 39 39 11.133076
1380 3 158 42 42 14.389650
1380 352 12 64 64 6.063973
1380 273 15 64 64 6.809976
1380 24 166 37 37 6.256811
1380 397 36 47 47 8.061652
1380 357 124 28 28 1.512931
1380 408 24 48 48 2.064206
1380 462 133 28 28 0.753628
1380 20 140 40 40 0.631359
1380 287 0 64 64 0.565714
1380 0 180 40 40 0.456958
1380 256 112 32 32 0.455949
1380 6 17 24 24 0.186110
1410 283 14 64 64 18.074982
1410 351 126 28 28 12.783570
1410 388 128 32 32 8.987192
1410 1 165 40 40 16.422069
1410 11 151 37 37 10.551922
1410 355 133 28 28 4.047959
1410 16 146 36 36 9.798968
1410 0 102 24 24 2.415673
1410 15 102 24 24 3.809178
1410 256 20 64 64 2.346047
1410 3 141 38 38 2.552420
1410 352 7 64 64 2.489474
1410 48 16 64 64 1.119686
1410 261 112 32 32 1.587426
1410 272 0 64 64 1.044750
1410 450 126 36 36 0.759674
1410 459 0 36 36 0.087789
1410 387 136 32 32 0.051932
1440 384 136 32 32 10.806792
1440 37 17 64 64 7.594163
1440 265 127 32 32 5.180590
1440 451 98 28 28 6.322104
1440 408 152 32 32 2.331784
1440 492 84 24 24 2.264200
1440 96 96 24 24 2.147992
1440 1 172 38 38 5.239434
1440 4 142 37 37 3.559052
1440 154 113 28 28 2.278667
1440 275 28 64 64 5.177763
1440 105 113 24 24 3.144898
1440 168 112 27 27 0.943006
1440 132 83 23 23 0.856231
1440 431 144 36 36 0.644359
1440 396 114 24 24 0.145873
1440 288 16 64 64 0.091593
1440 256 112 32 32 0.044173
1470 3 145 35 35 26.999824
1470 0 168 37 37 17.313127
1470 492 98 24 24 8.119376
1470 345 119 28 28 5.277806
1470 126 112 28 28 3.549922
1470 484 18 24 24 4.535511
1470 455 112 28 28 2.936131
1470 259 128 32 32 3.764374
1470 420 32 48 48 5.833526
1470 256 32 64 64 1.695825
1470 0 0 64 64 1.525712
1470 412 24 48 48 4.343018
1470 336 126 28 28 1.251816
1470 484 102 24 24 1.353520
1470 458 98 28 28 1.715968
1470 272 16 64 64 0.783373
1470 448 98 28 28 0.656242
1470 352 48 64 64 0.503144
1470 350 112 28 28 0.432464
1470 392 112 32 32 0.150667
1470 480 96 24 24 0.128515
1470 8 136 32 32 0.020463
1470 16 152 32 32 0.004004
1500 495 209 24 24 13.453379
1500 0 169 37 37 19.962180
1500 1 145 33 33 12.345247
1500 338 120 27 27 9.589660
1500 261 19 64 64 7.828435
1500 18 99 26 26 4.905578
1500 401 113 27 27 3.803266
1500 21 112 28 28 1.750201
1500 3 152 33 33 3.081008
1500 288 12 64 64 1.325694
1500 343 98 28 28 0.954248
1500 272 32 64 64 0.587696
1500 272 0 64 64 0.276920
1500 343 112 28 28 0.239706
1500 18 192 24 24 0.213984
1500 12 102 24 24 0.135231
1530 0 168 36 36 6.829359
1530 4 22 38 38 14.048519
1530 0 143 32 32 4.105507
1530 386 112 32 32 3.901613
1530 407 112 32 32 2.427319
1530 395 102 24 24 2.749461
1530 343 122 28 28 3.697722
1530 336 119 28 28 1.387127
1530 256 26 64 64 2.146743
1530 390 105 24 24 1.084780
1530 386 102 24 24 0.873926
1530 280 16 64 64 0.330864
1560 389 96 24 24 13.478553
1560 353 133 28 28 7.749927
1560 341 98 28 28 10.253935
1560 352 32 64 64 3.742573
1560 448 126 28 28 3.405923
1560 336 112 28 28 3.205117
1560 468 115 28 28 5.345456
1560 401 130 32 32 3.402153
1560 192 114 24 24 1.537237
1560 256 28 64 64 1.771363
1560 404 134 32 32 2.637700
1560 350 119 28 28 0.786874
1560 462 119 28 28 0.681617
1560 384 102 24 24 0.478724
1560 462 133 28 28 0.278736
1590 15 24 37 37 12.755661
1590 342 98 28 28 8.643108
1590 385 113 23 23 5.320976
1590 456 144 36 36 4.143972
1590 344 112 27 27 5.164644
1590 132 114 24 24 1.901012
1590 400 111 24 24 5.099191
1590 390 109 24 24 5.211799
1590 384 139 32 32 3.014201
1590 401 102 24 24 1.371482
1590 384 21 47 47 2.782488
1590 0 20 40 40 0.499144
1620 492 96 24 24 19.961057
1620 354 112 27 27 12.539936
1620 112 114 27 27 11.599701
1620 406 149 32 32 9.693880
1620 389 36 47 47 16.974150
1620 340 111 28 28 6.696696
1620 392 112 31 31 12.717943
1620 18 100 24 24 5.051018
1620 492 84 24 24 3.380262
1620 21 127 28 28 4.422987
1620 352 41 64 64 5.069818
1620 354 97 27 27 4.202675
1620 408 112 32 32 2.490880
1620 288 36 48 48 4.769254
1620 255 25 64 64 3.411557
1620 458 0 36 36 1.456409
1620 491 106 24 24 2.007267
1620 399 128 32 32 0.798518
1620 7 112 32 32 0.776848
1620 462 231 28 28 0.519696
1620 400 144 32 32 0.399103
1620 24 112 32 32 0.097213
1620 384 0 32 32 0.032082
1650 393 14 30 30 15.677061
1650 354 112 28 28 10.984122
1650 455 128 28 28 16.042695
1650 102 109 24 24 14.896024
1650 340 112 28 28 6.194426
1650 462 133 28 28 3.200413
1650 108 114 24 24 3.120429
1650 393 36 48 48 7.765066
1650 447 130 28 28 4.812722
1650 258 21 64 64 5.121399
1650 285 32 50 50 5.835410
1650 126 133 28 28 1.977923
1650 384 11 32 32 3.673836
1650 488 12 24 24 2.954698
1650 95 113 24 24 1.310590
1650 357 21 27 27 0.631453
1650 486 0 24 24 0.497894
1650 192 112 32 32 0.180392
1680 462 5 33 33 20.506210
1680 479 15 24 24 11.113917
1680 482 6 24 24 7.087816
1680 486 12 24 24 3.265047
1680 400 0 32 32 3.152965
1680 463 132 28 28 4.762462
1680 468 128 28 28 4.248297
1680 269 0 64 64 2.611517
1680 469 0 28 28 2.114345
1680 16 136 32 32 1.314149
1680 408 112 32 32 0.844692
1680 256 10 64 64 1.223054
1680 256 0 32 32 0.784482
1680 390 107 24 24 0.572354
1680 450 0 36 36 0.437567
1680 356 112 27 27 0.379148
1680 24 130 32 32 0.174193
1710 390 112 32 32 11.704895
1710 449 117 28 28 12.681964
1710 397 17 24 24 7.350222
1710 355 0 57 57 3.403936
1710 272 0 64 64 0.705207
1710 462 119 28 28 0.603497
1710 402 12 24 24 0.232438
1740 466 118 27 27 9.335044
1740 352 7 64 64 5.826138
1740 340 112 28 28 2.774728
1740 391 35 48 48 3.603856
1740 6 96 24 24 1.146892
1740 462 111 28 28 1.069736
1740 12 108 24 24 0.265723
1740 198 126 36 36 0.259806
1740 480 0 24 24 0.086652
1770 108 108 23 23 2.750132
1770 354 112 28 28 2.374420
1770 469 130 28 28 2.694609
1770 352 0 64 64 1.169257
1770 420 35 48 48 2.166420
1770 198 126 36 36 0.857936
1770 350 98 28 28 0.568004
1800 256 21 64 64 9.147665
1800 449 123 28 28 10.231010
1800 105 101 24 24 5.831150
1800 352 0 64 64 2.806239
1800 458 119 28 28 3.677327
1800 469 119 28 28 1.509462
1800 461 126 28 28 1.156302
1800 154 98 28 28 0.729025
1800 224 121 28 28 0.743769
1800 384 36 48 48 0.850376
1800 272 32 64 64 0.202706
1800 7 133 28 28 0.031978
1830 491 18 23 23 15.940781
1830 256 21 64 64 7.786120
1830 469 125 28 28 10.386034
1830 197 114 24 24 4.367671
1830 408 24 32 32 2.745683
1830 448 115 28 28 5.115805
1830 96 96 24 24 2.394339
1830 466 111 27 27 3.572146
1830 352 0 64 64 1.894929
1830 6 111 28 28 2.689234
1830 21 98 28 28 1.707456
1830 458 111 28 28 2.533043
1830 339 119 28 28 1.276410
1830 0 0 64 64 0.605451
1830 389 105 23 23 1.085233
1830 480 107 24 24 0.372080
1830 132 114 24 24 0.291978
