30 245 14 28 28 4.909978
60 220 0 40 40 5.387193
90 11 176 44 44 8.096964
120 220 10 40 40 6.582736
150 0 168 48 48 5.602557
180 240 0 40 40 8.144011
210 240 0 40 40 9.987847
240 240 10 40 40 8.749526
270 256 16 32 32 9.667891
300 264 16 32 32 9.682665
330 264 16 32 32 9.867150
360 256 24 32 32 9.335954
390 240 20 40 40 7.708721
420 12 108 24 24 4.979629
450 392 152 32 32 8.219948
480 432 144 36 36 8.936076
510 24 152 32 32 8.278605
540 128 136 32 32 9.831459
570 32 32 64 64 8.187659
600 32 32 64 64 8.396624
630 315 126 36 36 8.643280
660 315 126 36 36 8.965389
690 256 48 64 64 6.542778
720 256 32 64 64 6.693634
750 256 32 64 64 6.577960
780 256 32 64 64 6.989456
810 256 32 64 64 7.032381
840 256 32 64 64 7.407543
870 256 32 64 64 7.687834
900 400 112 32 32 6.783803
930 272 32 64 64 8.611019
960 306 126 36 36 8.653053
990 272 112 32 32 6.585983
1020 272 32 64 64 7.732057
1050 280 136 32 32 8.657566
1080 272 32 64 64 7.765701
1110 280 136 32 32 8.139132
1140 280 136 32 32 6.429371
1170 343 133 28 28 9.870523
1200 168 98 28 28 5.944830
1230 396 114 24 24 9.752176
1260 198 6 24 24 7.035564
1290 306 96 24 24 9.251308
1320 272 128 32 32 9.904566
1350 0 0 32 32 6.306541
1380 450 171 36 36 8.307473
1410 12 96 24 24 5.378126
1440 459 126 36 36 4.922581
1470 352 32 64 64 5.542308
1500 459 144 36 36 5.605536
1530 384 198 24 24 3.936935
1560 288 126 36 36 2.567152
1590 306 144 36 36 9.060216
1620 112 112 28 28 8.277267
1650 21 126 28 28 7.072531
1680 0 119 28 28 3.906412
1710 108 114 24 24 6.228477
1740 102 114 24 24 5.301630
1770 350 112 28 28 4.609784
1800 48 16 64 64 4.838962
1830 102 114 24 24 7.053866
