30 256 16 64 64 5.714616
60 306 27 36 36 8.333065
90 315 9 36 36 8.753753
120 315 0 36 36 9.564644
150 392 128 32 32 8.770011
180 280 112 32 32 5.433533
210 392 128 32 32 9.288154
240 384 128 32 32 9.570764
270 119 133 28 28 5.220331
300 272 16 64 64 7.048501
330 154 98 28 28 3.002020
360 96 114 24 24 8.268111
390 294 108 24 24 6.364284
420 16 0 64 64 3.677449
450 24 112 32 32 8.993384
480 0 36 48 48 8.034576
510 32 0 64 64 3.974655
540 0 0 64 64 4.548410
570 21 112 28 28 6.730822
600 21 112 28 28 4.260765
630 0 133 28 28 4.080775
660 336 21 28 28 3.765266
690 264 128 32 32 3.069222
720 280 136 32 32 4.600594
750 297 144 36 36 3.726633
780 315 144 36 36 3.706922
810 21 112 28 28 6.488845
840 112 119 28 28 5.157468
870 112 119 28 28 2.793566
900 280 128 32 32 4.095399
930 480 210 24 24 5.887907
960 402 96 24 24 7.703002
990 402 96 24 24 3.197171
1020 396 0 24 24 3.527238
1050 396 0 24 24 3.101812
1080 448 133 28 28 4.116532
1110 455 133 28 28 3.833826
1140 102 294 24 24 4.826128
1170 448 133 28 28 6.838245
1200 455 126 28 28 3.936198
1230 462 119 28 28 9.331958
1260 455 133 28 28 3.256440
1290 352 0 64 64 2.681433
1320 462 133 28 28 4.307281
1350 462 133 28 28 4.938840
1380 462 133 28 28 3.701760
1410 462 133 28 28 3.675100
1440 462 133 28 28 4.401883
1470 462 133 28 28 4.097298
1500 462 133 28 28 4.449881
1530 462 126 28 28 3.959659
1560 455 126 28 28 3.964472
1590 455 126 28 28 3.704947
1620 462 21 28 28 4.470389
1650 448 133 28 28 3.915955
1680 455 126 28 28 3.733885
1710 455 126 28 28 3.800338
1740 455 126 28 28 3.883940
1770 455 126 28 28 3.695050
1800 455 126 28 28 3.701079
1830 455 126 28 28 3.795850
