30 176 144 32 32 4.117750
60 336 126 28 28 7.589548
90 400 128 32 32 7.963589
120 6 114 24 24 6.138682
150 315 144 36 36 5.559587
180 264 128 32 32 6.837122
210 462 231 28 28 4.852079
240 450 162 36 36 6.703264
270 462 133 28 28 4.709774
300 469 133 28 28 7.880076
330 343 133 28 28 8.533065
360 352 48 64 64 5.100374
390 450 27 36 36 6.338937
420 340 140 40 40 9.837068
450 402 198 24 24 5.404579
480 272 16 64 64 3.344120
510 352 32 64 64 7.054011
540 224 126 28 28 3.718617
570 350 133 28 28 4.778477
600 441 126 36 36 5.455795
630 256 32 64 64 3.126323
660 384 128 32 32 7.462175
690 352 32 64 64 6.824320
720 352 16 64 64 2.397063
750 392 136 32 32 3.371117
780 306 126 36 36 7.075413
810 168 119 28 28 7.683628
840 154 112 28 28 7.687070
870 48 16 64 64 5.734675
900 272 32 64 64 3.349401
930 408 152 32 32 8.239283
960 330 140 40 40 5.433253
990 408 152 32 32 6.795872
1020 350 160 40 40 5.293215
1050 168 126 28 28 5.543194
1080 288 16 64 64 6.008583
1110 400 112 32 32 3.232010
1140 459 126 36 36 7.369300
1170 264 112 32 32 5.489720
1200 24 128 32 32 3.903441
1230 352 32 64 64 6.643465
1260 343 119 28 28 5.347647
1290 432 126 36 36 8.438443
1320 384 128 32 32 4.769582
1350 24 136 32 32 3.922072
1380 256 32 64 64 7.814509
1410 280 112 32 32 7.223668
1440 357 126 28 28 8.211824
1470 441 153 36 36 8.985055
1500 256 32 64 64 6.586645
1530 48 16 64 64 5.178198
1560 384 144 32 32 5.768423
1590 402 114 24 24 6.834795
1620 396 198 24 24 6.018874
1650 469 133 28 28 7.229612
1680 306 126 36 36 7.020948
1710 272 128 32 32 7.293122
1740 128 112 32 32 4.690929
1770 384 192 24 24 8.951863
1800 128 112 32 32 6.122090
1830 112 126 28 28 5.068044
