30 22 154 44 44 1.634690
60 16 48 64 64 1.808109
120 469 126 28 28 0.870829
150 264 36 48 48 5.874273
180 272 0 64 64 9.165357
210 350 133 28 28 7.153853
240 256 16 64 64 9.453356
270 288 16 64 64 7.319385
300 384 112 32 32 9.645292
330 336 112 28 28 8.268636
360 272 16 64 64 5.527755
390 486 84 24 24 8.979504
420 256 32 64 64 6.815978
450 402 84 24 24 4.744653
480 343 133 28 28 9.525100
510 384 112 32 32 8.025830
540 343 112 28 28 9.930423
570 408 136 32 32 7.230505
600 288 16 64 64 6.397465
630 280 24 32 32 7.015937
660 256 16 64 64 6.963946
690 336 119 28 28 3.204025
720 280 112 32 32 3.906540
750 396 198 24 24 3.545972
780 272 112 32 32 3.843352
810 450 171 36 36 9.121230
840 469 7 28 28 7.973638
870 256 16 64 64 5.406933
900 264 112 32 32 4.553095
930 256 16 64 64 4.358566
960 128 128 32 32 4.951594
990 357 119 28 28 5.781262
1020 350 21 28 28 4.692550
1050 256 32 64 64 6.578076
1080 22 176 44 44 3.775572
1110 20 190 40 40 4.709297
1140 384 128 32 32 6.406476
1170 392 112 32 32 7.332326
1200 272 112 32 32 7.484180
1230 343 126 28 28 7.620934
1260 119 126 28 28 6.523312
1290 112 126 28 28 6.534735
1320 245 126 28 28 6.681585
1350 256 112 32 32 7.657181
1380 343 112 28 28 7.007468
1410 402 84 24 24 5.030397
1440 336 133 28 28 8.291804
1470 231 126 28 28 6.644657
1500 400 112 32 32 5.655556
1530 224 126 28 28 4.599426
1560 402 84 24 24 4.339658
1590 264 112 32 32 5.443472
1620 11 176 44 44 6.718659
1650 272 112 32 32 7.029572
1680 272 48 64 64 7.614890
1710 420 0 48 48 6.176342
1740 288 32 64 64 4.648454
1770 486 84 24 24 7.601340
1800 128 136 32 32 6.090737
1830 231 133 28 28 6.233863
