30 132 192 24 24 5.211849
60 350 160 40 40 6.370623
90 0 224 28 28 5.610774
120 396 96 24 24 6.242454
150 10 180 40 40 7.240322
180 390 108 24 24 9.289382
210 492 114 24 24 8.201783
240 154 133 28 28 6.015419
270 288 16 64 64 6.156139
300 384 128 32 32 5.508659
330 8 152 32 32 6.657147
360 0 154 44 44 4.805685
390 462 231 28 28 6.183303
420 480 6 24 24 6.156735
450 432 171 36 36 8.657333
480 48 0 64 64 5.204233
510 480 210 24 24 7.321204
540 231 133 28 28 6.571159
570 176 33 44 44 3.889346
600 256 16 64 64 6.376559
630 280 144 32 32 9.733651
660 238 126 28 28 9.807158
690 16 152 32 32 9.493246
720 384 136 32 32 4.662861
750 408 128 32 32 7.461830
780 176 112 32 32 8.140724
810 272 32 64 64 6.220990
840 408 8 32 32 7.586472
870 154 112 28 28 7.950407
900 408 0 48 48 8.539689
930 168 98 28 28 6.744940
960 102 108 24 24 8.209445
990 22 33 44 44 9.583625
1020 33 33 44 44 9.648796
1050 0 30 40 40 6.011850
1080 0 0 64 64 7.343075
1110 144 114 24 24 9.140141
1140 154 126 28 28 6.218401
1170 154 119 28 28 5.702779
1200 153 126 36 36 4.078619
1230 198 198 24 24 4.310651
1260 0 204 24 24 2.109458
1290 128 128 32 32 2.969126
1320 224 112 28 28 2.109860
1350 32 48 64 64 7.717442
1380 486 198 24 24 5.692050
1410 264 144 32 32 4.660953
1440 408 136 32 32 5.222127
1470 272 128 32 32 2.242733
1500 306 192 24 24 3.044226
1530 315 126 36 36 4.924729
1560 162 144 36 36 4.185524
1590 288 192 48 48 5.079962
1620 192 128 32 32 3.472657
1650 192 128 32 32 2.152673
1680 132 96 24 24 2.042428
1710 176 136 32 32 3.679241
1740 162 126 36 36 3.599720
1770 153 126 36 36 3.907414
1800 144 126 36 36 5.021225
1830 144 126 36 36 3.733469
