30 432 126 36 36 8.131777
60 450 144 36 36 9.440779
90 272 32 64 64 5.956970
120 315 144 36 36 7.288691
150 340 140 40 40 7.738642
180 363 154 44 44 5.534997
210 297 126 36 36 3.491705
240 288 126 36 36 4.812488
270 315 144 36 36 4.838585
300 402 192 24 24 7.887118
330 288 48 64 64 7.345554
360 400 136 32 32 2.985477
390 8 128 32 32 3.237820
420 0 126 36 36 1.724368
450 24 144 32 32 4.476582
480 336 126 28 28 2.255422
510 198 154 44 44 3.807162
540 455 126 28 28 4.552665
570 24 128 32 32 3.000145
600 459 144 36 36 4.841272
630 392 144 32 32 4.921642
660 6 192 24 24 6.779994
690 176 144 32 32 8.543231
720 392 136 32 32 9.191877
750 400 128 32 32 5.831607
780 408 128 32 32 9.662264
810 400 136 32 32 9.768246
840 432 126 36 36 7.347419
870 374 0 44 44 4.205653
900 459 0 36 36 6.926198
930 32 32 64 64 5.598007
960 384 152 32 32 7.775115
990 384 112 32 32 8.272724
1020 390 102 24 24 7.930522
1050 336 119 28 28 7.899175
1080 231 119 28 28 7.328534
1110 288 36 48 48 5.142479
1140 288 0 64 64 9.193758
1170 216 36 48 48 5.530641
1200 288 102 24 24 7.753146
1230 408 128 32 32 8.064301
1260 272 48 64 64 8.506260
1290 384 128 32 32 7.046323
1320 112 133 28 28 9.253230
1350 8 136 32 32 9.659589
1380 216 126 36 36 6.527554
1410 192 136 32 32 6.419795
1440 144 126 36 36 7.129842
1470 288 48 64 64 5.032014
1500 176 152 32 32 9.963613
1530 320 170 40 40 5.071944
1560 264 154 44 44 6.559137
1590 357 126 28 28 5.429599
1620 352 16 64 64 8.640615
1650 238 133 28 28 7.470698
1680 462 238 28 28 5.838881
1710 12 96 24 24 5.742851
1740 231 119 28 28 6.959770
1770 0 126 36 36 6.525773
1800 48 16 64 64 5.587344
1830 245 119 28 28 6.778767
