30 352 29 64 64 7.211032
30 449 128 28 28 10.975418
30 387 112 32 32 8.934257
30 19 128 34 34 16.795035
30 123 98 28 28 5.977716
30 18 84 24 24 3.497496
30 126 238 28 28 2.659941
30 288 168 48 48 4.330758
30 103 209 24 24 3.275198
30 0 126 35 35 2.164875
30 320 190 40 40 1.506441
30 400 112 32 32 1.465895
30 355 232 27 27 2.971315
30 402 96 24 24 1.076516
30 391 108 24 24 1.208347
30 6 96 23 23 0.729770
30 402 84 24 24 0.606116
30 264 209 44 44 0.537388
30 396 103 24 24 0.737393
30 154 238 28 28 0.314548
30 455 133 28 28 0.270054
60 449 127 28 28 12.841704
60 352 28 64 64 7.990992
60 387 112 32 32 8.935634
60 18 84 24 24 3.857849
60 20 126 35 35 8.682836
60 126 237 28 28 2.900491
60 288 168 48 48 3.639642
60 356 231 28 28 3.423836
60 126 133 28 28 1.728295
60 320 190 40 40 1.487508
60 315 126 36 36 1.401503
60 402 84 24 24 1.012338
60 0 126 36 36 0.917462
60 154 238 28 28 0.753881
60 402 96 24 24 0.559934
60 264 209 44 44 0.438569
60 48 32 64 64 0.416425
60 6 96 24 24 0.322869
90 450 127 28 28 18.591762
90 352 29 64 64 6.248964
90 388 112 32 32 8.962164
90 17 84 24 24 3.961437
90 22 128 34 34 10.183116
90 355 231 27 27 6.163067
90 126 131 28 28 3.461941
90 126 238 28 28 2.568134
90 454 133 28 28 2.255656
90 288 167 47 47 3.529350
90 320 190 40 40 1.602570
90 0 96 23 23 1.670830
90 402 96 24 24 1.499967
90 315 126 36 36 1.443840
90 9 126 36 36 1.070954
90 48 32 64 64 1.023475
90 462 126 28 28 0.862392
90 264 209 44 44 0.611818
90 384 128 32 32 0.516905
90 402 84 24 24 0.514141
90 154 238 28 28 0.308467
90 102 204 24 24 0.116410
90 390 102 24 24 0.008252
90 340 190 40 40 0.004485
120 452 127 28 28 18.321433
120 450 133 28 28 9.687700
120 352 30 64 64 6.575800
120 16 84 24 24 5.792859
120 387 112 32 32 8.010884
120 20 127 35 35 12.339907
120 355 231 28 28 7.476964
120 0 96 24 24 2.941746
120 402 96 24 24 2.489254
120 126 132 28 28 2.576821
120 264 209 44 44 2.234735
120 126 237 28 28 2.209639
120 340 190 40 40 1.758982
120 401 84 24 24 1.461145
120 154 238 28 28 1.000504
120 102 204 23 23 0.882830
120 48 32 64 64 0.678873
120 432 126 36 36 0.351698
150 450 131 27 27 27.405836
150 15 83 23 23 11.458040
150 352 29 64 64 7.028916
150 8 84 24 24 10.253216
150 451 126 28 28 8.443665
150 462 133 28 28 3.755464
150 351 230 28 28 8.806884
150 388 112 32 32 5.536200
150 401 96 24 24 3.210407
150 13 126 36 36 4.087756
150 126 133 28 28 1.990055
150 108 209 23 23 1.647681
150 328 186 40 40 3.139734
150 354 238 28 28 1.443400
150 154 97 27 27 0.934860
150 264 209 44 44 0.827529
150 389 128 32 32 1.116981
150 390 108 24 24 0.782143
150 0 96 24 24 0.709025
150 432 126 36 36 0.443568
150 27 126 36 36 0.423689
180 436 126 36 36 13.129309
180 389 136 32 32 19.197369
180 15 97 24 24 18.920794
180 9 101 24 24 12.484241
180 6 96 24 24 4.889850
180 352 48 64 64 4.241765
180 0 104 24 24 4.566064
180 452 126 36 36 3.540895
180 384 128 32 32 2.239540
180 384 144 32 32 2.234030
180 15 104 25 25 4.344054
180 401 111 23 23 2.475837
180 119 133 28 28 1.368746
180 0 192 23 23 1.353875
180 6 84 24 24 1.248419
180 119 112 28 28 1.197288
180 48 48 64 64 1.110080
180 7 143 36 36 2.633777
180 390 95 24 24 0.763450
180 350 126 28 28 0.665710
180 126 98 28 28 0.487549
180 402 102 24 24 0.353115
180 400 128 32 32 0.090522
210 389 149 32 32 19.048258
210 7 101 26 26 31.407833
210 15 106 24 24 24.745569
210 12 112 24 24 20.486645
210 441 144 36 36 14.523812
210 288 3 24 24 8.087771
210 195 198 24 24 13.279385
210 0 108 24 24 9.866584
210 194 204 23 23 6.901407
210 123 117 28 28 8.307679
210 384 143 32 32 3.562902
210 399 144 32 32 3.319086
210 391 108 24 24 4.891283
210 310 144 36 36 5.488389
210 96 201 24 24 3.860880
210 209 208 24 24 3.237440
210 459 126 36 36 2.077108
210 118 126 28 28 2.087042
210 399 114 24 24 3.400565
210 194 192 24 24 2.334578
210 288 171 36 36 1.087295
210 459 144 36 36 0.872755
210 432 153 36 36 0.469483
210 304 209 24 24 0.554765
210 288 48 64 64 0.407609
210 199 210 24 24 0.609635
210 204 206 24 24 0.543685
210 170 160 40 40 0.238239
240 7 102 25 25 32.846238
240 1 104 24 24 21.205853
240 447 144 36 36 11.224170
240 311 144 36 36 8.232853
240 12 114 24 24 12.412030
240 384 146 32 32 10.845139
240 18 109 24 24 9.782194
240 402 149 32 32 8.716370
240 400 108 23 23 3.820444
240 431 144 36 36 2.722561
240 125 115 29 29 6.772597
240 170 170 40 40 2.016332
240 395 104 24 24 2.628096
240 288 48 64 64 0.681564
240 154 133 28 28 0.544790
240 0 96 24 24 0.203796
240 119 112 28 28 0.164486
240 408 36 48 48 0.132890
270 5 97 24 24 32.203713
270 10 102 23 23 13.311046
270 0 101 24 24 5.345291
270 445 27 36 36 8.687320
270 335 129 27 27 7.887313
270 315 126 36 36 4.206957
270 19 99 26 26 5.998765
270 448 144 35 35 3.981973
270 420 24 48 48 5.521882
270 288 32 64 64 2.171311
270 459 27 36 36 2.169093
270 126 133 28 28 1.930353
270 408 134 32 32 3.127964
270 458 126 36 36 1.267580
270 192 195 24 24 2.143528
270 119 112 28 28 1.076922
270 4 84 24 24 1.077094
270 0 288 24 24 0.763068
270 450 18 36 36 0.671984
270 162 162 36 36 0.591844
270 392 136 32 32 0.550445
270 402 108 24 24 0.412922
270 12 0 24 24 0.254644
300 400 135 32 32 19.461167
300 1 84 24 24 7.706457
300 337 131 28 28 9.045225
300 2 96 24 24 8.792816
300 405 141 32 32 10.516320
300 341 120 27 27 11.302106
300 491 193 24 24 5.151953
300 26 188 42 42 9.692482
300 486 96 24 24 2.878425
300 15 184 43 43 9.006597
300 126 131 28 28 2.807448
300 4 101 24 24 2.317525
300 25 176 44 44 2.448127
300 0 167 47 47 2.771916
300 459 126 36 36 1.247331
300 398 114 24 24 2.224977
300 392 128 32 32 1.105464
300 14 224 28 28 0.472227
300 336 112 28 28 0.429540
300 315 126 36 36 0.315488
330 350 125 27 27 6.185002
330 131 207 23 23 5.532997
330 352 41 64 64 5.652139
330 440 126 36 36 2.580154
330 216 126 36 36 2.113911
330 384 96 24 24 2.074500
330 352 113 28 28 4.012532
330 108 210 24 24 1.052711
330 288 0 64 64 0.563853
330 406 128 32 32 0.540964
360 1 181 40 40 13.621674
360 144 206 23 23 5.890857
360 437 126 36 36 5.744361
360 6 171 38 38 6.346706
360 288 106 24 24 1.893226
360 352 48 64 64 1.383780
360 3 160 40 40 1.971094
360 288 48 64 64 0.918446
360 132 207 24 24 1.736436
360 144 171 36 36 0.649549
360 441 18 36 36 0.565644
360 481 192 23 23 0.612195
360 352 33 44 44 0.190660
360 18 288 24 24 0.153705
390 207 191 24 24 7.471453
390 12 225 48 48 25.969488
390 115 112 28 28 6.202262
390 144 192 24 24 3.038095
390 395 17 32 32 6.416717
390 459 112 28 28 3.906353
390 0 216 48 48 4.833570
390 195 191 23 23 3.820573
390 270 152 32 32 2.711003
390 24 216 48 48 3.800326
390 263 131 32 32 3.665693
390 498 96 24 24 1.754235
390 405 24 32 32 2.301903
390 299 193 24 24 2.625894
390 22 288 36 36 1.708802
390 264 147 32 32 1.509370
390 36 228 48 48 1.624790
390 162 153 36 36 0.670386
390 420 36 48 48 1.267072
390 132 192 24 24 0.129922
390 238 119 28 28 0.095097
390 498 84 24 24 0.091402
390 0 133 28 28 0.036925
420 352 41 64 64 9.324509
420 14 21 31 31 19.808963
420 239 125 28 28 19.194894
420 395 198 24 24 13.392476
420 22 205 47 47 39.186164
420 15 2 30 30 15.208619
420 7 15 33 33 24.399502
420 242 209 44 44 3.652428
420 419 14 48 48 8.209006
420 35 211 47 47 11.335684
420 398 114 24 24 5.597547
420 0 16 30 30 9.825752
420 12 191 47 47 4.735160
420 245 133 28 28 1.919313
420 1 132 32 32 5.375300
420 357 112 28 28 1.955256
420 402 204 24 24 1.819192
420 10 98 28 28 2.816727
420 351 15 64 64 1.488471
420 16 12 31 31 2.281291
420 242 245 27 27 1.874070
420 209 105 24 24 2.042828
420 0 0 34 34 2.275582
420 245 119 28 28 1.061742
420 390 204 24 24 1.021416
420 199 216 48 48 3.393278
420 154 98 28 28 0.986836
420 230 133 28 28 0.768578
420 240 140 40 40 0.604275
420 195 96 24 24 0.858747
420 192 99 24 24 0.804871
420 0 22 34 34 0.597375
420 192 204 47 47 0.826856
420 191 24 48 48 0.762040
420 102 0 24 24 0.338737
420 154 119 28 28 0.277732
420 216 24 48 48 0.519392
420 12 216 47 47 0.242890
420 390 191 24 24 0.079180
450 20 1 33 33 21.518357
450 3 9 27 27 21.984974
450 242 132 27 27 9.262370
450 405 151 32 32 8.472276
450 241 192 43 43 9.634689
450 0 1 30 30 19.716605
450 214 168 48 48 8.188612
450 229 130 28 28 8.464838
450 12 4 33 33 8.453065
450 235 125 27 27 6.412520
450 20 98 28 28 2.899067
450 223 129 28 28 4.965506
450 497 207 23 23 5.113049
450 176 128 32 32 2.228323
450 357 16 27 27 3.166029
450 336 98 28 28 2.035974
450 349 98 28 28 1.920596
450 264 34 48 48 1.828844
450 336 126 28 28 0.736935
450 242 176 44 44 0.637663
450 0 0 44 44 0.525716
450 126 14 28 28 0.309036
450 12 18 24 24 0.003891
480 216 125 35 35 7.794165
480 364 176 44 44 9.340753
480 32 27 64 64 9.485829
480 385 176 44 44 2.733392
480 6 15 64 64 4.519928
480 176 141 32 32 4.102810
480 193 107 24 24 3.435741
480 47 22 64 64 3.655101
480 256 128 32 32 1.978773
480 274 10 32 32 4.995546
480 130 128 32 32 2.202533
480 264 176 43 43 1.616694
480 264 136 32 32 1.544951
480 132 96 24 24 1.537439
480 176 128 32 32 1.020400
480 198 114 24 24 0.849869
480 154 133 28 28 0.714434
480 168 133 28 28 0.166406
480 357 230 28 28 0.034796
480 176 33 44 44 0.020461
510 220 165 40 40 7.839179
510 20 128 32 32 19.720450
510 320 172 40 40 4.227946
510 12 97 24 24 7.724425
510 12 112 32 32 3.759347
510 4 126 28 28 4.299692
510 3 112 32 32 3.276826
510 6 206 24 24 3.452989
510 325 180 40 40 2.871885
510 12 208 24 24 1.435204
510 352 32 64 64 1.076600
510 18 101 24 24 0.628660
510 6 101 24 24 0.570745
510 224 133 28 28 0.236842
510 48 16 64 64 0.209463
510 238 133 28 28 0.132337
540 456 131 28 28 13.899775
540 385 148 32 32 12.184211
540 462 119 27 27 21.862140
540 16 144 32 32 16.666855
540 465 112 27 27 9.729908
540 468 129 28 28 8.197839
540 392 143 32 32 8.281758
540 10 127 33 33 14.547701
540 272 19 64 64 12.405163
540 338 131 28 28 9.103118
540 20 136 33 33 11.875288
540 22 148 32 32 6.624563
540 20 27 64 64 6.643973
540 0 113 26 26 5.367204
540 256 24 64 64 5.075078
540 0 124 30 30 4.536267
540 492 111 23 23 3.805554
540 384 136 32 32 1.231420
540 126 133 28 28 1.140152
540 288 32 64 64 0.976609
540 443 126 36 36 1.322515
540 216 171 36 36 0.431319
540 144 171 36 36 0.381386
540 492 102 24 24 0.366276
570 390 192 24 24 18.329893
570 345 140 40 40 11.896773
570 279 142 32 32 7.904622
570 0 112 32 32 3.777622
570 396 197 24 24 8.005167
570 257 15 64 64 3.855739
570 408 9 32 32 5.151592
570 402 194 24 24 4.934031
570 288 126 36 36 2.300820
570 448 14 28 28 2.172926
570 132 198 24 24 1.535605
570 0 128 32 32 1.389827
570 0 48 64 64 1.292798
570 192 112 32 32 1.225211
570 143 200 24 24 2.188196
570 492 6 24 24 1.050213
570 343 133 28 28 0.916164
570 357 133 28 28 0.773286
570 269 0 64 64 0.411110
570 448 112 28 28 0.182143
570 288 48 64 64 0.168989
600 272 2 64 64 15.781483
600 400 128 32 32 10.794899
600 301 144 35 35 8.957153
600 352 43 64 64 5.500151
600 260 20 64 64 8.522550
600 395 112 32 32 6.052740
600 25 161 36 36 9.537769
600 315 146 36 36 4.339824
600 451 0 35 35 3.123308
600 295 125 35 35 6.628594
600 294 96 24 24 2.367893
600 352 3 64 64 2.862830
600 288 36 48 48 4.290210
600 384 114 24 24 2.017911
600 432 171 36 36 1.850632
600 9 143 38 38 2.165977
600 192 112 32 32 1.380260
600 17 157 36 36 3.826624
600 336 126 28 28 1.126116
600 107 192 24 24 0.998091
600 6 133 28 28 0.769134
600 396 36 48 48 1.382216
600 97 192 24 24 0.823021
600 306 153 36 36 0.659553
630 97 195 24 24 15.225446
630 3 131 33 33 10.126677
630 288 0 64 64 4.234788
630 103 192 24 24 4.478874
630 399 192 23 23 7.641432
630 15 137 32 32 5.036409
630 107 114 24 24 2.869404
630 352 48 64 64 2.861340
630 23 47 64 64 5.086769
630 491 108 23 23 3.011869
630 462 127 28 28 4.908473
630 469 225 27 27 2.948320
630 2 142 32 32 4.952139
630 256 112 32 32 1.835021
630 469 133 28 28 1.360363
630 340 30 40 40 0.691321
630 144 192 24 24 0.640827
630 108 198 24 24 0.598868
630 454 98 28 28 0.564569
630 392 136 32 32 0.366548
630 162 126 36 36 0.062948
660 495 84 24 24 9.862807
660 108 192 24 24 5.134160
660 132 192 24 24 3.620924
660 430 25 37 37 3.487784
660 41 48 64 64 4.474401
660 419 0 48 48 5.801980
660 0 136 32 32 2.664314
660 483 84 24 24 2.816985
660 256 22 64 64 2.559615
660 256 40 64 64 2.140466
660 374 11 44 44 0.471143
660 315 126 36 36 0.035980
690 386 193 24 24 15.334802
690 132 192 24 24 5.370565
690 387 197 24 24 7.126915
690 144 191 24 24 2.746948
690 350 140 40 40 2.726805
690 353 133 27 27 4.361344
690 48 48 64 64 2.369666
690 395 191 24 24 1.513941
690 256 32 64 64 0.868846
690 280 112 32 32 0.819775
690 288 32 64 64 0.269938
690 447 98 28 28 0.078996
720 131 193 24 24 7.686670
720 12 128 34 34 9.758273
720 144 194 24 24 8.502244
720 405 142 32 32 10.258940
720 0 204 23 23 13.954216
720 48 44 64 64 4.356997
720 403 136 32 32 5.170069
720 498 114 24 24 2.537014
720 300 6 24 24 2.564568
720 480 210 24 24 2.418596
720 17 144 32 32 5.287730
720 0 131 29 29 1.767965
720 469 98 28 28 1.423313
720 7 198 23 23 1.479136
720 0 162 36 36 0.962422
720 21 139 33 33 0.792708
720 23 112 31 31 0.406941
720 392 144 32 32 0.319209
720 306 0 24 24 0.187310
750 1 18 64 64 14.185952
750 13 125 27 27 16.005320
750 454 144 36 36 10.111319
750 485 97 24 24 10.469540
750 385 149 32 32 6.488100
750 42 47 64 64 5.023181
750 482 101 24 24 8.882061
750 439 144 36 36 3.459352
750 7 112 32 32 4.669013
750 392 144 32 32 1.019873
750 7 133 27 27 0.839629
750 384 136 32 32 0.409771
750 21 120 28 28 0.875450
750 231 119 28 28 0.316617
750 231 133 27 27 0.297378
750 396 192 24 24 0.146653
780 352 48 64 64 4.521935
780 3 11 64 64 7.489431
780 387 128 32 32 4.368605
780 419 19 47 47 6.327384
780 288 114 24 24 1.708621
780 390 136 32 32 2.122254
780 492 84 24 24 1.636095
780 408 133 32 32 1.845269
780 336 112 28 28 1.157003
780 47 39 64 64 2.032118
780 498 206 23 23 1.660702
780 0 121 28 28 1.307333
780 480 210 24 24 0.388909
810 386 135 32 32 22.385806
810 492 97 23 23 18.407520
810 392 128 32 32 4.000797
810 357 131 28 28 4.202906
810 98 114 24 24 6.036739
810 392 144 32 32 3.208116
810 453 112 28 28 7.920849
810 350 98 28 28 3.176696
810 486 102 23 23 3.035623
810 337 131 28 28 5.835318
810 292 113 23 23 5.731004
810 447 119 28 28 2.701415
810 450 153 36 36 2.466609
810 498 102 24 24 2.417199
810 108 113 24 24 2.047153
810 144 114 24 24 1.995925
810 493 84 24 24 2.175616
810 343 126 28 28 1.410661
810 144 128 32 32 1.150241
810 462 133 28 28 1.106721
810 132 114 24 24 0.689513
840 434 146 36 36 26.633922
840 441 155 36 36 8.745085
840 337 121 27 27 11.680547
840 349 126 28 28 11.047022
840 355 131 27 27 6.925864
840 240 117 28 28 8.448407
840 243 114 28 28 8.191280
840 352 48 64 64 2.982732
840 392 144 32 32 2.883081
840 432 162 36 36 2.314772
840 396 114 23 23 1.930229
840 3 20 34 34 2.935238
840 8 123 28 28 3.668400
840 176 112 32 32 1.511878
840 403 152 32 32 2.539806
840 3 115 29 29 2.512993
840 0 2 64 64 1.120017
840 432 126 36 36 0.661753
840 390 96 24 24 0.426892
840 350 112 28 28 0.236068
840 448 132 28 28 0.234333
840 450 144 36 36 0.190286
840 245 126 28 28 0.001981
870 485 209 24 24 29.405834
870 481 202 24 24 16.562310
870 349 131 28 28 18.607124
870 454 117 28 28 15.902599
870 466 112 28 28 7.623905
870 447 164 35 35 11.962499
870 450 114 28 28 11.845611
870 245 130 28 28 5.627688
870 405 150 32 32 8.484599
870 401 143 32 32 11.016804
870 400 131 32 32 6.337715
870 343 126 28 28 3.161116
870 390 106 24 24 4.324202
870 431 162 36 36 2.781152
870 357 124 28 28 3.263601
870 351 118 28 28 2.917739
870 441 171 36 36 2.006176
870 459 171 36 36 1.805179
870 480 192 24 24 1.613918
870 432 144 36 36 1.352366
870 492 204 24 24 1.156892
870 119 112 27 27 1.153249
870 168 118 28 28 1.162348
870 384 128 32 32 0.973953
870 245 119 28 28 0.942164
870 408 136 32 32 0.715555
870 256 15 64 64 0.694815
870 485 114 24 24 0.595565
870 418 36 48 48 0.967790
870 440 153 36 36 0.373354
870 485 198 24 24 0.261388
900 342 131 28 28 19.544691
900 385 141 32 32 8.597024
900 440 152 36 36 8.784651
900 352 48 64 64 3.453601
900 346 126 28 28 6.240934
900 24 112 32 32 3.368140
900 126 119 27 27 3.024554
900 168 119 27 27 2.557573
900 18 131 28 28 6.207555
900 7 131 28 28 3.195888
900 245 133 28 28 2.303729
900 485 200 23 23 3.509032
900 434 146 36 36 5.310232
900 280 112 32 32 1.997975
900 450 170 35 35 5.626140
900 374 33 44 44 1.094952
900 336 126 28 28 0.965464
900 392 136 32 32 0.681315
900 14 126 28 28 0.571933
900 396 114 24 24 0.495433
900 256 16 64 64 0.373837
900 396 24 48 48 0.548578
900 126 98 28 28 0.051857
930 492 108 24 24 22.238025
930 434 168 36 36 10.701614
930 498 114 24 24 4.332164
930 394 22 47 47 25.736676
930 344 133 28 28 8.827260
930 356 114 27 27 6.315949
930 144 112 32 32 3.497710
930 416 20 48 48 17.335204
930 354 131 28 28 8.250218
930 154 128 28 28 5.464483
930 498 102 24 24 2.789626
930 351 124 28 28 5.726849
930 352 48 64 64 2.446577
930 486 111 24 24 4.190235
930 20 132 28 28 2.647049
930 16 112 32 32 2.302142
930 384 31 44 44 3.049234
930 431 150 36 36 3.132676
930 388 12 47 47 7.026404
930 469 21 27 27 1.877306
930 456 126 36 36 2.016197
930 408 12 48 48 2.264816
930 441 162 36 36 0.736643
930 390 151 32 32 0.782433
930 280 112 32 32 0.460509
930 441 126 36 36 0.263621
930 112 97 27 27 0.198141
930 352 0 64 64 0.058468
930 238 133 28 28 0.030509
960 433 162 36 36 12.975959
960 463 224 28 28 8.546761
960 396 151 32 32 7.824641
960 24 32 64 64 6.048404
960 441 167 36 36 5.585852
960 354 133 28 28 3.956269
960 482 209 23 23 3.233112
960 458 22 36 36 3.118871
960 245 133 28 28 1.559135
960 491 95 24 24 1.351295
960 385 114 24 24 1.668606
960 126 133 28 28 0.804232
960 352 48 64 64 0.582977
960 455 119 28 28 0.570952
960 392 128 32 32 0.566773
960 350 126 28 28 0.534743
960 420 168 48 48 0.516410
960 420 0 47 47 0.248064
960 0 48 64 64 0.113117
990 349 131 28 28 25.447390
990 439 168 36 36 20.309633
990 384 134 32 32 13.101321
990 5 30 64 64 9.523058
990 357 126 28 28 3.668520
990 396 114 24 24 3.578222
990 432 161 36 36 3.847435
990 343 126 28 28 3.400807
990 352 48 64 64 3.280112
990 496 206 24 24 7.759248
990 443 152 36 36 5.065768
990 450 161 35 35 6.544857
990 176 128 32 32 2.172366
990 485 198 24 24 6.892164
990 480 207 23 23 4.498086
990 256 32 64 64 2.091328
990 490 210 24 24 2.576328
990 384 1 48 48 4.228054
990 336 132 28 28 1.762483
990 10 16 64 64 2.315490
990 24 128 32 32 1.289118
990 462 133 28 28 0.658856
990 392 128 32 32 0.610517
990 432 126 36 36 0.546992
990 384 112 32 32 0.442503
990 480 192 24 24 0.380073
990 432 9 36 36 0.371641
990 168 133 28 28 0.141641
1020 354 133 28 28 12.866127
1020 391 134 32 32 20.740103
1020 434 165 36 36 12.777185
1020 176 131 32 32 8.784540
1020 399 128 32 32 12.202826
1020 280 32 64 64 8.070898
1020 340 132 28 28 7.280968
1020 406 112 32 32 4.827940
1020 352 34 64 64 8.429301
1020 256 31 64 64 3.590613
1020 400 144 32 32 3.390388
1020 166 131 29 29 3.992884
1020 1 194 46 46 9.866988
1020 440 171 36 36 2.518490
1020 155 125 35 35 2.856680
1020 280 128 32 32 1.945669
1020 408 136 32 32 1.615310
1020 0 32 64 64 1.486549
1020 486 6 24 24 0.258295
1020 384 128 32 32 0.251770
1050 338 133 28 28 9.934568
1050 408 128 32 32 5.824470
1050 277 128 32 32 6.402832
1050 385 133 32 32 7.917552
1050 2 243 28 28 9.314677
1050 283 33 64 64 6.712775
1050 420 3 48 48 8.533302
1050 385 0 44 44 2.673869
1050 4 238 28 28 3.930889
1050 168 133 28 28 2.042226
1050 352 27 64 64 2.496383
1050 449 152 36 36 1.758650
1050 461 128 32 32 3.944424
1050 23 187 43 43 2.037083
1050 176 136 32 32 1.434252
1050 143 126 36 36 0.826028
1050 268 16 64 64 1.530177
1050 350 133 28 28 0.769895
1050 216 126 36 36 0.701170
1050 420 24 48 48 0.976408
1050 13 245 27 27 0.472348
1050 272 48 64 64 0.109062
1080 392 129 32 32 24.823392
1080 7 108 24 24 21.577950
1080 15 112 24 24 10.967531
1080 148 129 31 31 11.835218
1080 351 133 27 27 10.208430
1080 19 242 28 28 10.009300
1080 168 133 28 28 3.868645
1080 2 99 26 26 7.797054
1080 351 35 64 64 4.745250
1080 392 112 32 32 3.646807
1080 384 136 32 32 3.575079
1080 408 128 32 32 3.257306
1080 349 112 27 27 3.583457
1080 285 30 64 64 4.226076
1080 8 244 28 28 7.570594
1080 1 199 44 44 5.771022
1080 12 237 28 28 3.657493
1080 277 128 32 32 3.094139
1080 448 133 28 28 1.663525
1080 392 144 32 32 1.485400
1080 216 126 36 36 1.470709
1080 24 128 32 32 1.278441
1080 400 136 32 32 1.052489
1080 144 136 32 32 0.808587
1080 336 112 28 28 0.324102
1080 175 128 32 32 0.027287
1080 462 133 28 28 0.018707
1110 351 31 64 64 14.394420
1110 142 131 32 32 17.298343
1110 0 190 45 45 17.641318
1110 168 130 28 28 7.487526
1110 7 100 26 26 9.577274
1110 436 126 36 36 8.095646
1110 150 128 30 30 11.849595
1110 138 129 33 33 11.318499
1110 13 112 24 24 9.911434
1110 141 112 32 32 5.708555
1110 354 97 27 27 5.621740
1110 396 128 32 32 6.623215
1110 336 98 28 28 3.355784
1110 153 119 28 28 3.271038
1110 450 131 30 30 6.565738
1110 6 194 45 45 11.833834
1110 20 237 27 27 6.282315
1110 16 105 25 25 3.148616
1110 395 106 24 24 2.620306
1110 288 23 64 64 3.835083
1110 408 136 32 32 1.996430
1110 384 128 32 32 1.977556
1110 167 119 28 28 1.778469
1110 462 133 28 28 1.547192
1110 357 112 28 28 1.252663
1110 256 16 64 64 1.068723
1110 272 128 32 32 1.127767
1110 5 209 44 44 1.182798
1110 14 245 28 28 0.624436
1110 462 21 28 28 0.129457
1140 352 40 64 64 18.499360
1140 168 114 28 28 12.324508
1140 385 136 32 32 21.200657
1140 387 114 23 23 12.080057
1140 390 130 32 32 13.626469
1140 396 97 24 24 8.311607
1140 352 16 64 64 3.344568
1140 384 95 23 23 3.817851
1140 16 108 24 24 3.907527
1140 397 143 32 32 6.337779
1140 18 244 28 28 4.480434
1140 216 126 36 36 2.075211
1140 0 198 45 45 5.973259
1140 168 131 27 27 2.704478
1140 390 100 24 24 2.330226
1140 420 24 48 48 3.304620
1140 3 194 46 46 5.486504
1140 0 108 23 23 1.499755
1140 15 238 28 28 1.745042
1140 288 48 64 64 0.986775
1140 256 32 64 64 0.967179
1140 126 133 28 28 0.739745
1140 384 36 48 48 1.375552
1140 438 126 36 36 1.088681
1140 29 167 47 47 1.787544
1140 402 102 24 24 0.435822
1140 16 256 32 32 0.158172
1140 408 152 32 32 0.125012
1170 125 131 29 29 26.136547
1170 352 41 64 64 14.032902
1170 401 102 24 24 12.538649
1170 388 83 23 23 12.605462
1170 128 112 32 32 4.114994
1170 11 128 31 31 10.739202
1170 438 126 36 36 4.754113
1170 2 256 32 32 3.707200
1170 405 141 32 32 6.375772
1170 32 195 44 44 3.119298
1170 380 33 44 44 3.783713
1170 176 112 32 32 1.710710
1170 21 136 30 30 4.882108
1170 256 32 64 64 1.469464
1170 10 245 27 27 2.839117
1170 402 84 24 24 1.432670
1170 278 112 32 32 1.406773
1170 0 241 28 28 1.435038
1170 480 6 24 24 0.468180
1170 396 108 24 24 0.292210
1200 130 130 31 31 17.294122
1200 2 83 23 23 6.864197
1200 16 145 33 33 7.818159
1200 21 148 32 32 6.730399
1200 336 132 28 28 3.007354
1200 260 21 64 64 7.392825
1200 413 12 48 48 8.499730
1200 136 112 32 32 2.019403
1200 22 198 44 44 1.168317
1200 2 289 24 24 3.078689
1200 154 98 28 28 1.016396
1200 272 32 64 64 0.772832
1200 0 256 32 32 0.691981
1200 8 126 36 36 0.655812
1200 24 128 32 32 0.632313
1200 192 128 32 32 0.346868
1200 126 112 28 28 0.246263
1200 136 136 32 32 0.094227
1230 119 132 28 28 20.721944
1230 343 132 27 27 16.880185
1230 261 13 64 64 10.397325
1230 168 130 28 28 6.026857
1230 384 152 32 32 3.753079
1230 144 99 24 24 6.645950
1230 16 194 45 45 9.994888
1230 154 133 28 28 3.209277
1230 288 29 64 64 4.946105
1230 384 114 24 24 2.823092
1230 495 13 24 24 6.573727
1230 353 119 28 28 5.387331
1230 452 0 27 27 5.015305
1230 268 0 64 64 4.673941
1230 397 16 32 32 4.752854
1230 343 121 28 28 3.759991
1230 486 12 24 24 2.000816
1230 8 136 32 32 1.853395
1230 192 128 32 32 1.786932
1230 127 127 30 30 2.270628
1230 112 126 28 28 1.594779
1230 357 98 28 28 1.425200
1230 402 95 24 24 1.205966
1230 448 9 28 28 1.700630
1230 492 18 24 24 1.009727
1230 350 126 27 27 0.177709
1230 374 33 44 44 0.065001
1260 337 130 28 28 14.152050
1260 449 130 28 28 11.186333
1260 283 31 64 64 15.404963
1260 12 130 29 29 14.503617
1260 391 36 48 48 17.606906
1260 352 24 64 64 7.315209
1260 354 131 27 27 9.270530
1260 345 126 28 28 5.109788
1260 256 24 64 64 5.853805
1260 10 194 45 45 15.229935
1260 336 115 28 28 5.813470
1260 1 130 29 29 8.784268
1260 264 16 64 64 5.488996
1260 125 119 28 28 6.100560
1260 256 0 64 64 2.488469
1260 136 112 32 32 5.332308
1260 402 111 24 24 3.432825
1260 455 126 28 28 1.670301
1260 113 119 27 27 2.356733
1260 154 125 27 27 1.579768
1260 490 6 23 23 1.682474
1260 432 27 36 36 1.172258
1260 231 133 27 27 1.166491
1260 272 48 64 64 1.071447
1260 444 171 36 36 1.646988
1260 447 113 28 28 0.992223
1260 14 98 28 28 0.773828
1260 117 123 28 28 1.224148
1260 0 209 44 44 0.487058
1260 272 112 32 32 0.321395
1260 396 108 24 24 0.131846
1290 124 116 28 28 25.845687
1290 349 130 27 27 13.639969
1290 342 120 28 28 17.662582
1290 352 40 64 64 9.502899
1290 457 132 27 27 9.705973
1290 119 111 28 28 4.468222
1290 114 125 28 28 13.105506
1290 418 27 47 47 14.631308
1290 283 29 64 64 8.633360
1290 136 112 32 32 3.375170
1290 3 196 46 46 16.455030
1290 261 18 64 64 5.266358
1290 350 23 40 40 3.874204
1290 168 126 28 28 2.470566
1290 386 152 32 32 3.266194
1290 3 207 45 45 5.540407
1290 389 84 24 24 1.810119
1290 335 126 28 28 1.810045
1290 461 126 27 27 3.361342
1290 337 112 27 27 2.235768
1290 374 15 44 44 2.007986
1290 462 98 28 28 1.012545
1290 30 140 40 40 0.843821
1290 390 114 24 24 0.414922
1290 25 192 42 42 0.968724
1290 469 133 28 28 0.191094
1290 16 16 64 64 0.140233
1290 408 12 48 48 0.094628
1320 432 152 36 36 15.340434
1320 7 128 31 31 11.507364
1320 340 112 27 27 9.341119
1320 355 124 28 28 11.710580
1320 175 128 32 32 5.238561
1320 450 98 28 28 6.889084
1320 112 120 28 28 5.534275
1320 384 150 32 32 4.997835
1320 288 32 64 64 9.125600
1320 493 208 24 24 6.655757
1320 0 203 44 44 6.939220
1320 400 2 32 32 8.321201
1320 420 28 48 48 8.942828
1320 405 5 32 32 6.427756
1320 348 119 28 28 2.855968
1320 108 105 24 24 3.108085
1320 337 119 28 28 2.158905
1320 0 187 44 44 1.420686
1320 192 128 32 32 1.259876
1320 396 24 48 48 2.396958
1320 491 196 24 24 1.102545
1320 124 126 28 28 1.231798
1320 498 204 24 24 0.712199
1320 21 133 27 27 0.600138
1320 168 133 28 28 0.444588
1320 18 113 24 24 0.427956
1320 480 114 24 24 0.407440
1320 288 0 64 64 0.388799
1320 488 192 24 24 0.562344
1320 136 112 32 32 0.353984
1320 16 16 64 64 0.040341
1350 352 21 64 64 13.269567
1350 387 112 32 32 10.483678
1350 450 97 27 27 9.660039
1350 119 125 28 28 16.530001
1350 452 168 35 35 10.206929
1350 447 146 35 35 9.354921
1350 398 34 48 48 16.048302
1350 341 112 28 28 9.294208
1350 444 161 35 35 7.655551
1350 176 132 32 32 7.050897
1350 453 24 36 36 9.111727
1350 444 125 35 35 5.915554
1350 455 16 36 36 6.625478
1350 124 131 28 28 6.310947
1350 162 126 36 36 2.808204
1350 396 0 48 48 4.752904
1350 21 28 40 40 4.204457
1350 269 0 64 64 2.482214
1350 441 18 36 36 2.041027
1350 459 112 27 27 3.240678
1350 351 48 64 64 1.973487
1350 288 35 49 49 3.999838
1350 432 144 36 36 1.861368
1350 459 162 36 36 1.787263
1350 98 96 24 24 2.891245
1350 112 119 28 28 1.585039
1350 127 115 30 30 2.251196
1350 338 118 28 28 1.557792
1350 462 98 28 28 0.861657
1350 384 128 32 32 0.793726
1350 192 108 24 24 0.400008
1350 204 113 24 24 0.353608
1350 0 239 27 27 0.374446
1350 480 192 24 24 0.221637
1350 119 112 28 28 0.192734
1350 210 108 24 24 0.101884
1380 400 112 32 32 13.685319
1380 350 113 27 27 21.576869
1380 272 3 64 64 16.489914
1380 352 29 64 64 10.502506
1380 284 26 55 55 15.109942
1380 448 133 28 28 3.511912
1380 135 128 32 32 3.043859
1380 341 119 27 27 3.827129
1380 335 113 28 28 3.337619
1380 400 128 32 32 2.304969
1380 199 108 24 24 3.079793
1380 15 84 24 24 3.114845
1380 459 27 36 36 1.793991
1380 357 119 28 28 1.766433
1380 8 84 24 24 2.544222
1380 256 16 64 64 0.715909
1380 432 126 36 36 0.418413
1380 264 154 44 44 0.132335
1410 273 1 64 64 25.097421
1410 19 115 29 29 29.702159
1410 27 126 36 36 5.055543
1410 12 33 64 64 10.857199
1410 355 112 28 28 6.235016
1410 433 144 36 36 3.560272
1410 288 29 53 53 6.822262
1410 4 48 64 64 2.889562
1410 12 112 29 29 2.623989
1410 462 21 28 28 1.399406
1410 132 114 23 23 1.398355
1410 460 133 28 28 1.713993
1410 352 16 64 64 1.029529
1410 450 9 36 36 0.915177
1410 256 16 64 64 0.381982
1410 192 108 24 24 0.009826
1440 273 0 64 64 21.693205
1440 4 128 34 34 9.837491
1440 306 112 24 24 5.987609
1440 112 98 28 28 4.334755
1440 17 141 32 32 11.057438
1440 10 47 64 64 5.312219
1440 106 110 24 24 6.187767
1440 288 34 49 49 5.600663
1440 101 103 23 23 4.046746
1440 448 12 28 28 2.175036
1440 98 107 23 23 2.860183
1440 22 133 32 32 1.464930
1440 132 101 24 24 0.986835
1440 384 112 32 32 0.750412
1440 432 0 36 36 0.638968
1440 450 2 32 32 1.271513
1440 43 48 64 64 0.789043
1440 352 98 28 28 0.571772
1440 390 0 24 24 0.156542
1440 357 112 28 28 0.024870
1470 9 167 37 37 29.615162
1470 5 98 27 27 9.240029
1470 3 161 39 39 25.582567
1470 385 108 24 24 16.109958
1470 20 162 39 39 16.985095
1470 15 113 23 23 10.234863
1470 275 0 64 64 8.921965
1470 389 112 23 23 17.054129
1470 5 117 28 28 14.247763
1470 288 36 47 47 6.700358
1470 389 97 23 23 5.335108
1470 0 112 26 26 5.122004
1470 402 114 24 24 2.015584
1470 210 113 24 24 2.157363
1470 469 0 28 28 1.920683
1470 498 15 24 24 2.615169
1470 144 206 24 24 2.305160
1470 154 98 28 28 1.070017
1470 104 84 24 24 1.888826
1470 154 111 28 28 0.517529
1470 396 108 24 24 0.505129
1470 306 107 24 24 0.324951
1470 102 108 24 24 0.232263
1470 0 126 28 28 0.188811
1500 4 83 23 23 10.150304
1500 467 112 27 27 6.353713
1500 399 96 24 24 7.614774
1500 13 257 32 32 9.758133
1500 277 18 56 56 13.136060
1500 9 264 32 32 12.614617
1500 393 28 48 48 14.207552
1500 210 101 24 24 2.535318
1500 0 212 47 47 9.876203
1500 356 33 43 43 4.267808
1500 137 137 32 32 2.887207
1500 113 97 27 27 2.412604
1500 465 133 28 28 3.019895
1500 16 272 32 32 1.531417
1500 384 36 48 48 2.647020
1500 154 98 28 28 1.182723
1500 18 293 24 24 1.074673
1500 102 96 24 24 0.960514
1500 132 114 23 23 0.493370
1500 0 272 32 32 0.455574
1500 245 112 28 28 0.274863
1500 468 126 28 28 0.151807
1530 208 110 24 24 10.943911
1530 106 114 23 23 3.769605
1530 364 33 44 44 5.251331
1530 204 111 23 23 4.809827
1530 21 98 28 28 2.374050
1530 144 112 24 24 2.938100
1530 154 112 28 28 1.986363
1530 16 113 24 24 2.200630
1530 385 35 47 47 7.315678
1530 491 113 24 24 1.164567
1530 2 98 28 28 1.320963
1530 272 0 64 64 0.741755
1530 154 98 28 28 0.615924
1530 192 114 24 24 0.429186
1530 407 36 48 48 0.718874
1530 469 133 27 27 0.176273
1530 454 0 28 28 0.137097
1530 288 24 48 48 0.191908
1530 168 98 28 28 0.087718
1530 468 112 28 28 0.022585
1560 386 34 47 47 25.412131
1560 406 23 32 32 5.975047
1560 130 112 32 32 5.697653
1560 279 145 32 32 4.637341
1560 352 0 64 64 3.821725
1560 420 30 48 48 11.272374
1560 16 84 24 24 3.702474
1560 153 130 28 28 4.632944
1560 193 114 24 24 3.447464
1560 384 96 24 24 2.474848
1560 352 31 64 64 2.371623
1560 204 112 23 23 4.878130
1560 144 114 24 24 1.398675
1560 18 108 24 24 1.286904
1560 108 103 24 24 2.982908
1560 374 22 44 44 1.140309
1560 126 126 28 28 1.132008
1560 288 29 48 48 4.101096
1560 274 151 32 32 1.755761
1560 396 114 23 23 0.910947
1560 210 108 24 24 0.726941
1560 168 98 28 28 0.262445
1560 396 24 48 48 0.126556
1560 336 98 28 28 0.057483
1590 149 128 30 30 22.745143
1590 126 113 29 29 13.552079
1590 455 169 36 36 13.968350
1590 144 112 30 30 15.081384
1590 16 96 24 24 6.175889
1590 154 115 28 28 8.899690
1590 194 154 44 44 6.237247
1590 382 30 46 46 17.313349
1590 210 208 24 24 4.623525
1590 348 24 40 40 6.876494
1590 218 164 38 38 5.500287
1590 351 0 64 64 2.951709
1590 144 137 32 32 3.122602
1590 311 27 36 36 4.540133
1590 182 157 41 41 5.036590
1590 437 171 35 35 3.752118
1590 480 114 24 24 1.718530
1590 390 84 24 24 1.646538
1590 498 208 24 24 2.375761
1590 206 114 24 24 1.948234
1590 0 16 64 64 0.958743
1590 416 167 47 47 2.054254
1590 204 204 24 24 0.550445
1590 154 98 28 28 0.237622
1590 330 20 40 40 0.224209
1590 24 24 32 32 0.107990
1620 154 114 28 28 9.251596
1620 16 96 24 24 5.980314
1620 336 98 28 28 4.171386
1620 383 30 46 46 17.839673
1620 168 112 28 28 3.629492
1620 22 171 36 36 7.105158
1620 389 101 24 24 6.799513
1620 441 143 36 36 6.904769
1620 271 0 64 64 6.530177
1620 29 140 40 40 2.878343
1620 256 39 64 64 4.721700
1620 404 36 48 48 6.831758
1620 315 144 36 36 2.366914
1620 27 162 36 36 2.060909
1620 6 111 24 24 2.931042
1620 108 198 24 24 1.819512
1620 8 97 24 24 3.995123
1620 24 24 32 32 1.670931
1620 352 0 64 64 1.632531
1620 343 119 28 28 1.381055
1620 272 48 64 64 1.249984
1620 126 112 28 28 1.143703
1620 144 114 24 24 0.857084
1620 384 96 23 23 0.798808
1620 459 144 36 36 0.761547
1620 336 126 28 28 0.305338
1620 297 144 36 36 0.030151
1650 355 225 28 28 14.035070
1650 337 167 39 39 14.357513
1650 336 98 28 28 4.858567
1650 17 96 23 23 6.427151
1650 132 114 24 24 4.277924
1650 168 112 27 27 3.521692
1650 154 112 28 28 3.071687
1650 323 189 40 40 3.234153
1650 332 182 40 40 4.049663
1650 7 95 24 24 2.814534
1650 390 101 24 24 3.729799
1650 138 112 29 29 2.436183
1650 381 35 46 46 4.533684
1650 337 187 39 39 3.715503
1650 352 3 64 64 1.784374
1650 282 0 64 64 2.081441
1650 343 224 28 28 1.372561
1650 385 97 24 24 2.149721
1650 238 126 28 28 0.712946
1650 341 125 28 28 0.854585
1650 352 32 64 64 0.016561
1680 336 97 27 27 4.620555
1680 16 96 24 24 6.392819
1680 436 144 35 35 6.927071
1680 7 96 23 23 5.251988
1680 274 0 64 64 6.013525
1680 381 34 45 45 9.084003
1680 144 113 24 24 2.425361
1680 337 126 28 28 2.953601
1680 352 0 64 64 2.338424
1680 257 41 64 64 4.757387
1680 315 144 36 36 1.985312
1680 384 24 48 48 3.474168
1680 386 96 23 23 2.555652
1680 406 35 47 47 2.930302
1680 453 144 36 36 1.835337
1680 292 153 36 36 1.962786
1680 6 106 24 24 1.857740
1680 297 144 36 36 0.530516
1680 390 102 24 24 0.140538
1680 24 24 32 32 0.088546
1710 336 98 28 28 6.083073
1710 16 97 24 24 10.589416
1710 434 146 36 36 10.936023
1710 168 116 28 28 5.329602
1710 352 0 64 64 3.067484
1710 381 34 46 46 10.785190
1710 272 0 64 64 5.640416
1710 336 126 27 27 2.329519
1710 8 96 24 24 4.257355
1710 154 117 28 28 2.427613
1710 256 42 64 64 2.381631
1710 454 144 36 36 2.506249
1710 402 36 48 48 4.383090
1710 352 32 64 64 0.688922
1710 384 96 24 24 0.643321
1710 6 106 24 24 0.761931
1710 288 144 36 36 0.524634
1710 305 153 36 36 0.398214
1710 136 112 32 32 0.245714
1710 384 24 48 48 0.251182
1740 336 97 27 27 5.556437
1740 352 30 64 64 10.543783
1740 496 208 24 24 7.154666
1740 352 7 64 64 6.889934
1740 486 208 23 23 8.943617
1740 127 115 30 30 5.435180
1740 275 0 64 64 7.225065
1740 481 199 24 24 6.831721
1740 126 130 29 29 5.055392
1740 17 96 23 23 4.121596
1740 380 34 45 45 7.865897
1740 431 144 36 36 2.598916
1740 288 150 36 36 2.681823
1740 306 147 36 36 2.665163
1740 216 126 36 36 1.625210
1740 457 162 36 36 1.301851
1740 492 204 24 24 1.049970
1740 384 96 24 24 1.024577
1740 256 40 64 64 1.295581
1740 336 126 28 28 0.604684
1740 462 112 28 28 0.492323
1740 5 96 24 24 0.451599
1740 25 25 34 34 0.495815
1770 16 97 24 24 6.034633
1770 168 112 28 28 4.092456
1770 154 115 27 27 6.555409
1770 449 113 27 27 6.321636
1770 453 118 28 28 6.881012
1770 444 125 35 35 5.374062
1770 280 0 64 64 6.047127
1770 385 96 24 24 3.714536
1770 384 36 48 48 5.744038
1770 445 144 36 36 5.696207
1770 352 25 64 64 4.476521
1770 352 7 64 64 3.952637
1770 198 166 36 36 4.007656
1770 204 114 24 24 1.658168
1770 192 208 24 24 2.240239
1770 401 205 24 24 1.920227
1770 180 160 40 40 1.084057
1770 256 1 64 64 1.160172
1770 136 128 32 32 0.890542
1770 398 210 24 24 1.288413
1770 6 96 24 24 0.661983
1770 408 112 32 32 0.594681
1770 268 16 64 64 0.511652
1770 384 209 24 24 0.217758
1770 26 26 35 35 0.165982
1800 351 24 64 64 12.813078
1800 283 0 64 64 6.306848
1800 404 112 32 32 7.251698
1800 17 98 24 24 7.432098
1800 450 117 28 28 7.121868
1800 168 112 28 28 3.239382
1800 126 119 28 28 2.733073
1800 455 126 27 27 2.771109
1800 407 132 32 32 2.723276
1800 392 148 32 32 2.856365
1800 154 112 28 28 1.418483
1800 340 140 40 40 0.859305
1800 352 0 64 64 0.654619
1800 24 24 32 32 0.240384
1800 392 112 32 32 0.198168
1830 352 21 64 64 14.447154
1830 15 97 23 23 11.514329
1830 343 118 28 28 13.148600
1830 6 97 24 24 14.352157
1830 144 104 24 24 6.769984
1830 282 0 64 64 6.172570
1830 404 112 32 32 7.305779
1830 207 193 24 24 9.694961
1830 450 117 28 28 7.647777
1830 384 112 32 32 3.177198
1830 268 10 64 64 6.444577
1830 154 112 28 28 2.647380
1830 337 112 27 27 2.565322
1830 12 102 24 24 1.694456
1830 256 7 64 64 2.515625
1830 0 102 24 24 1.216308
1830 204 198 24 24 1.069255
1830 357 119 28 28 0.987162
1830 198 192 23 23 0.744969
1830 454 126 28 28 0.729131
1830 216 153 36 36 0.502475
1830 25 25 33 33 0.684401
1830 242 126 28 28 0.275183
1830 350 112 28 28 0.050580
