30 338 98 28 28 6.809494
30 353 231 28 28 3.761100
30 264 186 44 44 1.988664
30 339 231 27 27 2.576995
30 466 224 28 28 1.985482
30 227 231 28 28 2.089717
30 7 231 28 28 2.276104
30 21 230 28 28 0.563652
30 240 230 28 28 0.803426
30 242 186 44 44 0.212760
30 119 231 28 28 0.074408
60 396 103 24 24 15.049173
60 1 16 32 32 10.214534
60 384 110 24 24 6.268194
60 354 111 28 28 4.956621
60 2 3 36 36 8.184507
60 8 24 32 32 1.467150
60 17 1 35 35 1.211712
60 402 108 24 24 1.038563
60 154 0 28 28 0.484304
60 192 96 23 23 0.124109
90 395 107 24 24 23.662830
90 396 95 24 24 2.808474
90 288 0 64 64 0.866508
90 402 99 24 24 1.235546
90 448 111 28 28 0.733946
90 390 114 24 24 0.543532
90 390 102 24 24 0.429657
90 396 84 24 24 0.084274
90 402 114 24 24 0.029494
120 18 114 30 30 18.530564
120 453 113 28 28 19.561134
120 384 112 32 32 7.471819
120 384 128 32 32 3.391549
120 351 5 64 64 4.419603
120 448 119 28 28 2.330980
120 21 126 28 28 1.881800
150 408 128 32 32 5.144892
150 26 0 64 64 7.157105
150 106 114 24 24 5.874907
150 352 23 64 64 7.079803
150 402 113 24 24 2.370921
150 408 112 32 32 2.119601
150 9 126 28 28 3.350865
150 122 112 28 28 2.269773
150 21 126 28 28 0.880954
150 455 112 27 27 0.171717
180 242 132 28 28 11.214749
180 144 84 24 24 5.970631
180 102 113 24 24 5.715252
180 450 126 35 35 5.722525
180 176 136 32 32 1.694606
180 9 0 64 64 2.706001
180 450 146 36 36 1.808297
180 362 0 44 44 0.929867
180 351 19 64 64 1.150157
180 462 98 28 28 0.817617
180 132 84 24 24 0.688597
210 351 0 64 64 5.889144
210 468 112 27 27 2.019671
210 384 36 48 48 2.363914
210 144 126 36 36 0.581072
210 357 119 28 28 0.376831
240 449 116 28 28 13.373831
240 3 43 64 64 9.109406
240 351 11 64 64 4.145094
240 459 113 28 28 6.101618
240 489 192 24 24 2.796972
240 245 119 28 28 1.498645
240 238 125 28 28 1.024029
240 187 187 44 44 0.814942
240 320 30 40 40 0.780906
240 16 32 64 64 0.491618
240 144 126 36 36 0.125737
270 461 121 27 27 28.077586
270 451 125 28 28 11.214770
270 448 122 27 27 10.845030
270 469 122 28 28 8.288480
270 240 133 27 27 5.605781
270 353 20 54 54 9.536133
270 0 14 64 64 3.100901
270 16 119 28 28 3.265872
270 432 9 36 36 1.487050
270 21 112 28 28 0.624832
270 18 126 27 27 0.881898
270 390 96 24 24 0.290148
270 216 126 36 36 0.061541
300 4 3 64 64 7.139256
300 352 25 44 44 4.933841
300 391 95 24 24 5.173252
300 12 11 64 64 6.431189
300 198 153 36 36 2.329340
300 432 9 36 36 1.942853
300 238 133 28 28 1.636410
300 112 112 28 28 1.599722
300 216 126 36 36 1.047682
300 362 32 44 44 0.975634
300 469 126 28 28 0.931645
300 7 126 27 27 0.629375
300 179 140 40 40 0.371194
300 288 0 64 64 0.142380
330 391 107 23 23 14.337568
330 354 33 43 43 5.339453
330 5 15 64 64 5.532828
330 112 133 27 27 3.120184
330 455 130 28 28 4.431939
330 16 32 64 64 1.701594
330 396 102 23 23 1.539609
330 215 149 35 35 2.302691
330 392 0 32 32 0.844547
330 216 126 36 36 0.802094
330 144 130 34 34 0.995906
330 402 108 24 24 0.494901
330 469 126 28 28 0.223903
330 384 102 24 24 0.008858
360 459 127 33 33 18.047794
360 350 97 27 27 9.183432
360 338 97 27 27 5.127599
360 194 198 45 45 10.267677
360 450 144 36 36 2.958260
360 384 112 31 31 2.592110
360 384 133 32 32 3.761158
360 395 113 23 23 1.762199
360 218 160 38 38 2.832474
360 128 136 32 32 1.568259
360 459 26 36 36 1.603306
360 480 192 24 24 1.419605
360 224 245 28 28 1.119023
360 384 204 47 47 1.464206
360 448 133 28 28 0.649268
390 344 112 28 28 11.492788
390 353 111 28 28 8.747010
390 288 16 64 64 4.355298
390 384 112 32 32 2.739176
390 8 48 64 64 5.027602
390 220 160 40 40 2.020545
390 7 119 28 28 0.710681
420 198 126 36 36 4.348706
420 288 16 64 64 4.324164
420 339 111 28 28 4.056314
420 354 111 27 27 1.868376
420 395 112 32 32 1.198597
420 192 144 32 32 0.640372
420 441 126 36 36 0.562780
420 455 133 28 28 0.523678
450 458 128 33 33 10.589564
450 441 126 36 36 2.160228
450 398 113 26 26 3.196616
450 18 126 36 36 1.777918
450 390 18 24 24 0.478277
450 18 84 24 24 0.277334
450 384 136 32 32 0.236821
450 6 192 24 24 0.036601
480 176 130 32 32 7.236915
480 400 144 32 32 11.253833
480 192 128 32 32 3.115343
480 162 126 36 36 0.095768
510 443 145 36 36 10.406044
510 283 12 64 64 7.752841
510 441 162 36 36 6.922039
510 336 127 28 28 3.070302
510 6 138 32 32 3.909876
510 450 154 36 36 2.060196
510 176 128 32 32 1.545658
510 256 16 64 64 1.305652
510 192 128 32 32 0.544582
540 21 133 32 32 12.920246
540 301 114 24 24 7.530083
540 337 127 28 28 5.507821
540 15 127 32 32 3.215398
540 483 97 23 23 6.953183
540 144 140 32 32 4.100110
540 281 14 64 64 3.019874
540 176 128 32 32 1.087123
540 343 133 28 28 0.919965
570 1 134 32 32 8.352595
570 303 113 23 23 5.250982
570 312 126 36 36 4.255842
570 350 133 28 28 0.468208
570 272 48 64 64 0.000588
600 311 126 36 36 6.499612
600 282 48 64 64 3.577891
600 261 45 64 64 3.608563
600 357 2 28 28 2.656922
600 176 128 32 32 1.464927
600 176 112 32 32 1.086808
600 297 114 23 23 1.685941
600 14 112 28 28 1.137445
600 336 126 28 28 0.257964
630 352 48 64 64 4.910419
630 0 136 32 32 5.845725
630 340 119 28 28 2.942342
630 297 126 36 36 2.032931
630 401 3 23 23 3.342270
630 18 126 36 36 1.517169
630 459 144 36 36 1.156374
630 191 112 32 32 0.862423
630 256 32 64 64 0.628229
630 408 136 32 32 0.609941
630 400 152 32 32 0.329554
660 24 112 32 32 1.254274
660 176 112 32 32 0.283240
660 272 32 64 64 0.130362
690 391 134 32 32 18.345543
690 398 129 32 32 13.609658
690 384 128 32 32 2.696045
690 384 114 24 24 2.422507
690 220 140 40 40 1.730750
690 275 25 64 64 3.887873
690 25 126 36 36 1.110259
690 350 112 28 28 0.471855
690 0 48 64 64 0.243620
720 435 145 36 36 11.318782
720 391 196 24 24 10.024541
720 432 126 36 36 2.243814
720 441 153 36 36 1.866480
720 384 128 32 32 1.601971
720 401 198 24 24 1.480086
720 450 144 36 36 0.160548
720 432 162 36 36 0.001551
750 14 145 32 32 33.108869
750 481 193 24 24 16.070704
750 384 144 32 32 11.281647
750 24 152 32 32 4.338854
750 416 201 48 48 17.141144
750 492 113 24 24 5.966132
750 457 149 36 36 7.915829
750 0 145 33 33 7.362768
750 3 148 33 33 6.944048
750 461 223 27 27 8.296017
750 467 112 28 28 3.511584
750 6 127 34 34 6.397179
750 450 146 35 35 3.521321
750 420 168 48 48 4.926052
750 154 119 28 28 2.260388
750 343 133 28 28 1.789570
750 407 192 48 48 2.132668
750 336 126 28 28 0.875924
750 22 134 30 30 1.318536
750 256 32 64 64 0.406367
750 485 198 24 24 0.033975
780 0 130 30 30 3.496341
780 431 144 36 36 0.683176
780 112 133 28 28 0.121319
780 119 112 28 28 0.046658
780 356 119 28 28 0.044251
810 23 128 33 33 13.119207
810 41 30 64 64 5.687934
810 448 126 28 28 2.096192
810 28 16 64 64 3.814501
810 486 0 24 24 1.708952
810 24 112 32 32 1.114704
810 498 0 24 24 0.675114
810 16 32 64 64 0.518754
810 128 128 32 32 0.353995
840 466 126 28 28 6.691998
840 497 98 24 24 8.014802
840 263 25 47 47 16.066552
840 294 112 24 24 8.995417
840 438 162 36 36 7.034869
840 492 100 24 24 3.702081
840 300 110 24 24 5.097916
840 457 119 27 27 2.299420
840 432 171 36 36 0.603745
840 288 108 24 24 0.094108
870 224 98 28 28 3.146462
870 486 96 24 24 0.672790
870 144 0 32 32 0.239293
870 396 35 48 48 0.410752
870 192 36 48 48 0.113412
900 225 114 28 28 7.683169
900 236 124 28 28 4.542110
900 352 33 44 44 2.256494
900 241 112 27 27 3.653297
900 288 113 24 24 1.444460
900 231 119 28 28 0.727333
900 224 126 28 28 0.266559
900 154 126 28 28 0.148959
930 226 120 27 27 9.831036
930 238 119 28 28 1.933802
930 119 133 28 28 1.917789
930 127 135 31 31 1.570744
930 192 112 32 32 1.156050
930 210 102 24 24 0.439104
930 224 133 28 28 0.171573
960 124 119 28 28 14.138366
960 459 147 36 36 5.409948
960 490 191 23 23 7.620009
960 244 119 28 28 1.683052
960 118 126 28 28 1.477198
960 111 119 28 28 1.219429
960 32 32 64 64 0.205850
960 264 112 32 32 0.124274
960 112 132 28 28 0.081438
990 20 98 28 28 5.552950
990 168 126 27 27 0.348390
1020 168 123 27 27 3.597121
1020 154 131 28 28 2.129632
1020 0 112 31 31 0.935034
1050 402 193 24 24 7.130109
1050 135 128 32 32 10.954258
1050 154 132 28 28 2.815931
1050 128 112 32 32 1.005980
1050 168 119 28 28 0.915661
1050 496 107 23 23 1.077709
1050 256 112 32 32 0.472463
1050 492 102 24 24 0.172079
1050 256 32 64 64 0.148019
1080 462 112 28 28 9.112060
1080 383 152 32 32 2.756142
1080 48 16 64 64 1.375636
1080 154 133 28 28 1.032728
1080 119 119 28 28 0.108129
1110 113 130 27 27 13.426138
1110 466 112 28 28 6.873786
1110 496 102 24 24 4.571995
1110 481 105 24 24 7.667112
1110 119 126 28 28 2.784411
1110 263 32 64 64 4.538735
1110 48 24 64 64 4.777185
1110 280 32 64 64 4.259461
1110 402 113 24 24 1.953989
1110 21 133 28 28 1.876172
1110 32 16 64 64 1.340845
1110 486 102 24 24 0.514538
1110 385 154 44 44 0.179859
1110 154 133 28 28 0.000759
1140 113 127 28 28 7.612322
1140 343 98 28 28 3.110328
1140 123 125 27 27 3.946729
1140 238 133 28 28 2.309318
1140 404 112 32 32 3.759972
1140 135 112 32 32 1.343815
1140 406 128 32 32 1.271708
1140 400 133 32 32 0.871877
1140 16 16 64 64 0.504504
1140 136 128 32 32 0.462509
1170 2 146 32 32 13.307554
1170 385 97 24 24 6.982999
1170 256 16 64 64 4.142130
1170 16 144 32 32 2.840713
1170 493 101 24 24 7.289007
1170 406 128 32 32 3.347091
1170 469 115 28 28 4.322951
1170 495 96 24 24 3.125866
1170 152 132 28 28 2.346998
1170 391 136 32 32 5.185099
1170 48 16 64 64 1.786180
1170 2 126 36 36 2.251480
1170 115 132 28 28 2.515199
1170 384 128 32 32 1.324297
1170 118 126 28 28 0.722127
1170 498 108 24 24 0.571924
1170 280 136 32 32 0.366257
1170 400 144 32 32 0.132617
1170 480 108 24 24 0.127952
1170 8 152 32 32 0.092387
1170 390 102 24 24 0.086378
1170 245 133 28 28 0.016366
1200 394 134 32 32 12.707228
1200 400 98 24 24 6.885910
1200 269 16 64 64 3.755500
1200 399 128 32 32 6.446644
1200 433 126 36 36 3.395781
1200 453 144 36 36 4.796676
1200 44 16 64 64 2.715925
1200 20 144 32 32 3.759113
1200 16 152 32 32 1.438791
1200 352 32 64 64 1.381437
1200 392 97 24 24 3.100794
1200 306 157 35 35 1.203542
1230 488 106 24 24 15.606069
1230 401 128 32 32 7.259342
1230 498 106 24 24 6.302840
1230 490 101 23 23 9.667971
1230 0 133 28 28 2.927744
1230 352 32 64 64 2.624882
1230 176 112 32 32 2.055018
1230 241 11 43 43 1.778335
1230 22 16 64 64 1.231870
1230 288 16 64 64 0.236310
1260 257 21 32 32 8.195731
1260 48 0 64 64 3.214925
1260 128 128 32 32 3.081856
1260 256 132 32 32 2.952608
1260 0 112 32 32 0.894719
1260 240 10 40 40 0.859884
1260 14 126 28 28 0.236995
1290 32 45 64 64 32.766901
1290 43 37 64 64 20.777253
1290 16 32 64 64 2.902236
1290 18 112 28 28 4.264615
1290 128 144 32 32 2.888468
1290 432 126 36 36 0.364420
1320 32 45 64 64 8.039779
1320 10 125 28 28 6.198126
1320 432 126 36 36 3.011753
1320 32 23 64 64 2.756784
1320 303 305 23 23 1.207504
1320 21 127 27 27 0.855803
1320 220 170 40 40 0.351639
1320 294 306 24 24 0.225269
1320 0 133 28 28 0.174461
1320 8 112 32 32 0.115478
1320 256 16 32 32 0.071404
1350 105 193 24 24 14.462328
1350 29 155 42 42 10.883866
1350 103 203 24 24 15.847415
1350 29 165 40 40 7.282175
1350 29 140 40 40 3.570259
1350 432 126 36 36 1.107207
1350 95 207 23 23 1.294223
1350 288 228 48 48 0.059714
1380 15 42 64 64 16.927057
1380 28 31 64 64 17.919643
1380 498 114 24 24 3.702983
1380 492 192 24 24 1.155653
1380 0 133 32 32 1.384154
1380 0 32 64 64 0.951402
1380 8 128 32 32 0.196478
1410 13 44 64 64 27.929436
1410 28 33 64 64 22.128060
1410 493 114 24 24 14.244909
1410 0 32 64 64 5.091862
1410 441 144 36 36 0.929771
1410 219 190 40 40 0.578371
1410 15 15 64 64 0.171097
1440 18 44 64 64 17.285426
1440 492 114 24 24 10.911054
1440 27 32 64 64 9.954631
1440 20 151 32 32 2.682481
1440 16 144 32 32 0.897760
1440 480 113 24 24 0.749267
1440 0 136 32 32 0.745332
1470 11 192 24 24 11.443555
1470 28 36 64 64 10.386433
1470 7 143 37 37 13.621010
1470 18 43 64 64 10.536462
1470 14 151 36 36 4.831433
1470 8 158 35 35 4.007806
1470 198 84 24 24 1.729600
1470 450 144 36 36 1.414654
1470 491 113 24 24 1.265544
1470 0 32 64 64 0.565285
1470 220 190 40 40 0.178231
1470 0 153 36 36 0.161259
1500 11 45 64 64 15.472275
1500 482 113 24 24 7.535400
1500 489 113 23 23 7.172487
1500 32 37 64 64 3.919948
1500 197 84 24 24 0.653649
1500 469 98 28 28 0.006034
1530 15 192 24 24 7.138048
1530 35 34 64 64 4.426475
1530 482 114 24 24 3.944233
1530 16 48 64 64 3.844785
1530 489 113 24 24 3.532861
1530 198 84 24 24 1.721774
1530 498 192 24 24 1.715795
1530 0 146 36 36 1.459851
1530 459 144 36 36 0.826355
1530 220 189 40 40 0.671384
1560 10 44 64 64 14.235721
1560 491 192 24 24 12.514309
1560 456 149 36 36 10.581317
1560 492 114 24 24 9.436749
1560 450 147 36 36 5.671956
1560 482 113 24 24 5.331448
1560 497 198 24 24 2.256015
1560 32 32 64 64 2.130301
1560 219 190 40 40 1.771661
1560 486 108 23 23 0.681338
1560 0 32 64 64 0.631472
1560 220 160 40 40 0.336360
1590 454 144 36 36 11.903626
1590 2 135 32 32 8.529330
1590 342 139 39 39 5.867715
1590 441 144 36 36 2.725699
1590 492 114 24 24 1.474430
1590 4 128 32 32 1.706067
1590 192 288 24 24 0.712615
1590 384 36 48 48 1.248244
1590 288 302 23 23 0.688811
1590 32 48 64 64 0.411938
1590 272 280 32 32 0.093733
1590 119 111 28 28 0.075707
1590 294 305 24 24 0.004412
1620 11 186 41 41 15.192561
1620 288 168 48 48 7.477526
1620 3 175 44 44 12.400424
1620 402 192 24 24 1.760428
1620 30 190 40 40 1.254358
1620 21 176 43 43 0.953260
1650 488 193 23 23 11.110403
1650 496 199 24 24 12.378907
1650 121 112 27 27 5.154453
1650 492 204 24 24 2.302541
1650 0 142 32 32 2.637531
1650 16 46 64 64 1.975026
1650 242 32 44 44 1.648783
1650 216 24 48 48 1.898606
1650 272 0 64 64 0.726141
1650 350 231 28 28 0.047800
1680 480 194 24 24 8.921646
1680 19 224 28 28 3.997674
1680 3 189 41 41 6.447281
1680 21 32 64 64 3.328994
1680 216 24 48 48 3.065678
1680 15 228 28 28 2.376874
1680 242 33 44 44 0.588967
1680 486 198 24 24 0.309599
1710 357 121 28 28 5.122462
1710 495 113 24 24 5.379877
1710 15 25 64 64 4.465221
1710 0 128 32 32 1.868121
1710 320 190 40 40 1.399085
1710 205 12 48 48 2.545044
1710 0 19 64 64 1.339020
1710 480 113 24 24 0.630273
1710 240 30 40 40 0.528076
1710 352 48 64 64 0.211393
1710 220 29 40 40 0.029349
1740 482 112 24 24 14.803626
1740 494 112 24 24 12.143532
1740 357 112 28 28 4.000187
1740 5 18 64 64 7.469221
1740 352 32 64 64 2.585014
1740 26 31 64 64 4.999749
1740 498 108 24 24 2.005312
1740 296 96 24 24 3.828918
1740 486 108 24 24 1.896619
1740 217 24 37 37 2.612141
1740 320 190 40 40 1.464597
1740 469 98 28 28 0.311603
1740 264 187 44 44 0.051019
1770 5 19 64 64 11.573096
1770 486 113 23 23 14.708965
1770 496 111 23 23 13.748020
1770 357 112 27 27 2.691348
1770 489 108 24 24 4.371836
1770 18 32 64 64 2.571013
1770 216 18 36 36 1.490456
1770 480 108 24 24 1.054195
1770 264 207 45 45 1.665439
1770 352 32 64 64 0.457533
1770 204 0 48 48 0.293670
1800 0 22 64 64 9.806063
1800 497 105 24 24 9.434801
1800 384 27 46 46 11.871347
1800 139 272 32 32 4.604615
1800 486 108 24 24 0.567908
1800 144 264 32 32 0.420921
1830 496 106 24 24 13.269549
1830 231 21 27 27 2.469319
1830 431 126 36 36 1.529917
1830 384 26 46 46 3.239935
1830 486 105 23 23 1.482383
1830 489 101 24 24 1.479369
1830 237 15 28 28 1.071374
