30 23 8 37 37 32.282907
30 153 126 28 28 6.224603
30 12 4 40 40 12.353760
30 21 20 35 35 9.760331
30 334 140 40 40 4.330816
30 457 112 28 28 3.201883
30 357 133 28 28 1.602159
30 41 45 64 64 2.750307
30 405 152 32 32 1.852380
30 27 126 36 36 0.595503
30 176 112 32 32 0.334003
30 192 112 32 32 0.154435
60 385 142 32 32 19.450243
60 323 140 40 40 6.440776
60 388 152 32 32 6.349475
60 394 136 32 32 4.993977
60 100 12 23 23 5.080737
60 0 20 30 30 7.110843
60 40 32 64 64 5.354830
60 96 16 24 24 4.591863
60 357 131 28 28 3.088079
60 130 112 32 32 4.033845
60 340 140 40 40 2.553933
60 384 128 32 32 1.865209
60 16 28 64 64 2.191656
60 3 15 64 64 2.056375
60 320 160 40 40 1.338488
60 306 144 36 36 1.304744
60 119 133 28 28 0.835580
60 0 133 28 28 0.756739
60 400 144 32 32 0.458657
60 126 126 28 28 0.026306
90 15 29 64 64 12.956804
90 396 143 32 32 7.421743
90 383 141 32 32 4.851727
90 431 146 36 36 3.986595
90 340 166 40 40 3.803235
90 448 126 28 28 2.344026
90 111 123 27 27 2.965040
90 351 48 64 64 1.764015
90 288 18 24 24 1.241953
90 393 136 32 32 1.333947
90 297 0 36 36 0.928079
90 48 32 64 64 0.715254
90 469 122 28 28 1.301283
90 32 16 64 64 0.261183
90 357 112 28 28 0.170137
90 96 0 24 24 0.090623
90 384 6 24 24 0.006793
120 481 198 24 24 15.956314
120 497 10 24 24 8.893666
120 408 150 32 32 5.489877
120 352 28 64 64 5.221030
120 449 117 28 28 9.996285
120 460 124 27 27 10.012628
120 356 119 28 28 3.899730
120 2 21 64 64 6.858041
120 485 204 24 24 2.815662
120 406 135 32 32 6.512766
120 492 7 24 24 3.379075
120 393 114 24 24 2.871111
120 400 131 32 32 3.011716
120 126 132 28 28 1.712952
120 468 119 28 28 1.490919
120 498 0 24 24 1.416672
120 25 32 64 64 1.812967
120 126 119 28 28 0.008483
150 400 136 32 32 16.918028
150 468 125 27 27 14.258800
150 1 32 64 64 4.523874
150 352 40 64 64 7.280310
150 18 128 32 32 3.563442
150 406 128 32 32 2.551757
150 315 0 36 36 0.608984
150 408 144 32 32 0.499192
150 21 112 28 28 0.467312
150 32 32 64 64 0.240054
150 112 133 27 27 0.212098
180 6 18 28 28 40.112981
180 2 8 31 31 43.983987
180 11 11 30 30 17.161381
180 21 20 28 28 5.837782
180 272 32 64 64 3.264840
180 167 123 27 27 4.617555
180 351 44 64 64 3.734902
180 0 129 28 28 2.849118
180 396 36 48 48 2.950562
180 175 112 32 32 0.819663
180 7 2 30 30 1.302462
180 0 32 64 64 0.626318
180 350 98 28 28 0.230912
180 32 16 64 64 0.158022
180 384 136 32 32 0.054329
210 342 120 27 27 15.489569
210 154 125 28 28 9.819266
210 141 112 32 32 5.013441
210 498 84 24 24 3.666863
210 386 136 32 32 5.275205
210 353 126 28 28 6.490684
210 285 13 64 64 4.055000
210 6 126 28 28 7.465237
210 0 129 28 28 5.435208
210 0 15 64 64 1.437020
210 168 133 28 28 1.388515
210 276 4 64 64 2.005869
240 135 112 32 32 12.974900
240 493 112 23 23 9.214289
240 345 117 28 28 9.378381
240 391 112 32 32 8.113285
240 498 108 23 23 1.944271
240 352 16 64 64 1.698104
240 168 133 28 28 1.610683
240 349 126 28 28 1.528473
240 357 119 28 28 1.493071
240 154 126 28 28 1.021324
240 350 112 28 28 0.807924
240 176 112 32 32 0.292010
270 404 112 32 32 10.618606
270 129 112 31 31 5.486587
270 352 118 28 28 6.306197
270 352 6 64 64 5.287982
270 389 112 32 32 3.186201
270 5 123 28 28 3.339025
270 48 0 64 64 0.924160
270 126 123 28 28 0.915014
270 21 119 28 28 0.580089
300 405 112 32 32 7.633614
300 352 8 64 64 7.680793
300 11 126 28 28 3.551884
300 386 112 32 32 2.262039
300 343 119 28 28 1.183169
300 112 126 28 28 1.138125
300 287 2 64 64 1.288432
300 6 32 64 64 1.681947
300 357 0 28 28 0.865587
330 278 1 64 64 7.167901
330 352 8 64 64 5.323157
330 0 126 28 28 2.431791
330 16 128 32 32 1.510366
330 0 32 64 64 1.474128
330 343 119 28 28 1.012530
330 392 112 32 32 0.964912
330 288 16 64 64 0.558281
360 278 0 64 64 5.921524
360 448 123 28 28 6.040901
360 352 9 64 64 5.662654
360 2 28 64 64 3.045658
360 268 128 32 32 3.033916
360 350 0 40 40 1.016149
360 25 32 64 64 1.012991
360 0 126 28 28 0.408742
360 280 144 32 32 0.390732
360 264 136 32 32 0.068272
390 269 136 32 32 9.663596
390 448 126 28 28 3.569562
390 352 11 64 64 4.312634
390 276 3 64 64 5.718804
390 280 15 64 64 2.882530
390 0 37 64 64 2.060845
390 345 126 28 28 1.755042
390 264 128 32 32 0.496361
390 264 144 32 32 0.348819
390 280 144 32 32 0.225227
390 352 0 44 44 0.123040
390 0 126 27 27 0.005095
420 4 42 64 64 5.184216
420 272 112 32 32 1.636688
420 347 126 28 28 1.682847
420 282 12 64 64 1.672728
420 16 32 64 64 0.690540
420 8 136 32 32 0.547406
420 0 133 28 28 0.432686
420 32 48 64 64 0.216810
420 352 0 44 44 0.154285
450 124 231 28 28 8.458904
450 352 14 64 64 3.685083
450 448 127 28 28 3.970210
450 113 232 28 28 8.224148
450 118 236 27 27 9.030909
450 276 4 64 64 4.551840
450 283 10 64 64 4.149231
450 344 126 27 27 0.993163
450 352 0 52 52 1.033722
450 245 231 28 28 0.218119
480 459 154 36 36 4.895280
480 481 193 24 24 7.396006
480 346 126 28 28 4.406915
480 0 133 27 27 1.595472
480 3 38 64 64 3.772403
480 16 40 64 64 1.929953
480 351 0 44 44 0.824467
480 281 16 64 64 1.066442
480 402 192 24 24 0.197068
510 33 0 44 44 4.707623
510 351 15 64 64 3.744962
510 31 193 47 47 22.477889
510 193 172 46 46 10.746600
510 447 129 28 28 5.416602
510 198 154 44 44 2.866764
510 277 13 64 64 4.646284
510 240 224 27 27 3.334690
510 217 170 37 37 2.757474
510 112 231 28 28 0.363272
510 36 168 48 48 0.622278
510 220 190 40 40 0.154979
510 352 0 44 44 0.049810
540 352 16 64 64 3.773107
540 448 129 27 27 5.695671
540 278 16 64 64 3.766634
540 0 133 28 28 2.037032
540 5 43 64 64 4.228183
540 8 136 32 32 0.798756
540 351 0 44 44 0.724519
540 288 0 64 64 0.278078
540 32 48 64 64 0.227332
540 16 32 64 64 0.221923
540 24 128 32 32 0.199965
570 448 130 28 28 5.500914
570 352 16 64 64 3.030291
570 278 16 64 64 4.745295
570 4 44 64 64 4.519637
570 0 132 28 28 0.877750
570 32 48 64 64 0.406218
570 343 126 28 28 0.171159
600 448 130 28 28 5.751111
600 277 14 64 64 5.734947
600 351 15 64 64 2.954581
600 4 43 64 64 4.690600
600 294 114 24 24 1.406504
600 0 133 27 27 0.477406
600 352 0 44 44 0.413541
600 288 0 64 64 0.329505
600 32 48 64 64 0.326984
630 277 13 64 64 6.579354
630 352 16 64 64 2.939444
630 447 130 27 27 4.768424
630 4 44 64 64 4.651126
630 296 113 23 23 3.269523
630 32 48 64 64 0.588631
630 0 133 28 28 0.248108
630 288 0 64 64 0.179846
630 352 0 44 44 0.151588
660 277 13 64 64 6.483239
660 352 16 64 64 3.247662
660 447 130 28 28 5.408487
660 3 44 64 64 3.873294
660 288 0 64 64 0.500204
660 351 0 44 44 0.361537
660 0 133 28 28 0.010603
690 277 16 64 64 6.482716
690 447 130 27 27 4.821452
690 352 16 64 64 2.575793
690 4 44 64 64 4.549077
690 352 0 44 44 1.239852
690 8 136 32 32 0.523810
690 32 48 64 64 0.434150
690 0 133 28 28 0.017790
720 277 15 64 64 5.581462
720 351 15 64 64 3.193307
720 448 130 28 28 5.235887
720 4 44 64 64 4.059197
720 32 48 64 64 0.385693
720 8 136 32 32 0.087519
720 294 114 24 24 0.020540
750 277 14 64 64 6.677784
750 447 130 28 28 5.843645
750 352 16 64 64 3.142756
750 5 44 64 64 4.848705
750 32 48 64 64 0.638052
750 288 0 64 64 0.487087
750 8 136 32 32 0.419298
780 278 16 64 64 5.974342
780 6 47 64 64 5.587429
780 352 16 64 64 2.762378
780 448 131 28 28 3.584983
780 27 37 64 64 4.831288
780 16 136 32 32 0.063814
810 5 34 64 64 8.766847
810 34 43 64 64 10.322642
810 448 130 27 27 5.355764
810 278 15 64 64 5.379885
810 352 16 64 64 2.895312
810 32 16 64 64 1.679371
810 0 133 28 28 1.305786
810 48 32 64 64 1.179965
810 284 0 64 64 0.535356
810 8 136 32 32 0.266532
840 5 42 64 64 15.136593
840 12 36 64 64 16.006418
840 278 16 64 64 5.880006
840 448 131 28 28 3.904667
840 352 16 64 64 3.106409
840 32 42 64 64 4.207095
840 0 133 28 28 0.642732
840 142 128 32 32 0.800603
840 352 0 44 44 0.264523
840 168 133 28 28 0.049101
870 352 22 64 64 5.671384
870 448 133 28 28 3.426264
870 279 15 64 64 6.174649
870 3 41 64 64 7.788126
870 402 17 24 24 2.583595
870 354 0 44 44 2.600605
870 32 48 64 64 1.195227
870 16 32 64 64 0.342355
900 351 26 64 64 10.897040
900 278 16 64 64 8.389138
900 442 23 36 36 8.891774
900 405 127 32 32 5.413845
900 0 37 64 64 3.435942
900 362 0 44 44 2.319550
900 442 126 36 36 1.914861
900 402 8 24 24 2.467021
900 456 126 36 36 1.403241
900 16 48 64 64 0.740958
900 392 128 32 32 0.520699
900 402 18 24 24 0.198676
900 450 18 36 36 0.197032
900 216 144 36 36 0.073070
930 352 40 64 64 11.681408
930 408 138 32 32 5.278900
930 5 44 64 64 7.384764
930 386 144 32 32 5.945663
930 15 136 32 32 1.940097
930 389 152 32 32 2.383431
930 16 32 64 64 1.396536
930 432 144 36 36 0.233809
930 32 48 64 64 0.153333
960 456 145 36 36 8.937745
960 0 46 64 64 2.359683
960 288 48 64 64 2.005891
960 387 144 32 32 3.084878
960 453 126 36 36 2.699047
960 396 150 32 32 3.271462
960 240 20 40 40 0.559787
960 352 32 64 64 0.093753
990 132 192 24 24 5.450028
990 144 192 24 24 4.852766
990 0 48 64 64 2.527565
990 341 20 40 40 2.838848
990 399 191 23 23 3.395200
990 128 152 32 32 1.596370
990 437 171 36 36 2.595299
990 448 0 27 27 0.593391
990 390 192 24 24 0.077641
1020 441 162 36 36 4.571155
1020 492 193 24 24 4.525762
1020 496 196 24 24 3.260724
1020 132 192 23 23 0.786627
1020 489 17 23 23 1.032677
1020 350 160 40 40 0.661969
1020 144 192 24 24 0.510814
1020 264 16 32 32 0.327400
1020 0 152 32 32 0.228906
1050 495 192 24 24 8.848621
1050 106 192 24 24 1.319795
1050 256 0 64 64 0.331898
1080 386 84 24 24 8.860832
1080 399 113 24 24 8.136735
1080 144 114 24 24 2.282197
1080 126 112 27 27 1.250329
1080 330 30 40 40 0.984539
1080 18 159 36 36 0.703474
1110 395 2 47 47 44.591761
1110 388 22 33 33 16.112354
1110 407 10 48 48 45.411720
1110 481 97 23 23 14.163331
1110 278 22 32 32 10.211194
1110 416 3 48 48 26.946368
1110 21 112 28 28 3.827601
1110 458 12 35 35 4.109460
1110 482 83 23 23 4.118615
1110 11 24 48 48 3.071782
1110 453 19 36 36 3.713133
1110 491 96 23 23 1.419216
1110 160 0 40 40 1.153849
1110 432 27 36 36 1.000394
1110 469 20 28 28 0.757900
1110 342 0 39 39 0.391475
1110 480 113 24 24 0.261842
1110 480 18 24 24 0.261574
1110 369 0 44 44 0.345565
1110 198 0 35 35 0.111236
1140 2 9 41 41 46.231218
1140 399 16 32 32 22.340063
1140 10 19 38 38 46.561575
1140 8 2 43 43 22.274552
1140 24 24 36 36 6.992001
1140 388 24 32 32 5.449602
1140 0 26 35 35 2.977607
1140 384 16 32 32 1.771698
1140 391 8 32 32 1.691923
1140 143 0 36 36 1.674527
1140 272 16 32 32 2.468813
1140 408 24 32 32 1.039713
1140 450 0 36 36 0.615763
1140 288 0 36 36 0.522658
1140 154 21 27 27 0.478251
1140 441 20 36 36 0.541253
1170 409 3 48 48 72.648040
1170 419 15 48 48 20.837860
1170 390 12 47 47 19.478442
1170 387 25 44 44 6.183849
1170 242 22 44 44 3.212349
1170 411 24 48 48 13.074174
1170 456 13 28 28 4.128485
1170 384 0 48 48 5.531266
1170 169 23 39 39 3.927980
1170 264 22 44 44 1.420895
1170 160 27 40 40 1.658858
1170 203 0 48 48 2.248750
1170 384 84 24 24 1.074787
1170 108 84 24 24 0.800555
1170 396 84 24 24 0.252048
1170 441 9 36 36 0.206143
1200 107 99 24 24 9.605752
1200 420 36 48 48 3.993810
1200 264 35 48 48 1.799652
1200 102 0 24 24 0.781685
1200 469 126 27 27 0.042598
1230 0 113 28 28 3.798420
1230 2 0 64 64 2.807403
1230 459 126 36 36 1.911257
1230 44 0 64 64 2.376293
1230 448 119 28 28 0.447030
1230 24 36 48 48 0.709248
1230 491 113 24 24 0.297398
1230 0 126 28 28 0.036593
1230 7 133 28 28 0.018787
1260 14 3 64 64 12.840228
1260 336 129 28 28 2.773603
1260 0 16 64 64 0.874314
1260 48 0 64 64 0.002408
1290 407 128 32 32 4.999037
1290 352 32 64 64 3.694263
1290 339 133 27 27 4.759843
1290 268 128 32 32 4.375845
1290 384 128 32 32 0.892072
1320 261 20 64 64 16.023676
1320 271 128 32 32 15.141382
1320 272 32 64 64 4.529138
1320 136 7 32 32 6.214918
1320 256 128 32 32 2.197902
1320 496 306 24 24 1.771441
1320 154 119 27 27 1.274107
1320 256 48 64 64 1.226695
1320 144 127 33 33 1.523949
1320 491 301 23 23 1.056626
1320 384 128 32 32 0.666676
1320 231 133 28 28 0.617818
1350 159 126 36 36 5.530292
1350 176 132 32 32 3.481254
1350 192 130 32 32 2.597615
1350 24 126 36 36 0.986524
1380 48 40 64 64 8.705774
1380 457 133 27 27 5.177265
1380 6 146 33 33 4.979117
1380 176 129 32 32 1.990044
1380 468 133 28 28 1.325275
1380 0 152 32 32 0.901786
1380 162 126 36 36 0.288412
1380 492 96 24 24 0.279422
1380 288 32 64 64 0.045510
1410 468 130 27 27 12.175711
1410 6 34 64 64 11.911917
1410 1 142 32 32 15.334830
1410 22 130 32 32 9.378388
1410 38 31 64 64 7.442228
1410 14 134 32 32 15.275275
1410 4 129 33 33 11.657256
1410 486 96 24 24 3.825166
1410 486 84 24 24 1.925406
1410 15 16 64 64 1.940804
1410 485 112 24 24 1.325451
1410 8 152 32 32 0.267123
1410 336 12 28 28 0.237158
1410 400 128 32 32 0.147718
1410 47 47 64 64 0.110485
1440 467 125 28 28 18.892856
1440 4 36 64 64 9.677016
1440 462 129 28 28 7.201319
1440 462 122 28 28 7.200424
1440 16 48 64 64 2.230709
1440 32 32 64 64 0.329081
1440 392 112 32 32 0.199420
1440 272 128 32 32 0.195793
1470 469 125 28 28 12.411616
1470 0 38 64 64 7.440166
1470 145 128 31 31 3.179790
1470 16 46 64 64 1.500936
1470 8 132 32 32 2.015636
1470 264 128 32 32 0.563973
1470 8 152 32 32 0.517389
1470 16 128 32 32 0.097182
1500 3 36 64 64 7.666926
1500 144 128 32 32 2.641984
1500 21 144 32 32 2.921575
1500 0 136 32 32 2.113207
1500 447 123 28 28 3.291463
1500 459 126 36 36 1.133752
1500 15 148 32 32 1.725880
1500 16 48 64 64 0.694101
1500 3 152 32 32 0.133786
1530 448 129 27 27 5.753313
1530 15 148 32 32 4.358769
1530 266 128 32 32 3.695763
1530 1 38 64 64 4.394966
1530 144 130 32 32 2.784704
1530 448 119 28 28 1.594940
1530 24 144 32 32 1.505819
1530 407 136 32 32 0.502255
1530 1 145 35 35 0.407364
1560 448 131 27 27 5.311257
1560 1 38 64 64 4.374541
1560 16 151 32 32 2.034854
1560 0 144 36 36 1.170601
1560 22 144 32 32 1.210111
1560 265 128 32 32 1.077432
1560 408 144 32 32 0.198609
1560 144 136 32 32 0.151651
1590 447 131 28 28 5.134760
1590 0 41 64 64 3.857846
1590 16 152 32 32 2.340778
1590 144 136 32 32 1.837041
1590 401 144 32 32 0.679689
1590 136 128 32 32 0.115879
1590 408 136 32 32 0.067534
1620 264 136 32 32 2.322356
1620 0 144 36 36 2.058092
1620 447 131 28 28 1.855346
1620 0 41 64 64 1.896545
1620 143 138 32 32 0.987314
1620 406 144 32 32 0.550340
1620 24 152 32 32 0.335179
1620 431 126 36 36 0.305858
1650 386 144 32 32 4.065489
1650 437 125 35 35 3.756266
1650 262 144 32 32 1.303480
1650 400 144 32 32 1.047557
1650 8 151 32 32 0.786822
1650 12 192 24 24 0.654462
1650 136 144 32 32 0.374788
1650 432 144 36 36 0.086973
1680 442 146 36 36 5.989127
1680 405 145 32 32 6.908506
1680 395 144 32 32 4.974467
1680 128 144 32 32 2.293007
1680 48 48 64 64 2.275583
1680 402 152 32 32 3.734160
1680 261 143 32 32 2.404980
1680 432 153 36 36 1.300940
1680 459 144 35 35 0.229792
1710 436 143 36 36 5.318628
1710 48 40 64 64 4.398525
1710 401 150 32 32 2.837055
1710 352 48 64 64 1.651086
1710 176 136 32 32 0.556422
1710 408 144 32 32 0.375491
1710 144 96 24 24 0.260173
1740 44 33 64 64 7.104855
1740 491 193 24 24 12.827564
1740 6 84 24 24 2.970008
1740 497 198 24 24 2.009528
1740 459 171 36 36 1.628856
1740 384 144 32 32 0.128577
1770 262 136 32 32 8.644851
1770 408 133 32 32 4.405207
1770 448 245 28 28 2.409475
1770 498 288 24 24 1.976659
1770 48 32 64 64 1.762753
1770 0 48 64 64 1.759706
1770 280 136 32 32 1.246948
1770 408 152 32 32 0.810595
1770 400 128 32 32 0.477925
1800 6 48 64 64 5.290084
1800 462 98 28 28 3.436905
1800 275 136 32 32 2.466133
1800 286 126 35 35 1.670683
1800 462 112 28 28 0.046030
1830 388 210 23 23 5.438273
1830 1 41 64 64 4.995746
1830 27 126 36 36 1.368950
1830 23 23 32 32 1.147283
1830 9 126 36 36 0.533205
1830 10 18 36 36 0.534639
1830 24 8 32 32 0.311006
