30 192 112 32 32 6.048164
30 223 120 27 27 7.278493
30 224 133 28 28 1.968981
60 168 129 28 28 6.073189
60 168 98 28 28 2.297738
60 176 128 32 32 1.973799
60 0 136 32 32 1.367352
60 192 128 32 32 1.339108
60 343 112 28 28 0.993354
60 168 119 28 28 0.912939
60 192 112 32 32 0.334357
90 2 19 60 60 3.909515
90 352 15 64 64 2.668431
90 21 98 28 28 1.914836
90 14 119 28 28 0.462798
90 0 108 24 24 0.160529
120 386 141 32 32 7.740625
120 391 135 32 32 11.882971
120 465 20 27 27 5.644027
120 352 36 64 64 3.120379
120 405 138 32 32 5.806572
120 238 133 28 28 1.046390
120 194 198 24 24 1.839737
120 383 128 32 32 0.901739
120 119 126 28 28 0.419363
120 204 197 24 24 0.391828
120 450 27 36 36 0.257440
150 176 18 41 41 31.004274
150 0 186 40 40 5.782060
150 0 169 38 38 10.291810
150 6 209 24 24 6.330466
150 171 7 41 41 3.017789
150 170 30 40 40 1.889481
150 18 210 24 24 1.701374
150 198 23 36 36 1.969454
150 240 23 40 40 1.641546
150 10 164 36 36 1.570448
150 27 126 36 36 0.567570
150 187 4 44 44 0.673554
150 216 12 48 48 0.217874
150 329 160 40 40 0.028865
180 312 164 36 36 10.095183
180 238 128 28 28 5.065536
180 306 168 35 35 9.566728
180 290 169 36 36 5.031759
180 300 209 23 23 4.685793
180 290 210 24 24 2.118979
180 459 126 36 36 1.246309
180 300 200 24 24 1.900143
180 303 203 24 24 1.592306
180 480 114 23 23 0.787828
180 18 102 24 24 0.684752
210 279 8 32 32 3.608325
210 219 20 41 41 3.777352
210 337 130 28 28 6.476850
210 486 114 24 24 2.765613
210 469 112 28 28 2.639712
210 3 142 38 38 4.617802
210 8 151 36 36 5.835527
210 269 3 64 64 5.755550
210 5 204 24 24 3.800004
210 2 160 37 37 4.268021
210 240 20 40 40 1.759471
210 281 13 64 64 3.401272
210 272 128 32 32 1.216842
210 204 0 48 48 1.890820
210 0 210 24 24 0.628244
210 21 111 28 28 0.068869
240 199 0 24 24 13.812091
240 201 83 23 23 11.764064
240 200 96 23 23 9.961068
240 210 2 24 24 9.191957
240 27 23 47 47 11.340597
240 204 6 24 24 3.381623
240 97 208 24 24 6.397890
240 396 128 32 32 5.847154
240 0 111 24 24 6.655305
240 144 204 24 24 2.570336
240 455 144 36 36 3.606310
240 450 149 36 36 3.472789
240 192 84 24 24 1.882652
240 387 135 32 32 3.790155
240 144 154 36 36 2.235451
240 480 192 24 24 1.704757
240 256 152 32 32 1.629804
240 27 144 36 36 1.491399
240 0 15 64 64 1.405578
240 209 12 24 24 0.911847
240 132 0 24 24 0.789261
240 148 162 36 36 0.976608
240 0 48 64 64 0.436305
240 102 204 24 24 0.425522
270 0 17 36 36 5.247959
270 457 159 36 36 7.217350
270 280 131 32 32 6.852052
270 452 155 36 36 6.239742
270 132 192 24 24 2.282536
270 485 192 24 24 4.744683
270 30 140 40 40 1.711648
270 496 193 23 23 3.571104
270 0 2 40 40 2.214608
270 357 133 28 28 1.557136
270 16 32 64 64 1.460196
270 27 153 36 36 1.443485
270 498 96 24 24 1.199501
270 216 126 36 36 1.165058
270 48 48 64 64 1.110721
270 18 0 24 24 0.259921
300 265 129 32 32 8.168875
300 352 131 28 28 6.687434
300 433 171 36 36 3.993576
300 198 126 36 36 2.850718
300 96 193 23 23 3.428728
300 0 21 32 32 3.477646
300 176 152 32 32 1.506583
300 144 84 24 24 1.293905
300 280 112 32 32 1.062737
300 19 167 36 36 1.874077
300 447 119 28 28 0.333638
300 272 136 32 32 0.245186
300 432 126 36 36 0.184428
330 101 197 24 24 19.430271
330 132 192 24 24 4.627033
330 98 204 24 24 6.706673
330 436 144 36 36 6.886212
330 433 126 36 36 4.295703
330 96 192 23 23 2.987915
330 3 0 44 44 3.062181
330 216 126 36 36 1.785931
330 144 150 36 36 1.510711
330 150 144 36 36 1.478128
330 350 133 28 28 0.701942
330 275 128 32 32 1.332466
330 216 144 36 36 0.470515
330 144 126 36 36 0.075907
360 25 152 36 36 14.765589
360 22 143 38 38 13.963725
360 226 132 28 28 7.125626
360 225 113 28 28 5.676755
360 192 128 32 32 2.726047
360 10 114 30 30 4.718472
360 432 144 36 36 2.455115
360 136 147 32 32 3.950508
360 140 152 32 32 3.895785
360 21 119 28 28 1.708247
360 264 112 32 32 1.379496
360 24 128 32 32 0.805966
360 232 125 27 27 1.023626
360 10 134 34 34 1.672515
360 288 0 64 64 0.150293
360 238 133 28 28 0.081782
360 108 114 24 24 0.024665
390 6 193 24 24 18.758260
390 256 2 64 64 5.322002
390 168 112 28 28 4.454000
390 291 0 24 24 6.629062
390 137 128 32 32 7.532665
390 153 119 28 28 7.344326
390 6 205 23 23 8.445860
390 12 200 24 24 4.977709
390 154 129 28 28 4.935163
390 0 200 24 24 4.419158
390 138 112 32 32 2.611933
390 9 210 24 24 3.101322
390 238 126 28 28 1.396187
390 126 130 29 29 2.912259
390 119 127 27 27 1.439623
390 288 36 48 48 1.666642
390 264 36 48 48 1.369578
420 340 131 28 28 13.199678
420 143 134 32 32 7.940162
420 496 193 24 24 4.717106
420 336 126 28 28 2.215654
420 16 32 64 64 1.549024
420 355 130 28 28 3.453122
420 112 98 28 28 0.877595
420 0 112 27 27 0.760500
420 350 126 28 28 0.760097
420 25 126 36 36 0.810576
420 112 112 28 28 0.428967
420 192 128 32 32 0.360281
450 491 197 23 23 17.982047
450 277 0 32 32 6.100679
450 1 114 28 28 8.198040
450 289 18 24 24 3.868733
450 336 130 28 28 4.199151
450 147 129 30 30 4.107465
450 402 192 24 24 2.598174
450 486 192 24 24 2.538938
450 488 204 23 23 3.633510
450 28 48 64 64 1.933171
450 0 129 28 28 2.435472
450 451 170 35 35 1.381631
450 498 192 24 24 0.696961
450 458 164 36 36 0.924649
450 14 112 28 28 0.566624
450 442 162 36 36 0.535353
450 231 119 28 28 0.378397
450 168 133 28 28 0.244213
480 288 12 24 24 13.197145
480 417 168 46 46 18.995500
480 463 228 28 28 12.197117
480 400 193 23 23 10.904652
480 1 117 28 28 6.709306
480 7 113 28 28 7.033477
480 40 48 64 64 4.162566
480 336 133 28 28 2.260725
480 315 126 36 36 2.087951
480 297 6 24 24 3.519161
480 400 151 32 32 1.852704
480 469 224 28 28 1.472709
480 224 126 27 27 1.324580
480 17 195 23 23 2.616918
480 469 238 28 28 1.140520
480 455 224 27 27 0.905376
480 0 155 36 36 0.998498
480 385 153 43 43 0.401997
480 176 112 32 32 0.010093
510 24 154 36 36 31.315031
510 8 149 37 37 17.739466
510 19 140 39 39 19.639101
510 4 142 39 39 14.415842
510 17 161 37 37 10.537198
510 288 44 64 64 5.159903
510 461 224 27 27 3.777565
510 420 168 48 48 4.683680
510 0 48 64 64 2.335502
510 498 109 24 24 1.718500
510 167 125 27 27 0.870874
510 231 126 28 28 0.774345
510 306 18 36 36 0.593990
510 154 126 27 27 0.245340
510 144 112 32 32 0.136157
540 459 144 36 36 1.768383
540 357 119 28 28 0.755321
540 0 133 27 27 0.651239
540 0 32 64 64 0.495063
540 454 133 28 28 0.325231
540 343 21 27 27 0.179539
540 352 48 64 64 0.070669
540 144 112 32 32 0.051875
570 356 115 27 27 6.846144
570 7 7 28 28 0.423404
570 357 126 28 28 0.003260
600 352 5 64 64 10.684472
600 113 119 28 28 2.832049
600 154 114 28 28 1.562092
630 355 117 27 27 9.875081
630 2 131 28 28 10.422896
630 387 112 32 32 8.277958
630 4 126 28 28 5.548790
630 352 12 64 64 3.404018
630 403 112 32 32 4.047196
630 154 123 28 28 2.715226
630 119 119 27 27 1.796351
630 0 112 32 32 1.443786
630 450 144 36 36 1.400921
630 112 112 28 28 1.276490
630 12 96 24 24 0.956731
630 408 128 32 32 0.659496
660 448 118 28 28 7.064080
660 176 112 32 32 1.486250
660 16 3 64 64 1.391072
660 126 119 28 28 0.980968
660 350 126 27 27 0.730285
660 455 115 28 28 1.337645
660 450 162 36 36 0.049910
690 124 123 28 28 6.912246
690 384 111 23 23 4.344504
690 336 119 28 28 0.619206
690 469 133 28 28 0.169991
690 432 126 36 36 0.149406
720 487 112 24 24 11.575596
720 492 108 24 24 1.968533
720 12 18 24 24 1.797263
720 136 112 32 32 1.313898
720 350 119 28 28 1.217689
720 461 98 28 28 1.185036
720 126 127 28 28 1.528480
720 24 112 32 32 0.907965
720 384 114 24 24 0.729034
750 18 2 24 24 2.011150
750 408 36 48 48 2.015310
750 0 144 32 32 0.323495
750 238 119 28 28 0.231711
750 136 144 32 32 0.035906
780 115 133 28 28 10.294327
780 121 126 28 28 4.669891
780 126 130 28 28 4.317207
780 113 12 28 28 4.270202
780 45 18 64 64 2.808182
780 469 126 28 28 1.451559
780 119 7 28 28 1.046186
780 210 12 24 24 0.699729
780 16 32 64 64 0.448076
810 32 32 64 64 1.611587
840 0 42 64 64 4.200626
840 8 32 64 64 2.896188
840 27 126 36 36 1.355671
840 143 112 32 32 0.231394
870 14 149 32 32 20.537785
870 18 113 27 27 9.795293
870 142 112 32 32 5.231750
870 14 128 34 34 10.883700
870 23 142 32 32 4.567261
870 153 123 27 27 4.978953
870 2 143 34 34 0.634529
900 450 131 28 28 11.539274
900 351 24 64 64 7.410251
900 0 152 32 32 2.201075
900 144 112 32 32 1.754199
900 462 133 28 28 1.354923
900 0 133 32 32 2.119676
900 434 126 36 36 1.509941
900 432 289 36 36 0.704274
900 223 133 28 28 0.361510
900 154 126 28 28 0.068890
930 445 127 33 33 5.162140
930 352 16 64 64 2.212459
930 224 126 28 28 0.302269
960 226 126 28 28 4.863764
960 457 127 33 33 0.686222
960 451 133 28 28 0.428218
990 455 133 28 28 1.131801
990 468 133 27 27 0.877576
1020 398 135 32 32 12.872745
1020 192 152 32 32 3.909513
1020 394 145 32 32 6.678443
1020 272 152 32 32 3.337108
1020 392 128 32 32 1.235948
1020 112 133 28 28 0.699765
1020 128 136 32 32 0.169058
1020 230 98 28 28 0.148585
1020 400 152 32 32 0.006310
1050 305 114 24 24 5.269422
1050 395 112 25 25 14.776564
1050 391 109 23 23 9.332466
1050 402 108 24 24 2.317249
1050 384 113 24 24 1.821649
1050 132 96 24 24 1.025760
1050 300 110 24 24 1.671293
1050 288 114 24 24 0.457050
1050 357 111 28 28 0.340195
1050 33 154 44 44 0.066621
1080 6 1 31 31 14.923926
1080 7 13 27 27 13.896620
1080 21 2 30 30 11.447459
1080 18 14 28 28 7.699964
1080 466 231 28 28 2.964560
1080 16 152 32 32 1.247359
1080 193 209 23 23 1.421484
1080 454 231 28 28 1.149114
1080 0 7 28 28 0.655886
1080 132 208 24 24 0.839319
1080 18 198 24 24 0.533430
1080 0 144 36 36 0.229323
1110 450 144 36 36 3.544802
1110 280 48 64 64 2.358222
1110 198 27 36 36 1.088114
1110 176 128 32 32 0.993607
1110 191 128 32 32 0.400530
1110 168 133 28 28 0.050474
1140 48 38 64 64 9.212370
1140 337 126 28 28 4.799450
1140 2 144 37 37 5.784061
1140 342 132 27 27 0.857221
1140 168 126 27 27 0.737307
1140 16 152 32 32 0.629099
1170 25 140 39 39 11.967409
1170 19 149 36 36 20.679272
1170 41 28 64 64 9.215520
1170 9 143 37 37 12.659987
1170 335 121 28 28 4.485967
1170 136 112 32 32 1.681749
1170 458 132 27 27 2.751552
1170 23 161 36 36 1.517561
1170 398 112 32 32 0.450187
1200 337 123 27 27 11.385691
1200 343 119 27 27 2.403753
1200 408 128 32 32 1.586907
1200 0 41 64 64 2.237051
1200 13 32 64 64 2.587813
1200 23 135 32 32 1.126468
1200 0 0 24 24 0.785306
1230 338 130 27 27 14.065073
1230 387 0 32 32 9.348773
1230 344 128 28 28 11.456358
1230 456 126 36 36 4.872096
1230 350 132 27 27 2.336200
1230 399 210 24 24 2.995853
1230 357 126 28 28 1.583597
1230 264 112 32 32 0.802232
1230 136 136 32 32 0.469220
1230 400 0 32 32 0.224399
1260 343 126 28 28 21.167243
1260 348 133 28 28 8.748264
1260 353 119 27 27 6.295061
1260 336 119 28 28 3.169211
1260 192 112 32 32 3.097199
1260 284 16 64 64 3.739483
1260 336 133 28 28 1.241666
1260 357 126 27 27 1.201332
1260 400 112 32 32 0.722098
1260 392 128 32 32 0.338501
1290 399 10 24 24 16.767692
1290 398 6 23 23 9.154844
1290 354 112 28 28 8.245925
1290 126 120 28 28 3.067658
1290 119 126 28 28 0.303258
1320 450 113 28 28 9.942744
1320 256 16 64 64 3.991025
1320 10 112 32 32 4.649673
1320 276 112 32 32 4.756346
1320 387 112 32 32 5.023935
1320 16 133 27 27 3.238172
1320 432 126 36 36 0.626674
1350 245 119 28 28 1.222140
1350 272 112 32 32 1.197188
1350 357 126 28 28 0.794024
1350 176 112 32 32 0.655484
1350 154 126 28 28 0.556741
1350 460 245 28 28 0.736953
1350 16 32 64 64 0.269835
1380 124 125 28 28 7.454028
1380 135 112 32 32 6.766132
1380 5 119 28 28 5.289941
1380 0 19 64 64 2.208041
1380 272 112 32 32 0.954639
1380 102 102 24 24 0.487220
1380 48 16 64 64 0.355044
1380 480 204 24 24 0.337933
1380 168 126 28 28 0.267793
1380 176 112 32 32 0.232564
1380 352 16 64 64 0.061362
1380 238 112 28 28 0.036348
1410 11 113 23 23 18.781298
1410 0 111 23 23 6.868669
1410 168 119 28 28 2.947147
1410 176 112 32 32 2.095089
1410 352 20 64 64 2.733547
1410 5 108 24 24 1.843798
1410 42 18 64 64 1.476549
1410 245 112 28 28 0.386476
1440 168 117 28 28 10.727124
1440 31 16 64 64 9.428076
1440 352 9 64 64 5.201826
1440 272 11 64 64 3.174591
1440 8 32 51 51 7.631459
1440 192 112 32 32 1.212413
1440 154 118 28 28 0.515611
1470 168 117 28 28 16.611644
1470 154 118 28 28 12.303999
1470 147 111 30 30 9.972519
1470 4 12 64 64 13.507132
1470 216 36 48 48 7.787700
1470 352 16 64 64 3.738655
1470 384 128 32 32 3.177520
1470 10 126 28 28 4.255933
1470 272 5 64 64 3.246854
1470 31 32 45 45 1.722449
1470 14 24 32 32 1.264844
1470 16 0 64 64 0.919396
1470 288 16 64 64 0.233832
1500 154 116 28 28 13.130370
1500 168 120 27 27 13.453667
1500 144 112 30 30 14.464108
1500 5 18 64 64 12.341099
1500 283 12 64 64 6.342544
1500 397 129 32 32 5.073510
1500 449 123 28 28 6.220260
1500 405 112 32 32 3.983024
1500 16 32 64 64 2.078098
1500 384 128 32 32 1.669089
1500 10 20 40 40 1.363499
1500 176 112 32 32 1.170518
1500 0 129 28 28 2.161243
1500 128 112 32 32 0.997677
1500 462 126 28 28 0.976113
1500 272 0 64 64 0.624807
1500 32 16 64 64 0.382740
1530 154 118 28 28 15.824305
1530 143 112 30 30 15.568950
1530 168 120 28 28 10.877999
1530 5 19 64 64 8.447955
1530 283 14 64 64 5.866991
1530 128 112 32 32 3.388377
1530 448 116 28 28 4.980375
1530 172 112 30 30 3.477668
1530 407 112 32 32 1.850386
1530 392 136 32 32 0.986836
1530 467 126 27 27 0.406230
1530 294 114 24 24 0.217718
1530 384 128 32 32 0.159641
1560 154 119 28 28 19.276587
1560 144 112 31 31 14.590595
1560 167 124 27 27 7.498484
1560 467 130 28 28 8.686505
1560 131 112 32 32 8.355075
1560 176 112 32 32 3.295862
1560 2 25 64 64 6.707640
1560 394 134 32 32 5.548174
1560 408 112 32 32 1.567416
1560 452 119 28 28 2.423180
1560 396 128 32 32 2.505506
1560 9 22 36 36 2.482046
1560 401 144 32 32 1.235727
1560 448 112 28 28 0.635176
1560 16 16 64 64 0.578775
1560 154 133 28 28 0.509350
1560 126 128 28 28 0.491666
1560 288 16 64 64 0.227646
1560 18 18 36 36 0.043744
1590 167 118 27 27 14.676459
1590 154 114 28 28 3.288976
1590 370 187 43 43 4.210574
1590 168 97 27 27 1.949407
1590 383 196 44 44 2.255555
1590 432 0 36 36 1.633863
1590 131 99 24 24 2.217535
1590 143 96 24 24 1.011775
1590 144 209 24 24 0.956799
1590 96 209 24 24 0.581654
1620 153 117 27 27 21.300126
1620 140 112 32 32 11.669319
1620 131 113 31 31 11.633042
1620 126 125 28 28 7.399724
1620 401 137 32 32 10.427571
1620 0 20 64 64 5.328964
1620 168 123 28 28 5.617777
1620 468 132 28 28 3.605491
1620 449 114 28 28 5.812283
1620 404 144 32 32 4.629107
1620 176 112 32 32 1.791568
1620 288 16 64 64 1.457288
1620 456 117 27 27 2.913303
1620 408 128 32 32 0.836060
1620 12 18 24 24 0.752648
1620 288 6 24 24 0.158908
1650 154 118 28 28 22.457435
1650 145 112 30 30 20.849109
1650 126 125 27 27 11.351537
1650 127 114 30 30 8.064395
1650 167 123 28 28 7.282493
1650 402 137 32 32 11.179990
1650 0 21 64 64 5.149830
1650 405 145 32 32 7.557345
1650 448 115 27 27 6.535032
1650 469 133 27 27 2.684305
1650 405 128 32 32 2.782289
1650 288 16 64 64 1.596397
1650 176 112 32 32 1.560867
1650 400 152 32 32 1.523678
1650 454 114 27 27 1.301864
1650 408 112 32 32 0.520528
1650 14 14 28 28 0.010575
1680 28 187 41 41 19.738815
1680 187 174 44 44 18.076410
1680 28 174 45 45 31.602461
1680 307 147 36 36 11.748769
1680 7 225 27 27 16.229179
1680 322 141 38 38 9.682137
1680 224 227 27 27 7.613249
1680 11 168 47 47 6.957678
1680 448 130 31 31 10.149872
1680 1 16 64 64 3.473851
1680 404 152 32 32 5.711334
1680 16 230 28 28 4.177672
1680 315 151 35 35 7.115326
1680 308 163 36 36 5.167393
1680 0 231 28 28 2.578166
1680 458 131 30 30 3.225310
1680 240 189 41 41 3.080609
1680 313 167 35 35 3.880619
1680 320 160 40 40 1.540722
1680 7 242 28 28 2.309258
1680 132 96 24 24 1.179099
1680 21 224 28 28 0.993093
1680 11 185 43 43 1.057770
1680 432 126 36 36 0.828986
1680 384 152 32 32 0.558550
1680 352 32 64 64 0.482156
1680 340 140 40 40 0.472005
1680 297 153 36 36 0.377042
1680 408 129 32 32 0.387332
1680 136 136 32 32 0.167633
1710 136 129 32 32 22.795185
1710 128 132 32 32 7.251472
1710 449 128 33 33 10.225174
1710 435 126 36 36 5.343513
1710 408 152 32 32 2.997154
1710 144 131 33 33 4.900192
1710 152 126 36 36 6.064947
1710 336 140 40 40 3.394975
1710 48 33 64 64 2.049529
1710 464 130 30 30 3.555237
1710 272 0 32 32 1.093742
1710 351 39 64 64 1.535975
1710 9 144 36 36 0.048131
1740 129 133 32 32 20.550352
1740 432 162 36 36 13.980115
1740 346 140 40 40 7.855822
1740 141 133 32 32 14.749183
1740 138 129 33 33 13.373124
1740 148 126 35 35 8.887036
1740 168 133 28 28 3.965983
1740 245 0 28 28 3.618567
1740 385 196 24 24 7.638087
1740 42 45 64 64 5.561544
1740 396 198 24 24 1.870531
1740 432 126 36 36 1.752302
1740 390 192 23 23 1.631980
1740 469 133 28 28 0.932139
1740 350 160 40 40 0.679174
1740 18 84 24 24 0.373372
1740 288 12 24 24 0.332300
1740 136 144 32 32 0.241256
1770 124 126 28 28 26.879805
1770 120 133 27 27 11.744019
1770 458 165 36 36 13.067534
1770 203 13 24 24 15.372793
1770 144 129 31 31 21.288212
1770 198 16 24 24 15.229039
1770 395 196 24 24 11.256185
1770 403 142 32 32 7.292628
1770 489 114 24 24 5.218684
1770 498 204 23 23 3.185417
1770 277 112 32 32 4.482543
1770 112 127 28 28 3.753314
1770 352 153 43 43 2.951744
1770 168 9 28 28 5.128849
1770 431 162 36 36 7.884192
1770 193 1 29 29 3.493453
1770 135 136 32 32 2.688433
1770 175 0 31 31 2.678347
1770 122 119 28 28 3.685109
1770 168 130 28 28 2.904198
1770 384 144 32 32 1.573081
1770 399 202 24 24 3.294230
1770 210 18 24 24 1.537083
1770 441 171 36 36 1.304480
1770 408 152 32 32 0.718246
1770 256 16 64 64 0.601740
1770 402 191 23 23 0.365050
1770 27 48 64 64 0.363266
1800 154 131 28 28 6.261351
1800 304 1 24 24 7.907624
1800 454 144 36 36 4.981119
1800 468 128 28 28 4.275419
1800 115 133 28 28 4.171664
1800 448 126 28 28 1.970893
1800 128 112 32 32 1.675761
1800 32 32 64 64 1.646239
1800 27 126 36 36 1.599741
1800 395 168 48 48 3.059468
1800 127 129 31 31 1.941509
1800 168 128 28 28 2.450245
1830 467 130 28 28 9.261912
1830 462 126 28 28 12.618195
1830 124 131 29 29 6.097463
1830 34 21 64 64 4.817297
1830 256 15 64 64 2.259116
1830 42 28 64 64 4.487626
1830 457 119 27 27 3.123794
1830 458 133 28 28 2.980467
1830 437 126 36 36 2.139548
1830 154 133 28 28 0.547328
1830 21 126 28 28 0.520235
1830 128 112 32 32 0.321177
1830 112 133 28 28 0.260319
