30 20 112 32 32 13.416141
30 342 131 28 28 18.656637
30 21 126 34 34 13.628539
30 154 133 28 28 4.113900
30 283 19 64 64 8.020922
30 493 12 24 24 4.382541
30 336 126 28 28 3.012562
30 10 126 34 34 4.034188
30 0 133 28 28 2.874592
30 276 26 64 64 6.569279
30 432 147 36 36 3.455293
30 349 140 40 40 1.888245
30 315 126 36 36 1.728503
30 168 133 28 28 1.477863
30 432 167 36 36 1.850295
30 256 112 32 32 1.144964
30 23 144 36 36 1.564777
30 8 112 32 32 0.836480
30 343 119 28 28 0.487745
30 432 126 36 36 0.288606
60 343 124 28 28 20.430484
60 3 192 23 23 10.701735
60 272 13 64 64 12.894943
60 336 119 28 28 11.640795
60 431 153 36 36 7.822363
60 131 128 32 32 5.621080
60 256 7 64 64 3.595494
60 350 119 28 28 1.898418
60 281 32 64 64 2.957333
60 343 112 28 28 1.417137
60 0 112 28 28 0.841706
60 102 114 24 24 0.739913
60 0 197 24 24 0.197580
60 336 133 28 28 0.020209
90 349 126 28 28 20.509346
90 338 131 27 27 13.228836
90 11 143 32 32 9.503150
90 343 119 27 27 16.366911
90 9 127 35 35 9.616515
90 337 113 27 27 8.940806
90 282 19 64 64 8.588626
90 352 32 64 64 3.675697
90 112 116 28 28 6.007053
90 168 116 28 28 4.764747
90 24 142 32 32 3.245237
90 97 100 24 24 5.097245
90 140 112 32 32 4.302204
90 272 32 64 64 1.560325
90 125 125 27 27 1.587745
90 121 113 28 28 2.719610
90 357 133 28 28 1.350419
90 357 119 28 28 1.271764
90 16 32 64 64 0.874530
90 14 149 33 33 1.004401
90 127 113 31 31 0.658700
90 256 15 64 64 0.383258
90 14 112 28 28 0.232161
120 342 119 28 28 29.330792
120 338 113 28 28 17.921809
120 33 35 47 47 12.789790
120 283 14 64 64 12.002217
120 408 135 32 32 9.631687
120 352 25 64 64 7.340395
120 449 119 27 27 8.487190
120 352 126 28 28 6.549036
120 336 129 28 28 7.660075
120 113 121 27 27 7.505216
120 15 36 48 48 8.666308
120 406 149 32 32 6.871549
120 494 18 24 24 5.686071
120 105 95 24 24 5.782602
120 96 96 23 23 2.810652
120 357 119 27 27 7.236523
120 343 133 28 28 2.666213
120 353 112 28 28 4.421339
120 394 0 32 32 3.609275
120 268 0 64 64 2.192536
120 216 36 48 48 2.001890
120 408 0 32 32 0.838982
120 168 119 28 28 0.806660
120 0 133 28 28 0.791549
120 256 10 64 64 1.139555
120 352 0 64 64 0.381316
120 126 116 29 29 0.219521
150 343 118 28 28 28.742138
150 396 112 30 30 14.929147
150 348 112 28 28 12.411206
150 357 119 28 28 9.262483
150 393 130 32 32 7.883294
150 336 112 27 27 3.858105
150 19 112 32 32 6.168248
150 349 129 27 27 8.055855
150 393 149 32 32 7.897584
150 207 35 48 48 8.029538
150 336 126 27 27 2.362456
150 287 43 64 64 2.426611
150 0 16 64 64 1.678189
150 126 132 28 28 1.558286
150 231 0 28 28 1.032226
150 402 210 24 24 0.906236
150 375 154 44 44 1.000733
150 400 136 32 32 0.781455
150 7 136 32 32 0.769433
150 0 12 24 24 0.711097
150 459 157 36 36 1.287927
150 192 112 32 32 0.479269
150 462 245 28 28 0.261510
180 1 101 25 25 17.914968
180 0 19 64 64 11.464298
180 285 37 64 64 10.560336
180 12 105 24 24 8.669039
180 245 98 28 28 3.654224
180 4 224 28 28 5.354881
180 208 23 48 48 10.592230
180 383 148 32 32 4.764846
180 384 135 32 32 6.624799
180 336 133 27 27 2.361637
180 0 48 64 64 2.161089
180 27 126 36 36 1.758106
180 24 36 48 48 2.866524
180 192 108 24 24 0.950857
180 306 114 24 24 0.849331
180 466 245 28 28 1.073305
180 451 237 28 28 1.074154
180 18 210 24 24 0.580383
180 216 36 48 48 0.710460
210 285 18 64 64 14.259159
210 272 26 64 64 6.835607
210 443 153 35 35 8.839273
210 0 20 64 64 5.392171
210 448 147 36 36 6.789737
210 122 126 28 28 5.491456
210 202 114 24 24 3.528573
210 210 36 48 48 8.390478
210 439 125 35 35 2.552312
210 448 1 28 28 1.871936
210 288 48 64 64 0.853092
210 350 140 40 40 0.784354
210 448 112 28 28 0.693722
210 384 36 47 47 0.349994
210 14 119 28 28 0.123259
240 440 144 36 36 9.935028
240 196 114 24 24 4.958686
240 338 117 28 28 8.110726
240 288 32 64 64 2.514879
240 343 112 28 28 0.957587
240 357 119 28 28 0.825498
240 385 154 44 44 0.576414
240 18 96 24 24 0.422803
240 432 162 36 36 0.122503
270 349 118 27 27 20.691930
270 288 12 64 64 14.034071
270 336 115 28 28 9.595792
270 342 111 27 27 12.979620
270 432 126 36 36 3.427827
270 21 112 28 28 3.312645
270 357 111 28 28 3.036547
270 154 98 28 28 2.974597
270 168 98 28 28 2.145520
270 377 154 44 44 2.560590
270 16 0 64 64 1.821867
270 343 126 28 28 1.710176
270 192 114 24 24 1.752951
270 288 48 64 64 0.932492
270 126 98 28 28 0.411849
300 350 113 28 28 25.376788
300 357 119 28 28 4.180632
300 288 16 64 64 7.975573
300 405 152 32 32 4.892780
300 343 122 28 28 6.315308
300 389 114 24 24 3.678614
300 20 120 28 28 7.199230
300 16 126 27 27 6.786209
300 144 113 24 24 2.516263
300 342 133 28 28 2.349061
300 107 114 24 24 1.262143
300 352 16 64 64 1.102080
300 48 0 64 64 0.991882
300 17 133 28 28 1.728205
300 6 133 28 28 0.736348
300 350 126 28 28 0.689490
300 336 111 28 28 0.644837
300 272 32 64 64 0.507875
300 384 152 32 32 0.246895
300 96 113 24 24 0.139017
330 5 125 28 28 18.165077
330 342 112 28 28 11.864927
330 2 133 28 28 5.935242
330 351 0 64 64 3.554704
330 374 31 44 44 3.668344
330 112 114 28 28 5.438510
330 0 114 29 29 7.706840
330 280 139 32 32 3.941927
330 13 121 28 28 4.199747
330 389 129 32 32 4.386206
330 4 111 28 28 3.982616
330 44 10 64 64 5.355898
330 231 126 28 28 2.052964
330 36 3 64 64 5.523963
330 336 119 28 28 1.458063
330 384 152 32 32 0.842698
330 4 0 64 64 1.057911
330 288 32 64 64 0.750718
330 384 112 32 32 0.612796
330 384 192 24 24 0.512471
330 36 36 48 48 0.930674
360 456 147 36 36 12.985976
360 452 152 36 36 16.243166
360 154 127 27 27 5.848339
360 18 125 28 28 8.850633
360 385 194 45 45 12.593779
360 19 112 30 30 8.998934
360 0 12 64 64 4.845815
360 344 112 28 28 4.417542
360 352 33 64 64 4.850178
360 403 24 32 32 5.644138
360 145 112 31 31 3.750164
360 395 112 32 32 4.891681
360 498 288 24 24 2.400746
360 7 126 28 28 2.169068
360 132 96 24 24 2.122044
360 204 24 48 48 2.925646
360 377 206 44 44 2.902743
360 272 5 64 64 1.797982
360 357 112 28 28 1.031711
360 224 133 28 28 0.820729
360 459 126 36 36 0.800808
360 408 16 32 32 0.371975
360 363 198 44 44 0.314662
360 0 119 27 27 0.311663
360 14 133 28 28 0.212904
360 486 192 24 24 0.131581
390 144 102 23 23 14.477188
390 176 112 32 32 9.011218
390 130 100 24 24 12.861807
390 346 98 28 28 8.388657
390 2 112 28 28 7.953191
390 101 113 24 24 10.968494
390 0 84 24 24 4.000046
390 12 112 28 28 9.009267
390 468 123 28 28 4.734251
390 335 97 27 27 3.045698
390 167 128 28 28 5.091129
390 492 12 24 24 2.570846
390 13 97 26 26 5.962588
390 19 117 28 28 4.911702
390 204 24 48 48 4.417492
390 228 133 28 28 3.747245
390 480 114 24 24 2.078686
390 7 96 24 24 4.579599
390 15 15 64 64 1.777727
390 408 112 32 32 0.891372
390 462 119 28 28 0.840976
390 216 18 36 36 0.835679
390 105 108 24 24 1.238124
390 119 98 28 28 0.768656
390 19 131 29 29 1.082499
390 0 123 27 27 1.155145
390 469 112 28 28 0.045806
420 138 128 32 32 12.497731
420 26 28 47 47 23.369274
420 448 115 28 28 10.072587
420 154 133 28 28 4.664440
420 353 97 27 27 8.228395
420 393 141 32 32 8.801141
420 144 136 32 32 3.284251
420 176 112 32 32 2.905514
420 234 133 28 28 4.141704
420 383 112 23 23 2.844045
420 339 98 28 28 4.406384
420 392 128 32 32 1.676376
420 108 96 24 24 1.374885
420 448 126 28 28 1.271780
420 0 35 64 64 1.892339
420 402 112 24 24 1.527036
420 0 2 64 64 1.043600
420 455 116 28 28 1.305336
420 192 112 32 32 0.847612
420 0 84 24 24 0.245318
420 0 96 24 24 0.161745
420 0 119 28 28 0.016802
450 24 25 47 47 32.209779
450 449 123 28 28 9.621453
450 1 29 46 46 15.024989
450 35 45 64 64 9.742726
450 281 18 64 64 7.161436
450 407 149 32 32 5.337406
450 338 111 27 27 2.902148
450 245 126 28 28 2.142474
450 175 112 32 32 1.922755
450 128 144 32 32 1.802341
450 271 32 64 64 3.739248
450 167 132 28 28 1.803169
450 463 124 27 27 4.079009
450 35 31 51 51 3.880310
450 355 112 28 28 1.845452
450 112 119 28 28 1.364398
450 7 126 28 28 1.015576
450 455 119 28 28 0.964502
450 408 128 32 32 0.687835
450 96 84 24 24 0.587943
450 154 126 36 36 0.626993
450 272 0 64 64 0.339750
450 12 35 48 48 0.320712
450 256 16 64 64 0.073520
450 459 306 36 36 0.020410
480 3 32 47 47 40.580188
480 97 98 23 23 12.667376
480 107 101 24 24 14.872594
480 280 32 64 64 9.473201
480 144 129 33 33 11.063900
480 17 169 37 37 11.863621
480 144 142 32 32 9.690316
480 132 106 24 24 7.616060
480 2 15 46 46 7.778532
480 455 132 28 28 6.338202
480 30 34 54 54 7.584374
480 384 112 32 32 2.199816
480 22 140 40 40 3.067157
480 408 112 32 32 2.026821
480 336 119 28 28 1.899348
480 10 180 40 40 1.437623
480 10 25 45 45 4.193894
480 306 126 36 36 1.335621
480 408 139 32 32 1.626968
480 256 32 64 64 0.795169
480 469 133 28 28 0.691802
480 357 126 28 28 0.658571
480 102 108 24 24 0.539317
480 219 9 40 40 0.294418
480 0 170 40 40 0.248482
480 245 133 28 28 0.130577
480 198 0 44 44 0.098765
480 32 48 64 64 0.065963
510 106 111 23 23 18.481551
510 102 108 24 24 24.933544
510 485 0 24 24 11.450657
510 26 160 36 36 5.774493
510 273 44 64 64 15.570163
510 176 146 32 32 9.243042
510 132 192 24 24 3.832526
510 108 102 23 23 3.172961
510 288 32 64 64 3.109725
510 320 140 39 39 4.398756
510 436 126 36 36 5.434991
510 456 126 36 36 4.035315
510 308 144 35 35 3.358857
510 128 148 32 32 3.338572
510 306 126 36 36 1.940032
510 408 112 32 32 1.816892
510 407 128 32 32 1.353081
510 12 46 64 64 1.529863
510 2 35 64 64 1.462550
510 336 129 27 27 1.790109
510 256 0 32 32 0.860535
510 408 152 32 32 0.573007
510 162 147 36 36 0.844946
510 498 0 24 24 0.371763
510 357 126 28 28 0.313424
510 245 6 28 28 0.153992
510 30 140 40 40 0.056097
540 3 146 35 35 38.711865
540 13 147 33 33 18.351429
540 305 143 36 36 10.405628
540 292 144 36 36 6.931147
540 392 147 32 32 4.903953
540 264 129 32 32 3.022150
540 16 16 64 64 2.358719
540 242 154 44 44 2.250993
540 155 147 36 36 5.055376
540 288 200 24 24 2.780123
540 289 208 24 24 4.120503
540 384 152 32 32 1.587561
540 363 154 44 44 0.870834
540 352 48 64 64 0.857222
540 480 204 24 24 0.743535
540 268 135 32 32 1.343335
540 297 171 36 36 0.646035
540 402 210 24 24 0.616716
540 396 0 23 23 0.387128
540 448 98 28 28 0.292593
570 177 204 43 43 10.648221
570 194 210 46 46 15.732525
570 7 230 28 28 7.669531
570 21 228 28 28 3.524195
570 21 186 44 44 6.688646
570 398 289 24 24 5.500640
570 114 224 28 28 3.272883
570 385 272 32 32 2.684495
570 276 280 32 32 3.368792
570 498 198 24 24 1.837144
570 154 224 28 28 1.781596
570 301 300 24 24 3.676253
570 391 96 24 24 3.086308
570 399 293 23 23 2.642787
570 288 0 47 47 2.629512
570 182 187 44 44 2.253864
570 0 187 44 44 1.279094
570 0 223 28 28 1.163414
570 126 224 28 28 0.896766
570 306 5 35 35 1.465472
570 306 26 36 36 0.771933
570 168 224 28 28 0.676315
570 256 136 32 32 0.618215
570 224 224 28 28 0.614691
570 396 84 24 24 0.489112
570 498 300 24 24 0.402304
570 224 245 28 28 0.190669
570 272 272 32 32 0.090306
570 450 126 36 36 0.040827
570 492 294 24 24 0.039001
600 290 146 36 36 8.624413
600 194 25 47 47 8.614339
600 455 98 28 28 2.708659
600 297 148 36 36 5.402364
600 452 112 28 28 3.479377
600 347 0 28 28 3.329622
600 202 33 47 47 6.254785
600 454 7 27 27 0.818165
600 306 146 35 35 1.021803
600 312 152 36 36 0.903879
600 189 11 45 45 0.962315
600 216 27 36 36 0.389115
600 357 119 28 28 0.206540
600 343 7 28 28 0.195771
600 144 24 32 32 0.067183
630 150 8 30 30 28.269137
630 144 14 31 31 25.186311
630 290 193 24 24 16.317829
630 145 0 32 32 11.125794
630 278 150 32 32 13.139856
630 19 112 30 30 12.163767
630 197 165 35 35 8.622696
630 302 192 24 24 7.377915
630 285 145 34 34 7.399625
630 294 198 24 24 3.308277
630 138 24 32 32 4.670679
630 167 18 28 28 4.635398
630 240 140 40 40 2.282176
630 180 160 40 40 2.201165
630 132 1 24 24 2.763061
630 36 24 48 48 3.613868
630 138 8 33 33 2.544503
630 272 144 32 32 1.290042
630 0 48 64 64 1.245455
630 240 160 40 40 1.017894
630 280 134 32 32 1.191818
630 21 123 28 28 1.325091
630 9 11 36 36 0.921126
630 306 126 36 36 0.664161
630 128 16 32 32 0.663581
630 112 0 27 27 0.637870
630 6 23 37 37 1.107289
630 18 162 36 36 0.339410
630 0 0 64 64 0.164043
630 288 162 36 36 0.060176
660 0 166 36 36 5.976511
660 4 208 24 24 6.700357
660 385 154 44 44 2.864191
660 0 48 64 64 2.700377
660 27 126 36 36 2.422563
660 272 8 32 32 2.401184
660 0 152 35 35 2.211858
660 23 143 36 36 2.224064
660 18 206 24 24 2.607475
660 384 198 24 24 1.093960
660 453 226 28 28 1.638986
660 469 21 28 28 0.120482
690 455 232 28 28 32.508943
690 1 128 28 28 10.479861
690 387 112 32 32 6.815819
690 448 237 28 28 4.072173
690 462 238 28 28 3.899353
690 457 14 27 27 5.868263
690 299 10 23 23 3.551273
690 124 130 29 29 6.091137
690 131 112 32 32 3.822053
690 336 119 27 27 1.409707
690 30 140 40 40 1.224394
690 448 21 28 28 1.079947
690 461 21 28 28 0.887171
690 0 144 32 32 0.779216
690 497 0 23 23 0.750389
690 245 112 28 28 0.433895
690 461 223 28 28 0.308073
690 27 153 36 36 0.171145
720 496 11 24 24 26.632564
720 491 4 23 23 5.867962
720 144 147 36 36 6.141394
720 192 0 24 24 3.311982
720 404 112 32 32 5.363178
720 498 290 24 24 5.341339
720 244 112 28 28 2.331957
720 136 152 32 32 1.618596
720 408 128 32 32 1.613306
720 30 140 40 40 1.431954
720 386 112 32 32 1.383096
720 448 245 28 28 0.786694
750 113 127 28 28 14.755816
750 236 111 28 28 9.287846
750 121 131 28 28 12.086982
750 335 120 28 28 4.948640
750 14 6 64 64 3.607437
750 352 32 64 64 1.760457
750 0 13 64 64 1.332428
750 126 126 28 28 1.096374
750 0 192 24 24 0.757215
750 392 128 32 32 0.247417
750 6 198 23 23 0.015253
780 354 120 27 27 13.799201
780 154 133 28 28 3.395622
780 120 128 28 28 10.316843
780 111 131 27 27 3.713948
780 496 13 24 24 5.892384
780 416 15 48 48 11.979766
780 350 126 27 27 2.454502
780 126 118 28 28 2.460235
780 406 112 32 32 2.471520
780 459 162 36 36 2.127003
780 126 131 29 29 3.083196
780 469 119 28 28 1.893125
780 498 102 24 24 1.557848
780 396 11 48 48 1.680622
780 245 112 28 28 0.757435
810 487 84 24 24 7.272465
810 351 112 28 28 11.078976
810 112 131 28 28 5.696408
810 385 112 32 32 3.434113
810 148 130 30 30 5.524167
810 128 128 32 32 2.494176
810 168 133 28 28 2.121456
810 458 0 28 28 3.736445
810 469 0 28 28 1.386208
810 339 112 28 28 2.313510
810 357 119 28 28 0.811171
810 16 32 64 64 0.250140
840 28 18 64 64 14.509741
840 17 27 64 64 13.223628
840 448 118 28 28 11.533182
840 0 128 28 28 6.097728
840 176 112 32 32 3.644878
840 153 127 27 27 8.492577
840 140 112 32 32 6.475129
840 128 112 32 32 2.961036
840 306 108 24 24 2.740029
840 0 23 64 64 3.835808
840 288 111 23 23 3.624336
840 448 133 28 28 1.623403
840 128 128 32 32 1.383948
840 396 112 24 24 1.415828
840 108 6 24 24 0.097190
870 4 19 64 64 22.259318
870 306 110 24 24 11.143139
870 15 32 64 64 3.584098
870 16 128 27 27 9.133238
870 132 112 32 32 5.949855
870 17 132 27 27 5.589209
870 469 124 28 28 3.385099
870 384 114 24 24 2.557739
870 42 19 64 64 5.485790
870 126 112 28 28 2.133244
870 126 132 28 28 1.997125
870 168 129 28 28 2.866832
870 462 119 28 28 2.467273
870 288 114 24 24 1.231527
870 134 128 32 32 1.293985
870 16 0 64 64 0.973197
870 480 84 24 24 0.968143
870 400 112 32 32 0.881390
870 0 48 64 64 0.803736
870 300 114 24 24 0.158964
870 24 144 32 32 0.086686
900 0 29 64 64 6.672953
900 303 114 24 24 8.242526
900 22 112 32 32 5.352493
900 126 133 28 28 3.086987
900 399 112 32 32 4.230808
900 352 0 64 64 1.657546
900 5 144 33 33 2.697041
900 454 119 28 28 1.370325
900 48 32 64 64 1.176040
900 112 112 28 28 0.917666
900 32 48 64 64 0.178028
900 102 114 24 24 0.004029
930 398 112 32 32 10.770229
930 17 128 31 31 10.497956
930 44 44 64 64 6.221596
930 144 140 32 32 3.256311
930 486 114 24 24 1.348024
930 0 152 32 32 0.550856
930 142 128 32 32 0.531802
930 384 112 32 32 0.038067
960 2 133 32 32 12.298585
960 397 112 32 32 7.851129
960 395 128 32 32 5.637289
960 32 47 64 64 4.897582
960 127 147 32 32 3.855978
960 128 128 32 32 1.197032
960 136 152 32 32 1.051462
960 280 112 32 32 0.384587
990 351 22 64 64 5.912819
990 392 128 32 32 6.419587
990 30 140 40 40 2.410246
990 392 144 32 32 1.166040
990 16 48 64 64 1.044421
990 112 126 28 28 0.996135
990 8 144 32 32 0.590369
990 288 32 64 64 0.412358
990 384 152 32 32 0.301556
990 432 153 36 36 0.284523
990 132 198 24 24 0.164064
990 306 18 24 24 0.143246
1020 141 138 32 32 12.779277
1020 399 150 32 32 12.009297
1020 276 127 32 32 7.007146
1020 140 152 32 32 4.145531
1020 135 147 32 32 3.942878
1020 8 156 35 35 3.542467
1020 459 166 36 36 2.938200
1020 2 126 35 35 2.027740
1020 0 161 36 36 1.493555
1020 450 162 36 36 1.137461
1020 391 140 32 32 1.476173
1020 4 141 35 35 1.213504
1020 408 144 32 32 0.520460
1020 392 128 32 32 0.379937
1020 400 136 32 32 0.272309
1050 268 128 32 32 5.146636
1050 408 148 32 32 3.839161
1050 22 112 30 30 2.862130
1050 128 136 32 32 0.528527
1050 352 48 64 64 0.289976
1050 392 136 32 32 0.012779
1080 355 132 28 28 8.958111
1080 256 112 32 32 2.293855
1080 1 149 32 32 4.010466
1080 386 133 32 32 4.988621
1080 394 128 32 32 1.233414
1080 432 126 36 36 0.845446
1080 0 126 36 36 0.796873
1080 492 198 24 24 0.663692
1080 352 32 64 64 0.284395
1110 233 124 28 28 15.870425
1110 124 131 28 28 8.778278
1110 260 112 32 32 10.056273
1110 1 192 24 24 6.442398
1110 385 129 32 32 6.154135
1110 384 112 32 32 2.297081
1110 389 133 32 32 4.963853
1110 245 126 28 28 1.064399
1110 6 114 23 23 0.994575
1110 433 126 36 36 0.946890
1110 352 32 64 64 0.757933
1110 0 140 40 40 0.681415
1110 460 132 27 27 0.727077
1110 9 153 36 36 0.611934
1110 384 144 32 32 0.403724
1110 132 112 32 32 0.131850
1140 436 144 36 36 13.802741
1140 355 121 28 28 11.717258
1140 447 129 29 29 12.823359
1140 350 126 28 28 18.756013
1140 23 144 32 32 8.789006
1140 17 129 34 34 9.136908
1140 2 17 45 45 9.345168
1140 176 112 32 32 3.147038
1140 343 133 28 28 2.821979
1140 357 133 28 28 2.242008
1140 339 119 28 28 3.785722
1140 167 126 28 28 1.410387
1140 448 119 28 28 1.349655
1140 432 126 36 36 0.686464
1140 439 152 35 35 0.333370
1140 198 6 24 24 0.251653
1140 384 128 32 32 0.132740
1170 273 1 32 32 10.408272
1170 168 133 28 28 2.717543
1170 283 12 28 28 3.946607
1170 432 171 36 36 1.893827
1170 144 112 32 32 1.410503
1170 154 126 28 28 1.170350
1170 384 112 32 32 1.152416
1170 255 10 64 64 1.679425
1170 126 126 28 28 0.834803
1170 21 148 33 33 1.225471
1200 399 114 24 24 10.775785
1200 1 130 28 28 9.220109
1200 485 1 23 23 13.827807
1200 153 132 28 28 2.639274
1200 112 130 28 28 3.524485
1200 136 112 32 32 1.908362
1200 485 108 24 24 1.936000
1200 480 6 24 24 1.617985
1200 396 108 24 24 1.594576
1200 497 15 24 24 2.149931
1200 497 7 24 24 2.460372
1200 8 126 28 28 1.392913
1200 479 112 23 23 0.897413
1200 384 128 32 32 0.391022
1200 390 114 24 24 0.056389
1230 387 112 32 32 10.884017
1230 355 119 27 27 5.203649
1230 153 126 28 28 3.188472
1230 400 112 29 29 4.113726
1230 116 120 28 28 6.019629
1230 144 112 32 32 1.086772
1230 0 16 64 64 1.005448
1230 112 126 28 28 0.691416
1230 126 126 28 28 0.268203
1230 352 16 64 64 0.096839
1260 19 113 30 30 16.132220
1260 352 3 64 64 6.572735
1260 385 112 24 24 9.016911
1260 7 97 24 24 10.392528
1260 120 112 27 27 9.389013
1260 6 117 28 28 12.464941
1260 409 36 48 48 15.296162
1260 400 114 24 24 4.252935
1260 339 98 28 28 5.809340
1260 3 126 28 28 6.089630
1260 384 36 48 48 2.039178
1260 353 97 27 27 1.840694
1260 12 101 24 24 0.679744
1290 449 114 28 28 12.376222
1290 462 113 27 27 15.959914
1290 112 121 27 27 8.748858
1290 384 113 27 27 7.860029
1290 465 119 28 28 7.049820
1290 1 130 30 30 6.332421
1290 347 112 28 28 5.569517
1290 455 119 28 28 2.349614
1290 448 98 28 28 2.086286
1290 402 114 24 24 2.073578
1290 128 112 32 32 1.706594
1290 343 97 27 27 1.717311
1290 119 126 27 27 0.354115
1290 408 112 32 32 0.192573
1290 294 84 24 24 0.006370
1320 356 115 28 28 10.696687
1320 387 112 32 32 9.133238
1320 112 130 28 28 7.662244
1320 350 111 28 28 4.162903
1320 463 123 28 28 9.867037
1320 459 111 27 27 3.718618
1320 469 119 28 28 2.366752
1320 455 117 27 27 3.794169
1320 400 112 32 32 1.876272
1320 384 128 32 32 1.258399
1320 14 112 28 28 1.006102
1320 0 98 28 28 0.403411
1350 356 123 28 28 9.059437
1350 388 112 32 32 7.183938
1350 388 128 32 32 5.542153
1350 350 119 28 28 3.559537
1350 469 133 28 28 2.381544
1350 384 136 32 32 1.991789
1350 25 127 34 34 3.145781
1350 260 112 32 32 2.964192
1350 337 112 28 28 1.458644
1350 294 96 24 24 0.619959
1350 0 48 64 64 0.583230
1380 351 131 28 28 9.105483
1380 7 144 32 32 27.318847
1380 245 128 28 28 7.798487
1380 22 145 32 32 8.908076
1380 14 149 33 33 14.834083
1380 386 128 32 32 5.432936
1380 1 136 34 34 11.239624
1380 0 151 36 36 2.774398
1380 267 112 32 32 3.254264
1380 466 133 28 28 2.686595
1380 11 129 34 34 1.854535
1380 343 126 28 28 0.223032
1410 432 126 36 36 7.785716
1410 386 134 32 32 20.003128
1410 239 133 28 28 6.328820
1410 8 149 32 32 14.881289
1410 400 137 32 32 5.573235
1410 96 107 24 24 3.714893
1410 15 84 24 24 5.774836
1410 0 126 36 36 3.074228
1410 390 144 32 32 6.921356
1410 26 142 38 38 7.189101
1410 392 128 32 32 2.421951
1410 2 145 33 33 8.218186
1410 14 142 35 35 5.543178
1410 402 198 24 24 1.249401
1410 432 144 36 36 0.391023
1410 352 48 64 64 0.106782
1440 400 143 32 32 23.133339
1440 405 137 32 32 17.796629
1440 28 140 39 39 5.265983
1440 5 142 37 37 13.031106
1440 384 131 32 32 7.505075
1440 392 135 32 32 3.428142
1440 352 48 64 64 2.472416
1440 392 152 32 32 1.318352
1440 136 136 32 32 1.291811
1440 398 128 32 32 1.460761
1440 0 153 36 36 0.731465
1470 386 129 32 32 16.368690
1470 390 136 32 32 10.540653
1470 434 126 36 36 5.250265
1470 354 133 28 28 6.106197
1470 399 130 32 32 4.692714
1470 3 192 24 24 4.158200
1470 245 122 28 28 3.423787
1470 264 112 32 32 1.499710
1500 132 193 23 23 5.232992
1500 245 112 27 27 2.948706
1500 120 132 28 28 3.203828
1500 124 118 29 29 5.557736
1500 448 133 28 28 0.608098
1500 352 32 64 64 0.428199
1500 132 204 24 24 0.347835
1500 231 119 27 27 0.176816
1500 469 133 28 28 0.145819
1530 454 119 28 28 27.502165
1530 462 126 28 28 16.845897
1530 449 130 28 28 10.725049
1530 387 112 32 32 6.291600
1530 468 130 27 27 5.284112
1530 448 112 28 28 3.242731
1530 141 142 32 32 5.927588
1530 352 133 28 28 3.817341
1530 192 112 32 32 1.928050
1530 15 32 64 64 1.808322
1530 131 136 32 32 3.460598
1530 400 128 32 32 1.501169
1530 357 124 27 27 1.247082
1530 469 119 28 28 0.068690
1530 400 112 32 32 0.045772
1560 105 97 24 24 11.113918
1560 385 112 32 32 5.332761
1560 354 121 28 28 10.597465
1560 9 48 64 64 4.596219
1560 1 204 24 24 4.973303
1560 96 96 24 24 2.256941
1560 102 102 24 24 2.129079
1560 350 126 28 28 1.592353
1560 4 131 33 33 2.836252
1560 8 161 36 36 1.453212
1560 0 133 28 28 0.383591
1560 168 133 28 28 0.057380
1590 17 152 35 35 25.360513
1590 351 119 28 28 17.414133
1590 121 131 27 27 13.040093
1590 9 144 37 37 17.953865
1590 357 122 28 28 7.603102
1590 122 125 28 28 7.214247
1590 451 126 28 28 7.327663
1590 384 112 32 32 3.356809
1590 385 154 44 44 3.104643
1590 0 151 38 38 9.508832
1590 18 194 24 24 4.960676
1590 31 0 64 64 2.365941
1590 413 23 47 47 7.655650
1590 27 162 36 36 1.694795
1590 9 162 36 36 1.626356
1590 356 112 27 27 1.407426
1590 15 15 61 61 1.768053
1590 352 0 64 64 1.177902
1590 192 112 32 32 0.598404
1590 343 126 28 28 0.408486
1590 154 133 28 28 0.098311
1590 0 32 64 64 0.037191
1620 356 114 28 28 19.493197
1620 449 22 36 36 9.660617
1620 114 121 28 28 8.870977
1620 404 112 32 32 5.097385
1620 32 16 64 64 1.125945
1620 126 121 28 28 1.568588
1620 16 128 32 32 0.754206
1620 112 133 28 28 0.595060
1620 176 112 32 32 0.559283
1620 352 16 64 64 0.341845
1620 392 112 32 32 0.209092
1620 6 18 24 24 0.136313
1620 126 133 28 28 0.126748
1650 352 13 64 64 9.661345
1650 111 113 28 28 4.775967
1650 401 112 32 32 3.878862
1650 454 120 28 28 3.330487
1650 449 125 28 28 3.243350
1650 390 114 23 23 1.948273
1650 112 133 28 28 1.818268
1650 352 40 64 64 2.401451
1650 16 0 64 64 0.846498
1650 462 126 28 28 0.658484
1650 132 114 24 24 0.215050
1650 192 18 24 24 0.185401
1680 352 34 64 64 14.155317
1680 405 112 32 32 6.992794
1680 406 128 32 32 5.712548
1680 455 133 28 28 2.038924
1680 96 114 24 24 1.536480
1680 388 112 32 32 2.526475
1680 21 112 32 32 0.265244
1680 192 0 24 24 0.084441
1680 18 126 36 36 0.039102
1710 386 135 32 32 23.342999
1710 459 126 36 36 6.256540
1710 5 84 24 24 14.666124
1710 19 127 28 28 8.496701
1710 388 144 32 32 7.254017
1710 0 96 24 24 3.448397
1710 400 136 32 32 2.588156
1710 12 112 32 32 4.424736
1710 392 128 32 32 2.210226
1710 343 133 28 28 1.889217
1710 18 84 24 24 0.813727
1710 289 108 24 24 0.977471
1710 14 133 28 28 0.165615
1740 299 125 35 35 21.339629
1740 352 4 64 64 10.188656
1740 309 144 36 36 8.062986
1740 315 126 36 36 4.730177
1740 256 48 64 64 4.637263
1740 12 130 29 29 12.005126
1740 292 112 24 24 5.410435
1740 462 119 28 28 1.836951
1740 289 109 24 24 4.461193
1740 8 128 28 28 3.265179
1740 8 112 32 32 0.189266
1770 352 7 64 64 10.473837
1770 220 140 40 40 5.335218
1770 17 129 31 31 13.598315
1770 461 125 27 27 3.988162
1770 3 128 32 32 4.741150
1770 20 136 32 32 2.591523
1770 274 112 32 32 2.305394
1770 245 133 28 28 0.707954
1770 192 0 24 24 0.629995
1800 145 149 34 34 34.024204
1800 352 12 64 64 13.463246
1800 150 147 35 35 14.759994
1800 272 112 32 32 11.207887
1800 454 133 28 28 9.778474
1800 0 136 32 32 1.492680
1800 465 126 28 28 1.475971
1800 198 192 24 24 0.620439
1800 119 112 27 27 0.477711
1800 144 136 32 32 0.097229
1830 264 112 32 32 13.007507
1830 352 22 64 64 10.397584
1830 469 133 28 28 5.713014
1830 17 128 34 34 13.332097
1830 29 140 40 40 5.133750
1830 391 96 24 24 4.411481
1830 27 162 38 38 11.288698
1830 3 133 32 32 4.413191
