30 23 112 31 31 6.293785
30 0 121 28 28 6.853910
30 192 128 32 32 2.288601
30 176 128 32 32 1.690318
30 18 124 27 27 3.053258
30 400 148 32 32 2.487906
30 408 144 32 32 0.987011
30 126 133 28 28 0.669880
30 400 0 32 32 0.494703
30 392 144 32 32 0.134421
60 407 142 32 32 15.391782
60 434 126 36 36 5.156139
60 481 195 24 24 5.251159
60 444 144 36 36 3.427600
60 458 148 36 36 2.463153
60 486 192 24 24 0.566996
90 231 127 27 27 15.857500
90 112 115 27 27 7.519099
90 461 124 28 28 10.974901
90 154 98 28 28 3.405146
90 450 126 28 28 6.506458
90 469 121 28 28 4.270207
90 238 133 28 28 2.323316
90 154 118 28 28 2.282274
90 238 119 28 28 2.014861
90 119 112 28 28 0.728483
90 455 133 28 28 0.636293
90 390 114 24 24 0.554170
90 24 128 32 32 0.085262
90 0 128 32 32 0.060513
120 229 125 28 28 20.735319
120 12 107 24 24 20.931037
120 2 98 26 26 8.414159
120 1 127 27 27 8.201070
120 10 96 24 24 4.931611
120 224 119 28 28 3.460220
120 238 121 28 28 5.130704
120 18 114 24 24 1.904173
120 126 112 28 28 1.617972
120 387 108 23 23 2.112366
120 18 102 24 24 1.121177
120 144 101 24 24 0.397728
120 224 133 28 28 0.383886
120 288 0 64 64 0.358124
120 6 114 24 24 0.231810
120 462 111 28 28 0.163500
150 124 113 28 28 16.982191
150 450 132 28 28 9.407604
150 225 126 28 28 12.968041
150 114 113 27 27 11.418056
150 352 0 64 64 2.665908
150 119 119 28 28 1.997127
150 5 128 28 28 4.243183
150 288 0 64 64 1.332909
150 0 133 28 28 0.497677
150 396 108 24 24 0.052558
180 123 124 27 27 15.359788
180 113 124 27 27 17.551216
180 226 130 28 28 13.829555
180 119 119 28 28 3.488318
180 231 126 28 28 3.038153
180 48 5 64 64 4.584144
180 112 112 28 28 2.180670
180 256 136 32 32 2.154148
180 24 112 32 32 1.988330
180 352 112 28 28 2.936274
180 107 84 24 24 1.376695
180 445 126 36 36 1.734577
180 356 119 28 28 0.861258
180 462 133 28 28 0.769298
180 272 264 32 32 0.616100
210 224 132 27 27 6.998564
210 1 130 28 28 9.095969
210 349 112 27 27 4.378580
210 126 115 28 28 5.397459
210 9 84 24 24 3.439369
210 0 84 24 24 1.373641
210 6 126 28 28 1.242999
210 24 112 32 32 1.142349
210 32 16 64 64 0.734614
210 9 96 23 23 0.735880
210 6 102 24 24 0.303863
240 14 84 24 24 11.418208
240 13 129 34 34 12.780749
240 21 132 33 33 7.236902
240 32 16 64 64 1.073911
240 224 133 28 28 0.964437
240 337 119 28 28 1.137251
240 16 144 32 32 0.746072
240 357 119 28 28 0.675673
240 450 126 36 36 0.442314
240 352 32 64 64 0.141856
270 23 112 31 31 3.753614
270 480 0 24 24 2.041188
270 96 113 24 24 1.067867
270 0 112 28 28 0.501951
270 448 133 28 28 0.349763
270 102 96 24 24 0.005322
300 459 126 36 36 3.731477
300 390 112 32 32 6.963891
300 0 141 32 32 4.140265
300 0 14 28 28 1.407403
300 0 32 64 64 0.261406
330 399 112 32 32 14.799008
330 356 119 28 28 2.507785
330 455 133 27 27 2.333557
330 38 32 64 64 3.669256
330 384 112 32 32 2.071358
330 126 126 28 28 1.095977
330 176 128 32 32 0.967467
330 192 132 32 32 1.706132
360 466 132 28 28 9.369119
360 26 18 64 64 10.100727
360 192 128 32 32 4.306251
360 1 101 26 26 9.217245
360 386 112 32 32 6.221154
360 119 0 28 28 3.349642
360 399 112 32 32 7.462657
360 1 113 24 24 4.253643
360 120 126 27 27 2.160814
360 0 144 32 32 1.388368
360 5 110 26 26 3.762635
360 48 25 64 64 1.313801
360 16 0 64 64 0.613346
360 111 119 28 28 0.016010
390 455 126 27 27 18.449073
390 467 130 27 27 12.193086
390 4 16 64 64 5.192329
390 405 112 32 32 5.701267
390 391 112 32 32 7.284700
390 388 128 32 32 5.209959
390 462 119 28 28 2.182080
390 297 144 36 36 0.999875
390 448 133 27 27 0.820446
390 192 128 32 32 0.788704
390 256 48 64 64 0.569587
390 18 32 64 64 0.465190
390 176 128 32 32 0.356436
390 315 144 36 36 0.236953
390 352 16 64 64 0.095694
390 306 162 36 36 0.090052
420 402 128 32 32 9.648756
420 352 22 64 64 5.621467
420 0 136 32 32 2.246753
420 354 132 27 27 3.699205
420 192 128 32 32 1.316439
420 400 112 32 32 1.268262
420 384 36 48 48 1.711990
420 462 133 28 28 0.855821
420 128 112 32 32 0.518154
450 462 98 28 28 4.640350
450 352 133 28 28 4.221298
450 456 112 27 27 3.223549
450 407 148 32 32 4.346959
450 0 136 32 32 1.931959
450 408 130 32 32 2.598247
450 13 24 32 32 2.393767
450 384 144 32 32 0.879761
450 463 116 27 27 2.095136
450 336 98 28 28 0.818964
480 433 147 36 36 10.436064
480 485 103 23 23 12.930983
480 343 126 28 28 7.925894
480 440 152 36 36 5.528063
480 352 32 64 64 2.777392
480 461 121 27 27 5.844995
480 339 98 28 28 4.811926
480 484 114 24 24 3.406494
480 392 112 32 32 2.314438
480 27 126 36 36 2.088771
480 456 98 28 28 2.305186
480 357 126 28 28 1.535614
480 432 162 36 36 0.938565
480 455 130 28 28 1.110381
480 168 133 28 28 0.691371
480 498 102 24 24 0.635832
480 336 119 28 28 0.630903
480 384 128 32 32 0.626042
480 480 108 24 24 0.490702
480 492 108 24 24 0.476052
480 441 126 36 36 0.324627
510 455 98 28 28 12.280939
510 354 123 28 28 12.584506
510 406 112 32 32 5.903230
510 2 134 32 32 10.922597
510 434 146 36 36 11.157681
510 441 153 36 36 3.198806
510 452 143 36 36 4.004526
510 344 121 27 27 7.910354
510 469 98 28 28 1.990016
510 336 124 27 27 2.400452
510 2 119 28 28 1.655578
510 21 126 28 28 0.947732
510 4 128 32 32 1.456881
540 355 124 28 28 13.071155
540 135 112 32 32 8.485799
540 168 130 28 28 4.631123
540 350 119 28 28 3.127270
540 281 16 64 64 3.723540
540 16 136 32 32 1.866474
540 392 102 24 24 2.983294
540 498 96 24 24 0.801590
540 350 133 28 28 0.547291
540 0 126 36 36 0.322155
540 408 112 32 32 0.197477
570 385 112 30 30 5.478710
570 352 5 64 64 6.378968
570 388 36 47 47 10.702822
570 399 108 24 24 4.546852
570 393 113 24 24 2.673093
570 48 25 64 64 1.251529
570 136 112 32 32 0.636819
570 352 32 44 44 0.623508
570 395 24 48 48 0.753624
570 488 197 23 23 0.064009
600 386 112 32 32 5.748058
600 8 16 64 64 4.308814
600 374 27 44 44 4.236958
600 352 6 64 64 3.686987
600 408 24 48 48 3.693056
600 352 32 64 64 1.437959
600 394 24 32 32 0.997633
600 385 33 44 44 0.384704
600 144 198 24 24 0.151979
600 272 16 64 64 0.036708
630 102 84 24 24 11.627611
630 352 27 64 64 7.961239
630 387 134 32 32 7.943372
630 283 28 64 64 6.797735
630 107 201 24 24 5.394244
630 406 141 32 32 5.409947
630 441 127 34 34 4.181954
630 351 133 28 28 2.926836
630 198 204 24 24 1.478178
630 395 143 32 32 2.392485
630 400 136 32 32 1.050280
630 392 128 32 32 0.997170
630 419 36 48 48 1.217918
630 392 112 32 32 0.256522
630 492 210 24 24 0.022818
660 454 3 28 28 8.056789
660 151 155 36 36 6.670435
660 351 6 64 64 5.909862
660 352 25 64 64 5.306227
660 355 133 28 28 3.454273
660 462 114 28 28 3.898991
660 451 13 27 27 2.999621
660 408 132 32 32 2.561729
660 349 128 28 28 1.989348
660 96 204 24 24 1.124938
660 448 3 28 28 1.633088
660 144 162 36 36 0.488023
660 448 21 28 28 0.254511
690 459 125 29 29 29.410023
690 344 128 28 28 13.557241
690 349 131 28 28 16.250375
690 457 114 28 28 11.393241
690 455 133 28 28 3.702040
690 144 157 36 36 6.975292
690 357 126 28 28 3.042518
690 385 148 32 32 7.702710
690 441 126 36 36 2.859324
690 384 134 32 32 2.557539
690 460 98 28 28 2.801128
690 21 130 28 28 3.060662
690 392 144 32 32 0.609515
690 4 133 28 28 0.822268
690 394 192 24 24 0.685281
690 357 238 28 28 0.026539
690 336 133 28 28 0.001481
720 106 196 23 23 5.256768
720 386 112 32 32 3.476434
720 399 140 32 32 5.402688
720 406 130 32 32 5.726601
720 389 134 32 32 6.705875
720 264 0 32 32 1.528058
720 352 48 64 64 1.183073
720 280 136 32 32 1.176287
720 357 112 28 28 1.118048
720 242 0 44 44 0.826204
720 162 126 36 36 0.749285
720 0 129 27 27 1.314931
720 14 126 28 28 0.540929
720 498 210 24 24 0.024024
750 6 126 27 27 23.592033
750 2 133 28 28 9.090795
750 132 195 24 24 6.843625
750 405 112 32 32 6.006055
750 171 140 40 40 2.372740
750 264 0 44 44 1.984019
750 21 126 28 28 1.752174
750 455 98 28 28 1.120756
750 14 133 28 28 0.673114
750 210 192 24 24 0.546559
750 444 126 36 36 0.771958
750 0 0 64 64 0.297453
750 14 119 28 28 0.272207
750 469 133 28 28 0.227473
780 117 123 28 28 17.946126
780 2 116 29 29 18.059829
780 123 113 28 28 15.413643
780 30 11 64 64 18.003467
780 5 126 28 28 9.893311
780 6 0 64 64 8.391249
780 383 114 24 24 2.869024
780 14 121 28 28 4.087851
780 288 22 35 35 4.404065
780 112 116 28 28 1.709612
780 215 146 36 36 0.676391
780 297 18 36 36 0.456728
780 392 144 32 32 0.000299
810 119 117 28 28 29.966420
810 337 10 40 40 15.267597
810 458 129 30 30 22.176254
810 129 112 30 30 17.033916
810 288 20 35 35 11.709816
810 454 125 30 30 10.068613
810 196 193 24 24 8.305809
810 114 126 27 27 4.411463
810 124 127 28 28 4.937913
810 461 115 28 28 5.021699
810 443 128 33 33 3.366702
810 48 32 64 64 1.596018
810 299 0 35 35 2.515603
810 483 101 24 24 2.251871
810 320 10 40 40 1.223722
810 297 24 36 36 1.705562
810 498 204 24 24 1.145347
810 168 126 28 28 0.526752
810 480 108 24 24 0.334527
810 402 114 24 24 0.233310
810 330 0 40 40 0.173642
810 32 16 64 64 0.076369
810 119 133 28 28 0.044829
840 124 125 28 28 20.361404
840 129 114 30 30 17.040746
840 276 0 32 32 10.876615
840 338 20 28 28 8.584988
840 0 133 28 28 4.014083
840 288 45 64 64 4.653766
840 458 127 33 33 9.280325
840 119 129 28 28 6.862831
840 492 99 24 24 4.946885
840 16 16 64 64 2.180339
840 408 128 32 32 1.858679
840 216 148 36 36 2.810398
840 490 114 24 24 1.859799
840 340 14 28 28 2.034907
840 306 18 24 24 1.230830
840 352 48 64 64 1.022430
840 294 18 24 24 1.002794
840 32 32 64 64 0.942100
840 154 126 28 28 0.722537
840 498 83 23 23 0.364796
840 497 96 24 24 0.296062
870 405 130 32 32 16.373381
870 270 30 64 64 5.648849
870 19 130 28 28 10.790913
870 20 113 30 30 11.554146
870 399 136 32 32 3.194661
870 9 114 30 30 3.990458
870 391 128 32 32 2.713211
870 346 0 27 27 4.528584
870 14 123 28 28 3.506246
870 400 152 32 32 1.621052
870 336 0 28 28 1.459118
870 111 126 28 28 1.128127
870 288 0 64 64 0.764858
870 432 27 36 36 0.447839
870 407 144 32 32 0.418830
870 343 112 28 28 0.408006
870 6 133 28 28 0.097770
900 454 126 34 34 16.233400
900 347 98 28 28 9.334187
900 210 17 24 24 5.993206
900 20 112 31 31 8.745715
900 442 127 33 33 6.518726
900 1 131 28 28 8.188138
900 338 98 28 28 7.365217
900 456 143 36 36 5.090264
900 441 23 36 36 5.138127
900 192 3 32 32 5.822857
900 3 113 27 27 5.033460
900 18 125 28 28 4.597455
900 9 127 28 28 5.404353
900 288 7 64 64 3.793658
900 10 133 28 28 3.191286
900 441 147 35 35 2.170421
900 23 16 64 64 1.587442
900 420 36 47 47 1.590932
900 392 112 32 32 0.051245
930 5 127 28 28 18.324958
930 20 112 32 32 8.462349
930 402 104 24 24 7.934280
930 1 112 32 32 4.653449
930 36 16 64 64 5.291992
930 391 128 32 32 4.653129
930 0 131 29 29 4.109325
930 288 32 64 64 2.699988
930 123 124 28 28 6.793749
930 492 114 24 24 1.648428
930 352 48 64 64 1.541435
930 119 119 28 28 1.291041
930 21 126 28 28 0.995816
930 392 112 32 32 0.789745
960 0 128 28 28 5.803592
960 43 15 64 64 3.266549
960 128 112 32 32 1.509154
960 352 16 64 64 1.382776
960 0 32 64 64 1.224771
960 408 112 32 32 1.174356
960 315 126 36 36 0.227239
960 469 133 28 28 0.138023
990 460 131 28 28 13.948940
990 131 112 32 32 7.781817
990 6 124 28 28 10.387091
990 448 130 28 28 5.774492
990 3 114 30 30 9.846644
990 456 126 28 28 7.664910
990 40 16 64 64 4.442418
990 18 128 27 27 5.478274
990 387 83 23 23 3.502835
990 16 112 32 32 2.055127
990 13 133 27 27 0.852166
1020 134 112 32 32 12.865620
1020 154 128 28 28 3.687562
1020 266 271 32 32 2.095871
1020 40 16 64 64 1.471860
1020 288 295 24 24 0.459885
1050 131 112 32 32 8.880125
1050 10 112 32 32 4.376676
1050 469 133 27 27 2.438825
1050 43 16 64 64 3.293044
1050 176 112 32 32 2.177884
1050 374 33 44 44 1.332005
1050 32 24 64 64 2.068980
1050 24 128 32 32 0.533816
1050 14 126 28 28 0.013291
1080 343 131 28 28 16.427332
1080 13 132 28 28 12.045350
1080 337 128 28 28 10.778711
1080 29 27 64 64 8.543845
1080 346 125 28 28 6.077828
1080 128 112 32 32 2.225724
1080 168 123 28 28 1.869932
1080 21 128 32 32 1.901076
1080 0 133 28 28 1.134569
1080 48 23 64 64 1.550830
1080 441 153 36 36 0.478960
1080 126 133 28 28 0.383446
1110 27 21 64 64 15.775520
1110 168 124 27 27 8.217503
1110 13 25 64 64 11.217578
1110 343 126 28 28 9.211666
1110 353 133 27 27 4.877416
1110 448 133 27 27 1.983263
1110 0 133 28 28 1.579901
1110 48 32 64 64 1.389926
1110 126 133 28 28 1.118507
1110 352 23 64 64 1.847095
1140 342 125 28 28 22.921744
1140 10 20 64 64 14.979889
1140 7 32 64 64 9.137017
1140 336 119 28 28 2.265799
1140 112 129 27 27 2.938208
1140 350 119 28 28 1.165085
1140 351 23 64 64 2.223962
1140 119 130 27 27 0.390722
1140 198 162 36 36 0.100031
1140 32 32 64 64 0.055116
1170 342 125 28 28 20.116598
1170 4 31 64 64 9.826061
1170 355 127 28 28 15.103977
1170 338 119 28 28 7.340128
1170 352 24 64 64 7.564205
1170 348 119 28 28 7.279698
1170 347 133 28 28 4.553055
1170 132 193 24 24 2.555876
1170 9 15 64 64 2.787511
1170 272 16 64 64 1.548303
1170 400 140 32 32 2.189675
1170 463 133 28 28 1.493294
1170 468 127 28 28 1.217411
1200 287 12 64 64 9.560735
1200 0 22 64 64 9.977429
1200 105 192 24 24 6.768626
1200 345 120 27 27 8.972406
1200 354 126 27 27 5.617166
1200 449 127 32 32 11.175939
1200 8 48 64 64 4.341932
1200 339 126 28 28 4.433756
1200 432 144 36 36 1.759561
1200 453 119 28 28 1.833149
1200 432 126 36 36 0.531852
1200 102 96 24 24 0.194774
1230 24 23 36 36 17.873299
1230 350 124 28 28 14.633905
1230 0 16 64 64 4.808782
1230 337 123 27 27 9.970961
1230 17 18 38 38 6.526162
1230 357 119 27 27 2.301663
1230 343 119 28 28 2.037488
1230 288 16 64 64 0.906815
1230 20 0 39 39 0.729462
1230 21 126 28 28 0.511212
1230 342 133 27 27 0.393646
1230 469 126 28 28 0.263799
1230 392 128 32 32 0.238282
1260 8 16 36 36 49.046970
1260 354 132 27 27 13.278342
1260 388 112 32 32 10.073326
1260 18 9 35 35 4.503809
1260 24 21 32 32 3.166003
1260 288 27 64 64 2.383994
1260 1 7 38 38 4.286306
1260 7 133 28 28 2.716036
1260 0 15 64 64 0.800765
1260 448 133 28 28 0.420150
1260 432 126 36 36 0.268066
1260 0 27 36 36 0.198905
1290 5 13 28 28 15.800796
1290 351 20 64 64 7.758597
1290 404 112 32 32 9.256305
1290 485 17 24 24 7.676625
1290 120 130 27 27 9.889266
1290 15 132 28 28 7.931402
1290 288 23 64 64 5.013930
1290 390 112 32 32 2.969820
1290 463 18 28 28 5.393040
1290 343 98 28 28 2.250626
1290 462 2 33 33 2.652618
1290 126 126 28 28 1.001066
1290 0 129 31 31 0.644197
1290 272 32 64 64 0.369341
1290 469 14 28 28 0.125050
1290 18 18 24 24 0.100997
1290 192 144 32 32 0.030637
1320 490 5 24 24 16.404895
1320 352 24 64 64 11.057252
1320 24 136 32 32 2.749501
1320 497 2 23 23 4.114888
1320 401 16 32 32 4.103665
1320 486 0 24 24 1.826466
1320 480 6 24 24 1.797701
1320 408 8 32 32 1.210627
1320 387 16 32 32 1.972151
1320 392 144 32 32 1.148522
1320 408 144 32 32 0.957930
1320 488 12 24 24 1.487769
1320 306 192 24 24 0.786930
1320 384 136 32 32 0.488382
1320 432 26 36 36 0.436148
1350 492 12 24 24 8.793596
1350 456 145 36 36 6.794126
1350 480 84 24 24 3.255823
1350 204 288 24 24 4.383982
1350 458 126 36 36 2.929027
1350 351 121 28 28 3.165327
1350 297 288 24 24 1.785605
1350 352 48 64 64 0.934628
1350 450 153 36 36 0.795956
1350 498 6 24 24 0.743200
1350 136 112 32 32 0.487214
1350 498 18 24 24 0.456559
1350 384 289 24 24 0.598985
1350 294 294 24 24 0.361756
1350 384 113 24 24 0.325396
1350 357 126 28 28 0.275437
1350 459 9 36 36 0.134264
1380 0 133 28 28 0.903912
1380 357 133 28 28 0.621865
1410 392 128 32 32 2.483871
1410 216 153 36 36 1.566386
1410 440 163 36 36 1.862846
1410 408 128 32 32 0.091092
1410 352 32 64 64 0.000536
1440 336 133 28 28 1.730122
1440 455 133 28 28 0.683126
1440 392 24 32 32 0.579443
1470 400 112 32 32 3.386840
1470 224 111 28 28 0.129784
1500 460 127 28 28 17.357870
1500 453 130 28 28 11.117168
1500 469 133 28 28 2.524206
1500 245 119 28 28 0.843914
1500 390 192 24 24 0.659864
1500 126 133 28 28 0.649030
1500 136 112 32 32 0.210286
1500 448 126 28 28 0.066275
1530 465 133 28 28 9.179714
1530 5 112 29 29 11.166364
1530 453 133 28 28 2.793059
1530 35 16 64 64 2.622572
1530 240 117 28 28 3.506183
1530 297 153 36 36 0.558798
1530 14 119 28 28 0.118779
1560 288 153 36 36 3.379600
1560 390 103 24 24 4.221791
1560 408 144 32 32 2.488647
1560 306 192 24 24 1.826512
1560 408 112 32 32 1.095252
1560 224 119 28 28 0.711023
1560 0 16 64 64 0.580421
1560 400 136 32 32 0.450167
1590 384 98 24 24 5.532563
1590 357 128 28 28 4.344078
1590 396 15 47 47 6.632018
1590 498 198 24 24 0.279146
1590 242 154 44 44 0.250131
1590 455 7 28 28 0.065973
1590 431 153 36 36 0.011614
1620 490 192 24 24 8.198311
1620 384 109 24 24 4.102922
1620 352 48 64 64 2.686162
1620 231 119 28 28 2.808832
1620 496 196 23 23 3.600682
1620 385 112 29 29 2.457342
1620 408 146 32 32 1.369805
1620 492 96 23 23 0.243832
1620 288 162 36 36 0.063664
1650 0 144 32 32 2.094835
1650 261 112 32 32 2.950215
1650 469 118 28 28 1.906525
1650 350 170 40 40 1.209321
1650 168 133 28 28 1.127452
1650 448 98 28 28 0.955697
1650 392 144 32 32 0.747000
1680 492 113 23 23 11.137820
1680 256 112 32 32 2.088987
1680 0 133 33 33 0.551395
1710 467 238 28 28 23.031339
1710 462 245 28 28 4.159226
1710 168 126 28 28 8.939767
1710 462 231 28 28 2.734718
1710 242 119 27 27 4.295669
1740 138 112 32 32 2.480218
1740 16 0 64 64 0.411062
1770 350 132 27 27 13.183129
1770 355 128 28 28 9.074270
1770 458 126 36 36 3.610638
1770 32 16 64 64 1.315987
1770 441 126 36 36 1.250945
1770 343 126 28 28 1.158340
1770 144 112 32 32 1.003959
1770 192 112 32 32 0.954320
1770 336 133 27 27 0.183113
1800 0 16 64 64 4.278082
1800 355 132 28 28 6.392424
1800 128 112 32 32 2.361200
1800 346 133 28 28 3.828884
1800 353 126 28 28 1.148710
1800 112 133 28 28 0.337999
1830 459 129 29 29 20.310458
1830 444 125 35 35 9.770987
1830 453 126 30 30 15.252549
1830 458 119 28 28 6.634254
1830 385 134 32 32 7.824823
1830 469 129 28 28 5.154706
1830 355 132 27 27 3.710592
1830 352 32 64 64 0.017572
