30 392 149 32 32 18.546258
30 15 112 28 28 11.832246
30 383 144 32 32 9.876031
30 403 143 32 32 6.871185
30 168 133 28 28 3.538707
30 388 134 32 32 8.065800
30 408 152 32 32 2.556723
30 340 140 40 40 2.524811
30 384 128 32 32 0.776608
30 0 112 28 28 0.604031
30 432 144 36 36 0.488802
30 408 136 32 32 0.183478
60 491 97 23 23 10.475904
60 498 100 24 24 4.763703
60 481 97 24 24 6.778860
60 440 144 36 36 2.490629
60 455 19 28 28 3.056382
60 176 144 32 32 1.822925
60 492 108 23 23 2.080300
60 469 97 27 27 0.592278
60 486 102 24 24 0.489328
90 243 130 28 28 12.334035
90 238 128 28 28 7.304761
90 154 126 36 36 5.122937
90 27 126 36 36 2.690886
90 153 144 36 36 0.631385
90 486 0 24 24 0.272842
120 432 151 36 36 9.381103
120 147 144 36 36 4.194385
120 26 145 34 34 2.762523
120 280 138 32 32 2.383049
120 498 306 23 23 0.391741
120 440 144 36 36 0.035359
150 353 133 27 27 11.726087
150 387 134 32 32 10.312961
150 22 146 34 34 10.021986
150 14 126 28 28 3.027391
150 388 128 32 32 4.842738
150 337 133 28 28 2.612940
150 153 144 36 36 1.501825
150 20 133 28 28 1.506251
150 21 119 28 28 0.798231
150 392 144 32 32 0.431933
150 441 153 36 36 0.371785
150 27 153 36 36 0.122911
180 440 126 36 36 15.522404
180 393 128 32 32 9.060736
180 23 144 35 35 9.838970
180 459 126 35 35 2.525585
180 407 131 32 32 3.863310
180 168 133 28 28 1.474826
180 455 116 28 28 2.055119
180 0 21 27 27 0.940267
180 132 108 24 24 0.521070
180 162 153 36 36 0.454979
180 126 98 28 28 0.261238
180 8 27 36 36 0.200988
180 198 192 24 24 0.027547
210 2 119 28 28 8.692484
210 27 141 38 38 4.818526
210 104 6 24 24 3.527712
210 4 2 23 23 5.241015
210 15 5 23 23 3.727654
210 8 13 26 26 2.668079
210 3 126 27 27 3.228798
210 128 152 32 32 1.597976
210 17 17 24 24 0.738561
210 180 140 40 40 0.428448
240 480 207 23 23 6.595636
240 96 96 24 24 2.534577
240 128 148 32 32 3.242919
240 449 167 35 35 2.471889
240 452 154 36 36 3.567244
240 459 162 36 36 0.857830
240 480 193 24 24 0.921020
240 390 192 24 24 0.528776
240 454 144 36 36 0.886353
240 136 143 32 32 0.461905
270 27 142 37 37 4.797524
270 0 48 64 64 2.013615
270 408 168 48 48 9.351248
270 107 98 24 24 2.036444
270 119 98 28 28 1.003780
270 384 176 44 44 0.105428
300 97 97 24 24 26.306509
300 103 102 23 23 6.340255
300 0 84 24 24 3.657382
300 107 97 23 23 4.635602
300 24 144 35 35 8.644092
300 98 84 24 24 4.467870
300 21 122 28 28 4.382017
300 105 84 24 24 4.219765
300 46 48 64 64 2.474487
300 96 108 24 24 2.090775
300 198 171 36 36 1.795112
300 187 154 44 44 1.784851
300 0 96 24 24 1.478665
300 407 167 47 47 4.971074
300 14 116 29 29 1.801888
300 0 48 64 64 0.224423
330 21 147 34 34 17.739366
330 37 48 64 64 7.706750
330 9 144 36 36 1.246074
330 176 154 44 44 1.140719
330 180 180 40 40 0.719123
330 27 126 36 36 0.404004
330 30 140 40 40 0.384997
330 0 126 28 28 0.344980
360 104 100 23 23 12.202160
360 179 178 40 40 3.709370
360 401 130 32 32 6.395784
360 126 97 27 27 1.929742
360 409 168 48 48 7.751822
360 374 175 44 44 1.713304
360 0 48 64 64 1.255388
360 108 108 24 24 0.437472
360 224 112 28 28 0.278160
360 20 10 40 40 0.188660
360 400 152 32 32 0.127438
390 13 11 33 33 9.970272
390 97 101 23 23 5.643475
390 176 186 40 40 8.547823
390 105 102 24 24 4.748396
390 5 0 37 37 4.232462
390 346 224 28 28 3.119305
390 0 39 64 64 2.961004
390 128 144 32 32 1.179811
390 16 48 64 64 0.786333
390 96 83 23 23 0.476452
390 405 168 48 48 1.173182
390 104 107 23 23 0.630228
390 192 136 32 32 0.047292
420 3 19 29 29 7.267377
420 160 126 36 36 3.239906
420 0 8 32 32 1.734466
420 350 228 27 27 1.182563
420 357 224 28 28 0.066158
420 340 190 40 40 0.013138
450 176 139 32 32 7.627351
450 446 144 36 36 7.040783
450 224 112 28 28 2.899506
450 192 145 32 32 3.251606
450 206 192 24 24 3.667512
450 357 232 28 28 1.695802
450 162 126 36 36 1.086117
450 469 224 28 28 0.739427
450 178 189 41 41 0.801443
450 176 152 32 32 0.336756
450 288 108 24 24 0.295889
480 497 193 23 23 4.905896
480 207 192 24 24 5.450470
480 179 190 44 44 6.433661
480 352 198 44 44 2.046623
480 294 107 24 24 1.627877
480 187 198 44 44 0.902486
480 128 144 32 32 0.727968
510 351 15 64 64 3.474184
510 358 209 44 44 3.639677
510 176 144 32 32 0.997507
510 204 192 24 24 0.951925
510 10 133 27 27 1.818309
510 340 140 40 40 0.762731
510 128 139 32 32 1.195652
510 240 30 40 40 0.178281
510 198 144 36 36 0.152744
510 300 108 24 24 0.084227
540 128 144 32 32 2.408545
540 21 126 28 28 2.395208
540 352 16 64 64 1.833235
540 198 153 36 36 0.609480
540 224 112 28 28 0.170504
540 0 24 32 32 0.163645
570 197 158 36 36 5.441131
570 207 192 24 24 5.675351
570 18 18 36 36 1.885943
570 14 224 28 28 1.865584
570 128 146 32 32 1.820731
570 384 220 48 48 1.717456
570 7 231 28 28 0.416805
570 176 144 32 32 0.302197
570 198 192 24 24 0.121986
600 210 192 23 23 3.970897
600 198 162 36 36 2.279358
600 384 216 48 48 3.674376
600 352 16 64 64 1.474367
600 16 119 28 28 1.819870
600 176 144 32 32 1.131510
600 18 96 24 24 0.856855
600 396 192 24 24 0.462747
630 13 102 24 24 7.626531
630 176 149 32 32 3.349668
630 1 108 24 24 2.652427
630 352 16 64 64 1.764893
630 209 192 24 24 1.691937
630 384 216 48 48 2.824004
630 396 192 24 24 1.271823
630 392 256 32 32 0.530390
660 15 103 23 23 10.011864
660 210 192 24 24 3.022969
660 11 106 24 24 2.846952
660 176 147 32 32 3.667925
660 384 216 48 48 3.463676
660 352 16 64 64 0.980383
660 400 256 32 32 0.103078
690 12 102 24 24 5.277690
690 210 192 24 24 2.978194
690 16 106 24 24 4.195716
690 19 98 27 27 2.716339
690 383 216 48 48 3.028050
690 176 147 32 32 2.183278
690 352 16 64 64 1.087424
690 11 33 44 44 0.617637
690 400 256 32 32 0.193759
720 210 191 24 24 3.447154
720 13 102 24 24 5.799403
720 16 105 24 24 4.795708
720 18 99 26 26 4.119998
720 384 216 48 48 3.122954
720 176 152 32 32 1.200765
720 352 16 64 64 1.153518
720 11 33 44 44 0.628458
720 400 256 32 32 0.601257
750 13 101 24 24 4.685375
750 210 192 24 24 2.601598
750 18 98 27 27 3.801676
750 16 104 24 24 3.995788
750 384 216 48 48 3.006932
750 11 33 44 44 0.665916
750 352 16 64 64 0.454300
750 198 162 36 36 0.264049
750 400 256 32 32 0.248120
780 13 101 24 24 4.392679
780 210 192 24 24 2.241502
780 19 99 26 26 3.354493
780 352 16 64 64 1.592869
780 384 216 48 48 2.825510
780 11 33 44 44 1.082230
780 400 256 32 32 0.878341
780 96 210 24 24 0.358617
810 108 205 24 24 2.044310
810 384 216 48 48 3.064942
810 11 33 44 44 0.973275
810 400 256 32 32 0.726259
810 352 16 64 64 0.502449
810 104 209 24 24 0.834245
810 198 156 36 36 0.620081
840 384 216 48 48 3.248632
840 12 229 27 27 2.973214
840 144 192 24 24 1.165753
840 352 16 64 64 1.056174
840 11 33 44 44 0.970732
840 132 198 24 24 0.758373
840 400 256 32 32 0.705569
870 132 202 24 24 4.936889
870 144 198 24 24 1.838434
870 352 16 64 64 1.475662
870 370 209 44 44 1.633251
870 0 130 32 32 0.699088
870 176 209 44 44 0.268522
870 392 256 32 32 0.129148
870 11 33 44 44 0.034046
900 144 200 24 24 7.630854
900 16 130 30 30 15.150473
900 3 127 33 33 10.291592
900 16 128 28 28 9.512108
900 370 209 44 44 4.596005
900 356 209 44 44 4.247103
900 189 199 45 45 4.110309
900 0 240 28 28 1.522888
900 363 198 44 44 0.677892
900 144 210 24 24 0.507410
900 198 209 44 44 0.492593
900 7 112 32 32 0.224574
900 352 16 64 64 0.219442
900 197 126 36 36 0.179685
900 132 204 23 23 0.049134
930 144 200 24 24 5.971943
930 194 193 46 46 13.115568
930 198 126 36 36 2.995689
930 132 202 24 24 2.489285
930 1 127 32 32 5.530230
930 369 208 44 44 3.284563
930 12 127 29 29 3.336490
930 357 209 44 44 2.695213
930 0 245 28 28 1.176338
930 364 198 44 44 1.190927
930 352 16 64 64 0.718991
930 192 144 32 32 0.707434
930 187 208 44 44 0.319213
930 21 133 28 28 0.159835
960 132 205 24 24 5.592623
960 192 146 32 32 4.506804
960 196 192 47 47 9.652266
960 373 207 44 44 7.017940
960 367 197 43 43 2.673077
960 187 209 44 44 0.892911
960 352 209 44 44 0.884617
960 0 128 32 32 0.545822
960 143 198 24 24 0.471034
960 352 16 64 64 0.062928
960 198 126 36 36 0.034066
990 7 232 28 28 4.689700
990 193 151 33 33 4.313894
990 383 209 47 47 8.966608
990 216 153 36 36 1.786154
990 193 204 46 46 3.906885
990 16 98 28 28 2.014914
990 14 234 28 28 1.050162
990 0 33 44 44 0.524516
990 14 224 28 28 0.505177
1020 0 27 46 46 16.007931
1020 210 192 24 24 4.886302
1020 16 97 24 24 9.534433
1020 198 153 36 36 3.104263
1020 176 146 32 32 4.087953
1020 386 223 47 47 9.254496
1020 395 221 47 47 4.306118
1020 12 84 24 24 0.586463
1020 102 210 24 24 0.408812
1020 240 29 40 40 0.401454
1050 204 193 24 24 20.486175
1050 17 101 24 24 18.011007
1050 10 97 24 24 9.652059
1050 0 27 43 43 7.626533
1050 198 158 36 36 5.451122
1050 210 198 24 24 3.114303
1050 198 198 24 24 2.428871
1050 176 146 32 32 2.769518
1080 12 97 23 23 15.400057
1080 199 197 24 24 16.104077
1080 180 160 40 40 4.088835
1080 203 204 23 23 7.916693
1080 17 102 24 24 3.130993
1080 5 99 23 23 5.846040
1080 192 192 24 24 2.905341
1080 204 192 24 24 2.111139
1080 0 30 40 40 0.450475
1080 12 108 24 24 0.317901
1080 176 198 44 44 0.254299
1080 14 231 28 28 0.080931
1110 176 159 40 40 11.974326
1110 11 96 24 24 13.776654
1110 0 97 24 24 5.209111
1110 5 103 24 24 5.814008
1110 193 197 24 24 9.869144
1110 195 204 24 24 4.235294
1110 1 84 24 24 2.638841
1110 1 106 24 24 3.998293
1110 204 209 24 24 1.621050
1110 198 192 24 24 0.601199
1110 7 231 28 28 0.012849
1140 176 159 40 40 12.641804
1140 193 198 23 23 14.107448
1140 11 97 24 24 11.743940
1140 5 101 24 24 14.592394
1140 196 205 23 23 8.254473
1140 2 107 24 24 4.955084
1140 0 96 24 24 2.158941
1140 24 0 32 32 1.551292
1140 0 83 23 23 1.394962
1140 176 256 32 32 1.192684
1140 18 102 24 24 1.116590
1140 3 238 28 28 1.893754
1140 198 191 24 24 0.857942
1140 362 22 44 44 0.856960
1140 204 210 24 24 0.668465
1140 192 209 24 24 0.088541
1170 176 160 40 40 13.061860
1170 5 101 24 24 21.085616
1170 193 199 24 24 12.536143
1170 196 204 23 23 16.791469
1170 10 96 24 24 8.961729
1170 18 100 24 24 4.491980
1170 2 106 24 24 7.716021
1170 192 210 24 24 2.676250
1170 0 96 25 25 3.713340
1170 204 209 24 24 2.782208
1170 24 0 32 32 1.865715
1170 5 237 27 27 1.374688
1170 176 256 32 32 0.701280
1170 359 22 44 44 0.957477
1170 0 84 24 24 0.282374
1200 5 101 24 24 23.418541
1200 176 160 40 40 13.479298
1200 193 199 24 24 13.687181
1200 196 204 24 24 18.129720
1200 10 96 24 24 8.727072
1200 2 106 24 24 8.170700
1200 18 100 23 23 3.984332
1200 192 210 24 24 2.761163
1200 204 209 23 23 3.024814
1200 0 96 25 25 3.715262
1200 24 0 32 32 1.519517
1200 0 84 24 24 1.318435
1200 5 238 28 28 1.459218
1200 176 256 32 32 0.614390
1230 11 100 24 24 19.454455
1230 177 161 40 40 14.894009
1230 193 200 24 24 12.510083
1230 0 101 24 24 11.773624
1230 2 96 24 24 9.248464
1230 197 204 24 24 11.071729
1230 191 209 24 24 2.987900
1230 6 108 24 24 2.411135
1230 204 210 24 24 2.234367
1230 24 0 32 32 1.942433
1230 18 96 24 24 1.552919
1230 358 22 44 44 1.816971
1230 170 170 39 39 0.883130
1230 6 238 27 27 1.827707
1230 176 256 32 32 0.718648
1230 0 84 24 24 0.505491
1230 0 114 23 23 0.499279
1260 11 100 24 24 19.744331
1260 0 100 24 24 14.029574
1260 2 96 25 25 10.957951
1260 177 162 40 40 9.957302
1260 196 204 24 24 11.709336
1260 5 109 24 24 3.414174
1260 192 198 24 24 2.365340
1260 204 210 24 24 2.205966
1260 192 210 24 24 2.008597
1260 18 96 24 24 1.887225
1260 24 0 32 32 1.766575
1260 2 114 24 24 2.201668
1260 6 238 28 28 2.318700
1260 360 22 44 44 0.818181
1260 176 256 32 32 0.570889
1290 11 101 24 24 24.913517
1290 203 200 23 23 7.037542
1290 179 159 40 40 3.273093
1290 3 97 26 26 9.434231
1290 18 108 24 24 2.258271
1290 24 0 32 32 2.125684
1290 204 209 23 23 2.120629
1290 6 238 28 28 0.839476
1290 0 102 24 24 0.528508
1290 198 171 36 36 0.352995
1290 6 108 24 24 0.322118
1290 210 204 24 24 0.008950
1320 24 0 32 32 3.795199
1320 5 97 24 24 11.463847
1320 12 102 24 24 2.540694
1320 390 228 48 48 7.074842
1320 0 101 24 24 1.371362
1320 187 209 44 44 1.415206
1320 216 162 36 36 0.504615
1320 384 112 32 32 0.380633
1320 384 216 48 48 0.435608
1320 6 108 24 24 0.031046
1350 17 84 24 24 3.762545
1350 132 210 23 23 3.274456
1350 401 192 24 24 3.747810
1350 20 14 29 29 9.660931
1350 204 192 48 48 1.125808
1350 14 18 28 28 0.562841
1380 144 210 24 24 2.235119
1380 4 9 29 29 3.334783
1380 0 154 44 44 0.405965
1380 0 0 32 32 0.088834
1410 384 149 32 32 4.204848
1410 294 198 24 24 1.654006
1410 388 144 32 32 2.795495
1440 354 155 42 42 12.245357
1440 384 149 32 32 6.739026
1440 296 210 24 24 5.495895
1440 467 225 28 28 5.741958
1440 343 112 28 28 2.661193
1440 144 210 24 24 2.390034
1440 492 192 23 23 1.405466
1440 402 0 24 24 1.032815
1470 95 108 23 23 4.177094
1470 288 209 24 24 3.501277
1470 347 160 40 40 3.542152
1470 462 224 28 28 1.378667
1470 132 210 24 24 0.625892
1500 240 160 40 40 3.909633
1500 144 210 24 24 0.258166
1530 451 112 27 27 7.381958
1530 390 145 32 32 8.751667
1530 498 102 24 24 4.362924
1530 384 152 32 32 1.007230
1530 294 108 23 23 0.940050
1530 18 126 36 36 0.594440
1530 448 21 28 28 0.536806
1530 238 119 27 27 0.422690
1560 497 96 24 24 2.569142
1560 468 224 27 27 2.474755
1560 392 112 32 32 2.123387
1560 498 192 24 24 1.733834
1560 486 210 24 24 0.862157
1560 24 128 32 32 0.857263
1560 459 171 36 36 0.748165
1560 192 152 32 32 0.721319
1560 357 111 28 28 0.536385
1560 245 119 28 28 0.342658
1560 288 36 47 47 0.207702
1590 494 83 23 23 4.306523
1590 494 96 23 23 3.435003
1590 350 98 28 28 1.538036
1590 210 96 24 24 0.990111
1590 306 204 24 24 0.697602
1590 384 112 32 32 0.563991
1590 396 204 24 24 0.358036
1620 43 28 64 64 17.489981
1620 28 16 64 64 5.188747
1620 16 28 64 64 4.734005
1620 276 112 32 32 5.419969
1620 357 97 27 27 2.543745
1620 305 156 36 36 4.238900
1620 144 144 36 36 2.140447
1620 498 109 24 24 1.229262
1620 126 133 28 28 0.250726
1620 272 32 64 64 0.086328
1620 480 300 24 24 0.044056
1650 159 143 36 36 7.609054
1650 305 106 24 24 9.175415
1650 19 231 28 28 13.033248
1650 176 152 32 32 3.587550
1650 491 196 24 24 10.874028
1650 486 194 24 24 5.562431
1650 21 245 28 28 2.632839
1650 0 196 43 43 2.989665
1650 160 126 36 36 2.703653
1650 224 112 28 28 1.977929
1650 497 194 24 24 2.925086
1650 167 119 27 27 1.445536
1650 256 32 64 64 0.734501
1650 14 238 28 28 0.556663
1650 245 121 28 28 0.814560
1680 129 114 30 30 11.689661
1680 125 126 28 28 16.199023
1680 160 126 36 36 4.184974
1680 498 96 24 24 3.479978
1680 153 128 28 28 6.250067
1680 119 130 28 28 3.178629
1680 272 128 32 32 2.050737
1680 201 114 24 24 3.718142
1680 239 112 28 28 2.488341
1680 176 145 32 32 1.864399
1680 144 112 32 32 1.267952
1680 192 114 24 24 1.257235
1680 18 110 24 24 1.583647
1680 14 114 24 24 1.566103
1680 234 98 28 28 1.672211
1680 136 128 32 32 0.766122
1680 480 198 24 24 0.170988
1710 115 125 28 28 11.295098
1710 192 111 24 24 9.133935
1710 107 97 24 24 8.087275
1710 16 132 28 28 5.023002
1710 108 84 24 24 2.528172
1710 126 126 28 28 2.386588
1710 480 204 24 24 2.437422
1710 102 111 24 24 2.870236
1710 98 96 24 24 2.216159
1710 301 126 36 36 2.170751
1710 492 210 24 24 0.228702
1710 192 102 24 24 0.186646
1710 144 126 36 36 0.093343
1740 119 125 28 28 11.031123
1740 97 84 24 24 4.536919
1740 11 27 64 64 6.421934
1740 341 132 28 28 4.193080
1740 106 100 24 24 4.026573
1740 96 98 24 24 4.363938
1740 126 11 28 28 2.959835
1740 126 129 28 28 2.935586
1740 336 126 28 28 1.332355
1740 0 238 28 28 1.072615
1740 279 144 32 32 1.188698
1740 128 152 32 32 0.986800
1740 272 137 32 32 0.966655
1740 96 108 24 24 0.725698
1740 36 12 48 48 1.007620
1740 0 16 64 64 0.409443
1740 288 48 64 64 0.384947
1740 352 32 64 64 0.339066
1740 480 210 24 24 0.193982
1740 0 108 24 24 0.132240
1740 0 48 64 64 0.066391
1770 15 84 24 24 10.009410
1770 465 129 30 30 11.219775
1770 16 1 24 24 9.005226
1770 1 231 28 28 16.010175
1770 0 18 24 24 4.177821
1770 451 127 34 34 10.771113
1770 352 39 64 64 6.538979
1770 11 5 24 24 12.968729
1770 1 1 24 24 8.198100
1770 144 113 24 24 2.169044
1770 0 245 28 28 1.574259
1770 7 238 27 27 1.497153
1770 306 126 36 36 1.419381
1770 0 4 28 28 2.013352
1770 435 126 36 36 2.301943
1770 407 133 32 32 2.039114
1770 7 223 28 28 1.097732
1770 469 119 27 27 0.591306
1770 6 84 24 24 0.216094
1800 0 231 28 28 10.982258
1800 32 39 64 64 3.828227
1800 116 126 28 28 2.551292
1800 343 126 28 28 1.211727
1800 0 245 28 28 0.889474
1800 454 126 36 36 1.099892
1800 350 119 28 28 0.487182
1800 48 48 64 64 0.111676
1830 126 97 27 27 2.506174
1830 260 136 32 32 2.978504
1830 21 224 28 28 1.594613
1830 336 119 28 28 0.810187
1830 132 108 24 24 0.234982
1830 112 126 28 28 0.078881
