30 262 143 32 32 10.711693
30 40 32 64 64 5.133074
30 240 140 40 40 2.766136
30 25 48 64 64 2.341340
30 340 175 40 40 2.280173
30 256 136 32 32 0.897250
30 272 152 32 32 0.575360
30 264 112 32 32 0.092576
60 263 169 47 47 5.455510
60 384 256 32 32 2.098395
60 263 185 44 44 3.675560
60 241 238 27 27 1.130405
60 384 6 24 24 0.528361
60 228 238 28 28 0.262046
60 16 272 32 32 0.111187
60 216 297 36 36 0.068550
90 187 205 44 44 6.395708
90 126 238 28 28 2.636934
90 198 302 36 36 3.985528
90 224 231 28 28 0.739555
120 192 300 23 23 15.227574
120 136 272 32 32 16.943575
120 192 274 32 32 7.213866
120 141 258 32 32 9.552917
120 144 276 32 32 6.027585
120 6 97 24 24 9.332822
120 160 126 36 36 3.389752
120 128 259 32 32 4.163712
120 191 222 48 48 8.711400
120 198 296 24 24 3.772114
120 20 127 33 33 4.397974
120 14 102 24 24 3.065960
120 0 102 24 24 1.091939
120 175 272 32 32 0.711864
120 18 95 24 24 0.307861
120 162 288 36 36 0.074308
120 128 280 32 32 0.020747
180 381 0 43 43 15.462661
180 407 8 32 32 16.022580
180 407 24 32 32 5.181005
180 400 4 24 24 9.882488
180 126 6 27 27 10.691172
180 392 1 24 24 7.349594
180 131 15 24 24 5.403186
180 135 0 32 32 2.186892
180 144 17 23 23 2.061846
180 114 1 28 28 3.878131
180 363 0 44 44 1.308232
180 107 10 25 25 2.064240
180 395 14 35 35 2.395560
180 210 18 24 24 0.765019
180 374 11 44 44 0.171639
180 96 6 24 24 0.100338
210 339 21 39 39 29.303787
210 338 7 28 28 20.874610
210 342 0 36 36 7.899606
210 96 14 23 23 8.252924
210 283 4 64 64 8.243099
210 324 29 40 40 5.898525
210 350 25 40 40 6.419766
210 342 13 29 29 4.468405
210 17 13 27 27 7.446038
210 0 1 31 31 2.841535
210 355 16 28 28 4.303390
210 11 9 30 30 3.388009
210 102 15 24 24 2.167683
210 272 16 64 64 0.469681
210 306 0 36 36 0.254522
210 256 32 64 64 0.211798
240 349 7 28 28 36.528772
240 342 13 28 28 34.982801
240 283 3 64 64 16.467249
240 17 15 25 25 11.229028
240 288 26 64 64 9.485552
240 303 126 36 36 11.025337
240 23 5 33 33 20.792851
240 334 18 30 30 5.664907
240 351 3 42 42 13.977384
240 5 5 25 25 15.628677
240 14 6 28 28 20.880035
240 352 30 44 44 4.541258
240 353 0 29 29 7.007362
240 354 12 31 31 4.422795
240 1 1 24 24 8.437687
240 394 2 32 32 6.092862
240 30 10 40 40 2.204333
240 383 2 24 24 4.034187
240 389 16 32 32 3.142866
240 390 114 24 24 1.196204
240 330 0 40 40 1.077584
240 216 126 36 36 0.971034
240 384 12 24 24 0.807194
240 198 126 36 36 0.771822
240 348 19 30 30 0.802457
240 272 48 64 64 0.351523
240 320 10 40 40 0.251581
240 272 16 64 64 0.015317
270 355 19 28 28 26.427141
270 307 145 36 36 23.286867
270 305 126 36 36 10.383228
270 22 19 35 35 17.170857
270 288 18 64 64 9.344381
270 10 2 38 38 22.369873
270 232 118 28 28 8.371666
270 3 10 37 37 23.281153
270 108 84 24 24 3.419276
270 24 9 38 38 13.810576
270 347 0 42 42 4.732909
270 288 48 64 64 2.717587
270 384 0 25 25 3.325559
270 216 144 36 36 2.483070
270 384 112 32 32 2.489962
270 333 12 37 37 9.417246
270 216 126 36 36 2.241354
270 315 153 36 36 2.229465
270 363 23 44 44 4.687381
270 343 18 37 37 4.438972
270 11 26 35 35 2.738886
270 373 11 43 43 1.063427
270 108 96 23 23 0.842436
270 396 10 24 24 0.937411
270 400 23 32 32 0.890149
270 132 128 32 32 1.226680
270 390 18 24 24 0.633644
270 96 84 24 24 0.532513
270 36 0 47 47 0.992732
270 326 30 40 40 0.306190
270 406 16 32 32 0.081581
300 312 152 36 36 29.659904
300 304 144 36 36 7.490309
300 389 7 24 24 9.532796
300 342 27 39 39 13.607379
300 2 14 42 42 28.772287
300 98 84 24 24 6.958573
300 320 140 40 40 4.250593
300 338 10 40 40 12.650652
300 306 162 36 36 3.744262
300 395 0 24 24 3.679370
300 95 97 24 24 4.754173
300 18 84 24 24 2.813088
300 17 21 36 36 10.257896
300 396 128 32 32 4.822570
300 384 18 24 24 2.590758
300 288 39 64 64 3.759216
300 355 24 57 57 3.512807
300 198 126 36 36 1.700225
300 330 23 40 40 2.450238
300 350 15 41 41 2.814710
300 128 136 32 32 1.467096
300 372 32 43 43 3.335916
300 2 28 37 37 3.705620
300 362 0 44 44 1.414167
300 297 153 36 36 1.275449
300 33 17 45 45 2.216122
300 245 129 28 28 2.013197
300 330 0 40 40 0.865583
300 144 136 32 32 0.775977
300 383 22 38 38 1.378050
300 198 144 36 36 0.514544
300 36 0 48 48 0.787416
300 392 4 32 32 0.652403
300 108 84 24 24 0.245450
300 401 204 24 24 0.135654
330 315 160 36 36 26.415217
330 352 33 64 64 18.630840
330 385 16 32 32 15.558228
330 317 141 38 38 10.904822
330 349 19 40 40 17.465760
330 95 207 23 23 8.428708
330 352 1 56 56 5.472381
330 306 156 36 36 4.804930
330 390 84 24 24 3.028496
330 216 160 36 36 3.689264
330 400 13 25 25 5.403053
330 384 0 32 32 2.674973
330 14 36 48 48 5.859376
330 0 31 44 44 2.362863
330 348 0 41 41 4.355776
330 398 23 32 32 1.842402
330 340 10 39 39 3.177483
330 384 35 46 46 3.290292
330 340 30 40 40 0.625796
330 408 139 32 32 1.011825
330 0 238 27 27 0.481426
330 0 24 32 32 0.417237
330 363 22 44 44 0.231321
360 385 16 32 32 32.770666
360 391 7 32 32 29.940602
360 322 161 39 39 16.584367
360 217 163 37 37 15.543939
360 320 140 40 40 6.614968
360 362 19 44 44 14.358499
360 142 151 32 32 5.450140
360 351 43 64 64 4.934091
360 392 23 32 32 3.341063
360 96 109 24 24 4.424919
360 353 10 42 42 12.111149
360 220 140 40 40 2.045446
360 350 31 41 41 3.256592
360 401 16 32 32 2.248270
360 154 112 28 28 1.840212
360 295 17 35 35 3.574333
360 330 170 40 40 1.040002
360 349 0 40 40 1.089128
360 0 102 24 24 0.985049
360 396 36 48 48 1.752026
360 102 114 24 24 0.856500
360 399 84 24 24 1.497706
360 400 0 32 32 0.759039
360 363 0 44 44 0.540028
360 408 20 32 32 0.884083
360 408 11 32 32 0.803770
360 385 187 44 44 0.285280
360 245 133 28 28 0.239414
360 21 112 28 28 0.118210
360 136 144 32 32 0.117351
360 96 198 23 23 0.112955
390 399 7 32 32 48.322149
390 391 15 32 32 44.825608
390 329 166 40 40 25.784622
390 217 164 37 37 19.299449
390 408 3 32 32 13.163970
390 320 160 40 40 4.351175
390 198 154 44 44 4.270486
390 364 11 44 44 11.572648
390 340 160 40 40 3.754673
390 382 20 41 41 11.036819
390 434 146 36 36 7.648160
390 323 140 40 40 4.602952
390 352 48 64 64 2.877333
390 409 28 47 47 12.227774
390 392 0 32 32 2.503826
390 307 9 36 36 5.172487
390 420 32 47 47 5.899592
390 291 9 36 36 2.674205
390 132 192 24 24 1.583020
390 408 16 32 32 1.425526
390 441 153 36 36 0.754014
390 381 0 47 47 0.502368
390 408 192 48 48 0.285162
390 352 22 44 44 0.129896
390 352 0 44 44 0.020452
420 400 6 32 32 30.206120
420 405 1 32 32 23.958847
420 193 154 44 44 12.927709
420 332 177 40 40 16.640785
420 336 173 40 40 16.089898
420 215 169 35 35 5.632300
420 383 9 45 45 15.987709
420 381 29 44 44 6.705967
420 450 158 36 36 4.656947
420 420 24 48 48 4.484172
420 375 0 44 44 2.262927
420 297 2 33 33 6.195196
420 338 21 28 28 2.393516
420 480 198 24 24 1.268473
420 315 0 36 36 1.235780
420 346 21 28 28 1.780869
420 294 11 23 23 1.097013
420 458 157 36 36 1.149194
420 195 172 37 37 0.777555
420 12 101 24 24 0.572491
420 420 216 48 48 0.633692
420 330 160 40 40 0.151255
420 374 22 44 44 0.143997
450 408 1 32 32 7.954447
450 489 210 24 24 5.764634
450 172 173 40 40 7.002056
450 176 177 40 40 6.663212
450 197 18 24 24 6.800438
450 393 10 48 48 6.779740
450 492 84 24 24 1.849801
450 386 3 48 48 4.698776
450 385 176 44 44 1.247034
450 259 0 32 32 2.405026
450 277 0 32 32 1.721643
450 383 18 47 47 2.517718
450 349 14 28 28 0.089260
480 241 177 43 43 6.067045
480 0 224 28 28 2.006854
480 116 223 27 27 2.613811
480 170 170 40 40 0.909842
510 343 234 28 28 4.055051
510 346 231 28 28 3.984299
510 0 239 28 28 1.922364
510 0 84 24 24 1.057093
510 7 245 28 28 0.343159
540 177 30 41 41 5.690729
540 8 16 64 64 4.961752
540 216 192 47 47 3.475770
540 2 32 64 64 0.475296
570 244 20 28 28 6.548050
570 144 198 24 24 4.387391
570 193 5 46 46 16.264666
570 3 33 47 47 12.403610
570 224 20 31 31 6.497961
570 214 25 42 42 6.723613
570 10 4 64 64 5.425639
570 26 18 64 64 4.232716
570 201 18 47 47 8.389335
570 22 32 64 64 1.877842
570 288 126 36 36 0.954314
570 144 113 24 24 0.638730
570 192 198 24 24 0.282764
600 145 171 36 36 7.089633
600 292 16 24 24 6.793084
600 5 36 48 48 9.454970
600 278 0 32 32 2.955550
600 45 20 64 64 3.460387
600 288 14 23 23 3.283155
600 194 114 24 24 3.024814
600 207 114 24 24 2.474588
600 264 27 43 43 1.336634
600 242 22 44 44 0.477194
600 306 113 24 24 0.320858
600 198 171 36 36 0.254523
600 0 133 28 28 0.249937
600 32 45 64 64 0.247753
600 24 36 48 48 0.169172
600 32 0 64 64 0.022434
630 392 0 47 47 15.933057
630 295 205 24 24 7.520622
630 303 84 24 24 4.379117
630 291 83 23 23 4.072271
630 431 17 35 35 2.150953
630 97 114 24 24 3.008150
630 297 210 24 24 3.871278
630 48 32 64 64 1.799864
630 288 208 24 24 2.194455
630 114 111 28 28 2.382828
630 203 36 48 48 4.427808
630 0 96 24 24 1.031873
630 18 96 24 24 0.533527
660 242 244 28 28 8.029899
660 107 289 24 24 4.703054
660 4 243 27 27 6.962401
660 196 225 48 48 11.656612
660 132 192 23 23 1.808887
660 0 226 28 28 2.970075
660 23 207 47 47 5.090264
660 2 236 28 28 4.284470
660 336 20 28 28 1.839722
660 343 11 38 38 2.690881
660 35 223 47 47 4.938390
660 315 9 36 36 1.249059
660 299 0 36 36 1.616286
660 140 255 32 32 1.110985
660 197 192 47 47 1.846550
660 7 231 28 28 0.511088
660 136 264 32 32 0.488744
660 357 119 28 28 0.472955
660 362 11 44 44 0.401326
660 215 192 48 48 0.636748
660 283 0 33 33 0.309903
660 204 168 48 48 0.270116
660 238 238 28 28 0.007265
690 35 168 47 47 21.405025
690 323 188 40 40 13.640411
690 220 140 40 40 5.516898
690 219 176 41 41 14.818453
690 288 168 48 48 8.908378
690 240 140 40 40 4.367235
690 207 167 47 47 10.748760
690 15 192 24 24 6.599543
690 218 163 43 43 5.892833
690 450 126 36 36 2.328101
690 36 192 47 47 3.833296
690 198 154 44 44 1.416120
690 168 245 28 28 1.388421
690 0 192 24 24 1.218124
690 21 112 28 28 0.835614
690 0 175 44 44 0.802442
690 288 192 48 48 1.562678
690 240 160 40 40 0.666305
690 264 180 44 44 1.011849
690 330 180 40 40 0.273995
690 306 171 36 36 0.267529
690 154 245 28 28 0.240477
720 197 101 24 24 33.803548
720 456 145 36 36 17.412209
720 205 84 24 24 9.086466
720 204 98 23 23 9.370014
720 15 168 36 36 7.651467
720 154 145 35 35 6.044898
720 198 114 24 24 3.144971
720 192 96 24 24 2.854797
720 481 0 24 24 3.195800
720 242 190 44 44 3.303998
720 488 192 24 24 3.353151
720 192 108 24 24 2.014554
720 190 35 47 47 4.636050
720 3 160 40 40 2.348402
720 264 190 44 44 1.950188
720 204 107 24 24 1.127182
720 216 168 48 48 2.203632
720 153 126 36 36 1.003175
720 132 192 24 24 0.936564
720 162 162 36 36 0.915945
720 343 224 28 28 0.626339
720 136 264 32 32 0.577656
720 136 152 32 32 0.447387
720 450 153 36 36 0.413612
720 210 102 24 24 0.212057
750 216 162 36 36 20.461704
750 392 83 23 23 18.859530
750 374 153 43 43 13.104152
750 402 84 24 24 5.918799
750 461 19 33 33 20.653783
750 495 84 24 24 8.636504
750 466 15 29 29 14.936842
750 329 161 40 40 16.517959
750 400 22 48 48 16.930750
750 418 13 45 45 22.005407
750 339 171 40 40 9.974695
750 313 165 36 36 6.790537
750 178 183 41 41 6.733994
750 392 142 32 32 3.830924
750 485 84 24 24 3.013422
750 408 35 48 48 5.505390
750 386 210 24 24 4.943550
750 184 176 43 43 7.682437
750 438 17 36 36 3.290881
750 402 207 24 24 3.697865
750 345 180 40 40 4.108301
750 459 288 36 36 2.251021
750 2 17 29 29 6.447094
750 350 159 40 40 2.097408
750 15 6 24 24 3.180824
750 330 180 40 40 1.491044
750 450 27 36 36 1.483045
750 390 203 24 24 1.394253
750 12 9 23 23 2.966403
750 197 154 44 44 1.242540
750 479 18 24 24 1.143434
750 240 170 40 40 0.928672
750 408 136 32 32 0.884246
750 357 7 28 28 0.812298
750 293 161 35 35 1.394826
750 288 206 24 24 1.351486
750 400 152 32 32 0.728636
750 385 33 44 44 0.594931
750 384 169 47 47 1.430804
750 336 114 27 27 0.665595
750 306 170 36 36 0.466205
750 320 170 40 40 0.384914
750 14 21 28 28 0.348851
750 315 306 36 36 0.328800
750 8 0 28 28 0.173889
750 462 7 28 28 0.105727
750 450 9 36 36 0.093090
780 13 106 24 24 8.944829
780 242 16 28 28 11.614591
780 259 7 32 32 8.226084
780 231 15 28 28 14.579538
780 234 21 28 28 6.208224
780 194 3 33 33 6.820735
780 342 21 28 28 8.638392
780 216 0 36 36 3.005277
780 275 8 32 32 5.044898
780 224 21 28 28 2.603635
780 357 21 28 28 2.533495
780 18 102 24 24 2.254567
780 292 0 36 36 3.958746
780 9 2 32 32 4.530601
780 176 8 32 32 1.856036
780 167 16 27 27 2.402116
780 309 0 35 35 2.425533
780 149 12 29 29 3.350500
780 454 21 28 28 1.498189
780 19 8 30 30 4.612978
780 153 0 35 35 3.003231
780 384 192 24 24 0.692150
780 135 8 32 32 0.735577
780 121 14 28 28 0.369361
810 495 0 24 24 4.256392
810 198 102 24 24 1.563841
810 483 0 24 24 1.782184
840 119 126 28 28 0.396553
840 112 119 28 28 0.158536
840 469 0 28 28 0.004789
870 12 108 24 24 1.879069
870 432 126 36 36 0.539633
900 492 193 24 24 11.540090
900 495 198 24 24 5.128835
900 7 133 28 28 1.585721
900 0 198 23 23 0.403134
900 480 192 23 23 0.224976
900 459 153 36 36 0.135973
930 459 18 36 36 0.071321
930 486 84 24 24 0.070875
960 136 152 32 32 1.855438
960 440 26 36 36 5.306812
960 144 8 32 32 1.237665
960 459 27 36 36 1.021884
960 427 0 41 41 1.754112
960 436 18 36 36 1.180690
960 355 0 44 44 0.795132
960 411 0 48 48 1.866342
960 386 0 48 48 0.906840
960 148 19 32 32 0.617968
960 264 0 44 44 0.016912
990 486 0 24 24 11.001565
990 498 0 23 23 3.419042
990 12 153 35 35 5.214008
990 14 133 28 28 1.643944
990 24 146 32 32 1.834958
990 303 191 23 23 1.940046
990 389 0 24 24 1.070208
990 24 128 32 32 0.222501
1020 301 192 24 24 5.943625
1020 392 149 32 32 5.067831
1020 400 144 32 32 0.510451
1050 6 131 28 28 6.634050
1050 25 161 38 38 4.089864
1050 306 192 24 24 0.277872
1080 295 161 36 36 7.515005
1080 459 162 36 36 3.987859
1080 437 153 36 36 3.542449
1080 3 209 24 24 3.544713
1080 108 191 24 24 1.691584
1080 432 144 36 36 0.877620
1080 128 152 32 32 0.245583
1110 312 164 36 36 6.849236
1110 102 192 24 24 1.604266
1110 306 153 36 36 0.471217
1110 10 140 40 40 0.155754
1140 216 171 36 36 4.946495
1140 315 167 36 36 5.668885
1140 197 154 44 44 2.705546
1140 160 144 36 36 2.546542
1140 288 204 24 24 1.626104
1140 9 162 36 36 0.767773
1140 102 192 24 24 0.464741
1140 306 162 36 36 0.363174
1170 144 155 35 35 12.673754
1170 156 159 37 37 8.628590
1170 167 169 39 39 13.587060
1170 27 161 36 36 2.991235
1170 206 209 23 23 4.902031
1170 179 162 40 40 3.030618
1170 192 210 24 24 1.911961
1170 240 170 40 40 0.764214
1170 198 169 36 36 0.450450
1170 13 164 38 38 0.624389
1170 450 171 36 36 0.284103
1170 242 154 44 44 0.218178
1170 264 167 47 47 0.340850
1170 180 180 40 40 0.100143
1170 402 96 24 24 0.091518
1170 198 204 24 24 0.051888
1200 26 177 40 40 7.951029
1200 496 114 23 23 3.200393
1200 292 204 24 24 3.559320
1200 240 190 40 40 2.043619
1200 198 162 36 36 1.716114
1200 399 83 23 23 2.910495
1200 217 173 44 44 3.189447
1200 386 84 24 24 2.582076
1200 11 179 40 40 1.075311
1200 26 153 43 43 1.596809
1200 195 102 24 24 1.189877
1200 396 108 24 24 1.418444
1200 144 210 24 24 0.509957
1200 459 162 36 36 0.480492
1200 0 170 40 40 0.159584
1230 194 95 23 23 6.921998
1230 161 160 37 37 12.279245
1230 399 102 24 24 5.814345
1230 195 208 24 24 8.306907
1230 482 107 24 24 5.773318
1230 386 102 24 24 5.185129
1230 206 96 24 24 4.968634
1230 348 25 40 40 8.565428
1230 32 169 47 47 8.616668
1230 144 95 24 24 2.374564
1230 493 107 24 24 2.851640
1230 132 96 23 23 1.722502
1230 354 13 44 44 4.183421
1230 451 98 28 28 3.036070
1230 381 18 44 44 4.644449
1230 303 100 24 24 3.934978
1230 336 20 40 40 2.232330
1230 185 10 44 44 4.790493
1230 465 97 27 27 2.465771
1230 327 27 40 40 2.620522
1230 363 17 44 44 2.020542
1230 147 171 36 36 1.928933
1230 241 11 43 43 1.159573
1230 414 12 47 47 3.936618
1230 293 99 24 24 1.500787
1230 169 20 40 40 2.130648
1230 297 96 23 23 1.380824
1230 381 11 45 45 2.341888
1230 389 11 47 47 3.014285
1230 240 29 40 40 0.615247
1230 264 11 44 44 0.512477
1230 132 204 24 24 0.292928
1230 216 0 48 48 0.556974
1230 204 204 23 23 0.175958
1260 495 102 24 24 9.093238
1260 482 101 23 23 7.621205
1260 15 154 44 44 5.791910
1260 441 18 36 36 9.670571
1260 386 97 24 24 7.458031
1260 395 96 24 24 8.797773
1260 459 19 36 36 3.266107
1260 382 0 44 44 5.950996
1260 27 154 44 44 4.709843
1260 102 209 24 24 4.010365
1260 352 2 42 42 8.257935
1260 388 102 24 24 4.794248
1260 414 0 47 47 7.126446
1260 340 8 39 39 6.823184
1260 132 84 24 24 1.968359
1260 303 96 24 24 3.190993
1260 98 83 23 23 2.864161
1260 400 24 32 32 3.255704
1260 105 83 23 23 2.678932
1260 144 84 24 24 1.316315
1260 291 96 24 24 1.669465
1260 450 27 36 36 1.904899
1260 320 10 40 40 0.660888
1260 402 102 24 24 0.553560
1260 330 0 40 40 0.393824
1260 492 108 24 24 0.300611
1260 384 24 32 32 0.276569
1260 30 170 40 40 0.205095
1290 290 83 23 23 6.801484
1290 415 34 48 48 13.944146
1290 482 96 24 24 5.579157
1290 362 31 44 44 7.073971
1290 302 84 24 24 5.244660
1290 111 224 28 28 2.442369
1290 390 36 48 48 8.199746
1290 482 6 24 24 5.327439
1290 465 0 28 28 3.886769
1290 493 97 24 24 3.674265
1290 264 29 46 46 5.683421
1290 493 8 24 24 4.694916
1290 495 10 24 24 4.612921
1290 144 108 24 24 1.539127
1290 1 180 40 40 1.760092
1290 386 0 23 23 2.827955
1290 18 179 40 40 1.625481
1290 374 22 44 44 3.157421
1290 144 84 24 24 1.246812
1290 483 12 24 24 1.960205
1290 288 31 48 48 3.432268
1290 394 100 24 24 2.304429
1290 390 97 24 24 2.620829
1290 455 0 28 28 0.921577
1290 396 0 24 24 0.905005
1290 98 84 24 24 1.387089
1290 420 12 48 48 1.418316
1290 497 102 24 24 0.542650
1290 132 84 24 24 0.448669
1290 108 84 24 24 0.435645
1290 33 33 44 44 0.285880
1290 402 96 24 24 0.159553
1320 224 226 28 28 19.722152
1320 189 173 45 45 19.813487
1320 136 22 32 32 13.482427
1320 454 26 35 35 7.227531
1320 224 238 28 28 3.374667
1320 438 24 36 36 7.386143
1320 163 4 38 38 10.302379
1320 173 17 35 35 5.463653
1320 3 10 35 35 10.958446
1320 180 2 41 41 8.209102
1320 218 5 38 38 6.373445
1320 114 224 28 28 4.673610
1320 25 5 39 39 16.436318
1320 152 11 36 36 8.918604
1320 194 21 33 33 3.877190
1320 158 15 37 37 6.340616
1320 292 18 36 36 4.411418
1320 414 0 47 47 8.499982
1320 436 18 36 36 4.353657
1320 355 2 42 42 5.901707
1320 195 7 39 39 6.065358
1320 312 16 36 36 4.224350
1320 453 19 32 32 3.452039
1320 335 10 40 40 2.652856
1320 290 84 24 24 2.324567
1320 15 216 48 48 3.918260
1320 19 17 32 32 3.385289
1320 216 18 36 36 1.391065
1320 10 0 41 41 2.031413
1320 26 208 46 46 4.192827
1320 24 224 48 48 3.469406
1320 240 2 40 40 1.374414
1320 442 0 36 36 1.373924
1320 463 15 29 29 2.047594
1320 393 0 47 47 1.554689
1320 301 84 24 24 0.739424
1320 378 0 44 44 0.905134
1320 231 231 28 28 0.569719
1320 129 16 32 32 0.651174
1320 264 0 44 44 0.502423
1320 384 24 32 32 0.452336
1320 8 24 32 32 0.385604
1320 469 21 28 28 0.267027
1320 419 191 48 48 0.410478
1320 400 24 32 32 0.102163
1350 19 124 28 28 4.984697
1350 357 119 28 28 2.657585
1350 21 21 33 33 4.136591
1350 351 21 28 28 5.034907
1350 315 5 37 37 3.797460
1350 408 204 48 48 3.708572
1350 0 95 24 24 1.503033
1350 405 22 32 32 3.522332
1350 330 0 40 40 1.451767
1350 198 9 36 36 1.158795
1350 198 26 36 36 1.150329
1350 14 133 28 28 1.063813
1350 217 25 37 37 1.405440
1350 98 0 24 24 1.379647
1350 105 0 24 24 1.205819
1350 225 20 30 30 1.604537
1350 176 280 32 32 0.597336
1350 18 9 36 36 0.523389
1350 141 23 32 32 0.731687
1350 240 20 40 40 0.423521
1350 0 210 24 24 0.406859
1350 6 192 24 24 0.131859
1350 144 8 36 36 0.113433
1350 128 24 32 32 0.094118
1380 5 155 42 42 14.360914
1380 131 192 24 24 5.794511
1380 3 169 45 45 14.745506
1380 21 163 39 39 5.151518
1380 168 126 28 28 2.550695
1380 454 9 36 36 4.204067
1380 437 8 36 36 2.759545
1380 387 22 32 32 3.699714
1380 403 23 32 32 3.033827
1380 132 84 24 24 1.180396
1380 30 154 44 44 1.469650
1380 10 190 40 40 1.112161
1380 21 231 28 28 0.822607
1380 395 16 32 32 0.953782
1380 0 18 24 24 0.390593
1380 129 112 32 32 0.426704
1380 408 16 32 32 0.246385
1380 450 18 36 36 0.126077
1410 144 84 24 24 8.414453
1410 15 154 43 43 14.179784
1410 13 169 45 45 27.360112
1410 154 116 27 27 6.794036
1410 144 192 24 24 4.209829
1410 28 162 41 41 14.339072
1410 144 112 32 32 2.036736
1410 26 188 40 40 4.133879
1410 386 18 32 32 4.121274
1410 454 9 35 35 2.566606
1410 436 9 36 36 2.109031
1410 395 24 32 32 1.445838
1410 402 18 32 32 1.529965
1410 408 20 32 32 0.947401
1410 15 18 24 24 0.831032
1410 128 152 32 32 0.144491
1410 3 18 24 24 0.087057
1410 32 176 44 44 0.020150
1440 144 84 24 24 9.125677
1440 14 154 43 43 11.251781
1440 13 169 46 46 31.611556
1440 154 118 28 28 6.928015
1440 144 192 24 24 4.292059
1440 26 167 41 41 14.817771
1440 147 112 30 30 3.053682
1440 26 187 40 40 4.871627
1440 33 154 44 44 1.855464
1440 391 22 32 32 5.389294
1440 455 9 36 36 2.810449
1440 408 23 32 32 1.512741
1440 387 16 32 32 1.828842
1440 436 9 36 36 2.046007
1440 168 112 28 28 0.769480
1440 2 18 24 24 0.771547
1440 0 176 44 44 0.310804
1440 402 16 32 32 0.437791
1440 128 152 32 32 0.265325
1440 12 18 24 24 0.224361
1470 144 84 24 24 8.969456
1470 14 154 43 43 11.741530
1470 13 169 45 45 32.330844
1470 154 119 28 28 6.019830
1470 25 169 41 41 20.848053
1470 144 192 24 24 4.119090
1470 146 111 31 31 2.746861
1470 455 9 36 36 3.474855
1470 27 186 40 40 4.518232
1470 32 154 44 44 1.851970
1470 391 23 32 32 4.505200
1470 436 9 35 35 2.361487
1470 386 16 32 32 1.610276
1470 408 24 32 32 1.043669
1470 168 111 28 28 0.671736
1470 0 176 44 44 0.174259
1470 0 18 24 24 0.170546
1470 12 18 24 24 0.055225
1500 144 84 24 24 8.906459
1500 15 155 43 43 11.501935
1500 13 169 45 45 32.402247
1500 25 170 41 41 23.270268
1500 154 120 28 28 7.313596
1500 144 192 24 24 3.404234
1500 455 9 36 36 4.501444
1500 33 154 44 44 2.021018
1500 145 111 31 31 2.470643
1500 26 189 40 40 2.847616
1500 437 9 35 35 3.324171
1500 391 23 32 32 3.269941
1500 168 111 28 28 1.051657
1500 385 19 32 32 2.364591
1500 2 18 24 24 1.179581
1500 408 24 32 32 0.694775
1500 12 18 24 24 0.339917
1500 447 18 33 33 0.357377
1500 132 84 24 24 0.151325
1530 22 154 43 43 10.120736
1530 26 171 43 43 17.839234
1530 13 169 47 47 23.394099
1530 144 84 24 24 2.758003
1530 455 9 36 36 4.843236
1530 0 198 44 44 2.123572
1530 154 125 28 28 2.303261
1530 437 9 36 36 3.492039
1530 400 23 32 32 4.705010
1530 168 119 28 28 1.144304
1530 144 96 24 24 0.959759
1530 22 187 43 43 0.968352
1530 384 24 32 32 0.841282
1530 393 16 32 32 0.930663
1530 0 18 24 24 0.508481
1530 446 18 36 36 0.373281
1560 194 84 24 24 12.322009
1560 238 127 28 28 4.578641
1560 161 170 39 39 10.359464
1560 161 185 40 40 7.115300
1560 200 193 24 24 6.489700
1560 170 179 40 40 5.407883
1560 36 168 48 48 4.087802
1560 192 36 48 48 3.391674
1560 245 119 28 28 1.691983
1560 34 192 48 48 3.076162
1560 192 96 24 24 1.104235
1560 32 208 44 44 0.809200
1560 459 9 36 36 0.445282
1560 408 24 32 32 0.240034
1560 204 198 24 24 0.127423
1590 391 112 31 31 12.640960
1590 347 179 39 39 14.994104
1590 193 207 46 46 13.767049
1590 332 170 40 40 15.002921
1590 384 207 24 24 8.129109
1590 346 163 40 40 11.151699
1590 341 186 40 40 12.037569
1590 98 12 24 24 7.441832
1590 132 18 24 24 2.876974
1590 106 15 23 23 6.813232
1590 144 18 24 24 2.318230
1590 209 168 48 48 7.896646
1590 115 6 28 28 3.361513
1590 215 192 48 48 3.424584
1590 448 133 28 28 1.643082
1590 407 112 32 32 1.628468
1590 240 174 40 40 2.557579
1590 264 176 44 44 1.267550
1590 384 128 32 32 1.232095
1590 245 223 28 28 1.141779
1590 106 0 24 24 1.221837
1590 126 6 28 28 0.608191
1590 14 11 23 23 0.711105
1590 192 192 48 48 0.044188
1620 299 5 24 24 4.277102
1620 227 6 27 27 2.876443
1620 238 7 28 28 0.778399
1620 482 0 24 24 0.827001
1620 491 0 24 24 1.093749
1620 210 12 24 24 0.411038
1620 245 0 27 27 0.307051
1620 498 6 24 24 0.193276
1620 288 6 24 24 0.100615
1650 2 129 32 32 9.549305
1650 6 14 32 32 19.197307
1650 3 3 34 34 7.841240
1650 21 18 28 28 2.769786
1650 5 132 33 33 1.927713
1650 3 22 30 30 2.938535
1650 16 128 32 32 0.791310
1650 15 9 30 30 0.957303
1680 198 126 36 36 3.741923
1680 154 18 36 36 3.547911
1680 24 140 40 40 2.693284
1680 192 140 32 32 2.268128
1680 144 24 36 36 0.731549
1710 16 129 32 32 34.413766
1710 144 146 36 36 8.145884
1710 22 134 32 32 4.608633
1710 5 132 33 33 5.855219
1710 333 139 39 39 3.555296
1710 144 24 33 33 2.524683
1710 241 2 43 43 1.927859
1710 192 136 32 32 1.545775
1710 26 0 40 40 2.040747
1710 153 150 36 36 1.294137
1710 264 0 44 44 0.747415
1710 124 14 28 28 0.064346
1740 1 142 32 32 16.301792
1740 126 133 27 27 4.800887
1740 131 16 32 32 5.251208
1740 8 139 32 32 5.680233
1740 156 152 36 36 5.053094
1740 22 144 32 32 2.918591
1740 216 152 36 36 2.156722
1740 341 0 39 39 2.011162
1740 220 0 40 40 1.639795
1740 256 16 32 32 1.176552
1740 48 48 64 64 1.089870
1740 240 0 40 40 0.855444
1740 219 140 39 39 0.983303
1740 16 48 64 64 0.695482
1740 160 144 36 36 0.735984
1740 291 144 36 36 0.964319
1740 297 126 36 36 0.232504
1770 141 141 32 32 14.026278
1770 24 144 35 35 8.992231
1770 136 136 32 32 3.701158
1770 27 126 36 36 3.071257
1770 157 126 36 36 4.672388
1770 306 8 23 23 3.622236
1770 144 126 36 36 1.692642
1770 432 144 36 36 1.356424
1770 192 18 24 24 0.723915
1770 128 144 32 32 0.513714
1770 288 9 36 36 0.285961
1770 306 18 24 24 0.018468
1800 20 144 35 35 44.195238
1800 143 148 32 32 10.676704
1800 17 150 35 35 21.723544
1800 10 146 35 35 22.452099
1800 161 126 36 36 5.514815
1800 408 136 32 32 2.802289
1800 176 136 32 32 0.678264
1800 9 24 32 32 0.681504
1800 176 112 32 32 0.132266
1830 10 197 24 24 30.895439
1830 407 137 32 32 9.410476
1830 5 204 24 24 5.530100
1830 44 48 64 64 4.068436
1830 0 168 37 37 3.378997
1830 6 192 24 24 1.063926
1830 18 192 24 24 0.941425
1830 399 140 32 32 1.810372
1830 306 171 35 35 0.124332
