30 408 136 32 32 4.169713
60 384 112 32 32 5.541418
90 400 112 32 32 5.458148
120 448 112 28 28 5.746145
150 469 119 28 28 4.028736
180 480 102 24 24 1.440489
210 119 126 28 28 3.922191
240 384 136 32 32 5.775473
270 126 126 28 28 4.547524
300 384 144 32 32 9.045848
330 32 16 64 64 4.861014
360 448 133 28 28 7.004558
390 300 114 24 24 6.508030
420 288 114 24 24 8.304283
450 264 36 48 48 7.882480
480 216 36 48 48 6.897744
510 204 24 48 48 7.748662
540 343 126 28 28 5.331244
570 132 0 24 24 8.477617
600 6 102 24 24 7.793633
630 176 22 44 44 7.537414
660 300 102 24 24 7.087449
690 288 24 48 48 3.899848
720 469 112 28 28 4.811007
750 492 102 24 24 6.729681
780 24 16 32 32 8.828261
810 343 119 28 28 6.755808
840 18 96 24 24 6.273243
870 0 16 64 64 7.549677
900 300 12 24 24 6.668708
930 245 14 28 28 6.948646
960 192 36 48 48 4.017506
990 455 112 28 28 7.220125
1020 288 16 64 64 5.880405
1050 12 12 24 24 5.274188
1080 441 126 36 36 6.391991
1110 48 0 64 64 5.079531
1140 216 36 48 48 5.173767
1170 12 210 24 24 8.607349
1200 352 33 44 44 4.802826
1230 350 98 28 28 4.832461
1260 384 36 48 48 4.724543
1290 0 24 48 48 2.424346
1320 396 12 24 24 6.059650
1350 126 119 28 28 3.697133
1380 462 133 28 28 7.504868
1410 455 0 28 28 3.696801
1440 112 133 28 28 3.458478
1470 144 108 24 24 1.745540
1500 280 112 32 32 5.936288
1530 256 112 32 32 6.631418
1560 256 112 32 32 7.818572
1590 408 112 32 32 3.322831
1620 245 98 28 28 0.634428
1650 400 112 32 32 1.457642
1680 357 119 28 28 3.063992
1710 357 126 28 28 5.962688
1740 168 119 28 28 4.231353
1770 224 119 28 28 5.525673
1800 400 8 32 32 7.259968
1830 24 136 32 32 2.521789
1860 288 32 64 64 4.359691
1890 272 32 64 64 7.724653
1920 297 126 36 36 7.905654
1950 256 48 64 64 6.051356
1980 297 126 36 36 8.372333
