30 256 128 32 32 6.822858
60 363 209 44 44 7.740066
90 288 126 36 36 8.787727
120 315 126 36 36 6.184975
150 8 144 32 32 8.023941
180 154 119 28 28 3.040362
210 231 133 28 28 2.202076
240 448 119 28 28 4.653133
270 448 133 28 28 5.154254
300 448 133 28 28 7.312932
330 245 112 28 28 5.726496
360 400 112 32 32 3.583159
390 231 98 28 28 6.072527
420 336 98 28 28 8.694144
450 455 119 28 28 9.248068
480 294 96 24 24 6.595232
510 288 96 24 24 9.643847
540 288 84 24 24 9.735497
570 294 84 24 24 6.531038
600 294 96 24 24 5.342666
630 238 112 28 28 4.766843
660 384 108 24 24 5.258692
690 306 114 24 24 4.680852
720 408 112 32 32 5.183260
750 294 108 24 24 6.201107
780 216 24 48 48 9.656409
810 242 33 44 44 6.277527
840 402 96 24 24 4.415640
870 408 128 32 32 6.226778
900 448 119 28 28 5.609983
930 459 126 36 36 3.830491
960 384 114 24 24 4.071207
990 18 144 36 36 5.532574
1020 396 102 24 24 4.844443
1050 469 126 28 28 7.861529
1080 498 0 24 24 5.086247
1110 402 96 24 24 4.289125
1140 396 24 48 48 3.322196
1170 480 114 24 24 3.214140
1200 336 98 28 28 7.373012
1230 350 98 28 28 3.826441
1260 498 114 24 24 4.572598
1290 192 0 32 32 4.030828
1320 192 0 32 32 5.041479
1350 176 16 32 32 4.206620
1380 352 16 64 64 4.105944
1410 272 16 64 64 3.060930
1440 168 0 28 28 3.523106
1470 448 133 28 28 4.597055
1500 462 133 28 28 5.076745
1530 256 48 64 64 5.957652
1560 350 140 40 40 6.258578
1590 336 126 28 28 4.489518
1620 469 21 28 28 4.670982
1650 455 224 28 28 7.130574
1680 154 112 28 28 6.686352
1710 132 108 24 24 8.983474
1740 396 114 24 24 5.095815
1770 352 0 64 64 4.383527
1800 390 84 24 24 3.115513
1830 132 114 24 24 5.970963
