30 0 32 64 64 2.632777
30 0 48 64 64 5.078853
30 16 32 64 64 2.148469
30 16 48 64 64 3.483781
30 32 32 64 64 1.530378
30 48 32 64 64 1.390832
30 384 24 48 48 0.817836
30 408 24 48 48 0.209191
30 384 24 48 48 0.817836
30 408 24 48 48 0.209191
30 352 33 44 44 1.559607
30 363 33 44 44 1.695274
30 374 22 44 44 2.435098
30 374 33 44 44 1.165968
30 385 22 44 44 2.494469
30 0 140 40 40 0.460892
30 10 140 40 40 0.144509
30 9 144 36 36 0.578664
30 128 112 32 32 0.471562
30 144 112 32 32 0.351437
30 400 24 32 32 1.961429
30 408 24 32 32 2.379014
30 112 126 28 28 0.624340
30 112 133 28 28 4.078910
30 119 133 28 28 3.433223
30 154 126 28 28 2.415663
30 154 133 28 28 5.766565
30 357 98 28 28 4.523012
30 448 112 28 28 2.581489
30 448 119 28 28 3.825672
30 448 126 28 28 1.911390
30 0 192 24 24 1.146571
30 0 198 24 24 2.849160
30 0 204 24 24 1.914255
30 6 192 24 24 1.571144
30 6 198 24 24 1.234726
30 6 204 24 24 0.693926
30 12 192 24 24 2.312820
30 12 198 24 24 1.035791
30 12 204 24 24 0.111899
30 132 84 24 24 0.396224
30 384 96 24 24 0.803116
30 384 102 24 24 3.308919
30 384 108 24 24 0.659727
30 384 114 24 24 1.056522
30 390 96 24 24 0.570297
30 390 102 24 24 4.839699
30 390 108 24 24 1.930454
30 396 96 24 24 1.848033
30 396 102 24 24 2.825984
30 402 96 24 24 5.030101
30 402 102 24 24 2.206471
60 0 0 64 64 1.052435
60 0 32 64 64 1.083901
60 16 0 64 64 1.531806
60 16 16 64 64 2.138208
60 16 32 64 64 1.661807
60 32 0 64 64 4.288939
60 32 16 64 64 3.974003
60 32 32 64 64 0.521018
60 48 0 64 64 2.356978
60 384 0 48 48 2.222343
60 384 12 48 48 2.323495
60 396 12 48 48 0.787891
60 384 0 48 48 2.222343
60 384 12 48 48 2.323495
60 396 12 48 48 0.787891
60 385 11 44 44 0.474109
60 0 112 32 32 2.324074
60 8 112 32 32 0.804404
60 16 112 32 32 0.387007
60 24 112 32 32 1.358251
60 128 112 32 32 0.911030
60 7 126 28 28 0.616570
60 21 119 28 28 0.640392
60 21 126 28 28 0.235259
60 448 112 28 28 1.992235
60 448 119 28 28 6.680651
60 448 126 28 28 6.593344
60 448 133 28 28 2.375143
60 455 112 28 28 2.734726
60 455 119 28 28 6.175657
60 455 126 28 28 3.701060
60 462 119 28 28 5.886097
60 462 126 28 28 6.094851
60 469 112 28 28 0.339289
60 469 119 28 28 4.446061
60 469 126 28 28 4.559169
60 96 84 24 24 3.955938
60 96 96 24 24 2.577323
60 102 84 24 24 7.838346
60 102 96 24 24 4.809614
60 102 102 24 24 3.618790
60 108 84 24 24 3.277693
60 108 96 24 24 5.790009
60 108 102 24 24 3.656906
60 396 84 24 24 5.187524
60 396 96 24 24 5.701980
60 396 102 24 24 0.285473
60 402 84 24 24 3.769554
60 402 96 24 24 8.122311
60 402 102 24 24 4.855167
60 480 0 24 24 1.268784
60 486 0 24 24 2.405344
60 492 0 24 24 3.373157
60 492 6 24 24 0.587666
60 498 0 24 24 0.800581
60 498 12 24 24 0.436429
90 0 16 64 64 1.293583
90 0 32 64 64 4.410091
90 16 16 64 64 0.811714
90 16 32 64 64 5.215564
90 32 0 64 64 0.140895
90 32 16 64 64 1.541112
90 32 32 64 64 3.121274
90 32 48 64 64 0.826521
90 352 0 64 64 4.699053
90 363 33 44 44 4.353951
90 374 33 44 44 0.182841
90 385 33 44 44 0.527260
90 9 126 36 36 1.419616
90 0 112 32 32 2.890946
90 0 128 32 32 4.070159
90 8 128 32 32 2.162230
90 16 128 32 32 1.810748
90 16 136 32 32 1.193250
90 24 128 32 32 2.788059
90 24 136 32 32 1.793715
90 0 133 28 28 4.765299
90 7 126 28 28 4.477919
90 7 133 28 28 6.239053
90 14 126 28 28 4.565807
90 14 133 28 28 4.168076
90 21 133 28 28 3.232691
90 126 119 28 28 3.140162
90 126 126 28 28 2.320621
90 126 133 28 28 1.344181
90 336 112 28 28 2.255124
90 336 119 28 28 0.646338
90 343 119 28 28 1.782314
90 343 126 28 28 0.169263
90 350 119 28 28 0.887681
90 448 112 28 28 2.657111
90 448 119 28 28 6.851472
90 448 126 28 28 5.498361
90 448 133 28 28 1.252025
90 455 119 28 28 1.145479
90 455 126 28 28 2.361858
90 402 18 24 24 1.254124
120 0 16 64 64 0.504746
120 0 32 64 64 3.171245
120 16 0 64 64 1.613598
120 16 16 64 64 2.638757
120 16 32 64 64 3.788939
120 32 0 64 64 0.654952
120 32 16 64 64 3.521953
120 32 32 64 64 4.558074
120 48 16 64 64 2.780056
120 48 32 64 64 1.948462
120 256 16 64 64 1.923686
120 256 32 64 64 0.402283
120 272 0 64 64 0.839870
120 272 16 64 64 0.827282
120 288 16 64 64 1.003842
120 352 0 64 64 2.582109
120 24 0 48 48 0.381421
120 24 12 48 48 1.374518
120 36 0 48 48 2.084508
120 36 12 48 48 3.326921
120 36 24 48 48 2.688954
120 384 24 48 48 4.918185
120 384 36 48 48 2.555422
120 396 24 48 48 9.263818
120 396 36 48 48 7.481474
120 408 24 48 48 0.468973
120 408 36 48 48 2.938478
120 24 0 48 48 0.381421
120 24 12 48 48 1.374518
120 36 0 48 48 2.084508
120 36 12 48 48 3.326921
120 36 24 48 48 2.688954
120 384 24 48 48 4.918185
120 384 36 48 48 2.555422
120 396 24 48 48 9.263818
120 396 36 48 48 7.481474
120 408 24 48 48 0.468973
120 408 36 48 48 2.938478
120 33 22 44 44 1.520670
120 459 126 36 36 3.323115
120 0 128 32 32 3.025042
120 8 112 32 32 2.574182
120 8 128 32 32 1.993662
120 16 112 32 32 3.087519
120 24 112 32 32 2.574235
120 128 112 32 32 0.394679
120 112 112 28 28 5.015612
120 112 119 28 28 3.665174
120 112 126 28 28 1.460916
120 119 112 28 28 6.989830
120 119 119 28 28 5.765369
120 119 126 28 28 4.159285
120 119 133 28 28 0.631020
120 126 112 28 28 1.423445
120 126 119 28 28 1.761528
120 448 98 28 28 0.100273
120 455 119 28 28 2.515843
120 455 126 28 28 5.272129
120 455 133 28 28 5.115972
120 462 112 28 28 0.629911
120 462 119 28 28 4.612199
120 462 126 28 28 6.912475
120 462 133 28 28 5.607437
120 469 112 28 28 2.963140
120 469 119 28 28 4.218489
120 469 126 28 28 4.156047
120 469 133 28 28 3.700416
120 18 84 24 24 3.932452
120 480 108 24 24 2.933086
120 480 114 24 24 5.640087
150 0 0 64 64 3.402602
150 0 16 64 64 2.947078
150 16 0 64 64 2.060680
150 32 0 64 64 1.219471
150 12 0 48 48 0.964373
150 420 36 48 48 2.958253
150 12 0 48 48 0.964373
150 420 36 48 48 2.958253
150 22 0 44 44 5.229705
150 22 11 44 44 0.838246
150 30 0 40 40 3.137869
150 30 10 40 40 4.901447
150 27 9 36 36 0.720584
150 288 126 36 36 0.296115
150 0 133 28 28 0.207626
150 119 119 28 28 2.065442
150 119 126 28 28 1.287306
150 126 119 28 28 2.678849
150 126 126 28 28 2.352162
150 224 119 28 28 1.184508
150 357 119 28 28 0.312518
150 469 126 28 28 2.692534
150 469 133 28 28 3.559400
150 198 114 24 24 3.121285
150 204 114 24 24 0.379644
180 0 0 64 64 0.737933
180 24 36 48 48 2.277295
180 36 36 48 48 5.280402
180 24 36 48 48 2.277295
180 36 36 48 48 5.280402
180 9 0 36 36 0.764045
180 16 8 32 32 1.731293
180 256 112 32 32 1.325255
180 384 112 32 32 2.779248
180 7 126 28 28 1.331630
180 14 126 28 28 0.711314
180 112 112 28 28 2.480975
180 343 98 28 28 2.446290
180 198 114 24 24 0.955009
180 204 114 24 24 3.365194
180 210 114 24 24 5.205612
180 390 114 24 24 1.709744
180 396 192 24 24 2.369698
180 402 192 24 24 5.559407
180 402 198 24 24 0.975443
180 480 84 24 24 3.319020
180 486 84 24 24 3.499938
180 492 84 24 24 4.673880
180 498 84 24 24 4.034504
210 0 24 48 48 1.115629
210 0 36 48 48 1.761197
210 12 24 48 48 1.598285
210 12 36 48 48 2.901331
210 24 36 48 48 1.541911
210 36 36 48 48 2.023064
210 288 36 48 48 0.261369
210 420 24 48 48 1.844833
210 420 36 48 48 1.033636
210 0 24 48 48 1.115629
210 0 36 48 48 1.761197
210 12 24 48 48 1.598285
210 12 36 48 48 2.901331
210 24 36 48 48 1.541911
210 36 36 48 48 2.023064
210 288 36 48 48 0.261369
210 420 24 48 48 1.844833
210 420 36 48 48 1.033636
210 11 33 44 44 2.619596
210 22 33 44 44 1.978381
210 441 27 36 36 2.849711
210 450 27 36 36 2.697149
210 459 27 36 36 3.277732
210 0 0 32 32 1.949631
210 0 112 32 32 3.789881
210 8 112 32 32 3.412936
210 16 112 32 32 4.711834
210 24 112 32 32 7.789157
210 0 0 28 28 1.393927
210 0 7 28 28 3.743409
210 0 14 28 28 0.715677
210 0 119 28 28 1.978939
210 7 0 28 28 0.550252
210 7 7 28 28 0.041171
210 7 112 28 28 4.207602
210 7 119 28 28 7.490533
210 7 126 28 28 0.197720
210 14 0 28 28 3.398685
210 14 7 28 28 2.112466
210 14 112 28 28 4.872150
210 14 119 28 28 6.551846
210 21 112 28 28 6.992713
210 21 119 28 28 7.560513
210 21 126 28 28 1.526481
210 245 133 28 28 0.303458
210 0 0 24 24 0.459286
210 6 12 24 24 0.254378
210 6 18 24 24 2.091294
210 12 18 24 24 1.160664
210 96 114 24 24 0.947427
210 192 108 24 24 5.387470
210 192 114 24 24 5.329097
210 198 108 24 24 3.974801
210 198 114 24 24 6.567744
210 204 108 24 24 3.097549
210 204 114 24 24 6.440312
210 210 108 24 24 0.924629
210 210 114 24 24 3.125696
210 384 114 24 24 0.672236
210 390 84 24 24 0.358512
210 390 108 24 24 3.129567
210 390 114 24 24 4.280408
210 396 84 24 24 1.258769
210 396 108 24 24 2.748895
210 396 114 24 24 4.465309
240 0 16 64 64 2.050536
240 256 0 64 64 0.336226
240 256 16 64 64 1.807498
240 272 16 64 64 1.305503
240 0 36 48 48 5.737940
240 12 36 48 48 4.640787
240 0 36 48 48 5.737940
240 12 36 48 48 4.640787
240 11 33 44 44 1.154421
240 0 112 32 32 3.210727
240 8 112 32 32 2.819327
240 0 119 28 28 6.613102
240 0 126 28 28 5.059645
240 7 119 28 28 6.084669
240 7 126 28 28 3.250484
240 14 119 28 28 2.459501
240 14 126 28 28 3.595524
240 21 126 28 28 0.120142
240 336 112 28 28 0.338398
240 336 126 28 28 1.166743
240 336 133 28 28 5.174043
240 343 98 28 28 1.588085
240 343 112 28 28 3.557392
240 343 126 28 28 2.422961
240 343 133 28 28 4.242723
240 350 98 28 28 2.149660
240 350 112 28 28 0.156623
240 357 98 28 28 0.008608
240 192 114 24 24 1.642532
240 198 114 24 24 3.907896
240 204 114 24 24 0.450703
240 396 84 24 24 2.019424
240 486 108 24 24 0.380544
240 486 114 24 24 5.166755
240 492 108 24 24 5.490835
240 492 114 24 24 6.635373
240 492 198 24 24 0.320885
240 492 204 24 24 2.342721
240 492 210 24 24 1.021539
240 498 108 24 24 4.954038
240 498 114 24 24 6.335641
240 498 204 24 24 0.640119
240 498 210 24 24 0.382658
270 256 32 64 64 0.978842
270 0 33 44 44 2.523461
270 0 30 40 40 2.937541
270 10 30 40 40 0.447781
270 330 140 40 40 0.675927
270 340 140 40 40 2.853717
270 288 126 36 36 3.666031
270 16 112 32 32 5.983234
270 24 112 32 32 4.794503
270 176 112 32 32 1.396929
270 280 136 32 32 0.838055
270 21 119 28 28 0.715435
270 336 112 28 28 0.508961
270 336 119 28 28 0.767988
270 343 98 28 28 1.865296
270 350 112 28 28 1.120480
270 357 112 28 28 1.099040
270 192 108 24 24 0.622526
270 192 114 24 24 3.385169
270 198 108 24 24 0.207281
270 198 114 24 24 3.810238
270 384 108 24 24 1.675630
270 384 114 24 24 3.400656
270 390 96 24 24 4.089315
270 390 108 24 24 3.405254
270 390 114 24 24 6.246288
270 396 96 24 24 1.782443
270 396 114 24 24 2.631664
270 402 96 24 24 1.732919
270 402 108 24 24 0.340243
270 402 114 24 24 0.783194
300 32 16 64 64 0.751448
300 256 32 64 64 2.525139
300 288 32 64 64 2.835370
300 288 48 64 64 3.520172
300 385 33 44 44 0.567303
300 340 140 40 40 1.695210
300 350 140 40 40 3.584360
300 0 112 32 32 2.547959
300 8 112 32 32 2.979967
300 8 128 32 32 0.749893
300 280 136 32 32 1.735548
300 280 144 32 32 3.244979
300 280 152 32 32 0.644958
300 384 128 32 32 2.786081
300 384 136 32 32 0.160382
300 384 152 32 32 3.776289
300 392 128 32 32 0.702632
300 392 152 32 32 0.982962
300 0 126 28 28 0.688126
300 7 133 28 28 1.897342
300 14 133 28 28 2.012698
300 21 133 28 28 0.502808
300 119 126 28 28 2.319789
300 154 119 28 28 0.258108
300 168 112 28 28 3.880975
300 168 119 28 28 4.423228
300 336 119 28 28 2.067876
300 336 126 28 28 2.862217
300 343 98 28 28 3.747904
300 343 112 28 28 0.081900
300 343 119 28 28 3.134018
300 343 126 28 28 1.278397
300 350 98 28 28 1.252963
300 350 112 28 28 2.309169
300 350 119 28 28 4.751415
300 192 108 24 24 0.788745
300 192 114 24 24 1.517423
300 390 96 24 24 5.104648
300 390 102 24 24 6.085114
300 390 108 24 24 1.636725
300 390 192 24 24 0.133378
300 396 96 24 24 4.922896
300 396 102 24 24 4.322536
300 396 108 24 24 1.275741
300 396 192 24 24 2.457163
300 402 96 24 24 0.619121
300 402 102 24 24 1.043834
300 402 108 24 24 0.024159
300 402 192 24 24 1.044476
300 498 192 24 24 2.148061
330 0 16 64 64 1.286809
330 16 16 64 64 0.082301
330 256 32 64 64 1.871223
330 288 48 64 64 1.017258
330 384 36 48 48 1.132665
330 396 12 48 48 0.105857
330 396 24 48 48 3.111696
330 396 36 48 48 0.280882
330 384 36 48 48 1.132665
330 396 12 48 48 0.105857
330 396 24 48 48 3.111696
330 396 36 48 48 0.280882
330 363 33 44 44 1.795264
330 374 33 44 44 1.979318
330 374 154 44 44 0.183275
330 385 33 44 44 1.288126
330 385 154 44 44 2.413246
330 288 144 36 36 2.293673
330 288 153 36 36 0.010336
330 432 162 36 36 1.303994
330 432 171 36 36 1.993390
330 176 112 32 32 0.325217
330 280 144 32 32 0.536269
330 384 112 32 32 0.501208
330 154 126 28 28 2.923102
330 168 112 28 28 0.590029
330 168 119 28 28 2.822465
330 168 126 28 28 2.923173
330 168 133 28 28 2.335953
330 336 133 28 28 0.836792
330 343 98 28 28 2.564130
330 343 133 28 28 0.175143
330 350 98 28 28 2.375854
330 350 133 28 28 0.212390
330 357 98 28 28 1.461403
330 357 112 28 28 1.294674
330 357 119 28 28 0.415496
330 396 96 24 24 0.094855
360 256 16 64 64 0.232467
360 256 32 64 64 1.133484
360 272 32 64 64 0.144139
360 272 48 64 64 0.591759
360 384 24 48 48 0.795993
360 384 24 48 48 0.795993
360 363 33 44 44 5.121407
360 374 33 44 44 3.210290
360 385 33 44 44 2.255352
360 340 140 40 40 1.068632
360 350 140 40 40 1.210555
360 198 144 36 36 0.593426
360 198 153 36 36 1.681204
360 16 128 32 32 0.352038
360 0 126 28 28 0.732807
360 7 126 28 28 1.024910
360 126 133 28 28 0.760036
360 168 119 28 28 1.762996
360 168 126 28 28 4.552101
360 168 133 28 28 4.182561
360 343 98 28 28 7.545436
360 343 112 28 28 0.620154
360 350 98 28 28 5.183947
360 350 112 28 28 1.668404
360 357 98 28 28 4.697946
360 357 112 28 28 1.710980
360 390 18 24 24 0.864646
360 396 18 24 24 0.764601
360 396 96 24 24 2.108223
360 396 102 24 24 1.616402
360 402 102 24 24 0.456825
390 272 32 64 64 1.579266
390 288 32 64 64 0.101523
390 384 24 48 48 1.417467
390 384 36 48 48 0.726331
390 396 24 48 48 0.704128
390 384 24 48 48 1.417467
390 384 36 48 48 0.726331
390 396 24 48 48 0.704128
390 363 33 44 44 2.110996
390 374 33 44 44 3.755822
390 385 33 44 44 3.032415
390 198 153 36 36 3.191253
390 288 153 36 36 2.305050
390 288 162 36 36 1.560876
390 306 153 36 36 0.104085
390 432 162 36 36 0.648628
390 432 171 36 36 1.892947
390 441 162 36 36 2.734870
390 441 171 36 36 2.574577
390 450 162 36 36 3.227792
390 450 171 36 36 5.303927
390 459 171 36 36 2.202948
390 24 128 32 32 0.583869
390 176 112 32 32 2.908576
390 384 144 32 32 1.168918
390 392 144 32 32 0.634023
390 400 136 32 32 1.401208
390 14 0 28 28 0.594908
390 21 0 28 28 0.925788
390 21 7 28 28 0.098762
390 112 126 28 28 1.773619
390 112 133 28 28 1.117254
390 119 126 28 28 2.082498
390 119 133 28 28 0.182411
390 168 126 28 28 4.495822
390 168 133 28 28 5.732120
390 343 98 28 28 3.362137
390 343 112 28 28 1.790727
390 350 98 28 28 1.364267
390 357 98 28 28 0.453715
390 357 112 28 28 0.295085
390 18 12 24 24 0.254528
390 306 192 24 24 3.646933
390 306 198 24 24 1.649972
420 288 32 64 64 0.232025
420 288 24 48 48 1.913788
420 288 36 48 48 1.400169
420 384 24 48 48 0.444333
420 396 24 48 48 1.816037
420 396 36 48 48 1.212922
420 408 24 48 48 0.039972
420 420 24 48 48 0.831305
420 288 24 48 48 1.913788
420 288 36 48 48 1.400169
420 384 24 48 48 0.444333
420 396 24 48 48 1.816037
420 396 36 48 48 1.212922
420 408 24 48 48 0.039972
420 420 24 48 48 0.831305
420 374 33 44 44 2.836802
420 385 33 44 44 0.319092
420 198 153 36 36 2.347578
420 198 162 36 36 1.504816
420 288 153 36 36 4.128672
420 288 162 36 36 4.242994
420 297 153 36 36 1.992574
420 297 162 36 36 3.448652
420 128 128 32 32 0.957083
420 176 112 32 32 2.636493
420 176 128 32 32 0.920701
420 400 152 32 32 0.272241
420 408 112 32 32 1.904985
420 112 126 28 28 1.418067
420 112 133 28 28 1.592757
420 168 98 28 28 2.034292
420 168 126 28 28 6.030444
420 168 133 28 28 7.635687
420 343 112 28 28 1.485181
420 343 119 28 28 1.100510
420 343 126 28 28 2.324613
420 350 98 28 28 2.868879
420 350 112 28 28 0.767658
420 480 96 24 24 0.038895
450 352 48 64 64 0.423194
450 288 24 48 48 2.364587
450 288 36 48 48 2.048221
450 408 36 48 48 1.806258
450 288 24 48 48 2.364587
450 288 36 48 48 2.048221
450 408 36 48 48 1.806258
450 176 33 44 44 0.386917
450 216 153 36 36 0.461696
450 216 162 36 36 0.416496
450 288 162 36 36 0.140139
450 297 144 36 36 0.256076
450 297 153 36 36 2.524663
450 297 162 36 36 3.359146
450 306 153 36 36 2.144527
450 306 162 36 36 2.056960
450 315 153 36 36 0.058813
450 432 27 36 36 0.173108
450 8 128 32 32 2.842942
450 16 128 32 32 0.397694
450 176 112 32 32 0.484443
450 168 98 28 28 6.346121
450 168 112 28 28 1.059504
450 168 119 28 28 1.693423
450 168 126 28 28 1.227853
450 343 119 28 28 0.057277
450 343 126 28 28 0.318169
450 350 112 28 28 2.124133
450 350 119 28 28 3.383238
450 350 126 28 28 1.039238
450 357 98 28 28 0.760250
450 357 112 28 28 0.205573
450 357 119 28 28 1.658433
450 455 0 28 28 3.691037
450 462 0 28 28 4.107388
450 198 102 24 24 0.358896
450 480 96 24 24 0.602238
450 480 102 24 24 3.327514
450 480 108 24 24 0.695665
450 486 0 24 24 2.322114
450 486 96 24 24 0.004621
450 486 102 24 24 1.312338
450 492 0 24 24 0.066887
480 352 48 64 64 4.238358
480 288 24 48 48 1.991418
480 288 36 48 48 0.276038
480 420 24 48 48 0.746644
480 288 24 48 48 1.991418
480 288 36 48 48 0.276038
480 420 24 48 48 0.746644
480 176 33 44 44 3.678850
480 385 33 44 44 0.576931
480 0 144 36 36 3.036566
480 297 144 36 36 2.317271
480 297 153 36 36 3.227988
480 297 162 36 36 2.219368
480 306 144 36 36 1.976401
480 306 153 36 36 3.206975
480 306 162 36 36 2.695975
480 315 153 36 36 0.598086
480 432 153 36 36 0.648528
480 441 18 36 36 1.728522
480 441 27 36 36 1.091032
480 450 27 36 36 1.048269
480 459 144 36 36 0.450653
480 400 152 32 32 0.713266
480 112 119 28 28 0.185300
480 119 126 28 28 2.521548
480 119 133 28 28 1.017733
480 168 112 28 28 0.116955
480 350 112 28 28 0.175399
480 357 112 28 28 1.509216
480 357 119 28 28 1.352455
480 357 126 28 28 0.471492
480 357 133 28 28 1.350902
480 18 192 24 24 0.304921
480 18 198 24 24 1.107031
480 192 102 24 24 2.465114
480 198 102 24 24 2.075802
480 204 102 24 24 5.278591
480 204 108 24 24 1.125572
480 210 102 24 24 4.696909
480 498 192 24 24 3.927282
480 498 198 24 24 0.227597
510 352 32 64 64 4.116079
510 352 48 64 64 6.762938
510 384 24 48 48 2.211501
510 384 36 48 48 2.263887
510 420 24 48 48 0.905308
510 384 24 48 48 2.211501
510 384 36 48 48 2.263887
510 420 24 48 48 0.905308
510 374 33 44 44 3.025066
510 385 33 44 44 4.400026
510 297 144 36 36 0.973899
510 297 153 36 36 3.831294
510 297 162 36 36 1.363752
510 306 153 36 36 3.612689
510 306 162 36 36 2.693444
510 432 27 36 36 0.402824
510 432 144 36 36 2.835189
510 432 153 36 36 1.234774
510 441 126 36 36 4.721578
510 441 144 36 36 3.972261
510 441 153 36 36 3.537093
510 441 162 36 36 4.330726
510 450 18 36 36 1.448885
510 450 27 36 36 5.677226
510 450 126 36 36 5.015913
510 450 144 36 36 0.867270
510 450 153 36 36 1.325836
510 450 162 36 36 0.973409
510 459 126 36 36 0.969415
510 128 128 32 32 1.853172
510 128 136 32 32 2.297599
510 136 128 32 32 2.479553
510 136 136 32 32 2.463595
510 14 133 28 28 0.496562
510 126 119 28 28 0.053346
510 154 112 28 28 0.993118
510 154 119 28 28 2.008567
510 154 126 28 28 0.941695
510 168 119 28 28 0.017801
510 343 119 28 28 1.480463
510 343 126 28 28 1.419826
510 350 112 28 28 4.564586
510 350 119 28 28 5.077788
510 350 126 28 28 3.284557
510 357 98 28 28 0.445587
510 357 112 28 28 2.541253
510 357 119 28 28 2.302563
510 357 126 28 28 3.885717
510 455 133 28 28 0.183273
510 192 102 24 24 5.614716
510 192 108 24 24 3.542254
510 198 102 24 24 8.147345
510 198 108 24 24 0.505077
510 204 102 24 24 3.125898
510 390 192 24 24 2.430100
510 396 192 24 24 2.711407
540 352 32 64 64 0.418836
540 352 48 64 64 5.709162
540 408 0 48 48 0.274554
540 420 12 48 48 1.525595
540 420 24 48 48 0.948801
540 408 0 48 48 0.274554
540 420 12 48 48 1.525595
540 420 24 48 48 0.948801
540 170 140 40 40 1.244400
540 288 144 36 36 1.247851
540 288 153 36 36 3.036376
540 288 162 36 36 3.433817
540 297 153 36 36 1.188460
540 297 162 36 36 0.444692
540 306 153 36 36 0.772295
540 432 144 36 36 0.279465
540 441 0 36 36 2.446906
540 441 9 36 36 1.470686
540 441 126 36 36 1.275942
540 450 0 36 36 9.525766
540 450 9 36 36 3.698472
540 459 0 36 36 4.292379
540 459 9 36 36 1.225250
540 384 152 32 32 2.293365
540 400 152 32 32 1.266440
540 168 98 28 28 0.348194
540 336 119 28 28 2.487200
540 336 126 28 28 0.148548
540 343 98 28 28 0.540449
540 343 112 28 28 1.154220
540 350 112 28 28 2.577490
540 350 119 28 28 2.642047
540 357 112 28 28 0.456339
540 357 119 28 28 1.366279
540 448 119 28 28 1.353055
540 448 126 28 28 2.187980
540 455 119 28 28 1.255866
540 455 126 28 28 3.939649
540 455 133 28 28 1.238857
540 462 21 28 28 2.958103
540 462 133 28 28 0.241691
540 469 0 28 28 0.580936
540 469 21 28 28 2.478916
540 132 96 24 24 3.005764
540 132 102 24 24 1.902188
540 144 96 24 24 3.031374
540 144 102 24 24 2.699685
540 198 192 24 24 1.627663
540 480 0 24 24 0.540435
540 480 6 24 24 0.967689
540 486 0 24 24 0.906057
570 256 16 64 64 1.286576
570 288 144 36 36 0.453619
570 432 126 36 36 0.196517
570 459 9 36 36 0.317204
570 459 27 36 36 0.149089
570 128 136 32 32 0.765881
570 136 136 32 32 1.533754
570 144 136 32 32 1.283878
570 144 144 32 32 0.245299
570 400 136 32 32 0.932008
570 400 144 32 32 0.243208
570 408 128 32 32 0.740012
570 408 136 32 32 0.411808
570 154 119 28 28 2.811045
570 168 119 28 28 1.670817
570 168 126 28 28 1.828062
570 350 98 28 28 0.423536
570 448 126 28 28 0.390075
570 448 133 28 28 0.618374
570 462 126 28 28 0.617844
570 462 133 28 28 0.801913
570 469 126 28 28 1.500866
570 469 133 28 28 2.263220
570 498 0 24 24 0.200078
570 498 6 24 24 0.674709
570 498 192 24 24 1.872143
600 352 0 64 64 1.278099
600 352 16 64 64 0.650937
600 352 32 64 64 0.128203
600 315 126 36 36 0.759329
600 128 112 32 32 5.107477
600 136 112 32 32 4.241826
600 144 112 32 32 4.844588
600 272 152 32 32 1.439609
600 280 152 32 32 0.110030
600 0 112 28 28 1.175953
600 7 112 28 28 1.152771
600 119 126 28 28 2.349956
600 119 133 28 28 0.183520
600 126 119 28 28 0.572652
600 126 126 28 28 3.697346
600 126 133 28 28 0.493925
600 154 119 28 28 3.729777
600 154 126 28 28 3.159327
600 336 119 28 28 0.107886
600 336 126 28 28 1.795120
600 336 133 28 28 4.046554
600 343 126 28 28 1.287044
600 350 98 28 28 2.168979
600 448 133 28 28 0.176422
600 455 119 28 28 0.576028
600 455 133 28 28 3.498668
600 462 126 28 28 2.563543
600 462 133 28 28 1.324041
600 469 119 28 28 3.711931
600 469 126 28 28 2.361189
600 0 288 24 24 0.916169
600 0 294 24 24 0.461880
600 6 288 24 24 1.676270
600 6 294 24 24 0.030437
600 18 204 24 24 0.433848
630 352 0 64 64 0.553526
630 288 144 36 36 1.747758
630 288 153 36 36 1.602453
630 128 112 32 32 7.856493
630 136 112 32 32 7.302973
630 144 112 32 32 4.020998
630 176 112 32 32 0.298512
630 280 152 32 32 2.145813
630 392 128 32 32 0.133139
630 400 128 32 32 3.274076
630 400 136 32 32 2.723343
630 408 136 32 32 0.222591
630 0 112 28 28 2.074363
630 7 112 28 28 3.440253
630 126 126 28 28 1.359259
630 126 133 28 28 1.023898
630 154 119 28 28 1.562286
630 154 126 28 28 2.193748
630 224 126 28 28 2.161389
630 336 133 28 28 0.844823
630 350 133 28 28 0.217166
630 357 119 28 28 0.020007
630 448 119 28 28 2.474207
630 448 126 28 28 3.645199
630 455 119 28 28 2.609824
630 455 126 28 28 1.248018
630 462 119 28 28 2.631206
630 462 126 28 28 4.460505
630 469 119 28 28 3.065706
630 469 126 28 28 3.481351
630 192 96 24 24 1.088279
660 352 16 64 64 2.635811
660 352 32 64 64 4.022130
660 288 144 36 36 2.330624
660 297 144 36 36 4.455796
660 297 153 36 36 2.256133
660 306 144 36 36 2.284963
660 128 112 32 32 7.192928
660 128 128 32 32 2.435043
660 136 112 32 32 4.872628
660 136 128 32 32 1.562739
660 144 112 32 32 1.612159
660 176 112 32 32 1.307817
660 400 136 32 32 1.047590
660 408 128 32 32 2.779735
660 408 136 32 32 3.611624
660 408 144 32 32 1.520365
660 119 126 28 28 3.567411
660 119 133 28 28 2.235144
660 126 119 28 28 1.399634
660 126 126 28 28 5.554944
660 126 133 28 28 5.473215
660 154 133 28 28 1.821490
660 168 133 28 28 3.731568
660 224 119 28 28 3.861973
660 224 126 28 28 6.078985
660 224 133 28 28 1.720923
660 231 126 28 28 1.868693
660 448 119 28 28 0.625534
660 455 126 28 28 2.271348
660 455 133 28 28 1.178965
660 469 133 28 28 0.121415
660 0 102 24 24 0.124859
660 0 108 24 24 0.597608
660 0 114 24 24 7.227644
660 384 96 24 24 1.112302
660 384 102 24 24 0.049461
660 390 96 24 24 0.768675
690 32 32 64 64 0.587771
690 48 32 64 64 0.609368
690 0 126 36 36 2.086138
690 9 126 36 36 2.480224
690 288 144 36 36 0.806070
690 297 144 36 36 3.459826
690 297 153 36 36 1.114214
690 306 144 36 36 1.425295
690 8 136 32 32 0.607467
690 128 128 32 32 5.971599
690 136 128 32 32 3.350194
690 144 112 32 32 2.177131
690 144 128 32 32 2.529817
690 392 128 32 32 2.338441
690 392 136 32 32 2.079258
690 400 112 32 32 0.359718
690 400 128 32 32 2.296215
690 400 136 32 32 0.859681
690 408 112 32 32 2.319362
690 112 126 28 28 0.732169
690 119 126 28 28 1.146639
690 119 133 28 28 1.261552
690 126 126 28 28 1.166988
690 126 133 28 28 5.750982
690 154 133 28 28 3.150212
690 168 133 28 28 2.371320
690 224 126 28 28 1.178335
690 448 126 28 28 2.731769
690 448 133 28 28 1.009146
690 455 126 28 28 4.691421
690 455 133 28 28 3.697381
690 462 126 28 28 1.044344
690 462 133 28 28 3.744268
690 469 126 28 28 2.143945
690 469 133 28 28 2.202145
720 0 16 64 64 1.515986
720 0 32 64 64 1.526611
720 16 32 64 64 0.737187
720 16 48 64 64 0.811047
720 32 32 64 64 1.920778
720 48 32 64 64 1.763962
720 352 16 64 64 0.481768
720 0 126 36 36 1.928143
720 162 126 36 36 0.800229
720 288 144 36 36 1.742714
720 288 153 36 36 0.944810
720 297 144 36 36 2.903230
720 297 153 36 36 3.941486
720 297 162 36 36 2.340317
720 306 144 36 36 0.299968
720 0 128 32 32 2.227525
720 0 136 32 32 0.180598
720 8 128 32 32 2.574545
720 8 136 32 32 1.096800
720 8 144 32 32 0.465083
720 8 152 32 32 1.368902
720 128 112 32 32 0.985813
720 176 128 32 32 0.253173
720 384 112 32 32 0.664512
720 392 112 32 32 0.815138
720 400 112 32 32 0.151739
720 14 119 28 28 0.950262
720 112 126 28 28 2.638662
720 112 133 28 28 7.452334
720 119 126 28 28 3.548661
720 119 133 28 28 5.897772
720 126 126 28 28 2.590168
720 126 133 28 28 3.975388
720 154 133 28 28 2.080467
720 168 133 28 28 3.792198
720 448 119 28 28 3.389823
720 448 126 28 28 5.551288
720 448 133 28 28 1.451333
720 455 112 28 28 0.101981
720 455 119 28 28 3.919775
720 455 126 28 28 4.059587
720 455 133 28 28 4.009501
720 462 119 28 28 1.560392
720 462 126 28 28 4.067766
720 462 133 28 28 2.532594
720 469 126 28 28 3.094748
720 469 133 28 28 3.591953
750 0 32 64 64 2.730961
750 0 48 64 64 3.005118
750 16 32 64 64 3.175484
750 32 32 64 64 3.693054
750 32 48 64 64 0.303613
750 48 32 64 64 3.430914
750 352 16 64 64 1.478350
750 297 144 36 36 3.166825
750 297 153 36 36 3.833476
750 297 162 36 36 0.654770
750 306 144 36 36 0.577023
750 306 153 36 36 0.443774
750 8 128 32 32 2.016313
750 8 136 32 32 1.848341
750 192 112 32 32 1.125157
750 384 112 32 32 0.290596
750 392 112 32 32 4.656391
750 400 112 32 32 3.991552
750 168 126 28 28 0.839383
750 168 133 28 28 1.568030
750 448 98 28 28 4.182033
750 448 126 28 28 7.427531
750 448 133 28 28 9.574071
750 455 126 28 28 3.389710
750 455 133 28 28 8.904362
750 462 126 28 28 1.158612
750 462 133 28 28 2.258461
750 469 126 28 28 3.273427
750 469 133 28 28 3.422063
750 108 96 24 24 3.187915
780 0 16 64 64 2.875382
780 0 32 64 64 1.826430
780 16 16 64 64 1.314574
780 16 32 64 64 3.232006
780 16 48 64 64 0.812658
780 32 16 64 64 0.036620
780 32 32 64 64 2.084670
780 48 16 64 64 1.900661
780 288 144 36 36 3.044794
780 288 153 36 36 2.463854
780 297 144 36 36 1.956445
780 297 153 36 36 1.202626
780 24 112 32 32 0.360598
780 136 136 32 32 2.561683
780 136 144 32 32 0.798216
780 136 152 32 32 0.050219
780 392 112 32 32 0.371015
780 400 112 32 32 4.980452
780 408 112 32 32 2.579651
780 0 126 28 28 0.535029
780 0 133 28 28 3.760906
780 7 133 28 28 2.832595
780 14 133 28 28 0.076425
780 96 84 24 24 2.982136
810 352 16 64 64 4.932584
810 352 32 64 64 2.491294
810 12 0 48 48 2.861143
810 12 12 48 48 1.614854
810 12 36 48 48 3.545437
810 24 0 48 48 0.158645
810 12 0 48 48 2.861143
810 12 12 48 48 1.614854
810 12 36 48 48 3.545437
810 24 0 48 48 0.158645
810 11 33 44 44 0.543055
810 22 22 44 44 0.682798
810 22 33 44 44 4.081073
810 288 144 36 36 2.249511
810 288 153 36 36 1.559461
810 297 144 36 36 0.952579
810 297 153 36 36 0.510416
810 128 112 32 32 5.811743
810 136 112 32 32 2.561248
810 0 133 28 28 2.427625
810 7 133 28 28 0.698549
810 119 126 28 28 2.076424
810 119 133 28 28 1.085455
810 126 126 28 28 5.032458
810 126 133 28 28 3.798284
810 154 126 28 28 3.348328
810 154 133 28 28 1.809098
810 168 126 28 28 3.373458
810 224 126 28 28 0.314028
810 108 192 24 24 0.528420
810 132 114 24 24 0.525304
840 16 0 64 64 0.805240
840 16 16 64 64 3.425935
840 16 32 64 64 0.489115
840 32 0 64 64 1.940288
840 32 16 64 64 5.599063
840 32 32 64 64 1.580081
840 288 48 64 64 0.441841
840 352 0 64 64 1.830240
840 288 144 36 36 2.586039
840 297 144 36 36 1.765009
840 8 128 32 32 1.555324
840 136 112 32 32 2.617363
840 144 112 32 32 1.409442
840 256 152 32 32 1.038722
840 384 112 32 32 1.903139
840 392 112 32 32 4.947947
840 400 112 32 32 0.692777
840 112 98 28 28 2.159169
840 154 126 28 28 1.949639
840 224 119 28 28 0.470545
840 224 126 28 28 2.871972
840 0 84 24 24 0.884846
840 6 84 24 24 2.574465
840 18 84 24 24 0.233739
840 102 102 24 24 1.658924
840 102 108 24 24 1.323450
840 108 102 24 24 5.072444
840 108 108 24 24 3.620167
840 132 18 24 24 0.117435
840 132 114 24 24 2.786333
840 144 114 24 24 2.468467
840 192 114 24 24 0.036969
870 0 0 64 64 2.908078
870 0 16 64 64 4.908399
870 0 32 64 64 2.724543
870 0 48 64 64 2.734504
870 16 0 64 64 5.238413
870 16 16 64 64 5.876135
870 16 32 64 64 4.515558
870 16 48 64 64 3.512292
870 32 0 64 64 0.214417
870 32 16 64 64 2.389024
870 256 32 64 64 0.241210
870 12 24 48 48 0.942101
870 12 36 48 48 2.503350
870 24 36 48 48 0.446842
870 12 24 48 48 0.942101
870 12 36 48 48 2.503350
870 24 36 48 48 0.446842
870 288 126 36 36 0.261187
870 288 144 36 36 0.364669
870 297 126 36 36 0.807645
870 459 126 36 36 6.333013
870 400 112 32 32 2.870987
870 408 112 32 32 4.073214
870 112 119 28 28 0.853918
870 168 126 28 28 1.041110
870 224 119 28 28 1.492203
870 132 6 24 24 0.241323
870 144 108 24 24 1.263834
870 144 114 24 24 0.036493
900 0 0 64 64 3.227812
900 0 16 64 64 6.051192
900 0 32 64 64 4.007771
900 48 16 64 64 0.040525
900 48 32 64 64 1.068420
900 256 16 64 64 1.605868
900 256 32 64 64 1.115471
900 288 36 48 48 0.276220
900 288 36 48 48 0.276220
900 315 126 36 36 0.410837
900 192 112 32 32 1.286386
900 408 112 32 32 2.598590
900 0 133 28 28 1.160115
900 119 133 28 28 0.505715
900 126 126 28 28 1.213552
900 126 133 28 28 1.893961
900 154 126 28 28 2.862308
900 168 119 28 28 1.202403
900 168 126 28 28 0.143928
900 224 119 28 28 2.227247
900 231 119 28 28 0.619189
900 336 126 28 28 3.046004
900 343 126 28 28 1.663818
900 96 108 24 24 1.103276
930 0 16 64 64 0.331549
930 0 32 64 64 0.834885
930 16 0 64 64 0.962872
930 16 16 64 64 3.097303
930 16 32 64 64 0.502638
930 32 16 64 64 3.784254
930 32 32 64 64 3.495467
930 48 16 64 64 2.080473
930 48 32 64 64 3.613354
930 256 0 64 64 0.777585
930 256 16 64 64 4.715796
930 256 32 64 64 1.983744
930 352 16 64 64 1.204521
930 352 32 64 64 1.141643
930 288 36 48 48 0.230990
930 288 36 48 48 0.230990
930 459 126 36 36 0.443905
930 16 112 32 32 3.215050
930 16 128 32 32 0.576796
930 24 112 32 32 2.880620
930 24 128 32 32 0.853464
930 136 128 32 32 2.366685
930 144 128 32 32 1.051922
930 192 112 32 32 2.097442
930 400 16 32 32 0.143543
930 14 126 28 28 1.547452
930 14 133 28 28 1.827147
930 21 126 28 28 4.179468
930 21 133 28 28 4.545361
930 154 126 28 28 2.872959
930 168 126 28 28 1.753250
930 224 126 28 28 0.086644
930 224 133 28 28 0.341134
930 336 119 28 28 1.701253
930 336 126 28 28 3.580141
930 343 126 28 28 1.310708
930 350 126 28 28 2.954888
930 357 119 28 28 0.461877
930 357 126 28 28 1.531318
930 357 133 28 28 1.017190
930 108 18 24 24 2.464373
960 0 32 64 64 1.385468
960 48 16 64 64 0.264412
960 48 32 64 64 2.527570
960 256 0 64 64 5.964533
960 256 16 64 64 8.095505
960 256 32 64 64 2.697999
960 288 36 48 48 2.391869
960 288 36 48 48 2.391869
960 0 126 36 36 2.715847
960 297 144 36 36 1.351046
960 0 128 32 32 2.318386
960 0 136 32 32 1.488261
960 0 144 32 32 0.448218
960 8 128 32 32 0.643345
960 8 136 32 32 1.502639
960 8 144 32 32 2.801592
960 7 126 28 28 2.093437
960 7 133 28 28 1.625728
960 14 126 28 28 0.173101
960 14 133 28 28 1.588703
960 119 119 28 28 0.267022
960 119 126 28 28 0.471480
960 119 133 28 28 1.084378
960 126 126 28 28 0.593678
960 126 133 28 28 0.783260
960 336 126 28 28 3.126118
960 336 133 28 28 1.326103
960 343 126 28 28 4.323387
960 343 133 28 28 0.318994
960 350 119 28 28 0.619706
960 350 126 28 28 4.468915
960 350 133 28 28 0.673924
960 357 119 28 28 4.266484
960 357 126 28 28 4.765036
960 357 133 28 28 2.435650
960 96 96 24 24 2.263747
960 96 102 24 24 5.590911
960 102 96 24 24 2.311331
960 102 102 24 24 2.819140
990 16 16 64 64 1.528953
990 32 16 64 64 3.480168
990 32 32 64 64 1.121688
990 48 16 64 64 5.602548
990 48 32 64 64 2.207068
990 256 0 64 64 5.736420
990 256 16 64 64 6.121169
990 256 32 64 64 1.283085
990 272 0 64 64 2.171854
990 272 16 64 64 1.302754
990 9 126 36 36 1.041884
990 18 126 36 36 0.282905
990 441 126 36 36 1.974459
990 8 136 32 32 1.236384
990 8 144 32 32 1.226052
990 16 128 32 32 1.042959
990 16 136 32 32 0.028896
990 24 112 32 32 1.547429
990 24 128 32 32 2.830254
990 24 136 32 32 1.874723
990 144 128 32 32 0.366190
990 280 128 32 32 0.243478
990 384 112 32 32 0.351450
990 0 7 28 28 0.833672
990 21 133 28 28 2.222338
990 154 126 28 28 0.713270
990 154 133 28 28 0.164664
990 336 126 28 28 3.466196
990 343 119 28 28 4.896876
990 343 126 28 28 5.522513
990 343 133 28 28 0.083578
990 350 119 28 28 2.137684
990 350 126 28 28 4.473656
990 350 133 28 28 1.160005
990 357 112 28 28 0.063483
990 357 119 28 28 4.162620
990 357 126 28 28 2.617653
990 448 133 28 28 3.847822
990 455 126 28 28 0.297799
990 455 133 28 28 1.571096
990 462 126 28 28 0.866784
990 462 133 28 28 2.394959
990 469 126 28 28 0.110343
990 469 133 28 28 2.250577
990 6 18 24 24 2.944944
990 108 114 24 24 1.221117
990 144 114 24 24 1.515299
1020 16 0 64 64 1.331608
1020 32 0 64 64 1.331953
1020 256 16 64 64 2.219923
1020 256 32 64 64 1.605134
1020 272 0 64 64 1.622615
1020 272 16 64 64 3.701742
1020 272 32 64 64 1.738113
1020 288 16 64 64 2.411638
1020 288 32 64 64 0.557875
1020 0 126 36 36 3.928405
1020 9 126 36 36 7.485703
1020 18 126 36 36 2.832248
1020 0 128 32 32 4.433160
1020 0 136 32 32 3.891917
1020 8 128 32 32 7.314378
1020 8 136 32 32 2.484245
1020 16 128 32 32 12.882172
1020 16 136 32 32 8.044158
1020 24 128 32 32 5.830978
1020 24 136 32 32 3.929173
1020 280 128 32 32 0.973263
1020 280 136 32 32 2.567597
1020 384 112 32 32 0.017147
1020 408 128 32 32 2.179204
1020 0 133 28 28 0.060200
1020 7 133 28 28 2.981688
1020 14 112 28 28 1.060886
1020 14 133 28 28 5.904473
1020 21 98 28 28 3.075613
1020 21 112 28 28 3.510663
1020 21 126 28 28 2.206107
1020 21 133 28 28 10.595325
1020 112 98 28 28 2.441184
1020 119 98 28 28 3.997602
1020 126 98 28 28 1.277649
1020 336 119 28 28 6.114645
1020 336 126 28 28 0.468062
1020 343 119 28 28 2.020356
1020 350 119 28 28 2.820467
1020 357 112 28 28 0.457462
1020 357 119 28 28 4.063941
1020 455 133 28 28 2.966132
1020 462 126 28 28 2.176703
1020 462 133 28 28 6.485229
1020 469 126 28 28 3.464519
1020 469 133 28 28 6.961115
1020 6 0 24 24 0.693030
1020 18 114 24 24 0.852790
1020 108 108 24 24 1.405205
1020 132 108 24 24 2.922513
1020 132 114 24 24 3.824186
1050 0 16 64 64 1.269562
1050 0 32 64 64 0.861420
1050 384 112 32 32 4.136845
1050 392 112 32 32 3.714804
1050 400 112 32 32 3.483944
1050 408 112 32 32 2.425591
1050 112 98 28 28 0.276662
1050 112 112 28 28 1.100666
1050 112 126 28 28 2.132840
1050 119 98 28 28 2.854709
1050 119 126 28 28 1.312268
1050 154 98 28 28 0.495474
1050 168 98 28 28 0.846088
1050 168 112 28 28 1.545249
1050 336 112 28 28 0.719677
1050 336 119 28 28 5.547328
1050 336 126 28 28 0.151917
1050 343 112 28 28 4.096773
1050 343 119 28 28 7.474573
1050 343 126 28 28 2.018169
1050 350 112 28 28 3.230497
1050 350 119 28 28 9.653743
1050 350 126 28 28 2.310555
1050 357 119 28 28 4.248365
1050 357 126 28 28 2.343197
1050 132 114 24 24 2.529408
1050 144 108 24 24 1.183952
1050 144 114 24 24 2.388620
1080 352 16 64 64 3.064685
1080 176 112 32 32 0.125618
1080 256 112 32 32 2.238773
1080 392 112 32 32 0.841279
1080 126 112 28 28 2.777694
1080 126 119 28 28 1.697622
1080 224 112 28 28 2.304021
1080 224 119 28 28 1.197135
1080 336 112 28 28 4.443184
1080 336 119 28 28 3.375234
1080 343 112 28 28 5.682082
1080 343 119 28 28 3.097571
1080 350 112 28 28 5.226817
1080 350 119 28 28 1.722963
1080 357 112 28 28 3.288789
1080 357 119 28 28 2.607975
1080 448 133 28 28 1.840968
1080 469 133 28 28 0.007917
1080 18 198 24 24 0.493813
1110 320 0 40 40 0.685969
1110 320 10 40 40 0.848365
1110 330 0 40 40 1.123704
1110 330 10 40 40 1.121796
1110 340 0 40 40 0.224693
1110 0 119 28 28 0.157235
1110 7 126 28 28 0.651657
1110 14 119 28 28 0.452191
1110 14 126 28 28 2.740246
1110 21 126 28 28 1.561312
1110 112 119 28 28 3.912825
1110 112 126 28 28 3.904107
1110 112 133 28 28 3.894485
1110 119 119 28 28 1.435334
1110 119 126 28 28 0.950340
1110 119 133 28 28 3.154304
1110 224 112 28 28 0.507908
1110 336 112 28 28 1.870541
1110 343 112 28 28 0.059852
1110 462 126 28 28 2.220201
1110 462 133 28 28 1.476869
1110 469 119 28 28 0.428264
1110 469 126 28 28 5.247920
1110 469 133 28 28 1.575810
1110 0 102 24 24 1.091024
1110 480 84 24 24 1.736418
1110 486 84 24 24 0.993683
1140 288 16 64 64 1.112200
1140 352 0 64 64 1.552255
1140 352 16 64 64 5.663414
1140 10 140 40 40 1.152861
1140 20 140 40 40 2.476716
1140 18 126 36 36 0.823802
1140 18 144 36 36 1.954417
1140 27 144 36 36 3.571521
1140 27 153 36 36 1.254633
1140 128 128 32 32 5.219545
1140 176 112 32 32 1.479057
1140 400 112 32 32 2.503918
1140 400 128 32 32 0.751541
1140 408 112 32 32 2.007001
1140 0 119 28 28 0.148446
1140 0 126 28 28 2.313964
1140 0 133 28 28 1.173852
1140 7 119 28 28 0.977775
1140 7 126 28 28 3.144994
1140 21 126 28 28 0.050430
1140 126 133 28 28 0.677202
1140 168 112 28 28 0.174651
1140 238 112 28 28 0.218611
1140 336 112 28 28 1.821155
1140 336 119 28 28 0.103419
1140 336 133 28 28 1.109031
1140 343 112 28 28 2.321040
1140 343 119 28 28 2.784673
1140 343 126 28 28 2.707076
1140 343 133 28 28 3.750079
1140 350 112 28 28 0.614043
1140 357 119 28 28 0.898136
1140 469 112 28 28 2.100665
1140 0 192 24 24 0.852381
1140 6 192 24 24 4.606684
1140 6 198 24 24 1.728817
1140 12 192 24 24 3.996268
1140 12 198 24 24 2.586599
1140 96 102 24 24 1.135587
1170 0 16 64 64 0.752749
1170 0 32 64 64 0.352501
1170 16 32 64 64 3.413982
1170 32 32 64 64 2.339896
1170 48 16 64 64 1.082708
1170 48 32 64 64 0.084154
1170 272 0 64 64 0.565917
1170 272 16 64 64 0.700424
1170 288 16 64 64 2.783829
1170 352 16 64 64 0.507269
1170 24 128 32 32 0.696172
1170 128 128 32 32 3.803664
1170 136 112 32 32 0.603593
1170 136 128 32 32 3.878808
1170 144 112 32 32 0.273366
1170 144 128 32 32 1.659441
1170 384 112 32 32 1.099488
1170 392 112 32 32 0.761604
1170 392 128 32 32 0.051762
1170 21 98 28 28 0.906584
1170 21 112 28 28 4.312753
1170 126 133 28 28 2.637393
1170 154 126 28 28 2.717854
1170 154 133 28 28 3.576366
1170 224 112 28 28 2.324258
1170 231 112 28 28 0.532731
1170 350 98 28 28 0.002680
1170 350 112 28 28 0.253748
1170 350 133 28 28 4.634042
1170 357 98 28 28 0.949887
1170 357 112 28 28 5.177837
1170 357 119 28 28 7.100748
1170 357 126 28 28 5.660314
1170 357 133 28 28 7.442138
1200 0 32 64 64 1.389930
1200 16 32 64 64 0.444610
1200 352 16 64 64 4.623676
1200 352 32 64 64 3.409822
1200 432 126 36 36 1.383334
1200 8 128 32 32 0.162036
1200 192 112 32 32 1.799799
1200 384 136 32 32 4.013728
1200 408 128 32 32 2.425963
1200 408 136 32 32 3.437090
1200 14 112 28 28 0.884691
1200 14 119 28 28 3.700681
1200 14 126 28 28 1.457370
1200 21 112 28 28 1.282726
1200 21 119 28 28 2.551458
1200 224 112 28 28 1.415329
1200 448 126 28 28 0.300606
1200 448 133 28 28 4.651434
1200 0 114 24 24 0.458451
1200 384 114 24 24 1.506587
1230 48 16 64 64 1.007577
1230 256 32 64 64 0.673374
1230 272 16 64 64 2.480967
1230 272 32 64 64 2.164680
1230 288 16 64 64 3.411520
1230 288 32 64 64 4.461740
1230 288 48 64 64 0.495708
1230 340 0 40 40 0.034908
1230 340 10 40 40 1.637442
1230 340 20 40 40 0.332980
1230 0 126 36 36 0.487675
1230 288 126 36 36 1.798219
1230 297 126 36 36 0.116731
1230 432 126 36 36 2.503981
1230 432 144 36 36 0.587083
1230 441 126 36 36 2.332888
1230 441 144 36 36 5.123540
1230 441 153 36 36 0.289755
1230 450 126 36 36 2.305534
1230 450 144 36 36 1.328519
1230 450 153 36 36 0.051538
1230 459 126 36 36 0.097206
1230 8 128 32 32 0.262922
1230 8 136 32 32 1.621021
1230 16 112 32 32 2.962944
1230 24 112 32 32 4.066916
1230 384 112 32 32 1.200888
1230 384 128 32 32 5.330045
1230 384 136 32 32 8.544259
1230 384 144 32 32 5.510157
1230 384 152 32 32 3.812160
1230 392 136 32 32 4.548494
1230 392 144 32 32 0.703607
1230 0 14 28 28 1.456426
1230 0 112 28 28 1.455760
1230 0 119 28 28 0.217769
1230 21 119 28 28 0.688682
1230 112 126 28 28 0.342821
1230 119 119 28 28 0.710046
1230 119 126 28 28 1.920483
1230 119 133 28 28 0.274811
1230 126 126 28 28 2.432619
1230 126 133 28 28 0.822863
1230 154 133 28 28 3.331029
1230 448 21 28 28 2.063325
1230 469 133 28 28 1.846900
1230 0 12 24 24 0.018409
1230 6 12 24 24 0.481514
1230 390 114 24 24 0.945048
1230 396 114 24 24 3.141891
1230 402 114 24 24 0.439011
1260 32 32 64 64 1.359017
1260 48 32 64 64 1.342991
1260 48 48 64 64 0.334444
1260 256 32 64 64 1.025113
1260 272 32 64 64 2.861205
1260 288 32 64 64 1.267292
1260 363 154 44 44 0.061460
1260 10 140 40 40 0.022027
1260 340 0 40 40 1.232327
1260 340 10 40 40 0.383170
1260 9 126 36 36 0.256651
1260 9 144 36 36 0.068681
1260 18 126 36 36 0.295470
1260 18 144 36 36 1.835734
1260 288 126 36 36 1.538783
1260 288 144 36 36 0.091474
1260 441 126 36 36 0.920748
1260 450 126 36 36 2.257905
1260 450 153 36 36 3.111752
1260 459 153 36 36 2.774853
1260 16 152 32 32 1.686485
1260 24 144 32 32 0.593137
1260 24 152 32 32 3.943173
1260 128 112 32 32 2.433971
1260 176 112 32 32 1.967275
1260 280 144 32 32 1.913436
1260 384 0 32 32 1.408333
1260 384 136 32 32 3.163665
1260 384 144 32 32 3.774635
1260 384 152 32 32 7.611902
1260 392 0 32 32 1.394261
1260 392 136 32 32 2.502288
1260 392 144 32 32 1.929392
1260 392 152 32 32 4.105247
1260 400 0 32 32 1.258494
1260 408 0 32 32 3.855594
1260 0 133 28 28 2.244626
1260 126 126 28 28 3.387248
1260 168 126 28 28 1.323249
1260 336 112 28 28 0.047249
1260 343 112 28 28 2.172281
1260 350 112 28 28 0.207022
1260 402 84 24 24 0.451705
1260 498 12 24 24 0.522917
1260 498 18 24 24 1.959311
1290 32 16 64 64 0.007371
1290 48 16 64 64 4.208369
1290 48 32 64 64 1.675133
1290 256 32 64 64 2.273588
1290 272 32 64 64 2.857390
1290 363 22 44 44 0.055599
1290 363 33 44 44 1.700094
1290 363 154 44 44 0.304440
1290 340 0 40 40 1.054083
1290 340 10 40 40 0.994651
1290 288 126 36 36 0.161391
1290 441 144 36 36 0.605912
1290 450 144 36 36 0.679039
1290 459 144 36 36 2.724972
1290 459 153 36 36 3.040146
1290 144 112 32 32 0.337322
1290 280 144 32 32 1.466064
1290 384 136 32 32 1.506163
1290 384 144 32 32 2.842953
1290 384 152 32 32 7.523054
1290 392 136 32 32 2.546774
1290 392 144 32 32 2.906161
1290 392 152 32 32 6.161019
1290 0 126 28 28 1.465367
1290 0 133 28 28 1.762934
1290 7 126 28 28 1.747803
1290 7 133 28 28 1.315184
1290 14 133 28 28 1.009225
1290 21 126 28 28 0.225147
1290 21 133 28 28 0.325357
1290 126 126 28 28 1.929658
1290 154 126 28 28 0.611567
1290 343 112 28 28 0.595947
1290 96 114 24 24 1.743650
1290 102 114 24 24 0.065599
1320 0 32 64 64 0.937334
1320 16 16 64 64 0.277289
1320 16 32 64 64 4.179581
1320 16 48 64 64 0.669495
1320 32 16 64 64 2.991016
1320 32 32 64 64 4.040608
1320 48 16 64 64 3.465443
1320 48 32 64 64 1.616425
1320 256 32 64 64 1.726785
1320 272 32 64 64 1.419856
1320 288 48 64 64 0.531729
1320 352 48 64 64 1.484699
1320 352 154 44 44 3.502899
1320 363 154 44 44 2.377678
1320 0 126 36 36 1.129974
1320 288 126 36 36 2.305067
1320 297 126 36 36 3.134053
1320 306 126 36 36 0.966542
1320 441 144 36 36 0.112565
1320 441 153 36 36 2.107224
1320 450 144 36 36 2.759910
1320 450 153 36 36 5.185617
1320 450 162 36 36 2.540784
1320 459 144 36 36 0.259766
1320 459 153 36 36 1.357273
1320 459 162 36 36 2.802989
1320 0 112 32 32 0.377541
1320 0 128 32 32 0.768616
1320 8 112 32 32 2.905288
1320 8 128 32 32 2.209842
1320 16 112 32 32 3.344482
1320 16 128 32 32 0.768890
1320 24 112 32 32 1.307474
1320 272 144 32 32 0.497056
1320 280 144 32 32 0.355444
1320 280 152 32 32 0.739960
1320 384 152 32 32 2.485429
1320 408 112 32 32 2.667964
1320 0 126 28 28 1.918567
1320 0 133 28 28 2.304953
1320 7 126 28 28 1.943918
1320 7 133 28 28 3.039833
1320 14 112 28 28 2.552754
1320 14 119 28 28 3.834537
1320 14 126 28 28 2.792852
1320 14 133 28 28 0.310750
1320 21 112 28 28 3.721580
1320 21 119 28 28 3.222198
1320 21 126 28 28 1.907761
1320 21 133 28 28 0.989239
1320 112 126 28 28 4.809536
1320 112 133 28 28 3.789762
1320 119 126 28 28 1.333203
1320 119 133 28 28 4.034260
1320 126 133 28 28 1.519169
1320 336 112 28 28 4.293937
1320 343 112 28 28 2.597007
1320 343 119 28 28 0.473143
1320 480 192 24 24 4.166908
1320 486 192 24 24 3.938109
1350 0 32 64 64 0.262223
1350 16 16 64 64 1.056202
1350 16 32 64 64 0.729913
1350 32 32 64 64 1.046629
1350 256 32 64 64 5.926972
1350 256 48 64 64 1.469232
1350 272 32 64 64 0.889548
1350 272 48 64 64 0.570751
1350 288 48 64 64 0.649925
1350 352 32 64 64 3.693744
1350 352 48 64 64 3.651577
1350 352 154 44 44 1.447061
1350 363 154 44 44 0.830086
1350 0 126 36 36 2.850676
1350 9 126 36 36 3.035089
1350 18 126 36 36 2.726581
1350 27 126 36 36 1.835441
1350 288 126 36 36 1.478776
1350 297 126 36 36 0.347003
1350 306 126 36 36 0.865353
1350 432 144 36 36 1.323923
1350 432 153 36 36 3.034778
1350 441 153 36 36 0.547581
1350 450 144 36 36 3.417964
1350 450 153 36 36 3.892545
1350 450 162 36 36 2.351468
1350 459 144 36 36 4.694669
1350 459 153 36 36 4.305924
1350 459 162 36 36 2.989045
1350 0 128 32 32 0.322956
1350 0 136 32 32 0.469004
1350 8 136 32 32 1.181239
1350 16 136 32 32 1.063257
1350 24 112 32 32 2.401075
1350 24 128 32 32 0.707956
1350 24 136 32 32 2.543225
1350 24 144 32 32 0.160575
1350 280 152 32 32 0.345263
1350 384 144 32 32 0.199923
1350 384 152 32 32 2.918289
1350 0 112 28 28 0.880116
1350 0 119 28 28 1.170874
1350 7 119 28 28 0.681039
1350 21 119 28 28 0.088040
1350 231 126 28 28 0.441604
1350 343 119 28 28 3.071697
1350 350 119 28 28 0.412501
1350 448 0 28 28 1.690296
1350 455 0 28 28 4.508429
1350 455 7 28 28 1.387502
1350 455 21 28 28 7.101038
1350 462 21 28 28 5.696921
1350 390 192 24 24 1.818847
1350 396 192 24 24 2.295007
1350 480 192 24 24 3.689497
1350 486 192 24 24 5.790949
1350 486 198 24 24 1.626114
1350 492 192 24 24 3.836008
1380 0 16 64 64 0.809315
1380 0 32 64 64 1.950549
1380 16 32 64 64 1.311618
1380 256 16 64 64 0.223506
1380 256 32 64 64 7.123181
1380 256 48 64 64 1.334189
1380 272 32 64 64 4.343637
1380 288 32 64 64 0.872393
1380 288 48 64 64 0.442358
1380 352 32 64 64 1.233763
1380 352 48 64 64 3.916651
1380 350 140 40 40 3.168874
1380 288 126 36 36 0.553997
1380 432 144 36 36 1.420632
1380 432 153 36 36 0.536811
1380 441 144 36 36 0.090126
1380 450 144 36 36 0.718028
1380 450 153 36 36 1.561043
1380 459 144 36 36 1.386836
1380 459 153 36 36 0.178751
1380 0 112 32 32 4.657301
1380 8 112 32 32 0.316439
1380 24 112 32 32 1.295772
1380 384 112 32 32 3.327359
1380 384 136 32 32 0.044111
1380 384 144 32 32 2.574337
1380 384 152 32 32 2.940005
1380 392 112 32 32 0.872219
1380 392 144 32 32 3.023664
1380 400 136 32 32 0.985521
1380 400 144 32 32 4.544121
1380 7 112 28 28 1.105024
1380 168 133 28 28 1.045143
1380 343 119 28 28 2.542167
1380 343 126 28 28 2.935473
1380 350 119 28 28 0.708552
1380 390 192 24 24 2.743521
1380 396 192 24 24 2.626529
1380 492 18 24 24 0.022037
1410 256 16 64 64 1.676495
1410 256 32 64 64 7.801861
1410 272 32 64 64 4.841205
1410 288 32 64 64 3.133297
1410 352 32 64 64 3.299170
1410 352 48 64 64 2.299950
1410 363 154 44 44 0.057575
1410 288 126 36 36 1.526072
1410 297 126 36 36 3.284127
1410 306 126 36 36 2.934700
1410 315 126 36 36 2.179561
1410 459 144 36 36 0.252413
1410 459 162 36 36 0.124316
1410 384 112 32 32 2.130805
1410 384 152 32 32 1.777842
1410 392 112 32 32 5.019985
1410 392 152 32 32 0.429933
1410 400 112 32 32 4.149761
1410 408 16 32 32 0.478898
1410 408 112 32 32 2.101758
1410 0 112 28 28 0.987136
1410 168 126 28 28 0.445781
1410 168 133 28 28 3.861300
1410 350 112 28 28 0.645154
1410 350 119 28 28 1.165465
1410 350 126 28 28 0.699075
1410 357 112 28 28 0.514157
1410 6 96 24 24 0.949449
1410 6 102 24 24 0.552026
1410 6 108 24 24 1.071189
1410 6 114 24 24 1.120258
1410 396 192 24 24 3.786295
1410 402 192 24 24 4.791464
1410 402 198 24 24 4.151738
1440 256 16 64 64 0.942539
1440 256 32 64 64 1.326179
1440 272 0 64 64 1.103668
1440 272 16 64 64 4.300147
1440 272 32 64 64 2.419200
1440 288 0 64 64 0.792471
1440 352 16 64 64 2.540568
1440 352 32 64 64 7.661388
1440 352 48 64 64 5.944189
1440 385 154 44 44 4.285568
1440 288 126 36 36 0.241807
1440 297 126 36 36 0.420614
1440 306 126 36 36 0.435577
1440 315 126 36 36 2.208666
1440 0 112 32 32 0.671087
1440 384 112 32 32 0.721917
1440 392 112 32 32 3.538005
1440 400 112 32 32 2.942922
1440 408 112 32 32 2.106308
1440 7 98 28 28 2.079144
1440 14 98 28 28 1.064369
1440 119 126 28 28 1.591697
1440 126 126 28 28 2.248178
1440 343 126 28 28 0.646161
1440 350 126 28 28 1.880688
1440 455 112 28 28 1.868132
1440 455 119 28 28 0.334404
1440 486 96 24 24 3.294255
1440 492 96 24 24 0.923302
1470 256 16 64 64 2.351379
1470 256 32 64 64 1.215246
1470 272 0 64 64 0.589061
1470 272 16 64 64 3.223562
1470 272 32 64 64 1.001339
1470 288 0 64 64 0.510984
1470 352 0 64 64 2.179805
1470 352 16 64 64 2.862312
1470 352 32 64 64 2.484740
1470 198 126 36 36 2.526603
1470 288 144 36 36 0.486529
1470 432 162 36 36 2.046776
1470 432 171 36 36 6.974047
1470 441 171 36 36 4.955169
1470 450 171 36 36 2.006280
1470 16 128 32 32 2.255216
1470 144 136 32 32 0.426710
1470 144 144 32 32 2.109082
1470 144 152 32 32 0.241763
1470 384 112 32 32 0.615452
1470 392 112 32 32 3.071539
1470 400 112 32 32 4.018071
1470 400 128 32 32 0.338701
1470 408 112 32 32 0.415493
1470 21 133 28 28 4.118950
1470 350 126 28 28 0.514452
1470 350 133 28 28 0.491732
1470 357 126 28 28 0.160839
1470 402 114 24 24 1.989379
1470 480 84 24 24 0.106758
1470 486 84 24 24 2.051484
1470 492 84 24 24 4.799675
1470 498 84 24 24 12.473232
1470 498 96 24 24 7.342181
1470 498 102 24 24 1.237158
1500 32 32 64 64 0.359557
1500 48 32 64 64 2.117815
1500 48 48 64 64 1.759920
1500 352 0 64 64 1.654800
1500 352 16 64 64 0.070196
1500 352 32 64 64 0.885556
1500 352 48 64 64 0.187879
1500 170 140 40 40 1.316262
1500 0 144 36 36 0.043459
1500 18 144 36 36 0.807629
1500 288 144 36 36 2.677465
1500 288 153 36 36 2.551677
1500 297 153 36 36 1.784956
1500 16 152 32 32 0.651665
1500 24 152 32 32 2.901712
1500 400 112 32 32 4.732447
1500 408 112 32 32 4.737150
1500 119 98 28 28 2.812558
1500 119 126 28 28 1.025140
1500 350 126 28 28 1.100635
1500 357 126 28 28 4.228231
1500 357 133 28 28 3.155376
1500 448 98 28 28 0.302952
1500 384 114 24 24 0.631045
1500 390 6 24 24 1.146172
1500 390 114 24 24 1.524286
1500 396 6 24 24 0.283177
1530 9 153 36 36 0.979353
1530 9 162 36 36 1.956801
1530 9 171 36 36 2.051768
1530 18 153 36 36 0.688417
1530 144 162 36 36 1.639750
1530 144 171 36 36 3.367472
1530 153 162 36 36 2.158326
1530 153 171 36 36 3.360206
1530 288 144 36 36 1.219982
1530 288 153 36 36 3.407096
1530 297 144 36 36 1.339510
1530 297 153 36 36 4.373966
1530 306 153 36 36 0.933599
1530 432 126 36 36 2.378740
1530 432 144 36 36 3.608163
1530 128 112 32 32 1.545970
1530 136 112 32 32 1.061050
1530 144 144 32 32 1.495479
1530 144 152 32 32 0.711506
1530 126 133 28 28 2.502323
1530 448 119 28 28 1.347288
1530 448 126 28 28 3.945647
1530 448 133 28 28 5.650975
1530 96 102 24 24 2.295235
1530 102 96 24 24 4.831588
1530 102 102 24 24 8.817376
1530 108 96 24 24 4.982545
1530 108 102 24 24 6.907529
1530 384 108 24 24 0.260286
1530 384 114 24 24 7.657511
1530 390 114 24 24 6.958974
1530 396 108 24 24 1.478819
1530 396 114 24 24 7.849116
1530 402 114 24 24 0.098486
1530 498 12 24 24 0.655974
1530 498 18 24 24 0.822699
1560 0 32 64 64 1.450262
1560 0 48 64 64 0.844458
1560 16 32 64 64 1.480679
1560 352 0 64 64 0.102336
1560 153 153 36 36 1.259728
1560 315 162 36 36 0.089679
1560 459 126 36 36 1.261191
1560 459 144 36 36 2.632661
1560 384 112 32 32 0.933275
1560 384 128 32 32 4.752650
1560 384 136 32 32 2.664837
1560 392 112 32 32 2.729532
1560 392 128 32 32 6.430191
1560 392 136 32 32 3.182859
1560 400 112 32 32 4.088471
1560 400 128 32 32 5.718171
1560 400 136 32 32 0.025301
1560 408 112 32 32 2.620728
1560 408 128 32 32 1.703927
1560 112 224 28 28 2.200014
1560 119 224 28 28 0.866693
1560 350 0 28 28 0.428722
1560 455 112 28 28 0.825116
1560 462 112 28 28 1.540438
1560 469 21 28 28 2.623153
1560 469 112 28 28 2.049645
1560 469 119 28 28 2.089432
1560 469 133 28 28 3.073241
1560 132 210 24 24 1.250062
1560 204 210 24 24 0.646794
1560 210 198 24 24 0.111147
1560 210 204 24 24 0.546443
1560 210 210 24 24 2.782002
1560 396 114 24 24 0.397574
1560 402 114 24 24 1.118251
1590 0 216 48 48 0.668142
1590 12 192 48 48 1.509060
1590 12 216 48 48 0.503670
1590 24 192 48 48 0.582757
1590 24 216 48 48 0.024321
1590 396 36 48 48 1.594556
1590 408 36 48 48 1.273942
1590 420 36 48 48 1.688166
1590 0 216 48 48 0.668142
1590 12 192 48 48 1.509060
1590 12 216 48 48 0.503670
1590 24 192 48 48 0.582757
1590 24 216 48 48 0.024321
1590 396 36 48 48 1.594556
1590 408 36 48 48 1.273942
1590 420 36 48 48 1.688166
1590 11 198 44 44 0.303569
1590 11 209 44 44 1.610313
1590 22 198 44 44 0.343848
1590 22 209 44 44 1.056369
1590 33 198 44 44 0.239628
1590 33 209 44 44 0.575328
1590 340 160 40 40 1.698952
1590 384 128 32 32 2.043517
1590 392 128 32 32 2.143504
1590 392 136 32 32 0.698769
1590 392 144 32 32 2.179794
1590 392 152 32 32 1.196837
1590 400 128 32 32 6.439688
1590 400 136 32 32 3.267507
1590 400 144 32 32 0.798549
1590 408 128 32 32 3.596685
1590 408 136 32 32 2.094467
1590 21 133 28 28 1.943856
1590 448 112 28 28 3.623249
1590 455 98 28 28 1.932155
1590 462 98 28 28 2.655735
1590 469 98 28 28 2.303285
1590 108 204 24 24 1.523516
1590 390 108 24 24 2.427398
1590 396 108 24 24 2.291116
1590 396 114 24 24 0.887610
1590 402 108 24 24 2.412564
1590 402 114 24 24 2.490750
1620 12 228 48 48 0.163705
1620 408 36 48 48 2.624550
1620 420 36 48 48 2.906507
1620 12 228 48 48 0.163705
1620 408 36 48 48 2.624550
1620 420 36 48 48 2.906507
1620 330 140 40 40 1.691946
1620 340 140 40 40 1.335000
1620 432 126 36 36 2.124677
1620 154 238 28 28 0.122566
1620 336 14 28 28 1.971966
1620 448 98 28 28 4.357019
1620 448 112 28 28 3.578604
1620 448 126 28 28 1.584782
1620 448 133 28 28 4.573652
1620 455 98 28 28 4.610016
1620 462 98 28 28 5.433718
1620 462 112 28 28 0.098618
1620 469 98 28 28 4.237123
1620 0 306 24 24 0.819842
1620 6 294 24 24 0.891666
1620 102 210 24 24 0.006309
1620 108 204 24 24 2.012753
1620 108 210 24 24 0.148270
1620 144 210 24 24 0.449298
1620 384 192 24 24 0.948582
1620 390 192 24 24 2.296012
1620 480 102 24 24 2.258598
1620 480 108 24 24 2.899884
1620 486 102 24 24 0.195717
1620 492 18 24 24 2.838230
1620 498 18 24 24 7.486853
1620 498 108 24 24 0.685548
1620 498 114 24 24 0.644723
1650 32 16 64 64 1.327253
1650 408 36 48 48 3.028992
1650 420 36 48 48 3.958510
1650 408 36 48 48 3.028992
1650 420 36 48 48 3.958510
1650 350 140 40 40 0.625808
1650 441 126 36 36 1.700678
1650 450 126 36 36 0.760025
1650 408 112 32 32 1.358980
1650 21 21 28 28 0.468402
1650 336 14 28 28 0.587404
1650 448 98 28 28 2.577763
1650 448 112 28 28 3.881874
1650 448 119 28 28 1.844175
1650 455 112 28 28 2.964699
1650 455 119 28 28 0.697417
1650 462 98 28 28 1.063026
1650 462 112 28 28 1.458529
1650 462 133 28 28 0.319983
1650 469 98 28 28 1.693388
1650 469 112 28 28 4.137822
1650 96 210 24 24 1.689011
1650 102 210 24 24 3.101179
1650 108 210 24 24 0.606791
1650 132 204 24 24 0.301438
1650 132 210 24 24 1.512768
1650 144 102 24 24 3.383020
1650 144 108 24 24 2.880129
1650 144 210 24 24 1.587246
1650 384 204 24 24 0.605387
1650 390 288 24 24 1.726520
1650 396 288 24 24 2.561502
1650 396 294 24 24 0.666058
1650 402 288 24 24 0.372073
1650 480 102 24 24 1.106310
1650 480 108 24 24 4.580680
1650 480 114 24 24 2.774046
1650 498 18 24 24 5.987254
1680 32 16 64 64 2.584821
1680 32 32 64 64 0.957103
1680 30 170 40 40 0.420459
1680 30 180 40 40 0.815092
1680 432 126 36 36 1.679121
1680 441 126 36 36 6.838993
1680 450 126 36 36 0.432802
1680 408 112 32 32 2.324260
1680 21 245 28 28 2.219964
1680 112 224 28 28 0.806418
1680 126 224 28 28 0.336847
1680 126 231 28 28 0.218023
1680 448 112 28 28 4.124702
1680 448 119 28 28 4.311193
1680 455 112 28 28 2.617045
1680 455 119 28 28 0.549490
1680 462 112 28 28 2.298470
1680 469 98 28 28 1.173787
1680 469 112 28 28 5.105797
1680 144 102 24 24 1.517825
1680 144 108 24 24 4.759962
1680 144 114 24 24 5.060386
1680 210 204 24 24 0.391051
1680 390 210 24 24 0.161008
1680 396 294 24 24 0.346532
1680 396 300 24 24 1.888745
1680 396 306 24 24 0.308228
1680 402 294 24 24 0.672821
1680 402 300 24 24 1.879139
1680 402 306 24 24 1.289088
1680 480 102 24 24 1.287364
1680 480 108 24 24 5.169896
1680 480 114 24 24 5.338708
1680 486 108 24 24 0.278149
1680 486 114 24 24 2.414620
1710 12 168 48 48 0.590053
1710 12 168 48 48 0.590053
1710 22 176 44 44 0.365660
1710 352 154 44 44 1.348359
1710 441 126 36 36 3.372780
1710 450 126 36 36 0.302655
1710 384 128 32 32 1.026535
1710 392 112 32 32 2.320258
1710 400 112 32 32 2.087181
1710 400 128 32 32 2.258801
1710 408 112 32 32 4.006451
1710 408 128 32 32 2.381185
1710 112 238 28 28 1.242769
1710 119 231 28 28 1.058890
1710 119 238 28 28 0.069671
1710 126 231 28 28 0.177705
1710 126 238 28 28 0.319983
1710 448 112 28 28 3.226160
1710 448 119 28 28 4.792387
1710 448 126 28 28 4.073942
1710 448 133 28 28 1.074017
1710 455 112 28 28 1.036639
1710 455 119 28 28 0.085658
1710 455 126 28 28 0.054821
1710 462 112 28 28 2.193036
1710 462 119 28 28 1.347028
1710 469 98 28 28 0.860121
1710 469 112 28 28 5.279936
1710 469 119 28 28 1.033295
1710 96 108 24 24 0.246541
1710 144 108 24 24 5.363310
1710 144 114 24 24 9.090238
1710 204 210 24 24 0.819173
1710 210 204 24 24 1.698764
1710 210 210 24 24 0.990054
1710 402 300 24 24 0.007188
1710 402 306 24 24 1.018376
1710 480 108 24 24 1.837436
1710 480 114 24 24 3.571298
1710 486 114 24 24 2.221898
1740 385 154 44 44 2.092476
1740 432 126 36 36 8.215741
1740 441 126 36 36 6.568216
1740 450 126 36 36 0.094566
1740 128 112 32 32 1.209489
1740 128 136 32 32 2.014157
1740 400 128 32 32 1.032802
1740 400 136 32 32 0.081920
1740 112 133 28 28 3.026818
1740 112 224 28 28 0.813635
1740 112 231 28 28 1.881727
1740 112 238 28 28 3.463890
1740 112 245 28 28 1.495248
1740 119 133 28 28 0.712743
1740 119 224 28 28 0.277710
1740 119 231 28 28 0.175331
1740 119 238 28 28 3.201966
1740 119 245 28 28 1.397681
1740 126 112 28 28 0.324521
1740 448 112 28 28 0.869076
1740 448 119 28 28 1.323019
1740 448 126 28 28 3.578793
1740 448 133 28 28 3.448040
1740 455 112 28 28 3.684308
1740 455 119 28 28 0.523193
1740 455 126 28 28 1.517366
1740 455 133 28 28 1.197097
1740 462 98 28 28 0.764997
1740 462 112 28 28 1.347547
1740 469 98 28 28 2.291552
1740 469 112 28 28 3.875566
1740 469 119 28 28 3.600782
1740 144 114 24 24 1.505740
1740 210 210 24 24 0.604172
1740 480 102 24 24 2.852316
1740 480 108 24 24 1.637100
1740 480 114 24 24 3.196353
1740 486 102 24 24 0.797180
1740 486 114 24 24 0.935330
1740 492 114 24 24 0.028429
1770 374 154 44 44 1.437648
1770 432 126 36 36 0.585928
1770 0 256 32 32 1.497386
1770 8 256 32 32 0.673467
1770 128 112 32 32 0.260212
1770 128 128 32 32 0.204083
1770 392 136 32 32 0.777230
1770 392 144 32 32 0.829838
1770 392 152 32 32 3.826920
1770 400 136 32 32 2.040434
1770 400 144 32 32 4.963372
1770 400 152 32 32 2.756616
1770 408 112 32 32 1.885954
1770 408 128 32 32 1.508636
1770 408 136 32 32 6.371353
1770 408 144 32 32 5.854582
1770 408 152 32 32 3.964435
1770 0 245 28 28 1.222431
1770 7 238 28 28 1.137792
1770 7 245 28 28 3.311377
1770 14 245 28 28 1.741227
1770 119 224 28 28 0.033643
1770 119 238 28 28 3.384868
1770 119 245 28 28 1.043418
1770 126 112 28 28 1.692113
1770 126 119 28 28 1.675406
1770 126 224 28 28 2.688066
1770 126 231 28 28 0.666584
1770 126 238 28 28 2.868665
1770 238 126 28 28 0.115534
1770 448 112 28 28 4.201748
1770 448 119 28 28 3.127538
1770 455 98 28 28 1.519780
1770 455 112 28 28 3.135658
1770 462 98 28 28 3.394890
1770 462 112 28 28 3.250234
1770 469 98 28 28 3.451625
1770 469 112 28 28 5.934716
1770 144 114 24 24 0.252328
1770 480 102 24 24 1.356735
1770 480 108 24 24 1.247780
1770 480 114 24 24 4.096429
