30 0 16 64 64 2.935472
30 0 32 64 64 2.040802
30 0 48 64 64 1.006907
30 16 0 64 64 1.764420
30 16 16 64 64 2.443339
30 16 32 64 64 2.162613
30 32 16 64 64 1.187541
30 256 48 64 64 2.763010
30 272 48 64 64 3.360264
30 352 0 64 64 7.993219
30 352 16 64 64 3.170456
30 352 32 64 64 0.333304
30 352 48 64 64 0.937157
30 36 36 48 48 6.154927
30 384 12 48 48 1.706372
30 384 24 48 48 2.555750
30 384 168 48 48 2.430604
30 396 24 48 48 1.180560
30 396 36 48 48 0.186323
30 396 168 48 48 3.215273
30 408 168 48 48 0.295611
30 36 36 48 48 6.154927
30 384 12 48 48 1.706372
30 384 24 48 48 2.555750
30 384 168 48 48 2.430604
30 396 24 48 48 1.180560
30 396 36 48 48 0.186323
30 396 168 48 48 3.215273
30 408 168 48 48 0.295611
30 385 154 44 44 2.573902
30 10 140 40 40 0.507420
30 20 140 40 40 4.310929
30 30 140 40 40 3.142937
30 220 0 40 40 0.060825
30 340 140 40 40 0.307767
30 18 153 36 36 1.395878
30 27 144 36 36 3.988094
30 27 153 36 36 4.936567
30 27 162 36 36 3.750049
30 198 126 36 36 0.804560
30 306 153 36 36 0.803131
30 306 162 36 36 2.291411
30 315 144 36 36 1.319223
30 315 153 36 36 4.493689
30 315 162 36 36 4.595509
30 315 171 36 36 0.310438
30 441 9 36 36 6.808674
30 450 9 36 36 3.238786
30 272 16 32 32 0.582194
30 280 16 32 32 3.321161
30 280 24 32 32 0.928404
30 14 126 28 28 0.696488
30 21 112 28 28 0.856901
30 224 0 28 28 0.509196
30 245 0 28 28 1.199446
30 448 98 28 28 3.094448
30 462 21 28 28 1.289614
30 96 114 24 24 0.473409
30 102 114 24 24 0.193093
30 288 18 24 24 0.337320
60 48 0 64 64 0.767853
60 272 0 64 64 4.576133
60 272 16 64 64 2.265205
60 288 0 64 64 5.353159
60 288 16 64 64 4.806672
60 352 0 64 64 0.505751
60 384 36 48 48 4.517450
60 384 36 48 48 4.517450
60 432 144 36 36 2.459896
60 432 153 36 36 0.698869
60 432 162 36 36 3.436840
60 432 171 36 36 0.095362
60 441 162 36 36 3.491029
60 459 162 36 36 0.088291
60 176 112 32 32 2.289989
60 192 112 32 32 0.989420
60 256 136 32 32 0.814790
60 126 126 28 28 1.245154
60 168 126 28 28 0.098276
60 336 98 28 28 1.455676
60 336 112 28 28 0.099734
60 336 119 28 28 2.296149
60 336 126 28 28 1.886583
60 343 98 28 28 1.402103
60 343 112 28 28 2.455769
60 343 119 28 28 3.684276
60 343 126 28 28 2.534217
60 350 21 28 28 0.354593
60 350 112 28 28 0.519058
60 350 119 28 28 1.123880
60 350 126 28 28 0.091767
60 357 21 28 28 3.577660
60 455 112 28 28 0.925803
60 462 98 28 28 2.929735
60 396 114 24 24 1.186355
60 402 102 24 24 0.175778
60 402 108 24 24 0.341214
60 402 114 24 24 2.659410
60 492 108 24 24 3.420911
60 492 114 24 24 1.829027
60 498 108 24 24 0.603858
60 498 114 24 24 2.629053
90 352 48 64 64 0.461173
90 432 144 36 36 4.837681
90 432 153 36 36 0.264051
90 16 112 32 32 2.676325
90 24 112 32 32 3.882731
90 264 128 32 32 1.904687
90 272 128 32 32 1.878912
90 272 136 32 32 0.304575
90 21 126 28 28 1.475621
90 21 133 28 28 3.049157
90 112 112 28 28 0.029208
90 154 126 28 28 0.572826
90 350 133 28 28 0.275935
90 357 126 28 28 0.397145
90 357 133 28 28 4.660472
90 448 98 28 28 0.672485
90 448 133 28 28 0.184305
90 455 98 28 28 2.538265
90 462 0 28 28 1.490546
90 462 98 28 28 2.561509
90 469 0 28 28 0.041329
90 469 7 28 28 0.319154
90 469 98 28 28 1.708945
120 48 16 64 64 2.941049
120 0 112 32 32 0.062495
120 0 128 32 32 3.994851
120 0 136 32 32 3.171113
120 0 144 32 32 1.239205
120 144 112 32 32 0.151350
120 280 136 32 32 0.307079
120 280 144 32 32 1.037158
120 0 126 28 28 3.061291
120 0 133 28 28 4.664068
120 7 126 28 28 2.679490
120 7 133 28 28 3.062441
120 12 96 24 24 0.423181
120 18 102 24 24 1.593988
120 288 0 24 24 0.065381
150 0 48 64 64 1.396506
150 16 32 64 64 0.824333
150 32 32 64 64 0.499281
150 256 48 64 64 0.421572
150 272 32 64 64 2.115706
150 272 48 64 64 0.255528
150 288 32 64 64 2.922341
150 352 32 64 64 0.353003
150 352 48 64 64 0.720994
150 0 126 36 36 0.983574
150 8 128 32 32 0.230886
150 176 112 32 32 0.903653
150 384 152 32 32 3.776977
150 7 133 28 28 1.157855
150 14 126 28 28 0.665486
150 14 133 28 28 2.651800
150 21 133 28 28 0.399552
150 448 133 28 28 4.278031
150 455 133 28 28 3.208134
150 0 114 24 24 2.979449
150 6 114 24 24 2.698058
150 396 18 24 24 0.075845
150 402 108 24 24 1.009054
180 0 32 64 64 4.141312
180 0 48 64 64 0.286920
180 16 16 64 64 1.360317
180 16 32 64 64 3.365030
180 16 48 64 64 0.425345
180 32 32 64 64 0.955775
180 48 32 64 64 0.180607
180 352 48 64 64 0.549517
180 0 112 28 28 3.997078
180 0 119 28 28 1.139211
180 0 126 28 28 0.471069
180 7 112 28 28 3.503315
180 7 119 28 28 1.453752
180 168 126 28 28 1.633046
180 231 126 28 28 2.256759
180 238 119 28 28 0.086044
180 390 192 24 24 0.233317
180 396 192 24 24 0.600202
180 402 192 24 24 2.774608
210 0 0 64 64 0.005051
210 0 16 64 64 0.642352
210 16 0 64 64 1.981223
210 32 0 64 64 0.975726
210 32 16 64 64 1.412115
210 384 136 32 32 2.576021
210 384 144 32 32 2.184116
210 392 136 32 32 1.970425
210 392 144 32 32 0.766493
210 231 112 28 28 1.388613
210 238 112 28 28 2.331584
210 245 112 28 28 0.437675
210 336 112 28 28 4.260833
210 336 119 28 28 2.061768
210 343 112 28 28 0.475355
210 343 119 28 28 0.062084
210 96 108 24 24 3.706520
210 96 114 24 24 4.188174
210 102 108 24 24 1.164349
210 102 114 24 24 1.794794
210 108 108 24 24 2.395755
210 108 114 24 24 0.492233
210 480 210 24 24 0.270359
240 16 16 64 64 0.324949
240 272 0 64 64 0.418128
240 272 16 64 64 1.049087
240 272 32 64 64 0.409045
240 288 0 64 64 2.604389
240 288 16 64 64 3.850570
240 288 32 64 64 2.182578
240 0 0 36 36 1.145745
240 0 9 36 36 2.495109
240 459 153 36 36 1.143873
240 8 16 32 32 1.713142
240 8 24 32 32 0.396914
240 144 112 32 32 4.319402
240 392 144 32 32 2.819270
240 392 152 32 32 3.928701
240 400 136 32 32 0.085449
240 400 144 32 32 5.765191
240 400 152 32 32 7.565220
240 408 144 32 32 1.098017
240 408 152 32 32 5.824479
240 112 126 28 28 1.180727
240 154 119 28 28 3.772758
240 231 112 28 28 2.179435
240 231 119 28 28 2.175184
240 238 112 28 28 0.380315
240 336 98 28 28 0.742664
240 336 119 28 28 3.453162
240 336 126 28 28 3.852478
240 336 133 28 28 1.641137
240 343 112 28 28 0.429876
240 343 119 28 28 4.844715
240 343 126 28 28 4.781796
240 343 133 28 28 0.244134
240 350 112 28 28 0.485680
240 350 119 28 28 6.700094
240 350 126 28 28 7.363429
240 350 133 28 28 0.362029
240 357 126 28 28 2.427141
240 357 133 28 28 0.758081
240 455 133 28 28 0.352988
240 96 114 24 24 1.284181
240 384 18 24 24 0.664972
240 390 12 24 24 0.574359
240 390 18 24 24 3.019780
240 396 18 24 24 2.045850
270 272 0 64 64 2.452693
270 272 16 64 64 3.156861
270 272 32 64 64 3.410288
270 272 48 64 64 2.669778
270 288 0 64 64 3.668444
270 288 16 64 64 3.157598
270 288 32 64 64 3.027512
270 288 48 64 64 0.490527
270 27 126 36 36 3.806801
270 24 128 32 32 0.240178
270 128 112 32 32 2.002720
270 384 136 32 32 0.968543
270 224 112 28 28 1.184133
270 224 119 28 28 4.371943
270 231 112 28 28 1.217328
270 231 119 28 28 4.063286
270 238 119 28 28 0.964796
270 336 119 28 28 2.771666
270 336 126 28 28 1.215650
270 343 119 28 28 0.846419
270 343 126 28 28 0.872552
270 350 119 28 28 5.473617
270 350 126 28 28 1.205597
270 357 112 28 28 0.980918
270 357 119 28 28 5.772505
270 357 126 28 28 2.584044
270 448 98 28 28 0.787184
270 448 112 28 28 4.549761
270 448 119 28 28 4.066738
270 448 126 28 28 2.552420
270 455 112 28 28 3.030924
270 455 119 28 28 6.924628
270 455 126 28 28 5.233509
270 462 112 28 28 1.792287
270 462 119 28 28 2.322561
270 462 126 28 28 1.641644
270 469 112 28 28 4.922589
270 469 119 28 28 2.778761
270 144 6 24 24 2.863265
270 384 0 24 24 3.250886
270 390 0 24 24 2.840940
270 396 0 24 24 0.185815
270 402 0 24 24 2.543762
270 492 204 24 24 1.954169
270 492 210 24 24 2.493275
300 272 0 64 64 0.849629
300 272 16 64 64 1.427478
300 288 0 64 64 1.509241
300 288 16 64 64 4.827546
300 288 32 64 64 4.011317
300 136 112 32 32 0.981473
300 392 112 32 32 0.071387
300 400 112 32 32 2.256176
300 0 112 28 28 1.535320
300 0 119 28 28 1.230999
300 224 112 28 28 2.277856
300 224 119 28 28 6.213849
300 224 126 28 28 0.814171
300 231 112 28 28 0.350042
300 231 119 28 28 4.265723
300 238 119 28 28 0.632739
300 343 119 28 28 0.151770
300 343 126 28 28 0.477904
300 132 0 24 24 2.657212
300 132 6 24 24 2.390980
330 288 0 64 64 1.295811
330 288 16 64 64 4.008092
330 288 32 64 64 2.371812
330 176 112 32 32 2.107258
330 280 112 32 32 0.725842
330 224 112 28 28 0.533468
330 224 119 28 28 4.384387
330 224 126 28 28 0.845137
330 231 112 28 28 2.226196
330 231 119 28 28 4.405993
330 238 112 28 28 0.418228
330 238 119 28 28 3.135859
330 245 112 28 28 0.051667
330 357 119 28 28 1.902765
330 357 126 28 28 1.956186
330 357 133 28 28 0.283573
330 0 114 24 24 1.259595
330 96 96 24 24 1.538005
330 132 0 24 24 3.163762
360 0 24 32 32 0.571147
360 176 112 32 32 1.487362
360 168 126 28 28 0.766873
360 224 112 28 28 0.463153
360 224 119 28 28 4.603992
360 224 126 28 28 0.120737
360 231 112 28 28 0.973296
360 231 119 28 28 4.679154
360 238 119 28 28 4.195815
360 245 119 28 28 0.748846
360 448 126 28 28 0.180997
360 390 108 24 24 0.570481
390 288 24 48 48 0.321298
390 288 24 48 48 0.321298
390 352 22 44 44 0.737586
390 363 22 44 44 1.169425
390 144 112 32 32 1.009373
390 384 128 32 32 5.447915
390 384 136 32 32 4.278240
390 384 144 32 32 0.981582
390 392 128 32 32 3.005703
390 392 136 32 32 2.192900
390 224 112 28 28 2.827464
390 224 119 28 28 3.775146
390 231 112 28 28 0.546656
390 231 119 28 28 3.771257
390 238 112 28 28 1.422451
390 238 119 28 28 1.459396
390 469 126 28 28 0.220873
390 486 84 24 24 1.393220
420 0 16 64 64 0.467831
420 16 16 64 64 0.580963
420 32 16 64 64 0.927078
420 48 0 64 64 1.280186
420 48 16 64 64 1.357867
420 352 16 64 64 4.524871
420 352 32 64 64 6.428254
420 352 48 64 64 3.925531
420 288 12 48 48 1.071102
420 288 12 48 48 1.071102
420 459 144 36 36 2.346926
420 144 112 32 32 0.183730
420 408 128 32 32 4.204407
420 408 136 32 32 1.925745
420 112 126 28 28 2.995135
420 119 126 28 28 0.232834
420 154 119 28 28 0.335519
420 154 126 28 28 0.510427
420 224 112 28 28 2.322836
420 224 119 28 28 3.435333
420 231 112 28 28 0.786176
420 231 119 28 28 3.859291
420 480 84 24 24 2.838582
420 492 84 24 24 0.069116
450 0 16 64 64 1.899859
450 16 16 64 64 0.748261
450 32 16 64 64 0.057950
450 48 16 64 64 2.238261
450 459 126 36 36 4.628337
450 459 144 36 36 4.407794
450 459 153 36 36 1.591563
450 8 128 32 32 3.889393
450 16 128 32 32 4.257254
450 24 128 32 32 5.611142
450 14 133 28 28 4.775327
450 21 126 28 28 0.058986
450 21 133 28 28 6.152174
450 224 112 28 28 1.759246
450 224 119 28 28 1.813601
450 231 112 28 28 0.758277
450 231 119 28 28 0.852997
450 238 112 28 28 1.243724
450 448 126 28 28 0.373178
450 18 0 24 24 1.327928
450 384 84 24 24 4.077480
450 390 84 24 24 4.018071
450 492 102 24 24 0.128399
450 498 84 24 24 3.007343
450 498 102 24 24 2.316809
480 0 0 64 64 0.707524
480 48 16 64 64 2.427343
480 256 0 64 64 0.336196
480 320 30 40 40 1.685315
480 459 27 36 36 0.053298
480 0 112 32 32 1.628818
480 0 128 32 32 6.878907
480 8 112 32 32 1.016901
480 8 128 32 32 3.101829
480 24 112 32 32 0.247331
480 176 112 32 32 0.408461
480 0 133 28 28 4.176760
480 7 126 28 28 0.354435
480 7 133 28 28 5.723766
480 14 133 28 28 4.020010
480 224 112 28 28 3.056567
480 224 119 28 28 1.650096
480 231 112 28 28 1.089780
480 288 6 24 24 1.538642
480 288 12 24 24 2.787845
480 288 18 24 24 4.436831
510 48 16 64 64 1.111955
510 320 10 40 40 0.237074
510 330 10 40 40 0.612479
510 330 20 40 40 0.678253
510 340 10 40 40 3.306118
510 340 20 40 40 3.103292
510 350 10 40 40 4.096968
510 350 20 40 40 1.665823
510 432 9 36 36 2.846861
510 432 18 36 36 5.081527
510 441 18 36 36 0.624867
510 7 133 28 28 0.548534
510 224 112 28 28 1.217923
510 231 112 28 28 1.900043
510 238 112 28 28 0.188174
540 352 0 44 44 3.416832
540 340 10 40 40 0.197629
540 350 10 40 40 1.034364
540 0 126 36 36 0.298623
540 297 126 36 36 3.485614
540 306 126 36 36 4.680330
540 0 128 32 32 0.578770
540 176 112 32 32 1.914215
540 384 24 32 32 3.620023
540 392 16 32 32 0.932286
540 392 24 32 32 5.005227
540 400 24 32 32 0.362164
540 21 112 28 28 0.097125
540 154 126 28 28 0.708317
540 231 112 28 28 2.022408
540 238 112 28 28 2.138636
540 238 119 28 28 0.566030
540 245 119 28 28 0.439373
540 448 7 28 28 1.510468
540 448 14 28 28 2.586767
540 448 21 28 28 2.261671
540 455 7 28 28 0.942872
540 455 14 28 28 1.573699
540 455 21 28 28 2.414158
540 498 18 24 24 0.251263
570 352 0 44 44 1.304977
570 374 0 44 44 0.065534
570 350 20 40 40 1.538356
570 350 30 40 40 1.686203
570 306 126 36 36 2.214959
570 306 144 36 36 0.211515
570 176 112 32 32 1.257672
570 384 128 32 32 0.297715
570 392 128 32 32 0.019028
570 119 126 28 28 0.721402
570 126 126 28 28 0.477847
570 224 119 28 28 0.784405
570 231 119 28 28 0.008299
570 238 119 28 28 1.251576
570 469 7 28 28 0.613214
570 469 14 28 28 1.515082
570 469 21 28 28 0.441560
570 480 18 24 24 0.184397
570 492 0 24 24 0.167414
570 492 18 24 24 0.853690
570 498 18 24 24 2.284269
600 256 16 64 64 0.128651
600 350 10 40 40 0.415905
600 350 20 40 40 0.396541
600 0 126 36 36 1.180795
600 315 126 36 36 1.610483
600 0 128 32 32 1.324152
600 8 128 32 32 2.259021
600 8 136 32 32 0.451139
600 16 128 32 32 2.648187
600 24 128 32 32 0.624735
600 128 112 32 32 0.781199
600 176 112 32 32 1.647209
600 112 126 28 28 4.570751
600 112 133 28 28 1.909781
600 119 119 28 28 0.097811
600 119 126 28 28 3.822584
600 119 133 28 28 1.976575
600 126 119 28 28 1.000912
600 126 126 28 28 2.693567
600 224 112 28 28 3.264213
600 224 119 28 28 0.111191
600 231 112 28 28 0.819560
600 238 112 28 28 0.409062
600 238 119 28 28 0.601883
600 336 133 28 28 1.386301
600 343 126 28 28 0.148772
600 455 14 28 28 0.195953
600 486 6 24 24 1.789380
600 492 6 24 24 2.767820
600 492 12 24 24 0.549778
630 0 0 64 64 2.356024
630 0 16 64 64 1.577109
630 16 0 64 64 4.780924
630 16 16 64 64 6.184409
630 32 0 64 64 2.188291
630 32 16 64 64 1.204485
630 48 0 64 64 1.829062
630 48 16 64 64 2.088767
630 288 12 48 48 0.503827
630 288 12 48 48 0.503827
630 352 0 44 44 3.282428
630 363 0 44 44 1.987930
630 176 112 32 32 0.352757
630 192 112 32 32 0.870567
630 168 119 28 28 0.003589
630 448 7 28 28 1.756835
630 448 14 28 28 1.684770
630 448 21 28 28 1.237259
630 96 12 24 24 0.020284
630 96 18 24 24 2.600045
630 102 18 24 24 1.225796
630 498 12 24 24 0.209053
660 0 0 64 64 2.673417
660 0 16 64 64 3.963298
660 16 0 64 64 2.891965
660 16 16 64 64 3.429900
660 16 32 64 64 0.436391
660 32 0 64 64 1.141587
660 256 16 64 64 2.033931
660 0 112 32 32 0.867174
660 24 112 32 32 0.662142
660 176 112 32 32 1.267054
660 192 112 32 32 0.249129
660 0 126 28 28 0.540596
660 7 126 28 28 2.869939
660 7 133 28 28 1.523462
660 154 119 28 28 3.300694
660 469 0 28 28 1.323292
660 469 7 28 28 1.608915
660 480 12 24 24 0.734096
660 480 18 24 24 2.428417
660 486 12 24 24 1.498666
660 486 18 24 24 2.565173
690 0 16 64 64 1.828407
690 16 16 64 64 0.171756
690 32 16 64 64 0.081576
690 408 16 32 32 0.296599
690 224 98 28 28 1.344833
690 198 114 24 24 3.272157
690 204 114 24 24 2.446637
690 486 12 24 24 0.927278
690 492 6 24 24 1.529543
690 498 0 24 24 3.807553
690 498 6 24 24 2.613340
720 0 16 64 64 1.801025
720 16 16 64 64 0.096672
720 32 16 64 64 0.389981
720 48 16 64 64 1.026002
720 0 112 32 32 4.683676
720 8 112 32 32 2.437610
720 16 112 32 32 1.779141
720 24 112 32 32 2.829675
720 408 0 32 32 4.390438
720 408 8 32 32 3.725566
720 0 112 28 28 1.186674
720 0 119 28 28 2.230290
720 0 126 28 28 2.916673
720 0 133 28 28 0.174342
720 7 7 28 28 0.445920
720 7 112 28 28 3.927218
720 7 119 28 28 4.945901
720 7 126 28 28 5.377229
720 7 133 28 28 2.252577
720 14 112 28 28 0.531793
720 14 119 28 28 2.673556
720 14 126 28 28 3.616126
720 14 133 28 28 0.732042
720 21 119 28 28 0.550475
720 21 126 28 28 0.541497
720 112 112 28 28 1.231586
720 119 112 28 28 0.204658
720 126 112 28 28 0.214483
720 168 98 28 28 0.981323
720 6 18 24 24 1.299477
720 12 18 24 24 0.462222
750 0 112 32 32 1.280511
750 0 112 28 28 6.653432
750 0 119 28 28 5.428081
750 0 126 28 28 2.319779
750 7 112 28 28 4.588895
750 7 119 28 28 3.301091
750 7 126 28 28 1.230019
750 14 112 28 28 0.394041
750 21 112 28 28 1.585814
750 112 98 28 28 0.428093
750 448 0 28 28 1.628081
750 455 0 28 28 0.745350
750 6 114 24 24 0.876817
750 12 114 24 24 1.329562
750 96 108 24 24 2.897001
750 96 114 24 24 3.586750
750 192 102 24 24 0.741449
750 192 108 24 24 1.605416
750 480 0 24 24 0.645608
750 480 6 24 24 0.315079
780 24 36 48 48 1.781033
780 36 36 48 48 4.002614
780 24 36 48 48 1.781033
780 36 36 48 48 4.002614
780 144 24 32 32 2.781594
780 0 98 28 28 0.525851
780 0 112 28 28 0.219403
780 7 98 28 28 1.048182
780 14 98 28 28 1.485128
780 112 98 28 28 1.969839
780 119 98 28 28 1.985205
780 336 98 28 28 1.611299
780 343 98 28 28 3.362910
780 350 98 28 28 2.306447
780 357 98 28 28 0.612969
780 0 114 24 24 0.185288
780 12 114 24 24 1.277051
780 18 114 24 24 0.311254
780 102 108 24 24 0.777622
780 108 108 24 24 0.430315
780 108 114 24 24 1.088459
810 0 0 64 64 2.723755
810 256 16 64 64 0.007955
810 256 32 64 64 1.054712
810 272 0 64 64 3.945915
810 272 16 64 64 3.309574
810 272 32 64 64 2.132837
810 272 48 64 64 2.942061
810 288 0 64 64 2.093179
810 288 16 64 64 3.595615
810 0 36 48 48 0.301937
810 12 36 48 48 3.892408
810 24 36 48 48 1.955602
810 0 36 48 48 0.301937
810 12 36 48 48 3.892408
810 24 36 48 48 1.955602
810 0 112 28 28 2.508892
810 7 112 28 28 0.881349
810 14 112 28 28 1.635277
810 21 98 28 28 0.021069
810 168 98 28 28 0.289906
810 0 12 24 24 0.370006
810 132 108 24 24 0.159470
810 132 114 24 24 1.784789
810 306 108 24 24 0.957244
810 396 114 24 24 2.250660
810 402 114 24 24 0.250012
840 272 0 64 64 2.089626
840 288 0 64 64 3.186347
840 288 16 64 64 2.122804
840 16 112 32 32 1.334582
840 384 16 32 32 0.905705
840 384 112 32 32 2.228819
840 392 24 32 32 2.330624
840 392 112 32 32 0.955619
840 400 24 32 32 0.826740
840 400 128 32 32 1.345568
840 112 112 28 28 4.121475
840 119 112 28 28 3.380982
840 126 112 28 28 0.816608
870 32 16 64 64 0.340539
870 256 32 64 64 0.692022
870 272 32 64 64 1.247122
870 272 48 64 64 0.063882
870 288 0 64 64 1.289413
870 288 16 64 64 1.179934
870 288 32 64 64 2.061172
870 352 0 64 64 1.445102
870 352 16 64 64 4.209761
870 459 153 36 36 0.923617
870 459 162 36 36 2.251014
870 16 112 32 32 0.004140
870 384 112 32 32 0.895841
870 400 112 32 32 2.878416
870 408 112 32 32 2.270888
870 14 126 28 28 2.890794
870 14 133 28 28 0.483565
870 21 119 28 28 0.138911
870 21 126 28 28 2.456323
870 21 133 28 28 0.095749
870 336 112 28 28 3.519380
870 336 119 28 28 2.211219
870 343 98 28 28 1.637236
870 343 112 28 28 0.054209
870 469 126 28 28 1.483397
870 469 133 28 28 2.366241
870 396 114 24 24 3.178571
870 402 114 24 24 0.536597
870 480 84 24 24 0.539613
870 486 84 24 24 0.340770
900 288 32 64 64 1.616453
900 352 0 64 64 2.596467
900 352 16 64 64 2.201243
900 216 153 36 36 0.516612
900 8 112 32 32 0.121853
900 112 112 28 28 0.370740
900 112 119 28 28 3.388810
900 119 112 28 28 1.476925
900 119 119 28 28 0.822334
900 343 98 28 28 1.509343
900 350 98 28 28 2.623102
900 350 126 28 28 0.723912
900 384 96 24 24 1.612611
930 272 16 64 64 0.445090
930 288 16 64 64 2.718238
930 288 32 64 64 1.459682
930 352 0 64 64 0.012637
930 352 16 64 64 0.927351
930 176 154 44 44 1.754270
930 187 154 44 44 1.990127
930 198 162 36 36 2.809257
930 198 171 36 36 3.288075
930 432 126 36 36 1.644629
930 0 126 28 28 0.573088
930 0 133 28 28 2.344339
930 7 126 28 28 0.375164
930 7 133 28 28 0.306424
930 112 119 28 28 0.894577
930 168 133 28 28 1.013767
930 343 98 28 28 0.574082
930 350 98 28 28 7.447708
930 357 98 28 28 3.596517
930 448 126 28 28 1.272675
930 448 133 28 28 1.938476
930 455 126 28 28 2.443111
930 455 133 28 28 2.616900
930 462 126 28 28 3.639498
930 462 133 28 28 5.721807
930 469 126 28 28 0.575313
930 469 133 28 28 2.784931
930 384 96 24 24 4.482507
930 390 96 24 24 4.019436
930 390 102 24 24 0.504616
960 288 32 64 64 1.404403
960 352 16 64 64 0.348305
960 352 32 64 64 0.741528
960 396 36 48 48 0.105379
960 396 36 48 48 0.105379
960 176 176 44 44 1.471999
960 180 170 40 40 0.661010
960 180 180 40 40 1.391159
960 198 171 36 36 0.324509
960 315 126 36 36 0.482827
960 432 126 36 36 3.629324
960 441 126 36 36 3.032591
960 450 126 36 36 2.389895
960 459 126 36 36 0.753774
960 112 119 28 28 2.272538
960 336 112 28 28 1.042762
960 336 119 28 28 1.357635
960 343 112 28 28 3.302007
960 343 119 28 28 1.857025
960 350 98 28 28 1.394248
960 350 112 28 28 6.055007
960 350 224 28 28 0.594936
960 357 112 28 28 6.408699
960 384 96 24 24 1.564753
960 384 102 24 24 0.987455
960 384 108 24 24 1.407372
960 384 114 24 24 0.017643
960 390 96 24 24 3.878045
960 390 102 24 24 3.931242
960 390 108 24 24 0.099375
960 396 96 24 24 3.528764
960 396 102 24 24 2.975868
960 402 96 24 24 1.133174
960 402 102 24 24 1.151946
990 288 32 64 64 1.159953
990 288 48 64 64 0.866846
990 352 32 64 64 0.901841
990 396 36 48 48 0.454544
990 408 36 48 48 0.471796
990 396 36 48 48 0.454544
990 408 36 48 48 0.471796
990 176 176 44 44 3.021982
990 176 187 44 44 0.816689
990 187 176 44 44 0.108683
990 180 180 40 40 1.201152
990 180 190 40 40 2.393230
990 340 140 40 40 1.240341
990 306 126 36 36 0.645649
990 315 126 36 36 0.327159
990 432 126 36 36 2.413704
990 441 126 36 36 1.621814
990 450 126 36 36 0.856014
990 112 126 28 28 1.747924
990 343 112 28 28 0.699060
990 343 119 28 28 3.811993
990 350 98 28 28 1.875158
990 350 112 28 28 4.933640
990 350 119 28 28 4.600265
990 357 98 28 28 5.667393
990 357 112 28 28 6.634080
990 357 119 28 28 5.533051
990 448 133 28 28 0.783324
990 384 102 24 24 0.649994
990 390 102 24 24 5.247660
990 390 108 24 24 2.962376
990 396 102 24 24 4.324196
990 396 108 24 24 1.944446
1020 288 48 64 64 0.594881
1020 352 32 64 64 1.675905
1020 176 176 44 44 2.878090
1020 176 187 44 44 3.309456
1020 180 180 40 40 1.858216
1020 180 190 40 40 2.234341
1020 330 140 40 40 1.825218
1020 340 140 40 40 3.500501
1020 153 126 36 36 0.735407
1020 306 144 36 36 0.283930
1020 315 144 36 36 0.983951
1020 432 144 36 36 1.265302
1020 459 126 36 36 0.493009
1020 112 126 28 28 0.427577
1020 112 133 28 28 2.613321
1020 119 133 28 28 0.991440
1020 336 126 28 28 2.842958
1020 336 133 28 28 2.701587
1020 343 119 28 28 0.257608
1020 343 126 28 28 2.730150
1020 343 133 28 28 3.533526
1020 350 98 28 28 3.179817
1020 350 112 28 28 1.687888
1020 350 119 28 28 2.853896
1020 350 126 28 28 0.763055
1020 350 133 28 28 0.710449
1020 350 238 28 28 0.238525
1020 357 98 28 28 5.047999
1020 357 112 28 28 5.182116
1020 357 119 28 28 4.668466
1020 448 112 28 28 0.087627
1020 384 84 24 24 0.097122
1020 384 108 24 24 0.508370
1020 384 114 24 24 2.565948
1020 390 108 24 24 5.011369
1020 390 114 24 24 2.762988
1020 396 102 24 24 0.211754
1020 396 108 24 24 5.856024
1020 396 114 24 24 1.268989
1020 402 102 24 24 0.427164
1020 402 108 24 24 2.487121
1020 498 0 24 24 1.678909
1050 288 48 64 64 0.850665
1050 352 32 64 64 1.581043
1050 352 48 64 64 0.958544
1050 0 187 44 44 1.979089
1050 11 187 44 44 0.777031
1050 176 176 44 44 3.459615
1050 176 187 44 44 3.418728
1050 187 187 44 44 1.646659
1050 180 180 40 40 0.472319
1050 180 190 40 40 2.337034
1050 330 140 40 40 2.117877
1050 340 140 40 40 3.393900
1050 153 126 36 36 0.349811
1050 306 144 36 36 2.228777
1050 441 126 36 36 0.133502
1050 450 144 36 36 0.085790
1050 459 126 36 36 1.730993
1050 21 231 28 28 0.020222
1050 21 238 28 28 2.001868
1050 21 245 28 28 3.740181
1050 112 133 28 28 2.967008
1050 119 133 28 28 0.975530
1050 336 126 28 28 0.752218
1050 336 133 28 28 0.961471
1050 343 112 28 28 1.349762
1050 343 119 28 28 1.293171
1050 343 126 28 28 4.776305
1050 350 112 28 28 5.281501
1050 350 119 28 28 2.771075
1050 350 126 28 28 2.702653
1050 357 112 28 28 6.874987
1050 357 119 28 28 3.549531
1050 357 126 28 28 2.857258
1050 448 119 28 28 1.440395
1050 384 108 24 24 1.029782
1050 384 114 24 24 0.000190
1050 390 108 24 24 4.498623
1050 390 114 24 24 4.523647
1050 396 108 24 24 3.975245
1050 396 114 24 24 3.166573
1050 402 108 24 24 0.619799
1050 402 114 24 24 0.353612
1050 498 0 24 24 0.022413
1080 288 48 64 64 1.218215
1080 352 32 64 64 1.347877
1080 352 48 64 64 1.507384
1080 176 176 44 44 3.999768
1080 176 187 44 44 3.001214
1080 187 187 44 44 0.860062
1080 180 180 40 40 0.149767
1080 180 190 40 40 0.367615
1080 330 140 40 40 0.745707
1080 340 140 40 40 3.674061
1080 306 144 36 36 1.952366
1080 432 27 36 36 0.091668
1080 432 144 36 36 0.698968
1080 441 126 36 36 0.182595
1080 459 126 36 36 1.959408
1080 336 126 28 28 0.223667
1080 336 133 28 28 0.840942
1080 343 119 28 28 0.452956
1080 343 126 28 28 3.448717
1080 343 133 28 28 0.059265
1080 350 112 28 28 4.953124
1080 350 119 28 28 3.421956
1080 350 126 28 28 3.371547
1080 357 112 28 28 7.040288
1080 357 119 28 28 5.739151
1080 357 126 28 28 3.637392
1080 390 108 24 24 2.705822
1080 390 114 24 24 3.725837
1080 396 108 24 24 3.513641
1080 396 114 24 24 4.614751
1080 402 108 24 24 1.489148
1080 402 114 24 24 2.223196
1110 288 48 64 64 1.524384
1110 352 32 64 64 0.066479
1110 352 48 64 64 1.607818
1110 176 176 44 44 1.852510
1110 176 187 44 44 2.350385
1110 176 198 44 44 0.010774
1110 187 187 44 44 0.187118
1110 180 190 40 40 1.381257
1110 320 140 40 40 0.804884
1110 330 140 40 40 0.812811
1110 340 140 40 40 3.841677
1110 297 144 36 36 0.202746
1110 306 144 36 36 3.449665
1110 315 144 36 36 1.031062
1110 432 144 36 36 2.916828
1110 441 126 36 36 2.317136
1110 441 144 36 36 0.947402
1110 450 126 36 36 1.228027
1110 450 144 36 36 2.202515
1110 459 126 36 36 1.471015
1110 336 133 28 28 2.391302
1110 343 126 28 28 1.329745
1110 343 133 28 28 0.587409
1110 350 112 28 28 4.124004
1110 350 119 28 28 2.654316
1110 350 126 28 28 3.736425
1110 357 112 28 28 6.551036
1110 357 119 28 28 7.109191
1110 357 126 28 28 3.731939
1110 384 114 24 24 0.434030
1110 390 108 24 24 1.082054
1110 390 114 24 24 4.774081
1110 396 108 24 24 1.233017
1110 396 114 24 24 5.143893
1110 402 108 24 24 1.120304
1110 402 114 24 24 2.085874
1140 288 48 64 64 1.485143
1140 352 48 64 64 1.501901
1140 176 176 44 44 2.207914
1140 176 187 44 44 0.998102
1140 320 140 40 40 1.767036
1140 330 140 40 40 0.729780
1140 340 140 40 40 3.372996
1140 297 144 36 36 0.976405
1140 306 144 36 36 3.312302
1140 315 144 36 36 1.354049
1140 432 144 36 36 4.153378
1140 432 153 36 36 0.929301
1140 441 126 36 36 1.240460
1140 441 144 36 36 2.817650
1140 450 126 36 36 0.323342
1140 450 144 36 36 1.322945
1140 459 126 36 36 1.481158
1140 168 133 28 28 2.080922
1140 336 126 28 28 0.162989
1140 336 133 28 28 2.873322
1140 343 126 28 28 1.353998
1140 343 133 28 28 1.127350
1140 350 112 28 28 2.618042
1140 350 119 28 28 3.883197
1140 350 126 28 28 3.532485
1140 357 112 28 28 5.687114
1140 357 119 28 28 7.845956
1140 357 126 28 28 3.410149
1140 357 245 28 28 0.020740
1140 384 114 24 24 0.884050
1140 390 114 24 24 5.763134
1140 396 114 24 24 7.146587
1140 402 108 24 24 1.091144
1140 402 114 24 24 3.508222
1170 288 48 64 64 2.147591
1170 352 48 64 64 0.915988
1170 176 176 44 44 0.167715
1170 320 140 40 40 2.003569
1170 330 140 40 40 1.407407
1170 340 140 40 40 3.416868
1170 297 144 36 36 0.357077
1170 306 144 36 36 2.939428
1170 315 144 36 36 1.471531
1170 315 153 36 36 0.049194
1170 336 126 28 28 1.007612
1170 336 133 28 28 3.305513
1170 343 126 28 28 1.027889
1170 343 133 28 28 2.313071
1170 350 112 28 28 2.245411
1170 350 119 28 28 2.742591
1170 350 126 28 28 2.341956
1170 357 112 28 28 6.096567
1170 357 119 28 28 7.457013
1170 357 126 28 28 2.371802
1170 357 245 28 28 0.455110
1170 384 114 24 24 1.755835
1170 390 114 24 24 6.136654
1170 396 114 24 24 7.082414
1170 402 108 24 24 1.024940
1170 402 114 24 24 3.025399
1200 288 48 64 64 1.108347
1200 352 32 64 64 0.152537
1200 33 176 44 44 1.116820
1200 176 176 44 44 1.143037
1200 176 187 44 44 2.074900
1200 176 198 44 44 0.561030
1200 320 140 40 40 1.441918
1200 330 140 40 40 0.159591
1200 340 140 40 40 2.113950
1200 306 144 36 36 0.010635
1200 315 144 36 36 1.665454
1200 432 144 36 36 3.358283
1200 432 153 36 36 0.083393
1200 441 126 36 36 0.227637
1200 441 144 36 36 2.770207
1200 450 144 36 36 3.355603
1200 450 153 36 36 0.683123
1200 459 126 36 36 0.965579
1200 459 144 36 36 2.584864
1200 168 133 28 28 0.409639
1200 336 133 28 28 2.110452
1200 343 126 28 28 0.471570
1200 343 133 28 28 1.410691
1200 350 112 28 28 0.738270
1200 350 119 28 28 1.437912
1200 350 126 28 28 3.114973
1200 357 112 28 28 5.579704
1200 357 119 28 28 7.122975
1200 357 126 28 28 3.752172
1200 384 114 24 24 1.909141
1200 390 114 24 24 6.155327
1200 396 114 24 24 6.708291
1200 402 108 24 24 0.208140
1200 402 114 24 24 3.098397
1200 498 0 24 24 0.037252
1230 352 32 64 64 0.828604
1230 176 187 44 44 1.570108
1230 176 198 44 44 1.988899
1230 320 140 40 40 1.327860
1230 330 140 40 40 0.206972
1230 340 140 40 40 1.923301
1230 306 144 36 36 2.217235
1230 315 144 36 36 3.379901
1230 315 153 36 36 2.348702
1230 432 144 36 36 1.009126
1230 441 126 36 36 0.321380
1230 441 144 36 36 0.071549
1230 450 144 36 36 2.189821
1230 459 126 36 36 1.102784
1230 459 144 36 36 2.855727
1230 336 133 28 28 3.339067
1230 343 126 28 28 0.014292
1230 343 133 28 28 1.182607
1230 350 126 28 28 1.096872
1230 357 112 28 28 6.430913
1230 357 119 28 28 4.735372
1230 384 108 24 24 0.180670
1230 384 114 24 24 0.442508
1230 390 108 24 24 1.839940
1230 390 114 24 24 5.883315
1230 396 108 24 24 2.962105
1230 396 114 24 24 4.991537
1230 402 108 24 24 3.036022
1230 402 114 24 24 3.866417
1260 320 140 40 40 3.078682
1260 330 140 40 40 1.116575
1260 340 140 40 40 1.755932
1260 306 144 36 36 2.694655
1260 306 153 36 36 0.012947
1260 315 144 36 36 3.515741
1260 315 153 36 36 2.765251
1260 432 144 36 36 0.105734
1260 441 144 36 36 2.701087
1260 450 144 36 36 3.125065
1260 459 144 36 36 2.198125
1260 336 133 28 28 2.994401
1260 343 133 28 28 2.282031
1260 350 112 28 28 0.209125
1260 350 126 28 28 1.515155
1260 350 133 28 28 3.206467
1260 357 112 28 28 5.106734
1260 357 119 28 28 8.015174
1260 357 126 28 28 3.697810
1260 384 84 24 24 0.050013
1260 390 114 24 24 3.313057
1260 396 114 24 24 4.299411
1260 402 108 24 24 1.339654
1260 402 114 24 24 4.596751
1290 297 144 36 36 0.654845
1290 306 144 36 36 3.081413
1290 315 144 36 36 2.893055
1290 432 144 36 36 1.681500
1290 432 153 36 36 2.376847
1290 441 144 36 36 2.572645
1290 441 153 36 36 0.716648
1290 450 144 36 36 3.149666
1290 450 153 36 36 0.685398
1290 459 144 36 36 1.974525
1290 459 153 36 36 0.602100
1290 336 133 28 28 0.007202
1290 343 126 28 28 0.463622
1290 343 133 28 28 1.817322
1290 350 119 28 28 0.817165
1290 350 126 28 28 2.570211
1290 350 133 28 28 2.507779
1290 357 119 28 28 4.123579
1290 357 126 28 28 7.134285
1290 357 133 28 28 0.521446
1290 396 114 24 24 2.185956
1290 402 114 24 24 2.967474
1320 256 48 64 64 0.547478
1320 272 32 64 64 0.766273
1320 0 154 44 44 0.269967
1320 0 176 44 44 0.278055
1320 0 187 44 44 0.501648
1320 11 176 44 44 0.186137
1320 0 180 40 40 0.988572
1320 0 190 40 40 0.340321
1320 10 170 40 40 0.106178
1320 10 180 40 40 1.994320
1320 10 190 40 40 0.389413
1320 20 170 40 40 0.293258
1320 20 180 40 40 0.497160
1320 30 180 40 40 0.175637
1320 306 126 36 36 0.723969
1320 306 144 36 36 0.862791
1320 315 126 36 36 1.388585
1320 315 144 36 36 1.991913
1320 432 144 36 36 0.538458
1320 432 153 36 36 3.466214
1320 441 144 36 36 0.328612
1320 441 153 36 36 0.038140
1320 459 144 36 36 2.327293
1320 459 153 36 36 0.516106
1320 384 112 32 32 2.138233
1320 384 128 32 32 1.071899
1320 384 136 32 32 1.483747
1320 392 112 32 32 1.106373
1320 392 128 32 32 0.677524
1320 14 224 28 28 0.196502
1320 343 133 28 28 3.614690
1320 350 126 28 28 0.380365
1320 350 133 28 28 6.104695
1320 357 126 28 28 4.907625
1320 357 133 28 28 6.753332
1320 144 210 24 24 0.746728
1320 384 84 24 24 1.086708
1320 384 96 24 24 1.687507
1320 390 84 24 24 0.754107
1320 390 96 24 24 1.218122
1320 486 96 24 24 2.702774
1320 486 102 24 24 1.179397
1320 492 96 24 24 1.676182
1320 492 102 24 24 1.753291
1350 256 48 64 64 1.908286
1350 272 32 64 64 2.037554
1350 272 48 64 64 0.994280
1350 288 16 64 64 0.761415
1350 288 32 64 64 0.189239
1350 420 0 48 48 3.335136
1350 420 12 48 48 3.385090
1350 420 0 48 48 3.335136
1350 420 12 48 48 3.385090
1350 11 154 44 44 1.016506
1350 22 154 44 44 3.512825
1350 22 176 44 44 0.133595
1350 33 154 44 44 3.813346
1350 33 176 44 44 0.195627
1350 20 160 40 40 0.910760
1350 20 170 40 40 0.678889
1350 20 190 40 40 0.714053
1350 30 160 40 40 4.021608
1350 30 170 40 40 1.579480
1350 30 180 40 40 0.455336
1350 315 126 36 36 3.603253
1350 315 144 36 36 0.348224
1350 441 9 36 36 4.322560
1350 441 18 36 36 5.163445
1350 441 27 36 36 1.921557
1350 450 18 36 36 3.139137
1350 450 27 36 36 3.079923
1350 459 27 36 36 0.168966
1350 384 112 32 32 2.889514
1350 384 128 32 32 5.685647
1350 384 136 32 32 5.116294
1350 384 144 32 32 1.267671
1350 392 112 32 32 2.707417
1350 392 128 32 32 4.756998
1350 392 136 32 32 6.034396
1350 392 144 32 32 1.884365
1350 400 128 32 32 2.248384
1350 400 136 32 32 3.267000
1350 400 144 32 32 1.397972
1350 408 128 32 32 3.338375
1350 408 136 32 32 3.540097
1350 336 21 28 28 0.248479
1350 350 133 28 28 2.434443
1350 357 126 28 28 0.589769
1350 357 133 28 28 3.700653
1350 384 84 24 24 4.775678
1350 390 84 24 24 3.105262
1350 396 84 24 24 2.625880
1350 480 84 24 24 4.696391
1350 480 96 24 24 0.697887
1350 486 192 24 24 1.302764
1350 486 198 24 24 0.277036
1350 492 198 24 24 0.108589
1380 256 32 64 64 0.298403
1380 256 48 64 64 2.701266
1380 272 32 64 64 3.905221
1380 272 48 64 64 3.230736
1380 288 16 64 64 2.207394
1380 288 32 64 64 5.588036
1380 288 48 64 64 3.788008
1380 352 16 64 64 0.115524
1380 396 36 48 48 0.606208
1380 408 24 48 48 0.487800
1380 408 36 48 48 1.501747
1380 420 24 48 48 1.385797
1380 420 36 48 48 3.260944
1380 396 36 48 48 0.606208
1380 408 24 48 48 0.487800
1380 408 36 48 48 1.501747
1380 420 24 48 48 1.385797
1380 420 36 48 48 3.260944
1380 350 0 40 40 0.677979
1380 450 0 36 36 0.357216
1380 450 9 36 36 2.328737
1380 450 18 36 36 0.412455
1380 450 27 36 36 0.071047
1380 459 9 36 36 2.338148
1380 459 18 36 36 1.806541
1380 384 112 32 32 8.559890
1380 384 128 32 32 3.444401
1380 384 136 32 32 0.201808
1380 392 112 32 32 4.757007
1380 392 128 32 32 6.358974
1380 392 136 32 32 2.855037
1380 392 144 32 32 0.440158
1380 392 152 32 32 2.866890
1380 400 112 32 32 3.746025
1380 400 128 32 32 2.637182
1380 400 136 32 32 2.298900
1380 408 136 32 32 1.090819
1380 168 133 28 28 1.914635
1380 336 126 28 28 1.522248
1380 336 133 28 28 1.795334
1380 343 126 28 28 2.456516
1380 343 133 28 28 2.210876
1380 350 126 28 28 2.948695
1380 350 133 28 28 3.075752
1380 357 126 28 28 3.943803
1380 357 133 28 28 5.835220
1380 102 198 24 24 0.622566
1380 108 192 24 24 0.449328
1380 108 198 24 24 1.052441
1380 108 204 24 24 0.449873
1380 294 114 24 24 1.122186
1380 384 84 24 24 5.488083
1380 390 84 24 24 3.497738
1380 396 84 24 24 0.878833
1380 480 96 24 24 3.257779
1380 486 84 24 24 1.361756
1380 486 96 24 24 1.135359
1380 492 96 24 24 3.389121
1380 492 102 24 24 0.032909
1410 256 48 64 64 2.342977
1410 272 32 64 64 0.689062
1410 272 48 64 64 1.479890
1410 288 32 64 64 1.730534
1410 288 48 64 64 4.865700
1410 384 36 48 48 1.689764
1410 420 24 48 48 0.227775
1410 384 36 48 48 1.689764
1410 420 24 48 48 0.227775
1410 315 144 36 36 2.716195
1410 459 0 36 36 0.041327
1410 0 256 32 32 0.129266
1410 384 128 32 32 1.969682
1410 392 112 32 32 1.561726
1410 392 128 32 32 7.754017
1410 400 112 32 32 5.392439
1410 400 128 32 32 7.410001
1410 400 136 32 32 0.624344
1410 408 112 32 32 0.906197
1410 408 128 32 32 5.451100
1410 408 136 32 32 1.391401
1410 408 152 32 32 0.460936
1410 0 245 28 28 1.029938
1410 7 245 28 28 0.479044
1410 336 133 28 28 1.739193
1410 343 14 28 28 0.072317
1410 343 133 28 28 1.882385
1410 350 14 28 28 0.080845
1410 350 133 28 28 0.730023
1410 357 133 28 28 1.652730
1410 448 119 28 28 0.724061
1410 448 126 28 28 3.077682
1410 448 133 28 28 2.873041
1410 455 133 28 28 0.040070
1410 102 114 24 24 0.331006
1410 108 114 24 24 0.910005
1410 132 192 24 24 1.032438
1410 384 84 24 24 4.024806
1410 390 84 24 24 3.784665
1410 396 84 24 24 1.900549
1410 480 114 24 24 1.089154
1440 256 48 64 64 1.511890
1440 272 0 64 64 0.912706
1440 272 16 64 64 1.240333
1440 288 0 64 64 0.354965
1440 288 16 64 64 0.188581
1440 288 48 64 64 3.452461
1440 352 16 64 64 0.681658
1440 352 32 64 64 2.402938
1440 352 48 64 64 3.107232
1440 176 176 44 44 1.689257
1440 320 140 40 40 0.841768
1440 330 140 40 40 0.656882
1440 315 144 36 36 0.122702
1440 432 126 36 36 2.263200
1440 432 171 36 36 0.216600
1440 441 126 36 36 1.879511
1440 136 144 32 32 2.292111
1440 136 152 32 32 2.973356
1440 144 144 32 32 3.595884
1440 144 152 32 32 1.357947
1440 384 128 32 32 1.531242
1440 392 112 32 32 1.467898
1440 392 128 32 32 5.078443
1440 392 136 32 32 1.431869
1440 400 112 32 32 4.136722
1440 400 128 32 32 4.986128
1440 400 136 32 32 2.255598
1440 400 144 32 32 1.847816
1440 408 128 32 32 2.565787
1440 408 136 32 32 4.460661
1440 408 144 32 32 6.493330
1440 408 152 32 32 4.665668
1440 0 21 28 28 0.352145
1440 21 14 28 28 0.509134
1440 336 133 28 28 1.226725
1440 343 7 28 28 0.097397
1440 343 133 28 28 0.959849
1440 462 126 28 28 3.314439
1440 462 133 28 28 0.742962
1440 288 108 24 24 0.551854
1440 390 84 24 24 2.830915
1440 480 84 24 24 5.426126
1440 486 84 24 24 2.842082
1470 256 48 64 64 1.766662
1470 272 0 64 64 0.005484
1470 288 48 64 64 2.905941
1470 352 16 64 64 1.811698
1470 352 32 64 64 1.771399
1470 352 48 64 64 3.891656
1470 176 176 44 44 1.557427
1470 180 180 40 40 0.487713
1470 320 20 40 40 0.011861
1470 320 140 40 40 1.002191
1470 330 140 40 40 0.247745
1470 432 126 36 36 2.535871
1470 432 144 36 36 3.329822
1470 432 153 36 36 0.698777
1470 384 128 32 32 0.554069
1470 392 128 32 32 2.945646
1470 400 112 32 32 1.083354
1470 400 128 32 32 4.453212
1470 408 112 32 32 1.639978
1470 408 128 32 32 0.871973
1470 0 14 28 28 3.004478
1470 7 14 28 28 0.239441
1470 343 133 28 28 0.488790
1470 0 18 24 24 1.232980
1470 6 18 24 24 2.813545
1470 12 18 24 24 5.481230
1470 18 18 24 24 2.721490
1470 96 108 24 24 1.912983
1470 102 108 24 24 1.326859
1470 132 198 24 24 0.658146
1470 132 204 24 24 0.063062
1470 144 198 24 24 0.997630
1470 144 204 24 24 0.891754
1470 384 192 24 24 1.983127
1470 396 84 24 24 0.062431
1470 480 204 24 24 2.127793
1470 480 210 24 24 0.720786
1470 486 114 24 24 0.750070
1470 492 114 24 24 1.148302
1500 0 16 64 64 1.868348
1500 0 32 64 64 1.367923
1500 272 0 64 64 0.313808
1500 288 48 64 64 0.673805
1500 352 48 64 64 8.709562
1500 320 10 40 40 0.004245
1500 340 140 40 40 0.294444
1500 340 160 40 40 0.552581
1500 350 20 40 40 0.512433
1500 432 126 36 36 0.953187
1500 432 162 36 36 1.699763
1500 441 153 36 36 0.214288
1500 384 128 32 32 0.726793
1500 392 128 32 32 1.752880
1500 400 112 32 32 0.821445
1500 400 128 32 32 0.970897
1500 408 112 32 32 2.942105
1500 0 7 28 28 1.563218
1500 0 14 28 28 1.311964
1500 343 0 28 28 1.022974
1500 343 7 28 28 2.006545
1500 343 133 28 28 1.054135
1500 350 133 28 28 1.405162
1500 0 18 24 24 4.605516
1500 6 18 24 24 6.840383
1500 12 18 24 24 4.951623
1500 384 18 24 24 0.291087
1500 390 198 24 24 1.690560
1500 396 198 24 24 1.328056
1530 352 48 64 64 7.417155
1530 352 154 44 44 1.310121
1530 340 160 40 40 2.080625
1530 340 170 40 40 0.626707
1530 350 160 40 40 0.848515
1530 198 162 36 36 0.468493
1530 198 171 36 36 1.424047
1530 450 153 36 36 1.358923
1530 384 128 32 32 1.803933
1530 384 136 32 32 0.963565
1530 392 128 32 32 1.731596
1530 408 112 32 32 2.588566
1530 343 0 28 28 1.016820
1530 343 7 28 28 1.968495
1530 350 0 28 28 0.445262
1530 0 12 24 24 5.179725
1530 0 18 24 24 7.683329
1530 6 18 24 24 2.389578
1530 480 108 24 24 0.668104
1560 0 32 64 64 1.027643
1560 352 48 64 64 5.295481
1560 352 154 44 44 1.995200
1560 363 154 44 44 0.110285
1560 320 10 40 40 1.367607
1560 320 20 40 40 3.359902
1560 330 20 40 40 1.257752
1560 340 20 40 40 0.535402
1560 340 160 40 40 2.909214
1560 340 170 40 40 1.453970
1560 350 20 40 40 0.863816
1560 350 160 40 40 2.236515
1560 198 171 36 36 0.347775
1560 432 126 36 36 0.750346
1560 432 144 36 36 0.551559
1560 432 153 36 36 0.919723
1560 441 126 36 36 0.977166
1560 441 153 36 36 0.173197
1560 450 153 36 36 0.954464
1560 459 27 36 36 0.930833
1560 384 128 32 32 3.615845
1560 384 136 32 32 2.511633
1560 392 128 32 32 2.889453
1560 400 128 32 32 0.937927
1560 343 0 28 28 0.204432
1560 343 7 28 28 1.525473
1560 455 133 28 28 1.123411
1560 0 12 24 24 5.369424
1560 0 18 24 24 10.242298
1560 6 18 24 24 2.478707
1560 96 192 24 24 3.007675
1560 102 192 24 24 2.269959
1560 108 102 24 24 0.161256
1560 204 210 24 24 1.614854
1560 396 210 24 24 0.281152
1560 402 210 24 24 2.052139
1560 480 108 24 24 0.839444
1560 486 108 24 24 1.877391
1560 492 114 24 24 2.050246
1560 498 114 24 24 0.266713
1590 352 16 64 64 2.483261
1590 352 48 64 64 2.977184
1590 288 0 48 48 1.490771
1590 288 0 48 48 1.490771
1590 352 154 44 44 2.457438
1590 363 154 44 44 0.900883
1590 320 10 40 40 0.508773
1590 320 20 40 40 6.180712
1590 320 30 40 40 3.041958
1590 330 20 40 40 4.279364
1590 330 30 40 40 1.136668
1590 340 20 40 40 1.714233
1590 340 30 40 40 3.320401
1590 340 160 40 40 1.725430
1590 340 170 40 40 1.824521
1590 350 20 40 40 3.501955
1590 350 30 40 40 4.890648
1590 350 170 40 40 0.120154
1590 198 171 36 36 0.643022
1590 432 126 36 36 2.413875
1590 432 144 36 36 0.435436
1590 384 128 32 32 2.834452
1590 384 136 32 32 2.626949
1590 392 128 32 32 3.597513
1590 392 136 32 32 0.216792
1590 400 128 32 32 1.720852
1590 408 128 32 32 1.126402
1590 343 7 28 28 0.366199
1590 448 133 28 28 2.022437
1590 455 133 28 28 2.413419
1590 0 18 24 24 9.701201
1590 6 18 24 24 2.151904
1590 192 204 24 24 0.696334
1590 402 210 24 24 0.963513
1590 486 102 24 24 0.269936
1590 492 114 24 24 1.756623
1620 0 16 64 64 0.134298
1620 0 32 64 64 0.600132
1620 352 0 64 64 1.776474
1620 352 16 64 64 3.263445
1620 352 48 64 64 1.145232
1620 176 154 44 44 0.116799
1620 352 154 44 44 2.067118
1620 170 170 40 40 0.041023
1620 180 160 40 40 0.634190
1620 180 170 40 40 3.123357
1620 320 20 40 40 2.887573
1620 320 30 40 40 0.942299
1620 330 20 40 40 1.854934
1620 340 20 40 40 0.734886
1620 340 30 40 40 1.292608
1620 350 20 40 40 2.267262
1620 350 30 40 40 1.602146
1620 144 144 36 36 1.940827
1620 144 153 36 36 3.485407
1620 153 144 36 36 1.890509
1620 153 153 36 36 1.192130
1620 432 126 36 36 3.072243
1620 441 126 36 36 2.112863
1620 459 27 36 36 2.454198
1620 384 128 32 32 4.659996
1620 384 136 32 32 7.810534
1620 384 144 32 32 7.732538
1620 384 152 32 32 2.711528
1620 392 128 32 32 2.720758
1620 392 136 32 32 2.950137
1620 392 144 32 32 1.026831
1620 400 128 32 32 0.150105
1620 408 128 32 32 3.628931
1620 343 0 28 28 1.200527
1620 343 7 28 28 1.960654
1620 350 0 28 28 0.394982
1620 448 133 28 28 3.185289
1620 455 133 28 28 3.756318
1620 462 133 28 28 1.201864
1620 0 18 24 24 7.352075
1620 6 18 24 24 1.250649
1620 204 192 24 24 0.003909
1620 492 12 24 24 0.382554
1620 492 102 24 24 0.462158
1620 492 108 24 24 1.885991
1620 492 114 24 24 0.250533
1620 498 6 24 24 0.822919
1620 498 12 24 24 0.621291
1650 0 16 64 64 2.889161
1650 0 32 64 64 2.825773
1650 352 0 64 64 1.649567
1650 352 16 64 64 4.418417
1650 352 32 64 64 3.027335
1650 352 48 64 64 1.862197
1650 288 12 48 48 0.150742
1650 288 12 48 48 0.150742
1650 176 154 44 44 2.808928
1650 352 154 44 44 1.204387
1650 170 160 40 40 4.296013
1650 170 170 40 40 3.430382
1650 180 160 40 40 1.972086
1650 180 170 40 40 4.140845
1650 320 20 40 40 0.005121
1650 432 126 36 36 3.522660
1650 441 126 36 36 3.791563
1650 450 126 36 36 2.958395
1650 459 27 36 36 3.216498
1650 384 128 32 32 3.694533
1650 384 136 32 32 6.231771
1650 384 144 32 32 6.744448
1650 384 152 32 32 1.190220
1650 392 128 32 32 2.921497
1650 392 136 32 32 2.801019
1650 392 144 32 32 2.009938
1650 408 128 32 32 0.588419
1650 343 0 28 28 0.984445
1650 448 126 28 28 2.570069
1650 448 133 28 28 4.016356
1650 455 126 28 28 1.618974
1650 455 133 28 28 5.444042
1650 462 126 28 28 1.564968
1650 462 133 28 28 6.819512
1650 469 133 28 28 3.662437
1650 0 18 24 24 1.811371
1650 288 102 24 24 2.872029
1650 294 102 24 24 1.056356
1650 300 102 24 24 2.017674
1650 300 108 24 24 1.268320
1650 480 198 24 24 1.366422
1650 480 204 24 24 3.364878
1650 480 210 24 24 3.537779
1650 492 96 24 24 1.836091
1650 492 102 24 24 2.046924
1650 498 96 24 24 1.229129
1650 498 102 24 24 1.892694
1680 352 16 64 64 2.775808
1680 352 32 64 64 4.245963
1680 352 48 64 64 4.067649
1680 288 24 48 48 2.648025
1680 288 24 48 48 2.648025
1680 33 187 44 44 0.134971
1680 176 154 44 44 2.145737
1680 180 160 40 40 1.494442
1680 330 160 40 40 1.375548
1680 340 160 40 40 2.221255
1680 350 20 40 40 0.840665
1680 350 160 40 40 2.862486
1680 198 162 36 36 3.461444
1680 198 171 36 36 5.982481
1680 432 126 36 36 7.372516
1680 441 126 36 36 5.868106
1680 450 126 36 36 3.751183
1680 450 144 36 36 0.155032
1680 459 126 36 36 2.154813
1680 459 171 36 36 0.081179
1680 384 128 32 32 4.569599
1680 384 136 32 32 4.385711
1680 392 128 32 32 3.663871
1680 392 136 32 32 3.638096
1680 400 128 32 32 2.178157
1680 400 136 32 32 1.011366
1680 408 128 32 32 3.550487
1680 408 136 32 32 0.846008
1680 336 7 28 28 1.214234
1680 343 0 28 28 1.240566
1680 343 7 28 28 1.435890
1680 448 133 28 28 0.733436
1680 455 133 28 28 1.130866
1680 469 133 28 28 0.605577
1680 192 114 24 24 0.133672
1680 288 108 24 24 3.586962
1680 294 108 24 24 1.215131
1680 300 108 24 24 2.145645
1680 300 114 24 24 0.842746
1680 390 198 24 24 1.668824
1680 402 18 24 24 0.101334
1680 480 210 24 24 1.639424
1680 486 6 24 24 0.208170
1680 486 12 24 24 0.705744
1680 486 204 24 24 2.641712
1680 486 210 24 24 4.072547
1680 492 204 24 24 1.502295
1680 492 210 24 24 3.232630
1680 498 6 24 24 0.346915
1680 498 114 24 24 0.298547
1710 272 0 64 64 0.116194
1710 352 16 64 64 0.307787
1710 352 32 64 64 6.205722
1710 352 48 64 64 5.972163
1710 320 140 40 40 3.090617
1710 330 140 40 40 1.544035
1710 340 30 40 40 2.470196
1710 340 160 40 40 2.275215
1710 350 30 40 40 2.996471
1710 350 160 40 40 1.133172
1710 9 126 36 36 1.857350
1710 18 126 36 36 4.295727
1710 27 126 36 36 0.757839
1710 216 162 36 36 1.100917
1710 216 171 36 36 0.914506
1710 432 126 36 36 4.619747
1710 441 126 36 36 6.164843
1710 450 126 36 36 0.049951
1710 459 126 36 36 2.699519
1710 459 144 36 36 1.488630
1710 16 136 32 32 1.876135
1710 16 144 32 32 4.075986
1710 24 136 32 32 4.473884
1710 24 144 32 32 6.547996
1710 384 128 32 32 2.145253
1710 384 136 32 32 3.671892
1710 392 136 32 32 5.748874
1710 392 144 32 32 2.937598
1710 400 128 32 32 1.606207
1710 400 136 32 32 3.577188
1710 408 136 32 32 3.621736
1710 408 144 32 32 0.480258
1710 343 0 28 28 0.179118
1710 343 7 28 28 1.384315
1710 350 0 28 28 1.237507
1710 350 7 28 28 0.219959
1710 96 210 24 24 3.648702
1710 102 210 24 24 1.768057
1710 288 114 24 24 2.840942
1710 300 114 24 24 0.743391
1710 306 114 24 24 0.901287
1710 498 6 24 24 0.872411
1740 352 48 64 64 0.235461
1740 374 11 44 44 0.432262
1740 320 140 40 40 3.909504
1740 330 140 40 40 1.159454
1740 340 30 40 40 0.147754
1740 350 160 40 40 1.688701
1740 0 126 36 36 1.000815
1740 9 126 36 36 2.079949
1740 216 162 36 36 2.472540
1740 441 126 36 36 2.949873
1740 441 144 36 36 0.818880
1740 450 0 36 36 1.773087
1740 450 9 36 36 0.458223
1740 450 126 36 36 3.530427
1740 450 144 36 36 0.703414
1740 459 0 36 36 1.406557
1740 459 9 36 36 0.691153
1740 459 126 36 36 4.749647
1740 459 144 36 36 0.193847
1740 0 144 32 32 2.490347
1740 8 136 32 32 3.032038
1740 8 144 32 32 4.146095
1740 16 128 32 32 0.787151
1740 16 136 32 32 3.731861
1740 16 144 32 32 5.002273
1740 24 128 32 32 0.196758
1740 24 136 32 32 2.480612
1740 24 144 32 32 4.304425
1740 24 152 32 32 0.028862
1740 128 152 32 32 1.214453
1740 384 136 32 32 1.239814
1740 392 136 32 32 1.526746
1740 400 144 32 32 0.695438
1740 400 152 32 32 2.559895
1740 408 144 32 32 0.231148
1740 408 152 32 32 3.291894
1740 462 21 28 28 2.163283
1740 384 192 24 24 2.184330
1740 384 198 24 24 1.570255
1740 384 204 24 24 4.000569
1740 390 84 24 24 1.889220
1740 480 192 24 24 0.964817
1740 486 12 24 24 0.485123
1740 486 18 24 24 0.010073
1740 492 12 24 24 0.283484
1770 352 0 44 44 0.866423
1770 352 11 44 44 1.218335
1770 363 11 44 44 2.380732
1770 10 140 40 40 1.370273
1770 20 140 40 40 2.458831
1770 30 140 40 40 0.469216
1770 330 140 40 40 3.161270
1770 340 140 40 40 2.059561
1770 350 160 40 40 0.436213
1770 18 144 36 36 1.836360
1770 18 153 36 36 0.744440
1770 18 162 36 36 1.601609
1770 27 144 36 36 1.331596
1770 27 153 36 36 0.531050
1770 432 126 36 36 1.651733
1770 441 126 36 36 3.002716
1770 450 126 36 36 2.748453
1770 459 126 36 36 2.024949
1770 128 136 32 32 0.261770
1770 136 136 32 32 3.084188
1770 392 128 32 32 4.629569
1770 392 136 32 32 4.098907
1770 400 128 32 32 3.092397
1770 400 136 32 32 0.575352
1770 448 0 28 28 3.873779
1770 455 0 28 28 5.115956
1770 462 0 28 28 3.266159
1770 469 0 28 28 0.150977
1770 384 204 24 24 3.016309
1770 390 192 24 24 2.138118
1770 390 204 24 24 1.366263
1770 390 210 24 24 0.343032
1770 492 0 24 24 0.735506
1770 492 192 24 24 2.042648
1770 498 192 24 24 0.790784
