30 352 32 64 64 2.080753
30 198 144 36 36 2.825459
30 198 153 36 36 0.048980
30 432 144 36 36 3.239049
30 432 153 36 36 3.094371
30 441 126 36 36 1.135360
30 441 144 36 36 2.213722
30 441 153 36 36 4.359403
30 441 162 36 36 0.043338
30 450 126 36 36 0.704561
30 450 153 36 36 2.143613
30 459 126 36 36 0.926294
30 459 144 36 36 0.650172
30 459 153 36 36 1.712623
30 336 126 28 28 0.862446
30 343 119 28 28 0.355725
30 343 126 28 28 2.184930
30 343 133 28 28 1.465739
30 350 119 28 28 0.435712
30 350 126 28 28 4.580918
30 350 133 28 28 4.346600
30 357 119 28 28 1.932443
30 357 126 28 28 5.762793
30 357 133 28 28 2.849429
30 448 119 28 28 1.702480
30 448 126 28 28 4.115960
30 448 133 28 28 4.911763
30 492 6 24 24 1.852491
30 498 6 24 24 1.218020
60 256 16 64 64 0.201317
60 272 0 64 64 1.907614
60 27 126 36 36 0.146888
60 8 16 32 32 0.376981
60 384 112 32 32 3.644609
60 392 112 32 32 1.632764
60 400 112 32 32 1.540741
60 408 112 32 32 1.446478
60 7 21 28 28 0.061737
60 14 21 28 28 0.822679
60 21 21 28 28 0.475692
60 336 112 28 28 0.366720
60 343 112 28 28 1.533000
60 350 112 28 28 1.767512
60 357 112 28 28 3.283229
60 357 119 28 28 1.891335
60 357 126 28 28 2.924420
60 357 133 28 28 4.211086
60 469 126 28 28 1.626610
90 352 16 64 64 0.348344
90 352 32 64 64 1.233648
90 0 126 36 36 2.261896
90 9 126 36 36 2.817099
90 8 136 32 32 1.940715
90 8 144 32 32 1.943501
90 16 136 32 32 1.647638
90 16 144 32 32 3.223001
90 24 144 32 32 1.942481
90 264 24 32 32 3.845669
90 272 24 32 32 3.955301
90 384 112 32 32 1.618270
90 392 112 32 32 1.661125
90 400 112 32 32 3.528299
90 408 112 32 32 6.972588
90 0 12 24 24 0.273824
90 0 18 24 24 0.794143
90 390 12 24 24 0.163298
90 396 12 24 24 2.821447
90 396 18 24 24 0.341918
120 288 16 64 64 4.583973
120 352 16 64 64 1.119132
120 450 9 36 36 0.638914
120 450 18 36 36 0.651912
120 459 9 36 36 0.216770
120 459 27 36 36 3.290758
120 256 0 32 32 3.441166
120 264 0 32 32 8.544125
120 264 8 32 32 0.145813
120 272 0 32 32 2.730275
120 272 8 32 32 2.590051
120 280 0 32 32 3.791225
120 280 8 32 32 2.568721
120 384 128 32 32 1.475710
120 392 128 32 32 1.888465
120 392 136 32 32 2.495213
120 400 128 32 32 3.670230
120 400 136 32 32 2.368581
120 400 144 32 32 1.536334
120 408 128 32 32 1.495390
120 408 136 32 32 0.331688
120 408 144 32 32 1.197925
150 450 0 36 36 2.666384
150 459 0 36 36 3.638988
150 459 9 36 36 0.664388
150 459 144 36 36 2.995680
150 459 153 36 36 2.072229
150 112 126 28 28 1.248580
150 112 133 28 28 1.127394
150 119 126 28 28 2.137947
150 126 126 28 28 1.091656
150 126 133 28 28 3.754585
150 462 7 28 28 0.530167
150 469 0 28 28 2.313453
150 469 7 28 28 2.471307
150 469 21 28 28 0.597316
150 288 0 24 24 1.877792
150 294 0 24 24 3.884063
150 300 0 24 24 4.038559
150 306 0 24 24 1.312178
150 480 12 24 24 2.066825
150 480 18 24 24 0.281224
150 486 12 24 24 0.562479
150 492 192 24 24 1.202547
150 498 192 24 24 1.402675
150 498 198 24 24 1.264274
180 32 16 64 64 0.310839
180 48 16 64 64 0.459733
180 288 48 64 64 2.820584
180 0 144 36 36 1.386145
180 9 126 36 36 0.331237
180 0 112 32 32 4.704595
180 0 128 32 32 4.152304
180 0 136 32 32 2.009396
180 0 144 32 32 1.441150
180 0 152 32 32 2.350156
180 8 112 32 32 1.703323
180 8 128 32 32 1.473968
180 8 136 32 32 0.876408
180 8 144 32 32 1.837491
180 8 152 32 32 2.040548
180 16 128 32 32 0.711247
180 16 136 32 32 0.450165
180 16 144 32 32 0.226117
180 16 152 32 32 0.309008
180 128 128 32 32 4.093401
180 128 136 32 32 0.029716
180 136 128 32 32 2.080363
180 0 126 28 28 0.937549
180 0 133 28 28 1.584032
180 7 126 28 28 2.976551
180 7 133 28 28 4.222749
180 14 126 28 28 1.890162
180 14 133 28 28 2.404539
180 21 126 28 28 0.884597
180 21 133 28 28 3.414521
180 112 126 28 28 4.668765
180 112 133 28 28 3.190052
180 119 126 28 28 1.390493
180 119 133 28 28 2.844585
180 126 119 28 28 1.213330
180 126 126 28 28 4.788560
180 126 133 28 28 5.258528
180 336 119 28 28 4.988467
180 343 119 28 28 3.301641
180 480 12 24 24 1.162276
180 486 12 24 24 1.504596
180 492 18 24 24 1.060638
180 498 12 24 24 1.884436
180 498 18 24 24 2.838396
210 9 126 36 36 1.984537
210 18 126 36 36 3.057421
210 27 126 36 36 2.548228
210 8 128 32 32 2.068107
210 8 136 32 32 2.525634
210 8 144 32 32 0.261532
210 8 152 32 32 0.116856
210 16 8 32 32 0.879357
210 16 128 32 32 3.720295
210 16 136 32 32 3.742727
210 16 144 32 32 2.143096
210 24 8 32 32 0.800409
210 24 128 32 32 2.969733
210 24 136 32 32 2.367315
210 24 144 32 32 1.390056
210 24 152 32 32 1.220200
210 14 133 28 28 0.135381
210 112 126 28 28 0.130725
210 112 133 28 28 0.952646
210 119 126 28 28 2.753943
210 119 133 28 28 3.603704
210 126 133 28 28 0.683286
210 168 126 28 28 2.385144
210 168 133 28 28 2.368814
210 96 114 24 24 1.309299
210 480 204 24 24 0.156615
210 480 210 24 24 0.188561
240 272 48 64 64 2.239662
240 352 16 64 64 0.064902
240 0 126 36 36 0.407988
240 0 112 32 32 0.588807
240 0 128 32 32 0.916378
240 400 152 32 32 0.610054
240 408 152 32 32 0.361129
240 0 133 28 28 0.097478
240 7 98 28 28 0.995035
240 7 112 28 28 2.493797
240 7 119 28 28 0.238095
240 7 126 28 28 1.224730
240 6 102 24 24 0.615849
240 12 96 24 24 0.854141
240 12 102 24 24 2.804515
240 12 108 24 24 3.162351
240 12 114 24 24 3.785868
240 18 96 24 24 0.019527
240 18 102 24 24 2.258508
240 18 108 24 24 4.546213
240 18 114 24 24 4.346902
240 96 84 24 24 2.423218
240 102 84 24 24 2.980145
240 108 84 24 24 2.089920
240 492 114 24 24 0.192131
270 352 16 64 64 3.222305
270 256 112 32 32 0.168233
270 408 136 32 32 0.527814
270 350 126 28 28 0.900808
270 357 126 28 28 1.183428
270 357 133 28 28 0.076900
300 357 133 28 28 1.134515
300 402 114 24 24 1.549147
330 272 16 64 64 0.134666
330 288 16 64 64 0.544544
330 352 48 64 64 0.000675
330 350 119 28 28 1.114154
330 350 126 28 28 3.306091
330 357 119 28 28 6.150287
330 357 126 28 28 5.872271
330 357 133 28 28 0.144389
330 448 133 28 28 0.617049
330 480 96 24 24 2.067667
330 480 102 24 24 2.078713
330 486 96 24 24 4.285497
330 486 102 24 24 1.809694
330 492 96 24 24 4.071090
330 498 96 24 24 2.596774
360 16 32 64 64 0.600621
360 32 16 64 64 0.323805
360 32 32 64 64 1.557270
360 48 16 64 64 2.169928
360 48 32 64 64 2.556229
360 352 0 64 64 5.832094
360 352 16 64 64 4.700374
360 384 36 48 48 2.579267
360 384 36 48 48 2.579267
360 384 112 32 32 7.249929
360 392 112 32 32 3.612093
360 224 7 28 28 1.756087
360 224 14 28 28 6.443237
360 224 21 28 28 1.534341
360 231 7 28 28 1.314813
360 231 14 28 28 5.277832
360 238 14 28 28 0.197668
360 396 114 24 24 1.944850
360 402 114 24 24 3.187570
360 498 204 24 24 0.291831
360 498 210 24 24 2.120721
390 0 32 64 64 0.963491
390 16 32 64 64 1.144486
390 352 0 64 64 2.815876
390 352 16 64 64 2.201681
390 384 36 48 48 1.256784
390 396 36 48 48 1.926479
390 408 36 48 48 2.369170
390 420 36 48 48 2.906222
390 384 36 48 48 1.256784
390 396 36 48 48 1.926479
390 408 36 48 48 2.369170
390 420 36 48 48 2.906222
390 441 27 36 36 0.740050
390 0 133 28 28 1.614985
390 7 133 28 28 1.933359
390 357 126 28 28 1.398417
390 455 112 28 28 0.273606
390 455 119 28 28 1.478480
390 462 98 28 28 1.524141
390 462 112 28 28 0.448339
390 462 119 28 28 2.617658
390 469 98 28 28 2.126572
390 480 96 24 24 0.383228
390 480 108 24 24 0.117268
420 384 112 32 32 0.349115
420 384 128 32 32 0.748550
420 448 112 28 28 2.933448
420 384 12 24 24 0.365168
420 486 114 24 24 2.785978
420 492 114 24 24 1.997486
420 498 114 24 24 2.732069
450 0 128 32 32 0.573965
450 8 128 32 32 0.665255
450 16 128 32 32 1.523637
450 384 128 32 32 0.188212
450 392 112 32 32 1.351064
450 408 136 32 32 0.279609
450 0 119 28 28 0.345172
450 0 126 28 28 4.355575
450 0 133 28 28 3.175570
450 7 126 28 28 0.450775
450 7 133 28 28 0.310130
450 14 133 28 28 1.714963
450 21 133 28 28 2.641593
450 462 98 28 28 4.515534
450 462 112 28 28 0.892341
450 462 126 28 28 0.350404
450 462 133 28 28 0.274434
450 469 98 28 28 5.681961
450 469 112 28 28 0.113956
450 480 108 24 24 2.682893
450 480 114 24 24 3.780475
450 486 108 24 24 1.224225
450 486 114 24 24 4.377855
450 492 108 24 24 3.476076
450 492 114 24 24 3.994576
480 16 112 32 32 0.395577
480 24 112 32 32 0.832053
480 384 144 32 32 0.810408
480 21 126 28 28 1.966559
480 336 119 28 28 0.313929
480 336 126 28 28 2.839756
480 343 126 28 28 2.476207
480 343 133 28 28 1.843755
480 350 133 28 28 0.465502
480 357 133 28 28 1.434708
480 469 119 28 28 1.647892
480 469 126 28 28 1.633471
510 459 162 36 36 2.095680
510 0 112 32 32 0.818620
510 8 112 32 32 2.753080
510 16 112 32 32 1.273291
510 384 136 32 32 0.683869
510 392 136 32 32 5.806166
510 392 144 32 32 3.391041
510 400 128 32 32 0.530526
510 400 136 32 32 4.953269
510 400 144 32 32 4.385583
510 400 152 32 32 0.427114
510 408 144 32 32 2.272769
510 0 126 28 28 3.281518
510 0 133 28 28 0.526573
510 7 119 28 28 1.996967
510 7 126 28 28 4.733727
510 7 133 28 28 0.699200
510 14 119 28 28 0.203624
510 14 126 28 28 2.396942
510 448 98 28 28 1.698730
510 455 112 28 28 0.430229
510 462 112 28 28 2.177351
510 462 119 28 28 1.846739
510 390 114 24 24 0.625385
540 384 128 32 32 0.700127
540 384 136 32 32 7.931163
540 384 144 32 32 9.839350
540 384 152 32 32 3.754699
540 392 128 32 32 0.432534
540 392 136 32 32 6.033062
540 392 144 32 32 6.002222
540 392 152 32 32 4.077788
540 0 133 28 28 3.247462
540 7 133 28 28 0.738421
540 396 108 24 24 1.523042
540 480 108 24 24 1.317344
540 480 114 24 24 0.006507
540 480 204 24 24 2.731420
540 480 210 24 24 3.284715
540 486 108 24 24 3.966722
540 486 114 24 24 0.241540
540 486 210 24 24 5.189129
540 492 102 24 24 1.059515
540 492 108 24 24 5.400099
540 492 114 24 24 0.099645
540 498 108 24 24 3.584060
540 498 114 24 24 2.154355
570 459 126 36 36 0.058193
570 7 133 28 28 1.239859
570 350 133 28 28 0.116750
570 357 126 28 28 0.909070
570 357 133 28 28 0.160554
570 96 114 24 24 2.083578
570 108 108 24 24 0.010367
600 350 140 40 40 6.052908
600 384 128 32 32 4.551516
600 384 136 32 32 3.063075
600 384 152 32 32 0.272191
600 492 84 24 24 1.309282
600 492 96 24 24 2.660715
600 498 84 24 24 5.161355
600 498 96 24 24 3.336796
630 441 162 36 36 3.442849
630 441 171 36 36 1.276046
630 450 162 36 36 0.850628
630 450 171 36 36 0.968960
630 112 126 28 28 0.419970
630 112 133 28 28 0.087156
630 119 126 28 28 1.461573
630 336 126 28 28 1.104228
630 480 198 24 24 2.719179
630 480 204 24 24 5.459901
630 480 210 24 24 9.286832
630 486 198 24 24 0.120954
630 486 204 24 24 3.291247
630 486 210 24 24 6.236851
630 492 210 24 24 3.368540
660 441 126 36 36 0.167966
660 450 126 36 36 4.368412
660 459 126 36 36 5.803839
660 459 144 36 36 1.116037
660 192 112 32 32 0.811921
660 408 112 32 32 0.686467
660 7 133 28 28 2.621862
660 455 133 28 28 2.401230
660 462 133 28 28 3.453774
660 469 133 28 28 2.376871
660 12 18 24 24 1.280927
660 18 96 24 24 1.006748
660 18 102 24 24 1.915274
690 330 140 40 40 4.061333
690 340 140 40 40 2.154529
690 350 140 40 40 2.751227
690 459 27 36 36 0.326665
690 192 112 32 32 0.356856
690 384 112 32 32 2.836397
690 384 144 32 32 0.961812
690 392 144 32 32 0.062187
690 392 152 32 32 1.557960
690 400 144 32 32 1.920119
690 400 152 32 32 4.336066
690 408 152 32 32 2.515492
690 336 133 28 28 0.464063
690 343 133 28 28 4.356173
690 350 126 28 28 1.601426
690 350 133 28 28 3.942104
690 357 126 28 28 0.650346
690 357 133 28 28 2.509617
690 300 6 24 24 0.268716
690 300 12 24 24 1.315777
690 480 84 24 24 2.088235
690 486 108 24 24 1.994241
720 48 16 64 64 2.937854
720 48 32 64 64 0.316692
720 272 48 64 64 0.578687
720 288 48 64 64 0.312591
720 352 32 64 64 1.119171
720 352 48 64 64 2.748137
720 0 112 32 32 0.583511
720 24 112 32 32 1.252618
720 136 112 32 32 1.005095
720 384 136 32 32 6.040195
720 384 144 32 32 7.717568
720 384 152 32 32 7.087626
720 408 112 32 32 0.464972
720 408 144 32 32 0.065435
720 408 152 32 32 1.180369
720 14 126 28 28 1.703861
720 21 126 28 28 2.346447
720 21 133 28 28 2.567716
720 402 102 24 24 0.596238
750 352 48 64 64 0.391805
750 420 192 48 48 0.605656
750 420 192 48 48 0.605656
750 128 112 32 32 0.004405
750 408 144 32 32 1.310991
750 408 152 32 32 4.618747
750 126 112 28 28 3.512722
750 126 119 28 28 7.137126
750 126 126 28 28 0.573606
750 462 224 28 28 2.268928
750 462 231 28 28 0.870959
750 469 224 28 28 3.437295
750 469 231 28 28 1.555197
750 288 0 24 24 0.147783
750 288 6 24 24 0.633372
780 32 16 64 64 1.078284
780 432 162 36 36 2.353351
780 432 171 36 36 0.786246
780 16 112 32 32 3.223338
780 24 112 32 32 1.371903
780 384 152 32 32 3.290239
780 408 152 32 32 2.788063
780 0 133 28 28 1.377948
780 14 0 28 28 0.707269
780 14 112 28 28 0.496848
780 21 112 28 28 3.094542
780 21 119 28 28 1.657163
780 21 126 28 28 0.570018
780 112 112 28 28 6.590066
780 112 119 28 28 5.700788
780 119 112 28 28 2.988583
780 119 119 28 28 4.194898
780 126 112 28 28 3.068295
780 126 119 28 28 3.803339
780 18 0 24 24 0.585821
780 18 6 24 24 2.194918
780 402 102 24 24 2.241004
780 402 108 24 24 2.041228
780 402 114 24 24 0.665367
810 0 16 64 64 2.132702
810 16 16 64 64 0.381100
810 48 0 64 64 0.047225
810 48 16 64 64 1.031632
810 441 144 36 36 2.132376
810 441 153 36 36 1.503037
810 450 144 36 36 4.329124
810 450 153 36 36 3.544917
810 8 8 32 32 1.849133
810 16 8 32 32 0.841800
810 392 144 32 32 3.823972
810 392 152 32 32 3.677105
810 400 144 32 32 5.836406
810 400 152 32 32 7.418106
810 408 144 32 32 1.553134
810 408 152 32 32 5.225878
810 21 133 28 28 0.905582
810 112 14 28 28 0.916194
810 119 119 28 28 3.021377
810 126 119 28 28 2.585737
810 126 126 28 28 0.871172
810 336 133 28 28 0.727272
810 343 133 28 28 2.146904
810 350 133 28 28 0.917948
810 357 133 28 28 0.835579
810 469 126 28 28 1.521965
810 480 192 24 24 0.248639
840 0 16 64 64 1.032645
840 330 140 40 40 5.752280
840 340 140 40 40 3.352928
840 350 140 40 40 4.074223
840 448 98 28 28 3.683644
840 448 112 28 28 1.435268
840 448 133 28 28 1.342367
840 455 112 28 28 2.026694
840 455 119 28 28 1.554270
840 294 12 24 24 0.783968
840 294 18 24 24 0.575396
840 384 192 24 24 3.334508
840 390 192 24 24 2.683114
840 396 192 24 24 0.182644
840 402 192 24 24 0.744619
870 340 140 40 40 0.728306
870 384 152 32 32 2.817591
870 455 119 28 28 0.925452
870 462 119 28 28 2.231972
870 492 108 24 24 1.410609
900 352 0 64 64 0.660835
900 264 8 32 32 0.345716
900 21 245 28 28 0.318034
900 455 133 28 28 1.076268
900 462 126 28 28 0.324428
900 469 126 28 28 2.340626
900 469 133 28 28 2.273857
930 180 160 40 40 0.227760
930 297 9 36 36 7.425836
930 297 18 36 36 6.592715
930 306 9 36 36 1.436850
930 306 18 36 36 4.966373
930 459 126 36 36 1.725170
930 459 144 36 36 5.741484
930 459 153 36 36 6.418470
930 462 0 28 28 1.645873
930 0 102 24 24 1.889292
930 210 198 24 24 1.855624
930 210 204 24 24 1.805866
930 288 18 24 24 3.530826
930 390 102 24 24 1.045396
930 396 102 24 24 2.136602
930 396 108 24 24 0.030044
960 340 140 40 40 2.273364
960 350 140 40 40 4.892862
960 384 136 32 32 0.718137
960 384 144 32 32 5.344115
960 384 152 32 32 7.714012
960 392 152 32 32 4.546442
960 400 152 32 32 1.025627
960 0 112 28 28 2.497753
960 126 119 28 28 0.318942
960 126 126 28 28 2.903791
960 343 112 28 28 0.090406
960 448 98 28 28 0.708811
960 0 210 24 24 1.532512
960 6 210 24 24 1.662132
960 18 84 24 24 0.056515
960 18 96 24 24 1.550058
960 96 210 24 24 0.560941
960 102 210 24 24 0.698524
960 108 210 24 24 0.728537
960 390 192 24 24 0.260960
960 492 96 24 24 0.524818
960 498 96 24 24 1.677088
960 498 102 24 24 1.460688
990 352 48 64 64 1.338155
990 170 180 40 40 1.618585
990 432 153 36 36 2.257274
990 432 162 36 36 0.805324
990 432 171 36 36 0.168485
990 441 126 36 36 1.528173
990 441 144 36 36 0.794055
990 441 153 36 36 4.824426
990 450 126 36 36 0.144511
990 384 152 32 32 0.217432
990 392 152 32 32 1.358837
990 400 152 32 32 5.078209
990 408 152 32 32 2.483768
990 343 0 28 28 1.439248
990 343 112 28 28 0.123250
990 350 0 28 28 2.667967
990 350 21 28 28 0.264866
990 350 112 28 28 5.223909
990 357 21 28 28 1.074488
990 357 112 28 28 4.538255
990 357 119 28 28 0.461540
990 0 96 24 24 1.807539
990 6 96 24 24 0.624952
990 96 198 24 24 0.807821
990 390 192 24 24 0.634714
990 396 192 24 24 2.941040
990 396 198 24 24 0.010498
990 498 96 24 24 0.362479
1020 32 16 64 64 1.855689
1020 32 32 64 64 0.701317
1020 374 154 44 44 1.326686
1020 385 154 44 44 5.035236
1020 180 160 40 40 1.227653
1020 180 170 40 40 2.880477
1020 180 180 40 40 0.993039
1020 162 144 36 36 0.266905
1020 162 153 36 36 1.398971
1020 128 152 32 32 0.577534
1020 112 133 28 28 0.794193
1020 119 133 28 28 3.242277
1020 126 126 28 28 0.449106
1020 126 133 28 28 3.859332
1020 210 192 24 24 1.676506
1020 210 198 24 24 0.314802
1020 210 204 24 24 0.038625
1020 390 6 24 24 1.561814
1020 396 6 24 24 0.782016
1020 402 6 24 24 0.433121
1020 480 114 24 24 0.373213
1020 486 114 24 24 0.856671
1020 492 114 24 24 0.142224
1050 0 16 64 64 3.492964
1050 16 16 64 64 4.794307
1050 16 32 64 64 1.712474
1050 272 16 64 64 0.892396
1050 288 0 64 64 1.206473
1050 288 16 64 64 2.562294
1050 153 144 36 36 1.295576
1050 432 0 36 36 3.389450
1050 432 9 36 36 2.357912
1050 441 0 36 36 1.724918
1050 441 9 36 36 2.605482
1050 112 133 28 28 4.823400
1050 119 133 28 28 1.238922
1050 126 133 28 28 1.006504
1050 448 21 28 28 1.973707
1050 455 21 28 28 0.982363
1050 300 294 24 24 0.249416
1080 272 16 64 64 1.933596
1080 288 16 64 64 2.103524
1080 288 32 64 64 0.633038
1080 352 32 64 64 0.936506
1080 170 160 40 40 1.116885
1080 170 170 40 40 1.038857
1080 432 126 36 36 5.231340
1080 176 152 32 32 0.470357
1080 112 126 28 28 3.469238
1080 112 133 28 28 3.300741
1080 119 126 28 28 2.503796
1080 119 133 28 28 2.192472
1080 126 126 28 28 1.166677
1080 198 210 24 24 1.213674
1080 204 210 24 24 0.122330
1080 384 108 24 24 0.194024
1110 288 16 64 64 2.333181
1110 160 160 40 40 1.028382
1110 160 170 40 40 2.222996
1110 27 126 36 36 1.408247
1110 459 144 36 36 2.077514
1110 8 136 32 32 2.035778
1110 16 136 32 32 0.128604
1110 24 136 32 32 1.578188
1110 0 0 28 28 2.089950
1110 0 6 24 24 2.221054
1110 6 0 24 24 1.583066
1110 6 6 24 24 2.576850
1110 6 12 24 24 1.371099
1110 192 204 24 24 1.554952
1110 192 210 24 24 4.531872
1110 198 204 24 24 0.005600
1110 198 210 24 24 1.493711
1110 204 210 24 24 0.474554
1110 288 210 24 24 0.840975
1110 294 210 24 24 0.885823
1140 160 160 40 40 0.189297
1140 162 171 36 36 0.390718
1140 24 128 32 32 1.470768
1140 384 112 32 32 2.114992
1140 192 204 24 24 0.499534
1170 0 16 64 64 0.459195
1170 352 0 64 64 0.102180
1170 396 24 48 48 1.029374
1170 396 36 48 48 1.208497
1170 408 24 48 48 0.779815
1170 408 36 48 48 2.508994
1170 396 24 48 48 1.029374
1170 396 36 48 48 1.208497
1170 408 24 48 48 0.779815
1170 408 36 48 48 2.508994
1170 170 160 40 40 0.920307
1170 0 126 36 36 1.774391
1170 0 136 32 32 4.550670
1170 8 128 32 32 0.805926
1170 8 136 32 32 3.655454
1170 384 112 32 32 3.855596
1170 392 112 32 32 0.770929
1170 18 84 24 24 1.468590
1170 198 198 24 24 0.645877
1170 198 204 24 24 1.929051
1170 204 198 24 24 0.960632
1170 204 204 24 24 2.312475
1170 210 6 24 24 3.993781
1170 210 12 24 24 1.633748
1200 0 84 24 24 3.231074
1200 6 84 24 24 2.180316
1200 12 84 24 24 5.060848
1200 12 96 24 24 2.368386
1200 18 84 24 24 2.368913
1200 18 96 24 24 4.618870
1200 18 102 24 24 1.143758
1200 300 204 24 24 1.044859
1200 306 204 24 24 2.016893
1230 10 20 40 40 0.423139
1230 30 0 40 40 0.205689
1230 0 18 36 36 1.221852
1230 0 27 36 36 0.240652
1230 9 27 36 36 1.317870
1230 18 27 36 36 2.602281
1230 441 0 36 36 1.154616
1230 450 0 36 36 0.599061
1230 0 24 32 32 3.024411
1230 8 24 32 32 3.737691
1230 14 238 28 28 1.295854
1230 14 245 28 28 0.866756
1230 112 133 28 28 1.342782
1230 126 133 28 28 1.617186
1230 448 126 28 28 0.941309
1230 448 133 28 28 3.309694
1230 455 126 28 28 2.865067
1230 455 133 28 28 2.748049
1260 128 128 32 32 0.490944
1260 136 128 32 32 1.914251
1260 126 133 28 28 1.567526
1260 350 133 28 28 0.050513
1260 455 119 28 28 0.197771
1260 462 119 28 28 1.701220
1260 0 192 24 24 0.549479
1260 108 204 24 24 1.783937
1260 390 114 24 24 2.537064
1290 160 140 40 40 1.289227
1290 162 144 36 36 1.134374
1290 0 128 32 32 2.630480
1290 0 136 32 32 1.075837
1290 384 144 32 32 0.704425
1290 384 152 32 32 2.630415
1290 392 112 32 32 0.724415
1290 392 136 32 32 0.495902
1290 392 152 32 32 0.712318
1290 400 112 32 32 2.047993
1290 408 112 32 32 1.931464
1290 0 133 28 28 0.910740
1290 7 133 28 28 0.284910
1290 96 192 24 24 0.735985
1290 192 192 24 24 2.610676
1290 198 192 24 24 0.876056
1290 384 192 24 24 0.212246
1290 390 192 24 24 1.902026
1290 396 192 24 24 2.589603
1290 396 198 24 24 1.875780
1290 402 192 24 24 0.524494
1290 498 204 24 24 1.054704
1320 396 168 48 48 1.129917
1320 408 168 48 48 2.852441
1320 420 168 48 48 0.725264
1320 396 168 48 48 1.129917
1320 408 168 48 48 2.852441
1320 420 168 48 48 0.725264
1320 352 154 44 44 5.183525
1320 363 154 44 44 4.867412
1320 374 154 44 44 7.220197
1320 385 154 44 44 6.189377
1320 350 140 40 40 1.936546
1320 350 160 40 40 4.635148
1320 306 144 36 36 0.146674
1320 306 153 36 36 1.665198
1320 306 162 36 36 2.959192
1320 315 153 36 36 0.171197
1320 315 162 36 36 0.054089
1320 432 162 36 36 2.275781
1320 432 171 36 36 1.301823
1320 441 162 36 36 0.804348
1320 128 136 32 32 0.478278
1320 384 152 32 32 0.612090
1320 448 119 28 28 2.167293
1320 448 224 28 28 4.048897
1320 448 231 28 28 6.696391
1320 448 238 28 28 0.245537
1320 455 119 28 28 0.979096
1320 455 224 28 28 2.488420
1320 455 231 28 28 5.610483
1320 455 238 28 28 3.073067
1320 462 119 28 28 1.429995
1320 462 231 28 28 0.281711
1320 384 192 24 24 6.554093
1320 384 198 24 24 3.132349
1320 390 192 24 24 8.155091
1320 390 198 24 24 4.379714
1320 390 204 24 24 1.831849
1320 396 192 24 24 9.267148
1320 396 198 24 24 7.595886
1320 396 204 24 24 5.353785
1320 402 192 24 24 7.930836
1320 402 198 24 24 8.514729
1320 402 204 24 24 6.575730
1320 402 210 24 24 1.068749
1350 396 168 48 48 0.841701
1350 408 168 48 48 1.499490
1350 420 168 48 48 2.300417
1350 396 168 48 48 0.841701
1350 408 168 48 48 1.499490
1350 420 168 48 48 2.300417
1350 352 154 44 44 0.118021
1350 363 154 44 44 2.723619
1350 374 154 44 44 6.267481
1350 385 154 44 44 5.140427
1350 384 136 32 32 1.659927
1350 384 144 32 32 2.565997
1350 384 152 32 32 1.434904
1350 392 136 32 32 2.270976
1350 392 144 32 32 4.040378
1350 392 152 32 32 1.881004
1350 400 136 32 32 2.048743
1350 400 144 32 32 2.846681
1350 408 136 32 32 3.749619
1350 448 224 28 28 0.966694
1350 448 231 28 28 1.241000
1350 455 238 28 28 0.946676
1350 469 231 28 28 0.562196
1350 6 108 24 24 0.097333
1350 306 102 24 24 1.893405
1350 306 108 24 24 4.286119
1350 390 12 24 24 0.329017
1350 390 18 24 24 2.384650
1350 390 192 24 24 2.650973
1350 396 192 24 24 0.085975
1350 396 198 24 24 3.058760
1350 396 204 24 24 2.177953
1350 396 210 24 24 0.085293
1350 402 192 24 24 1.448112
1350 402 198 24 24 7.056454
1350 402 204 24 24 6.030657
1350 402 210 24 24 2.151705
1380 363 154 44 44 3.790370
1380 374 154 44 44 2.376099
1380 385 154 44 44 2.049784
1380 384 144 32 32 1.449632
1380 384 152 32 32 2.934010
1380 392 144 32 32 2.729976
1380 392 152 32 32 1.757726
1380 400 112 32 32 1.815421
1380 408 112 32 32 2.228634
1380 408 128 32 32 2.763690
1380 462 238 28 28 0.607511
1380 288 102 24 24 1.345128
1380 288 108 24 24 1.854997
1380 294 102 24 24 1.101058
1380 294 108 24 24 3.069732
1380 390 192 24 24 1.329255
1380 390 198 24 24 3.114378
1380 390 210 24 24 0.831014
1380 396 198 24 24 1.922303
1380 396 204 24 24 1.957129
1380 480 114 24 24 1.695283
1380 486 114 24 24 2.222219
1380 492 114 24 24 3.294808
1380 498 114 24 24 0.663595
1410 420 24 48 48 2.253029
1410 420 36 48 48 2.203981
1410 420 24 48 48 2.253029
1410 420 36 48 48 2.203981
1410 0 126 36 36 0.368750
1410 432 126 36 36 0.384173
1410 0 128 32 32 1.603753
1410 0 136 32 32 0.819624
1410 8 128 32 32 0.828946
1410 8 136 32 32 0.683019
1410 16 112 32 32 1.232284
1410 16 128 32 32 0.139907
1410 24 112 32 32 1.177788
1410 384 112 32 32 4.708777
1410 392 112 32 32 0.759529
1410 168 119 28 28 2.215731
1410 357 119 28 28 1.411409
1410 448 126 28 28 1.304917
1410 455 126 28 28 3.929291
1410 455 133 28 28 2.463389
1410 288 96 24 24 1.288160
1410 288 102 24 24 5.631932
1410 294 102 24 24 0.698189
1440 0 128 32 32 1.561253
1440 8 128 32 32 1.695882
1440 8 136 32 32 0.494547
1440 16 128 32 32 0.098862
1440 24 128 32 32 2.196964
1440 384 112 32 32 5.954943
1440 392 112 32 32 5.742714
1440 400 112 32 32 3.163342
1440 400 128 32 32 2.337690
1440 400 136 32 32 0.068791
1440 448 126 28 28 5.039772
1440 448 133 28 28 0.077465
1440 455 126 28 28 0.944573
1440 469 126 28 28 0.848377
1440 288 96 24 24 1.609169
1440 288 102 24 24 0.018721
1470 352 16 64 64 5.168800
1470 352 32 64 64 6.558085
1470 396 12 48 48 2.692673
1470 396 12 48 48 2.692673
1470 374 0 44 44 0.443986
1470 385 11 44 44 0.249315
1470 0 126 36 36 0.119561
1470 432 0 36 36 1.463976
1470 432 9 36 36 6.439758
1470 432 18 36 36 0.223986
1470 441 0 36 36 5.267739
1470 441 9 36 36 6.201663
1470 450 0 36 36 0.064508
1470 450 9 36 36 3.665169
1470 459 0 36 36 0.475070
1470 459 9 36 36 1.977995
1470 0 128 32 32 1.768088
1470 0 136 32 32 0.503410
1470 8 112 32 32 0.049385
1470 8 128 32 32 1.412792
1470 8 136 32 32 0.911350
1470 144 112 32 32 0.984979
1470 384 128 32 32 1.482184
1470 7 133 28 28 0.502376
1470 14 126 28 28 1.524291
1470 14 133 28 28 3.090400
1470 21 133 28 28 0.720124
1470 336 7 28 28 1.336213
1470 448 21 28 28 3.620283
1470 448 133 28 28 4.302535
1470 455 21 28 28 1.536557
1470 455 133 28 28 4.572129
1470 462 21 28 28 3.507021
1470 462 133 28 28 4.732016
1470 469 133 28 28 0.733841
1470 0 114 24 24 1.151845
1470 498 192 24 24 1.987480
1500 216 171 36 36 0.173292
1500 400 0 32 32 2.170049
1500 400 8 32 32 0.454799
1500 112 119 28 28 1.200802
1500 448 7 28 28 0.818407
1500 448 14 28 28 7.671100
1500 455 7 28 28 0.774378
1500 455 14 28 28 3.645005
1500 462 126 28 28 1.275627
1500 462 133 28 28 2.315915
1500 469 7 28 28 1.111965
1500 469 126 28 28 3.163828
1500 469 133 28 28 5.231806
1500 384 0 24 24 0.811512
1500 390 12 24 24 0.884840
1500 396 12 24 24 2.081451
1500 396 18 24 24 0.411289
1500 402 12 24 24 0.072783
1500 402 18 24 24 0.762068
1500 480 0 24 24 1.983010
1500 480 6 24 24 1.010749
1500 480 12 24 24 2.823884
1500 480 18 24 24 0.582506
1500 486 0 24 24 1.691142
1500 486 6 24 24 0.597813
1500 486 12 24 24 1.912870
1500 486 18 24 24 1.550372
1500 492 0 24 24 2.100468
1500 492 6 24 24 0.286665
1500 492 12 24 24 0.678006
1530 441 126 36 36 2.669731
1530 450 126 36 36 4.428648
1530 459 126 36 36 5.167533
1530 459 144 36 36 1.213835
1530 16 128 32 32 0.143504
1530 384 112 32 32 1.966012
1530 392 112 32 32 3.943434
1530 400 112 32 32 1.151188
1530 336 119 28 28 1.273698
1530 448 133 28 28 0.195639
1530 455 133 28 28 1.118797
1530 469 133 28 28 1.830105
1530 486 12 24 24 0.498402
1530 492 6 24 24 1.136814
1530 492 12 24 24 2.361438
1530 492 18 24 24 1.751369
1560 408 36 48 48 0.874423
1560 408 36 48 48 0.874423
1560 0 128 32 32 1.492955
1560 0 136 32 32 3.342192
1560 8 128 32 32 0.680936
1560 8 136 32 32 0.414946
1560 400 112 32 32 3.596863
1560 408 112 32 32 3.245828
1560 0 119 28 28 3.262714
1560 0 126 28 28 0.301874
1560 0 133 28 28 1.471042
1560 7 119 28 28 2.391714
1560 336 112 28 28 1.320703
1560 336 119 28 28 6.220117
1560 336 126 28 28 3.170540
1560 343 119 28 28 4.874064
1560 343 126 28 28 3.679046
1560 350 119 28 28 3.301513
1560 350 126 28 28 2.372853
1560 357 126 28 28 1.077575
1590 0 48 64 64 2.075577
1590 0 152 32 32 0.434272
1590 8 152 32 32 1.387098
1590 384 112 32 32 4.981262
1590 392 112 32 32 4.167934
1590 21 112 28 28 1.214158
1590 168 119 28 28 3.814047
1590 168 126 28 28 4.017952
1590 336 119 28 28 3.953680
1590 343 119 28 28 3.456537
1590 350 126 28 28 0.810148
1590 357 126 28 28 2.541642
1590 96 102 24 24 0.961685
1590 102 102 24 24 1.695888
1620 459 0 36 36 1.614712
1620 459 9 36 36 1.265233
1620 8 128 32 32 0.177756
1620 144 112 32 32 0.126906
1620 408 112 32 32 1.400265
1620 408 128 32 32 0.739851
1620 14 126 28 28 2.404127
1620 168 126 28 28 0.202659
1620 168 133 28 28 0.736819
1620 336 119 28 28 0.451371
1620 343 98 28 28 0.106801
1620 448 126 28 28 1.626200
1620 455 133 28 28 0.171580
1620 6 192 24 24 1.452817
1650 256 0 64 64 1.186350
1650 256 16 64 64 1.201381
1650 352 16 64 64 0.712130
1650 11 33 44 44 0.757467
1650 20 30 40 40 1.362215
1650 441 126 36 36 0.457929
1650 441 153 36 36 0.296309
1650 450 27 36 36 0.846662
1650 450 126 36 36 0.734513
1650 128 112 32 32 3.340357
1650 136 112 32 32 1.054544
1650 154 126 28 28 1.913437
1650 336 119 28 28 1.396636
1650 350 119 28 28 1.534959
1650 462 133 28 28 0.802598
1650 18 84 24 24 1.964576
1650 210 192 24 24 2.888723
1650 288 204 24 24 0.908856
1650 294 204 24 24 0.395328
1650 480 84 24 24 0.246058
1680 352 32 64 64 0.006457
1680 459 126 36 36 3.650787
1680 128 128 32 32 3.553846
1680 136 128 32 32 4.320117
1680 144 128 32 32 4.291849
1680 400 144 32 32 0.471026
1680 408 144 32 32 1.647889
1680 154 133 28 28 5.780777
1680 336 119 28 28 0.296814
1710 441 144 36 36 1.323466
1710 450 144 36 36 4.510800
1710 450 153 36 36 5.390787
1710 450 162 36 36 3.809746
1710 0 144 32 32 1.191371
1710 0 152 32 32 3.133653
1710 8 144 32 32 1.402010
1710 8 152 32 32 1.030365
1710 128 112 32 32 1.336385
1710 136 112 32 32 0.356015
1710 136 128 32 32 0.675276
1710 384 112 32 32 2.326776
1710 392 112 32 32 2.307782
1710 112 133 28 28 0.520987
1710 119 133 28 28 1.853355
1710 126 126 28 28 0.350162
1710 126 133 28 28 2.136218
1710 154 133 28 28 2.487234
1710 168 133 28 28 4.093346
1710 336 0 28 28 2.983139
1710 343 0 28 28 4.707641
1710 448 133 28 28 2.554743
1710 396 12 24 24 0.275548
1710 402 6 24 24 5.469922
1710 402 12 24 24 12.184679
1710 402 18 24 24 9.582664
1710 480 192 24 24 3.188172
1710 480 198 24 24 0.253785
1740 272 48 64 64 1.474245
1740 288 48 64 64 3.260678
1740 128 112 32 32 0.805223
1740 136 112 32 32 1.390389
1740 154 126 28 28 3.040191
1740 154 133 28 28 4.620047
1740 455 126 28 28 0.062176
1740 462 126 28 28 1.820214
1770 0 126 36 36 6.197488
1770 9 126 36 36 3.507926
1770 459 9 36 36 0.096500
1770 0 112 32 32 0.690003
1770 0 128 32 32 6.548199
1770 0 136 32 32 5.087173
1770 8 112 32 32 1.502847
1770 8 128 32 32 6.372993
1770 8 136 32 32 6.706773
1770 16 128 32 32 4.976347
1770 16 136 32 32 2.900825
1770 24 128 32 32 4.147776
1770 24 136 32 32 1.217147
1770 136 128 32 32 0.657543
1770 176 128 32 32 1.996242
1770 400 112 32 32 0.608190
1770 7 133 28 28 1.229485
1770 14 119 28 28 0.396658
1770 14 133 28 28 0.849337
1770 154 133 28 28 1.815933
1770 231 133 28 28 3.333269
1770 238 133 28 28 1.814447
1770 448 112 28 28 1.691512
1770 448 119 28 28 3.794641
1770 448 126 28 28 1.690753
1770 455 112 28 28 3.894638
1770 455 119 28 28 5.847483
1770 455 126 28 28 4.891316
1770 462 14 28 28 2.187770
1770 462 21 28 28 1.060959
1770 462 112 28 28 5.226480
1770 462 119 28 28 7.336692
1770 462 126 28 28 5.410158
1770 469 14 28 28 4.995587
1770 469 21 28 28 4.193283
1770 469 112 28 28 3.321097
1770 469 119 28 28 3.344207
1770 469 126 28 28 0.403037
1800 0 112 32 32 1.280456
1800 8 112 32 32 1.734652
1800 256 112 32 32 0.952563
1800 0 112 28 28 1.923859
1800 0 119 28 28 2.921994
1800 7 112 28 28 0.627517
1800 7 119 28 28 2.122610
1800 7 126 28 28 0.112697
1800 14 112 28 28 0.654126
1800 14 119 28 28 3.507294
1800 21 112 28 28 0.336687
1800 21 119 28 28 1.952592
1800 112 126 28 28 1.429801
1800 112 133 28 28 1.418469
1800 119 126 28 28 1.318026
1800 119 133 28 28 0.969626
1800 126 126 28 28 1.984112
1800 238 126 28 28 1.131526
1800 245 119 28 28 0.065666
1800 245 126 28 28 0.949149
1800 448 119 28 28 0.243168
1800 448 126 28 28 2.490094
1800 0 192 24 24 0.085189
1800 288 12 24 24 1.319130
1800 288 18 24 24 3.870320
1800 480 0 24 24 3.397144
1800 486 0 24 24 1.195320
1830 352 16 64 64 0.837745
1830 384 36 48 48 0.296867
1830 384 36 48 48 0.296867
1830 0 126 36 36 2.916830
1830 9 126 36 36 2.300711
1830 0 136 32 32 0.337487
1830 8 136 32 32 0.601906
1830 16 136 32 32 0.269468
1830 192 112 32 32 2.252145
1830 408 112 32 32 3.302228
1830 14 133 28 28 0.604747
1830 21 119 28 28 0.355898
1830 21 133 28 28 0.230846
1830 168 133 28 28 0.970442
1830 224 119 28 28 0.542727
1830 294 192 24 24 1.124372
1830 300 192 24 24 2.178440
