30 0 16 64 64 0.505062
30 256 0 64 64 2.347322
30 256 16 64 64 4.634958
30 256 32 64 64 2.714801
30 272 0 64 64 1.142044
30 272 16 64 64 0.403231
30 272 32 64 64 0.957185
30 288 16 64 64 0.389102
30 288 48 64 64 1.409582
30 224 112 28 28 1.841700
30 224 119 28 28 5.145020
30 224 126 28 28 1.318970
30 231 112 28 28 1.077699
30 231 119 28 28 5.245541
30 231 126 28 28 1.521227
30 238 119 28 28 3.066043
30 238 126 28 28 0.106060
30 336 112 28 28 6.720441
30 336 119 28 28 7.193590
30 336 126 28 28 1.244771
30 343 112 28 28 0.131527
30 343 119 28 28 2.519207
30 350 126 28 28 0.168544
30 480 210 24 24 1.280441
30 492 6 24 24 1.531495
30 492 12 24 24 1.170503
30 498 6 24 24 6.417023
30 498 12 24 24 4.870118
60 256 0 64 64 2.481685
60 441 162 36 36 2.373388
60 16 112 32 32 0.319586
60 24 112 32 32 0.684950
60 112 119 28 28 1.538992
60 112 126 28 28 4.048895
60 112 133 28 28 0.946848
60 119 119 28 28 1.981530
60 119 126 28 28 5.547486
60 119 133 28 28 1.977643
60 126 112 28 28 0.741728
60 126 119 28 28 1.446963
60 126 126 28 28 3.243023
60 126 133 28 28 3.345716
60 168 126 28 28 5.046391
60 224 112 28 28 4.215212
60 224 119 28 28 3.700271
60 224 126 28 28 3.947751
60 224 133 28 28 2.902473
60 231 112 28 28 4.370931
60 231 119 28 28 2.115219
60 238 112 28 28 1.423667
60 238 119 28 28 2.333866
60 357 112 28 28 0.293965
60 210 96 24 24 0.203345
60 498 84 24 24 1.240499
90 144 112 32 32 1.130178
90 384 24 32 32 0.364603
90 400 112 32 32 2.791629
90 400 128 32 32 3.099155
90 400 136 32 32 0.797763
90 112 126 28 28 2.800198
90 119 119 28 28 2.951190
90 119 126 28 28 6.829945
90 119 133 28 28 3.341082
90 126 119 28 28 1.910934
90 126 126 28 28 3.617165
90 126 133 28 28 2.411717
90 154 119 28 28 3.323251
90 154 126 28 28 0.750159
90 168 112 28 28 0.636603
90 224 112 28 28 1.663717
90 224 126 28 28 1.008414
90 350 112 28 28 1.864033
90 357 112 28 28 1.843096
90 357 119 28 28 0.559795
90 357 126 28 28 0.538840
90 462 112 28 28 0.095083
90 469 112 28 28 2.616616
90 469 119 28 28 1.136876
90 210 96 24 24 0.575438
90 492 114 24 24 0.354330
120 256 16 64 64 3.190550
120 256 32 64 64 1.249297
120 272 16 64 64 0.364024
120 288 16 64 64 0.850173
120 352 16 64 64 4.013371
120 385 22 44 44 1.055321
120 24 128 32 32 0.893079
120 176 112 32 32 1.483020
120 192 112 32 32 2.896044
120 119 119 28 28 1.430767
120 154 112 28 28 0.136108
120 224 112 28 28 2.420738
120 231 112 28 28 1.352904
120 245 112 28 28 0.417384
120 343 119 28 28 2.454268
120 448 126 28 28 2.441948
120 448 133 28 28 0.268221
120 455 126 28 28 2.206639
120 204 102 24 24 0.204460
150 256 16 64 64 0.533315
150 272 16 64 64 1.626717
150 288 16 64 64 1.264761
150 352 0 64 64 4.666738
150 352 16 64 64 7.263241
150 352 32 64 64 1.525842
150 363 33 44 44 1.510688
150 128 112 32 32 2.333401
150 136 112 32 32 0.067471
150 192 112 32 32 2.355361
150 0 133 28 28 0.642377
150 119 119 28 28 1.182187
150 126 119 28 28 2.028644
150 126 126 28 28 1.317884
150 224 112 28 28 0.857852
150 224 119 28 28 0.212220
150 231 112 28 28 2.270084
150 238 112 28 28 2.848046
150 245 112 28 28 4.327925
150 343 126 28 28 0.264900
150 350 112 28 28 2.802379
150 350 119 28 28 6.611284
150 350 126 28 28 6.029158
150 357 112 28 28 3.914539
150 357 119 28 28 6.697387
150 357 126 28 28 5.697082
150 448 126 28 28 4.042133
150 448 133 28 28 0.552452
150 402 114 24 24 0.656627
180 256 16 64 64 5.304893
180 256 32 64 64 5.148740
180 272 16 64 64 3.403770
180 272 32 64 64 3.154868
180 288 16 64 64 1.424718
180 288 32 64 64 1.073483
180 176 112 32 32 1.813031
180 192 112 32 32 1.681720
180 384 112 32 32 1.030024
180 384 128 32 32 0.477564
180 392 112 32 32 3.928985
180 392 128 32 32 2.596859
180 400 112 32 32 1.365938
180 400 128 32 32 3.030558
180 408 112 32 32 0.953920
180 14 112 28 28 1.460447
180 21 112 28 28 5.406797
180 21 119 28 28 2.116896
180 154 119 28 28 0.059529
180 224 112 28 28 1.925134
180 231 112 28 28 4.977960
180 231 119 28 28 2.639212
180 238 112 28 28 1.346296
180 238 119 28 28 3.240119
180 343 133 28 28 3.880618
180 350 126 28 28 4.579881
180 350 133 28 28 9.654745
180 357 119 28 28 3.297385
180 357 126 28 28 6.224915
180 357 133 28 28 6.753594
180 462 119 28 28 2.198810
180 462 126 28 28 1.778014
180 462 133 28 28 1.155376
180 384 108 24 24 3.474220
180 384 114 24 24 1.139632
180 390 108 24 24 1.761998
210 256 16 64 64 4.199136
210 256 32 64 64 2.311872
210 352 32 64 64 0.908308
210 352 48 64 64 0.311123
210 315 126 36 36 1.231224
210 432 144 36 36 0.744452
210 16 112 32 32 3.008586
210 24 112 32 32 0.136933
210 136 112 32 32 2.134446
210 144 112 32 32 2.608261
210 176 112 32 32 1.004914
210 384 144 32 32 0.219161
210 408 8 32 32 2.825980
210 408 128 32 32 0.197799
210 21 119 28 28 4.636811
210 21 126 28 28 7.187845
210 21 133 28 28 5.827740
210 154 119 28 28 2.396296
210 154 126 28 28 1.590036
210 168 126 28 28 1.892716
210 224 112 28 28 1.225739
210 224 119 28 28 0.061237
210 224 126 28 28 2.450871
210 231 112 28 28 0.720961
210 231 119 28 28 2.306412
210 231 126 28 28 3.652920
210 231 133 28 28 1.564106
210 238 126 28 28 1.279317
210 238 133 28 28 1.224748
210 350 126 28 28 1.149958
210 357 119 28 28 0.340572
210 357 126 28 28 2.316981
210 448 98 28 28 1.382617
210 144 96 24 24 0.144365
210 144 102 24 24 1.330147
210 402 18 24 24 2.289148
210 486 84 24 24 0.164142
240 256 32 64 64 0.301046
240 256 48 64 64 0.767674
240 352 48 64 64 6.447027
240 396 24 48 48 0.084903
240 396 24 48 48 0.084903
240 315 126 36 36 2.569189
240 315 144 36 36 4.103191
240 432 144 36 36 1.777056
240 432 153 36 36 2.547940
240 144 112 32 32 0.116387
240 408 152 32 32 0.374676
240 0 126 28 28 3.426297
240 0 133 28 28 3.537865
240 119 133 28 28 2.360074
240 126 133 28 28 0.397686
240 154 119 28 28 0.495811
240 154 126 28 28 1.204333
240 154 133 28 28 3.411757
240 168 119 28 28 0.345115
240 168 126 28 28 1.824322
240 336 133 28 28 1.968078
240 343 133 28 28 1.241675
240 448 0 28 28 2.796911
240 448 7 28 28 0.716730
240 455 0 28 28 4.934978
240 455 7 28 28 3.170687
240 455 112 28 28 1.004292
240 462 0 28 28 3.143795
240 108 84 24 24 0.423067
240 132 102 24 24 1.481199
240 204 84 24 24 0.565503
240 210 84 24 24 2.366255
240 390 0 24 24 3.670100
240 396 0 24 24 2.734805
240 402 0 24 24 1.840648
240 486 84 24 24 1.357701
240 486 102 24 24 0.120437
240 492 84 24 24 0.889564
240 492 96 24 24 2.051087
240 492 102 24 24 2.306010
240 498 84 24 24 2.373639
240 498 102 24 24 2.332317
270 48 0 64 64 3.035127
270 396 36 48 48 2.414211
270 408 36 48 48 4.269087
270 420 36 48 48 0.587502
270 396 36 48 48 2.414211
270 408 36 48 48 4.269087
270 420 36 48 48 0.587502
270 220 140 40 40 4.046437
270 320 140 40 40 5.267750
270 330 140 40 40 5.284819
270 0 144 36 36 0.352664
270 0 153 36 36 0.073710
270 198 126 36 36 0.123997
270 198 144 36 36 0.469454
270 216 144 36 36 3.707395
270 216 153 36 36 1.999110
270 0 152 32 32 2.757603
270 8 152 32 32 2.834913
270 128 112 32 32 3.643450
270 136 112 32 32 5.797608
270 136 128 32 32 0.415136
270 144 112 32 32 0.978010
270 176 112 32 32 0.436268
270 192 128 32 32 7.524252
270 192 136 32 32 5.841118
270 400 112 32 32 2.790171
270 408 112 32 32 1.745151
270 7 133 28 28 0.007410
270 119 133 28 28 0.807255
270 154 119 28 28 2.846580
270 154 126 28 28 3.306908
270 168 119 28 28 0.768265
270 168 126 28 28 3.776376
270 448 0 28 28 1.692677
270 448 112 28 28 4.336014
270 448 119 28 28 6.133973
270 448 126 28 28 1.448079
270 455 0 28 28 2.312157
270 455 112 28 28 8.164845
270 455 119 28 28 5.952574
270 455 224 28 28 0.038000
270 462 0 28 28 2.317784
270 462 7 28 28 0.744874
270 462 112 28 28 4.553967
270 462 119 28 28 3.110734
270 469 7 28 28 0.583022
270 96 84 24 24 1.025625
270 102 102 24 24 1.490880
270 102 108 24 24 0.368271
270 108 84 24 24 0.904464
270 108 102 24 24 1.415930
270 204 84 24 24 0.532002
270 384 114 24 24 1.064569
270 480 12 24 24 0.200878
270 492 0 24 24 2.879108
270 492 6 24 24 0.835933
270 492 114 24 24 1.595010
270 498 0 24 24 1.286541
270 498 114 24 24 0.298217
300 32 0 64 64 0.026217
300 32 48 64 64 0.490082
300 48 32 64 64 0.482509
300 384 36 48 48 1.450864
300 396 36 48 48 3.485078
300 408 36 48 48 0.974183
300 384 36 48 48 1.450864
300 396 36 48 48 3.485078
300 408 36 48 48 0.974183
300 187 154 44 44 2.962581
300 198 154 44 44 3.599832
300 340 140 40 40 3.221107
300 340 160 40 40 2.059121
300 350 20 40 40 0.293416
300 350 140 40 40 0.670274
300 350 160 40 40 1.903803
300 162 126 36 36 4.430721
300 198 144 36 36 1.672520
300 198 153 36 36 1.676675
300 198 171 36 36 0.047596
300 216 144 36 36 1.196201
300 216 153 36 36 0.857369
300 216 162 36 36 0.829788
300 216 171 36 36 0.926785
300 176 128 32 32 5.732853
300 176 136 32 32 6.008074
300 176 144 32 32 0.947326
300 392 112 32 32 3.488658
300 400 112 32 32 3.972463
300 408 112 32 32 3.441287
300 119 119 28 28 0.296741
300 126 112 28 28 0.373017
300 126 119 28 28 2.851077
300 126 126 28 28 3.337936
300 154 119 28 28 0.645959
300 448 112 28 28 5.529233
300 448 119 28 28 5.183539
300 448 126 28 28 3.161062
300 455 112 28 28 4.749790
300 455 119 28 28 3.224078
300 462 112 28 28 3.457797
300 462 119 28 28 4.434001
300 462 126 28 28 0.110413
300 469 112 28 28 1.120199
300 469 119 28 28 1.438908
300 0 102 24 24 2.539145
300 0 108 24 24 4.217737
300 6 108 24 24 1.666110
300 96 84 24 24 1.258725
300 96 96 24 24 2.124765
300 96 102 24 24 1.792980
300 198 84 24 24 0.165741
300 384 108 24 24 1.398888
300 384 114 24 24 2.070750
300 384 192 24 24 0.832024
300 486 0 24 24 2.176709
300 492 0 24 24 0.590651
330 16 32 64 64 0.073947
330 32 32 64 64 2.324991
330 32 48 64 64 1.054007
330 48 32 64 64 2.707461
330 408 36 48 48 5.459906
330 420 36 48 48 3.226733
330 408 36 48 48 5.459906
330 420 36 48 48 3.226733
330 187 176 44 44 0.630751
330 363 154 44 44 0.968982
330 162 126 36 36 2.118779
330 198 144 36 36 0.267287
330 136 112 32 32 1.193924
330 176 136 32 32 0.329440
330 154 126 28 28 1.829717
330 224 112 28 28 1.811341
330 462 119 28 28 1.596138
330 469 119 28 28 1.640321
330 0 108 24 24 1.230781
330 192 96 24 24 2.892130
330 204 84 24 24 0.426150
360 16 32 64 64 1.181521
360 16 48 64 64 1.180499
360 32 32 64 64 3.578295
360 32 48 64 64 3.154397
360 48 32 64 64 2.480143
360 48 48 64 64 0.116752
360 420 24 48 48 1.290324
360 420 36 48 48 2.618662
360 420 24 48 48 1.290324
360 420 36 48 48 2.618662
360 160 140 40 40 0.281281
360 162 126 36 36 2.307130
360 128 112 32 32 2.370793
360 136 112 32 32 1.184429
360 176 136 32 32 0.430167
360 176 144 32 32 2.147261
360 112 133 28 28 0.226546
360 238 98 28 28 0.659305
360 469 119 28 28 1.030105
360 469 126 28 28 0.039671
360 96 84 24 24 1.085503
360 102 84 24 24 0.715516
390 16 48 64 64 1.155673
390 32 32 64 64 1.312416
390 32 48 64 64 2.192742
390 420 36 48 48 0.027185
390 420 36 48 48 0.027185
390 0 140 40 40 0.949658
390 160 140 40 40 1.501400
390 170 140 40 40 2.820117
390 162 126 36 36 2.817827
390 162 144 36 36 1.413670
390 128 112 32 32 3.372955
390 192 152 32 32 0.348623
390 126 126 28 28 2.092381
390 224 98 28 28 1.269809
390 455 126 28 28 0.124187
390 469 112 28 28 0.650866
390 96 84 24 24 0.544042
390 108 84 24 24 0.265415
420 0 48 64 64 0.358586
420 16 48 64 64 2.786591
420 32 32 64 64 0.367741
420 32 48 64 64 4.010049
420 420 36 48 48 0.652326
420 420 36 48 48 0.652326
420 160 140 40 40 1.905511
420 170 140 40 40 2.995337
420 153 162 36 36 0.238154
420 162 144 36 36 2.695146
420 128 128 32 32 4.345336
420 136 128 32 32 0.435589
420 176 152 32 32 1.582534
420 126 133 28 28 2.133832
420 102 84 24 24 1.564467
420 204 192 24 24 0.560220
420 210 84 24 24 0.768528
420 486 114 24 24 0.039634
450 16 48 64 64 1.273152
450 32 48 64 64 4.331471
450 48 48 64 64 1.993973
450 0 140 40 40 0.146430
450 160 140 40 40 2.483932
450 170 140 40 40 1.553757
450 153 144 36 36 0.335529
450 162 144 36 36 2.365606
450 162 153 36 36 1.280386
450 128 128 32 32 5.198767
450 136 128 32 32 0.388670
450 176 152 32 32 0.337635
450 126 133 28 28 2.901024
450 224 112 28 28 0.340564
450 455 224 28 28 1.962739
450 96 96 24 24 0.417616
450 96 108 24 24 0.811734
450 102 84 24 24 2.457537
450 102 114 24 24 0.027235
450 204 84 24 24 0.243791
450 210 84 24 24 0.638258
450 486 114 24 24 0.438964
480 16 48 64 64 1.590919
480 32 48 64 64 3.286297
480 48 48 64 64 0.559877
480 160 140 40 40 2.253516
480 153 144 36 36 1.648273
480 162 144 36 36 3.255388
480 162 153 36 36 1.999277
480 128 128 32 32 4.126975
480 128 136 32 32 2.067150
480 224 112 28 28 1.322095
480 455 224 28 28 1.118108
480 96 96 24 24 0.306006
480 102 96 24 24 0.608949
480 102 114 24 24 1.520973
480 144 96 24 24 1.074556
480 144 102 24 24 1.841330
480 210 84 24 24 0.172674
510 32 48 64 64 3.172325
510 48 48 64 64 0.856583
510 160 140 40 40 0.199413
510 170 160 40 40 0.169361
510 162 144 36 36 2.143826
510 162 153 36 36 1.755605
510 128 128 32 32 5.508600
510 128 136 32 32 5.234626
510 136 128 32 32 1.937170
510 136 136 32 32 2.941431
510 96 96 24 24 0.519360
510 204 192 24 24 1.555856
510 210 192 24 24 1.037547
510 210 198 24 24 0.990041
510 210 204 24 24 0.223942
510 210 210 24 24 0.202954
540 16 48 64 64 1.259961
540 32 48 64 64 4.189333
540 48 48 64 64 1.474460
540 176 209 44 44 0.797074
540 10 160 40 40 1.101927
540 160 140 40 40 0.553214
540 160 160 40 40 0.041360
540 170 160 40 40 1.465867
540 180 160 40 40 0.163922
540 18 162 36 36 0.232431
540 18 171 36 36 2.181789
540 162 144 36 36 1.301286
540 162 153 36 36 1.432804
540 128 128 32 32 3.340450
540 128 136 32 32 4.786620
540 136 128 32 32 2.024405
540 136 136 32 32 3.793123
540 176 152 32 32 0.825094
540 224 119 28 28 3.332767
540 224 126 28 28 4.478775
540 224 133 28 28 1.631430
540 469 126 28 28 1.400551
540 108 96 24 24 0.096486
540 192 204 24 24 0.250815
540 204 198 24 24 2.617016
540 204 204 24 24 1.450922
540 210 198 24 24 2.914615
540 210 204 24 24 2.344681
570 16 48 64 64 0.755195
570 32 48 64 64 3.003731
570 176 154 44 44 0.133289
570 176 198 44 44 1.496789
570 187 154 44 44 0.668040
570 187 198 44 44 0.148827
570 187 209 44 44 1.513198
570 160 140 40 40 3.110416
570 160 160 40 40 1.510752
570 170 160 40 40 3.360389
570 180 160 40 40 2.858333
570 153 144 36 36 0.092137
570 162 144 36 36 2.943180
570 162 153 36 36 2.248840
570 162 162 36 36 0.084733
570 162 171 36 36 0.193235
570 198 153 36 36 2.168819
570 198 162 36 36 3.333274
570 198 171 36 36 1.858612
570 432 126 36 36 1.073178
570 128 128 32 32 3.161304
570 128 136 32 32 4.918390
570 136 128 32 32 2.506709
570 136 136 32 32 4.975235
570 224 126 28 28 4.208079
570 224 133 28 28 6.019790
570 231 126 28 28 1.631987
570 231 133 28 28 2.156712
570 238 112 28 28 1.139727
570 96 96 24 24 0.723621
570 192 198 24 24 1.944494
570 192 204 24 24 0.811941
570 198 192 24 24 1.162545
570 198 198 24 24 1.548921
570 204 192 24 24 0.776362
570 204 198 24 24 2.577179
570 204 204 24 24 0.363505
570 210 114 24 24 2.015184
570 210 198 24 24 0.134619
600 32 48 64 64 2.281796
600 48 48 64 64 0.219897
600 176 154 44 44 1.661112
600 176 198 44 44 0.402290
600 176 209 44 44 0.719912
600 187 154 44 44 2.319829
600 187 198 44 44 2.475994
600 187 209 44 44 3.674573
600 160 140 40 40 2.859427
600 160 160 40 40 3.938418
600 170 160 40 40 3.148667
600 180 160 40 40 4.231684
600 153 144 36 36 1.508138
600 162 144 36 36 2.591442
600 162 153 36 36 3.522375
600 162 162 36 36 0.862169
600 198 153 36 36 2.238388
600 198 162 36 36 3.387307
600 198 171 36 36 2.585785
600 128 128 32 32 2.292071
600 128 136 32 32 4.426305
600 136 128 32 32 1.902481
600 136 136 32 32 3.663662
600 0 245 28 28 1.849332
600 7 238 28 28 0.220970
600 7 245 28 28 2.865093
600 14 245 28 28 1.776343
600 224 126 28 28 6.683026
600 224 133 28 28 6.120759
600 231 126 28 28 3.980012
600 231 133 28 28 4.418379
600 238 112 28 28 0.498328
600 245 112 28 28 0.613421
600 245 119 28 28 0.432676
600 469 126 28 28 1.943499
600 96 96 24 24 0.396081
600 108 96 24 24 0.371204
600 192 198 24 24 0.269281
600 198 198 24 24 0.206293
630 32 48 64 64 0.533925
630 0 168 48 48 0.834131
630 0 168 48 48 0.834131
630 11 176 44 44 0.275881
630 11 187 44 44 2.361049
630 176 154 44 44 1.728480
630 176 209 44 44 0.459845
630 187 154 44 44 2.635522
630 187 198 44 44 1.379370
630 187 209 44 44 3.274408
630 160 140 40 40 3.121357
630 160 160 40 40 4.225921
630 170 160 40 40 3.021042
630 180 160 40 40 3.694458
630 153 144 36 36 1.145680
630 162 144 36 36 2.578003
630 162 153 36 36 3.197896
630 162 162 36 36 1.234353
630 162 171 36 36 0.992920
630 198 153 36 36 2.253194
630 198 162 36 36 3.844949
630 198 171 36 36 2.760345
630 216 171 36 36 0.061465
630 128 128 32 32 3.157732
630 128 136 32 32 5.369477
630 136 128 32 32 2.603077
630 136 136 32 32 4.744940
630 14 245 28 28 1.735634
630 21 231 28 28 0.613862
630 21 238 28 28 1.917844
630 21 245 28 28 1.859549
630 224 126 28 28 6.289454
630 224 133 28 28 5.619778
630 231 126 28 28 3.314301
630 231 133 28 28 3.960105
630 238 112 28 28 0.166698
630 245 112 28 28 0.075215
630 469 126 28 28 1.927377
630 96 96 24 24 1.413702
630 108 96 24 24 0.777118
630 192 198 24 24 0.581627
630 198 192 24 24 0.403740
630 198 198 24 24 0.279159
630 210 114 24 24 0.516179
660 12 168 48 48 0.139172
660 12 168 48 48 0.139172
660 22 176 44 44 0.491747
660 176 154 44 44 1.185464
660 187 154 44 44 2.209272
660 187 198 44 44 2.343603
660 187 209 44 44 1.949244
660 160 140 40 40 2.409065
660 160 160 40 40 4.179457
660 170 160 40 40 3.107578
660 180 160 40 40 4.130912
660 153 144 36 36 0.612843
660 153 162 36 36 0.096104
660 162 144 36 36 0.679553
660 162 153 36 36 2.439357
660 162 162 36 36 0.796923
660 162 171 36 36 0.181083
660 198 153 36 36 2.571127
660 198 162 36 36 3.495459
660 198 171 36 36 2.241427
660 216 171 36 36 0.497531
660 128 128 32 32 3.490108
660 128 136 32 32 4.767464
660 136 128 32 32 3.284511
660 136 136 32 32 4.215900
660 192 112 32 32 0.154462
660 224 119 28 28 0.739807
660 224 126 28 28 6.509141
660 224 133 28 28 5.319469
660 231 126 28 28 4.408269
660 231 133 28 28 3.057958
660 96 96 24 24 1.191470
660 102 96 24 24 0.312710
660 108 96 24 24 2.189658
660 210 114 24 24 0.106695
660 390 84 24 24 1.299769
660 486 114 24 24 5.174088
660 492 114 24 24 5.290692
690 176 154 44 44 1.415164
690 187 154 44 44 2.385806
690 187 198 44 44 2.250713
690 187 209 44 44 1.681264
690 160 140 40 40 2.496063
690 160 160 40 40 4.683777
690 170 160 40 40 3.568069
690 180 160 40 40 4.302265
690 153 144 36 36 0.726059
690 153 162 36 36 0.373846
690 162 144 36 36 0.437494
690 162 153 36 36 3.079225
690 162 162 36 36 1.177176
690 162 171 36 36 0.748691
690 198 153 36 36 2.147773
690 198 162 36 36 3.510288
690 198 171 36 36 2.444926
690 216 171 36 36 0.598968
690 128 128 32 32 3.552117
690 128 136 32 32 5.007261
690 136 128 32 32 2.943525
690 136 136 32 32 3.789761
690 192 112 32 32 0.221139
690 224 119 28 28 0.578915
690 224 126 28 28 6.788271
690 224 133 28 28 5.629336
690 231 126 28 28 5.109033
690 231 133 28 28 3.284567
690 469 126 28 28 1.589437
690 96 96 24 24 1.244860
690 102 96 24 24 0.290237
690 108 96 24 24 2.338785
690 390 84 24 24 0.654741
720 176 154 44 44 0.999945
720 187 154 44 44 2.131646
720 187 198 44 44 2.087270
720 187 209 44 44 1.554554
720 160 140 40 40 2.607408
720 160 160 40 40 4.234671
720 170 160 40 40 3.374170
720 180 160 40 40 4.109748
720 153 144 36 36 0.752626
720 153 162 36 36 1.078084
720 162 144 36 36 0.455620
720 162 153 36 36 2.957811
720 162 162 36 36 1.405351
720 162 171 36 36 0.786740
720 198 153 36 36 2.621162
720 198 162 36 36 3.541347
720 198 171 36 36 2.260599
720 216 171 36 36 0.583158
720 128 128 32 32 4.244399
720 128 136 32 32 4.638969
720 136 128 32 32 3.170420
720 136 136 32 32 4.073349
720 192 112 32 32 0.007612
720 21 133 28 28 0.009899
720 224 119 28 28 0.957039
720 224 126 28 28 6.708972
720 224 133 28 28 5.398052
720 231 126 28 28 4.671600
720 231 133 28 28 3.238575
720 108 96 24 24 0.410028
720 210 114 24 24 0.242025
720 390 84 24 24 0.361009
720 486 114 24 24 1.331368
720 492 114 24 24 2.240062
750 192 168 48 48 0.652453
750 192 168 48 48 0.652453
750 176 154 44 44 0.487470
750 187 154 44 44 2.254601
750 187 198 44 44 2.103938
750 187 209 44 44 1.550204
750 198 154 44 44 0.022582
750 160 140 40 40 1.520149
750 160 160 40 40 4.024567
750 170 160 40 40 2.939693
750 180 160 40 40 4.090957
750 162 153 36 36 1.731099
750 162 162 36 36 0.843792
750 198 153 36 36 2.480529
750 198 162 36 36 3.734715
750 198 171 36 36 2.048993
750 216 171 36 36 0.326703
750 128 128 32 32 3.245410
750 128 136 32 32 4.175969
750 136 128 32 32 2.714875
750 136 136 32 32 3.345363
750 21 133 28 28 0.164270
750 224 119 28 28 1.130969
750 224 126 28 28 6.918141
750 224 133 28 28 5.824383
750 231 126 28 28 4.797540
750 231 133 28 28 3.556266
750 469 126 28 28 2.091737
750 469 133 28 28 0.021236
750 96 96 24 24 1.338899
750 102 96 24 24 0.121897
750 108 96 24 24 2.318550
750 198 192 24 24 0.609891
780 176 154 44 44 1.290442
780 187 154 44 44 2.301136
780 187 198 44 44 2.113670
780 187 209 44 44 1.628007
780 160 140 40 40 2.663887
780 160 160 40 40 4.354865
780 170 160 40 40 3.429517
780 180 160 40 40 4.432755
780 153 144 36 36 0.808531
780 153 162 36 36 0.537124
780 162 144 36 36 0.714324
780 162 153 36 36 3.046373
780 162 162 36 36 1.130102
780 162 171 36 36 0.283349
780 198 153 36 36 2.543226
780 198 162 36 36 3.640942
780 198 171 36 36 2.468853
780 216 171 36 36 0.446948
780 128 128 32 32 3.165493
780 128 136 32 32 4.705732
780 136 128 32 32 2.879436
780 136 136 32 32 4.017973
780 21 133 28 28 0.341048
780 224 119 28 28 1.233579
780 224 126 28 28 6.912663
780 224 133 28 28 5.602677
780 231 126 28 28 4.756055
780 231 133 28 28 3.241248
780 448 133 28 28 0.564217
780 469 126 28 28 0.160079
780 96 96 24 24 1.491379
780 102 96 24 24 0.870748
780 108 96 24 24 3.290978
780 390 84 24 24 0.111755
810 192 168 48 48 0.022342
810 192 168 48 48 0.022342
810 176 154 44 44 1.392131
810 187 154 44 44 2.302121
810 187 198 44 44 2.213324
810 187 209 44 44 1.672995
810 160 140 40 40 2.245493
810 160 160 40 40 4.064959
810 170 160 40 40 3.326961
810 180 160 40 40 4.443969
810 153 144 36 36 0.720768
810 153 162 36 36 0.413972
810 162 144 36 36 0.682616
810 162 153 36 36 2.681029
810 162 162 36 36 0.583045
810 162 171 36 36 0.147941
810 198 153 36 36 2.591911
810 198 162 36 36 3.427080
810 198 171 36 36 2.308772
810 216 171 36 36 0.000326
810 128 128 32 32 3.260403
810 128 136 32 32 4.630341
810 136 128 32 32 3.438142
810 136 136 32 32 4.225682
810 192 112 32 32 0.396839
810 21 133 28 28 0.436763
810 224 119 28 28 0.867756
810 224 126 28 28 6.748949
810 224 133 28 28 5.675089
810 231 126 28 28 4.496701
810 231 133 28 28 3.290591
810 469 126 28 28 1.573192
810 96 96 24 24 0.321481
810 108 96 24 24 1.249063
810 210 114 24 24 0.047602
810 390 84 24 24 1.024493
840 176 154 44 44 1.364323
840 187 154 44 44 2.181708
840 187 198 44 44 2.221817
840 187 209 44 44 1.523732
840 160 140 40 40 2.554956
840 160 160 40 40 4.237115
840 170 160 40 40 3.463680
840 180 160 40 40 4.304026
840 153 144 36 36 1.065006
840 153 162 36 36 0.195430
840 162 144 36 36 1.024623
840 162 153 36 36 3.015406
840 162 162 36 36 0.929008
840 162 171 36 36 0.125263
840 198 153 36 36 2.662089
840 198 162 36 36 3.441714
840 198 171 36 36 2.154298
840 216 171 36 36 0.244619
840 128 128 32 32 2.621868
840 128 136 32 32 4.804195
840 136 128 32 32 2.684585
840 136 136 32 32 3.907522
840 224 119 28 28 0.884158
840 224 126 28 28 6.982470
840 224 133 28 28 5.583150
840 231 126 28 28 4.611177
840 231 133 28 28 3.269773
840 469 126 28 28 1.503662
840 469 133 28 28 0.099406
840 108 96 24 24 0.689353
840 210 114 24 24 1.552161
840 390 84 24 24 1.283305
870 176 154 44 44 1.341449
870 187 154 44 44 2.155810
870 187 198 44 44 2.097825
870 187 209 44 44 1.462128
870 160 140 40 40 2.582490
870 160 160 40 40 4.661281
870 170 160 40 40 3.439387
870 180 160 40 40 4.257931
870 153 144 36 36 0.939962
870 153 162 36 36 0.856214
870 162 144 36 36 1.280280
870 162 153 36 36 2.811201
870 162 162 36 36 1.258077
870 162 171 36 36 1.178998
870 198 153 36 36 2.411956
870 198 162 36 36 3.469854
870 198 171 36 36 2.360133
870 216 171 36 36 0.270791
870 128 128 32 32 3.241602
870 128 136 32 32 4.676870
870 136 128 32 32 3.742651
870 136 136 32 32 4.278276
870 192 112 32 32 0.437291
870 224 119 28 28 0.658087
870 224 126 28 28 6.487659
870 224 133 28 28 5.503272
870 231 126 28 28 4.336942
870 231 133 28 28 3.395514
870 469 126 28 28 0.944345
870 96 96 24 24 0.405126
870 108 96 24 24 0.757296
870 390 84 24 24 2.043746
900 176 154 44 44 1.098528
900 187 154 44 44 2.108373
900 187 198 44 44 2.209316
900 187 209 44 44 1.598296
900 198 154 44 44 0.014545
900 160 140 40 40 2.318362
900 160 160 40 40 3.517228
900 170 160 40 40 3.102232
900 180 160 40 40 4.491957
900 153 144 36 36 0.463393
900 162 144 36 36 0.741250
900 162 153 36 36 2.191376
900 198 153 36 36 2.519621
900 198 162 36 36 3.334713
900 198 171 36 36 1.965298
900 216 171 36 36 0.123246
900 128 128 32 32 2.704173
900 128 136 32 32 4.991629
900 136 128 32 32 2.771628
900 136 136 32 32 3.815019
900 224 119 28 28 0.537175
900 224 126 28 28 6.502987
900 224 133 28 28 5.322518
900 231 126 28 28 4.239744
900 231 133 28 28 3.228158
900 469 126 28 28 1.189096
900 469 133 28 28 0.255361
900 108 96 24 24 1.972921
900 390 84 24 24 1.474243
930 32 48 64 64 0.055215
930 48 0 64 64 0.260577
930 192 168 48 48 0.204541
930 192 168 48 48 0.204541
930 176 154 44 44 2.318271
930 187 154 44 44 2.412840
930 187 198 44 44 2.655576
930 187 209 44 44 2.114085
930 198 154 44 44 0.143198
930 160 140 40 40 0.369815
930 160 160 40 40 1.348574
930 170 160 40 40 3.044284
930 170 170 40 40 0.156026
930 180 160 40 40 4.015101
930 180 170 40 40 0.542168
930 162 144 36 36 0.277788
930 198 144 36 36 1.162302
930 198 153 36 36 1.930399
930 198 162 36 36 3.302502
930 198 171 36 36 2.227821
930 216 171 36 36 0.489746
930 128 128 32 32 2.444994
930 128 136 32 32 4.594683
930 136 128 32 32 2.228776
930 136 136 32 32 3.414759
930 144 136 32 32 0.194821
930 224 126 28 28 6.042474
930 224 133 28 28 6.591670
930 231 126 28 28 4.880723
930 231 133 28 28 4.596811
930 245 119 28 28 0.155523
930 469 126 28 28 1.340146
930 469 133 28 28 0.520437
930 96 96 24 24 2.302435
930 102 96 24 24 1.345526
930 102 102 24 24 0.262247
930 108 96 24 24 1.903969
930 210 114 24 24 2.660310
930 390 84 24 24 0.328887
960 32 0 64 64 0.129251
960 192 168 48 48 0.453121
960 192 168 48 48 0.453121
960 11 154 44 44 0.459984
960 22 176 44 44 1.457232
960 33 176 44 44 1.407286
960 176 154 44 44 0.775654
960 187 154 44 44 2.957898
960 187 198 44 44 2.509636
960 187 209 44 44 1.888829
960 160 140 40 40 1.853661
960 170 140 40 40 1.879564
960 170 160 40 40 2.455603
960 180 160 40 40 3.080369
960 153 171 36 36 0.075429
960 198 153 36 36 2.411676
960 198 162 36 36 4.105337
960 198 171 36 36 3.220026
960 136 136 32 32 1.994748
960 224 119 28 28 1.178496
960 224 126 28 28 6.090925
960 224 133 28 28 6.530838
960 231 126 28 28 4.590714
960 231 133 28 28 4.179592
960 245 119 28 28 0.374685
960 469 126 28 28 0.747806
960 469 133 28 28 0.171576
960 96 96 24 24 2.576516
960 102 96 24 24 1.491176
960 108 96 24 24 3.211304
960 198 198 24 24 0.231742
960 198 210 24 24 0.120775
960 204 96 24 24 0.216435
960 210 114 24 24 1.978906
960 210 192 24 24 0.511837
990 33 154 44 44 0.771365
990 170 140 40 40 2.432038
990 180 160 40 40 1.059092
990 198 162 36 36 1.898485
990 224 126 28 28 0.432957
990 224 133 28 28 0.393105
990 224 231 28 28 0.101871
990 231 119 28 28 0.059387
990 231 126 28 28 2.904450
990 238 119 28 28 0.722810
990 448 133 28 28 0.592308
990 462 126 28 28 0.115193
990 462 133 28 28 1.167631
990 469 126 28 28 0.882271
990 96 96 24 24 2.684532
990 102 96 24 24 2.256377
990 108 96 24 24 2.788036
990 192 108 24 24 0.782330
990 198 108 24 24 0.868854
990 204 96 24 24 0.596841
990 204 102 24 24 5.308482
990 204 108 24 24 0.922994
990 204 192 24 24 0.909338
990 204 198 24 24 2.554095
990 210 102 24 24 3.562701
990 210 108 24 24 1.142943
990 210 192 24 24 3.644288
990 210 198 24 24 5.989260
1020 32 0 64 64 1.409424
1020 48 0 64 64 2.315408
1020 128 128 32 32 0.501141
1020 144 128 32 32 0.482404
1020 154 133 28 28 0.135453
1020 224 231 28 28 0.462576
1020 224 238 28 28 0.504108
1020 96 96 24 24 0.488686
1020 102 210 24 24 0.783701
1020 108 96 24 24 0.389372
1020 108 210 24 24 1.252599
1020 204 102 24 24 3.375814
1020 210 102 24 24 1.612272
1050 32 0 64 64 3.000821
1050 32 16 64 64 1.787243
1050 48 0 64 64 5.469534
1050 48 16 64 64 1.660549
1050 204 168 48 48 0.675348
1050 204 192 48 48 1.957873
1050 216 168 48 48 0.971508
1050 384 168 48 48 0.684094
1050 204 168 48 48 0.675348
1050 204 192 48 48 1.957873
1050 216 168 48 48 0.971508
1050 384 168 48 48 0.684094
1050 220 160 40 40 2.949759
1050 144 126 36 36 0.481029
1050 153 126 36 36 0.827642
1050 198 144 36 36 1.950304
1050 198 153 36 36 1.989005
1050 198 162 36 36 1.261089
1050 216 153 36 36 3.822881
1050 216 162 36 36 5.586975
1050 450 126 36 36 0.481841
1050 128 128 32 32 2.043043
1050 144 128 32 32 1.206118
1050 154 133 28 28 1.316735
1050 224 126 28 28 0.675741
1050 224 133 28 28 2.248430
1050 231 133 28 28 2.617994
1050 238 133 28 28 3.254456
1050 238 224 28 28 0.722939
1050 238 231 28 28 0.564717
1050 245 133 28 28 5.562371
1050 245 224 28 28 2.121567
1050 448 133 28 28 1.164168
1050 96 96 24 24 0.041784
1050 102 96 24 24 2.498462
1050 108 96 24 24 0.847096
1050 132 192 24 24 3.216208
1050 132 198 24 24 3.739946
1050 132 204 24 24 1.224588
1050 144 204 24 24 1.129074
1080 16 0 64 64 0.709776
1080 32 0 64 64 4.259595
1080 32 16 64 64 0.633571
1080 48 0 64 64 6.220005
1080 48 16 64 64 3.196655
1080 216 168 48 48 1.691343
1080 384 168 48 48 3.611876
1080 216 168 48 48 1.691343
1080 384 168 48 48 3.611876
1080 242 154 44 44 2.017883
1080 242 176 44 44 1.585330
1080 385 154 44 44 1.498043
1080 385 176 44 44 0.047010
1080 240 160 40 40 4.003254
1080 240 170 40 40 1.935586
1080 240 180 40 40 0.666642
1080 240 190 40 40 0.783961
1080 18 153 36 36 0.417369
1080 144 144 36 36 1.308272
1080 144 153 36 36 2.406266
1080 144 162 36 36 0.521062
1080 216 144 36 36 4.656994
1080 432 126 36 36 2.259971
1080 128 112 32 32 0.107996
1080 128 128 32 32 2.589970
1080 128 136 32 32 0.617358
1080 136 128 32 32 0.778089
1080 136 144 32 32 2.519950
1080 136 152 32 32 0.923358
1080 144 128 32 32 0.054181
1080 176 128 32 32 2.273592
1080 112 126 28 28 0.016860
1080 168 133 28 28 1.283385
1080 238 133 28 28 0.016814
1080 448 133 28 28 1.317748
1080 455 133 28 28 3.248945
1080 102 102 24 24 0.866006
1110 16 0 64 64 1.536561
1110 32 0 64 64 4.583182
1110 48 0 64 64 6.394836
1110 48 16 64 64 2.494051
1110 384 168 48 48 4.676848
1110 396 168 48 48 4.268495
1110 384 168 48 48 4.676848
1110 396 168 48 48 4.268495
1110 160 140 40 40 3.931246
1110 27 126 36 36 1.221359
1110 144 144 36 36 3.464145
1110 144 153 36 36 1.342960
1110 153 144 36 36 4.625638
1110 153 153 36 36 2.759361
1110 153 162 36 36 0.281072
1110 153 171 36 36 1.050993
1110 162 144 36 36 3.007288
1110 162 153 36 36 2.789668
1110 198 126 36 36 0.126330
1110 441 126 36 36 1.987173
1110 450 126 36 36 5.463243
1110 459 126 36 36 3.318857
1110 459 144 36 36 1.414409
1110 0 256 32 32 0.190310
1110 8 256 32 32 1.093343
1110 24 144 32 32 0.687826
1110 128 128 32 32 1.060493
1110 136 128 32 32 0.459657
1110 176 144 32 32 0.133063
1110 176 152 32 32 1.208401
1110 192 128 32 32 1.260199
1110 192 136 32 32 4.291857
1110 192 144 32 32 2.380200
1110 0 126 28 28 0.175572
1110 7 126 28 28 2.631140
1110 7 133 28 28 1.130869
1110 14 126 28 28 3.862114
1110 14 133 28 28 4.053445
1110 14 224 28 28 1.044627
1110 14 231 28 28 0.166404
1110 21 231 28 28 1.018136
1110 112 126 28 28 2.111978
1110 112 133 28 28 0.803382
1110 154 133 28 28 0.746999
1110 231 133 28 28 0.096904
1110 455 133 28 28 0.060424
1110 294 192 24 24 1.983983
1110 300 192 24 24 1.131282
1140 48 0 64 64 3.330210
1140 48 16 64 64 1.922925
1140 352 48 64 64 1.290658
1140 24 168 48 48 0.080000
1140 36 168 48 48 0.349122
1140 420 168 48 48 3.316935
1140 24 168 48 48 0.080000
1140 36 168 48 48 0.349122
1140 420 168 48 48 3.316935
1140 33 187 44 44 0.132677
1140 160 140 40 40 3.835958
1140 170 140 40 40 3.817047
1140 170 160 40 40 1.987844
1140 162 144 36 36 4.550633
1140 162 153 36 36 2.831581
1140 441 162 36 36 0.102835
1140 441 171 36 36 0.087038
1140 450 171 36 36 0.996386
1140 459 126 36 36 3.451201
1140 176 136 32 32 2.823232
1140 176 144 32 32 4.550044
1140 176 152 32 32 5.647506
1140 192 144 32 32 1.896550
1140 192 152 32 32 4.436998
1140 126 133 28 28 2.767520
1140 154 133 28 28 1.509803
1140 192 192 24 24 4.721318
1140 192 198 24 24 0.049817
1140 198 192 24 24 2.412935
1170 48 0 64 64 2.246594
1170 48 16 64 64 2.488032
1170 180 140 40 40 2.841101
1170 198 144 36 36 2.704798
1170 192 144 32 32 5.782863
1170 192 152 32 32 5.067427
1170 126 14 28 28 1.202190
1170 154 126 28 28 1.470916
1170 168 126 28 28 2.411882
1170 245 133 28 28 0.441015
1170 350 224 28 28 3.505599
1170 108 84 24 24 2.345395
1200 32 0 64 64 0.427023
1200 272 16 64 64 2.414617
1200 352 16 64 64 0.443031
1200 408 216 48 48 0.515631
1200 408 216 48 48 0.515631
1200 160 160 40 40 4.457142
1200 160 170 40 40 3.104268
1200 170 140 40 40 0.737611
1200 170 160 40 40 5.449389
1200 170 170 40 40 2.803476
1200 144 162 36 36 3.180117
1200 144 171 36 36 3.567652
1200 153 162 36 36 2.312044
1200 153 171 36 36 5.183391
1200 162 162 36 36 1.881556
1200 162 171 36 36 4.702476
1200 216 126 36 36 1.851125
1200 136 112 32 32 0.116121
1200 176 144 32 32 1.043742
1200 384 112 32 32 1.139100
1200 119 0 28 28 0.123715
1200 126 0 28 28 0.651867
1200 448 231 28 28 3.021563
1200 448 238 28 28 3.622683
1200 448 245 28 28 0.826228
1200 455 126 28 28 0.393613
1200 455 231 28 28 3.639331
1200 455 238 28 28 4.107942
1200 455 245 28 28 2.872861
1200 462 119 28 28 1.706833
1200 462 126 28 28 2.297578
1200 462 133 28 28 0.873641
1200 462 231 28 28 3.601103
1200 462 238 28 28 2.716273
1200 469 112 28 28 0.324303
1200 469 119 28 28 2.711586
1200 469 126 28 28 3.379977
1200 469 133 28 28 2.219643
1200 102 12 24 24 1.890629
1200 102 18 24 24 1.393154
1200 108 12 24 24 1.317359
1200 108 18 24 24 2.192728
1200 132 12 24 24 0.905159
1200 132 18 24 24 0.893870
1200 192 204 24 24 2.116998
1200 192 210 24 24 1.506704
1230 0 32 64 64 2.802949
1230 16 0 64 64 0.561986
1230 32 16 64 64 0.692346
1230 32 32 64 64 0.490227
1230 170 140 40 40 2.670942
1230 180 140 40 40 5.382131
1230 180 160 40 40 1.787235
1230 198 144 36 36 2.231546
1230 198 153 36 36 4.011232
1230 198 162 36 36 6.037363
1230 216 153 36 36 1.840016
1230 0 144 32 32 0.031450
1230 192 152 32 32 0.216936
1230 168 112 28 28 0.400012
1230 168 119 28 28 1.891178
1230 238 126 28 28 2.431528
1230 238 133 28 28 0.151368
1230 210 192 24 24 3.620571
1230 210 198 24 24 1.142547
1230 498 0 24 24 0.239556
1260 256 16 64 64 0.720989
1260 198 126 36 36 0.750233
1260 198 144 36 36 5.479330
1260 198 153 36 36 4.989436
1260 216 126 36 36 0.777573
1260 192 112 32 32 1.502535
1260 231 126 28 28 0.047351
1260 238 133 28 28 0.790808
1260 198 96 24 24 1.050094
1260 198 102 24 24 4.137339
1260 204 96 24 24 0.268197
1260 204 102 24 24 1.489269
1260 210 102 24 24 0.466679
1290 256 16 64 64 1.454641
1290 256 32 64 64 1.577370
1290 272 16 64 64 0.901142
1290 272 32 64 64 0.397917
1290 27 126 36 36 0.243814
1290 198 126 36 36 1.875396
1290 198 144 36 36 3.764647
1290 198 153 36 36 3.441990
1290 432 126 36 36 1.278376
1290 432 144 36 36 0.309718
1290 441 126 36 36 1.124937
1290 441 144 36 36 2.329165
1290 24 136 32 32 0.924242
1290 24 144 32 32 1.848940
1290 128 128 32 32 1.864490
1290 128 136 32 32 4.369848
1290 128 144 32 32 3.936815
1290 384 128 32 32 0.618109
1290 154 119 28 28 2.824969
1290 18 0 24 24 0.250077
1290 96 108 24 24 0.672781
1290 102 108 24 24 0.440405
1290 102 114 24 24 1.290004
1290 192 102 24 24 4.857822
1290 192 108 24 24 4.331782
1290 198 102 24 24 4.223839
1290 198 108 24 24 8.900975
1290 204 102 24 24 4.118141
1290 204 108 24 24 2.722649
1320 32 32 64 64 0.478436
1320 32 48 64 64 2.667193
1320 48 32 64 64 3.423193
1320 48 48 64 64 3.887531
1320 256 16 64 64 2.498559
1320 256 32 64 64 2.487546
1320 272 16 64 64 0.295191
1320 272 32 64 64 2.334305
1320 288 32 64 64 3.486767
1320 288 48 64 64 2.001868
1320 27 126 36 36 1.124987
1320 198 144 36 36 2.286834
1320 198 153 36 36 1.100775
1320 198 162 36 36 2.284336
1320 0 136 32 32 0.379335
1320 8 136 32 32 2.243327
1320 128 128 32 32 2.246602
1320 400 8 32 32 0.219388
1320 126 133 28 28 1.807198
1320 154 112 28 28 2.311866
1320 154 119 28 28 1.981478
1320 168 98 28 28 2.476718
1320 168 119 28 28 0.950903
1320 448 126 28 28 4.509710
1320 455 112 28 28 0.186278
1320 455 119 28 28 2.211650
1320 455 126 28 28 1.435718
1320 462 112 28 28 0.303966
1320 462 119 28 28 1.880737
1320 462 126 28 28 0.744513
1320 192 102 24 24 0.448248
1350 0 32 64 64 1.087259
1350 16 32 64 64 2.387502
1350 16 48 64 64 2.106667
1350 32 0 64 64 2.197010
1350 32 16 64 64 1.959707
1350 32 32 64 64 3.479707
1350 32 48 64 64 4.407123
1350 48 0 64 64 3.276560
1350 48 16 64 64 3.547202
1350 48 32 64 64 4.911212
1350 48 48 64 64 0.035717
1350 288 32 64 64 2.091599
1350 288 48 64 64 1.388873
1350 170 140 40 40 2.324079
1350 315 126 36 36 3.106593
1350 8 128 32 32 0.464499
1350 16 128 32 32 3.194959
1350 128 24 32 32 0.141204
1350 176 112 32 32 4.979470
1350 192 152 32 32 1.572313
1350 112 119 28 28 2.099569
1350 112 126 28 28 4.690947
1350 112 133 28 28 0.765882
1350 119 119 28 28 0.224217
1350 119 126 28 28 2.262334
1350 126 119 28 28 2.131536
1350 126 126 28 28 2.506841
1350 154 98 28 28 1.892638
1350 343 133 28 28 2.159997
1350 350 133 28 28 2.225539
1350 357 133 28 28 1.619718
1350 448 112 28 28 0.967921
1350 144 108 24 24 2.003170
1350 210 192 24 24 1.220723
1350 396 0 24 24 1.581476
1380 0 0 64 64 3.555689
1380 0 32 64 64 2.571544
1380 0 48 64 64 3.355676
1380 16 48 64 64 1.307291
1380 32 0 64 64 0.644679
1380 48 0 64 64 2.102705
1380 160 140 40 40 6.237251
1380 170 140 40 40 1.421545
1380 162 144 36 36 2.384183
1380 162 153 36 36 3.001066
1380 459 126 36 36 0.443359
1380 176 112 32 32 0.622508
1380 384 144 32 32 0.650411
1380 7 231 28 28 1.512158
1380 7 238 28 28 3.780703
1380 7 245 28 28 0.030644
1380 14 238 28 28 0.465237
1380 112 98 28 28 1.278835
1380 112 112 28 28 3.927251
1380 112 119 28 28 3.151128
1380 119 112 28 28 0.463388
1380 168 119 28 28 1.280945
1380 336 119 28 28 0.221423
1380 336 126 28 28 5.271666
1380 336 133 28 28 5.727078
1380 343 119 28 28 0.106258
1380 343 126 28 28 0.942881
1380 350 119 28 28 2.576231
1380 350 126 28 28 1.481840
1380 357 112 28 28 0.485717
1380 357 119 28 28 5.713443
1380 357 126 28 28 0.508399
1380 132 96 24 24 4.902226
1380 132 102 24 24 2.490502
1380 144 96 24 24 6.516387
1380 144 102 24 24 1.415345
1380 192 192 24 24 3.338142
1380 192 198 24 24 4.438565
1380 192 204 24 24 0.516413
1380 198 192 24 24 4.292330
1380 198 198 24 24 4.865582
1380 492 102 24 24 0.069880
1380 492 108 24 24 1.667538
1380 498 108 24 24 1.175299
1410 0 32 64 64 3.367308
1410 0 48 64 64 3.264489
1410 16 32 64 64 0.830039
1410 16 48 64 64 2.856616
1410 32 48 64 64 0.221725
1410 256 0 64 64 2.452439
1410 352 48 64 64 0.761467
1410 10 140 40 40 0.205956
1410 180 160 40 40 1.342580
1410 0 126 36 36 2.773372
1410 9 126 36 36 4.929512
1410 9 144 36 36 0.587888
1410 18 126 36 36 0.818618
1410 18 144 36 36 2.708635
1410 432 126 36 36 0.494665
1410 0 128 32 32 0.489374
1410 8 128 32 32 4.691953
1410 8 136 32 32 1.384494
1410 8 144 32 32 1.800210
1410 16 128 32 32 5.639548
1410 16 136 32 32 3.520378
1410 16 144 32 32 7.270949
1410 16 152 32 32 4.091744
1410 24 128 32 32 4.200094
1410 24 136 32 32 3.744492
1410 24 144 32 32 6.074450
1410 24 152 32 32 4.581820
1410 14 126 28 28 1.496716
1410 14 133 28 28 0.683862
1410 21 126 28 28 0.150200
1410 21 133 28 28 0.057635
1410 336 119 28 28 0.139711
1410 343 119 28 28 0.811721
1410 343 126 28 28 3.453961
1410 343 133 28 28 0.225305
1410 350 119 28 28 3.933833
1410 350 126 28 28 4.247856
1410 350 133 28 28 1.292511
1410 357 119 28 28 1.119254
1410 357 126 28 28 1.820605
1410 448 119 28 28 1.041597
1410 448 126 28 28 2.312894
1410 455 119 28 28 1.426704
1410 455 126 28 28 2.014228
1410 462 119 28 28 0.104549
1410 6 12 24 24 1.313073
1410 102 192 24 24 2.287266
1410 108 114 24 24 0.555099
1410 108 192 24 24 0.277460
1410 132 84 24 24 3.237741
1410 132 96 24 24 0.461626
1410 144 84 24 24 2.315992
1410 144 192 24 24 0.283245
1410 192 102 24 24 0.502767
1410 198 192 24 24 2.778573
1410 204 192 24 24 3.774708
1410 204 198 24 24 2.593621
1410 204 204 24 24 0.670802
1410 210 192 24 24 4.777074
1410 210 198 24 24 3.820379
1410 390 192 24 24 5.018544
1410 390 198 24 24 0.864512
1410 396 192 24 24 6.554565
1410 396 198 24 24 4.725492
1410 402 192 24 24 3.676119
1410 402 198 24 24 3.882814
1410 402 204 24 24 0.798353
1410 486 96 24 24 0.298353
1410 486 198 24 24 2.725745
1410 492 198 24 24 2.515889
1410 492 204 24 24 1.394221
1410 498 96 24 24 1.681443
1410 498 192 24 24 0.152356
1410 498 198 24 24 2.143778
1410 498 204 24 24 2.363971
1440 0 48 64 64 0.054861
1440 48 0 64 64 1.885132
1440 256 0 64 64 0.250173
1440 352 0 44 44 1.047431
1440 20 140 40 40 1.915615
1440 30 140 40 40 1.481648
1440 160 140 40 40 2.409148
1440 170 140 40 40 2.544904
1440 170 160 40 40 3.527983
1440 180 160 40 40 2.030547
1440 340 0 40 40 0.340770
1440 340 10 40 40 1.927587
1440 340 20 40 40 0.317583
1440 350 0 40 40 7.885698
1440 350 10 40 40 3.936265
1440 0 153 36 36 0.914339
1440 9 153 36 36 0.623281
1440 18 153 36 36 1.817434
1440 18 162 36 36 1.436572
1440 27 144 36 36 3.577384
1440 27 153 36 36 3.330310
1440 432 0 36 36 2.265523
1440 432 9 36 36 1.161059
1440 441 0 36 36 4.270931
1440 441 9 36 36 0.299795
1440 450 0 36 36 3.790888
1440 459 0 36 36 2.138086
1440 459 126 36 36 1.120322
1440 24 128 32 32 1.750831
1440 192 112 32 32 0.211278
1440 384 24 32 32 4.724796
1440 392 24 32 32 0.161065
1440 224 119 28 28 0.164688
1440 224 126 28 28 1.001900
1440 343 126 28 28 0.652510
1440 350 126 28 28 1.792258
1440 357 126 28 28 3.193277
1440 357 133 28 28 0.396105
1440 455 133 28 28 3.654068
1440 462 133 28 28 3.270507
1440 469 133 28 28 3.279773
1440 0 114 24 24 2.644365
1440 18 192 24 24 3.515602
1440 96 204 24 24 0.872951
1440 132 84 24 24 0.484986
1440 144 84 24 24 2.452159
1440 198 198 24 24 3.094027
1440 198 204 24 24 3.113029
1440 198 210 24 24 0.769581
1440 204 198 24 24 3.272878
1440 204 204 24 24 3.852322
1440 204 210 24 24 1.633037
1440 210 198 24 24 0.225037
1440 210 204 24 24 0.185595
1440 402 12 24 24 0.194743
1470 16 0 64 64 2.012945
1470 288 16 64 64 0.087972
1470 160 160 40 40 3.939062
1470 160 170 40 40 3.266909
1470 340 30 40 40 0.088232
1470 0 126 36 36 0.664308
1470 18 126 36 36 1.250491
1470 144 171 36 36 0.801807
1470 153 162 36 36 2.428612
1470 153 171 36 36 6.638175
1470 162 171 36 36 4.859764
1470 0 128 32 32 4.795332
1470 0 136 32 32 3.265073
1470 8 128 32 32 2.575516
1470 8 136 32 32 2.905632
1470 16 128 32 32 1.006079
1470 24 112 32 32 0.847806
1470 24 128 32 32 0.748604
1470 24 136 32 32 1.386538
1470 144 112 32 32 0.670881
1470 7 133 28 28 0.078823
1470 224 126 28 28 0.154056
1470 343 126 28 28 0.135057
1470 350 126 28 28 6.910213
1470 350 133 28 28 4.574652
1470 357 126 28 28 7.281361
1470 357 133 28 28 4.274346
1470 132 84 24 24 2.672138
1470 306 114 24 24 0.669742
1500 272 0 64 64 0.483235
1500 272 16 64 64 3.775818
1500 272 32 64 64 0.401942
1500 288 0 64 64 1.257819
1500 288 16 64 64 3.975940
1500 288 32 64 64 1.336365
1500 352 16 64 64 2.353889
1500 352 32 64 64 0.847455
1500 30 0 40 40 0.265358
1500 340 0 40 40 2.508258
1500 350 0 40 40 0.732629
1500 0 144 36 36 1.620618
1500 9 27 36 36 0.319704
1500 18 18 36 36 1.184715
1500 27 18 36 36 0.164078
1500 27 27 36 36 1.673262
1500 0 136 32 32 2.754327
1500 0 144 32 32 6.191816
1500 0 152 32 32 2.179735
1500 8 144 32 32 2.083187
1500 136 112 32 32 0.675646
1500 144 112 32 32 2.023924
1500 384 128 32 32 0.444806
1500 0 133 28 28 0.018146
1500 7 112 28 28 0.920937
1500 112 112 28 28 4.444201
1500 112 119 28 28 2.050194
1500 119 112 28 28 2.918589
1500 119 119 28 28 0.285940
1500 154 126 28 28 2.382689
1500 168 126 28 28 4.221555
1500 336 119 28 28 0.866913
1500 343 126 28 28 0.751066
1500 350 126 28 28 2.579894
1500 350 133 28 28 4.884928
1500 357 126 28 28 1.361914
1500 357 133 28 28 3.887349
1500 448 112 28 28 2.198237
1500 448 119 28 28 0.954671
1500 448 133 28 28 0.698222
1500 144 210 24 24 0.472491
1500 306 18 24 24 0.257064
1530 288 16 64 64 1.158749
1530 352 32 64 64 0.993203
1530 0 0 40 40 4.762193
1530 0 10 40 40 2.311580
1530 10 0 40 40 3.872975
1530 10 10 40 40 2.958122
1530 20 0 40 40 0.972791
1530 0 9 36 36 2.135633
1530 9 9 36 36 6.408467
1530 9 18 36 36 6.342321
1530 18 9 36 36 5.247787
1530 18 18 36 36 4.458830
1530 27 9 36 36 2.313512
1530 27 18 36 36 1.338794
1530 432 126 36 36 0.043880
1530 441 126 36 36 0.525669
1530 450 126 36 36 2.700835
1530 459 126 36 36 0.107867
1530 8 24 32 32 0.090413
1530 16 8 32 32 0.061739
1530 16 16 32 32 3.659842
1530 16 24 32 32 3.626441
1530 24 16 32 32 5.142779
1530 24 24 32 32 4.947604
1530 136 112 32 32 1.308231
1530 144 112 32 32 3.135329
1530 384 128 32 32 4.463588
1530 384 136 32 32 3.778424
1530 392 128 32 32 2.538257
1530 392 136 32 32 2.283076
1530 400 0 32 32 0.858808
1530 400 24 32 32 2.270746
1530 408 0 32 32 4.007483
1530 408 8 32 32 3.913905
1530 408 16 32 32 2.908237
1530 408 24 32 32 4.082810
1530 21 21 28 28 0.963286
1530 112 133 28 28 1.203588
1530 154 119 28 28 0.827583
1530 154 126 28 28 1.446017
1530 350 0 28 28 1.850058
1530 448 133 28 28 0.067249
1530 455 133 28 28 3.419117
1530 469 133 28 28 3.709232
1530 18 204 24 24 3.154542
1530 144 210 24 24 2.125400
1530 390 0 24 24 2.105142
1530 390 6 24 24 0.284065
1560 256 16 64 64 0.238248
1560 256 32 64 64 1.109930
1560 0 9 36 36 0.834517
1560 144 162 36 36 2.040223
1560 144 171 36 36 1.771623
1560 432 144 36 36 2.376686
1560 441 144 36 36 2.758530
1560 450 144 36 36 3.054509
1560 0 8 32 32 6.231690
1560 0 16 32 32 6.071382
1560 8 16 32 32 1.052783
1560 384 8 32 32 0.386045
1560 384 16 32 32 2.256622
1560 384 24 32 32 0.380805
1560 384 112 32 32 0.290666
1560 392 8 32 32 1.822682
1560 392 16 32 32 5.068195
1560 392 112 32 32 1.150503
1560 0 7 28 28 1.370176
1560 0 14 28 28 5.039859
1560 0 21 28 28 4.878357
1560 7 7 28 28 1.780054
1560 7 14 28 28 6.874198
1560 7 21 28 28 6.387784
1560 14 14 28 28 1.233675
1560 14 21 28 28 4.641912
1560 154 119 28 28 0.174663
1560 168 126 28 28 0.368142
1560 224 126 28 28 3.238420
1560 231 126 28 28 1.888427
1560 336 112 28 28 0.325224
1560 336 119 28 28 6.055858
1560 336 126 28 28 10.381260
1560 336 133 28 28 5.626870
1560 343 126 28 28 2.129066
1560 448 0 28 28 4.387404
1560 448 7 28 28 6.547228
1560 448 14 28 28 1.314378
1560 455 0 28 28 1.728868
1560 455 7 28 28 6.371192
1560 455 14 28 28 3.985563
1560 462 0 28 28 0.103067
1560 462 7 28 28 1.562140
1560 6 18 24 24 0.724468
1560 12 18 24 24 3.740063
1560 18 18 24 24 0.989528
1590 32 0 64 64 4.131040
1590 32 16 64 64 2.718630
1590 48 0 64 64 0.655808
1590 48 16 64 64 1.092281
1590 256 16 64 64 2.708628
1590 256 32 64 64 3.569717
1590 256 48 64 64 0.522435
1590 272 32 64 64 2.334460
1590 352 16 64 64 1.192015
1590 352 32 64 64 1.230064
1590 352 48 64 64 1.988418
1590 315 126 36 36 3.161994
1590 459 126 36 36 0.742860
1590 0 128 32 32 0.181716
1590 192 112 32 32 1.540802
1590 0 126 28 28 0.333827
1590 0 133 28 28 1.018280
1590 224 126 28 28 0.293537
1590 336 112 28 28 3.524477
1590 336 119 28 28 10.879218
1590 336 126 28 28 12.032116
1590 336 133 28 28 6.480944
1590 343 119 28 28 4.181046
1590 343 126 28 28 3.137851
1590 343 133 28 28 0.802319
1590 448 0 28 28 0.981012
1590 455 0 28 28 1.689733
1590 96 84 24 24 1.448198
1590 102 84 24 24 3.440685
1590 108 84 24 24 1.344096
1590 384 96 24 24 0.649764
1590 402 18 24 24 2.102615
1620 32 0 64 64 1.430023
1620 256 0 64 64 1.153365
1620 256 16 64 64 4.348893
1620 256 32 64 64 2.761129
1620 272 16 64 64 0.497916
1620 363 154 44 44 0.308192
1620 315 126 36 36 0.487994
1620 432 27 36 36 0.522524
1620 0 128 32 32 1.519497
1620 144 112 32 32 1.025007
1620 192 112 32 32 2.135942
1620 384 152 32 32 2.419943
1620 408 136 32 32 0.567891
1620 0 126 28 28 3.516186
1620 0 133 28 28 8.389709
1620 7 126 28 28 1.942081
1620 7 133 28 28 3.766588
1620 14 133 28 28 0.333110
1620 119 133 28 28 2.153050
1620 154 119 28 28 1.616187
1620 154 126 28 28 0.926042
1620 224 126 28 28 3.581754
1620 336 119 28 28 3.528426
1620 336 126 28 28 9.616600
1620 336 133 28 28 10.256105
1620 343 119 28 28 5.103751
1620 343 126 28 28 8.633673
1620 343 133 28 28 9.295566
1620 448 0 28 28 6.830025
1620 448 7 28 28 1.729741
1620 455 0 28 28 2.421191
1620 396 96 24 24 0.406672
1620 396 192 24 24 2.702913
1620 402 114 24 24 2.526806
1620 402 192 24 24 1.348378
1620 402 198 24 24 0.283657
1650 256 0 64 64 7.840725
1650 256 16 64 64 6.479839
1650 256 32 64 64 0.892335
1650 272 0 64 64 5.780512
1650 272 16 64 64 7.076068
1650 272 32 64 64 5.128874
1650 288 16 64 64 5.797817
1650 288 32 64 64 6.254151
1650 144 153 36 36 0.282236
1650 144 162 36 36 0.975519
1650 459 126 36 36 0.857304
1650 0 112 32 32 0.210390
1650 0 128 32 32 7.619670
1650 8 112 32 32 0.043728
1650 8 128 32 32 4.917996
1650 192 112 32 32 1.629588
1650 0 133 28 28 1.433660
1650 7 126 28 28 2.229343
1650 7 133 28 28 9.083865
1650 14 126 28 28 5.218765
1650 14 133 28 28 11.289065
1650 21 126 28 28 2.081555
1650 21 133 28 28 0.299301
1650 126 112 28 28 1.164598
1650 224 126 28 28 2.473133
1650 224 133 28 28 0.169962
1650 231 126 28 28 1.448004
1650 231 133 28 28 0.519404
1650 336 119 28 28 0.255561
1650 336 126 28 28 3.563659
1650 336 133 28 28 2.884705
1650 343 126 28 28 2.438870
1650 343 133 28 28 1.118335
1650 350 126 28 28 1.966101
1650 350 133 28 28 0.882084
1650 357 126 28 28 3.171916
1650 357 133 28 28 5.087235
1650 462 119 28 28 0.709010
1650 469 119 28 28 0.770624
1650 102 84 24 24 4.606558
1650 108 84 24 24 4.013904
1650 132 84 24 24 4.241904
1680 272 0 64 64 0.001925
1680 272 16 64 64 3.744009
1680 272 32 64 64 4.408096
1680 288 16 64 64 1.007029
1680 288 32 64 64 3.869143
1680 288 48 64 64 1.955148
1680 352 16 64 64 1.205927
1680 352 32 64 64 4.561732
1680 0 126 36 36 2.256265
1680 0 128 32 32 4.525144
1680 0 136 32 32 3.712890
1680 8 128 32 32 3.746849
1680 8 136 32 32 3.716838
1680 144 128 32 32 0.125427
1680 384 136 32 32 1.645864
1680 14 133 28 28 3.145845
1680 21 133 28 28 2.824568
1680 126 112 28 28 1.793530
1680 336 112 28 28 0.459737
1680 336 119 28 28 0.955185
1680 336 126 28 28 2.929506
1680 336 133 28 28 7.392450
1680 343 112 28 28 0.854224
1680 343 119 28 28 0.134326
1680 343 126 28 28 0.119227
1680 343 133 28 28 4.343295
1680 350 133 28 28 5.755841
1680 357 133 28 28 4.726253
1680 455 133 28 28 1.528976
1680 469 133 28 28 1.549192
1680 12 114 24 24 1.728912
1710 0 0 64 64 0.710186
1710 0 16 64 64 0.862819
1710 272 32 64 64 0.579056
1710 288 16 64 64 2.170387
1710 288 32 64 64 3.333934
1710 352 16 64 64 2.147165
1710 352 32 64 64 3.186289
1710 9 126 36 36 0.281636
1710 144 144 36 36 0.484623
1710 144 153 36 36 0.290691
1710 153 153 36 36 0.485476
1710 153 162 36 36 0.009249
1710 16 128 32 32 0.848821
1710 392 112 32 32 1.428033
1710 400 112 32 32 0.555130
1710 0 7 28 28 0.184437
1710 154 126 28 28 1.320526
1710 154 133 28 28 2.220951
1710 224 133 28 28 0.099357
1710 343 98 28 28 0.353784
1710 343 126 28 28 1.100588
1710 343 133 28 28 4.160437
1710 350 98 28 28 5.379623
1710 350 112 28 28 3.943904
1710 350 119 28 28 3.033017
1710 350 126 28 28 1.852426
1710 350 133 28 28 5.169631
1710 357 98 28 28 0.986766
1710 357 112 28 28 2.768140
1710 357 119 28 28 3.285514
1710 357 126 28 28 3.552355
1710 357 133 28 28 6.741125
1710 0 18 24 24 2.145980
1710 6 18 24 24 0.875883
1710 12 18 24 24 2.828541
1710 18 18 24 24 4.022735
1710 108 96 24 24 2.422140
1740 256 16 64 64 1.925084
1740 256 32 64 64 1.099658
1740 288 16 64 64 0.312843
1740 288 32 64 64 2.565460
1740 288 48 64 64 0.250045
1740 352 0 64 64 3.611121
1740 352 16 64 64 2.552684
1740 352 32 64 64 2.267379
1740 352 48 64 64 1.761166
1740 352 33 44 44 0.900751
1740 160 140 40 40 2.958621
1740 340 30 40 40 0.776543
1740 153 144 36 36 1.428672
1740 162 126 36 36 0.243833
1740 162 144 36 36 5.048183
1740 176 128 32 32 3.062297
1740 176 136 32 32 0.626527
1740 176 152 32 32 1.105907
1740 384 112 32 32 2.850365
1740 384 128 32 32 2.871688
1740 384 136 32 32 3.764573
1740 392 112 32 32 2.061437
1740 392 128 32 32 2.322953
1740 392 136 32 32 2.846330
1740 400 128 32 32 0.914351
1740 400 136 32 32 1.426319
1740 224 133 28 28 1.922816
1740 343 7 28 28 0.398673
1740 448 112 28 28 7.496539
1740 455 112 28 28 7.068714
1740 455 119 28 28 1.359655
1740 462 112 28 28 0.915202
1740 462 119 28 28 0.879129
1740 132 96 24 24 2.702407
1740 144 96 24 24 1.761334
1740 384 96 24 24 2.136787
1740 384 102 24 24 0.586951
1740 390 96 24 24 4.742400
1770 0 0 64 64 2.083673
1770 16 0 64 64 2.332829
1770 256 48 64 64 0.729190
1770 352 16 64 64 5.416863
1770 352 32 64 64 8.765905
1770 352 48 64 64 8.649495
1770 384 36 48 48 0.280225
1770 384 36 48 48 0.280225
1770 170 140 40 40 3.485983
1770 432 144 36 36 2.936115
1770 432 153 36 36 1.378445
1770 441 144 36 36 4.527747
1770 441 153 36 36 3.557913
1770 441 162 36 36 0.825172
1770 176 152 32 32 1.277361
1770 192 152 32 32 2.703348
1770 400 152 32 32 1.194518
1770 408 112 32 32 0.912296
1770 0 0 28 28 1.951265
1770 7 133 28 28 0.050153
1770 112 98 28 28 0.925623
1770 112 112 28 28 1.689735
1770 112 126 28 28 0.226023
1770 119 112 28 28 2.099861
1770 126 112 28 28 1.470506
1770 224 126 28 28 0.856830
1770 462 0 28 28 0.438670
1770 469 0 28 28 0.399572
1770 0 0 24 24 4.163663
1770 0 6 24 24 9.843060
1770 0 12 24 24 5.162862
1770 0 18 24 24 1.494358
1770 6 0 24 24 6.287688
1770 6 6 24 24 8.161456
1770 6 12 24 24 2.889639
1770 6 18 24 24 0.784916
1770 12 0 24 24 4.107809
1770 12 6 24 24 3.828324
1770 18 0 24 24 3.527343
1770 18 6 24 24 4.180980
1770 96 114 24 24 0.796889
1770 480 0 24 24 3.093950
1770 480 6 24 24 0.793062
1800 0 0 64 64 1.663470
1800 0 16 64 64 0.457924
1800 16 32 64 64 0.629155
1800 32 32 64 64 3.513566
1800 32 48 64 64 0.898977
1800 48 32 64 64 1.695722
1800 48 48 64 64 0.726045
1800 12 36 48 48 0.107622
1800 24 0 48 48 0.984982
1800 24 12 48 48 0.904553
1800 12 36 48 48 0.107622
1800 24 0 48 48 0.984982
1800 24 12 48 48 0.904553
1800 33 0 44 44 1.534124
1800 33 11 44 44 0.636185
1800 33 22 44 44 0.393315
1800 10 140 40 40 0.652964
1800 0 126 36 36 3.466061
1800 0 144 36 36 1.834896
1800 9 126 36 36 3.816512
1800 9 144 36 36 1.887932
1800 18 126 36 36 2.333398
1800 27 126 36 36 4.409940
1800 198 144 36 36 2.209665
1800 8 136 32 32 3.056256
1800 8 144 32 32 1.892857
1800 8 152 32 32 0.718345
1800 16 112 32 32 0.417529
1800 16 128 32 32 2.198521
1800 16 136 32 32 3.518996
1800 16 144 32 32 4.912282
1800 16 152 32 32 0.774596
1800 24 128 32 32 2.002227
1800 24 136 32 32 2.393900
1800 24 144 32 32 0.587514
1800 128 136 32 32 2.133816
1800 128 144 32 32 3.071454
1800 128 152 32 32 1.118616
1800 136 144 32 32 2.447618
1800 136 152 32 32 1.837024
1800 144 152 32 32 0.995263
1800 392 0 32 32 4.497172
1800 392 8 32 32 1.885940
1800 400 0 32 32 8.804010
1800 400 8 32 32 4.028420
1800 408 0 32 32 10.184539
1800 408 8 32 32 4.817380
1800 0 231 28 28 0.673285
1800 0 238 28 28 1.295740
1800 7 231 28 28 0.624679
1800 7 238 28 28 0.883968
1800 112 126 28 28 3.405554
1800 112 133 28 28 3.998317
1800 119 126 28 28 3.025938
1800 119 133 28 28 1.785072
1800 126 133 28 28 0.711285
1800 231 119 28 28 0.248289
1800 231 126 28 28 0.754794
1800 448 245 28 28 1.103139
1800 6 294 24 24 0.010911
1800 192 96 24 24 1.060255
1830 32 0 64 64 0.472458
1830 48 0 64 64 1.468095
1830 144 126 36 36 2.305322
1830 216 144 36 36 0.900698
1830 144 112 32 32 0.189007
1830 144 128 32 32 1.203820
1830 144 136 32 32 2.239075
1830 0 0 28 28 3.055825
1830 0 21 28 28 1.279046
1830 7 0 28 28 0.332204
1830 7 21 28 28 0.735337
1830 154 119 28 28 1.210644
1830 154 126 28 28 1.958163
1830 154 133 28 28 0.933877
1830 168 126 28 28 0.196686
1830 224 119 28 28 1.265544
1830 224 126 28 28 2.403277
1830 231 119 28 28 2.374106
1830 231 126 28 28 2.220297
1830 343 112 28 28 0.465138
1830 0 6 24 24 3.709498
1830 0 12 24 24 1.705959
1830 0 96 24 24 0.638017
1830 6 0 24 24 1.644128
1830 6 6 24 24 4.459314
1830 6 12 24 24 3.771113
1830 6 18 24 24 1.536527
1830 12 0 24 24 1.930588
1830 12 6 24 24 4.885633
1830 12 12 24 24 3.830811
1830 12 18 24 24 2.088355
1830 18 12 24 24 0.170378
1830 384 108 24 24 1.785734
1830 384 114 24 24 2.153192
1830 396 192 24 24 0.396615
1830 402 192 24 24 1.591296
