30 432 126 36 36 1.177729
30 0 136 32 32 3.649188
30 0 144 32 32 2.190949
30 0 152 32 32 0.383991
30 256 112 32 32 1.953190
30 256 128 32 32 2.472605
30 264 128 32 32 0.320777
30 272 128 32 32 0.364639
30 280 128 32 32 2.479394
30 408 112 32 32 1.042782
30 112 133 28 28 0.129069
30 154 126 28 28 0.133326
30 154 133 28 28 0.202480
30 231 119 28 28 1.736753
30 238 119 28 28 0.451108
30 238 126 28 28 2.474264
30 245 126 28 28 2.153317
30 245 133 28 28 3.619904
30 448 126 28 28 2.591055
30 448 133 28 28 6.968432
30 455 126 28 28 2.506553
30 455 133 28 28 5.789233
30 469 133 28 28 2.446858
60 0 16 64 64 2.011943
60 0 32 64 64 3.089482
60 18 126 36 36 0.535432
60 27 126 36 36 0.596359
60 256 128 32 32 1.448947
60 264 128 32 32 1.202207
60 272 128 32 32 1.652516
60 280 128 32 32 3.034378
60 119 133 28 28 0.928223
60 154 126 28 28 1.199934
60 224 112 28 28 0.225899
60 224 119 28 28 4.391614
60 231 119 28 28 2.124042
60 238 119 28 28 0.002310
60 238 126 28 28 0.390557
60 245 119 28 28 2.149801
60 245 126 28 28 2.933734
60 245 133 28 28 2.260834
60 336 133 28 28 4.053628
60 343 133 28 28 2.141169
60 350 133 28 28 4.111185
60 357 133 28 28 3.762645
60 390 6 24 24 3.464232
60 390 12 24 24 3.631448
60 396 6 24 24 1.883388
60 396 12 24 24 4.418941
90 432 153 36 36 1.336643
90 441 153 36 36 1.998598
90 450 153 36 36 2.042029
90 0 152 32 32 0.176745
90 128 112 32 32 0.475136
90 256 128 32 32 5.372807
90 264 128 32 32 4.281249
90 272 128 32 32 0.745816
90 280 128 32 32 1.960102
90 392 136 32 32 1.311485
90 392 144 32 32 6.740156
90 400 136 32 32 2.804754
90 400 144 32 32 8.246693
90 408 136 32 32 0.219885
90 408 144 32 32 2.669275
90 126 126 28 28 5.195195
90 126 133 28 28 0.547113
90 224 119 28 28 0.272900
90 231 119 28 28 0.566727
90 231 126 28 28 1.307357
90 238 119 28 28 4.349115
90 238 126 28 28 3.808988
90 238 133 28 28 1.864117
90 245 119 28 28 4.604991
90 245 126 28 28 5.097881
90 245 133 28 28 2.521134
90 343 133 28 28 0.080039
90 480 198 24 24 0.036159
90 486 102 24 24 0.344054
90 492 102 24 24 0.883877
90 492 108 24 24 0.450280
90 498 102 24 24 0.315064
90 498 108 24 24 1.863784
120 432 153 36 36 0.389510
120 450 162 36 36 1.261006
120 459 162 36 36 0.099000
120 8 128 32 32 1.758455
120 8 136 32 32 0.228857
120 256 112 32 32 4.254323
120 280 112 32 32 0.504064
120 14 133 28 28 0.018359
120 112 126 28 28 3.466144
120 231 112 28 28 1.972876
120 231 119 28 28 2.342300
120 231 126 28 28 2.927617
120 238 112 28 28 4.976733
120 238 119 28 28 6.555500
120 238 126 28 28 6.651975
120 245 112 28 28 0.720063
120 245 119 28 28 6.926055
120 245 126 28 28 6.037336
120 357 119 28 28 0.826696
120 448 98 28 28 1.679152
120 480 114 24 24 0.412859
120 480 192 24 24 3.154222
120 480 198 24 24 1.262998
120 486 114 24 24 1.522634
120 486 192 24 24 1.881320
150 256 112 32 32 13.862165
150 264 112 32 32 11.669864
150 272 112 32 32 3.345342
150 280 112 32 32 2.194532
150 384 112 32 32 0.685810
150 392 112 32 32 0.495266
150 408 112 32 32 4.330380
150 119 126 28 28 3.336220
150 119 133 28 28 0.903018
150 126 126 28 28 0.807080
150 126 133 28 28 0.218509
150 231 112 28 28 0.316408
150 231 119 28 28 6.524192
150 238 112 28 28 0.462206
150 238 119 28 28 8.078292
150 238 126 28 28 2.786278
150 245 112 28 28 4.496836
150 245 119 28 28 10.429954
150 245 126 28 28 4.231636
150 448 98 28 28 2.994703
150 480 0 24 24 4.953018
150 480 6 24 24 1.205748
150 486 0 24 24 0.789751
180 18 9 36 36 0.132152
180 441 126 36 36 1.936115
180 24 112 32 32 0.872759
180 176 112 32 32 3.978887
180 256 112 32 32 8.541267
180 264 112 32 32 10.993633
180 272 112 32 32 6.103474
180 280 112 32 32 1.096318
180 224 126 28 28 0.584338
180 231 119 28 28 0.428139
180 231 126 28 28 4.176551
180 231 133 28 28 4.658333
180 238 119 28 28 2.725494
180 238 126 28 28 5.123515
180 238 133 28 28 3.051381
180 245 119 28 28 4.333637
180 245 126 28 28 7.098839
180 245 133 28 28 2.484251
180 336 119 28 28 3.855432
180 336 126 28 28 4.473200
180 336 133 28 28 1.369653
180 343 119 28 28 2.557361
180 343 126 28 28 2.977746
180 343 133 28 28 3.403450
180 350 126 28 28 2.084736
180 350 133 28 28 3.631721
180 357 126 28 28 2.270957
180 357 133 28 28 2.726521
180 448 126 28 28 0.237962
180 455 126 28 28 3.304175
180 455 133 28 28 3.508146
180 462 126 28 28 4.293839
180 462 133 28 28 5.265167
180 469 126 28 28 2.391110
180 469 133 28 28 5.206406
210 48 0 64 64 1.864123
210 48 16 64 64 0.783927
210 352 16 64 64 3.194145
210 352 32 64 64 5.808321
210 176 8 32 32 0.014428
210 192 112 32 32 3.606499
210 256 112 32 32 2.579638
210 264 112 32 32 6.170395
210 272 112 32 32 3.836585
210 280 112 32 32 2.295549
210 408 128 32 32 0.440602
210 112 126 28 28 2.259127
210 119 126 28 28 3.292218
210 119 133 28 28 2.581455
210 126 119 28 28 1.197198
210 126 126 28 28 3.804976
210 126 133 28 28 0.189164
210 168 133 28 28 2.401077
210 245 119 28 28 0.423298
210 245 126 28 28 0.016678
210 336 112 28 28 2.060435
210 336 119 28 28 3.534945
210 343 112 28 28 0.016228
210 343 119 28 28 3.003429
210 350 112 28 28 1.613294
210 350 119 28 28 4.136353
210 384 114 24 24 0.783063
210 390 114 24 24 1.103609
210 396 114 24 24 0.935012
240 0 0 64 64 2.013151
240 0 16 64 64 3.125607
240 0 32 64 64 1.454537
240 16 0 64 64 0.444108
240 16 16 64 64 3.842100
240 16 32 64 64 0.493797
240 32 16 64 64 2.658980
240 32 32 64 64 2.672424
240 48 0 64 64 0.112303
240 48 16 64 64 3.626081
240 48 32 64 64 5.855327
240 272 0 64 64 3.958989
240 288 0 64 64 2.637443
240 0 144 32 32 0.505494
240 0 152 32 32 2.502867
240 8 144 32 32 2.805058
240 8 152 32 32 3.705735
240 136 112 32 32 1.802043
240 144 112 32 32 0.034142
240 176 112 32 32 2.505833
240 256 112 32 32 0.500299
240 264 112 32 32 1.687465
240 112 119 28 28 3.817440
240 112 126 28 28 1.946241
240 112 133 28 28 5.773480
240 119 133 28 28 0.709282
240 154 126 28 28 1.008932
240 154 133 28 28 1.686886
240 168 126 28 28 3.116048
240 168 133 28 28 1.760943
240 224 112 28 28 2.858160
240 231 112 28 28 4.238723
240 238 112 28 28 2.359017
240 238 119 28 28 0.641223
240 245 112 28 28 4.163134
240 245 119 28 28 4.301932
240 245 126 28 28 1.029227
240 336 112 28 28 0.882731
240 336 119 28 28 1.983145
240 448 119 28 28 0.076607
240 448 126 28 28 0.722943
240 486 114 24 24 3.539677
240 492 114 24 24 3.328525
240 498 114 24 24 0.901021
270 352 0 64 64 0.154061
270 0 128 32 32 0.960129
270 8 112 32 32 0.861861
270 16 112 32 32 3.456786
270 16 128 32 32 0.173185
270 24 112 32 32 5.936725
270 128 112 32 32 5.049452
270 136 112 32 32 3.124743
270 144 112 32 32 2.782741
270 192 112 32 32 0.612626
270 264 112 32 32 0.549320
270 0 126 28 28 1.479142
270 0 133 28 28 4.268875
270 7 126 28 28 2.567150
270 7 133 28 28 5.914005
270 14 126 28 28 3.907498
270 14 133 28 28 7.370250
270 21 126 28 28 4.899648
270 21 133 28 28 6.295678
270 112 112 28 28 1.737521
270 119 112 28 28 5.335667
270 119 119 28 28 4.405091
270 126 112 28 28 6.975424
270 126 119 28 28 6.465443
270 126 126 28 28 4.747426
270 154 112 28 28 5.429420
270 154 119 28 28 7.010796
270 154 126 28 28 0.504866
270 168 112 28 28 3.108186
270 168 119 28 28 3.493518
270 102 12 24 24 3.019983
270 132 114 24 24 1.211012
270 402 114 24 24 0.284127
300 0 0 64 64 2.050241
300 0 16 64 64 6.051625
300 16 16 64 64 1.057184
300 256 0 64 64 2.243830
300 352 0 64 64 0.120157
300 352 16 64 64 0.213992
300 396 36 48 48 3.011172
300 408 36 48 48 4.197241
300 420 24 48 48 0.960964
300 420 36 48 48 4.182664
300 396 36 48 48 3.011172
300 408 36 48 48 4.197241
300 420 24 48 48 0.960964
300 420 36 48 48 4.182664
300 0 112 32 32 1.218189
300 8 112 32 32 1.011200
300 16 112 32 32 1.194207
300 24 112 32 32 2.277409
300 0 112 28 28 4.434797
300 0 119 28 28 1.953068
300 0 126 28 28 3.113310
300 126 126 28 28 1.161612
300 245 112 28 28 3.982392
300 469 126 28 28 3.246611
300 0 114 24 24 1.975496
330 256 0 64 64 3.593533
330 256 16 64 64 0.935614
330 272 0 64 64 5.235098
330 272 16 64 64 0.716188
330 288 0 64 64 5.993417
330 288 16 64 64 0.222955
330 288 24 48 48 1.034816
330 288 36 48 48 8.289945
330 288 24 48 48 1.034816
330 288 36 48 48 8.289945
330 0 128 32 32 3.112938
330 8 128 32 32 4.296661
330 0 133 28 28 4.321685
330 7 126 28 28 1.318816
330 7 133 28 28 8.779436
330 14 126 28 28 2.731960
330 14 133 28 28 7.105048
330 21 126 28 28 3.419446
330 21 133 28 28 2.949763
330 119 119 28 28 2.644300
330 126 112 28 28 1.597528
330 126 119 28 28 4.501386
330 231 119 28 28 0.107462
330 455 126 28 28 0.131557
330 12 18 24 24 2.483469
330 18 18 24 24 0.501281
330 132 114 24 24 0.292228
330 492 0 24 24 0.140811
330 492 6 24 24 1.695379
330 498 18 24 24 0.180563
360 128 112 32 32 2.100357
360 21 119 28 28 0.777224
360 112 119 28 28 6.175322
360 119 119 28 28 0.361117
360 126 112 28 28 0.489148
360 126 119 28 28 3.101082
360 224 112 28 28 1.778066
360 462 7 28 28 0.718117
360 18 84 24 24 0.048684
360 480 18 24 24 2.037285
360 492 18 24 24 0.404515
390 0 0 64 64 1.090816
390 12 36 48 48 1.714522
390 12 36 48 48 1.714522
390 450 162 36 36 0.465980
390 459 162 36 36 0.357621
390 0 112 28 28 5.652623
390 0 119 28 28 4.236742
390 7 112 28 28 2.288653
390 21 133 28 28 1.461494
390 231 119 28 28 1.005439
390 231 126 28 28 1.681547
390 238 119 28 28 3.363534
390 238 126 28 28 2.125532
420 168 126 28 28 4.810541
420 448 112 28 28 1.770994
450 0 32 64 64 0.154544
450 16 112 32 32 0.771874
450 24 112 32 32 0.642185
450 14 133 28 28 0.691627
450 21 133 28 28 2.086501
480 0 126 36 36 0.964470
480 0 144 36 36 4.264281
480 9 144 36 36 0.937237
480 0 136 32 32 0.135180
480 0 144 32 32 5.657399
480 0 152 32 32 4.806255
480 8 144 32 32 7.413999
480 8 152 32 32 4.408205
480 16 144 32 32 5.343954
480 16 152 32 32 1.365526
480 128 144 32 32 2.178384
480 136 144 32 32 4.367533
480 136 152 32 32 0.905923
480 144 144 32 32 3.149938
480 144 152 32 32 1.081801
480 176 144 32 32 2.962324
480 400 144 32 32 1.180951
480 408 144 32 32 0.020234
480 238 245 28 28 1.209884
510 264 154 44 44 4.285705
510 20 170 40 40 0.280256
510 153 144 36 36 1.672289
510 102 192 24 24 1.079931
510 108 192 24 24 5.344630
510 288 192 24 24 4.169035
510 294 192 24 24 5.178640
510 390 192 24 24 0.118558
510 396 192 24 24 3.408978
510 402 192 24 24 2.433595
540 0 153 36 36 2.660730
540 0 162 36 36 3.867561
540 0 171 36 36 1.862046
540 144 162 36 36 1.600945
540 288 153 36 36 1.842625
540 450 126 36 36 1.100657
540 450 144 36 36 3.327082
540 459 144 36 36 5.268847
540 459 153 36 36 0.553713
540 0 152 32 32 1.170640
540 392 152 32 32 0.279174
540 400 152 32 32 1.312971
540 408 152 32 32 4.051032
540 7 126 28 28 0.324077
540 7 133 28 28 0.340186
540 12 198 24 24 0.130069
540 18 192 24 24 1.735590
540 18 198 24 24 1.862563
540 204 204 24 24 1.032489
540 210 192 24 24 1.851388
540 210 198 24 24 7.623676
540 210 204 24 24 6.135252
540 210 210 24 24 0.008607
540 294 192 24 24 4.495595
540 294 198 24 24 2.141300
540 300 192 24 24 1.401597
570 160 160 40 40 0.774201
570 153 162 36 36 0.030282
570 153 171 36 36 2.296263
570 162 153 36 36 4.965767
570 162 162 36 36 7.247652
570 162 171 36 36 5.220448
570 198 144 36 36 2.695865
570 198 153 36 36 1.369507
570 216 144 36 36 0.547849
570 288 144 36 36 0.734487
570 16 152 32 32 0.471221
570 256 152 32 32 4.127468
570 264 144 32 32 3.839012
570 264 152 32 32 7.045455
570 272 152 32 32 0.255973
570 400 152 32 32 0.755589
570 192 192 24 24 3.923580
570 192 198 24 24 3.072299
570 192 204 24 24 1.534989
570 198 198 24 24 1.730944
600 144 144 36 36 0.875608
600 144 153 36 36 3.204067
600 153 153 36 36 0.933610
600 216 126 36 36 2.924166
600 459 126 36 36 2.405659
600 459 144 36 36 0.293470
600 459 153 36 36 0.369631
600 459 162 36 36 1.318121
600 136 152 32 32 2.289596
600 144 152 32 32 1.939298
600 272 128 32 32 0.120389
600 392 136 32 32 1.187547
600 400 136 32 32 4.290864
600 400 144 32 32 2.124253
600 408 136 32 32 2.734014
600 408 144 32 32 2.431814
600 231 133 28 28 3.581926
600 238 133 28 28 0.992493
630 432 126 36 36 1.421211
630 441 126 36 36 2.167819
630 450 126 36 36 1.807122
630 459 126 36 36 3.657276
630 128 112 32 32 0.030854
630 192 112 32 32 5.447490
630 384 128 32 32 5.235978
630 384 136 32 32 1.056292
630 392 128 32 32 2.074986
630 400 128 32 32 1.687647
630 400 136 32 32 0.477512
630 408 128 32 32 3.318067
630 408 136 32 32 1.745694
630 126 119 28 28 0.291403
630 126 126 28 28 1.730259
630 154 126 28 28 0.306172
630 224 133 28 28 3.519402
630 231 133 28 28 0.893316
630 238 126 28 28 2.326472
630 238 133 28 28 2.708519
630 245 126 28 28 2.892905
630 245 133 28 28 2.360862
630 448 133 28 28 0.811794
630 96 192 24 24 0.685198
630 96 198 24 24 1.246729
630 396 12 24 24 1.330807
660 272 16 64 64 1.063057
660 288 16 64 64 1.000853
660 352 16 64 64 2.813199
660 352 32 64 64 0.821329
660 363 22 44 44 0.937671
660 10 140 40 40 0.609723
660 20 140 40 40 0.522440
660 18 144 36 36 1.092647
660 27 144 36 36 2.248628
660 27 153 36 36 1.763902
660 441 126 36 36 0.739137
660 450 126 36 36 2.209006
660 459 126 36 36 1.488161
660 24 144 32 32 0.173505
660 176 112 32 32 2.938310
660 384 112 32 32 1.667891
660 392 112 32 32 3.940059
660 392 128 32 32 1.836141
660 400 112 32 32 5.507361
660 400 128 32 32 2.968879
660 408 112 32 32 4.351361
660 408 128 32 32 3.948245
660 168 112 28 28 1.653484
660 168 119 28 28 1.696887
660 224 112 28 28 2.149697
660 224 119 28 28 5.156352
660 224 126 28 28 3.070146
660 231 112 28 28 1.394281
660 231 119 28 28 4.740324
660 231 126 28 28 2.484676
660 238 112 28 28 1.976319
660 238 119 28 28 2.593294
660 343 119 28 28 0.758224
660 343 126 28 28 0.403105
660 350 119 28 28 0.234437
660 350 126 28 28 0.867810
660 357 119 28 28 0.377631
660 469 133 28 28 0.702004
690 288 0 64 64 1.206789
690 352 16 64 64 1.162933
690 162 306 36 36 1.389890
690 198 306 36 36 0.206039
690 216 297 36 36 0.457266
690 297 297 36 36 0.160068
690 297 306 36 36 0.651216
690 256 112 32 32 2.243280
690 384 112 32 32 0.718140
690 392 112 32 32 2.301806
690 392 128 32 32 0.439266
690 400 112 32 32 0.901073
690 408 112 32 32 1.141289
690 7 119 28 28 0.463738
690 154 112 28 28 0.790109
690 231 119 28 28 2.472227
690 238 119 28 28 1.198968
690 245 112 28 28 2.274042
690 245 119 28 28 2.201217
690 245 126 28 28 0.400712
690 336 126 28 28 0.098057
690 336 133 28 28 1.977552
690 462 133 28 28 0.577651
690 469 133 28 28 1.339041
690 396 108 24 24 1.953192
690 402 96 24 24 2.680182
690 402 102 24 24 3.787956
690 402 108 24 24 5.818614
690 402 114 24 24 3.016368
720 0 144 36 36 1.058303
720 408 128 32 32 1.964237
720 0 133 28 28 1.657576
720 21 133 28 28 0.747568
720 224 112 28 28 0.290026
720 231 112 28 28 0.255018
720 245 112 28 28 0.827263
720 343 126 28 28 2.324849
720 343 133 28 28 0.276099
720 350 21 28 28 2.526013
720 350 126 28 28 0.522870
720 350 133 28 28 0.862438
720 357 126 28 28 1.932753
720 357 133 28 28 2.173642
720 96 114 24 24 2.149555
720 144 114 24 24 0.551047
720 492 18 24 24 0.070070
750 288 16 64 64 1.183017
750 288 32 64 64 0.133158
750 192 112 32 32 1.692363
750 336 112 28 28 1.979369
750 336 119 28 28 3.232897
750 336 126 28 28 0.867587
750 455 119 28 28 0.612782
750 455 126 28 28 0.255280
750 204 114 24 24 2.104373
750 210 114 24 24 0.862270
750 288 114 24 24 2.561960
750 294 114 24 24 2.657117
750 300 114 24 24 2.935996
750 390 12 24 24 0.023208
750 396 12 24 24 0.019011
750 396 18 24 24 2.402564
750 402 12 24 24 0.458005
750 402 18 24 24 0.979849
780 352 0 64 64 1.044570
780 0 20 40 40 0.043356
780 9 27 36 36 0.182017
780 384 112 32 32 2.673380
780 392 8 32 32 0.258250
780 392 112 32 32 1.391297
780 245 112 28 28 1.288367
780 336 98 28 28 2.031815
780 336 112 28 28 5.713166
780 336 119 28 28 2.460747
780 343 112 28 28 3.009164
780 343 119 28 28 0.924434
780 350 98 28 28 0.137028
780 350 112 28 28 2.020071
780 469 119 28 28 0.272683
780 288 114 24 24 0.307023
780 396 114 24 24 1.159066
810 350 98 28 28 1.071262
810 357 98 28 28 5.417920
810 448 98 28 28 1.871781
810 448 112 28 28 0.416286
810 448 119 28 28 1.316543
810 455 98 28 28 1.619188
810 455 112 28 28 2.831676
810 455 119 28 28 4.730738
810 455 126 28 28 0.218816
810 462 119 28 28 1.376840
810 462 126 28 28 0.714238
810 469 119 28 28 4.055453
810 469 126 28 28 4.092163
810 469 133 28 28 1.950091
810 96 102 24 24 2.666808
810 96 108 24 24 2.523617
810 102 96 24 24 1.550126
810 102 102 24 24 3.932287
810 102 108 24 24 3.139732
810 102 114 24 24 3.280518
810 108 102 24 24 2.960425
810 108 108 24 24 3.001635
810 108 114 24 24 2.046268
810 384 102 24 24 1.214537
810 384 108 24 24 4.673075
810 384 114 24 24 2.555924
810 390 108 24 24 2.842206
810 390 114 24 24 4.260475
810 396 114 24 24 2.804624
840 352 32 64 64 0.153453
840 18 18 36 36 0.428280
840 27 18 36 36 0.273165
840 264 112 32 32 0.585209
840 168 112 28 28 0.836709
840 18 114 24 24 1.404995
840 402 114 24 24 0.572657
870 272 16 64 64 2.312773
870 352 0 64 64 2.356322
870 272 112 32 32 5.236896
870 280 112 32 32 5.725964
870 408 112 32 32 2.214359
870 14 126 28 28 3.152522
870 14 133 28 28 2.345828
870 21 126 28 28 4.201781
870 21 133 28 28 5.389601
870 119 133 28 28 0.384147
870 357 126 28 28 0.539255
870 448 119 28 28 0.898342
870 448 126 28 28 0.989000
870 448 133 28 28 2.395125
870 455 119 28 28 2.568295
870 455 126 28 28 2.380116
870 455 133 28 28 2.578801
870 462 119 28 28 2.649366
870 462 126 28 28 2.729481
870 462 133 28 28 3.025724
870 469 126 28 28 4.035458
870 469 133 28 28 3.576931
900 48 48 64 64 0.474132
900 432 0 36 36 0.586626
900 441 0 36 36 2.010124
900 450 9 36 36 0.009829
900 0 112 32 32 7.927902
900 8 112 32 32 3.023360
900 128 128 32 32 1.792431
900 128 136 32 32 3.886506
900 136 128 32 32 1.939842
900 136 136 32 32 0.831162
900 144 128 32 32 2.138959
900 272 112 32 32 1.285096
900 272 128 32 32 0.237236
900 280 112 32 32 0.293640
900 408 128 32 32 0.009177
900 0 112 28 28 1.135889
900 0 119 28 28 7.388695
900 0 126 28 28 7.390347
900 7 112 28 28 1.822960
900 7 119 28 28 10.471149
900 7 126 28 28 9.781362
900 14 119 28 28 1.788395
900 14 126 28 28 2.364069
900 119 133 28 28 0.183000
900 126 133 28 28 3.030209
900 455 126 28 28 3.237388
900 455 133 28 28 3.312414
900 462 126 28 28 4.417809
900 462 133 28 28 2.887189
900 469 126 28 28 1.661027
900 469 133 28 28 0.697458
900 12 114 24 24 1.524123
930 32 32 64 64 0.829958
930 9 126 36 36 0.275982
930 153 126 36 36 0.193908
930 459 126 36 36 0.141173
930 0 144 32 32 0.318995
930 8 144 32 32 0.912575
930 16 136 32 32 3.129014
930 16 144 32 32 4.133658
930 24 136 32 32 2.850835
930 128 136 32 32 1.279472
930 264 128 32 32 2.106082
930 264 136 32 32 1.481618
930 272 128 32 32 5.689153
930 272 136 32 32 3.718508
930 280 128 32 32 0.979427
930 392 128 32 32 0.398222
930 400 128 32 32 2.465002
930 400 136 32 32 2.035391
930 408 128 32 32 3.142109
930 408 136 32 32 3.511973
960 48 48 64 64 0.000529
960 18 144 36 36 1.481455
960 27 144 36 36 2.077547
960 441 126 36 36 0.690779
960 450 126 36 36 1.967868
960 459 126 36 36 0.286754
960 24 152 32 32 0.884535
960 136 144 32 32 0.246491
960 280 136 32 32 1.470671
960 396 192 24 24 1.410631
990 256 48 64 64 2.408961
990 20 140 40 40 0.511663
990 320 140 40 40 2.823339
990 27 144 36 36 2.063260
990 306 126 36 36 0.378111
990 306 144 36 36 1.738364
990 315 144 36 36 2.959035
990 315 153 36 36 0.602718
990 432 144 36 36 0.782254
990 432 153 36 36 1.400699
990 441 144 36 36 0.871599
990 441 153 36 36 2.298921
990 224 126 28 28 0.295091
990 224 133 28 28 3.080605
990 231 133 28 28 3.888079
990 12 192 24 24 1.722990
990 18 198 24 24 0.590229
990 498 204 24 24 0.306531
1020 288 48 64 64 0.784380
1020 320 140 40 40 0.300912
1020 0 144 36 36 3.812084
1020 0 153 36 36 1.975804
1020 9 144 36 36 0.595931
1020 144 144 36 36 2.267459
1020 0 152 32 32 1.203526
1020 16 152 32 32 2.714325
1020 24 152 32 32 2.598267
1020 136 152 32 32 2.067301
1020 144 144 32 32 1.919201
1020 144 152 32 32 5.348896
1020 384 152 32 32 2.222584
1020 392 152 32 32 1.091947
1020 400 152 32 32 0.933655
1020 408 152 32 32 0.571330
1020 231 126 28 28 1.325266
1020 238 119 28 28 1.974797
1020 238 126 28 28 4.935402
1020 238 133 28 28 1.913013
1020 245 119 28 28 0.058830
1020 245 126 28 28 2.698571
1020 245 133 28 28 1.472049
1020 0 192 24 24 2.095089
1020 498 84 24 24 0.239758
1050 48 48 64 64 2.532431
1050 352 48 64 64 1.002843
1050 0 140 40 40 1.205429
1050 0 126 36 36 2.666672
1050 0 144 36 36 4.929133
1050 0 153 36 36 3.833264
1050 9 126 36 36 2.246987
1050 9 144 36 36 1.670067
1050 18 126 36 36 4.169486
1050 306 126 36 36 1.602016
1050 432 126 36 36 0.211070
1050 432 144 36 36 2.369218
1050 432 153 36 36 2.084441
1050 432 162 36 36 1.835029
1050 441 126 36 36 2.319684
1050 441 144 36 36 4.127922
1050 450 144 36 36 3.650463
1050 0 136 32 32 2.578448
1050 0 144 32 32 2.485306
1050 0 152 32 32 4.689625
1050 8 136 32 32 1.782673
1050 8 144 32 32 2.421206
1050 8 152 32 32 2.688315
1050 24 128 32 32 1.392177
1050 400 144 32 32 0.058889
1050 408 128 32 32 0.476547
1050 408 136 32 32 0.749131
1050 408 144 32 32 4.228110
1050 408 152 32 32 2.177067
1050 224 98 28 28 3.682863
1050 224 112 28 28 6.387291
1050 224 119 28 28 0.270765
1050 231 98 28 28 2.047105
1050 231 112 28 28 9.401108
1050 238 112 28 28 5.238204
1050 245 112 28 28 2.600099
1050 12 192 24 24 0.644908
1050 192 114 24 24 1.894832
1080 0 48 64 64 1.208460
1080 16 32 64 64 0.526212
1080 0 126 36 36 4.292583
1080 9 126 36 36 3.085138
1080 306 126 36 36 1.427074
1080 0 128 32 32 6.891158
1080 0 136 32 32 5.399807
1080 8 128 32 32 5.466614
1080 8 136 32 32 4.711701
1080 8 144 32 32 0.919044
1080 16 128 32 32 3.477407
1080 16 136 32 32 4.189322
1080 24 136 32 32 0.029026
1080 384 112 32 32 1.095547
1080 392 112 32 32 0.000536
1080 400 112 32 32 1.703138
1080 408 112 32 32 0.022073
1080 14 126 28 28 0.260795
1080 14 133 28 28 2.791756
1080 224 98 28 28 0.263619
1080 210 96 24 24 0.415741
1080 306 108 24 24 4.699364
1110 352 48 64 64 0.738147
1110 176 22 44 44 1.602469
1110 176 33 44 44 3.173712
1110 180 30 40 40 0.752882
1110 0 126 36 36 0.366089
1110 9 126 36 36 3.679733
1110 432 126 36 36 3.688833
1110 432 144 36 36 1.344830
1110 441 126 36 36 0.718157
1110 8 128 32 32 2.339116
1110 16 112 32 32 0.409818
1110 16 128 32 32 6.717378
1110 16 136 32 32 3.482670
1110 24 112 32 32 0.612872
1110 24 128 32 32 3.628001
1110 400 112 32 32 3.044297
1110 408 112 32 32 5.977846
1110 14 126 28 28 0.413254
1110 14 133 28 28 0.467101
1110 21 126 28 28 5.546898
1110 21 133 28 28 6.728506
1110 126 21 28 28 1.051656
1110 455 133 28 28 0.128345
1110 462 133 28 28 2.138496
1110 469 126 28 28 2.651294
1110 469 133 28 28 6.236897
1110 144 18 24 24 1.068531
1110 198 84 24 24 3.022082
1110 198 96 24 24 0.200035
1110 204 84 24 24 2.291007
1110 204 96 24 24 1.202861
1110 204 102 24 24 1.275795
1110 210 84 24 24 0.042435
1110 210 96 24 24 4.610678
1110 210 102 24 24 2.903374
1140 176 22 44 44 1.081804
1140 180 30 40 40 0.051572
1140 320 20 40 40 0.450881
1140 320 30 40 40 1.950692
1140 330 30 40 40 1.648103
1140 340 30 40 40 0.707417
1140 448 98 28 28 7.354366
1140 448 112 28 28 1.263445
1140 455 98 28 28 3.959312
1140 462 98 28 28 2.820286
1140 462 112 28 28 0.199937
1140 462 119 28 28 0.163893
1140 469 98 28 28 4.900555
1140 469 119 28 28 1.041438
1140 0 96 24 24 6.283967
1140 0 102 24 24 0.192269
1140 6 96 24 24 0.116848
1140 192 96 24 24 1.654462
1140 198 96 24 24 4.255548
1140 204 96 24 24 5.635056
1140 204 102 24 24 1.561955
1140 210 84 24 24 1.124100
1140 210 96 24 24 5.058198
1170 0 36 48 48 0.617810
1170 12 36 48 48 2.285573
1170 0 36 48 48 0.617810
1170 12 36 48 48 2.285573
1170 352 11 44 44 1.477459
1170 160 30 40 40 0.487128
1170 340 20 40 40 0.276143
1170 340 30 40 40 2.945653
1170 350 20 40 40 2.010751
1170 350 30 40 40 1.020641
1170 408 16 32 32 3.042416
1170 408 24 32 32 0.574351
1170 112 0 28 28 3.809637
1170 112 7 28 28 5.545412
1170 112 14 28 28 0.540597
1170 119 0 28 28 3.754519
1170 119 7 28 28 4.948700
1170 119 14 28 28 1.015351
1170 126 7 28 28 4.506273
1170 132 12 24 24 3.926625
1170 132 18 24 24 3.629794
1170 192 84 24 24 2.834172
1170 192 96 24 24 4.944221
1170 198 84 24 24 1.872878
1170 198 96 24 24 4.423218
1170 198 102 24 24 0.330061
1170 204 84 24 24 0.207053
1170 204 96 24 24 3.968583
1170 210 84 24 24 2.469095
1170 210 96 24 24 2.437616
1200 0 36 48 48 1.357029
1200 12 36 48 48 1.096627
1200 24 36 48 48 3.057651
1200 36 36 48 48 2.585114
1200 192 0 48 48 0.409028
1200 192 12 48 48 2.722085
1200 192 24 48 48 5.674263
1200 192 36 48 48 4.862654
1200 204 0 48 48 2.323773
1200 204 12 48 48 3.891767
1200 204 24 48 48 4.751029
1200 204 36 48 48 3.624789
1200 216 12 48 48 2.426286
1200 216 24 48 48 2.614208
1200 396 24 48 48 0.104620
1200 0 36 48 48 1.357029
1200 12 36 48 48 1.096627
1200 24 36 48 48 3.057651
1200 36 36 48 48 2.585114
1200 192 0 48 48 0.409028
1200 192 12 48 48 2.722085
1200 192 24 48 48 5.674263
1200 192 36 48 48 4.862654
1200 204 0 48 48 2.323773
1200 204 12 48 48 3.891767
1200 204 24 48 48 4.751029
1200 204 36 48 48 3.624789
1200 216 12 48 48 2.426286
1200 216 24 48 48 2.614208
1200 396 24 48 48 0.104620
1200 176 22 44 44 2.810823
1200 176 33 44 44 3.237081
1200 187 22 44 44 2.907559
1200 187 33 44 44 5.517090
1200 198 22 44 44 0.990509
1200 198 33 44 44 5.694287
1200 231 98 28 28 3.545729
1200 238 98 28 28 3.445103
1200 245 98 28 28 0.615068
1200 6 108 24 24 0.639336
1200 12 108 24 24 1.810403
1200 288 96 24 24 1.057672
1200 288 102 24 24 3.255153
1230 48 0 64 64 5.136096
1230 48 16 64 64 0.837153
1230 256 0 64 64 1.167555
1230 272 0 64 64 1.377375
1230 288 0 64 64 0.631340
1230 288 36 48 48 5.951893
1230 288 36 48 48 5.951893
1230 384 112 32 32 2.182771
1230 7 119 28 28 0.232089
1230 21 112 28 28 2.394177
1230 126 112 28 28 0.605270
1230 448 112 28 28 6.029523
1230 448 119 28 28 4.620972
1230 455 112 28 28 2.904533
1230 455 119 28 28 1.278848
1230 384 96 24 24 1.691879
1230 492 96 24 24 0.393459
1260 0 0 64 64 1.944569
1260 256 16 64 64 4.261246
1260 272 16 64 64 2.040051
1260 128 112 32 32 3.256658
1260 136 112 32 32 0.386430
1260 256 112 32 32 0.008470
1260 264 112 32 32 0.147401
1260 119 133 28 28 0.869410
1260 126 126 28 28 2.169018
1260 224 126 28 28 0.579846
1260 448 119 28 28 1.083909
1260 448 126 28 28 1.633098
1260 455 119 28 28 0.593590
1260 462 112 28 28 0.271707
1260 462 119 28 28 1.959942
1260 462 126 28 28 2.299502
1260 469 119 28 28 2.301863
1260 469 126 28 28 1.398143
1260 384 96 24 24 2.211699
1290 352 32 64 64 2.889543
1290 264 128 32 32 0.654700
1290 400 128 32 32 0.370751
1290 408 128 32 32 1.591778
1290 154 119 28 28 0.554586
1290 168 112 28 28 0.338269
1290 168 119 28 28 4.694873
1290 168 126 28 28 2.869967
1290 224 126 28 28 0.094906
1290 231 126 28 28 2.285788
1290 336 119 28 28 5.019368
1290 336 126 28 28 2.680476
1290 343 119 28 28 3.598351
1290 343 126 28 28 4.302693
1290 343 133 28 28 1.434001
1290 350 119 28 28 3.192426
1290 350 126 28 28 2.265470
1290 357 119 28 28 0.231132
1290 96 96 24 24 4.390654
1290 102 96 24 24 2.180701
1290 102 102 24 24 0.928114
1290 108 96 24 24 0.061278
1290 108 102 24 24 2.172403
1320 0 22 44 44 1.324854
1320 10 30 40 40 0.621017
1320 432 126 36 36 2.956956
1320 432 144 36 36 2.463208
1320 432 153 36 36 0.452566
1320 432 162 36 36 0.395385
1320 432 171 36 36 2.680889
1320 272 112 32 32 2.149358
1320 400 16 32 32 1.883198
1320 245 119 28 28 0.565315
1320 462 0 28 28 4.765919
1320 462 7 28 28 1.579894
1320 469 0 28 28 1.722468
1320 12 96 24 24 0.521533
1320 18 96 24 24 0.579180
1320 288 114 24 24 0.420119
1320 300 114 24 24 1.146813
1350 288 0 64 64 0.824900
1350 352 0 64 64 0.608828
1350 384 36 48 48 0.631830
1350 396 36 48 48 1.259019
1350 384 36 48 48 0.631830
1350 396 36 48 48 1.259019
1350 176 11 44 44 1.757106
1350 187 0 44 44 0.429837
1350 187 11 44 44 1.925579
1350 187 22 44 44 0.832083
1350 450 126 36 36 5.092273
1350 450 144 36 36 2.804628
1350 459 126 36 36 7.535302
1350 459 144 36 36 6.767797
1350 459 153 36 36 0.018307
1350 384 112 32 32 0.737270
1350 448 98 28 28 3.085498
1350 448 112 28 28 0.007148
1350 469 126 28 28 0.406306
1350 469 133 28 28 2.404648
1350 96 96 24 24 1.410651
1380 24 24 48 48 1.773787
1380 36 24 48 48 2.519336
1380 192 0 48 48 0.310279
1380 204 0 48 48 3.054456
1380 204 12 48 48 0.429528
1380 216 0 48 48 2.281446
1380 24 24 48 48 1.773787
1380 36 24 48 48 2.519336
1380 192 0 48 48 0.310279
1380 204 0 48 48 3.054456
1380 204 12 48 48 0.429528
1380 216 0 48 48 2.281446
1380 22 33 44 44 1.045724
1380 33 22 44 44 0.829176
1380 33 33 44 44 1.331327
1380 198 0 44 44 0.430305
1380 14 98 28 28 0.105537
1380 18 102 24 24 2.404282
1380 18 108 24 24 0.792347
1380 390 114 24 24 0.412051
1410 288 168 48 48 0.020564
1410 288 168 48 48 0.020564
1410 352 22 44 44 1.922761
1410 363 22 44 44 3.594364
1410 459 18 36 36 0.601939
1410 459 27 36 36 1.476853
1410 448 0 28 28 0.630938
1410 469 21 28 28 0.176496
1410 18 84 24 24 0.545340
1410 492 12 24 24 1.561249
1410 492 18 24 24 0.339780
1410 498 18 24 24 1.335910
1440 242 0 44 44 2.644784
1440 220 10 40 40 0.959768
1440 240 0 40 40 2.691091
1440 240 10 40 40 1.779703
1440 128 16 32 32 0.428605
1440 136 16 32 32 0.750838
1440 144 16 32 32 2.028782
1440 0 96 24 24 0.367194
1440 0 102 24 24 1.687670
1440 6 96 24 24 2.375938
1470 242 22 44 44 0.614447
1470 352 22 44 44 1.778034
1470 330 30 40 40 0.764665
1470 340 20 40 40 2.296359
1470 340 30 40 40 3.796001
1470 350 30 40 40 2.817901
1470 0 96 24 24 0.087844
1470 18 108 24 24 0.528307
1470 102 84 24 24 0.218859
1470 108 84 24 24 1.554906
1470 402 102 24 24 1.528265
1470 480 84 24 24 1.859089
1500 16 0 64 64 0.135043
1500 36 36 48 48 0.322689
1500 36 36 48 48 0.322689
1500 352 33 44 44 1.597655
1500 363 33 44 44 3.642781
1500 374 33 44 44 2.047250
1500 128 112 32 32 0.440906
1500 112 98 28 28 1.468155
1500 245 98 28 28 0.093487
1500 343 98 28 28 2.179989
1500 469 98 28 28 1.346510
1500 0 114 24 24 2.064075
1500 132 84 24 24 2.047526
1500 144 96 24 24 2.577583
1500 306 102 24 24 0.146719
1500 486 210 24 24 1.237710
1500 492 210 24 24 0.368439
1530 0 0 64 64 2.717832
1530 192 136 32 32 0.507120
1530 192 144 32 32 0.883224
1530 7 112 28 28 0.488218
1530 14 112 28 28 0.409878
1530 112 112 28 28 1.575964
1530 112 119 28 28 0.007808
1530 119 112 28 28 1.645999
1530 119 119 28 28 2.055370
1530 119 126 28 28 2.188842
1530 119 133 28 28 1.978829
1530 126 126 28 28 1.647612
1530 126 133 28 28 3.319788
1530 238 98 28 28 5.116095
1530 245 98 28 28 4.309114
1530 336 98 28 28 2.813291
1530 343 98 28 28 0.838859
1530 350 98 28 28 3.225597
1530 357 98 28 28 3.423900
1530 12 114 24 24 4.782191
1530 18 114 24 24 4.168322
1530 96 102 24 24 2.612046
1530 96 108 24 24 1.285488
1530 102 96 24 24 5.289608
1530 102 102 24 24 8.151883
1530 102 108 24 24 2.669096
1530 108 84 24 24 1.460645
1530 108 96 24 24 4.906400
1530 108 102 24 24 5.598071
1530 132 84 24 24 3.189497
1530 294 210 24 24 0.151325
1530 306 108 24 24 4.492939
1530 498 108 24 24 1.344555
1560 352 0 64 64 5.633153
1560 384 12 48 48 1.924927
1560 384 24 48 48 4.375928
1560 384 36 48 48 5.466233
1560 396 36 48 48 0.464337
1560 384 12 48 48 1.924927
1560 384 24 48 48 4.375928
1560 384 36 48 48 5.466233
1560 396 36 48 48 0.464337
1560 374 22 44 44 1.587112
1560 385 22 44 44 2.545287
1560 0 112 28 28 7.414427
1560 0 119 28 28 3.992310
1560 7 112 28 28 6.873248
1560 7 119 28 28 5.102218
1560 14 112 28 28 5.560263
1560 14 119 28 28 4.709586
1560 21 112 28 28 3.431113
1560 21 119 28 28 4.339770
1560 231 126 28 28 1.799611
1560 238 126 28 28 3.069676
1560 238 133 28 28 0.625667
1560 245 112 28 28 0.915292
1560 245 126 28 28 2.019610
1560 343 112 28 28 0.754966
1560 350 112 28 28 0.283217
1560 357 112 28 28 0.620403
1560 455 98 28 28 1.307827
1560 455 112 28 28 0.902803
1560 455 119 28 28 2.297029
1560 455 126 28 28 2.582905
1560 462 98 28 28 2.375339
1560 462 112 28 28 1.799504
1560 12 114 24 24 1.633128
1560 96 102 24 24 3.343549
1560 96 108 24 24 3.514546
1560 102 102 24 24 0.650632
1560 102 108 24 24 1.180295
1560 108 84 24 24 2.444397
1560 108 96 24 24 0.788847
1560 108 102 24 24 0.299863
1560 480 114 24 24 0.007609
1560 486 0 24 24 0.717212
1560 492 0 24 24 1.243315
1590 306 126 36 36 0.552012
1590 0 112 32 32 3.394568
1590 8 112 32 32 1.390078
1590 192 144 32 32 0.539544
1590 192 152 32 32 0.491683
1590 256 128 32 32 1.925722
1590 256 136 32 32 2.069834
1590 0 119 28 28 2.854973
1590 0 126 28 28 6.675764
1590 0 133 28 28 3.569937
1590 7 119 28 28 0.345357
1590 7 126 28 28 4.339421
1590 7 133 28 28 1.133071
1590 14 119 28 28 1.414740
1590 14 126 28 28 4.222798
1590 14 133 28 28 2.391866
1590 21 126 28 28 2.868754
1590 21 133 28 28 2.167797
1590 112 98 28 28 3.835788
1590 119 98 28 28 3.096164
1590 126 98 28 28 2.407346
1590 448 112 28 28 1.627727
1590 469 112 28 28 0.002854
1590 469 119 28 28 3.756067
1590 96 84 24 24 0.716781
1590 96 108 24 24 0.457557
1590 96 114 24 24 3.073966
1590 102 96 24 24 0.765168
1590 102 108 24 24 2.154719
1590 102 114 24 24 6.191874
1590 108 84 24 24 1.016690
1590 108 96 24 24 1.533743
1590 108 108 24 24 0.679646
1590 108 114 24 24 2.924720
1590 132 84 24 24 0.311741
1590 132 102 24 24 0.104315
1620 272 16 64 64 0.512493
1620 272 32 64 64 1.848685
1620 288 32 64 64 0.027987
1620 352 0 64 64 0.276157
1620 352 16 64 64 2.988240
1620 352 32 64 64 3.923485
1620 352 48 64 64 1.799365
1620 396 24 48 48 0.151351
1620 408 24 48 48 0.699464
1620 408 36 48 48 0.259001
1620 420 24 48 48 0.433357
1620 396 24 48 48 0.151351
1620 408 24 48 48 0.699464
1620 408 36 48 48 0.259001
1620 420 24 48 48 0.433357
1620 315 126 36 36 2.640487
1620 315 144 36 36 2.649920
1620 441 126 36 36 1.559258
1620 256 144 32 32 0.414227
1620 392 112 32 32 0.582507
1620 392 128 32 32 0.913800
1620 400 112 32 32 1.212964
1620 400 128 32 32 4.773056
1620 400 136 32 32 0.147420
1620 0 126 28 28 2.102640
1620 0 133 28 28 1.539235
1620 7 133 28 28 0.449984
1620 112 112 28 28 5.864993
1620 112 119 28 28 1.518662
1620 119 112 28 28 0.710436
1620 126 112 28 28 0.186548
1620 238 133 28 28 1.495498
1620 245 133 28 28 1.713094
1620 455 133 28 28 0.332944
1620 462 133 28 28 0.151729
1620 96 108 24 24 3.918624
1620 96 114 24 24 7.765002
1620 102 84 24 24 0.175452
1620 102 96 24 24 0.222490
1620 102 108 24 24 1.488097
1620 102 114 24 24 5.236869
1620 492 114 24 24 0.084087
1650 0 0 64 64 2.158571
1650 16 0 64 64 0.290698
1650 352 16 64 64 2.621065
1650 24 36 48 48 1.057672
1650 36 36 48 48 0.227312
1650 24 36 48 48 1.057672
1650 36 36 48 48 0.227312
1650 220 140 40 40 0.981566
1650 350 140 40 40 0.756303
1650 432 126 36 36 2.380276
1650 24 112 32 32 1.610854
1650 14 119 28 28 0.771322
1650 14 133 28 28 0.658115
1650 21 112 28 28 1.095793
1650 21 119 28 28 2.217453
1650 21 126 28 28 3.700647
1650 21 133 28 28 3.374519
1650 112 133 28 28 0.944078
1650 119 133 28 28 2.083944
1650 126 133 28 28 1.920859
1650 231 119 28 28 0.699750
1650 231 126 28 28 3.093167
1650 238 112 28 28 4.219441
1650 238 119 28 28 5.122667
1650 238 126 28 28 8.364292
1650 238 133 28 28 5.479234
1650 245 119 28 28 2.403450
1650 245 126 28 28 5.999661
1650 245 133 28 28 2.584728
1650 448 126 28 28 6.878066
1650 448 133 28 28 7.551043
1650 455 133 28 28 1.183237
1650 462 126 28 28 0.121436
1650 469 119 28 28 0.746751
1650 96 84 24 24 3.690261
1650 96 108 24 24 0.390828
1650 102 84 24 24 0.437545
1650 384 192 24 24 0.071026
1680 16 0 64 64 0.311945
1680 32 0 64 64 1.656943
1680 264 36 48 48 1.199303
1680 264 36 48 48 1.199303
1680 432 126 36 36 3.667778
1680 441 126 36 36 1.573022
1680 24 112 32 32 2.125230
1680 256 112 32 32 4.196543
1680 256 128 32 32 1.414442
1680 264 112 32 32 2.945450
1680 264 128 32 32 1.696957
1680 0 126 28 28 2.014091
1680 112 98 28 28 1.581970
1680 119 98 28 28 1.916930
1680 126 98 28 28 3.334797
1680 154 98 28 28 1.956091
1680 0 6 24 24 0.086594
1680 96 102 24 24 2.765439
1680 96 108 24 24 5.854071
1680 96 114 24 24 0.864421
1680 102 84 24 24 1.070534
1680 102 102 24 24 4.415512
1680 102 108 24 24 7.625097
1680 102 114 24 24 3.501546
1680 108 102 24 24 3.273586
1680 108 108 24 24 7.934014
1680 108 114 24 24 5.389732
1680 132 108 24 24 2.625580
1710 352 0 64 64 1.410000
1710 36 168 48 48 0.822998
1710 216 36 48 48 0.595858
1710 36 168 48 48 0.822998
1710 216 36 48 48 0.595858
1710 162 126 36 36 0.129686
1710 0 24 32 32 1.247292
1710 8 16 32 32 1.239706
1710 8 24 32 32 1.638840
1710 8 112 32 32 2.300480
1710 16 16 32 32 2.451626
1710 16 24 32 32 0.111995
1710 16 112 32 32 1.586551
1710 24 112 32 32 0.928720
1710 176 128 32 32 1.528593
1710 176 136 32 32 2.760744
1710 192 128 32 32 0.073729
1710 400 128 32 32 0.900883
1710 408 112 32 32 1.218369
1710 408 128 32 32 1.483048
1710 112 126 28 28 0.301172
1710 112 133 28 28 1.222712
1710 119 112 28 28 0.111692
1710 126 7 28 28 0.284871
1710 126 14 28 28 0.563159
1710 168 126 28 28 0.025998
1710 224 112 28 28 3.034175
1710 231 98 28 28 0.692583
1710 231 112 28 28 3.732506
1710 238 112 28 28 4.665033
1710 245 98 28 28 0.047861
1710 245 112 28 28 6.337031
1710 245 119 28 28 0.440153
1710 448 119 28 28 0.920099
1710 448 126 28 28 1.610359
1710 469 119 28 28 1.421238
1710 96 210 24 24 0.720268
1710 132 198 24 24 0.329193
1710 132 204 24 24 2.442343
1710 132 210 24 24 3.879029
1710 144 12 24 24 0.526221
1710 144 18 24 24 1.337933
1710 144 198 24 24 3.115416
1710 144 204 24 24 1.464790
1710 144 210 24 24 4.885311
1740 128 136 32 32 2.175990
1740 136 136 32 32 1.571379
1740 136 144 32 32 2.439271
1740 144 136 32 32 0.992968
1740 144 144 32 32 1.557736
1740 272 128 32 32 0.130621
1740 272 152 32 32 1.744971
1740 280 128 32 32 0.263810
1740 280 136 32 32 2.056924
1740 280 144 32 32 0.434149
1740 280 152 32 32 0.723795
1740 168 7 28 28 1.110951
1740 168 14 28 28 0.447952
1740 231 98 28 28 0.708504
1740 462 133 28 28 1.334789
1740 469 133 28 28 0.786301
1740 288 96 24 24 2.112753
1740 288 102 24 24 3.437600
1740 288 108 24 24 2.122970
1740 288 114 24 24 0.104855
1740 288 210 24 24 1.629358
1740 294 84 24 24 0.412167
1740 294 96 24 24 0.166328
1740 294 102 24 24 1.226989
1740 294 108 24 24 1.347811
1740 294 210 24 24 0.672494
1740 300 84 24 24 2.180737
1740 300 102 24 24 1.602857
1740 300 108 24 24 2.923438
1740 306 102 24 24 2.804811
1740 306 108 24 24 0.117628
1770 32 32 64 64 3.266517
1770 48 32 64 64 2.486134
1770 48 48 64 64 1.846298
1770 256 32 64 64 3.790321
1770 256 48 64 64 7.506916
1770 272 32 64 64 1.879472
1770 272 48 64 64 3.663352
1770 288 126 36 36 0.924513
1770 288 144 36 36 2.366244
1770 128 112 32 32 2.691402
1770 136 112 32 32 2.861685
1770 144 112 32 32 4.232733
1770 392 128 32 32 0.482844
1770 392 136 32 32 0.518022
1770 400 128 32 32 2.832400
1770 400 136 32 32 2.266236
1770 400 144 32 32 1.692728
1770 400 152 32 32 0.301047
1770 408 128 32 32 2.441707
1770 408 136 32 32 2.571928
1770 408 152 32 32 0.192137
1770 112 98 28 28 1.714895
1770 112 112 28 28 3.371281
1770 119 98 28 28 0.385948
1770 119 112 28 28 0.810716
1770 119 119 28 28 1.149653
1770 154 119 28 28 0.522382
1770 336 133 28 28 0.780408
1770 96 114 24 24 3.540055
1770 102 102 24 24 0.752042
1770 102 108 24 24 1.786006
1770 102 114 24 24 4.042045
1770 108 96 24 24 1.522805
1770 108 102 24 24 4.283201
1770 108 108 24 24 3.566547
1770 108 114 24 24 5.375661
1770 132 84 24 24 0.038305
1770 132 96 24 24 1.472436
1770 132 102 24 24 5.366266
1770 132 108 24 24 2.694324
1770 144 102 24 24 1.834013
1800 240 0 40 40 0.799690
1800 297 126 36 36 1.068331
1800 306 144 36 36 0.281320
1800 16 16 32 32 1.363346
1800 192 128 32 32 1.994330
1800 256 16 32 32 0.969340
1800 256 24 32 32 1.326120
1800 280 16 32 32 0.206932
1800 280 24 32 32 0.239190
1800 0 98 28 28 1.955377
1800 0 112 28 28 1.372085
1800 7 112 28 28 1.307551
1800 14 112 28 28 2.169338
1800 21 14 28 28 3.155902
1800 21 21 28 28 2.608885
1800 238 126 28 28 2.485319
1800 238 133 28 28 3.621411
1800 245 126 28 28 0.819062
1800 245 133 28 28 4.413744
1800 0 96 24 24 2.237757
1800 0 102 24 24 3.196689
1800 0 114 24 24 1.019044
1800 6 96 24 24 4.548007
1800 6 102 24 24 2.345925
1800 6 108 24 24 0.569314
1800 12 84 24 24 0.625793
1800 12 96 24 24 3.981446
1800 12 102 24 24 2.373409
1800 12 108 24 24 1.999330
1800 12 114 24 24 0.315381
1800 492 192 24 24 0.250565
1830 272 112 32 32 1.165636
1830 280 112 32 32 1.251841
1830 7 98 28 28 1.830463
1830 14 98 28 28 2.617329
1830 21 98 28 28 1.026564
1830 112 119 28 28 3.140649
1830 112 126 28 28 0.782718
1830 224 112 28 28 1.194633
1830 224 119 28 28 4.968398
1830 224 126 28 28 0.517953
1830 231 112 28 28 0.491344
1830 231 119 28 28 4.580702
1830 231 126 28 28 0.674583
1830 238 119 28 28 1.169877
1830 336 112 28 28 2.588950
1830 336 119 28 28 4.929799
1830 336 126 28 28 2.139142
1830 343 112 28 28 3.571512
1830 343 119 28 28 6.730259
1830 343 126 28 28 2.891862
1830 350 112 28 28 4.960779
1830 350 119 28 28 6.989409
1830 350 126 28 28 2.122571
1830 357 112 28 28 3.114468
1830 357 119 28 28 6.858080
1830 357 126 28 28 7.039331
1830 357 133 28 28 2.425814
1830 0 96 24 24 1.686984
1830 0 102 24 24 0.180391
1830 0 108 24 24 0.899696
1830 0 114 24 24 1.138892
1830 6 108 24 24 0.464823
1830 6 114 24 24 1.311354
1830 12 102 24 24 0.933563
1830 12 108 24 24 3.991889
1830 12 114 24 24 0.230470
1830 18 102 24 24 1.735343
1830 18 108 24 24 4.127063
1830 18 114 24 24 0.737696
1830 384 114 24 24 1.605986
