30 0 32 64 64 3.791678
30 0 48 64 64 0.761145
30 16 32 64 64 1.645543
30 272 32 64 64 0.250463
30 420 168 48 48 0.164412
30 420 168 48 48 0.164412
30 9 126 36 36 2.137377
30 18 126 36 36 1.209713
30 315 126 36 36 0.603351
30 0 128 32 32 2.707974
30 0 136 32 32 1.458733
30 8 128 32 32 2.930919
30 16 128 32 32 4.990953
30 16 136 32 32 2.646780
30 24 128 32 32 4.152712
30 24 136 32 32 3.125571
30 136 128 32 32 0.742963
30 144 128 32 32 1.121417
30 21 133 28 28 0.466477
30 112 133 28 28 0.306606
30 154 133 28 28 0.053820
30 336 133 28 28 3.120903
30 343 133 28 28 0.474318
30 455 224 28 28 0.219939
30 462 224 28 28 3.055052
30 469 224 28 28 0.522146
30 469 231 28 28 1.215683
30 390 204 24 24 1.839163
30 396 198 24 24 4.144668
30 396 204 24 24 3.574281
30 396 210 24 24 1.512881
30 402 198 24 24 2.906565
30 402 204 24 24 4.638478
30 402 210 24 24 1.858043
60 0 32 64 64 5.279967
60 256 32 64 64 1.182336
60 272 16 64 64 1.864538
60 272 32 64 64 3.968495
60 288 16 64 64 2.861380
60 288 32 64 64 3.372655
60 352 16 64 64 1.675964
60 352 32 64 64 2.519916
60 396 12 48 48 0.588778
60 408 0 48 48 0.228066
60 408 12 48 48 2.895858
60 420 0 48 48 1.626142
60 420 12 48 48 0.944033
60 396 12 48 48 0.588778
60 408 0 48 48 0.228066
60 408 12 48 48 2.895858
60 420 0 48 48 1.626142
60 420 12 48 48 0.944033
60 340 140 40 40 0.030589
60 350 140 40 40 2.926612
60 0 128 32 32 4.955326
60 0 136 32 32 0.793471
60 8 128 32 32 5.649473
60 8 136 32 32 3.258800
60 16 128 32 32 3.837342
60 16 136 32 32 2.098603
60 24 128 32 32 0.075925
60 128 128 32 32 0.302583
60 176 128 32 32 0.220099
60 384 152 32 32 0.082129
60 400 144 32 32 1.482412
60 408 16 32 32 0.693082
60 408 136 32 32 3.936805
60 0 133 28 28 0.442113
60 7 133 28 28 3.567210
60 14 133 28 28 4.261864
60 21 133 28 28 4.585413
60 112 126 28 28 0.190442
60 224 133 28 28 0.340494
60 231 133 28 28 3.441545
60 238 133 28 28 3.571565
60 245 133 28 28 2.726047
60 469 133 28 28 0.787040
60 396 192 24 24 3.472187
60 396 198 24 24 1.280225
60 402 192 24 24 5.545436
60 402 198 24 24 5.392781
60 480 96 24 24 1.819761
60 486 96 24 24 1.221980
60 492 96 24 24 1.003653
90 272 16 64 64 0.181704
90 288 16 64 64 3.534979
90 288 32 64 64 2.219081
90 352 0 64 64 0.543004
90 374 0 44 44 0.099989
90 350 140 40 40 4.410777
90 441 0 36 36 1.185477
90 450 0 36 36 6.150304
90 450 9 36 36 6.666573
90 450 18 36 36 5.411120
90 450 27 36 36 2.837022
90 459 0 36 36 1.169138
90 459 9 36 36 4.755053
90 459 18 36 36 2.444537
90 459 27 36 36 0.956653
90 24 128 32 32 0.442922
90 384 152 32 32 0.994141
90 0 126 28 28 0.232599
90 0 133 28 28 3.766412
90 224 133 28 28 2.663321
90 231 133 28 28 2.719742
90 238 133 28 28 2.240392
90 469 0 28 28 0.084657
90 469 7 28 28 3.221671
90 469 14 28 28 2.014510
90 469 21 28 28 2.843233
90 469 224 28 28 1.105199
90 402 198 24 24 0.449927
90 480 12 24 24 0.508721
90 480 18 24 24 0.995959
90 492 198 24 24 0.787661
120 256 16 64 64 1.746135
120 256 32 64 64 0.734985
120 272 16 64 64 2.934259
120 272 32 64 64 0.743645
120 288 16 64 64 3.111818
120 288 32 64 64 1.899442
120 352 0 64 64 2.680476
120 385 154 44 44 3.262980
120 384 128 32 32 0.423817
120 384 144 32 32 2.344921
120 384 152 32 32 2.514147
120 392 144 32 32 3.053180
120 392 152 32 32 4.210226
120 400 152 32 32 0.594640
120 7 133 28 28 0.028252
120 112 133 28 28 2.242016
120 224 133 28 28 0.525089
120 231 126 28 28 1.414243
120 231 133 28 28 1.758567
120 238 126 28 28 0.924251
120 238 133 28 28 2.735471
120 245 133 28 28 0.017836
120 343 133 28 28 0.179259
120 6 84 24 24 0.570758
120 480 96 24 24 6.974558
120 480 102 24 24 1.280138
120 486 96 24 24 4.770272
120 486 102 24 24 0.672857
120 498 96 24 24 0.967038
150 272 16 64 64 3.311684
150 272 32 64 64 1.955261
150 288 16 64 64 2.431646
150 288 32 64 64 1.305511
150 352 32 64 64 6.926318
150 352 48 64 64 5.004560
150 441 144 36 36 1.080840
150 450 144 36 36 2.524867
150 450 153 36 36 2.088083
150 459 126 36 36 4.460965
150 459 144 36 36 3.917726
150 459 153 36 36 3.955847
150 459 162 36 36 2.674294
150 459 171 36 36 4.899188
150 0 128 32 32 2.837725
150 8 128 32 32 3.787196
150 16 128 32 32 4.108449
150 392 136 32 32 2.904585
150 400 136 32 32 3.715823
150 400 144 32 32 0.959320
150 408 136 32 32 3.362678
150 408 144 32 32 1.111199
150 0 133 28 28 4.421844
150 7 133 28 28 2.565761
150 14 133 28 28 1.411212
150 21 133 28 28 5.143681
150 119 133 28 28 0.182173
150 154 126 28 28 1.473752
150 154 133 28 28 0.301298
150 224 126 28 28 0.729168
150 224 133 28 28 0.961142
150 231 126 28 28 3.439495
150 231 133 28 28 4.788588
150 238 126 28 28 2.503019
150 238 133 28 28 0.424944
150 336 133 28 28 3.882894
150 343 133 28 28 2.515343
150 350 133 28 28 4.104623
150 357 133 28 28 2.604727
150 480 192 24 24 3.148320
150 486 0 24 24 0.704181
150 486 6 24 24 1.907654
150 486 12 24 24 1.173885
150 486 192 24 24 4.148897
150 486 198 24 24 0.627653
150 492 192 24 24 1.684304
180 352 32 64 64 4.057096
180 297 126 36 36 0.900279
180 432 0 36 36 3.925542
180 432 9 36 36 1.252788
180 432 126 36 36 0.093395
180 441 0 36 36 3.003480
180 441 9 36 36 0.537468
180 441 126 36 36 0.777664
180 450 0 36 36 2.897480
180 450 9 36 36 0.672197
180 450 126 36 36 5.228463
180 450 144 36 36 5.406565
180 459 126 36 36 6.432591
180 459 144 36 36 5.259752
180 384 8 32 32 2.582532
180 384 16 32 32 0.719820
180 384 128 32 32 2.791391
180 384 136 32 32 0.084995
180 392 8 32 32 3.036585
180 392 128 32 32 0.659327
180 392 136 32 32 0.846052
180 400 8 32 32 3.753772
180 400 128 32 32 0.253443
180 400 136 32 32 1.844151
180 0 126 28 28 2.775652
180 112 133 28 28 4.899982
180 119 133 28 28 3.275836
180 154 126 28 28 4.137084
180 154 133 28 28 2.880988
180 168 126 28 28 0.107872
180 168 133 28 28 0.674205
180 231 126 28 28 0.143375
180 238 126 28 28 0.610280
180 336 126 28 28 0.968335
180 336 133 28 28 2.440674
180 343 126 28 28 2.363751
180 343 133 28 28 3.781031
180 350 133 28 28 2.066276
180 357 133 28 28 0.516932
180 448 14 28 28 1.989676
180 448 21 28 28 1.069902
180 384 18 24 24 0.359903
210 352 48 64 64 1.118618
210 432 0 36 36 3.368987
210 441 144 36 36 1.464527
210 441 153 36 36 0.343086
210 450 0 36 36 0.221487
210 450 144 36 36 1.918787
210 450 153 36 36 1.517815
210 459 126 36 36 0.231232
210 459 144 36 36 2.122994
210 0 112 32 32 0.032158
210 128 128 32 32 2.192565
210 136 128 32 32 3.637076
210 144 128 32 32 4.590469
210 384 128 32 32 4.309572
210 384 136 32 32 2.387656
210 392 128 32 32 2.955711
210 392 136 32 32 2.644666
210 400 128 32 32 3.594696
210 400 136 32 32 3.351965
210 400 144 32 32 2.758872
210 408 128 32 32 1.293898
210 408 136 32 32 4.583852
210 408 144 32 32 4.434492
210 408 152 32 32 2.921357
210 0 126 28 28 4.755869
210 0 133 28 28 4.276948
210 7 126 28 28 4.045430
210 7 133 28 28 2.712729
210 126 126 28 28 0.472998
210 126 133 28 28 1.268506
210 154 126 28 28 1.575768
210 154 133 28 28 5.188679
210 336 126 28 28 1.927429
210 336 133 28 28 1.429248
210 343 126 28 28 2.263348
210 343 133 28 28 1.515505
210 350 126 28 28 3.639047
210 350 133 28 28 0.945203
210 357 126 28 28 2.346048
210 357 133 28 28 0.601648
210 448 21 28 28 1.091875
210 462 21 28 28 0.137806
210 469 0 28 28 0.891287
210 469 21 28 28 0.667794
210 390 0 24 24 0.494565
210 396 0 24 24 1.635147
240 352 48 64 64 1.068355
240 432 153 36 36 0.193134
240 459 126 36 36 2.366377
240 459 153 36 36 4.959534
240 459 162 36 36 5.632062
240 459 171 36 36 0.676853
240 0 136 32 32 0.552937
240 8 136 32 32 1.519974
240 128 128 32 32 0.688963
240 136 128 32 32 2.820458
240 144 128 32 32 3.215940
240 400 136 32 32 0.925567
240 408 128 32 32 1.112106
240 408 136 32 32 2.073382
240 14 133 28 28 0.772154
240 154 126 28 28 4.693412
240 154 133 28 28 5.184509
240 168 126 28 28 1.344490
240 336 133 28 28 2.298414
240 343 133 28 28 1.314773
240 350 133 28 28 2.398615
240 357 133 28 28 2.161569
270 0 16 64 64 0.078103
270 0 32 64 64 3.552918
270 16 32 64 64 2.023459
270 272 16 64 64 5.090244
270 272 32 64 64 4.582602
270 288 16 64 64 3.381840
270 288 32 64 64 2.355672
270 0 126 36 36 0.454297
270 18 126 36 36 0.203238
270 27 126 36 36 1.364340
270 459 153 36 36 1.397968
270 0 112 32 32 0.036809
270 0 136 32 32 0.368825
270 0 144 32 32 0.483794
270 14 112 28 28 0.546677
270 126 119 28 28 0.373813
270 126 126 28 28 2.801100
270 126 133 28 28 2.619080
270 168 126 28 28 0.572734
270 168 133 28 28 0.743150
270 231 119 28 28 0.616415
270 336 126 28 28 3.310993
270 336 133 28 28 1.848440
270 343 126 28 28 1.623419
270 343 133 28 28 1.959611
270 350 126 28 28 0.328986
270 350 133 28 28 1.400325
270 357 126 28 28 0.821305
270 357 133 28 28 2.130403
300 0 32 64 64 0.636910
300 272 16 64 64 1.271806
300 272 32 64 64 2.046886
300 288 0 64 64 2.749230
300 288 16 64 64 1.018159
300 288 32 64 64 0.093033
300 297 126 36 36 1.219926
300 0 144 32 32 1.121377
300 24 112 32 32 0.210400
300 256 112 32 32 0.675770
300 272 0 32 32 0.255873
300 384 112 32 32 3.359834
300 384 128 32 32 3.147347
300 392 112 32 32 4.029551
300 392 128 32 32 3.913928
300 400 112 32 32 1.703335
300 168 112 28 28 0.504395
300 224 119 28 28 0.946480
300 231 119 28 28 0.161285
300 336 112 28 28 0.922047
300 336 119 28 28 3.224557
300 336 126 28 28 3.707623
300 343 112 28 28 2.115932
300 343 119 28 28 4.035457
300 343 126 28 28 2.766082
300 350 119 28 28 1.603511
300 350 126 28 28 1.474553
300 357 126 28 28 0.560095
300 144 96 24 24 4.955222
300 294 18 24 24 0.947202
330 272 16 64 64 0.595135
330 352 32 64 64 0.427013
330 384 112 32 32 2.349906
330 408 128 32 32 0.122687
330 126 98 28 28 0.909402
330 168 112 28 28 1.640914
330 168 119 28 28 0.231922
330 224 112 28 28 2.159336
330 231 112 28 28 3.218488
330 231 119 28 28 0.767879
330 336 112 28 28 1.680240
330 336 119 28 28 1.055820
330 343 98 28 28 1.838636
330 343 112 28 28 5.572958
330 343 119 28 28 3.725241
330 343 126 28 28 2.990279
330 350 112 28 28 4.471322
330 350 119 28 28 4.123464
330 350 126 28 28 3.595857
330 357 112 28 28 2.924628
330 357 119 28 28 2.510898
330 357 126 28 28 2.035637
330 102 102 24 24 0.124051
360 272 16 64 64 0.252449
360 272 32 64 64 0.788780
360 288 16 64 64 1.446999
360 352 16 64 64 2.510860
360 352 32 64 64 1.338882
360 0 192 48 48 1.644481
360 0 192 48 48 1.644481
360 0 176 44 44 1.699876
360 0 187 44 44 4.317513
360 0 198 44 44 3.404122
360 11 187 44 44 3.335183
360 11 198 44 44 1.736218
360 0 190 40 40 0.182278
360 10 180 40 40 0.323485
360 10 190 40 40 3.456569
360 20 190 40 40 0.914149
360 0 128 32 32 0.373534
360 24 112 32 32 0.200772
360 24 128 32 32 1.556019
360 408 128 32 32 2.952370
360 408 136 32 32 0.225294
360 0 133 28 28 1.185228
360 7 133 28 28 0.656174
360 14 133 28 28 1.459508
360 21 133 28 28 0.894621
360 231 112 28 28 1.160666
360 350 98 28 28 2.446079
360 357 98 28 28 4.646714
360 357 112 28 28 0.317570
360 357 119 28 28 0.239594
360 384 198 24 24 0.381462
390 256 16 64 64 1.083575
390 256 32 64 64 1.336335
390 272 0 64 64 0.052731
390 272 16 64 64 2.143034
390 272 32 64 64 0.185846
390 288 0 64 64 3.804869
390 288 16 64 64 3.833254
390 288 32 64 64 1.418618
390 352 0 64 64 1.063087
390 12 168 48 48 0.470075
390 24 0 48 48 0.663330
390 24 168 48 48 5.120018
390 36 168 48 48 2.209424
390 408 0 48 48 0.247960
390 12 168 48 48 0.470075
390 24 0 48 48 0.663330
390 24 168 48 48 5.120018
390 36 168 48 48 2.209424
390 408 0 48 48 0.247960
390 22 176 44 44 2.243836
390 22 187 44 44 1.707980
390 33 11 44 44 0.219316
390 33 176 44 44 4.966170
390 33 187 44 44 3.438472
390 385 187 44 44 0.722289
390 30 180 40 40 3.191946
390 30 190 40 40 2.417107
390 459 126 36 36 0.590443
390 384 128 32 32 4.456363
390 392 112 32 32 0.673226
390 392 128 32 32 4.999768
390 392 136 32 32 5.251268
390 400 112 32 32 1.294324
390 400 128 32 32 4.840430
390 400 136 32 32 6.322291
390 400 144 32 32 1.178229
390 408 128 32 32 2.895712
390 408 136 32 32 4.476739
390 112 119 28 28 1.151479
390 168 112 28 28 0.628184
390 231 112 28 28 0.284022
390 238 112 28 28 3.015167
390 336 98 28 28 0.095115
390 357 119 28 28 0.544917
390 357 126 28 28 0.560637
390 462 133 28 28 1.814399
390 469 133 28 28 1.231262
390 102 210 24 24 1.127674
390 108 210 24 24 0.045135
390 396 96 24 24 1.610047
420 256 16 64 64 0.803157
420 256 32 64 64 1.129297
420 272 16 64 64 2.975743
420 272 32 64 64 0.217784
420 288 16 64 64 1.282220
420 352 16 64 64 1.247422
420 352 32 64 64 3.593265
420 352 48 64 64 1.707445
420 0 0 48 48 2.001878
420 0 12 48 48 0.269748
420 12 0 48 48 0.802553
420 12 36 48 48 0.180428
420 384 36 48 48 3.072915
420 396 36 48 48 2.603421
420 0 0 48 48 2.001878
420 0 12 48 48 0.269748
420 12 0 48 48 0.802553
420 12 36 48 48 0.180428
420 384 36 48 48 3.072915
420 396 36 48 48 2.603421
420 11 11 44 44 0.719888
420 22 11 44 44 0.609991
420 441 126 36 36 1.455014
420 450 144 36 36 1.291817
420 459 144 36 36 2.043046
420 128 24 32 32 0.278544
420 408 112 32 32 0.254808
420 408 128 32 32 0.188527
420 0 98 28 28 1.045154
420 7 98 28 28 5.251316
420 14 98 28 28 1.384735
420 168 112 28 28 0.695024
420 168 119 28 28 0.661046
420 238 112 28 28 0.199122
420 238 119 28 28 0.569321
420 357 133 28 28 0.542500
420 448 133 28 28 0.050701
420 462 133 28 28 0.326607
420 12 102 24 24 0.793202
420 12 108 24 24 4.512362
420 18 102 24 24 2.678663
420 18 108 24 24 5.352762
420 18 114 24 24 2.333223
420 132 192 24 24 3.734476
420 132 198 24 24 1.918099
420 144 192 24 24 2.652973
420 144 198 24 24 1.288345
420 480 0 24 24 1.399809
420 486 0 24 24 1.255984
420 486 6 24 24 1.113384
420 492 6 24 24 2.177513
420 492 12 24 24 2.291261
420 492 96 24 24 0.958157
420 498 6 24 24 1.552817
420 498 12 24 24 3.386306
450 288 32 64 64 0.781631
450 288 48 64 64 1.011716
450 352 32 64 64 0.028299
450 12 36 48 48 3.242259
450 24 24 48 48 1.699702
450 24 36 48 48 8.756401
450 36 36 48 48 6.629748
450 384 36 48 48 2.793085
450 396 36 48 48 2.159592
450 12 36 48 48 3.242259
450 24 24 48 48 1.699702
450 24 36 48 48 8.756401
450 36 36 48 48 6.629748
450 384 36 48 48 2.793085
450 396 36 48 48 2.159592
450 22 33 44 44 3.338704
450 33 33 44 44 4.650558
450 144 144 36 36 0.666518
450 144 153 36 36 2.706175
450 144 162 36 36 0.260828
450 153 153 36 36 1.191787
450 216 144 36 36 0.685226
450 144 152 32 32 0.348521
450 384 144 32 32 0.289607
450 384 152 32 32 1.326653
450 392 152 32 32 0.025543
450 408 152 32 32 2.728223
450 7 7 28 28 5.021474
450 14 7 28 28 0.947997
450 126 21 28 28 0.276520
450 238 119 28 28 0.320075
450 238 126 28 28 0.906644
450 245 126 28 28 1.221898
450 455 112 28 28 0.389947
450 455 126 28 28 0.014315
450 462 112 28 28 1.290221
450 12 18 24 24 1.575893
450 18 18 24 24 4.476857
450 396 108 24 24 1.283104
450 396 114 24 24 0.660955
450 486 108 24 24 0.135645
480 0 32 64 64 0.444643
480 384 24 48 48 0.501241
480 384 24 48 48 0.501241
480 170 30 40 40 0.614416
480 0 126 36 36 0.396527
480 18 126 36 36 2.059562
480 27 126 36 36 5.559301
480 153 144 36 36 0.576360
480 432 126 36 36 0.232252
480 441 126 36 36 1.319829
480 24 128 32 32 0.340196
480 24 136 32 32 1.825453
480 112 21 28 28 3.015400
480 224 126 28 28 1.449236
480 231 126 28 28 2.172748
480 238 126 28 28 0.315842
480 238 133 28 28 0.558730
480 448 119 28 28 0.304446
480 448 126 28 28 0.537586
480 448 133 28 28 2.632972
480 455 119 28 28 1.812371
480 455 126 28 28 1.856141
480 462 119 28 28 1.980957
480 462 126 28 28 2.004564
480 469 112 28 28 0.048418
480 96 114 24 24 1.237947
480 498 114 24 24 0.764011
510 32 48 64 64 1.465105
510 48 48 64 64 1.424181
510 352 0 64 64 3.212692
510 374 154 44 44 2.246269
510 385 0 44 44 0.140373
510 160 30 40 40 1.407446
510 170 30 40 40 2.995886
510 162 144 36 36 0.089066
510 432 126 36 36 5.786826
510 441 126 36 36 8.710713
510 450 126 36 36 5.254713
510 459 126 36 36 4.630799
510 0 112 32 32 3.002786
510 0 128 32 32 1.781119
510 400 8 32 32 0.832166
510 400 112 32 32 0.014363
510 408 8 32 32 8.234583
510 408 16 32 32 8.382765
510 408 112 32 32 0.560894
510 0 112 28 28 0.448059
510 0 119 28 28 3.646507
510 0 126 28 28 4.450511
510 0 133 28 28 4.572602
510 7 119 28 28 3.163399
510 7 126 28 28 4.706624
510 7 133 28 28 4.582448
510 14 119 28 28 0.539645
510 14 126 28 28 2.664711
510 14 133 28 28 3.373355
510 21 119 28 28 0.725770
510 21 126 28 28 1.988011
510 21 133 28 28 1.237361
510 224 126 28 28 2.686280
510 231 119 28 28 1.648984
510 231 126 28 28 3.246766
510 238 126 28 28 1.812897
510 238 133 28 28 1.107777
510 448 133 28 28 0.289270
510 455 112 28 28 0.954889
510 455 119 28 28 3.351268
510 455 126 28 28 3.735181
510 455 133 28 28 3.552122
510 462 112 28 28 2.747031
510 462 119 28 28 3.070297
510 469 112 28 28 1.703439
510 480 114 24 24 2.468883
510 486 108 24 24 3.086580
510 486 114 24 24 7.114316
540 0 48 64 64 0.423221
540 16 48 64 64 2.972323
540 32 32 64 64 1.777323
540 32 48 64 64 3.839259
540 48 48 64 64 1.764795
540 352 48 64 64 0.899719
540 160 20 40 40 1.978560
540 160 30 40 40 3.785177
540 162 27 36 36 0.471188
540 297 126 36 36 0.800076
540 432 162 36 36 0.029609
540 432 171 36 36 3.846114
540 441 171 36 36 3.385599
540 0 112 32 32 1.825041
540 8 112 32 32 3.062837
540 8 128 32 32 1.159800
540 16 112 32 32 4.061168
540 16 128 32 32 3.249929
540 24 112 32 32 4.058049
540 24 128 32 32 4.560393
540 256 128 32 32 0.030657
540 264 128 32 32 1.170413
540 400 152 32 32 1.040913
540 0 126 28 28 0.241117
540 0 133 28 28 0.558549
540 7 126 28 28 2.212855
540 7 133 28 28 0.534593
540 14 126 28 28 1.443709
540 14 133 28 28 0.443550
540 21 119 28 28 1.666847
540 21 126 28 28 3.534927
540 21 133 28 28 2.849740
540 112 112 28 28 0.953817
540 119 112 28 28 4.172313
540 126 112 28 28 1.299181
540 224 126 28 28 0.810832
540 231 119 28 28 0.242309
540 231 126 28 28 1.580214
540 238 133 28 28 0.686448
540 144 96 24 24 2.580672
540 144 102 24 24 0.597102
570 0 32 64 64 1.211212
570 0 48 64 64 0.271967
570 16 32 64 64 4.330374
570 16 48 64 64 1.380530
570 32 32 64 64 3.204250
570 32 48 64 64 3.183768
570 48 48 64 64 0.480504
570 352 16 64 64 1.944352
570 160 20 40 40 7.189230
570 153 27 36 36 1.713987
570 162 27 36 36 3.694867
570 297 144 36 36 0.095529
570 0 112 32 32 1.711922
570 0 128 32 32 4.410229
570 0 136 32 32 1.818801
570 408 128 32 32 2.828486
570 0 119 28 28 2.370585
570 0 126 28 28 2.685673
570 0 133 28 28 5.890163
570 7 126 28 28 2.490599
570 7 133 28 28 5.242525
570 14 133 28 28 1.160372
570 119 112 28 28 3.306586
570 126 98 28 28 0.687203
570 126 112 28 28 2.976441
570 224 126 28 28 2.930193
570 231 119 28 28 1.521034
570 231 126 28 28 2.712459
570 132 114 24 24 3.962383
570 144 96 24 24 0.461144
570 144 102 24 24 0.608544
600 0 32 64 64 1.249553
600 16 32 64 64 2.829586
600 32 32 64 64 2.002587
600 32 48 64 64 0.465574
600 352 0 64 64 1.969107
600 352 16 64 64 7.395295
600 352 32 64 64 4.915884
600 420 24 48 48 1.244023
600 420 24 48 48 1.244023
600 0 0 44 44 0.902799
600 385 0 44 44 3.002108
600 10 10 40 40 1.333035
600 10 20 40 40 2.015730
600 160 20 40 40 0.698987
600 18 27 36 36 0.773448
600 162 27 36 36 0.184337
600 288 144 36 36 0.629829
600 441 0 36 36 0.795820
600 16 112 32 32 3.696648
600 24 112 32 32 4.639780
600 384 144 32 32 1.035862
600 384 152 32 32 2.602736
600 21 126 28 28 0.121761
600 112 98 28 28 4.004972
600 119 98 28 28 4.355418
600 126 98 28 28 2.352330
600 224 119 28 28 3.585820
600 224 126 28 28 3.582852
600 231 119 28 28 2.787285
600 231 126 28 28 2.595905
600 336 133 28 28 1.109376
600 108 108 24 24 1.680531
600 108 114 24 24 2.677233
600 132 84 24 24 2.304309
600 132 96 24 24 3.229844
600 132 102 24 24 0.487853
600 132 108 24 24 0.857633
600 132 114 24 24 4.670722
600 144 96 24 24 0.022632
600 402 192 24 24 2.276572
600 402 198 24 24 1.420424
600 402 204 24 24 2.054052
630 0 32 64 64 4.772071
630 16 32 64 64 2.599563
630 16 48 64 64 0.233882
630 32 32 64 64 3.231605
630 32 48 64 64 2.361585
630 48 32 64 64 0.210738
630 256 0 64 64 1.071015
630 256 16 64 64 0.569030
630 256 32 64 64 0.381537
630 272 16 64 64 2.623884
630 272 32 64 64 0.800936
630 288 16 64 64 1.638246
630 288 32 64 64 4.549318
630 288 48 64 64 3.518260
630 288 144 36 36 2.500741
630 297 126 36 36 1.835996
630 297 144 36 36 1.441656
630 0 112 32 32 4.387763
630 8 112 32 32 0.708860
630 24 112 32 32 4.220697
630 176 144 32 32 0.219832
630 192 144 32 32 0.170787
630 0 112 28 28 1.896610
630 0 119 28 28 1.901200
630 0 126 28 28 1.422069
630 0 133 28 28 2.000855
630 7 112 28 28 0.457778
630 7 119 28 28 1.359878
630 7 126 28 28 3.584774
630 7 133 28 28 1.971162
630 224 112 28 28 2.664774
630 224 119 28 28 4.272994
630 224 126 28 28 3.377635
630 231 119 28 28 1.038748
630 231 126 28 28 1.546984
630 238 112 28 28 0.032868
630 336 119 28 28 1.141623
630 12 96 24 24 0.004229
630 102 114 24 24 4.830140
630 108 108 24 24 2.671234
630 108 114 24 24 5.842624
630 132 114 24 24 1.333023
630 402 114 24 24 1.283929
660 0 32 64 64 5.377650
660 16 16 64 64 0.292840
660 16 32 64 64 2.874378
660 32 32 64 64 1.066072
660 32 48 64 64 0.144833
660 48 32 64 64 0.049145
660 48 48 64 64 0.977853
660 352 0 64 64 3.356334
660 352 16 64 64 0.193415
660 384 36 48 48 1.502611
660 396 36 48 48 1.637868
660 408 36 48 48 1.554226
660 384 36 48 48 1.502611
660 396 36 48 48 1.637868
660 408 36 48 48 1.554226
660 306 126 36 36 0.316873
660 306 144 36 36 1.402889
660 0 112 32 32 1.810859
660 8 112 32 32 5.111352
660 16 112 32 32 5.719145
660 24 112 32 32 5.013762
660 192 136 32 32 0.015948
660 192 144 32 32 1.870303
660 384 112 32 32 4.029309
660 392 112 32 32 1.342431
660 392 152 32 32 2.522247
660 400 112 32 32 1.859848
660 400 152 32 32 0.966323
660 408 112 32 32 0.864554
660 7 126 28 28 2.404031
660 7 133 28 28 1.447764
660 14 126 28 28 3.598129
660 14 133 28 28 2.793965
660 21 21 28 28 0.352167
660 21 119 28 28 0.923916
660 21 126 28 28 4.507515
660 21 133 28 28 5.394467
660 112 98 28 28 2.543758
660 119 98 28 28 3.219219
660 126 98 28 28 1.910116
660 224 126 28 28 0.691521
660 231 119 28 28 1.808838
660 231 126 28 28 2.063520
660 336 112 28 28 0.062050
660 336 119 28 28 0.424076
660 336 126 28 28 0.782975
660 343 112 28 28 4.177167
660 343 119 28 28 4.535528
660 343 126 28 28 3.075194
660 350 112 28 28 0.422141
660 350 119 28 28 2.235132
660 350 126 28 28 0.721355
660 357 119 28 28 0.685607
660 448 98 28 28 2.613024
660 455 112 28 28 0.119004
660 455 119 28 28 0.314220
660 132 108 24 24 1.934569
660 132 114 24 24 5.120238
660 192 114 24 24 1.356243
660 198 114 24 24 1.108606
690 0 32 64 64 1.628008
690 32 48 64 64 1.080390
690 48 48 64 64 0.695535
690 288 16 64 64 1.517352
690 288 32 64 64 1.430729
690 352 16 64 64 3.293221
690 396 0 48 48 0.354416
690 396 0 48 48 0.354416
690 315 126 36 36 1.490896
690 315 144 36 36 1.004409
690 0 112 32 32 4.309532
690 0 128 32 32 3.378878
690 8 112 32 32 3.855669
690 8 128 32 32 1.358278
690 16 112 32 32 3.554676
690 24 112 32 32 1.341489
690 192 144 32 32 2.678920
690 192 152 32 32 1.029397
690 264 112 32 32 1.737443
690 384 112 32 32 7.490286
690 392 112 32 32 8.225186
690 400 112 32 32 7.866668
690 408 112 32 32 3.345005
690 0 126 28 28 4.582333
690 0 133 28 28 5.096591
690 7 126 28 28 4.312838
690 7 133 28 28 5.500525
690 14 126 28 28 3.035471
690 14 133 28 28 4.505405
690 21 126 28 28 1.225798
690 21 133 28 28 2.732912
690 112 98 28 28 6.582693
690 119 98 28 28 5.207533
690 126 98 28 28 0.090367
690 168 7 28 28 0.661654
690 168 98 28 28 0.076960
690 224 126 28 28 2.850379
690 224 133 28 28 0.147693
690 231 119 28 28 1.890793
690 231 126 28 28 3.767629
690 238 119 28 28 0.021537
690 238 126 28 28 0.096715
690 336 119 28 28 1.187947
690 336 126 28 28 2.442245
690 336 133 28 28 2.286434
690 343 98 28 28 0.018532
690 343 119 28 28 2.981137
690 343 126 28 28 3.841116
690 343 133 28 28 0.782322
690 350 98 28 28 1.196141
690 350 112 28 28 1.566069
690 350 119 28 28 3.084209
690 350 126 28 28 2.405269
690 357 119 28 28 0.145298
690 357 126 28 28 1.540616
690 448 126 28 28 0.840767
690 448 133 28 28 2.188091
690 462 133 28 28 2.125653
690 462 224 28 28 0.241045
690 469 133 28 28 2.490472
690 469 224 28 28 0.027190
690 108 108 24 24 2.349204
690 108 114 24 24 5.202318
720 272 32 64 64 1.864718
720 272 48 64 64 1.934895
720 288 16 64 64 0.012817
720 288 32 64 64 1.410593
720 36 36 48 48 0.909555
720 36 36 48 48 0.909555
720 162 144 36 36 0.322684
720 315 126 36 36 1.467309
720 315 153 36 36 0.068812
720 432 9 36 36 0.770553
720 450 126 36 36 1.801367
720 0 112 32 32 2.245686
720 176 152 32 32 3.130694
720 384 112 32 32 3.538324
720 392 112 32 32 5.192002
720 400 112 32 32 1.019597
720 0 126 28 28 1.202671
720 0 133 28 28 1.569207
720 154 98 28 28 1.532799
720 168 0 28 28 1.786445
720 168 7 28 28 0.195317
720 224 126 28 28 1.083045
720 336 112 28 28 3.218648
720 336 119 28 28 3.841368
720 336 126 28 28 3.789617
720 336 133 28 28 2.075801
720 343 112 28 28 2.531880
720 343 119 28 28 2.401721
720 343 126 28 28 2.394584
720 350 112 28 28 0.469594
720 350 119 28 28 2.651338
720 350 126 28 28 0.674979
720 357 112 28 28 0.360621
720 357 119 28 28 1.577160
720 448 119 28 28 1.461723
720 448 126 28 28 0.116851
720 455 119 28 28 0.785858
720 462 119 28 28 1.365910
720 469 133 28 28 0.196227
720 96 102 24 24 1.870396
720 96 108 24 24 7.083407
720 96 114 24 24 7.552093
720 102 108 24 24 2.406168
720 102 114 24 24 3.572808
720 132 84 24 24 1.205378
720 144 84 24 24 0.789374
720 480 84 24 24 1.058988
750 272 32 64 64 4.137706
750 272 48 64 64 3.426558
750 288 32 64 64 2.578810
750 288 48 64 64 2.009925
750 352 0 64 64 4.571948
750 352 16 64 64 7.011132
750 0 36 48 48 1.923512
750 12 36 48 48 0.339703
750 24 36 48 48 0.042608
750 0 36 48 48 1.923512
750 12 36 48 48 0.339703
750 24 36 48 48 0.042608
750 144 144 36 36 2.138780
750 144 153 36 36 2.525813
750 144 162 36 36 2.602278
750 144 171 36 36 2.705571
750 315 126 36 36 2.247252
750 128 152 32 32 1.758153
750 400 112 32 32 4.247502
750 408 112 32 32 1.068280
750 126 119 28 28 0.636335
750 224 112 28 28 2.071882
750 224 119 28 28 3.491462
750 224 126 28 28 0.980003
750 231 119 28 28 0.833719
750 336 112 28 28 4.194528
750 336 119 28 28 3.293331
750 336 126 28 28 3.117721
750 336 133 28 28 2.561058
750 343 112 28 28 0.110933
750 343 119 28 28 0.666608
750 343 126 28 28 1.513816
750 357 112 28 28 0.247607
750 357 119 28 28 0.288854
750 448 7 28 28 0.216271
750 448 119 28 28 4.373048
750 448 126 28 28 8.984384
750 448 133 28 28 2.305303
750 455 7 28 28 0.362136
750 455 119 28 28 2.810248
750 455 126 28 28 1.377673
750 462 119 28 28 1.969496
750 462 126 28 28 1.846190
750 469 119 28 28 3.157367
750 469 126 28 28 6.988713
750 469 133 28 28 1.499339
750 144 192 24 24 3.304564
750 144 198 24 24 0.190579
780 0 0 64 64 0.202677
780 0 48 64 64 0.414503
780 32 48 64 64 0.239510
780 272 32 64 64 3.909279
780 288 32 64 64 2.922580
780 352 0 64 64 4.673921
780 352 16 64 64 4.457084
780 408 36 48 48 1.815992
780 420 36 48 48 0.833401
780 408 36 48 48 1.815992
780 420 36 48 48 0.833401
780 10 10 40 40 0.706443
780 20 10 40 40 1.574911
780 18 18 36 36 4.331479
780 18 27 36 36 3.720957
780 27 18 36 36 5.488595
780 27 27 36 36 2.602083
780 198 162 36 36 3.976012
780 198 171 36 36 2.979731
780 176 112 32 32 0.236450
780 192 112 32 32 5.707039
780 384 112 32 32 3.244789
780 408 112 32 32 5.315959
780 224 112 28 28 7.776005
780 224 119 28 28 3.872335
780 336 112 28 28 3.544145
780 336 119 28 28 2.081924
780 336 126 28 28 4.350149
780 336 133 28 28 2.028524
780 343 112 28 28 1.664693
780 343 119 28 28 1.245936
780 343 126 28 28 3.428145
780 343 133 28 28 0.664572
780 357 112 28 28 0.563542
780 448 119 28 28 6.326218
780 448 126 28 28 5.148912
780 455 119 28 28 5.015245
780 455 126 28 28 5.341640
780 455 133 28 28 0.333758
780 462 119 28 28 5.354856
780 462 126 28 28 6.588726
780 462 133 28 28 2.135982
780 469 119 28 28 3.098537
780 469 126 28 28 2.848674
780 96 192 24 24 4.541197
780 96 198 24 24 4.049247
780 96 204 24 24 3.434204
780 96 210 24 24 3.557528
780 132 192 24 24 1.589808
780 132 198 24 24 2.774249
780 132 204 24 24 4.270276
780 132 210 24 24 4.071214
780 480 12 24 24 0.503986
780 480 18 24 24 0.966736
780 480 102 24 24 0.311004
780 480 108 24 24 1.268257
780 486 12 24 24 1.448303
780 486 18 24 24 3.465074
780 486 102 24 24 0.173806
810 272 32 64 64 0.801620
810 288 16 64 64 0.110801
810 288 32 64 64 3.915061
810 288 48 64 64 3.086511
810 36 168 48 48 3.423296
810 408 24 48 48 0.446679
810 408 36 48 48 4.290470
810 420 36 48 48 3.256395
810 36 168 48 48 3.423296
810 408 24 48 48 0.446679
810 408 36 48 48 4.290470
810 420 36 48 48 3.256395
810 0 176 44 44 4.548773
810 0 187 44 44 4.203209
810 33 176 44 44 0.242595
810 176 154 44 44 0.743978
810 0 160 40 40 0.486024
810 0 170 40 40 5.557398
810 0 180 40 40 6.613198
810 0 190 40 40 5.345778
810 10 170 40 40 2.291112
810 10 180 40 40 4.371838
810 10 190 40 40 4.138870
810 180 170 40 40 1.416208
810 180 180 40 40 0.550390
810 340 170 40 40 0.074929
810 0 162 36 36 2.181688
810 0 171 36 36 3.109190
810 9 171 36 36 1.489114
810 192 112 32 32 1.658199
810 400 112 32 32 0.087897
810 0 231 28 28 1.107829
810 0 238 28 28 0.257493
810 7 224 28 28 0.995220
810 7 231 28 28 2.060326
810 7 238 28 28 1.231143
810 14 224 28 28 1.580080
810 14 231 28 28 1.379351
810 14 238 28 28 1.125874
810 21 224 28 28 1.076476
810 21 231 28 28 0.670476
810 21 238 28 28 1.362747
810 112 133 28 28 3.248067
810 119 133 28 28 3.217145
810 224 98 28 28 8.509896
810 224 112 28 28 7.227950
810 224 119 28 28 1.074898
810 231 112 28 28 1.067529
810 336 112 28 28 3.007702
810 343 98 28 28 1.002687
810 343 112 28 28 3.128869
810 350 112 28 28 3.252890
810 350 133 28 28 0.822786
810 357 119 28 28 0.118266
810 357 133 28 28 1.235831
810 448 112 28 28 3.364818
810 448 119 28 28 5.845758
810 448 126 28 28 0.763629
810 455 112 28 28 5.579545
810 455 119 28 28 6.110829
810 455 126 28 28 0.599943
810 462 112 28 28 3.811957
810 462 119 28 28 7.966469
810 462 126 28 28 2.444407
810 469 112 28 28 1.053862
810 469 119 28 28 7.182602
810 469 126 28 28 3.604010
810 18 198 24 24 1.931540
810 18 204 24 24 3.371501
810 18 210 24 24 1.953256
810 96 192 24 24 0.671646
810 96 198 24 24 1.994086
810 96 204 24 24 1.589082
810 96 210 24 24 1.710049
810 390 96 24 24 0.359833
810 390 102 24 24 2.411536
810 486 12 24 24 0.196666
810 486 18 24 24 1.192180
810 492 12 24 24 0.191973
810 498 6 24 24 2.720144
810 498 12 24 24 3.040342
810 498 18 24 24 1.235418
840 288 16 64 64 0.235997
840 288 32 64 64 2.551342
840 288 48 64 64 2.510464
840 352 0 64 64 3.720849
840 352 16 64 64 0.674392
840 0 168 48 48 1.876698
840 0 192 48 48 3.258575
840 12 168 48 48 2.987961
840 12 192 48 48 2.493941
840 420 36 48 48 3.509044
840 0 168 48 48 1.876698
840 0 192 48 48 3.258575
840 12 168 48 48 2.987961
840 12 192 48 48 2.493941
840 420 36 48 48 3.509044
840 11 154 44 44 0.950793
840 11 176 44 44 3.425985
840 11 187 44 44 3.850389
840 11 198 44 44 2.410166
840 22 176 44 44 2.423443
840 22 187 44 44 1.086676
840 22 198 44 44 0.594866
840 20 170 40 40 2.381011
840 20 180 40 40 4.295377
840 20 190 40 40 3.175068
840 30 170 40 40 1.849270
840 30 180 40 40 3.732193
840 30 190 40 40 0.715334
840 180 170 40 40 1.864215
840 350 140 40 40 2.792110
840 27 171 36 36 0.089247
840 0 112 32 32 2.372031
840 8 112 32 32 3.243823
840 136 112 32 32 2.585696
840 144 128 32 32 0.237498
840 0 112 28 28 0.997505
840 0 119 28 28 0.473972
840 7 112 28 28 3.725610
840 7 119 28 28 3.487540
840 14 112 28 28 1.647537
840 14 119 28 28 5.319615
840 14 126 28 28 0.981827
840 21 119 28 28 3.016275
840 21 126 28 28 2.387552
840 154 126 28 28 1.883255
840 154 133 28 28 3.467741
840 350 112 28 28 0.903370
840 357 112 28 28 1.648577
840 448 112 28 28 6.645080
840 448 119 28 28 6.162294
840 455 112 28 28 5.293205
840 455 119 28 28 4.936983
840 462 112 28 28 5.866203
840 462 119 28 28 4.339800
840 469 112 28 28 9.359605
840 469 119 28 28 6.224324
840 0 96 24 24 0.623344
840 12 96 24 24 0.855896
840 12 102 24 24 1.196374
840 18 102 24 24 0.235259
840 204 114 24 24 5.342861
840 210 102 24 24 0.018634
840 210 108 24 24 3.855220
840 210 114 24 24 8.212311
840 492 6 24 24 2.981913
840 492 12 24 24 1.844418
840 498 12 24 24 0.303202
870 352 0 64 64 3.346237
870 352 16 64 64 0.302962
870 420 36 48 48 1.518592
870 420 36 48 48 1.518592
870 0 176 44 44 0.665119
870 0 187 44 44 0.759814
870 352 33 44 44 0.779701
870 0 140 40 40 0.826110
870 0 160 40 40 1.519720
870 0 170 40 40 1.444018
870 0 180 40 40 3.133832
870 0 190 40 40 4.284808
870 10 190 40 40 1.570582
870 350 140 40 40 1.618309
870 0 162 36 36 1.513870
870 0 171 36 36 1.998148
870 9 171 36 36 0.753576
870 176 136 32 32 0.072780
870 384 136 32 32 2.620734
870 384 144 32 32 0.037225
870 392 136 32 32 0.738484
870 408 112 32 32 0.690706
870 14 112 28 28 0.196989
870 21 224 28 28 1.020327
870 21 231 28 28 0.631247
870 357 112 28 28 2.899015
870 357 119 28 28 1.101032
870 448 112 28 28 4.263372
870 448 119 28 28 7.237712
870 448 126 28 28 3.797019
870 455 112 28 28 3.093688
870 455 119 28 28 3.854103
870 455 126 28 28 1.338148
870 462 112 28 28 3.930685
870 462 119 28 28 2.787641
870 469 112 28 28 4.491759
870 469 119 28 28 5.690817
870 469 126 28 28 1.034864
870 18 204 24 24 1.201197
870 18 210 24 24 0.720666
870 492 6 24 24 0.487259
870 492 12 24 24 0.396849
870 498 12 24 24 4.099452
870 498 18 24 24 3.412282
900 352 0 64 64 1.277198
900 352 16 64 64 2.666826
900 420 36 48 48 0.027092
900 420 36 48 48 0.027092
900 352 33 44 44 0.269925
900 352 154 44 44 1.191889
900 340 160 40 40 0.272203
900 162 144 36 36 1.449885
900 192 112 32 32 2.471928
900 384 112 32 32 1.808768
900 392 112 32 32 1.399077
900 400 112 32 32 0.325428
900 408 112 32 32 0.981008
900 7 231 28 28 0.423588
900 357 119 28 28 1.248063
900 357 126 28 28 1.873900
900 448 119 28 28 3.014879
900 448 126 28 28 7.679836
900 448 133 28 28 4.561761
900 455 119 28 28 2.465314
900 455 126 28 28 4.603323
900 455 133 28 28 1.683479
900 462 119 28 28 2.799076
900 462 126 28 28 4.126962
900 469 119 28 28 2.902307
900 469 126 28 28 5.878812
900 469 133 28 28 2.538037
900 6 210 24 24 0.430972
900 12 210 24 24 3.394022
900 18 204 24 24 0.456205
900 18 210 24 24 3.364985
900 492 12 24 24 0.877434
900 498 6 24 24 1.049803
900 498 12 24 24 1.687123
900 498 18 24 24 2.205562
930 352 16 64 64 3.684347
930 420 36 48 48 0.676132
930 420 36 48 48 0.676132
930 352 154 44 44 3.046276
930 363 154 44 44 1.540352
930 340 170 40 40 1.238531
930 350 170 40 40 1.630353
930 9 27 36 36 0.353546
930 162 144 36 36 1.732868
930 176 152 32 32 0.947562
930 192 112 32 32 2.689914
930 384 128 32 32 0.127765
930 392 152 32 32 0.115718
930 0 224 28 28 1.797942
930 7 224 28 28 3.280259
930 14 224 28 28 1.855214
930 357 126 28 28 1.091190
930 357 133 28 28 0.399011
930 448 126 28 28 3.363288
930 448 133 28 28 7.161022
930 455 126 28 28 3.318565
930 455 133 28 28 3.737725
930 462 126 28 28 3.294957
930 462 133 28 28 2.329340
930 469 126 28 28 4.097255
930 469 133 28 28 4.990804
930 18 210 24 24 0.296213
930 498 18 24 24 0.765599
960 352 16 64 64 3.690279
960 352 32 64 64 0.639127
960 420 36 48 48 2.135769
960 420 36 48 48 2.135769
960 352 154 44 44 3.465816
960 363 154 44 44 2.139944
960 160 140 40 40 1.175018
960 340 170 40 40 0.305965
960 350 170 40 40 0.692781
960 162 144 36 36 2.213259
960 162 153 36 36 2.533962
960 128 128 32 32 0.023770
960 192 128 32 32 1.786946
960 392 152 32 32 0.021233
960 408 128 32 32 0.901227
960 408 272 32 32 0.130133
960 0 224 28 28 2.693854
960 7 224 28 28 4.211076
960 7 231 28 28 2.180456
960 7 238 28 28 0.058446
960 14 224 28 28 1.895818
960 357 126 28 28 0.876846
960 357 133 28 28 2.816109
960 448 133 28 28 7.259048
960 455 133 28 28 6.406729
960 462 133 28 28 4.897813
960 469 133 28 28 5.421039
960 12 192 24 24 2.005380
960 18 192 24 24 0.821743
960 498 18 24 24 1.672919
990 352 16 64 64 2.591432
990 352 32 64 64 0.831044
990 420 36 48 48 0.837302
990 420 36 48 48 0.837302
990 352 154 44 44 4.973397
990 363 154 44 44 3.304211
990 162 144 36 36 2.588265
990 162 153 36 36 2.983877
990 459 126 36 36 0.103992
990 176 128 32 32 0.466377
990 192 128 32 32 1.718352
990 384 128 32 32 2.221702
990 392 152 32 32 1.180981
990 408 128 32 32 0.720074
990 0 224 28 28 3.050256
990 0 231 28 28 1.184550
990 7 224 28 28 4.223794
990 7 231 28 28 2.799981
990 14 224 28 28 1.211282
990 14 231 28 28 1.269116
990 357 133 28 28 1.996202
990 448 133 28 28 4.621885
990 455 133 28 28 4.779198
990 462 133 28 28 4.126131
990 469 133 28 28 4.964532
990 12 192 24 24 1.649503
990 18 192 24 24 1.282931
990 498 18 24 24 0.482351
1020 352 16 64 64 2.321883
1020 352 32 64 64 2.732632
1020 420 36 48 48 0.887289
1020 420 36 48 48 0.887289
1020 352 154 44 44 4.696811
1020 363 154 44 44 3.971735
1020 350 170 40 40 0.212701
1020 162 126 36 36 1.344410
1020 162 144 36 36 1.802280
1020 162 153 36 36 2.687411
1020 459 126 36 36 2.017250
1020 192 128 32 32 2.267860
1020 384 128 32 32 2.282459
1020 392 152 32 32 1.221789
1020 408 128 32 32 1.186282
1020 408 136 32 32 0.193570
1020 0 224 28 28 3.380718
1020 0 231 28 28 2.078378
1020 7 224 28 28 4.053300
1020 7 231 28 28 3.259627
1020 7 238 28 28 0.234417
1020 7 245 28 28 0.108713
1020 14 224 28 28 1.132388
1020 14 231 28 28 2.152692
1020 357 133 28 28 1.286877
1020 448 133 28 28 2.903759
1020 455 133 28 28 2.063806
1020 462 133 28 28 3.011583
1020 469 133 28 28 3.469843
1020 144 84 24 24 0.118457
1050 352 16 64 64 1.572963
1050 352 32 64 64 2.360505
1050 420 36 48 48 0.743809
1050 420 36 48 48 0.743809
1050 33 0 44 44 0.159344
1050 352 154 44 44 4.845855
1050 363 154 44 44 3.338218
1050 162 126 36 36 1.212703
1050 162 144 36 36 2.408572
1050 162 153 36 36 3.137482
1050 162 162 36 36 0.209304
1050 432 126 36 36 2.273704
1050 459 126 36 36 1.893239
1050 192 128 32 32 2.427595
1050 384 128 32 32 3.566207
1050 384 136 32 32 0.287433
1050 392 128 32 32 0.147739
1050 400 128 32 32 1.108042
1050 408 128 32 32 3.539716
1050 408 136 32 32 1.178549
1050 0 224 28 28 3.388155
1050 0 231 28 28 2.319385
1050 7 224 28 28 4.106533
1050 7 231 28 28 3.289424
1050 7 238 28 28 0.003900
1050 14 224 28 28 1.104237
1050 14 231 28 28 1.938359
1050 154 0 28 28 0.130638
1050 357 133 28 28 1.070983
1050 448 133 28 28 0.080625
1050 455 133 28 28 1.628820
1050 462 133 28 28 3.946766
1050 469 133 28 28 3.807610
1080 352 16 64 64 1.864719
1080 352 32 64 64 2.813172
1080 420 36 48 48 0.126101
1080 420 36 48 48 0.126101
1080 352 154 44 44 4.620580
1080 363 154 44 44 3.125692
1080 340 180 40 40 0.017571
1080 350 180 40 40 0.611230
1080 162 126 36 36 1.070169
1080 162 144 36 36 2.038381
1080 162 153 36 36 2.348403
1080 162 162 36 36 0.119032
1080 450 126 36 36 0.055061
1080 459 126 36 36 3.976697
1080 192 128 32 32 2.312271
1080 384 128 32 32 3.196939
1080 392 128 32 32 1.430590
1080 400 128 32 32 1.678579
1080 408 128 32 32 1.971043
1080 0 224 28 28 3.143013
1080 0 231 28 28 2.152639
1080 7 224 28 28 3.933486
1080 7 231 28 28 3.575436
1080 7 238 28 28 0.718176
1080 14 224 28 28 1.581572
1080 14 231 28 28 1.977322
1080 154 0 28 28 0.878730
1080 357 133 28 28 1.613807
1080 448 133 28 28 0.254417
1080 144 84 24 24 0.035056
1110 352 16 64 64 2.532161
1110 352 32 64 64 2.833260
1110 352 154 44 44 4.590909
1110 363 154 44 44 3.150052
1110 340 180 40 40 0.632826
1110 350 180 40 40 0.791733
1110 162 126 36 36 0.981449
1110 162 144 36 36 1.912337
1110 162 153 36 36 2.124752
1110 162 162 36 36 0.088060
1110 459 126 36 36 1.398788
1110 192 128 32 32 2.566435
1110 384 128 32 32 3.482387
1110 384 136 32 32 0.110728
1110 392 128 32 32 1.669014
1110 400 128 32 32 0.929609
1110 408 128 32 32 1.298852
1110 0 224 28 28 2.866431
1110 0 231 28 28 1.987462
1110 7 224 28 28 3.689440
1110 7 231 28 28 3.288286
1110 7 238 28 28 0.569314
1110 7 245 28 28 0.322877
1110 14 224 28 28 1.221148
1110 14 231 28 28 2.019975
1110 154 0 28 28 0.919956
1110 357 133 28 28 1.287646
1110 448 133 28 28 0.920832
1110 455 133 28 28 0.187069
1110 462 133 28 28 1.052485
1110 469 133 28 28 1.293417
1110 144 84 24 24 0.905703
1140 352 16 64 64 2.088228
1140 352 32 64 64 3.019552
1140 352 154 44 44 4.377768
1140 363 154 44 44 3.148267
1140 340 180 40 40 0.372872
1140 350 180 40 40 0.708672
1140 162 126 36 36 1.021239
1140 162 144 36 36 1.848676
1140 162 153 36 36 2.287858
1140 162 162 36 36 0.104990
1140 459 126 36 36 0.758474
1140 192 128 32 32 2.917284
1140 384 128 32 32 3.086955
1140 392 128 32 32 1.381045
1140 400 128 32 32 1.477307
1140 408 128 32 32 1.721123
1140 0 224 28 28 3.031708
1140 0 231 28 28 2.438691
1140 7 224 28 28 4.115540
1140 7 231 28 28 3.804087
1140 7 238 28 28 0.956278
1140 7 245 28 28 0.327113
1140 14 224 28 28 1.763293
1140 14 231 28 28 2.410115
1140 154 0 28 28 1.334731
1140 357 133 28 28 1.407224
1140 448 133 28 28 1.046921
1140 455 133 28 28 0.155065
1140 462 133 28 28 1.924208
1140 469 133 28 28 2.567334
1140 144 84 24 24 0.149166
1170 352 16 64 64 2.078080
1170 352 32 64 64 3.106363
1170 420 36 48 48 0.943391
1170 420 36 48 48 0.943391
1170 352 154 44 44 4.335388
1170 363 154 44 44 3.230427
1170 340 180 40 40 0.152672
1170 350 180 40 40 0.826136
1170 162 144 36 36 0.768371
1170 162 153 36 36 1.862039
1170 459 126 36 36 2.796663
1170 192 128 32 32 2.807224
1170 384 128 32 32 2.975316
1170 392 128 32 32 1.371453
1170 400 128 32 32 1.364125
1170 408 128 32 32 1.862433
1170 0 224 28 28 3.103992
1170 0 231 28 28 2.394087
1170 7 224 28 28 3.855147
1170 7 231 28 28 3.806992
1170 7 238 28 28 1.203469
1170 7 245 28 28 0.292620
1170 14 224 28 28 1.434532
1170 14 231 28 28 2.188008
1170 154 0 28 28 1.308382
1170 357 133 28 28 1.561311
1170 448 133 28 28 1.264652
1170 455 133 28 28 0.113021
1170 462 133 28 28 2.015899
1170 469 133 28 28 2.614430
1170 144 84 24 24 0.193706
1200 352 16 64 64 2.200750
1200 352 32 64 64 3.044174
1200 420 36 48 48 0.708782
1200 420 36 48 48 0.708782
1200 352 154 44 44 4.189029
1200 363 154 44 44 3.041925
1200 340 180 40 40 0.348995
1200 350 180 40 40 0.863272
1200 162 153 36 36 1.128650
1200 459 126 36 36 2.799829
1200 192 128 32 32 2.017145
1200 384 128 32 32 2.847900
1200 392 128 32 32 1.694938
1200 400 128 32 32 0.785923
1200 408 128 32 32 1.690852
1200 0 224 28 28 3.187448
1200 0 231 28 28 2.682685
1200 7 224 28 28 3.997799
1200 7 231 28 28 3.687234
1200 7 238 28 28 0.912863
1200 7 245 28 28 0.105850
1200 14 224 28 28 1.559794
1200 14 231 28 28 2.355640
1200 154 0 28 28 1.040711
1200 357 133 28 28 1.654604
1200 448 133 28 28 1.169824
1200 455 133 28 28 0.076892
1200 462 133 28 28 1.694365
1200 469 133 28 28 2.294056
1200 144 84 24 24 0.120908
1230 352 16 64 64 2.014623
1230 352 32 64 64 2.729422
1230 420 36 48 48 0.050551
1230 420 36 48 48 0.050551
1230 352 154 44 44 4.574400
1230 363 154 44 44 3.332799
1230 340 180 40 40 0.286147
1230 350 180 40 40 0.619498
1230 153 153 36 36 0.871063
1230 162 126 36 36 1.050080
1230 162 144 36 36 0.709485
1230 162 153 36 36 2.683864
1230 162 162 36 36 0.585561
1230 459 126 36 36 2.527740
1230 192 128 32 32 2.330134
1230 384 128 32 32 3.269490
1230 392 128 32 32 1.603172
1230 400 128 32 32 1.314618
1230 408 128 32 32 1.983890
1230 0 224 28 28 3.302801
1230 0 231 28 28 2.825215
1230 7 224 28 28 3.962856
1230 7 231 28 28 3.871035
1230 7 238 28 28 1.003659
1230 7 245 28 28 0.093811
1230 14 224 28 28 1.658418
1230 14 231 28 28 2.635063
1230 154 0 28 28 0.834607
1230 357 133 28 28 1.391477
1230 448 133 28 28 1.247812
1230 462 133 28 28 1.320189
1230 469 133 28 28 1.628798
1230 144 84 24 24 0.155869
1260 352 16 64 64 2.407476
1260 352 32 64 64 3.262513
1260 352 154 44 44 4.679511
1260 363 154 44 44 3.410560
1260 340 180 40 40 0.183184
1260 350 180 40 40 0.502119
1260 162 153 36 36 1.500537
1260 459 126 36 36 2.733018
1260 192 128 32 32 2.302113
1260 384 128 32 32 3.443391
1260 392 128 32 32 1.921325
1260 400 128 32 32 1.201586
1260 408 128 32 32 1.398702
1260 0 224 28 28 2.851492
1260 0 231 28 28 2.451515
1260 7 224 28 28 3.951468
1260 7 231 28 28 3.770702
1260 7 238 28 28 1.053702
1260 7 245 28 28 0.084230
1260 14 224 28 28 1.309606
1260 14 231 28 28 2.352740
1260 154 0 28 28 1.065255
1260 357 133 28 28 1.621043
1260 448 133 28 28 0.720335
1260 462 133 28 28 1.540367
1260 469 133 28 28 2.212749
1260 144 84 24 24 0.291172
1290 352 16 64 64 2.079288
1290 352 32 64 64 2.768181
1290 420 36 48 48 0.144711
1290 420 36 48 48 0.144711
1290 352 154 44 44 4.778708
1290 363 154 44 44 3.329566
1290 340 180 40 40 0.339464
1290 350 180 40 40 0.680770
1290 153 153 36 36 0.467757
1290 162 126 36 36 0.754954
1290 162 153 36 36 1.865365
1290 459 126 36 36 2.681763
1290 192 128 32 32 1.719584
1290 384 128 32 32 3.461708
1290 384 136 32 32 0.006581
1290 392 128 32 32 2.109072
1290 400 128 32 32 1.724668
1290 408 128 32 32 1.755201
1290 0 224 28 28 3.314770
1290 0 231 28 28 2.848145
1290 7 224 28 28 4.095101
1290 7 231 28 28 3.952398
1290 7 238 28 28 1.189972
1290 14 224 28 28 1.684132
1290 14 231 28 28 2.439117
1290 154 0 28 28 0.805121
1290 357 133 28 28 1.668177
1290 448 133 28 28 0.732065
1290 462 133 28 28 1.729826
1290 469 133 28 28 2.164698
1290 144 84 24 24 0.368162
1320 352 16 64 64 2.582699
1320 352 32 64 64 4.162644
1320 420 36 48 48 1.336750
1320 420 36 48 48 1.336750
1320 352 154 44 44 4.369651
1320 363 154 44 44 2.678629
1320 340 180 40 40 0.196586
1320 153 153 36 36 0.398580
1320 162 126 36 36 2.442306
1320 162 144 36 36 1.552497
1320 162 153 36 36 3.441021
1320 162 162 36 36 1.725941
1320 459 126 36 36 2.756098
1320 176 136 32 32 1.621016
1320 192 128 32 32 2.716206
1320 384 128 32 32 3.684614
1320 384 136 32 32 0.048968
1320 392 128 32 32 2.457264
1320 400 128 32 32 1.171276
1320 408 128 32 32 0.906600
1320 0 224 28 28 3.241564
1320 0 231 28 28 1.867439
1320 7 224 28 28 4.527247
1320 7 231 28 28 4.004696
1320 7 238 28 28 1.253975
1320 14 224 28 28 1.926388
1320 14 231 28 28 1.554225
1320 154 0 28 28 0.889845
1320 357 133 28 28 1.488773
1320 448 133 28 28 0.977180
1320 455 133 28 28 0.168674
1320 462 133 28 28 1.865522
1320 469 133 28 28 2.150573
1320 144 84 24 24 0.068822
1350 352 16 64 64 1.799653
1350 352 32 64 64 4.378182
1350 420 36 48 48 0.401659
1350 420 36 48 48 0.401659
1350 0 209 44 44 1.602500
1350 352 154 44 44 3.798058
1350 363 154 44 44 1.603431
1350 0 170 40 40 3.008571
1350 0 180 40 40 0.803231
1350 0 190 40 40 0.363698
1350 160 140 40 40 0.796307
1350 350 140 40 40 0.555519
1350 350 160 40 40 0.804981
1350 350 170 40 40 1.768259
1350 153 153 36 36 0.599265
1350 162 153 36 36 2.915530
1350 162 162 36 36 2.476873
1350 432 126 36 36 1.305580
1350 450 126 36 36 0.502860
1350 459 126 36 36 4.203629
1350 192 128 32 32 2.082211
1350 384 128 32 32 0.035524
1350 392 128 32 32 0.951118
1350 408 128 32 32 0.479872
1350 408 136 32 32 0.040132
1350 14 224 28 28 2.724252
1350 14 231 28 28 2.800909
1350 14 238 28 28 1.733880
1350 14 245 28 28 0.850536
1350 21 224 28 28 3.861429
1350 21 231 28 28 3.546553
1350 21 238 28 28 1.900071
1350 21 245 28 28 2.367903
1350 154 0 28 28 2.450815
1350 357 133 28 28 0.467623
1380 352 32 64 64 3.647451
1380 352 48 64 64 0.518648
1380 0 204 48 48 2.623776
1380 0 216 48 48 3.786964
1380 0 228 48 48 0.040709
1380 12 168 48 48 0.326891
1380 12 192 48 48 2.802720
1380 12 204 48 48 2.113874
1380 12 216 48 48 3.541664
1380 12 228 48 48 0.160595
1380 24 216 48 48 0.214463
1380 0 204 48 48 2.623776
1380 0 216 48 48 3.786964
1380 0 228 48 48 0.040709
1380 12 168 48 48 0.326891
1380 12 192 48 48 2.802720
1380 12 204 48 48 2.113874
1380 12 216 48 48 3.541664
1380 12 228 48 48 0.160595
1380 24 216 48 48 0.214463
1380 11 198 44 44 2.131440
1380 11 209 44 44 2.260561
1380 22 187 44 44 2.431924
1380 22 198 44 44 3.598574
1380 22 209 44 44 1.367666
1380 352 154 44 44 3.641982
1380 30 170 40 40 0.097363
1380 30 190 40 40 1.224062
1380 160 160 40 40 0.161427
1380 330 160 40 40 0.054333
1380 340 140 40 40 0.741376
1380 340 160 40 40 3.466095
1380 340 170 40 40 2.178137
1380 350 140 40 40 2.371601
1380 350 160 40 40 3.810554
1380 350 170 40 40 3.493861
1380 0 126 36 36 2.669213
1380 9 126 36 36 0.122180
1380 162 153 36 36 1.856022
1380 162 162 36 36 1.538573
1380 198 126 36 36 3.061824
1380 432 126 36 36 6.091606
1380 441 126 36 36 3.582871
1380 450 126 36 36 5.110456
1380 459 126 36 36 6.655482
1380 0 128 32 32 3.308217
1380 0 136 32 32 4.851361
1380 8 128 32 32 3.476239
1380 8 136 32 32 5.376004
1380 8 144 32 32 0.792147
1380 16 136 32 32 2.644139
1380 24 128 32 32 0.109411
1380 144 0 32 32 0.274191
1380 192 128 32 32 4.307521
1380 192 136 32 32 1.181642
1380 392 136 32 32 0.904487
1380 400 136 32 32 1.529488
1380 408 128 32 32 0.178245
1380 408 136 32 32 1.438035
1380 0 112 28 28 1.689212
1380 0 119 28 28 2.418277
1380 7 112 28 28 0.361388
1380 7 119 28 28 1.943950
1380 14 119 28 28 0.571157
1380 154 0 28 28 0.273308
1380 336 98 28 28 0.486747
1380 357 133 28 28 1.771687
1410 352 32 64 64 3.760262
1410 352 48 64 64 1.223659
1410 0 168 48 48 1.633765
1410 0 192 48 48 1.973474
1410 12 168 48 48 0.444339
1410 12 192 48 48 6.204717
1410 12 204 48 48 0.299003
1410 24 168 48 48 1.150471
1410 24 192 48 48 2.700753
1410 36 168 48 48 1.283857
1410 36 192 48 48 0.502661
1410 0 168 48 48 1.633765
1410 0 192 48 48 1.973474
1410 12 168 48 48 0.444339
1410 12 192 48 48 6.204717
1410 12 204 48 48 0.299003
1410 24 168 48 48 1.150471
1410 24 192 48 48 2.700753
1410 36 168 48 48 1.283857
1410 36 192 48 48 0.502661
1410 11 187 44 44 4.899835
1410 11 198 44 44 5.882338
1410 11 209 44 44 1.021735
1410 22 187 44 44 5.759770
1410 22 198 44 44 7.309135
1410 22 209 44 44 3.528291
1410 33 187 44 44 2.166534
1410 33 198 44 44 1.101380
1410 30 190 40 40 4.529126
1410 330 140 40 40 3.516613
1410 330 160 40 40 5.123447
1410 330 170 40 40 1.660160
1410 340 140 40 40 1.612871
1410 340 160 40 40 3.043650
1410 340 170 40 40 2.805916
1410 350 160 40 40 1.804736
1410 350 170 40 40 0.251625
1410 198 126 36 36 5.048264
1410 315 126 36 36 0.842962
1410 432 126 36 36 5.984869
1410 441 126 36 36 2.266707
1410 450 126 36 36 5.642218
1410 459 126 36 36 9.132653
1410 136 0 32 32 0.593799
1410 192 128 32 32 5.634484
1410 192 136 32 32 3.385743
1410 392 136 32 32 1.295611
1410 392 144 32 32 4.649070
1410 392 152 32 32 1.566136
1410 400 136 32 32 3.863449
1410 400 144 32 32 4.582164
1410 400 152 32 32 1.535033
1410 408 136 32 32 1.354341
1410 408 144 32 32 1.857377
1410 343 133 28 28 0.845609
1410 0 84 24 24 4.612150
1410 6 84 24 24 3.172770
1410 12 84 24 24 4.587780
1410 18 84 24 24 4.246904
1410 108 204 24 24 0.927307
1410 108 210 24 24 0.074445
1440 272 32 64 64 1.061900
1440 288 32 64 64 0.247758
1440 352 48 64 64 1.336291
1440 24 0 48 48 0.186178
1440 24 12 48 48 4.538293
1440 24 0 48 48 0.186178
1440 24 12 48 48 4.538293
1440 330 140 40 40 2.691672
1440 330 160 40 40 3.284230
1440 340 160 40 40 2.433693
1440 198 126 36 36 5.421604
1440 216 126 36 36 2.739440
1440 315 126 36 36 0.313426
1440 432 144 36 36 1.383177
1440 441 126 36 36 3.728572
1440 450 126 36 36 2.163511
1440 459 126 36 36 2.080780
1440 459 144 36 36 1.080326
1440 192 128 32 32 4.460619
1440 192 136 32 32 0.868939
1440 392 136 32 32 0.158502
1440 400 136 32 32 1.077808
1440 400 144 32 32 0.858714
1440 400 152 32 32 1.370001
1440 408 136 32 32 0.839114
1440 408 144 32 32 4.107608
1440 408 152 32 32 6.119113
1440 154 0 28 28 0.873779
1440 224 133 28 28 0.748803
1440 132 210 24 24 2.380295
1440 144 210 24 24 0.047924
1440 210 192 24 24 0.621508
1470 272 32 64 64 0.097031
1470 160 160 40 40 1.204677
1470 160 170 40 40 0.496349
1470 170 140 40 40 0.632802
1470 170 160 40 40 2.781773
1470 170 190 40 40 0.624362
1470 320 140 40 40 3.522359
1470 330 140 40 40 1.926018
1470 330 160 40 40 0.120402
1470 198 126 36 36 4.873501
1470 315 126 36 36 0.718993
1470 432 126 36 36 0.400132
1470 432 144 36 36 4.115326
1470 432 153 36 36 0.410623
1470 441 144 36 36 4.514731
1470 441 153 36 36 1.416844
1470 450 144 36 36 4.091453
1470 450 153 36 36 0.901412
1470 459 144 36 36 2.304688
1470 144 112 32 32 0.417739
1470 192 128 32 32 3.476372
1470 192 136 32 32 0.905442
1470 408 144 32 32 0.816112
1470 154 0 28 28 0.480827
1470 154 119 28 28 0.639886
1470 224 133 28 28 3.516558
1470 0 84 24 24 0.224507
1470 144 96 24 24 0.601861
1470 144 108 24 24 1.444135
1470 192 198 24 24 0.361829
1470 192 204 24 24 1.177689
1470 192 210 24 24 0.482213
1470 198 204 24 24 0.494203
1470 198 210 24 24 1.030347
1470 204 210 24 24 0.852824
1470 300 114 24 24 0.902916
1470 306 204 24 24 0.365030
1500 256 32 64 64 0.923937
1500 272 32 64 64 0.135895
1500 352 48 64 64 1.013647
1500 11 0 44 44 0.388339
1500 0 140 40 40 0.025319
1500 10 140 40 40 1.616189
1500 20 140 40 40 1.215413
1500 160 160 40 40 0.441548
1500 170 160 40 40 3.822872
1500 170 190 40 40 0.677615
1500 180 140 40 40 0.166194
1500 320 140 40 40 2.279306
1500 330 160 40 40 0.564171
1500 0 144 36 36 0.797287
1500 9 144 36 36 1.723097
1500 18 27 36 36 0.610026
1500 18 144 36 36 1.490916
1500 18 153 36 36 0.238648
1500 27 27 36 36 2.793541
1500 27 144 36 36 2.468009
1500 27 153 36 36 1.489558
1500 198 126 36 36 4.525653
1500 198 144 36 36 0.693352
1500 315 126 36 36 1.716417
1500 432 144 36 36 3.158240
1500 441 144 36 36 6.470872
1500 450 126 36 36 1.062927
1500 450 144 36 36 3.887578
1500 459 144 36 36 1.557660
1500 459 153 36 36 0.457689
1500 0 152 32 32 1.344218
1500 8 144 32 32 1.335925
1500 8 152 32 32 2.249854
1500 16 144 32 32 1.522190
1500 16 152 32 32 0.525158
1500 24 144 32 32 1.136270
1500 192 128 32 32 4.321009
1500 192 136 32 32 0.454340
1500 168 112 28 28 1.135780
1500 168 119 28 28 1.156455
1500 224 133 28 28 4.061832
1500 336 133 28 28 2.233646
1500 343 133 28 28 0.448265
1500 0 192 24 24 4.403838
1500 0 198 24 24 2.683076
1500 6 192 24 24 1.420731
1500 6 198 24 24 0.493472
1500 12 192 24 24 1.421522
1500 18 192 24 24 0.910739
1500 144 96 24 24 1.621298
1500 480 96 24 24 3.873417
1500 486 96 24 24 7.132166
1500 492 96 24 24 1.299652
1500 498 96 24 24 0.621673
1500 498 192 24 24 1.851030
1530 32 32 64 64 1.493923
1530 48 32 64 64 1.019146
1530 48 48 64 64 0.664528
1530 256 48 64 64 0.443311
1530 352 48 64 64 1.544204
1530 0 0 44 44 0.765271
1530 0 0 40 40 1.452929
1530 0 10 40 40 0.805921
1530 10 0 40 40 3.259351
1530 10 10 40 40 1.295668
1530 18 9 36 36 0.979796
1530 18 18 36 36 4.700450
1530 18 27 36 36 1.112520
1530 18 144 36 36 0.378449
1530 198 126 36 36 3.004591
1530 306 126 36 36 2.447236
1530 315 126 36 36 3.497342
1530 315 144 36 36 2.832874
1530 432 153 36 36 1.351660
1530 432 162 36 36 1.395399
1530 441 171 36 36 0.162713
1530 459 144 36 36 7.674304
1530 459 153 36 36 2.793185
1530 8 24 32 32 1.913210
1530 24 0 32 32 1.080899
1530 24 24 32 32 3.475161
1530 24 144 32 32 0.014503
1530 24 152 32 32 1.545822
1530 384 152 32 32 0.903417
1530 343 231 28 28 2.136139
1530 448 7 28 28 0.129005
1530 448 14 28 28 0.862031
1530 480 96 24 24 0.294975
1530 480 192 24 24 2.648103
1530 480 198 24 24 1.111178
1530 486 84 24 24 2.466589
1530 486 96 24 24 1.492636
1530 486 192 24 24 1.828594
1530 486 198 24 24 0.811688
1530 492 84 24 24 1.429732
1530 492 96 24 24 2.593749
1530 492 192 24 24 3.031208
1530 492 198 24 24 0.370093
1530 498 84 24 24 0.256050
1530 498 96 24 24 2.645716
1560 32 32 64 64 0.441906
1560 256 32 64 64 0.509422
1560 256 48 64 64 5.191600
1560 272 48 64 64 0.778117
1560 0 0 40 40 3.654615
1560 0 10 40 40 0.239161
1560 320 190 40 40 2.476867
1560 0 0 36 36 1.303513
1560 0 9 36 36 4.243491
1560 0 18 36 36 2.184309
1560 0 126 36 36 0.057210
1560 0 144 36 36 2.144970
1560 9 9 36 36 4.504433
1560 9 18 36 36 4.092663
1560 18 144 36 36 0.175267
1560 27 126 36 36 0.550735
1560 297 153 36 36 0.591066
1560 306 144 36 36 1.734612
1560 306 153 36 36 3.820282
1560 306 162 36 36 0.388782
1560 315 144 36 36 2.975908
1560 315 153 36 36 3.899868
1560 315 162 36 36 0.202112
1560 450 144 36 36 4.007055
1560 450 153 36 36 6.581888
1560 450 162 36 36 4.487194
1560 450 171 36 36 0.074766
1560 459 144 36 36 5.232419
1560 459 153 36 36 8.596355
1560 459 162 36 36 9.611113
1560 459 171 36 36 3.226053
1560 8 8 32 32 0.765860
1560 8 16 32 32 2.198916
1560 8 24 32 32 1.209380
1560 8 144 32 32 3.177696
1560 8 152 32 32 0.929215
1560 16 24 32 32 0.594595
1560 16 144 32 32 0.703612
1560 16 152 32 32 1.255843
1560 24 144 32 32 1.591074
1560 24 152 32 32 0.762019
1560 144 152 32 32 0.021045
1560 272 128 32 32 0.982588
1560 280 128 32 32 2.841047
1560 392 152 32 32 3.043329
1560 400 152 32 32 2.646576
1560 408 152 32 32 1.028224
1560 21 0 28 28 0.377090
1560 21 7 28 28 0.091735
1560 21 21 28 28 0.025401
1560 336 224 28 28 0.445306
1560 343 231 28 28 0.751000
1560 357 119 28 28 0.379459
1560 469 0 28 28 0.350351
1560 480 0 24 24 6.305321
1560 480 6 24 24 3.217323
1560 480 12 24 24 2.778554
1560 480 198 24 24 0.583918
1560 480 204 24 24 1.812102
1560 480 210 24 24 2.072065
1560 486 0 24 24 6.249485
1560 486 6 24 24 6.418982
1560 486 12 24 24 1.527694
1560 486 18 24 24 1.814756
1560 486 198 24 24 0.221492
1560 486 204 24 24 2.260752
1560 486 210 24 24 4.369888
1560 492 0 24 24 1.221085
1560 492 6 24 24 2.245053
1560 492 12 24 24 0.295719
1560 492 204 24 24 0.416931
1560 498 0 24 24 1.526494
1560 498 192 24 24 1.736533
1560 498 210 24 24 0.223897
1590 256 32 64 64 2.687058
1590 256 48 64 64 4.252567
1590 272 32 64 64 3.631114
1590 272 48 64 64 5.831448
1590 288 32 64 64 1.448394
1590 288 48 64 64 2.792634
1590 352 48 64 64 2.709328
1590 170 180 40 40 1.038877
1590 180 170 40 40 0.033339
1590 320 140 40 40 1.863218
1590 0 126 36 36 0.532611
1590 297 144 36 36 2.304720
1590 297 153 36 36 1.451025
1590 306 144 36 36 1.806777
1590 306 153 36 36 2.941509
1590 306 162 36 36 1.243393
1590 315 126 36 36 4.738040
1590 315 144 36 36 3.226812
1590 315 153 36 36 1.218404
1590 441 144 36 36 4.109610
1590 450 144 36 36 6.930560
1590 459 27 36 36 0.722574
1590 459 144 36 36 3.072547
1590 0 128 32 32 5.167614
1590 0 136 32 32 0.399024
1590 8 128 32 32 3.956760
1590 136 136 32 32 0.183054
1590 264 128 32 32 0.586090
1590 272 128 32 32 1.126256
1590 272 136 32 32 0.367999
1590 280 128 32 32 3.864347
1590 408 16 32 32 1.783327
1590 408 24 32 32 3.261690
1590 0 0 28 28 0.743064
1590 7 119 28 28 1.536337
1590 7 126 28 28 3.294350
1590 7 133 28 28 1.624918
1590 14 119 28 28 2.019209
1590 14 126 28 28 4.332947
1590 14 133 28 28 3.938958
1590 21 126 28 28 1.191378
1590 384 114 24 24 3.412996
1590 390 114 24 24 2.947029
1590 396 114 24 24 0.543137
1590 492 18 24 24 0.497557
1590 498 18 24 24 1.371224
1620 256 32 64 64 2.432064
1620 256 48 64 64 0.338808
1620 272 16 64 64 4.238699
1620 272 32 64 64 3.566123
1620 272 48 64 64 3.684120
1620 288 16 64 64 0.599470
1620 288 48 64 64 0.616958
1620 420 12 48 48 0.199884
1620 420 12 48 48 0.199884
1620 176 154 44 44 0.392502
1620 170 180 40 40 0.131721
1620 180 170 40 40 1.394848
1620 180 180 40 40 0.152542
1620 350 140 40 40 1.343177
1620 0 144 36 36 1.293933
1620 306 126 36 36 0.923039
1620 306 153 36 36 0.339477
1620 315 126 36 36 1.661910
1620 432 0 36 36 2.307331
1620 432 9 36 36 2.053308
1620 441 0 36 36 2.871611
1620 459 153 36 36 3.227361
1620 459 162 36 36 1.916760
1620 459 171 36 36 1.887129
1620 0 112 32 32 1.002222
1620 0 144 32 32 2.688861
1620 0 152 32 32 3.562940
1620 8 152 32 32 1.699412
1620 24 144 32 32 0.110334
1620 264 112 32 32 1.955985
1620 264 128 32 32 0.223888
1620 272 112 32 32 0.930429
1620 272 128 32 32 3.708478
1620 272 136 32 32 0.870544
1620 280 128 32 32 7.515073
1620 280 136 32 32 2.049561
1620 384 16 32 32 0.583334
1620 384 24 32 32 2.484211
1620 392 16 32 32 1.079046
1620 392 136 32 32 0.496019
1620 408 8 32 32 3.333409
1620 0 119 28 28 2.526554
1620 0 126 28 28 4.381841
1620 7 126 28 28 3.466742
1620 336 21 28 28 0.918664
1620 343 21 28 28 0.483257
1620 350 133 28 28 2.202538
1620 448 7 28 28 0.098438
1620 448 14 28 28 2.311000
1620 448 21 28 28 1.700981
1620 455 0 28 28 0.637977
1620 455 14 28 28 0.523305
1620 462 0 28 28 1.737996
1620 462 7 28 28 0.030126
1620 462 21 28 28 0.037452
1620 469 0 28 28 2.306967
1620 384 192 24 24 6.790193
1620 390 192 24 24 4.033069
1620 390 198 24 24 1.152065
1620 396 192 24 24 3.442620
1620 396 198 24 24 1.649841
1620 396 204 24 24 1.330737
1620 402 102 24 24 0.978130
1620 402 192 24 24 4.663518
1620 402 198 24 24 3.368632
1620 402 204 24 24 2.826943
1620 402 210 24 24 1.128721
1620 480 0 24 24 0.179249
1620 480 6 24 24 3.910131
1620 480 12 24 24 4.183331
1620 480 96 24 24 3.750986
1620 480 102 24 24 1.363288
1620 480 114 24 24 2.948767
1620 480 192 24 24 6.488782
1620 480 198 24 24 4.679549
1620 486 0 24 24 2.933203
1620 486 6 24 24 6.505527
1620 486 12 24 24 4.547758
1620 486 96 24 24 5.062279
1620 486 108 24 24 0.565499
1620 486 114 24 24 2.304548
1620 486 192 24 24 4.827245
1620 486 198 24 24 4.840795
1620 486 204 24 24 3.734349
1620 492 0 24 24 2.494490
1620 492 96 24 24 1.188721
1620 492 102 24 24 1.706869
1620 492 108 24 24 2.453119
1620 492 192 24 24 3.580608
1620 492 198 24 24 4.974181
1620 492 204 24 24 4.908967
1620 492 210 24 24 1.987729
1620 498 96 24 24 1.052120
1620 498 192 24 24 3.928775
1620 498 198 24 24 6.204224
1620 498 204 24 24 4.947843
1620 498 210 24 24 1.512300
1650 48 48 64 64 0.769327
1650 256 32 64 64 0.776310
1650 272 32 64 64 1.354317
1650 272 48 64 64 0.341833
1650 396 12 48 48 1.446291
1650 420 12 48 48 1.414194
1650 396 12 48 48 1.446291
1650 420 12 48 48 1.414194
1650 374 33 44 44 0.373623
1650 320 10 40 40 0.744681
1650 330 20 40 40 0.082020
1650 340 20 40 40 2.643823
1650 340 30 40 40 1.091709
1650 350 20 40 40 1.659633
1650 350 30 40 40 0.078273
1650 288 144 36 36 2.649336
1650 288 171 36 36 2.034875
1650 297 144 36 36 2.247495
1650 297 153 36 36 1.819968
1650 297 162 36 36 2.057600
1650 297 171 36 36 0.696167
1650 306 126 36 36 1.005906
1650 306 144 36 36 1.619768
1650 306 153 36 36 2.251163
1650 306 162 36 36 1.523731
1650 315 126 36 36 2.865970
1650 432 171 36 36 0.817186
1650 441 171 36 36 1.132221
1650 450 171 36 36 0.439713
1650 256 112 32 32 0.674457
1650 264 112 32 32 2.603408
1650 264 128 32 32 0.675224
1650 272 112 32 32 2.960337
1650 384 0 32 32 0.349876
1650 392 0 32 32 0.046399
1650 392 144 32 32 6.410143
1650 392 152 32 32 2.352381
1650 400 0 32 32 4.743359
1650 400 8 32 32 4.593875
1650 400 16 32 32 3.655299
1650 400 24 32 32 3.360962
1650 408 0 32 32 5.618247
1650 408 8 32 32 4.661546
1650 408 16 32 32 3.805473
1650 408 24 32 32 0.774655
1650 231 133 28 28 0.076512
1650 343 14 28 28 1.204963
1650 350 14 28 28 1.062176
1650 448 133 28 28 3.004329
1650 455 0 28 28 1.343153
1650 455 7 28 28 0.836344
1650 455 133 28 28 1.769724
1650 462 0 28 28 0.238656
1650 462 224 28 28 4.028846
1650 469 224 28 28 3.647939
1650 210 204 24 24 0.606132
1650 210 210 24 24 2.736926
1650 288 6 24 24 0.653193
1650 288 12 24 24 3.310226
1650 480 0 24 24 2.318579
1650 480 6 24 24 0.462357
1680 48 32 64 64 1.052463
1680 363 22 44 44 0.249018
1680 374 11 44 44 0.668277
1680 374 22 44 44 2.432914
1680 30 140 40 40 2.734938
1680 330 140 40 40 0.226258
1680 340 140 40 40 2.128691
1680 350 140 40 40 2.414888
1680 0 126 36 36 1.955910
1680 27 126 36 36 0.992288
1680 297 126 36 36 1.026901
1680 297 144 36 36 6.804331
1680 297 153 36 36 3.181175
1680 297 171 36 36 1.917940
1680 306 126 36 36 3.718196
1680 306 144 36 36 4.761686
1680 306 153 36 36 3.530341
1680 315 144 36 36 3.701322
1680 315 153 36 36 2.118340
1680 315 162 36 36 0.865451
1680 315 171 36 36 0.333524
1680 432 153 36 36 1.580601
1680 432 162 36 36 5.714720
1680 432 171 36 36 4.011732
1680 441 153 36 36 0.122298
1680 441 162 36 36 5.045008
1680 441 171 36 36 2.867253
1680 0 128 32 32 1.215167
1680 0 136 32 32 0.051395
1680 8 128 32 32 0.075709
1680 8 136 32 32 3.025789
1680 8 144 32 32 0.227387
1680 16 136 32 32 1.487492
1680 144 112 32 32 0.319822
1680 264 112 32 32 0.898801
1680 272 112 32 32 0.337166
1680 280 112 32 32 2.111235
1680 280 128 32 32 3.626384
1680 280 136 32 32 0.301844
1680 384 128 32 32 3.452215
1680 14 133 28 28 0.552646
1680 126 133 28 28 2.500601
1680 154 126 28 28 1.466750
1680 154 133 28 28 1.923828
1680 168 133 28 28 2.811732
1680 238 126 28 28 2.026103
1680 245 126 28 28 1.575020
1680 245 133 28 28 0.620047
1680 343 0 28 28 1.153197
1680 350 0 28 28 3.240613
1680 357 112 28 28 0.144385
1680 448 0 28 28 0.370953
1680 448 112 28 28 0.237687
1680 455 0 28 28 5.497121
1680 455 7 28 28 3.239561
1680 455 14 28 28 0.105777
1680 462 0 28 28 4.575939
1680 462 7 28 28 3.708868
1680 469 0 28 28 3.643103
1680 469 7 28 28 4.196557
1680 469 14 28 28 1.110359
1680 288 114 24 24 0.164286
1680 300 114 24 24 1.236145
1680 384 6 24 24 1.859782
1680 384 12 24 24 1.854442
1680 384 96 24 24 0.052075
1680 384 192 24 24 1.926972
1680 384 198 24 24 1.112967
1680 390 0 24 24 0.268931
1680 390 6 24 24 0.129559
1680 390 192 24 24 4.859401
1680 390 198 24 24 3.901118
1680 396 0 24 24 0.306172
1680 396 6 24 24 0.885073
1680 396 192 24 24 1.811859
1680 396 198 24 24 5.468720
1680 402 0 24 24 0.592270
1680 402 198 24 24 0.551188
1680 480 0 24 24 0.108937
1680 480 6 24 24 1.117295
1680 480 12 24 24 0.815235
1680 480 18 24 24 1.183907
1680 480 204 24 24 2.106243
1680 492 96 24 24 0.179127
1680 492 114 24 24 0.548669
1680 492 204 24 24 1.982804
1680 498 114 24 24 0.333088
1680 498 210 24 24 1.311832
