30 124 117 29 29 14.423641
30 118 126 28 28 7.239761
30 494 17 24 24 5.930152
30 288 126 36 36 2.162527
30 112 119 28 28 1.828400
30 497 11 23 23 0.197159
30 136 112 32 32 0.024926
60 114 124 28 28 10.488666
60 118 121 28 28 12.274539
60 128 112 32 32 0.443323
60 126 126 28 28 0.199746
90 437 152 35 35 1.816518
90 111 126 28 28 0.534868
90 431 162 36 36 0.416795
90 435 144 36 36 0.428929
120 32 32 64 64 1.587985
120 336 133 28 28 1.113216
150 11 19 64 64 10.374756
150 3 29 64 64 11.788870
150 198 6 24 24 8.035371
150 210 6 24 24 2.606417
150 144 6 24 24 2.538887
150 132 6 24 24 2.455338
150 98 6 24 24 4.347891
150 108 6 24 24 1.919799
150 288 6 24 24 1.073643
150 241 0 28 28 1.657038
150 228 0 28 28 1.067032
150 498 209 24 24 0.298886
150 335 133 28 28 0.053982
180 407 20 32 32 6.464329
180 0 16 64 64 1.469472
210 439 160 36 36 14.110312
210 408 134 32 32 5.692646
210 441 144 36 36 2.435004
210 357 133 28 28 0.842664
210 336 126 28 28 0.692747
210 175 112 32 32 0.343125
210 432 153 36 36 0.119335
240 395 128 32 32 6.606260
240 352 34 64 64 6.753378
270 387 136 32 32 3.962174
270 397 129 32 32 3.654745
270 346 133 28 28 2.467051
270 336 126 28 28 1.224409
270 126 124 28 28 1.425319
270 399 140 32 32 1.587953
270 357 133 27 27 0.081015
300 486 204 24 24 0.948041
300 357 126 28 28 0.917785
360 168 119 28 28 1.097003
360 3 132 28 28 1.737024
390 167 122 28 28 7.383411
390 126 133 28 28 2.175707
420 168 123 28 28 5.474138
420 0 133 28 28 1.129311
420 112 133 28 28 1.052657
420 492 204 24 24 0.618306
450 168 124 28 28 4.274388
450 154 126 28 28 2.036185
510 154 126 28 28 1.812086
510 126 133 28 28 1.450569
510 322 170 40 40 1.020180
540 126 133 28 28 1.591328
540 357 133 28 28 0.670820
540 450 144 36 36 0.392388
570 112 133 28 28 3.210807
570 339 126 28 28 1.323165
570 408 128 32 32 0.344038
600 346 126 28 28 6.073410
600 350 133 28 28 0.681750
600 352 48 64 64 0.459417
600 498 192 24 24 0.083052
630 352 13 64 64 6.283467
630 11 133 28 28 2.485222
630 0 133 28 28 0.270410
630 384 128 32 32 0.229385
660 352 29 64 64 4.551405
660 22 126 36 36 6.406761
690 352 32 64 64 0.882056
720 0 128 32 32 2.623957
750 1 114 24 24 4.464666
750 126 133 28 28 0.406050
780 352 43 64 64 4.297141
780 280 112 32 32 1.074588
780 277 134 32 32 2.279426
780 18 210 24 24 0.578494
780 96 206 24 24 0.259471
810 143 150 35 35 4.023951
810 106 196 24 24 5.574952
810 98 192 24 24 4.205281
810 30 140 40 40 0.342865
810 351 33 64 64 0.294274
840 2 127 30 30 2.245746
840 357 126 28 28 1.397002
840 153 126 36 36 0.930834
840 352 48 64 64 0.833949
870 288 26 64 64 2.478996
870 162 126 36 36 1.092679
900 342 132 28 28 5.219330
900 336 125 28 28 0.606880
930 357 133 27 27 2.622772
930 288 39 64 64 3.155421
930 497 192 24 24 1.272865
960 354 130 28 28 13.254726
960 350 126 28 28 3.870017
960 352 29 64 64 7.071476
960 408 136 32 32 1.770360
960 357 119 28 28 1.018968
960 342 133 28 28 0.373682
990 393 129 32 32 9.450443
990 408 128 32 32 1.956255
990 400 136 32 32 0.910220
990 288 114 24 24 0.150238
1020 353 133 28 28 4.391618
1020 454 125 35 35 2.300322
1020 291 108 24 24 1.114588
1020 357 126 28 28 0.338618
1080 294 6 24 24 0.137512
1140 0 210 24 24 3.454171
1140 350 125 28 28 9.491426
1140 357 119 28 28 1.112774
1140 354 133 28 28 1.322726
1140 384 192 24 24 0.388630
1140 10 140 40 40 0.151442
1140 27 144 36 36 0.047529
1140 336 126 27 27 0.043229
1170 24 143 36 36 8.659603
1170 5 141 38 38 8.931629
1170 352 23 64 64 4.833708
1170 17 108 24 24 2.652258
1170 8 113 23 23 2.457631
1170 454 126 36 36 2.129810
1170 0 107 24 24 0.660621
1170 384 128 32 32 0.262612
1170 11 204 23 23 0.104542
1200 1 134 32 32 25.890221
1200 121 128 28 28 12.736115
1200 12 144 34 34 12.904246
1200 9 127 33 33 6.231693
1200 22 150 33 33 7.459354
1200 126 133 28 28 1.340466
1200 16 48 64 64 0.139331
1230 126 122 28 28 7.895724
1230 383 128 32 32 2.643915
1230 32 48 64 64 2.607915
1230 352 32 64 64 1.475299
1230 119 126 28 28 0.632283
1230 126 133 28 28 0.318610
1260 126 118 27 27 12.667731
1260 40 47 64 64 6.392637
1260 128 136 32 32 1.634493
1260 352 32 64 64 0.271768
1290 32 48 64 64 8.299607
1290 129 113 25 25 6.308992
1290 118 113 28 28 3.392010
1290 492 192 24 24 0.884780
1290 357 133 28 28 0.517445
1290 384 128 32 32 0.456979
1320 352 48 64 64 2.589159
1320 43 48 64 64 2.422816
1320 352 125 27 27 3.447688
1320 16 32 64 64 1.570316
1320 408 145 32 32 1.471292
1320 386 136 32 32 2.334616
1320 108 108 23 23 1.080334
1320 396 136 32 32 1.537596
1320 392 144 32 32 0.326036
1350 106 108 23 23 15.911878
1350 37 48 64 64 3.610180
1350 450 126 36 36 0.421458
1380 101 105 23 23 4.673716
1380 95 102 24 24 1.226363
1380 35 48 64 64 1.144131
1380 388 128 32 32 1.356791
1380 408 136 32 32 0.338893
1410 436 125 35 35 6.854526
1410 357 124 28 28 1.334121
1410 450 126 36 36 1.013183
1410 350 119 28 28 0.135750
1440 133 133 32 32 14.899927
1440 128 128 32 32 4.409019
1440 393 128 32 32 3.023061
1440 352 31 64 64 1.680084
1440 176 128 32 32 1.265784
1440 128 144 32 32 0.274185
1440 0 48 64 64 0.170120
1470 385 128 32 32 2.609465
1470 3 48 64 64 2.410150
1470 352 26 64 64 1.222218
1470 433 126 36 36 0.988880
1470 350 13 27 27 0.002655
1500 351 32 64 64 3.200029
1500 352 6 28 28 5.085359
1500 168 133 28 28 1.267952
1500 357 14 28 28 1.119520
1500 18 198 24 24 0.410884
1500 27 153 36 36 0.138647
1530 390 17 24 24 2.276546
1530 357 5 28 28 1.662379
1530 168 133 28 28 0.116839
1560 384 128 32 32 1.249115
1560 402 12 24 24 0.569460
1560 11 195 44 44 0.397158
1560 12 216 48 48 0.469450
1590 2 190 43 43 29.526409
1590 12 194 43 43 5.573743
1590 386 7 24 24 8.076472
1590 387 12 24 24 3.597569
1590 0 209 44 44 1.058192
1620 96 207 24 24 6.679299
1620 24 144 32 32 2.169299
1620 400 1 24 24 5.466086
1620 102 206 23 23 2.831997
1620 390 0 23 23 1.660612
1620 176 128 32 32 1.016160
1620 96 198 24 24 0.981694
1620 396 6 24 24 0.539307
1650 448 126 28 28 1.408172
1650 132 210 23 23 1.336669
1650 304 209 24 24 1.396643
1650 399 0 24 24 1.566657
1650 0 238 28 28 0.273270
1680 144 192 23 23 1.668485
1680 132 194 24 24 1.605761
1680 132 201 24 24 1.429853
1680 4 230 28 28 0.638192
1710 192 144 32 32 2.754441
1710 143 204 23 23 3.135938
1710 144 194 24 24 1.843801
1710 0 231 28 28 0.752058
1710 462 126 28 28 0.359155
1710 132 192 24 24 0.077528
1740 132 199 24 24 4.103213
1740 106 202 24 24 9.478669
1740 132 207 24 24 3.155036
1740 102 197 24 24 1.933916
1740 101 210 24 24 1.162466
1770 96 204 24 24 0.764411
1800 154 126 28 28 1.472132
1800 30 190 40 40 0.111926
1830 30 189 39 39 2.268378
1830 154 130 28 28 2.190892
1830 24 177 42 42 0.317516
1830 144 162 36 36 0.008885
