30 136 136 32 32 20.305293
30 48 31 64 64 12.924715
30 420 31 47 47 14.393584
30 23 128 35 35 8.345384
30 128 140 32 32 6.915759
30 144 144 32 32 3.324601
30 12 128 35 35 7.511256
30 21 141 32 32 5.457256
30 238 119 28 28 1.768595
30 483 84 24 24 2.292590
30 108 108 24 24 1.053174
30 128 128 32 32 0.460048
30 303 294 24 24 0.612537
30 296 293 24 24 0.442515
30 396 306 24 24 0.211054
30 280 128 32 32 0.152073
30 256 264 32 32 0.131153
30 210 306 24 24 0.014730
60 48 31 64 64 12.884367
60 136 136 32 32 20.669731
60 420 32 47 47 14.103880
60 23 128 35 35 8.260528
60 144 144 32 32 3.819319
60 128 144 32 32 3.402190
60 11 127 35 35 7.306675
60 21 141 32 32 5.591974
60 482 84 24 24 2.886673
60 108 108 24 24 1.022355
60 305 294 24 24 0.810438
60 238 119 28 28 0.508676
60 128 128 32 32 0.507543
60 396 306 24 24 0.214843
90 419 30 48 48 26.776606
90 136 136 32 32 21.720784
90 48 31 64 64 13.500851
90 140 143 32 32 7.674701
90 23 127 35 35 7.331398
90 128 144 32 32 3.341983
90 465 98 28 28 5.266843
90 11 127 35 35 7.018715
90 468 124 27 27 2.684458
90 21 141 32 32 4.765063
90 238 119 28 28 2.060591
90 483 83 23 23 2.376520
90 108 108 24 24 0.794209
90 397 306 24 24 0.719236
90 306 294 24 24 0.492052
90 128 128 32 32 0.463434
90 294 294 24 24 0.019804
120 420 31 48 48 18.978224
120 48 31 64 64 13.864044
120 140 137 32 32 14.038102
120 452 125 35 35 5.811095
120 23 127 35 35 8.810056
120 128 136 32 32 9.634817
120 132 128 32 32 6.151691
120 132 144 32 32 6.381736
120 8 128 35 35 4.930843
120 21 141 32 32 5.586569
120 238 119 27 27 2.316535
120 107 108 24 24 2.291045
120 465 98 28 28 2.184746
120 483 83 23 23 1.732592
120 304 294 24 24 1.240008
120 397 306 24 24 0.685492
120 294 294 24 24 0.202404
120 256 272 32 32 0.035152
120 204 306 24 24 0.022170
150 135 136 32 32 22.685533
150 48 30 64 64 13.967677
150 420 31 47 47 13.975210
150 23 127 35 35 7.488338
150 128 144 32 32 3.681451
150 144 144 32 32 3.609581
150 8 127 35 35 3.922862
150 21 142 32 32 5.426042
150 238 119 28 28 1.777131
150 107 107 24 24 1.479531
150 128 128 32 32 1.463282
150 482 84 24 24 2.267638
150 304 294 24 24 1.219226
150 397 306 23 23 0.345908
150 256 264 32 32 0.058617
150 264 272 32 32 0.032821
180 419 33 48 48 12.872754
180 135 137 32 32 17.771793
180 48 31 64 64 9.271404
180 23 127 35 35 8.191174
180 144 140 32 32 7.216838
180 128 144 32 32 3.121111
180 357 131 28 28 3.973592
180 288 126 36 36 2.617220
180 21 142 32 32 5.537386
180 238 120 28 28 2.739069
180 11 129 34 34 2.143135
180 108 108 24 24 1.270453
180 483 84 24 24 1.459920
180 395 306 24 24 1.627737
180 294 294 24 24 1.989760
180 306 294 24 24 0.449382
180 263 272 32 32 0.718924
180 128 128 32 32 0.311961
180 469 98 28 28 0.109955
210 420 34 48 48 11.034586
210 48 33 64 64 8.865694
210 141 141 32 32 11.654132
210 130 138 32 32 12.422156
210 24 126 35 35 5.891528
210 348 127 28 28 6.760226
210 238 121 28 28 3.941567
210 21 144 32 32 4.846094
210 396 306 24 24 3.807409
210 259 272 32 32 1.319560
210 486 84 24 24 0.788319
210 9 126 36 36 0.751389
210 469 98 28 28 0.732857
210 290 294 24 24 1.106165
210 384 306 24 24 0.502791
210 304 294 23 23 0.357846
210 108 108 24 24 0.256611
210 272 272 32 32 0.127976
210 343 133 28 28 0.006479
240 420 33 48 48 13.152530
240 135 136 32 32 17.830771
240 237 120 28 28 6.704460
240 48 30 64 64 10.163436
240 23 127 35 35 6.769057
240 140 143 32 32 6.386070
240 128 144 32 32 2.892222
240 21 142 32 32 4.088413
240 128 128 32 32 1.473897
240 350 126 28 28 1.346916
240 11 128 34 34 1.765758
240 395 306 23 23 1.908312
240 290 293 24 24 1.503663
240 484 84 24 24 0.803152
240 304 294 24 24 0.485191
240 266 271 32 32 0.586647
240 469 98 28 28 0.204198
240 384 306 24 24 0.201192
270 419 33 48 48 13.506652
270 130 137 32 32 13.896114
270 48 30 64 64 8.097014
270 23 127 35 35 7.039641
270 141 141 32 32 11.283272
270 237 121 28 28 5.411207
270 21 143 32 32 4.496506
270 10 127 35 35 1.881849
270 483 83 23 23 2.063773
270 396 306 24 24 2.246244
270 292 294 24 24 1.833845
270 350 126 28 28 0.659333
270 136 128 32 32 0.569359
270 303 294 24 24 0.837810
270 270 272 32 32 0.261037
270 384 306 24 24 0.052740
300 130 137 32 32 12.621486
300 238 119 27 27 6.273099
300 136 144 32 32 10.541394
300 48 29 64 64 7.786267
300 420 31 47 47 11.463378
300 12 129 34 34 6.884602
300 144 136 32 32 2.693801
300 24 130 34 34 5.191420
300 486 84 24 24 1.716432
300 21 144 32 32 2.091065
300 259 272 32 32 1.201471
300 384 306 24 24 0.139459
300 289 300 24 24 0.130080
300 350 126 27 27 0.076853
330 130 143 32 32 16.954076
330 138 135 32 32 6.454704
330 15 143 32 32 15.240350
330 1 126 35 35 4.187816
330 132 152 32 32 5.590829
330 144 140 32 32 5.183265
330 48 34 64 64 6.369473
330 22 135 33 33 5.536101
330 237 120 28 28 2.926323
330 461 20 29 29 4.715434
330 0 146 32 32 2.857272
330 353 126 28 28 3.009187
330 7 152 32 32 0.887545
330 302 297 36 36 1.692787
330 24 152 32 32 0.750015
330 288 297 36 36 0.548167
330 443 27 36 36 0.407654
330 497 192 24 24 0.285722
330 130 128 32 32 0.213647
360 445 126 36 36 6.733658
360 354 124 28 28 6.988686
360 128 148 32 32 5.766055
360 458 13 36 36 4.282123
360 238 126 27 27 1.677219
360 48 37 64 64 2.156195
360 136 144 32 32 0.552797
390 17 195 23 23 8.759671
390 355 125 27 27 5.534518
390 192 192 24 24 3.955698
390 162 158 36 36 5.020657
390 48 16 64 64 2.711376
390 469 113 28 28 3.136471
390 12 192 24 24 2.041705
390 176 152 32 32 1.685074
390 162 144 36 36 0.692814
390 30 140 40 40 0.478470
390 498 192 24 24 0.326508
420 355 123 28 28 12.554427
420 349 119 28 28 3.196191
420 459 112 28 28 4.493431
420 114 130 27 27 7.918162
420 343 126 28 28 2.343020
420 280 112 32 32 2.162846
420 48 6 64 64 1.806250
450 387 112 32 32 10.516633
450 450 145 35 35 5.281469
450 388 128 32 32 7.502032
450 13 109 24 24 6.439529
450 490 114 24 24 5.308908
450 400 112 29 29 3.215555
450 8 118 26 26 4.971552
450 480 114 24 24 1.875801
450 450 126 36 36 1.747255
450 112 119 28 28 1.215048
450 13 126 27 27 0.407764
450 272 32 64 64 0.220708
480 143 147 34 34 9.878233
480 449 123 28 28 9.571342
480 6 132 28 28 10.020285
480 455 131 27 27 6.360336
480 32 48 64 64 3.410972
480 335 116 28 28 4.997503
480 479 102 24 24 3.190352
480 21 133 28 28 2.365982
480 192 149 32 32 1.966010
480 455 98 28 28 0.260957
480 107 191 24 24 0.170847
510 176 138 32 32 9.668260
510 17 155 42 42 13.951623
510 102 109 23 23 8.325457
510 27 163 39 39 16.496642
510 145 142 33 33 9.542811
510 158 126 36 36 6.775956
510 96 198 24 24 9.345617
510 146 128 34 34 8.525190
510 192 136 32 32 6.272495
510 102 201 24 24 3.692734
510 23 166 38 38 2.689928
510 108 114 23 23 1.410726
510 7 48 64 64 2.448231
510 336 112 28 28 0.965101
510 102 192 24 24 0.693053
510 349 112 28 28 0.703975
540 16 83 23 23 5.945324
540 384 114 23 23 3.430675
540 48 48 64 64 1.425182
540 227 126 28 28 2.197276
540 8 134 32 32 1.086184
540 288 0 64 64 0.809877
540 402 113 24 24 0.509897
540 18 102 24 24 0.477863
540 0 119 28 28 0.332833
570 143 144 32 32 14.920133
570 26 186 41 41 18.839860
570 21 174 43 43 36.375691
570 136 149 32 32 4.324028
570 352 0 64 64 2.780833
570 387 113 24 24 3.531450
570 144 126 34 34 2.805057
570 27 154 44 44 3.256829
570 0 168 48 48 1.773174
570 11 187 43 43 0.802990
570 402 0 23 23 0.117897
570 492 18 23 23 0.089145
600 6 231 28 28 21.653533
600 227 98 28 28 8.876417
600 389 113 24 24 9.111794
600 240 98 28 28 5.955273
600 98 96 23 23 5.695610
600 467 112 28 28 3.967811
600 384 36 48 48 5.067466
600 450 98 28 28 4.055338
600 107 98 24 24 4.789953
600 14 224 28 28 2.364947
600 17 153 36 36 2.753914
600 136 152 32 32 2.184479
600 385 108 24 24 2.675278
600 102 114 24 24 2.095567
600 0 238 28 28 1.849757
600 6 158 39 39 3.609050
600 0 153 39 39 3.039702
600 48 48 64 64 1.471364
600 486 114 24 24 1.405654
600 260 0 64 64 1.839828
600 352 0 64 64 1.219740
600 102 102 24 24 0.886957
600 454 111 27 27 0.606087
600 209 108 24 24 0.477658
600 288 0 64 64 0.464351
600 197 36 48 48 0.894732
600 18 210 24 24 0.145711
600 402 114 24 24 0.069108
630 97 97 24 24 14.094900
630 106 112 24 24 10.305562
630 281 0 64 64 7.556884
630 205 107 23 23 9.004818
630 450 112 28 28 5.763252
630 21 27 46 46 14.758982
630 97 111 23 23 7.685245
630 225 97 27 27 3.559648
630 392 36 47 47 10.049800
630 336 98 28 28 2.106266
630 384 110 24 24 3.644495
630 102 108 24 24 1.776136
630 469 112 28 28 0.451971
630 256 0 64 64 0.378714
630 352 16 64 64 0.344036
630 455 119 28 28 0.141842
630 154 98 28 28 0.099901
660 1 118 28 28 15.597622
660 384 110 24 24 10.729483
660 284 0 64 64 5.944827
660 448 116 28 28 9.039738
660 391 112 24 24 6.912916
660 460 119 28 28 4.886208
660 208 100 24 24 7.762026
660 10 35 48 48 6.423070
660 143 110 24 24 4.781613
660 352 0 64 64 2.140261
660 335 128 28 28 3.206311
660 455 114 28 28 3.119965
660 3 108 24 24 3.700142
660 210 114 24 24 2.069630
660 384 36 48 48 3.426020
660 420 36 48 48 2.798736
660 154 116 28 28 1.375591
660 197 102 24 24 0.623905
660 350 98 28 28 0.520591
690 144 114 24 24 4.238255
690 449 114 28 28 8.781600
690 468 125 27 27 9.342548
690 273 3 64 64 11.826974
690 455 117 28 28 11.984058
690 132 113 24 24 3.753175
690 414 36 47 47 12.491904
690 120 97 27 27 3.838331
690 459 112 28 28 4.931301
690 8 83 23 23 3.947095
690 154 98 28 28 2.090599
690 336 98 28 28 1.565326
690 357 98 28 28 1.279722
690 492 114 24 24 0.886894
690 107 0 23 23 0.667489
690 18 83 23 23 0.404834
690 18 102 24 24 0.330223
720 199 113 24 24 8.204353
720 104 114 24 24 7.474385
720 258 17 59 59 9.851754
720 2 126 27 27 3.693032
720 207 114 24 24 3.033329
720 225 132 28 28 2.805795
720 272 0 64 64 1.420890
720 0 112 32 32 0.986885
720 352 16 64 64 0.858217
720 287 32 47 47 2.134672
720 132 113 24 24 0.711868
720 396 36 48 48 1.378268
720 216 36 48 48 1.071866
720 14 126 28 28 0.424419
750 124 124 27 27 14.861458
750 168 126 27 27 7.976122
750 256 0 64 64 3.677932
750 297 126 36 36 2.942702
750 264 24 48 48 4.065340
750 29 2 64 64 2.744986
750 176 144 32 32 1.805917
750 207 36 48 48 4.543306
750 192 142 32 32 1.930730
750 147 144 36 36 1.902943
750 396 36 48 48 1.504686
750 192 112 32 32 0.553768
750 112 126 28 28 0.494582
750 486 11 23 23 0.472595
750 0 126 28 28 0.409373
750 288 0 64 64 0.376416
780 270 45 64 64 10.269997
780 192 191 24 24 4.717441
780 315 150 36 36 3.942990
780 448 120 28 28 4.043482
780 160 143 38 38 3.646485
780 352 126 28 28 3.774221
780 318 141 38 38 3.146939
780 31 35 47 47 6.443058
780 144 113 24 24 2.053390
780 176 152 32 32 1.864686
780 264 29 47 47 5.141980
780 11 36 48 48 0.983922
780 288 0 64 64 0.488268
780 240 20 40 40 0.192317
780 198 108 24 24 0.150870
810 192 108 23 23 6.965535
810 346 161 40 40 12.977523
810 388 127 32 32 9.908190
810 136 112 32 32 3.449152
810 384 112 32 32 2.713676
810 168 126 28 28 2.470809
810 265 24 32 32 3.453257
810 392 16 32 32 2.432378
810 340 170 40 40 2.186753
810 154 98 28 28 2.034908
810 108 96 24 24 1.998712
810 0 24 64 64 2.423757
810 288 11 48 48 1.408954
810 96 114 24 24 0.690509
810 256 0 64 64 0.628923
810 162 171 36 36 0.557824
810 153 161 36 36 0.191054
810 33 33 44 44 0.105850
840 168 115 28 28 8.512854
840 17 34 47 47 21.597259
840 371 176 43 43 8.234048
840 139 112 31 31 6.655939
840 397 204 23 23 12.061778
840 101 102 24 24 5.326771
840 10 0 64 64 5.104585
840 401 207 23 23 5.197454
840 167 97 27 27 2.943076
840 399 199 23 23 7.586102
840 153 126 27 27 5.474641
840 278 18 32 32 4.490652
840 168 129 28 28 4.288402
840 96 111 24 24 2.926277
840 36 30 48 48 5.196222
840 25 23 47 47 2.656900
840 192 114 24 24 0.641815
840 498 84 24 24 0.624461
840 154 223 28 28 0.478376
870 152 114 28 28 11.634512
870 11 3 64 64 9.996009
870 97 107 24 24 6.661336
870 382 190 45 45 13.217479
870 9 25 56 56 10.246621
870 279 19 32 32 4.282270
870 154 126 28 28 2.275686
870 24 33 48 48 3.510548
870 136 112 32 32 0.613632
870 136 128 32 32 0.396541
870 402 210 23 23 0.191872
870 36 24 48 48 0.302114
900 154 118 28 28 14.663920
900 376 187 44 44 17.272300
900 6 19 63 63 10.910889
900 480 199 24 24 6.363754
900 385 203 46 46 11.862636
900 144 130 31 31 7.496015
900 143 140 32 32 4.427194
900 138 134 32 32 6.001040
900 96 114 24 24 1.676948
900 119 124 28 28 1.766085
900 25 35 49 49 4.055404
900 126 112 28 28 1.092696
900 385 176 44 44 0.570049
900 280 24 32 32 0.522207
900 24 112 32 32 0.063954
930 371 187 44 44 17.226078
930 141 144 32 32 11.295103
930 6 29 64 64 6.689072
930 363 176 44 44 2.732088
930 154 128 27 27 3.998896
930 10 16 63 63 3.228417
930 381 205 44 44 5.104689
930 363 198 43 43 1.682840
930 24 112 32 32 1.641079
930 435 153 36 36 2.232196
930 126 127 28 28 1.455964
930 128 144 32 32 0.722771
930 136 152 32 32 0.621093
930 118 112 27 27 0.670567
930 400 152 32 32 0.569295
930 136 136 32 32 0.443742
930 122 132 27 27 0.659202
960 362 187 44 44 20.777689
960 142 149 32 32 10.491578
960 373 197 44 44 9.327058
960 357 176 44 44 6.646587
960 5 33 64 64 5.842644
960 134 146 32 32 5.500716
960 123 133 28 28 3.268829
960 256 16 64 64 2.201012
960 119 126 28 28 3.943134
960 272 0 64 64 1.541727
960 431 153 36 36 1.405360
960 363 209 44 44 0.982069
960 143 136 32 32 0.845280
960 23 34 49 49 1.717330
960 352 198 44 44 0.584531
960 27 126 36 36 0.557535
960 352 32 64 64 0.473210
990 137 150 32 32 17.319161
990 359 189 44 44 13.855208
990 3 34 64 64 8.737859
990 352 198 44 44 3.226384
990 140 144 32 32 5.668991
990 27 126 36 36 2.179931
990 154 126 28 28 1.875301
990 24 36 48 48 3.560754
990 117 133 28 28 1.805821
990 354 176 44 44 1.676661
990 256 16 64 64 1.148830
990 374 195 44 44 1.310042
990 352 32 64 64 0.900457
990 128 144 32 32 0.834075
990 126 245 28 28 0.502812
990 111 128 27 27 0.723864
990 363 209 44 44 0.119708
1020 24 126 36 36 10.715329
1020 401 150 32 32 9.687630
1020 352 182 42 42 12.210281
1020 128 152 32 32 2.309503
1020 5 36 56 56 5.300977
1020 18 36 48 48 5.781446
1020 24 112 32 32 0.564796
1020 112 133 28 28 0.352322
1020 119 243 27 27 0.432107
1020 352 16 64 64 0.159661
1020 384 144 32 32 0.100970
1020 363 187 44 44 0.061218
1020 144 192 24 24 0.055573
1020 272 0 64 64 0.032040
1050 342 168 40 40 12.386046
1050 386 112 32 32 5.039028
1050 330 160 40 40 2.878710
1050 346 179 39 39 4.393702
1050 350 157 41 41 4.369342
1050 384 152 32 32 2.193683
1050 128 152 32 32 2.165755
1050 384 210 24 24 1.809919
1050 338 7 27 27 2.725792
1050 24 112 32 32 1.474811
1050 341 133 28 28 1.522340
1050 280 152 32 32 1.049955
1050 125 238 28 28 0.967112
1050 204 102 24 24 0.824323
1050 396 128 32 32 1.324051
1050 280 112 32 32 0.170834
1050 294 192 24 24 0.136387
1050 408 112 32 32 0.084267
1080 20 128 34 34 24.158861
1080 340 160 40 40 6.712291
1080 400 112 32 32 3.754619
1080 24 144 32 32 3.143165
1080 14 161 36 36 4.995015
1080 276 152 32 32 4.935882
1080 344 140 40 40 4.277329
1080 306 18 24 24 2.050640
1080 6 160 38 38 3.172113
1080 450 126 36 36 1.057081
1080 343 133 27 27 0.730190
1080 350 7 28 28 0.139138
1110 5 128 34 34 25.576840
1110 23 128 34 34 15.373982
1110 18 132 32 32 19.241527
1110 21 112 32 32 5.810010
1110 449 118 27 27 4.880194
1110 128 148 32 32 4.951041
1110 126 130 28 28 3.733694
1110 449 126 36 36 2.783146
1110 338 140 40 40 2.081441
1110 350 7 28 28 1.738383
1110 22 126 29 29 2.296686
1110 256 48 64 64 1.222389
1110 20 144 32 32 1.532421
1110 8 144 32 32 0.623302
1110 0 48 64 64 0.354773
1110 204 102 24 24 0.044936
1110 280 152 32 32 0.029314
1140 6 119 28 28 21.665385
1140 2 160 36 36 22.635548
1140 11 149 37 37 13.496343
1140 334 140 40 40 7.907418
1140 112 121 28 28 6.061022
1140 0 124 29 29 9.258504
1140 0 140 40 40 3.371428
1140 20 116 28 28 4.832700
1140 27 153 36 36 2.634382
1140 20 140 40 40 2.528754
1140 21 129 30 30 4.667993
1140 96 107 24 24 2.218009
1140 11 130 30 30 4.898460
1140 197 203 23 23 1.330265
1140 18 162 36 36 1.235418
1140 8 48 64 64 2.165469
1140 492 84 24 24 1.139175
1140 132 113 24 24 0.777531
1140 256 48 64 64 0.742326
1140 13 112 30 30 1.202585
1140 480 84 24 24 0.186102
1140 9 171 36 36 0.085475
1170 1 118 28 28 16.017947
1170 142 148 32 32 12.738923
1170 17 98 27 27 4.798435
1170 456 18 36 36 3.659389
1170 352 33 64 64 2.718295
1170 8 112 31 31 2.341946
1170 96 198 24 24 2.207049
1170 257 48 64 64 2.203596
1170 139 144 33 33 2.553177
1170 111 119 28 28 1.412884
1170 144 128 35 35 1.220945
1170 0 194 24 24 1.223460
1170 7 126 28 28 0.274799
1200 141 151 32 32 7.870405
1200 2 113 23 23 7.490836
1200 27 47 64 64 4.585712
1200 0 98 28 28 2.854684
1200 154 98 28 28 2.588618
1200 257 41 64 64 4.521709
1200 128 148 32 32 4.298134
1200 10 110 24 24 5.725720
1200 384 149 32 32 3.336271
1200 20 140 40 40 1.380336
1200 17 84 24 24 1.201668
1200 315 144 36 36 0.696754
1200 112 98 28 28 0.592821
1200 27 153 36 36 0.576573
1200 16 112 32 32 0.383799
1200 459 0 36 36 0.254818
1230 1 102 24 24 17.674858
1230 15 97 24 24 15.129722
1230 12 100 23 23 18.440551
1230 384 142 32 32 14.396676
1230 260 42 64 64 15.355243
1230 384 128 32 32 5.113541
1230 272 37 64 64 10.464201
1230 27 3 41 41 16.398358
1230 145 148 34 34 14.819224
1230 216 147 36 36 7.534692
1230 303 144 36 36 10.139416
1230 288 45 64 64 2.856790
1230 11 37 64 64 6.469714
1230 144 162 36 36 2.273728
1230 152 152 36 36 1.812217
1230 261 16 64 64 2.587618
1230 0 230 27 27 1.513380
1230 6 96 24 24 1.420763
1230 352 16 64 64 0.832046
1230 469 231 28 28 0.668156
1230 306 162 36 36 0.664709
1230 96 84 24 24 0.655970
1230 32 47 64 64 0.487849
1230 0 48 64 64 0.247580
1260 12 14 29 29 33.733154
1260 10 174 40 40 7.044953
1260 2 7 32 32 12.877646
1260 7 154 44 44 5.625883
1260 137 134 32 32 8.782132
1260 144 129 34 34 9.848486
1260 3 15 31 31 6.301742
1260 7 3 34 34 7.979890
1260 276 26 64 64 7.584220
1260 3 0 64 64 3.014076
1260 288 16 64 64 2.106548
1260 441 126 36 36 1.869268
1260 18 22 30 30 2.959638
1260 407 128 32 32 1.427529
1260 479 114 24 24 1.178167
1260 24 16 32 32 0.953165
1260 392 128 32 32 0.637383
1260 0 114 24 24 0.165322
1290 449 128 28 28 13.650045
1290 19 13 28 28 9.493206
1290 0 17 24 24 6.101630
1290 1 130 31 31 10.815865
1290 431 170 36 36 4.562239
1290 192 112 32 32 4.227870
1290 276 29 64 64 5.947657
1290 7 114 28 28 3.486709
1290 20 20 35 35 3.680431
1290 13 0 35 35 2.998047
1290 453 171 36 36 2.688966
1290 122 97 27 27 2.159849
1290 14 122 28 28 2.083362
1290 144 114 24 24 0.754243
1290 176 112 32 32 0.447134
1290 408 112 32 32 0.369807
1290 151 153 36 36 0.426278
1290 320 140 40 40 0.346598
1290 132 114 24 24 0.220848
1290 459 162 36 36 0.128861
1290 162 144 36 36 0.059633
1320 168 126 28 28 13.501070
1320 431 163 35 35 12.222865
1320 3 16 64 64 14.012091
1320 154 128 28 28 8.962211
1320 273 27 64 64 11.927257
1320 315 126 36 36 4.359562
1320 176 112 32 32 3.015414
1320 144 112 32 32 2.166384
1320 256 16 64 64 1.303413
1320 21 148 33 33 2.371763
1320 352 48 64 64 1.203186
1320 23 17 32 32 1.767862
1320 288 16 64 64 1.069906
1320 245 112 28 28 0.643321
1320 16 32 64 64 0.633011
1320 0 9 36 36 0.479629
1320 384 128 32 32 0.240994
1320 408 112 32 32 0.122934
1320 24 136 32 32 0.087351
1350 2 97 24 24 11.368118
1350 261 30 64 64 10.380127
1350 1 135 32 32 6.658482
1350 312 126 36 36 5.038328
1350 121 132 28 28 4.287615
1350 313 151 36 36 3.280747
1350 279 16 64 64 2.928420
1350 307 146 36 36 2.505976
1350 6 102 23 23 1.396824
1350 16 113 25 25 2.130066
1350 24 127 32 32 0.910075
1350 128 128 32 32 0.902397
1350 12 96 24 24 0.706082
1350 399 144 32 32 0.631299
1350 447 119 28 28 0.605587
1350 384 128 32 32 0.380976
1350 288 32 64 64 0.257069
1350 48 16 64 64 0.212432
1350 374 154 44 44 0.139241
1350 16 136 32 32 0.026428
1380 13 2 27 27 32.082690
1380 400 192 24 24 11.390021
1380 119 132 27 27 12.783210
1380 3 4 26 26 20.974043
1380 1 12 24 24 4.473063
1380 1 114 24 24 4.790861
1380 389 112 32 32 6.483863
1380 259 26 64 64 6.875661
1380 357 154 44 44 5.279753
1380 17 14 24 24 4.560016
1380 1 144 32 32 2.728624
1380 401 128 32 32 2.582646
1380 0 0 27 27 3.847550
1380 144 84 24 24 1.883987
1380 469 133 28 28 1.591071
1380 238 118 27 27 1.350626
1380 128 112 32 32 0.878100
1380 288 32 64 64 0.581479
1380 498 198 24 24 0.571836
1380 384 136 32 32 0.542132
1380 349 112 28 28 0.532308
1380 256 0 64 64 0.424965
1380 462 112 28 28 0.242385
1380 392 152 32 32 0.079547
1410 4 112 24 24 22.765743
1410 3 99 25 25 20.396295
1410 386 150 32 32 10.878121
1410 11 105 24 24 12.161674
1410 255 19 64 64 6.818338
1410 144 8 31 31 3.153716
1410 22 129 34 34 6.820608
1410 0 37 64 64 3.571425
1410 132 96 24 24 2.052117
1410 384 139 32 32 3.862664
1410 352 154 44 44 1.653186
1410 154 20 28 28 1.683331
1410 343 21 28 28 1.505108
1410 392 144 32 32 1.163036
1410 315 18 36 36 1.242836
1410 272 32 64 64 0.766715
1410 357 111 28 28 0.187779
1410 455 133 28 28 0.173755
1410 24 144 32 32 0.122404
1410 0 144 32 32 0.040783
1410 168 21 28 28 0.005566
1440 23 125 35 35 9.499176
1440 0 7 64 64 8.931581
1440 466 124 28 28 9.250032
1440 3 131 33 33 12.537885
1440 1 13 36 36 7.299261
1440 114 118 28 28 7.951233
1440 383 150 32 32 3.853784
1440 3 112 28 28 4.909554
1440 117 114 28 28 6.469104
1440 356 3 27 27 4.513478
1440 0 26 35 35 2.707632
1440 484 106 24 24 4.987737
1440 6 144 32 32 4.023388
1440 32 0 64 64 2.016987
1440 343 1 28 28 2.671930
1440 272 28 64 64 2.162534
1440 16 137 32 32 2.124730
1440 384 112 32 32 1.640255
1440 0 32 64 64 1.516937
1440 261 16 64 64 1.282556
1440 383 107 24 24 0.743422
1440 480 102 24 24 0.554345
1440 36 36 48 48 1.046548
1440 13 112 26 26 0.773057
1440 462 133 28 28 0.505486
1440 350 7 28 28 0.462876
1440 16 16 64 64 0.203074
1440 455 126 28 28 0.131348
1440 108 84 24 24 0.067920
1470 32 33 64 64 18.138053
1470 154 115 28 28 10.826801
1470 401 15 24 24 10.870625
1470 388 12 24 24 13.874159
1470 385 144 32 32 9.001321
1470 394 0 29 29 8.966483
1470 13 48 64 64 10.315562
1470 263 16 64 64 7.834642
1470 48 16 64 64 3.648902
1470 1 112 26 26 5.668379
1470 167 116 28 28 5.066781
1470 95 95 24 24 3.092993
1470 0 18 24 24 2.726758
1470 0 32 64 64 2.681254
1470 336 132 28 28 2.515402
1470 469 21 28 28 1.855130
1470 352 48 64 64 1.725337
1470 405 26 47 47 7.172842
1470 13 115 27 27 2.739541
1470 384 6 24 24 1.238420
1470 48 48 64 64 0.877860
1470 245 114 27 27 1.277194
1470 459 0 36 36 0.751450
1470 336 98 28 28 0.442828
1470 351 0 64 64 0.197807
1470 383 18 23 23 0.188363
1470 245 133 27 27 0.177855
1470 392 136 32 32 0.124995
1470 357 7 28 28 0.012131
1500 336 130 28 28 10.008401
1500 272 4 64 64 9.289124
1500 336 115 28 28 7.767325
1500 411 36 47 47 10.087762
1500 96 113 24 24 2.158035
1500 144 110 23 23 3.444541
1500 462 126 28 28 1.734342
1500 448 126 28 28 1.531235
1500 245 116 28 28 1.256376
1500 124 97 27 27 0.831713
1500 350 160 40 40 0.181997
1500 469 133 28 28 0.156660
1500 336 98 28 28 0.152210
1500 154 98 28 28 0.107082
1530 337 130 28 28 13.976243
1530 260 19 64 64 12.652899
1530 1 242 27 27 10.762791
1530 341 98 28 28 8.869951
1530 114 120 28 28 6.036172
1530 0 227 27 27 4.641586
1530 244 112 28 28 2.150499
1530 341 114 28 28 3.468801
1530 343 126 28 28 1.146373
1530 272 0 64 64 1.032038
1530 126 123 27 27 1.410531
1530 48 16 64 64 0.818528
1530 7 238 28 28 0.508932
1530 0 112 32 32 0.485708
1530 336 119 28 28 0.240572
1530 238 133 28 28 0.224792
1560 26 18 40 40 14.797306
1560 261 18 64 64 11.811224
1560 337 130 28 28 14.702457
1560 342 127 27 27 9.595614
1560 33 48 64 64 10.383381
1560 162 126 36 36 3.387795
1560 176 144 32 32 6.006114
1560 337 117 27 27 6.426735
1560 266 32 64 64 5.311786
1560 347 113 28 28 5.360025
1560 240 117 27 27 5.802530
1560 16 32 64 64 2.280833
1560 432 126 36 36 2.025429
1560 448 123 28 28 3.417923
1560 244 127 28 28 2.473219
1560 354 119 27 27 2.990516
1560 48 32 64 64 1.909343
1560 242 111 27 27 2.948851
1560 288 18 64 64 1.689647
1560 0 114 24 24 1.397068
1560 240 132 27 27 1.331313
1560 176 128 32 32 0.747533
1560 272 0 64 64 0.087350
1560 22 0 44 44 0.042593
1590 351 127 27 27 19.201122
1590 5 3 64 64 13.362551
1590 22 135 33 33 17.563937
1590 32 35 48 48 14.688336
1590 276 15 64 64 11.098303
1590 0 40 64 64 7.696917
1590 144 106 24 24 4.774699
1590 15 22 58 58 10.277033
1590 12 35 48 48 11.291301
1590 385 144 32 32 6.978070
1590 245 111 28 28 2.109269
1590 168 98 28 28 2.014080
1590 112 112 28 28 1.893400
1590 25 148 33 33 3.484196
1590 280 0 64 64 3.220790
1590 280 32 64 64 2.785953
1590 224 119 27 27 1.336759
1590 357 133 28 28 1.002350
1590 30 1 40 40 0.454238
1590 357 119 28 28 0.348502
1620 391 146 32 32 20.160194
1620 356 129 28 28 9.358930
1620 285 34 64 64 8.506051
1620 8 101 24 24 9.324363
1620 400 148 32 32 7.345886
1620 384 152 32 32 3.757866
1620 2 5 64 64 6.076555
1620 20 111 28 28 2.974519
1620 44 15 64 64 2.883560
1620 20 30 52 52 6.559020
1620 336 113 28 28 2.356426
1620 210 113 24 24 1.595436
1620 448 112 28 28 1.469501
1620 245 119 28 28 1.387017
1620 489 95 24 24 2.333356
1620 448 98 28 28 1.154083
1620 14 117 28 28 1.252784
1620 357 119 28 28 0.521339
1620 143 114 24 24 0.424492
1620 24 24 32 32 0.335525
1620 32 0 64 64 0.160227
1650 400 144 32 32 22.485652
1650 123 131 28 28 16.111746
1650 405 149 32 32 14.096760
1650 121 126 28 28 7.770622
1650 23 131 32 32 8.536023
1650 11 28 64 64 8.045370
1650 112 133 28 28 3.657954
1650 395 135 32 32 6.154247
1650 20 144 32 32 4.648027
1650 132 114 24 24 2.474625
1650 391 152 32 32 2.730104
1650 12 128 34 34 4.513332
1650 461 121 28 28 3.619017
1650 243 112 28 28 2.233267
1650 0 16 64 64 1.741404
1650 486 84 24 24 1.621431
1650 122 97 27 27 2.968759
1650 286 32 64 64 1.278871
1650 357 133 28 28 0.730728
1650 24 112 32 32 0.364453
1650 230 112 28 28 0.140148
1680 405 112 32 32 8.837362
1680 283 31 64 64 17.146174
1680 1 6 29 29 23.294169
1680 407 143 32 32 13.440056
1680 274 41 64 64 13.560760
1680 7 13 27 27 31.203096
1680 1 15 26 26 14.470731
1680 256 33 64 64 4.377703
1680 357 128 28 28 6.365991
1680 233 112 28 28 6.765139
1680 12 19 26 26 9.032706
1680 408 128 32 32 2.684661
1680 21 0 28 28 1.482121
1680 12 4 29 29 1.835755
1680 272 16 64 64 0.942049
1680 352 44 64 64 1.208704
1680 256 128 32 32 0.810634
1680 11 22 44 44 0.029250
1710 352 43 64 64 7.163329
1710 272 30 64 64 17.995049
1710 1 116 27 27 12.812042
1710 283 20 64 64 13.316831
1710 496 111 24 24 9.397040
1710 168 118 28 28 3.468689
1710 396 112 32 32 5.130757
1710 397 129 32 32 5.646744
1710 9 113 26 26 5.585580
1710 256 16 64 64 2.371872
1710 344 133 28 28 3.012384
1710 154 112 28 28 2.201754
1710 4 3 29 29 4.416532
1710 17 113 24 24 2.345273
1710 483 102 24 24 3.242541
1710 0 130 28 28 2.566635
1710 306 105 24 24 2.536114
1710 12 17 24 24 2.064246
1710 256 48 64 64 1.069597
1710 492 108 24 24 1.030699
1710 224 111 28 28 0.675645
1710 1 20 27 27 0.823592
1710 392 136 32 32 0.598999
1710 469 98 28 28 0.562430
1710 408 144 32 32 0.314429
1740 257 15 64 64 13.679436
1740 125 115 28 28 11.910096
1740 391 148 32 32 7.377057
1740 352 0 64 64 3.569723
1740 46 5 64 64 6.382617
1740 112 112 28 28 3.797915
1740 462 97 27 27 2.733924
1740 282 30 56 56 8.608014
1740 498 114 24 24 1.903404
1740 5 15 64 64 2.021009
1740 28 11 64 64 2.703334
1740 384 144 32 32 0.459744
1770 113 126 28 28 21.015845
1770 295 11 24 24 12.414474
1770 192 112 32 32 4.019224
1770 37 19 64 64 8.789904
1770 272 112 32 32 3.782982
1770 482 114 24 24 5.770032
1770 493 192 24 24 3.957770
1770 384 152 32 32 2.819754
1770 300 6 24 24 2.596398
1770 119 133 28 28 2.504912
1770 40 32 64 64 4.161175
1770 119 119 28 28 2.006154
1770 346 140 40 40 2.661042
1770 224 133 28 28 1.684414
1770 397 191 24 24 2.268039
1770 384 203 24 24 1.511147
1770 176 112 32 32 1.215487
1770 384 24 48 48 2.284576
1770 392 112 32 32 1.129905
1770 468 97 27 27 0.732485
1770 24 112 32 32 0.563358
1770 480 102 24 24 0.517720
1770 288 23 64 64 0.545944
1770 396 36 48 48 0.115000
1770 350 160 40 40 0.037309
1770 21 133 28 28 0.027011
1800 16 14 64 64 26.810641
1800 225 120 28 28 10.822164
1800 7 0 64 64 10.188407
1800 18 132 28 28 10.160826
1800 35 0 64 64 5.667709
1800 0 143 33 33 7.953007
1800 117 124 28 28 6.703798
1800 469 14 28 28 3.100660
1800 384 144 32 32 7.959467
1800 5 148 33 33 6.815702
1800 402 192 24 24 2.262149
1800 48 10 64 64 3.439354
1800 237 119 28 28 2.087610
1800 315 126 36 36 1.685530
1800 384 128 32 32 1.573442
1800 123 120 27 27 3.114440
1800 32 32 64 64 1.501117
1800 112 133 28 28 1.420593
1800 8 128 32 32 1.303311
1800 18 112 32 32 1.444781
1800 492 114 24 24 1.079048
1800 209 288 24 24 0.597616
1800 16 144 32 32 0.296027
1830 393 130 32 32 19.833031
1830 394 1 24 24 15.694378
1830 400 136 32 32 3.887708
1830 389 5 25 25 4.132440
1830 226 118 28 28 4.654421
1830 494 96 24 24 4.756928
1830 0 17 64 64 4.653939
1830 384 132 32 32 4.217187
1830 397 112 32 32 3.036256
1830 392 144 32 32 1.689731
1830 370 176 44 44 2.447320
1830 394 12 24 24 1.771834
1830 294 114 24 24 1.266622
1830 498 18 24 24 0.879740
1830 343 119 28 28 0.780944
1830 238 126 28 28 0.709887
1830 368 154 44 44 1.085008
1830 408 128 32 32 0.386533
1830 352 176 44 44 0.103099
1860 401 130 32 32 16.405943
1860 485 97 24 24 16.371400
1860 405 134 32 32 16.267349
1860 338 113 27 27 12.429166
1860 347 131 27 27 9.256831
1860 168 130 27 27 5.509260
1860 344 126 28 28 10.559651
1860 419 36 48 48 6.161504
1860 13 112 32 32 4.514234
1860 498 96 24 24 2.748125
1860 352 48 64 64 2.723440
1860 226 112 28 28 4.335258
1860 448 133 28 28 2.456615
1860 346 118 27 27 4.208119
1860 21 130 28 28 2.257136
1860 32 16 64 64 1.332648
1860 272 28 64 64 1.525566
1860 486 108 24 24 0.970840
1860 408 112 32 32 0.784552
1860 432 126 36 36 0.464632
1860 256 48 64 64 0.258084
1890 195 36 48 48 17.627992
1890 192 6 24 24 8.014387
1890 112 130 28 28 8.922689
1890 432 147 36 36 8.965220
1890 440 161 36 36 19.573107
1890 456 163 36 36 13.996120
1890 445 171 36 36 6.994769
1890 5 12 64 64 8.798575
1890 355 98 28 28 5.051901
1890 345 112 28 28 5.424803
1890 154 114 28 28 5.333843
1890 16 4 64 64 11.003733
1890 483 199 23 23 7.135117
1890 119 125 27 27 3.459676
1890 290 108 24 24 5.595794
1890 481 201 23 23 7.013134
1890 168 112 28 28 2.746892
1890 7 18 24 24 2.767459
1890 293 114 24 24 2.529604
1890 432 171 36 36 2.148386
1890 243 98 28 28 2.705411
1890 345 97 27 27 3.331577
1890 41 14 64 64 3.722486
1890 454 153 36 36 3.501999
1890 288 7 64 64 2.063738
1890 198 12 24 24 0.889645
1890 384 114 24 24 0.714368
1890 0 292 24 24 0.651528
1890 498 204 24 24 0.493678
1890 288 36 48 48 0.084630
1890 306 113 24 24 0.017478
1920 125 114 28 28 27.988762
1920 118 118 28 28 17.844438
1920 194 35 47 47 15.163064
1920 385 134 32 32 14.026489
1920 460 117 28 28 14.199105
1920 294 113 24 24 11.324722
1920 30 0 64 64 7.971703
1920 210 114 24 24 3.293421
1920 387 112 32 32 6.241209
1920 448 118 28 28 3.397145
1920 126 126 28 28 3.150506
1920 454 112 28 28 3.206352
1920 392 131 32 32 5.403569
1920 362 33 43 43 2.523906
1920 224 112 27 27 2.317637
1920 237 98 28 28 5.112426
1920 492 210 24 24 1.414653
1920 224 98 28 28 1.133674
1920 468 112 28 28 0.811294
1920 48 16 64 64 0.585686
1920 288 108 24 24 0.440633
1920 392 144 32 32 0.358456
1920 21 21 28 28 0.310454
1950 386 133 32 32 14.172656
1950 5 1 64 64 7.603212
1950 197 114 24 24 10.432972
1950 392 128 32 32 3.403501
1950 443 126 36 36 4.483011
1950 407 112 32 32 3.489295
1950 393 36 48 48 14.697214
1950 24 128 32 32 2.900544
1950 168 114 28 28 4.455816
1950 239 111 28 28 6.526655
1950 226 112 28 28 3.544037
1950 352 4 64 64 2.456911
1950 24 112 32 32 1.561052
1950 124 98 28 28 1.275995
1950 269 4 64 64 1.495537
1950 480 96 23 23 0.697065
1950 144 6 24 24 0.364624
1950 384 0 24 24 0.255419
1950 112 126 28 28 0.022029
