30 113 124 27 27 42.169073
30 119 119 27 27 32.109599
30 126 123 28 28 12.379930
30 341 127 28 28 12.403117
30 108 194 24 24 6.594856
30 192 201 24 24 6.742587
30 112 112 28 28 3.574771
30 392 150 32 32 4.305168
30 467 119 28 28 10.796333
30 485 112 23 23 6.513906
30 491 107 24 24 7.086604
30 462 122 28 28 4.663018
30 357 223 28 28 2.290905
30 408 112 32 32 2.250751
30 288 204 24 24 1.681721
30 132 99 24 24 2.668110
30 462 111 28 28 1.408533
30 486 102 24 24 1.094358
30 335 133 28 28 0.749957
30 238 126 28 28 0.571492
30 119 133 28 28 0.543531
30 492 84 24 24 0.487266
30 455 119 28 28 0.391318
30 498 210 23 23 0.365765
30 128 112 32 32 0.260361
30 480 108 23 23 0.169140
30 498 102 24 24 0.150644
30 357 119 28 28 0.075973
60 113 124 28 28 42.464468
60 119 119 28 28 33.247968
60 126 123 28 28 12.218962
60 341 126 27 27 13.287354
60 108 194 24 24 6.571906
60 392 150 32 32 5.310961
60 192 201 24 24 7.335016
60 112 112 28 28 3.586037
60 467 123 28 28 9.240139
60 355 223 28 28 3.828541
60 461 119 28 28 7.386406
60 485 112 24 24 6.154457
60 491 107 24 24 6.504834
60 408 112 32 32 2.052923
60 287 203 24 24 1.999291
60 465 112 28 28 3.474810
60 132 99 24 24 2.656015
60 486 102 24 24 0.921748
60 336 133 27 27 0.817923
60 121 133 28 28 1.223696
60 498 210 24 24 0.591622
60 237 126 28 28 0.433762
60 491 84 24 24 0.350674
60 357 119 28 28 0.204274
60 498 102 24 24 0.148811
60 128 112 32 32 0.138682
60 480 108 24 24 0.028928
90 113 124 28 28 42.211899
90 119 119 27 27 32.679137
90 126 123 28 28 12.254885
90 341 126 28 28 12.181023
90 391 150 32 32 5.014701
90 108 194 24 24 6.336425
90 192 201 24 24 7.085640
90 112 112 28 28 3.560395
90 466 123 28 28 8.977193
90 354 223 27 27 4.577194
90 485 112 24 24 7.242460
90 491 107 24 24 7.304369
90 288 203 24 24 2.236508
90 408 112 32 32 2.163673
90 460 116 27 27 3.995938
90 465 112 27 27 3.147088
90 132 99 23 23 2.466565
90 486 102 24 24 1.354503
90 238 126 28 28 1.287675
90 336 133 28 28 0.663348
90 119 133 28 28 0.530586
90 455 126 28 28 0.424082
90 498 102 24 24 0.154883
90 480 108 24 24 0.087577
120 113 125 28 28 43.492235
120 117 119 28 28 45.862886
120 126 125 28 28 14.495602
120 106 193 24 24 14.096699
120 341 128 28 28 12.368340
120 191 201 24 24 8.026350
120 392 149 32 32 5.568314
120 467 119 28 28 12.042305
120 485 112 23 23 6.647553
120 288 203 24 24 2.762633
120 491 107 23 23 7.629116
120 408 112 32 32 2.500606
120 108 206 24 24 4.044348
120 462 126 28 28 2.402625
120 122 133 28 28 4.139863
120 132 107 24 24 2.037284
120 336 133 28 28 1.925997
120 144 306 24 24 1.590674
120 462 112 28 28 1.579762
120 112 112 28 28 1.248396
120 129 96 25 25 1.995810
120 486 102 24 24 1.205378
120 498 210 24 24 0.845786
120 455 119 27 27 0.824087
120 357 224 28 28 0.711485
120 128 112 32 32 0.449636
120 498 102 24 24 0.246330
120 492 84 24 24 0.126621
120 479 108 24 24 0.108151
150 124 125 28 28 42.279810
150 120 130 28 28 23.348635
150 392 152 32 32 3.711785
150 493 109 24 24 6.438973
150 467 120 28 28 8.851545
150 128 112 30 30 5.749378
150 136 280 32 32 2.312237
150 462 122 28 28 4.499883
150 407 112 32 32 2.238699
150 336 127 27 27 2.395929
150 197 202 24 24 4.489277
150 485 114 24 24 4.673233
150 144 302 24 24 3.115605
150 480 108 24 24 1.258678
150 144 108 24 24 1.038266
150 455 119 28 28 0.701175
150 462 112 28 28 0.595375
150 467 133 28 28 0.628306
150 204 210 23 23 0.438616
150 498 114 24 24 0.369469
150 343 133 28 28 0.327616
150 119 119 27 27 0.317429
150 486 102 24 24 0.301820
150 384 306 24 24 0.257719
180 136 112 32 32 11.013085
180 128 142 32 32 15.719179
180 394 151 32 32 5.890845
180 467 125 28 28 12.445766
180 130 127 32 32 5.480800
180 144 193 24 24 4.412913
180 463 120 28 28 10.231939
180 492 109 24 24 6.368941
180 487 113 23 23 5.313400
180 154 128 28 28 3.558381
180 112 129 27 27 3.552730
180 406 112 32 32 2.022980
180 336 133 28 28 1.688131
180 462 133 28 28 1.383656
180 465 112 28 28 2.063533
180 168 133 28 28 1.021707
180 354 237 27 27 1.430946
180 482 108 24 24 1.021341
180 462 98 28 28 0.195985
180 498 113 24 24 0.076348
180 144 204 24 24 0.030405
180 455 126 28 28 0.017935
210 148 130 30 30 19.954639
210 142 144 32 32 18.893323
210 467 125 28 28 12.108917
210 466 112 28 28 5.078825
210 393 151 32 32 3.461610
210 462 118 28 28 6.575247
210 492 110 24 24 5.197231
210 343 224 27 27 1.983256
210 136 151 32 32 1.879994
210 168 126 28 28 1.494537
210 497 112 23 23 2.026352
210 486 112 24 24 1.820014
210 293 293 24 24 2.990740
210 126 133 28 28 0.949874
210 461 98 28 28 0.365465
210 461 133 27 27 0.326239
240 468 124 28 28 8.215764
240 498 114 23 23 3.593675
240 493 96 24 24 5.800808
240 484 112 24 24 3.681075
240 144 143 33 33 2.375808
240 350 140 40 40 1.183579
240 469 112 28 28 1.113261
240 392 151 32 32 1.001446
240 462 129 28 28 1.655697
240 144 127 35 35 0.887894
240 480 107 24 24 0.592790
240 396 192 24 24 0.402393
240 168 133 28 28 0.083630
270 176 112 32 32 4.275864
270 151 144 36 36 3.734822
270 399 192 24 24 3.789921
270 498 96 24 24 1.270161
270 138 130 32 32 2.676371
270 168 133 28 28 0.888799
270 492 114 24 24 0.779412
300 389 152 32 32 10.833944
300 176 112 32 32 2.772708
300 168 133 28 28 1.447275
300 498 84 24 24 1.167400
300 498 114 24 24 0.852558
300 144 112 32 32 0.370478
300 153 144 36 36 0.227486
300 400 144 32 32 0.139432
300 400 128 32 32 0.124338
330 399 151 32 32 13.615742
330 387 152 32 32 9.174143
330 144 129 34 34 6.957186
330 498 101 24 24 2.320529
330 144 144 32 32 1.036013
330 350 224 28 28 0.706351
330 136 112 32 32 0.700276
360 135 136 32 32 26.495324
360 392 150 32 32 24.511796
360 357 225 28 28 7.736379
360 141 111 31 31 8.220471
360 407 151 32 32 5.257496
360 126 129 29 29 9.316885
360 144 140 32 32 6.804587
360 384 144 32 32 3.452668
360 154 121 28 28 5.401377
360 338 131 27 27 6.944660
360 401 144 32 32 2.487745
360 256 0 64 64 1.923615
360 128 144 32 32 1.630302
360 352 133 28 28 2.653202
360 150 131 29 29 2.427939
360 480 209 24 24 1.485023
360 441 171 36 36 1.385583
360 330 190 40 40 1.155081
360 340 160 40 40 1.037690
360 432 162 36 36 0.287494
390 154 118 28 28 16.850779
390 395 152 32 32 12.864618
390 404 152 32 32 11.852157
390 128 136 32 32 18.541172
390 137 112 32 32 12.614628
390 480 203 24 24 5.980704
390 340 186 40 40 4.075381
390 448 171 36 36 3.050498
390 136 131 32 32 3.740082
390 357 237 28 28 2.199401
390 168 123 28 28 3.126196
390 256 0 64 64 1.950384
390 431 163 36 36 1.839596
390 136 144 32 32 1.079039
390 20 129 30 30 2.353815
390 336 119 28 28 0.899592
390 400 144 32 32 0.563863
390 469 98 28 28 0.457826
420 480 204 23 23 18.717323
420 401 152 32 32 16.419615
420 154 122 28 28 11.142743
420 129 142 32 32 12.027691
420 137 112 32 32 11.610175
420 485 207 24 24 4.576888
420 469 224 28 28 2.492697
420 434 171 36 36 3.495149
420 132 129 32 32 5.391780
420 168 126 28 28 2.040365
420 256 0 64 64 1.709072
420 336 119 27 27 1.151590
420 119 133 28 28 0.996024
420 136 152 32 32 0.470259
420 357 133 28 28 0.452146
450 398 152 32 32 12.214426
450 480 207 24 24 12.443850
450 469 223 28 28 3.436048
450 435 171 36 36 4.705874
450 152 126 36 36 1.996929
450 151 143 36 36 1.677902
450 469 112 28 28 1.195200
450 168 127 28 28 1.348671
450 137 127 32 32 0.869623
450 9 126 36 36 0.479161
450 136 112 32 32 0.347444
450 256 9 64 64 0.424765
450 396 84 24 24 0.044122
450 336 126 28 28 0.036980
480 401 192 24 24 5.118322
480 460 224 28 28 5.914948
480 126 131 29 29 5.634472
480 176 189 40 40 4.474741
480 384 129 32 32 2.641253
480 388 152 32 32 3.636473
480 462 112 28 28 2.352589
480 396 84 24 24 1.506861
480 469 118 28 28 1.648618
480 136 128 32 32 1.247345
480 193 204 24 24 1.663512
480 170 180 40 40 1.040778
480 432 171 36 36 0.664963
480 160 140 40 40 0.386817
480 336 133 28 28 0.251038
510 384 133 32 32 6.655442
510 398 192 24 24 5.141710
510 19 136 32 32 4.722857
510 24 128 32 32 2.197878
510 450 119 28 28 3.251542
510 0 147 32 32 2.248181
510 385 154 44 44 0.570470
510 455 224 28 28 0.463347
510 462 119 28 28 0.260572
540 15 135 32 32 22.429953
540 24 144 32 32 3.357106
540 4 126 36 36 6.353404
540 449 125 28 28 5.700597
540 392 135 32 32 3.112960
540 216 149 36 36 3.472224
540 492 108 24 24 1.977715
540 8 144 32 32 1.454731
540 16 48 64 64 1.414807
540 453 119 28 28 1.666429
540 462 126 28 28 1.241323
540 0 18 24 24 0.988344
540 384 152 32 32 0.260353
540 400 128 32 32 0.237979
570 216 151 36 36 2.622812
570 432 171 36 36 2.099913
570 486 108 24 24 1.597271
570 400 149 32 32 1.220067
570 384 139 32 32 0.615858
600 455 115 28 28 9.020911
600 385 154 44 44 3.708893
600 486 18 24 24 3.472233
600 216 145 36 36 4.041837
600 466 114 28 28 8.962069
600 385 112 32 32 3.692450
600 397 112 32 32 2.494383
600 459 98 28 28 2.768994
600 400 144 32 32 1.559820
600 144 128 32 32 0.847150
600 480 111 24 24 1.317700
600 384 144 32 32 0.391569
600 0 128 32 32 0.270784
630 384 145 32 32 8.048408
630 216 144 36 36 3.288449
630 447 114 27 27 3.531252
630 0 136 32 32 1.396090
630 462 112 28 28 0.811536
630 396 168 48 48 1.154276
660 456 224 28 28 4.782824
660 432 170 36 36 2.240752
660 408 144 32 32 1.877028
660 489 84 24 24 2.015007
660 462 97 27 27 0.776697
660 408 112 32 32 0.281142
660 0 32 64 64 0.002718
690 486 203 23 23 23.766529
690 485 192 23 23 7.036781
690 216 126 36 36 3.724234
690 479 207 24 24 5.244058
690 468 229 27 27 3.964812
690 492 196 24 24 3.984110
690 480 198 24 24 6.433561
690 492 210 24 24 2.534102
690 408 192 47 47 1.438176
690 498 114 24 24 0.623337
690 24 112 32 32 0.572754
690 384 0 32 32 0.503237
690 420 36 48 48 0.266324
720 465 112 27 27 14.717441
720 452 111 28 28 10.030861
720 216 126 36 36 3.953349
720 119 133 28 28 3.724974
720 481 15 23 23 6.908284
720 482 114 24 24 5.040747
720 0 131 28 28 2.426837
720 300 96 24 24 1.127854
720 390 128 32 32 0.952448
720 24 128 32 32 0.747459
720 47 30 64 64 0.731786
720 486 209 24 24 0.564490
750 4 142 37 37 9.345784
750 468 115 28 28 7.257263
750 489 113 23 23 5.829399
750 400 128 32 32 2.414886
750 0 48 64 64 2.412454
750 305 95 24 24 1.680876
750 488 107 24 24 2.347393
750 216 126 36 36 1.279264
750 10 151 34 34 2.463664
750 480 113 24 24 0.202476
750 306 0 24 24 0.066408
780 216 126 36 36 4.073912
780 497 112 24 24 3.109863
780 144 102 24 24 1.652495
780 45 3 64 64 0.848896
780 26 126 36 36 0.052128
810 98 107 24 24 7.795933
810 1 112 28 28 4.970433
810 264 136 32 32 2.527693
810 343 97 27 27 2.704523
810 108 105 24 24 3.345807
810 21 113 31 31 2.770078
810 294 114 24 24 1.073407
810 355 98 28 28 1.404519
810 5 0 24 24 0.848698
810 350 133 27 27 0.587329
810 132 102 24 24 0.485236
810 144 96 24 24 0.396452
810 419 36 47 47 0.514878
810 6 14 24 24 0.449624
810 396 108 24 24 0.161069
810 16 128 32 32 0.020959
840 390 107 23 23 11.829334
840 497 106 24 24 3.486278
840 8 110 26 26 2.092657
840 18 114 24 24 1.326650
840 96 102 24 24 1.091384
840 0 0 64 64 0.763949
840 224 98 28 28 0.485334
840 32 0 64 64 0.424331
840 402 108 24 24 0.392615
840 6 98 27 27 0.255087
840 384 102 24 24 0.211882
840 108 108 24 24 0.160249
840 0 107 24 24 0.137653
870 357 131 28 28 8.035283
870 390 112 32 32 6.236523
870 19 98 27 27 5.295146
870 20 112 28 28 3.861797
870 451 98 28 28 6.238089
870 300 96 24 24 0.145475
870 6 112 28 28 0.072884
900 100 108 24 24 23.806215
900 98 114 23 23 12.433280
900 386 33 46 46 18.910136
900 497 105 24 24 7.014468
900 397 26 48 48 19.653836
900 264 36 48 48 6.156492
900 1 113 25 25 7.131446
900 414 36 48 48 8.812290
900 305 97 24 24 3.786210
900 485 100 24 24 7.900044
900 9 114 24 24 3.965408
900 357 98 28 28 2.060295
900 384 102 24 24 1.916573
900 12 98 27 27 5.102228
900 96 102 24 24 1.824862
900 390 108 24 24 1.748419
900 288 36 47 47 3.279554
900 0 98 28 28 1.067596
900 485 84 24 24 0.899474
900 400 112 32 32 0.883483
900 480 96 24 24 0.805561
900 402 108 23 23 0.343487
900 384 114 24 24 0.333790
900 300 102 24 24 0.333390
900 469 98 28 28 0.271324
900 497 96 24 24 0.253595
900 362 32 44 44 0.208075
900 357 119 28 28 0.114457
930 463 98 28 28 18.656017
930 481 103 23 23 11.542579
930 288 34 48 48 12.514434
930 403 112 32 32 8.430320
930 303 101 24 24 7.100161
930 384 111 24 24 7.825118
930 384 102 24 24 2.318137
930 5 113 27 27 6.352398
930 420 36 48 48 4.529716
930 32 36 47 47 5.959572
930 448 98 28 28 1.836066
930 396 104 24 24 3.377446
930 16 111 24 24 3.734980
930 0 114 24 24 0.305058
930 384 24 48 48 0.485980
930 352 0 64 64 0.065353
960 338 98 28 28 10.265810
960 414 36 48 48 19.482344
960 480 109 24 24 8.413775
960 1 126 28 28 17.128178
960 14 125 28 28 7.575308
960 346 98 28 28 8.218983
960 4 117 28 28 10.527834
960 260 0 64 64 5.231176
960 454 113 28 28 10.496820
960 304 114 23 23 3.960648
960 394 113 24 24 4.374190
960 466 98 28 28 4.798602
960 385 112 30 30 3.462358
960 9 132 28 28 3.468903
960 492 84 24 24 1.923059
960 448 120 28 28 2.545027
960 396 35 48 48 2.602760
960 452 126 28 28 1.827382
960 390 108 24 24 0.210988
960 300 18 24 24 0.113170
990 342 112 28 28 23.967843
990 343 98 28 28 4.645815
990 338 119 27 27 3.123948
990 456 112 28 28 5.047400
990 230 133 28 28 1.605960
990 405 128 32 32 2.102871
990 238 112 28 28 1.396863
990 451 98 28 28 2.341857
990 257 5 64 64 2.127399
990 394 128 32 32 1.664928
990 285 0 64 64 1.128684
990 408 112 32 32 0.518577
1020 351 117 28 28 23.191202
1020 356 115 28 28 11.867635
1020 270 16 64 64 12.930134
1020 484 113 24 24 4.917358
1020 15 96 24 24 5.110583
1020 357 126 28 28 1.291569
1020 6 96 24 24 1.078771
1020 237 119 28 28 0.579514
1020 12 101 24 24 0.566657
1020 343 112 28 28 0.400121
1020 497 113 24 24 0.385719
1020 6 209 24 24 0.202368
1020 384 112 32 32 0.029211
1050 19 131 28 28 8.692126
1050 451 112 28 28 7.703689
1050 2 140 40 40 3.628252
1050 352 48 64 64 2.375284
1050 288 23 64 64 4.531386
1050 463 117 28 28 2.769866
1050 336 126 28 28 1.371416
1050 9 126 29 29 1.827674
1050 357 119 28 28 0.339523
1050 384 112 32 32 0.219411
1080 348 132 28 28 18.711038
1080 341 126 27 27 9.923227
1080 352 36 64 64 8.389981
1080 459 144 36 36 3.626853
1080 383 136 32 32 8.488108
1080 336 133 28 28 3.218122
1080 458 126 34 34 6.112995
1080 392 128 32 32 1.673299
1080 398 112 32 32 1.860108
1080 288 32 64 64 1.351714
1080 469 122 28 28 2.441900
1080 135 135 32 32 0.857810
1080 24 21 32 32 1.117196
1080 441 126 36 36 0.184068
1080 384 112 32 32 0.031493
1110 350 130 28 28 14.477809
1110 352 42 64 64 5.397789
1110 16 101 24 24 3.607092
1110 343 126 28 28 1.662678
1110 357 126 28 28 1.394441
1110 336 133 28 28 1.105047
1110 406 128 32 32 0.457685
1110 384 152 32 32 0.350895
1140 351 133 28 28 18.973360
1140 462 123 28 28 5.238529
1140 17 11 23 23 2.682787
1140 448 129 27 27 4.236403
1140 168 133 28 28 1.125110
1140 384 128 32 32 0.690099
1140 12 6 24 24 0.263405
1140 384 152 32 32 0.235607
1140 400 128 32 32 0.215219
1170 123 133 28 28 5.435232
1170 384 141 32 32 6.580090
1170 398 133 32 32 5.826164
1170 357 132 27 27 2.798547
1170 168 133 28 28 1.135224
1170 119 126 28 28 0.538172
1170 392 128 32 32 0.511063
1170 408 143 32 32 0.427103
1200 16 271 32 32 18.025744
1200 464 112 28 28 12.074627
1200 384 36 48 48 10.075210
1200 384 146 32 32 9.316231
1200 406 128 32 32 5.235253
1200 0 20 64 64 4.510880
1200 5 263 32 32 3.901993
1200 112 129 27 27 5.695381
1200 405 152 32 32 4.356298
1200 0 270 32 32 3.555046
1200 24 264 32 32 1.784519
1200 352 0 64 64 1.558460
1200 0 135 32 32 1.592166
1200 384 131 32 32 2.355939
1200 469 119 28 28 0.835039
1200 448 118 28 28 0.816835
1200 8 280 32 32 0.529345
1200 24 280 32 32 0.084531
1230 0 14 64 64 11.915652
1230 449 131 29 29 10.754843
1230 492 113 24 24 13.593210
1230 168 131 28 28 4.687487
1230 408 146 32 32 5.442351
1230 12 132 28 28 6.402218
1230 384 143 32 32 2.948646
1230 435 126 36 36 3.818256
1230 495 108 23 23 2.936516
1230 154 129 27 27 2.526601
1230 338 126 28 28 2.078873
1230 458 130 30 30 1.925274
1230 392 131 32 32 1.313795
1230 459 144 36 36 0.474818
1230 21 126 27 27 0.318131
1260 344 127 28 28 9.224745
1260 449 127 28 28 8.450526
1260 456 121 28 28 6.987031
1260 459 130 30 30 4.686713
1260 0 16 64 64 1.606719
1260 390 12 24 24 1.391738
1260 112 133 28 28 0.816769
1260 350 133 28 28 0.413639
1260 390 0 24 24 0.003393
1290 338 120 27 27 20.521719
1290 341 125 27 27 13.000882
1290 22 147 34 34 24.715431
1290 23 128 34 34 17.280302
1290 355 121 28 28 12.228897
1290 384 147 32 32 6.408122
1290 392 150 32 32 2.879980
1290 0 112 32 32 1.994577
1290 128 152 32 32 0.996852
1290 0 130 28 28 1.161016
1290 10 140 40 40 0.048477
1290 144 151 32 32 0.026761
1320 451 150 36 36 17.984465
1320 356 115 28 28 10.521519
1320 142 112 32 32 6.140197
1320 459 144 36 36 4.003871
1320 452 120 28 28 8.913893
1320 357 126 28 28 3.297394
1320 154 119 28 28 3.013851
1320 441 148 36 36 4.748078
1320 448 126 28 28 1.908050
1320 464 133 28 28 2.431258
1320 340 112 28 28 2.905856
1320 350 117 27 27 1.234481
1320 126 133 28 28 0.180537
1350 15 124 28 28 10.293400
1350 350 113 28 28 8.617770
1350 19 112 29 29 12.043667
1350 288 0 64 64 3.129437
1350 154 111 28 28 2.769966
1350 237 130 27 27 4.691289
1350 448 117 28 28 3.152168
1350 12 114 30 30 6.929515
1350 0 32 64 64 1.783141
1350 352 0 64 64 1.324825
1350 29 17 64 64 1.643734
1350 16 144 32 32 1.150569
1350 384 114 24 24 0.290407
1350 294 114 23 23 0.248971
1350 288 35 48 48 0.313742
1380 15 112 28 28 24.399752
1380 345 112 27 27 15.287375
1380 298 114 24 24 10.859469
1380 3 27 64 64 8.582803
1380 18 131 28 28 8.217573
1380 357 111 27 27 2.907765
1380 20 117 29 29 7.017265
1380 154 98 28 28 2.479748
1380 20 21 64 64 5.975733
1380 261 0 64 64 3.551953
1380 21 98 28 28 1.750687
1380 238 133 28 28 1.277427
1380 352 12 64 64 1.559775
1380 230 126 28 28 0.832698
1380 108 113 23 23 0.672766
1380 288 0 64 64 0.606347
1380 392 112 32 32 0.204510
1380 14 126 28 28 0.093687
1410 304 112 24 24 17.811902
1410 1 130 29 29 18.707579
1410 342 98 28 28 11.495286
1410 384 114 24 24 3.477182
1410 398 112 32 32 7.141488
1410 153 98 28 28 1.778868
1410 299 108 24 24 1.777168
1410 204 112 24 24 2.253355
1410 447 112 28 28 1.643845
1410 496 6 23 23 1.935120
1410 18 114 24 24 1.029365
1410 108 114 24 24 0.791864
1410 14 133 28 28 0.638996
1410 7 97 27 27 0.532621
1410 351 0 64 64 0.417577
1410 288 35 48 48 0.648922
1410 238 126 28 28 0.366625
1410 485 288 23 23 0.197413
1410 112 98 28 28 0.127875
1410 16 7 64 64 0.239866
1410 461 118 28 28 0.104546
1440 304 102 24 24 17.419905
1440 408 36 47 47 41.071386
1440 97 113 23 23 7.219485
1440 498 114 24 24 4.039419
1440 4 113 25 25 8.858402
1440 339 98 28 28 7.623457
1440 355 98 28 28 4.693955
1440 449 97 27 27 4.187105
1440 106 107 23 23 7.608957
1440 448 114 28 28 5.208756
1440 383 109 23 23 4.276215
1440 18 111 27 27 4.630415
1440 420 24 48 48 4.219142
1440 297 108 24 24 3.932263
1440 384 36 47 47 3.508672
1440 288 26 48 48 4.421222
1440 239 121 28 28 3.812038
1440 206 102 23 23 2.214538
1440 294 102 23 23 0.836641
1440 17 97 27 27 1.441256
1440 492 18 24 24 0.695154
1440 7 0 64 64 1.193651
1440 396 108 24 24 0.500214
1440 294 114 24 24 0.274054
1440 245 126 28 28 0.103435
1470 240 112 27 27 9.004770
1470 389 98 24 24 8.028484
1470 385 105 23 23 10.037348
1470 3 98 28 28 6.783177
1470 395 106 24 24 10.811168
1470 16 102 25 25 6.595508
1470 3 113 24 24 4.263945
1470 96 106 23 23 3.185442
1470 17 114 24 24 2.341739
1470 480 108 24 24 2.177228
1470 304 97 24 24 4.613365
1470 390 114 23 23 1.868102
1470 408 24 48 48 2.416012
1470 300 102 24 24 0.844714
1470 0 36 48 48 1.082432
1470 498 107 24 24 0.443222
1470 24 36 48 48 0.038818
1500 490 102 24 24 13.204159
1500 481 105 23 23 12.669474
1500 131 98 24 24 7.424557
1500 469 98 28 28 3.261057
1500 351 33 44 44 1.583542
1500 144 96 24 24 1.440087
1500 306 96 24 24 1.101756
1500 288 24 48 48 2.152924
1500 238 98 28 28 1.063317
1500 396 96 24 24 1.032814
1500 294 84 24 24 0.909051
1500 264 22 44 44 0.570546
1500 2 29 45 45 1.192719
1500 21 98 28 28 0.112452
1530 356 32 43 43 17.363879
1530 396 107 24 24 34.557223
1530 397 96 24 24 14.985447
1530 385 101 24 24 18.002818
1530 402 104 24 24 10.872780
1530 374 33 44 44 2.869632
1530 0 105 24 24 4.146252
1530 402 114 24 24 2.366117
1530 337 30 40 40 4.358700
1530 396 19 48 48 6.207882
1530 389 12 47 47 5.567142
1530 301 108 24 24 1.676982
1530 264 12 48 48 2.033880
1530 12 24 48 48 1.724952
1530 245 98 28 28 0.706439
1560 355 31 43 43 17.955524
1560 384 17 47 47 19.427130
1560 396 97 24 24 11.233733
1560 385 96 24 24 6.513898
1560 378 31 44 44 8.511555
1560 414 36 48 48 12.882770
1560 451 98 28 28 6.360659
1560 2 97 24 24 9.196699
1560 1 108 24 24 4.423579
1560 132 83 23 23 2.812615
1560 402 24 48 48 9.411322
1560 6 103 23 23 3.443944
1560 9 113 23 23 3.669187
1560 462 98 28 28 1.508278
1560 324 30 40 40 2.232314
1560 306 106 24 24 1.603531
1560 264 15 46 46 1.785780
1560 448 119 28 28 0.619422
1560 340 30 40 40 0.609741
1560 363 22 44 44 0.458972
1560 498 114 23 23 0.418899
1590 362 29 44 44 20.699697
1590 406 15 48 48 42.262120
1590 105 84 24 24 9.752196
1590 352 26 44 44 9.786960
1590 394 84 24 24 11.646459
1590 384 17 47 47 20.414443
1590 1 97 24 24 11.140756
1590 420 20 47 47 16.908904
1590 333 30 40 40 8.228882
1590 390 24 48 48 13.759694
1590 98 83 23 23 7.825262
1590 397 96 23 23 7.232332
1590 374 27 43 43 5.225749
1590 498 107 24 24 2.875583
1590 384 84 24 24 2.389499
1590 288 10 48 48 5.322154
1590 306 102 24 24 1.726992
1590 264 18 46 46 4.361344
1590 385 33 44 44 1.465716
1590 412 36 48 48 3.543734
1590 316 28 37 37 1.714276
1590 482 6 24 24 1.316288
1590 494 101 24 24 1.209168
1620 496 107 24 24 26.857275
1620 381 30 44 44 15.313019
1620 405 23 47 47 28.265216
1620 402 84 24 24 2.422414
1620 491 113 24 24 2.169665
1620 362 27 44 44 4.241126
1620 288 96 24 24 2.308630
1620 98 84 24 24 3.019849
1620 384 84 24 24 1.525748
1620 352 22 44 44 1.256290
1620 379 23 46 46 2.410468
1620 22 22 44 44 0.538341
1620 492 102 24 24 0.360093
1620 107 84 24 24 0.169570
1620 0 96 24 24 0.039445
1650 418 27 48 48 32.530630
1650 390 97 24 24 23.297539
1650 382 28 45 45 26.491460
1650 395 101 24 24 22.574494
1650 386 16 47 47 29.814415
1650 357 32 44 44 10.428526
1650 381 23 46 46 17.134556
1650 396 20 47 47 22.562619
1650 3 106 23 23 9.528323
1650 106 96 24 24 4.329102
1650 479 100 23 23 6.251723
1650 390 84 24 24 2.919518
1650 1 100 25 25 6.794182
1650 402 109 23 23 2.932554
1650 306 102 24 24 1.851179
1650 483 113 24 24 3.379679
1650 384 102 24 24 1.651763
1650 498 98 24 24 2.565410
1650 12 102 24 24 1.561434
1650 402 96 24 24 1.351377
1650 390 108 24 24 0.948054
1650 21 98 28 28 0.868580
1650 462 111 28 28 0.796795
1650 404 36 48 48 1.990696
1650 469 97 27 27 0.348072
1650 0 24 47 47 0.707859
1650 486 96 23 23 0.219891
1650 396 114 24 24 0.057052
1680 352 98 28 28 18.294506
1680 384 30 46 46 25.462762
1680 396 96 24 24 13.667198
1680 390 100 24 24 11.408437
1680 451 97 27 27 7.152746
1680 361 33 44 44 7.063208
1680 101 97 24 24 8.505447
1680 0 111 24 24 5.516641
1680 352 0 64 64 2.379883
1680 0 98 28 28 2.121477
1680 96 99 24 24 3.575057
1680 461 113 28 28 2.709681
1680 396 28 48 48 5.001870
1680 384 96 24 24 1.162761
1680 402 101 24 24 0.849612
1680 469 98 28 28 0.798506
1680 396 84 24 24 0.678384
1710 415 25 48 48 22.326274
1710 97 96 23 23 7.348915
1710 480 105 24 24 7.176418
1710 396 24 48 48 8.383342
1710 469 98 28 28 3.807135
1710 4 96 24 24 7.695510
1710 379 33 44 44 2.458162
1710 17 102 24 24 1.188142
1740 7 224 27 27 8.736477
1740 420 12 47 47 13.949860
1740 439 27 36 36 2.205400
1740 96 96 24 24 1.336943
1740 96 84 24 24 1.309361
1740 132 84 24 24 0.931875
1740 350 98 28 28 0.510538
1740 14 231 28 28 0.226776
1770 15 84 24 24 6.978759
1770 15 96 24 24 6.652359
1770 384 101 24 24 8.221940
1770 132 84 24 24 2.361390
1770 384 84 24 24 2.484781
1770 345 29 39 39 4.321673
1770 330 30 40 40 1.094159
1770 294 113 23 23 0.395458
1770 22 33 44 44 0.357788
1800 396 112 24 24 33.451390
1800 399 107 24 24 18.523278
1800 0 112 24 24 6.555418
1800 386 112 32 32 6.030706
1800 353 25 44 44 6.164915
1800 390 108 24 24 3.346266
1800 455 122 28 28 5.950209
1800 1 98 25 25 12.985458
1800 12 99 27 27 6.717897
1800 132 96 24 24 2.296299
1800 448 126 28 28 2.017915
1800 384 96 24 24 1.461864
1800 462 126 28 28 0.920808
1800 17 114 24 24 0.715479
1800 12 108 24 24 0.397872
1830 391 101 24 24 17.777251
1830 107 108 24 24 6.701251
1830 393 96 24 24 7.037336
1830 408 112 32 32 3.299881
1830 210 111 24 24 4.039197
1830 280 128 32 32 2.252887
1830 408 128 32 32 1.393343
1830 168 98 28 28 1.168496
1830 402 102 24 24 0.249996
1830 288 0 64 64 0.188187
1830 7 112 28 28 0.161313
