30 4 192 23 23 10.481318
30 453 143 36 36 6.468371
30 16 193 23 23 6.214053
30 11 192 43 43 4.785125
30 244 98 28 28 2.548547
30 176 198 44 44 1.571299
30 154 98 28 28 1.159918
30 24 24 42 42 1.353145
30 102 6 24 24 0.656265
30 395 210 24 24 0.437259
30 448 98 28 28 0.340958
30 192 12 48 48 0.151400
30 198 187 44 44 0.032549
60 4 192 23 23 9.656033
60 451 143 35 35 7.826507
60 17 193 23 23 4.956551
60 11 192 44 44 4.813579
60 245 98 28 28 2.015604
60 154 98 28 28 1.580784
60 176 198 44 44 1.083946
60 102 6 24 24 0.829650
60 96 198 24 24 0.349697
60 448 98 28 28 0.334874
60 192 12 48 48 0.176194
90 450 144 35 35 9.616352
90 8 142 37 37 5.265028
90 18 192 24 24 2.736902
90 3 192 24 24 3.076045
90 11 192 44 44 3.695471
90 154 98 28 28 1.033616
90 245 98 28 28 0.987984
90 102 6 24 24 0.853584
90 96 107 24 24 0.849671
90 27 34 46 46 1.232344
90 396 210 24 24 0.431504
90 264 152 32 32 0.012570
120 448 144 36 36 5.009160
120 10 193 44 44 6.215578
120 245 97 27 27 2.798532
120 394 208 24 24 4.665745
120 96 108 24 24 2.276410
120 373 154 44 44 3.688816
120 12 192 24 24 1.602769
120 179 194 44 44 4.061393
120 154 97 27 27 1.301431
120 448 98 28 28 0.992284
120 9 144 36 36 0.952385
120 198 162 36 36 0.951503
120 24 35 48 48 1.187712
120 0 192 24 24 0.081525
150 242 98 28 28 7.148124
150 336 127 28 28 7.316246
150 419 168 48 48 6.280274
150 357 128 28 28 3.935550
150 467 242 28 28 6.078044
150 12 190 44 44 4.818816
150 352 133 28 28 3.287735
150 0 98 28 28 1.856307
150 23 191 47 47 4.399643
150 462 240 28 28 2.663530
150 0 114 23 23 1.401367
150 455 245 28 28 0.930162
150 384 204 24 24 0.565345
150 30 30 40 40 0.567481
150 176 197 43 43 0.418058
150 154 98 28 28 0.063290
180 337 127 28 28 6.971461
180 241 98 28 28 6.595331
180 399 168 48 48 9.661708
180 320 140 40 40 3.303556
180 227 98 28 28 5.364204
180 19 35 47 47 8.764707
180 315 153 36 36 2.204987
180 154 98 28 28 1.797496
180 447 98 28 28 1.783710
180 216 168 48 48 2.782686
180 180 190 40 40 0.905272
180 241 177 42 42 1.444358
180 14 26 46 46 1.998195
180 198 0 44 44 0.570306
180 280 112 32 32 0.532567
180 198 176 44 44 0.164136
210 459 112 28 28 8.258329
210 451 112 27 27 7.510997
210 237 0 27 27 5.124045
210 192 0 47 47 6.782726
210 379 176 44 44 5.778912
210 228 97 27 27 4.111766
210 220 170 40 40 1.942283
210 370 153 43 43 2.495160
210 240 170 40 40 0.735812
210 6 118 28 28 0.084142
210 22 33 44 44 0.063357
240 355 154 43 43 11.925793
240 352 131 27 27 9.052112
240 12 18 60 60 7.597656
240 0 0 64 64 2.811442
240 241 97 27 27 5.018712
240 219 161 39 39 2.913025
240 336 126 28 28 1.597785
240 297 306 36 36 1.207952
240 168 111 27 27 1.186198
240 14 112 28 28 1.015903
240 374 154 44 44 0.933756
240 204 0 47 47 1.613082
240 0 119 28 28 0.793555
240 357 126 28 28 0.475383
240 350 170 40 40 0.369102
240 288 297 36 36 0.007182
270 193 109 23 23 17.356301
270 3 20 58 58 18.190878
270 196 112 24 24 17.222872
270 168 97 27 27 2.449643
270 384 210 24 24 2.327108
270 498 210 24 24 2.305756
270 33 10 51 51 4.701427
270 306 113 24 24 2.043227
270 348 160 40 40 1.864958
270 7 112 28 28 1.646808
270 132 203 24 24 1.500360
270 331 160 40 40 1.677889
270 216 162 36 36 0.912207
270 301 108 24 24 0.917766
300 199 103 24 24 16.900782
300 207 102 24 24 12.590623
300 132 196 23 23 6.004656
300 2 29 47 47 17.927615
300 206 108 24 24 4.326624
300 15 17 58 58 5.100411
300 12 32 47 47 8.351931
300 216 153 36 36 1.541568
300 300 106 24 24 1.777922
300 320 140 40 40 1.123029
300 448 126 28 28 1.061619
300 308 152 36 36 0.896025
300 441 162 36 36 0.580190
300 192 108 24 24 0.457189
330 448 133 28 28 5.713696
330 234 98 28 28 8.310662
330 132 193 24 24 5.159393
330 0 4 64 64 4.735784
330 224 97 27 27 2.527073
330 288 18 36 36 2.162221
330 192 6 24 24 1.452078
330 357 97 27 27 1.365956
330 220 140 40 40 1.262500
330 216 153 36 36 1.088465
330 28 34 48 48 4.048766
330 0 102 24 24 0.996363
330 306 144 36 36 0.437151
330 144 192 24 24 0.260421
360 12 97 24 24 23.586291
360 18 102 24 24 4.574951
360 4 99 25 25 11.468722
360 467 126 28 28 5.695275
360 1 97 24 24 8.503228
360 128 152 32 32 2.728283
360 16 6 64 64 3.798134
360 245 98 28 28 1.020584
360 33 24 56 56 2.305134
360 210 0 24 24 0.503886
360 216 144 36 36 0.416702
360 280 136 32 32 0.362228
360 96 18 24 24 0.318219
360 320 10 40 40 0.021466
390 17 96 24 24 9.466981
390 273 136 32 32 10.814051
390 4 95 24 24 9.459561
390 457 171 35 35 4.766803
390 136 143 32 32 7.255729
390 215 126 36 36 3.015671
390 384 112 32 32 2.301114
390 148 126 36 36 3.575835
390 288 102 23 23 1.461318
390 114 126 28 28 2.313661
390 14 119 28 28 1.179628
390 32 0 64 64 0.911982
390 198 126 36 36 0.740605
390 280 144 32 32 0.516138
420 198 126 36 36 7.593013
420 176 136 32 32 7.002859
420 129 135 32 32 7.565499
420 408 112 32 32 5.116543
420 192 136 32 32 4.676050
420 313 125 35 35 4.085599
420 47 16 64 64 4.640374
420 432 171 36 36 2.393933
420 408 24 32 32 1.427262
420 293 99 24 24 2.172145
420 336 133 28 28 0.333045
420 288 192 48 48 0.546030
420 48 48 64 64 0.123836
420 154 7 27 27 0.048482
450 453 98 28 28 7.014153
450 450 171 36 36 8.949211
450 179 139 39 39 4.982562
450 305 126 36 36 11.003684
450 192 130 32 32 6.078047
450 48 16 64 64 6.161219
450 401 204 24 24 6.814410
450 176 130 32 32 4.671233
450 434 26 36 36 3.626419
450 112 133 28 28 1.859661
450 413 0 48 48 6.083558
450 480 210 24 24 0.951935
450 336 133 28 28 0.930165
450 192 152 32 32 0.859948
450 128 128 32 32 0.847775
450 136 24 32 32 0.649180
450 336 97 27 27 0.166640
450 462 224 28 28 0.084007
450 198 102 24 24 0.074108
480 346 119 28 28 5.980208
480 431 166 36 36 4.733019
480 243 133 28 28 2.612050
480 384 192 24 24 1.880368
480 385 154 44 44 1.462762
480 48 23 64 64 2.806342
480 171 141 37 37 1.751612
480 440 162 36 36 1.215347
480 420 0 48 48 2.040074
480 350 112 28 28 0.369822
480 350 133 27 27 0.355948
480 224 133 28 28 0.190404
510 389 201 24 24 10.870883
510 394 194 24 24 9.164897
510 324 140 40 40 6.601886
510 337 140 40 40 7.673356
510 497 199 24 24 3.064062
510 384 199 23 23 3.077229
510 45 34 64 64 5.938294
510 154 133 28 28 2.084988
510 143 102 24 24 1.722809
510 402 198 24 24 1.292261
510 168 133 28 28 1.067847
510 32 40 64 64 1.895659
510 280 136 32 32 0.854599
510 176 152 32 32 0.682530
510 144 18 36 36 0.295457
510 0 152 32 32 0.036566
540 320 141 38 38 14.308830
540 303 145 36 36 7.914286
540 435 170 36 36 7.173382
540 312 153 36 36 4.719800
540 343 140 40 40 4.560320
540 144 108 24 24 2.875429
540 439 162 35 35 2.810075
540 145 18 36 36 2.268645
540 154 133 28 28 1.419316
540 396 198 24 24 0.703701
540 408 24 32 32 0.438646
540 385 154 44 44 0.246638
540 170 10 40 40 0.054764
570 296 145 35 35 19.650915
570 223 128 27 27 6.737323
570 402 192 24 24 3.255259
570 302 153 36 36 6.384040
570 147 26 36 36 4.929962
570 316 143 37 37 4.998653
570 339 140 40 40 6.062225
570 144 108 24 24 2.555494
570 432 126 36 36 1.753389
570 388 192 24 24 2.117737
570 280 152 32 32 1.497221
570 374 154 44 44 1.147313
570 48 48 64 64 0.613871
570 408 24 32 32 0.050073
570 392 144 32 32 0.017964
600 278 149 32 32 14.975178
600 344 140 40 40 8.444429
600 318 141 38 38 5.718582
600 257 144 32 32 3.830200
600 147 27 36 36 5.149012
600 270 144 32 32 3.533096
600 288 144 36 36 2.731433
600 264 149 32 32 2.448058
600 224 127 28 28 2.418657
600 144 114 24 24 1.145256
600 306 144 36 36 1.137548
600 170 20 40 40 0.037487
630 258 146 32 32 26.983831
630 402 130 32 32 26.495030
630 263 150 32 32 31.508640
630 402 145 32 32 15.802637
630 408 139 32 32 11.940727
630 274 144 32 32 8.515381
630 280 148 32 32 6.933463
630 286 144 34 34 8.325957
630 148 27 36 36 5.614708
630 317 142 37 37 5.159612
630 144 114 24 24 2.616318
630 392 138 32 32 3.135961
630 333 140 40 40 3.213413
630 408 152 32 32 1.859943
630 288 126 36 36 1.500896
630 306 126 36 36 0.977732
630 392 148 32 32 1.793755
630 170 20 40 40 0.480964
630 336 98 28 28 0.419197
660 384 137 32 32 14.498318
660 148 27 36 36 6.832998
660 280 148 32 32 5.675782
660 264 144 32 32 5.861953
660 288 126 36 36 2.377698
660 297 144 36 36 4.380700
660 305 126 36 36 2.156048
660 144 113 24 24 1.634397
660 386 152 32 32 2.354382
660 336 98 28 28 1.575020
660 305 148 35 35 2.531193
660 170 20 40 40 0.742151
660 256 152 32 32 0.632979
660 350 98 28 28 0.187423
690 341 140 40 40 4.679219
690 384 136 32 32 8.393994
690 271 144 32 32 7.809055
690 147 27 36 36 5.409648
690 144 114 24 24 2.605345
690 288 126 36 36 2.425888
690 280 139 32 32 3.797253
690 336 98 28 28 2.227787
690 256 141 32 32 2.402037
690 349 97 27 27 1.411724
690 170 20 40 40 0.710996
690 392 144 32 32 0.291229
690 288 144 36 36 0.229370
690 280 152 32 32 0.050533
690 216 126 36 36 0.047785
720 336 140 40 40 13.305739
720 265 144 32 32 10.190132
720 148 27 36 36 4.572108
720 336 98 28 28 1.499698
720 215 126 36 36 1.498661
720 144 114 24 24 1.490614
720 276 136 32 32 1.075625
720 37 48 64 64 0.979409
720 400 128 32 32 0.326085
720 350 97 27 27 0.084675
750 355 132 27 27 7.095454
750 271 143 32 32 10.829665
750 150 27 36 36 5.442884
750 216 126 36 36 3.638201
750 144 114 24 24 2.932344
750 406 128 32 32 2.519357
750 265 151 32 32 2.295725
750 340 140 40 40 1.236443
750 256 144 32 32 1.229581
750 384 288 24 24 0.998987
750 48 48 64 64 0.770152
750 280 136 32 32 0.377746
780 354 133 28 28 11.363469
780 155 27 36 36 8.978221
780 262 145 32 32 12.924761
780 285 145 34 34 7.278256
780 144 114 24 24 3.115591
780 274 149 32 32 6.873175
780 352 20 64 64 3.828222
780 215 126 36 36 2.440197
780 432 17 36 36 2.513773
780 176 1 43 43 1.386410
780 340 140 40 40 0.539736
780 279 136 32 32 0.463213
780 144 83 23 23 0.449774
780 178 16 41 41 0.638857
780 407 128 32 32 0.165798
810 270 136 32 32 20.840157
810 256 138 32 32 7.543139
810 386 128 32 32 5.197958
810 294 144 36 36 4.433307
810 264 144 32 32 2.500091
810 282 144 33 33 3.631977
810 192 128 32 32 2.137788
810 288 126 36 36 2.100137
810 315 149 36 36 3.309153
810 102 95 24 24 1.299961
810 320 140 40 40 1.238353
810 206 192 23 23 2.304317
810 198 18 36 36 1.122697
810 100 84 24 24 1.172229
810 404 142 32 32 1.608661
810 260 127 32 32 0.947826
810 216 27 36 36 0.337054
810 392 136 32 32 0.066235
840 231 131 28 28 21.248767
840 297 126 36 36 17.445143
840 238 129 28 28 11.149120
840 207 101 24 24 7.446089
840 224 129 28 28 6.532746
840 315 126 36 36 3.603925
840 280 131 32 32 6.823305
840 119 132 27 27 1.375872
840 281 32 64 64 1.604734
840 204 108 23 23 0.805423
840 350 21 27 27 0.681059
840 264 24 32 32 0.289423
840 350 140 40 40 0.234763
840 350 133 28 28 0.144024
840 256 32 64 64 0.129713
870 399 150 32 32 18.158630
870 310 126 36 36 10.171706
870 492 103 23 23 18.350667
870 242 125 28 28 10.274309
870 448 127 28 28 11.224999
870 231 124 28 28 15.694700
870 498 105 24 24 7.412325
870 198 154 44 44 3.183798
870 292 126 36 36 5.660742
870 216 126 36 36 1.823093
870 300 114 24 24 1.928748
870 218 170 38 38 3.180030
870 192 136 32 32 1.302148
870 350 140 40 40 0.525933
870 0 144 32 32 0.413417
870 198 126 36 36 0.404014
870 224 119 28 28 0.185195
870 238 119 28 28 0.115245
870 448 111 28 28 0.056071
900 401 113 24 24 4.795069
900 310 126 36 36 7.619801
900 408 152 32 32 3.848050
900 240 126 28 28 5.037179
900 444 171 36 36 2.913486
900 219 140 39 39 1.721966
900 459 132 27 27 2.008021
900 357 119 28 28 1.188210
900 384 153 43 43 1.201682
900 297 126 36 36 1.130029
900 18 84 24 24 1.099553
900 208 168 45 45 3.043112
900 220 175 40 40 1.867716
900 297 0 36 36 0.840061
900 399 144 32 32 0.752692
900 0 144 32 32 0.389913
900 448 133 28 28 0.123689
900 288 48 64 64 0.001602
930 311 126 36 36 6.728961
930 16 96 24 24 4.260335
930 8 95 23 23 3.456971
930 352 48 64 64 2.043417
930 245 128 28 28 3.016144
930 288 114 24 24 1.577910
930 448 21 28 28 1.044147
930 288 48 64 64 0.785453
930 300 0 24 24 0.693216
930 144 96 24 24 0.434393
930 220 173 40 40 0.607027
930 315 0 36 36 0.325947
930 440 158 35 35 0.045549
930 0 30 40 40 0.029039
960 315 126 36 36 5.553598
960 144 96 24 24 4.749613
960 286 48 64 64 4.730741
960 2 102 24 24 4.532909
960 288 144 36 36 2.284422
960 324 140 40 40 2.491673
960 256 128 32 32 1.339549
960 363 154 44 44 1.211209
960 344 140 40 40 1.185307
960 288 0 24 24 0.548077
960 400 280 32 32 0.532655
960 295 126 36 36 0.394321
960 132 96 23 23 0.199834
960 245 133 28 28 0.111239
960 0 29 40 40 0.013800
990 384 154 44 44 5.427755
990 283 48 64 64 5.337234
990 291 144 36 36 5.812490
990 17 97 26 26 8.171044
990 315 150 36 36 4.414207
990 463 98 28 28 4.475270
990 329 140 40 40 8.355419
990 144 99 24 24 4.868686
990 360 154 44 44 4.616414
990 480 103 24 24 4.458609
990 227 21 27 27 2.936859
990 306 144 36 36 1.262840
990 384 192 24 24 1.236225
990 455 14 28 28 1.203149
990 0 108 24 24 0.919963
990 280 136 32 32 0.809525
990 315 126 36 36 0.373370
990 36 168 48 48 0.559610
990 480 113 24 24 0.212008
990 132 95 24 24 0.019511
1020 382 154 44 44 7.050235
1020 490 101 24 24 18.992904
1020 306 151 36 36 20.059407
1020 231 19 28 28 8.220531
1020 318 141 38 38 5.531002
1020 18 98 28 28 5.400081
1020 485 108 23 23 3.596140
1020 485 96 24 24 3.500507
1020 297 192 24 24 4.247760
1020 132 98 24 24 4.338850
1020 402 192 24 24 2.299689
1020 491 114 24 24 1.668088
1020 497 105 24 24 2.585338
1020 288 48 64 64 1.481303
1020 455 98 28 28 1.298100
1020 352 154 44 44 0.820247
1020 288 153 36 36 0.676837
1020 315 162 36 36 0.282476
1020 224 14 28 28 0.260891
1020 0 27 36 36 0.118544
1050 490 97 23 23 25.135502
1050 277 151 32 32 10.224732
1050 484 102 23 23 6.816401
1050 313 151 36 36 12.694022
1050 324 140 40 40 6.043930
1050 16 204 23 23 6.953393
1050 239 8 28 28 6.514740
1050 243 12 28 28 6.397818
1050 158 161 37 37 7.027456
1050 0 165 36 36 3.545852
1050 144 96 24 24 1.865546
1050 273 144 32 32 2.200934
1050 352 48 64 64 1.280622
1050 14 209 24 24 2.373039
1050 294 112 24 24 1.475493
1050 6 204 24 24 0.570959
1050 392 128 32 32 0.454998
1050 290 108 24 24 0.683984
1050 363 153 43 43 0.375106
1050 0 12 46 46 0.676870
1050 340 160 40 40 0.207084
1050 480 96 24 24 0.200877
1050 24 24 32 32 0.001653
1080 3 6 46 46 49.175858
1080 435 168 35 35 19.100680
1080 8 25 41 41 26.973478
1080 324 140 40 40 7.557335
1080 337 139 39 39 9.056093
1080 300 104 24 24 5.532172
1080 303 108 23 23 5.286025
1080 385 154 44 44 2.970936
1080 17 15 44 44 13.063246
1080 441 162 36 36 2.640277
1080 288 147 35 35 3.566340
1080 408 128 32 32 1.813048
1080 245 5 28 28 2.185698
1080 390 196 24 24 2.612013
1080 29 29 40 40 1.413799
1080 111 237 28 28 1.292021
1080 272 24 32 32 1.043993
1080 315 162 36 36 0.896923
1080 352 48 64 64 0.754986
1080 0 96 24 24 0.781907
1080 350 160 40 40 0.629104
1080 486 0 24 24 0.538288
1080 160 30 40 40 0.417499
1080 396 194 24 24 0.779812
1080 401 198 24 24 0.346149
1080 224 245 28 28 0.047763
1110 3 5 46 46 47.064703
1110 4 18 44 44 37.285187
1110 341 139 39 39 12.259692
1110 445 171 36 36 6.236191
1110 306 107 23 23 3.514035
1110 17 14 45 45 13.731826
1110 280 24 32 32 2.871310
1110 450 162 36 36 2.543737
1110 320 180 40 40 2.331863
1110 23 27 41 41 6.242442
1110 288 147 36 36 3.772263
1110 325 160 40 40 3.811087
1110 9 83 23 23 3.697539
1110 383 200 23 23 3.228642
1110 288 18 24 24 1.778277
1110 400 202 24 24 4.390407
1110 305 152 36 36 1.195246
1110 396 198 24 24 0.961397
1110 303 192 24 24 1.611967
1110 495 0 24 24 1.355638
1110 384 172 45 45 1.174953
1110 350 160 40 40 0.565105
1110 300 114 24 24 0.530963
1110 176 181 44 44 0.780651
1110 0 96 24 24 0.277964
1110 288 102 24 24 0.232581
1110 18 144 36 36 0.085619
1140 8 10 46 46 82.720891
1140 4 22 42 42 19.324327
1140 23 25 40 40 20.573351
1140 194 96 24 24 8.657548
1140 290 150 36 36 8.031747
1140 28 13 45 45 13.839303
1140 12 84 24 24 3.455257
1140 385 204 23 23 10.746255
1140 333 161 39 39 6.553090
1140 345 160 40 40 5.517911
1140 347 140 40 40 3.681513
1140 256 0 32 32 2.745001
1140 305 194 24 24 4.298345
1140 280 16 32 32 1.398890
1140 288 108 24 24 0.953587
1140 224 231 28 28 0.910971
1140 105 84 24 24 1.008501
1140 192 209 24 24 0.590777
1140 198 102 24 24 0.546219
1140 256 144 32 32 0.301783
1170 9 11 45 45 78.900623
1170 20 26 40 40 35.493930
1170 3 20 42 42 12.994553
1170 345 160 40 40 7.679578
1170 28 17 43 43 18.780506
1170 333 162 39 39 10.014164
1170 289 151 36 36 8.058026
1170 385 208 24 24 6.566147
1170 256 0 32 32 3.036934
1170 453 226 27 27 4.513531
1170 290 107 23 23 4.096185
1170 193 96 24 24 2.760156
1170 404 168 48 48 6.039264
1170 305 195 24 24 3.552099
1170 11 83 23 23 1.676161
1170 297 162 36 36 0.992237
1170 12 294 24 24 0.890405
1170 224 237 28 28 0.864234
1170 320 170 40 40 0.298498
1170 350 140 40 40 0.289416
1170 23 0 47 47 0.377250
1170 498 0 24 24 0.128833
1200 10 19 44 44 75.569087
1200 256 0 32 32 6.265961
1200 28 26 40 40 15.217240
1200 323 162 39 39 10.312525
1200 22 13 43 43 16.686352
1200 291 160 36 36 8.632406
1200 345 159 40 40 5.812452
1200 3 30 45 45 8.054764
1200 194 102 24 24 4.965142
1200 401 207 24 24 4.805596
1200 388 169 47 47 8.267720
1200 402 168 48 48 6.582344
1200 306 196 24 24 2.065197
1200 12 84 24 24 0.590171
1200 280 24 32 32 0.471445
1200 448 231 28 28 0.368217
1200 233 6 28 28 0.388944
1200 306 162 36 36 0.154637
1230 9 20 45 45 82.739020
1230 28 27 41 41 17.510804
1230 255 1 32 32 6.214012
1230 0 27 46 46 9.877768
1230 383 182 43 43 7.082960
1230 24 15 43 43 11.387228
1230 337 160 40 40 3.776067
1230 380 170 46 46 7.239285
1230 305 199 23 23 3.488901
1230 323 160 40 40 2.973879
1230 305 166 36 36 3.385644
1230 192 102 23 23 1.461294
1230 392 208 24 24 3.265413
1230 264 8 32 32 0.937176
1230 289 162 36 36 1.020741
1230 231 7 28 28 0.807709
1230 280 24 32 32 0.794493
1230 330 140 40 40 0.537166
1230 402 210 23 23 0.448430
1230 315 171 36 36 0.376337
1260 8 20 46 46 82.286313
1260 1 28 43 43 12.084337
1260 20 28 44 44 24.335480
1260 373 185 44 44 4.423111
1260 256 3 32 32 6.046310
1260 307 167 36 36 6.815927
1260 10 95 24 24 3.397179
1260 192 103 24 24 3.488484
1260 402 210 24 24 2.024486
1260 292 162 36 36 3.969863
1260 26 20 45 45 8.200922
1260 324 160 40 40 3.085088
1260 195 107 24 24 2.245444
1260 264 8 32 32 1.134062
1260 231 7 28 28 1.004973
1260 280 24 32 32 0.987930
1260 305 202 24 24 1.459587
1260 340 160 40 40 0.748471
1260 280 152 32 32 0.743620
1260 379 176 43 43 1.191893
1260 301 199 24 24 1.044667
1290 5 23 46 46 40.623869
1290 307 167 36 36 8.887198
1290 12 12 47 47 7.900676
1290 24 29 45 45 7.831477
1290 374 186 44 44 3.454005
1290 323 160 39 39 6.699427
1290 257 4 32 32 7.594244
1290 292 161 36 36 6.238682
1290 340 160 40 40 2.751312
1290 402 210 24 24 2.349024
1290 0 108 24 24 2.299323
1290 154 98 28 28 1.794340
1290 180 170 40 40 1.786722
1290 303 203 24 24 3.298760
1290 12 96 24 24 1.201259
1290 231 7 28 28 0.603116
1290 280 24 32 32 0.601778
1290 302 197 24 24 0.987648
1290 385 175 44 44 0.386952
1290 293 153 36 36 0.409474
1290 198 171 36 36 0.063864
1320 257 5 32 32 9.790891
1320 376 189 44 44 9.670351
1320 330 160 40 40 12.558387
1320 5 27 47 47 23.203910
1320 291 162 36 36 6.303360
1320 309 171 36 36 5.485995
1320 305 207 23 23 5.373744
1320 154 98 28 28 2.210493
1320 227 7 27 27 3.592833
1320 349 160 40 40 1.565193
1320 22 33 44 44 1.120847
1320 306 192 24 24 0.999810
1320 385 176 44 44 0.997578
1320 299 205 24 24 0.629853
1320 198 108 24 24 0.081607
1320 320 170 40 40 0.056874
1350 340 161 39 39 16.681965
1350 3 32 47 47 22.851361
1350 260 8 32 32 8.047004
1350 384 192 46 46 15.309914
1350 8 27 47 47 23.250625
1350 226 6 28 28 5.982893
1350 346 170 40 40 5.011863
1350 288 168 36 36 4.671135
1350 317 170 37 37 5.518242
1350 329 170 40 40 6.709530
1350 306 210 24 24 1.819343
1350 238 7 28 28 1.751391
1350 96 110 23 23 3.462853
1350 0 154 44 44 1.312902
1350 256 0 32 32 1.003161
1350 154 98 28 28 0.752749
1350 320 160 40 40 0.732913
1350 14 224 28 28 0.688063
1350 160 164 40 40 1.198374
1350 24 36 48 48 1.043938
1350 204 114 24 24 0.171660
1380 232 0 28 28 14.042830
1380 412 193 48 48 22.678074
1380 354 155 42 42 11.384879
1380 245 0 28 28 5.153893
1380 15 22 47 47 23.800204
1380 267 0 32 32 8.334253
1380 341 168 40 40 12.022765
1380 460 242 28 28 5.828784
1380 101 103 24 24 6.704372
1380 297 162 36 36 2.123417
1380 160 164 38 38 2.541063
1380 240 140 40 40 1.512563
1380 270 7 32 32 1.912375
1380 408 168 48 48 2.853260
1380 320 164 40 40 2.455899
1380 12 210 24 24 0.864551
1380 288 18 36 36 0.779200
1380 455 238 27 27 0.399529
1380 96 108 24 24 0.373636
1380 330 180 40 40 0.237384
1380 306 171 36 36 0.195810
1380 256 152 32 32 0.160587
1380 168 98 28 28 0.034407
1380 0 171 36 36 0.004592
1410 16 16 47 47 44.271674
1410 19 27 46 46 35.546579
1410 292 17 24 24 10.016621
1410 288 14 24 24 8.936781
1410 34 18 46 46 13.351276
1410 480 18 24 24 3.624825
1410 347 177 40 40 8.472926
1410 297 8 34 34 6.614683
1410 96 102 23 23 2.930810
1410 1 107 24 24 3.836628
1410 368 154 44 44 4.863657
1410 330 177 40 40 3.153580
1410 337 170 40 40 2.899602
1410 469 20 28 28 2.228043
1410 350 133 28 28 1.769101
1410 162 144 38 38 3.244591
1410 336 112 28 28 1.472953
1410 12 102 24 24 1.486014
1410 276 0 32 32 1.949555
1410 204 192 24 24 1.074639
1410 180 190 40 40 0.950973
1410 108 102 24 24 0.559448
1410 352 154 44 44 0.535836
1410 153 153 35 35 0.494494
1440 25 11 46 46 69.977838
1440 29 30 42 42 12.638130
1440 295 17 24 24 8.660762
1440 298 7 24 24 13.375145
1440 342 179 40 40 12.281251
1440 346 170 40 40 5.213351
1440 487 7 24 24 6.151497
1440 306 6 30 30 7.017701
1440 36 0 48 48 6.384586
1440 96 95 24 24 3.165181
1440 290 0 24 24 5.137272
1440 384 114 24 24 2.845646
1440 490 10 24 24 4.976426
1440 306 155 35 35 2.866601
1440 153 171 36 36 1.063147
1440 162 153 36 36 0.782635
1440 107 96 24 24 0.639593
1440 357 224 28 28 0.579261
1440 357 129 28 28 0.966559
1440 343 112 28 28 0.481325
1470 30 18 45 45 69.334160
1470 29 3 46 46 38.537946
1470 304 9 25 25 19.001478
1470 296 17 24 24 8.623796
1470 298 156 36 36 10.372578
1470 299 7 24 24 16.056663
1470 293 2 24 24 8.238723
1470 22 29 45 45 6.226173
1470 415 168 48 48 12.170904
1470 493 7 24 24 7.359024
1470 15 11 46 46 9.445211
1470 495 10 23 23 6.425548
1470 333 181 40 40 3.735225
1470 336 98 28 28 2.117487
1470 108 96 23 23 1.397866
1470 350 180 40 40 0.890697
1470 357 227 27 27 1.392026
1470 492 102 24 24 0.701237
1470 336 112 28 28 0.429109
1470 448 238 28 28 0.286981
1470 340 170 40 40 0.227797
1470 306 162 36 36 0.199129
1470 486 12 24 24 0.074540
1500 27 14 46 46 72.364464
1500 415 167 47 47 21.656562
1500 29 27 45 45 35.760463
1500 493 12 24 24 10.358685
1500 304 11 26 26 16.022623
1500 96 96 24 24 3.707472
1500 296 5 24 24 6.688189
1500 296 160 35 35 8.985495
1500 384 172 46 46 9.730743
1500 297 18 24 24 4.231889
1500 396 168 48 48 4.653240
1500 289 0 24 24 2.519976
1500 291 153 35 35 3.441326
1500 36 0 48 48 3.747068
1500 161 149 37 37 3.087645
1500 448 226 28 28 2.485409
1500 314 160 35 35 1.943235
1500 315 6 36 36 2.182244
1500 306 196 24 24 3.229170
1500 12 24 48 48 1.601190
1530 29 19 46 46 76.511744
1530 22 26 45 45 25.909895
1530 304 16 24 24 14.407426
1530 300 13 24 24 15.853346
1530 96 96 24 24 4.337548
1530 293 8 24 24 7.802935
1530 492 14 23 23 7.720815
1530 363 184 44 44 13.291370
1530 304 164 36 36 8.449602
1530 292 197 24 24 5.449855
1530 381 172 45 45 9.235577
1530 272 144 32 32 2.925690
1530 459 126 35 35 2.902492
1530 391 168 48 48 9.388808
1530 385 181 44 44 5.220957
1530 12 14 47 47 6.183884
1530 396 192 48 48 3.981246
1530 288 194 24 24 4.002790
1530 288 0 24 24 1.934990
1530 18 84 24 24 1.469703
1530 297 171 36 36 1.371553
1530 498 15 24 24 2.568782
1530 493 108 24 24 1.733168
1530 485 18 24 24 1.125192
1530 162 156 36 36 1.756120
1530 288 162 36 36 1.041930
1530 108 102 24 24 0.925207
1530 143 288 24 24 0.831083
1530 352 176 44 44 0.519596
1530 320 160 40 40 0.454166
1530 280 152 32 32 0.382796
1530 315 9 36 36 0.077204
1560 29 19 46 46 78.699330
1560 22 26 45 45 28.866568
1560 417 193 47 47 19.146526
1560 304 16 24 24 14.009711
1560 341 188 40 40 16.370187
1560 454 244 28 28 9.710192
1560 493 109 23 23 13.170840
1560 300 13 23 23 14.717625
1560 96 96 24 24 4.028486
1560 492 14 23 23 8.269941
1560 305 193 24 24 6.001148
1560 294 8 24 24 6.341810
1560 498 114 24 24 3.175251
1560 12 15 48 48 8.257158
1560 350 179 41 41 3.928559
1560 295 156 36 36 4.157765
1560 291 160 36 36 3.781019
1560 497 15 24 24 3.011810
1560 225 98 28 28 2.191550
1560 486 18 24 24 1.545233
1560 395 144 32 32 2.568762
1560 498 101 24 24 1.270093
1560 18 84 24 24 1.071963
1560 306 162 36 36 0.826604
1560 108 102 24 24 0.715216
1560 288 0 24 24 0.607959
1560 144 288 24 24 0.556057
1560 419 168 48 48 0.809570
1560 408 147 32 32 0.683924
1560 400 152 32 32 0.329715
1560 306 204 24 24 0.073911
1590 29 19 46 46 79.531821
1590 22 26 45 45 30.960053
1590 304 16 24 24 13.233723
1590 455 97 27 27 6.370219
1590 362 184 44 44 15.386009
1590 493 110 23 23 9.166625
1590 300 13 24 24 14.172279
1590 355 179 44 44 11.307132
1590 96 96 24 24 4.073573
1590 493 14 24 24 7.524974
1590 294 8 23 23 6.300323
1590 11 16 47 47 9.860596
1590 374 176 44 44 2.711498
1590 497 15 24 24 2.713147
1590 17 84 24 24 1.158840
1590 485 18 24 24 1.151968
1590 291 192 24 24 1.520123
1590 108 102 24 24 0.903846
1590 144 288 24 24 0.871950
1590 498 113 23 23 0.701621
1590 288 0 24 24 0.543863
1590 288 153 36 36 0.372677
1590 384 128 32 32 0.129001
1620 29 19 46 46 80.160112
1620 22 26 45 45 31.070127
1620 304 16 24 24 14.736334
1620 300 13 23 23 16.119295
1620 417 168 48 48 11.038238
1620 493 14 24 24 9.125722
1620 294 8 24 24 7.162973
1620 96 96 24 24 3.851863
1620 12 16 48 48 10.267452
1620 469 126 28 28 2.599425
1620 300 170 35 35 4.425823
1620 256 152 32 32 1.972710
1620 486 18 23 23 1.950554
1620 18 84 24 24 1.805820
1620 498 15 24 24 3.442437
1620 350 231 28 28 1.905041
1620 144 288 24 24 1.372460
1620 288 0 24 24 0.865110
1620 492 108 24 24 0.742283
1620 108 102 23 23 0.686078
1620 315 9 36 36 0.398975
1620 162 153 36 36 0.131003
1620 198 210 24 24 0.113065
1620 294 18 24 24 0.047204
1650 29 19 46 46 78.533997
1650 21 25 46 46 31.791450
1650 467 133 28 28 7.250983
1650 303 16 24 24 12.898431
1650 96 98 24 24 7.609587
1650 492 16 24 24 10.829369
1650 299 12 24 24 10.066120
1650 294 6 24 24 2.929910
1650 336 119 28 28 2.795157
1650 420 197 47 47 9.107838
1650 457 133 28 28 3.808096
1650 455 245 28 28 2.110023
1650 12 12 48 48 4.066680
1650 18 83 23 23 1.919425
1650 296 164 35 35 2.324469
1650 144 289 24 24 2.007133
1650 497 12 24 24 1.184158
1650 291 170 36 36 1.769442
1650 300 198 24 24 0.773870
1650 108 102 24 24 0.572059
1650 320 160 40 40 0.223252
1680 29 19 46 46 77.856508
1680 304 16 24 24 15.012859
1680 22 26 45 45 27.741007
1680 288 193 24 24 9.775674
1680 300 13 23 23 15.657791
1680 375 186 44 44 8.686615
1680 493 13 24 24 8.345843
1680 303 198 24 24 9.272404
1680 294 8 24 24 6.785540
1680 450 125 27 27 7.795638
1680 96 96 24 24 3.503375
1680 291 161 36 36 5.576966
1680 11 15 48 48 7.945380
1680 467 124 28 28 6.109830
1680 294 196 24 24 4.063520
1680 298 192 24 24 4.297643
1680 158 153 36 36 3.177892
1680 400 112 32 32 1.663187
1680 17 84 24 24 1.556360
1680 497 18 24 24 1.531533
1680 492 114 24 24 1.436093
1680 485 18 24 24 1.111760
1680 144 288 24 24 1.106753
1680 288 0 24 24 0.877305
1680 108 102 24 24 0.842851
1680 315 9 36 36 0.161195
1680 455 119 27 27 0.136087
1680 300 204 24 24 0.015882
1680 306 0 36 36 0.014059
1710 29 19 46 46 76.331256
1710 22 25 45 45 27.717193
1710 304 15 24 24 15.149743
1710 447 243 28 28 7.497089
1710 399 112 32 32 5.533978
1710 300 13 24 24 15.780667
1710 407 194 47 47 27.247244
1710 493 13 24 24 9.191159
1710 294 8 24 24 6.820970
1710 288 193 24 24 6.560948
1710 493 194 24 24 9.502609
1710 336 120 28 28 4.158146
1710 96 96 24 24 3.478970
1710 12 15 48 48 8.803252
1710 491 204 24 24 6.710104
1710 293 196 24 24 6.190525
1710 385 112 32 32 3.136041
1710 498 15 23 23 3.641310
1710 357 124 28 28 2.254587
1710 498 200 24 24 3.442090
1710 347 188 41 41 4.305962
1710 486 18 24 24 1.362338
1710 108 102 24 24 0.757717
1710 352 119 28 28 1.099526
1710 315 9 36 36 0.602028
1710 288 0 24 24 0.567569
1710 18 84 24 24 0.412426
1710 396 204 48 48 0.749424
1710 486 198 24 24 0.361632
1710 420 204 48 48 0.375886
1710 306 0 36 36 0.094943
1740 26 16 47 47 56.254097
1740 28 27 46 46 34.523778
1740 304 16 24 24 14.803321
1740 300 12 24 24 11.021754
1740 493 14 23 23 9.484061
1740 96 98 24 24 7.356429
1740 294 8 24 24 6.591874
1740 365 188 43 43 7.412983
1740 384 112 32 32 3.442980
1740 450 124 28 28 8.204769
1740 335 124 28 28 6.609716
1740 12 19 48 48 9.067634
1740 288 193 24 24 4.141199
1740 497 15 23 23 3.946378
1740 486 18 24 24 2.243787
1740 105 102 24 24 4.115196
1740 356 229 28 28 2.710503
1740 315 126 36 36 0.744443
1740 498 84 24 24 0.557614
1740 385 187 44 44 0.400603
1740 288 0 24 24 0.370588
1740 315 9 36 36 0.230249
1740 330 190 40 40 0.210925
1740 294 18 24 24 0.204383
1770 28 16 47 47 43.325924
1770 29 26 46 46 32.313076
1770 97 100 23 23 12.370276
1770 493 18 23 23 9.537398
1770 303 16 25 25 9.532335
1770 298 13 23 23 11.009443
1770 104 107 23 23 5.214819
1770 159 159 36 36 8.116552
1770 108 104 24 24 5.000829
1770 342 113 27 27 6.654300
1770 338 117 28 28 5.460571
1770 493 109 24 24 4.637957
1770 349 118 28 28 7.050486
1770 293 6 23 23 1.385069
1770 357 133 28 28 1.191136
1770 498 12 24 24 1.060276
1770 357 112 28 28 0.846855
1770 358 175 44 44 1.091661
1770 198 198 24 24 0.639152
1770 331 189 40 40 0.670304
1770 498 102 24 24 0.534479
1770 17 107 24 24 0.174866
1770 350 190 40 40 0.095477
1770 343 126 28 28 0.070473
1770 357 237 28 28 0.066277
1800 304 15 25 25 12.501404
1800 337 121 28 28 11.412052
1800 96 100 24 24 8.603428
1800 28 16 47 47 27.378640
1800 29 26 46 46 23.721659
1800 299 13 23 23 13.437469
1800 194 198 24 24 6.497548
1800 495 17 23 23 6.157967
1800 160 158 36 36 5.007210
1800 311 9 36 36 4.354485
1800 288 171 36 36 2.422231
1800 455 232 27 27 4.830820
1800 412 168 48 48 6.424788
1800 106 104 24 24 4.153211
1800 294 5 24 24 1.575790
1800 449 235 27 27 2.897694
1800 469 123 27 27 1.727825
1800 102 105 24 24 2.054506
1800 196 204 24 24 1.310987
1800 320 190 40 40 0.813870
1800 198 192 24 24 0.761948
1800 162 144 36 36 0.724764
1800 18 108 24 24 0.662072
1800 300 192 24 24 0.628604
1800 408 192 48 48 0.842616
1800 340 190 40 40 0.327348
1800 153 153 36 36 0.149156
1800 462 238 28 28 0.023082
1830 30 19 47 47 55.653832
1830 313 5 36 36 11.179514
1830 96 98 24 24 10.447635
1830 304 15 25 25 11.476410
1830 159 153 36 36 5.116681
1830 33 169 47 47 10.491555
1830 192 195 24 24 6.891639
1830 104 101 24 24 5.138196
1830 300 11 24 24 8.061330
1830 497 13 24 24 4.294125
1830 462 127 31 31 7.144473
1830 195 193 24 24 6.283795
1830 306 3 35 35 3.762709
1830 288 171 36 36 2.472697
1830 176 152 32 32 2.144846
1830 384 112 32 32 2.015377
1830 22 32 44 44 1.214073
1830 154 162 36 36 1.079906
1830 192 152 32 32 0.717880
1830 288 0 23 23 0.696207
1830 294 6 24 24 0.648483
1830 154 226 28 28 0.791329
1830 384 16 32 32 0.331870
1830 357 119 28 28 0.019027
