30 351 27 64 64 7.952633
30 389 112 32 32 6.677575
30 138 143 32 32 18.472283
30 434 126 36 36 4.784352
30 144 149 33 33 4.605333
30 1 144 33 33 5.636084
30 144 136 33 33 5.707164
30 8 113 26 26 7.865347
30 450 126 36 36 1.296551
30 3 131 29 29 2.908819
30 15 107 23 23 1.873898
30 12 102 24 24 0.878785
30 154 133 28 28 0.279335
30 352 126 28 28 0.252412
30 8 152 32 32 0.138942
30 396 0 48 48 0.261564
30 432 153 36 36 0.114678
60 6 113 24 24 23.323179
60 351 29 64 64 12.292305
60 389 112 32 32 9.358583
60 142 133 32 32 10.858951
60 7 235 28 28 12.496261
60 9 108 24 24 6.649909
60 14 233 28 28 6.154528
60 434 126 36 36 5.120726
60 22 141 32 32 6.863335
60 0 233 28 28 4.606028
60 341 132 27 27 5.657241
60 18 113 24 24 2.512693
60 446 125 35 35 3.558365
60 16 139 32 32 3.339040
60 349 127 27 27 2.610840
60 396 0 48 48 2.847474
60 0 144 32 32 1.297730
60 432 153 36 36 0.827442
60 0 109 25 25 0.984657
60 450 153 36 36 0.160436
60 5 96 24 24 0.143723
90 1 112 24 24 17.185942
90 200 113 24 24 14.740825
90 351 29 62 62 8.079195
90 387 112 32 32 9.544227
90 20 144 32 32 8.575064
90 176 128 32 32 3.945244
90 447 125 35 35 4.776372
90 6 108 23 23 2.809328
90 435 126 36 36 3.951901
90 336 126 28 28 5.774799
90 180 160 40 40 2.386311
90 0 98 28 28 2.343975
90 201 108 24 24 4.425173
90 469 133 28 28 2.106019
90 24 126 36 36 2.267443
90 210 114 24 24 0.886326
90 441 162 36 36 0.877331
90 297 162 36 36 0.829698
90 343 133 28 28 0.551468
90 136 136 32 32 0.521042
90 450 153 36 36 0.221947
90 192 128 32 32 0.202055
120 386 112 32 32 7.194506
120 352 40 64 64 8.297355
120 443 155 36 36 11.377242
120 175 128 32 32 2.909600
120 192 113 23 23 3.864005
120 432 126 36 36 2.615402
120 432 162 36 36 2.292037
120 176 112 32 32 2.078053
120 450 162 36 36 2.071238
120 287 8 64 64 3.604597
120 350 0 40 40 0.995622
120 108 210 23 23 0.124665
120 128 136 32 32 0.019700
150 360 33 44 44 5.162328
150 7 128 28 28 5.749231
150 175 112 32 32 3.077642
150 392 19 32 32 4.028178
150 288 7 64 64 4.666219
150 176 128 32 32 1.736287
150 340 0 40 40 1.895447
150 459 170 36 36 1.701862
150 168 133 27 27 1.264950
150 338 133 28 28 1.367035
150 384 24 32 32 0.218525
150 384 112 32 32 0.184642
180 296 155 36 36 17.554210
180 351 7 64 64 8.825731
180 306 161 36 36 9.384616
180 348 131 28 28 9.044617
180 223 129 28 28 6.363936
180 8 143 32 32 7.135593
180 408 24 48 48 3.830620
180 343 126 28 28 1.659810
180 288 162 36 36 1.629212
180 22 132 33 33 2.294654
180 304 108 24 24 1.950382
180 119 133 28 28 1.557255
180 407 24 32 32 1.406062
180 357 128 28 28 2.155611
180 302 144 36 36 2.068284
180 297 171 36 36 1.243476
180 0 126 36 36 0.530676
180 384 12 48 48 0.973442
180 12 0 24 24 0.396358
180 191 128 32 32 0.087890
210 451 20 28 28 11.010412
210 21 143 32 32 17.104923
210 455 125 28 28 21.207597
210 467 125 28 28 18.670735
210 462 119 28 28 3.590184
210 315 157 36 36 6.360802
210 320 140 40 40 2.668821
210 226 133 28 28 3.868538
210 462 133 28 28 2.533932
210 17 129 34 34 6.464067
210 386 112 32 32 3.116826
210 397 112 32 32 2.831400
210 144 192 24 24 1.689171
210 128 128 32 32 1.102718
210 0 127 35 35 1.104089
210 245 133 28 28 0.371306
210 448 133 27 27 0.328323
210 441 3 36 36 0.461838
210 144 162 36 36 0.269532
240 469 132 28 28 4.722677
240 357 127 28 28 7.406942
240 308 149 36 36 8.839382
240 226 132 28 28 4.672364
240 315 146 36 36 5.195537
240 234 132 28 28 3.811191
240 144 6 24 24 1.663876
240 398 112 32 32 1.941974
240 120 131 28 28 2.316064
240 385 112 32 32 1.664674
240 462 98 28 28 0.909625
240 463 126 28 28 1.131905
240 13 144 32 32 1.122376
240 462 111 28 28 0.530607
240 3 144 32 32 0.801198
240 224 98 28 28 0.481388
240 469 119 27 27 0.086821
270 355 126 28 28 15.252681
270 384 112 32 32 5.858425
270 227 133 27 27 6.728013
270 305 146 36 36 10.955456
270 132 198 24 24 2.221797
270 353 119 27 27 3.911799
270 128 138 32 32 2.292857
270 358 33 44 44 2.667222
270 231 126 27 27 1.477087
270 297 153 36 36 1.166306
270 315 153 36 36 1.039039
270 132 0 24 24 1.030270
270 448 21 28 28 0.962778
270 144 191 24 24 0.372474
270 0 136 32 32 0.292040
270 408 8 32 32 0.183768
270 220 140 40 40 0.114921
270 459 126 36 36 0.087039
300 390 112 32 32 31.574311
300 485 10 24 24 14.457627
300 225 128 27 27 11.591192
300 128 148 32 32 7.885774
300 284 4 64 64 5.897804
300 352 9 63 63 4.239391
300 391 128 32 32 2.161587
300 344 120 28 28 3.471023
300 348 124 27 27 3.381994
300 192 112 32 32 1.708987
300 231 133 28 28 1.669928
300 230 118 27 27 1.661912
300 354 119 28 28 2.198962
300 297 146 36 36 2.065635
300 336 112 28 28 1.090957
300 192 152 32 32 1.090454
300 144 192 24 24 0.719275
300 336 126 28 28 0.680831
300 490 18 24 24 0.695278
300 402 102 24 24 0.454127
300 136 143 32 32 0.427376
300 144 152 36 36 0.246582
300 256 0 64 64 0.211875
300 469 133 28 28 0.205626
300 272 16 64 64 0.095934
330 352 7 64 64 12.774996
330 398 112 32 32 14.652615
330 400 128 32 32 11.640409
330 284 3 64 64 6.177423
330 225 127 28 28 6.593281
330 129 112 32 32 4.227072
330 450 5 28 28 6.105495
330 384 112 32 32 2.410191
330 136 149 32 32 1.707386
330 339 126 28 28 2.051128
330 0 136 32 32 0.906255
330 288 152 36 36 0.731964
330 390 12 24 24 0.631522
330 231 119 28 28 0.613122
330 128 144 32 32 0.279406
330 256 0 64 64 0.097603
360 352 16 64 64 7.195868
360 408 128 32 32 2.992038
360 223 129 27 27 5.187559
360 18 108 24 24 2.519920
360 408 112 32 32 1.988739
360 144 144 32 32 1.710505
360 287 148 36 36 3.080154
360 288 0 64 64 1.481051
360 469 0 28 28 1.037707
360 480 0 24 24 1.084727
360 480 114 24 24 1.019864
360 144 114 24 24 0.817557
360 384 112 32 32 0.126425
390 391 112 32 32 16.064928
390 352 11 64 64 10.773348
390 126 116 27 27 9.509739
390 15 107 24 24 9.644684
390 7 98 27 27 3.641231
390 343 124 27 27 3.388433
390 462 133 28 28 2.606115
390 281 0 64 64 4.480877
390 224 130 28 28 2.751579
390 408 11 48 48 2.677912
390 288 153 36 36 0.832623
390 168 126 28 28 0.792112
390 144 126 36 36 0.636787
390 408 112 32 32 0.540177
390 144 144 36 36 0.186009
390 231 126 28 28 0.132472
390 306 114 24 24 0.021255
390 153 162 36 36 0.013770
420 131 112 24 24 9.277368
420 4 109 24 24 17.018659
420 0 111 24 24 10.344325
420 118 114 28 28 13.544478
420 352 12 64 64 7.425471
420 112 116 28 28 6.218313
420 400 112 32 32 8.809296
420 387 112 32 32 5.178189
420 343 122 28 28 3.004616
420 224 126 27 27 1.424739
420 280 152 32 32 1.079606
420 408 35 48 48 1.101054
420 336 126 28 28 0.170869
450 387 112 32 32 10.619408
450 352 8 64 64 9.360474
450 274 152 32 32 6.592967
450 20 127 34 34 13.822037
450 386 33 48 48 12.472490
450 288 10 64 64 4.988772
450 448 13 28 28 2.484892
450 192 128 32 32 2.307649
450 445 130 31 31 3.226202
450 19 144 32 32 3.027150
450 96 113 24 24 1.415169
450 400 112 32 32 1.394103
450 336 122 28 28 2.614080
450 420 17 48 48 4.025948
450 432 0 36 36 0.992949
450 357 119 27 27 0.368476
450 280 144 32 32 0.272910
480 351 13 64 64 14.384010
480 192 128 32 32 5.783756
480 350 129 28 28 10.429324
480 357 126 28 28 5.682500
480 270 152 32 32 3.957249
480 13 130 28 28 4.883993
480 491 96 24 24 2.636147
480 491 84 24 24 2.350780
480 401 128 32 32 1.632449
480 21 126 28 28 1.195648
480 455 18 28 28 1.606149
480 398 14 48 48 4.656708
480 9 114 30 30 1.172034
480 461 128 30 30 1.639599
480 404 112 32 32 1.259173
480 192 112 32 32 0.561641
480 343 126 28 28 0.508351
480 0 136 32 32 0.490306
480 407 136 32 32 0.341728
480 383 20 47 47 0.641338
480 128 144 32 32 0.139623
480 288 16 64 64 0.070525
480 432 18 36 36 0.064155
480 144 191 24 24 0.001419
510 389 112 32 32 16.901865
510 352 13 64 64 12.659617
510 194 129 33 33 8.536388
510 280 152 32 32 2.879661
510 462 14 28 28 2.241032
510 469 133 28 28 2.086693
510 479 0 24 24 1.496658
510 456 27 36 36 1.282772
510 432 126 36 36 0.874442
510 448 12 28 28 0.893835
510 480 95 24 24 0.617981
510 126 133 28 28 0.402254
510 447 133 28 28 0.176664
510 441 0 36 36 0.022024
540 387 112 32 32 13.396621
540 469 14 28 28 5.952962
540 481 5 24 24 12.614851
540 401 112 32 32 4.974666
540 459 129 32 32 8.155024
540 398 128 32 32 4.186457
540 481 16 23 23 7.010422
540 402 8 24 24 4.227512
540 293 125 35 35 3.269255
540 486 12 24 24 1.431023
540 480 96 24 24 1.021690
540 256 34 64 64 1.171898
540 396 84 24 24 0.988860
540 288 144 36 36 0.506067
540 198 126 36 36 0.459740
540 469 0 28 28 0.434835
540 441 126 36 36 0.377197
540 192 136 32 32 0.295867
540 224 133 27 27 0.231402
570 352 22 64 64 8.528803
570 256 38 64 64 9.200468
570 308 144 36 36 5.628329
570 396 112 32 32 5.262264
570 489 18 23 23 5.650040
570 261 152 32 32 4.240784
570 197 191 24 24 2.759344
570 450 126 28 28 3.464863
570 170 160 40 40 1.794190
570 192 152 32 32 1.611807
570 126 119 28 28 1.562344
570 448 0 28 28 1.296984
570 357 128 28 28 2.011893
570 469 133 27 27 1.228654
570 484 12 24 24 1.609365
570 230 126 28 28 1.914883
570 448 21 28 28 0.856703
570 462 126 28 28 0.423955
570 0 102 24 24 0.282314
570 216 126 36 36 0.262926
570 210 192 24 24 0.103336
600 304 144 36 36 11.939494
600 400 112 32 32 8.662316
600 165 140 40 40 6.379061
600 445 126 36 36 6.228948
600 256 38 64 64 5.327959
600 176 128 32 32 2.242590
600 468 131 28 28 2.916500
600 297 153 36 36 2.104918
600 132 112 32 32 3.074062
600 469 119 27 27 1.836590
600 351 15 64 64 0.203691
600 204 192 24 24 0.051657
630 12 97 24 24 20.785838
630 15 102 24 24 8.980969
630 168 133 27 27 4.722264
630 291 145 35 35 8.328979
630 176 128 32 32 3.738979
630 394 112 32 32 4.713430
630 404 112 32 32 4.287391
630 6 102 23 23 3.013917
630 27 126 36 36 2.159719
630 336 128 27 27 2.940602
630 112 133 28 28 1.176332
630 0 126 36 36 0.948562
630 300 108 24 24 0.728064
630 161 142 37 37 0.752235
630 198 192 24 24 0.262450
660 401 129 32 32 29.147214
660 0 101 24 24 5.986995
660 408 136 32 32 4.166557
660 165 129 30 30 7.535802
660 5 130 33 33 6.748570
660 176 112 32 32 2.672561
660 288 144 36 36 2.015088
660 22 129 34 34 3.506662
660 112 133 28 28 0.940256
660 153 130 30 30 0.793373
660 288 108 24 24 0.258025
690 407 131 32 32 20.385588
690 352 28 64 64 5.427897
690 176 112 32 32 3.590639
690 263 26 47 47 8.558981
690 288 144 36 36 2.831150
690 400 132 32 32 3.874842
690 112 133 28 28 1.653537
690 336 126 28 28 1.226332
690 292 108 23 23 1.583938
690 280 152 32 32 1.075850
690 5 136 32 32 1.058344
690 168 133 28 28 0.531710
690 231 133 28 28 0.223503
690 343 119 28 28 0.021773
720 461 113 28 28 13.285288
720 435 126 36 36 10.599821
720 192 112 32 32 3.769923
720 294 150 36 36 8.222064
720 342 126 27 27 3.555196
720 392 0 32 32 2.265377
720 288 144 36 36 2.252253
720 352 32 64 64 2.099218
720 176 112 32 32 0.963536
720 197 126 36 36 0.746296
720 264 24 48 48 1.022672
750 348 123 28 28 12.290423
750 453 126 36 36 6.088976
750 22 129 32 32 4.569418
750 112 133 28 28 2.040013
750 216 153 36 36 1.956070
750 305 156 36 36 3.233479
750 498 114 24 24 1.600801
750 192 112 32 32 1.589708
750 220 140 40 40 1.551231
750 357 119 28 28 0.783821
750 469 119 28 28 0.740197
750 167 112 27 27 0.713688
750 288 24 48 48 0.466706
750 306 96 24 24 0.132706
750 315 162 36 36 0.046465
780 17 129 31 31 23.772767
780 342 127 28 28 15.221323
780 336 129 28 28 4.866791
780 216 162 36 36 2.426608
780 192 112 32 32 2.076888
780 448 120 28 28 2.235920
780 1 132 32 32 3.688277
780 198 154 44 44 0.780446
780 458 144 36 36 0.712593
780 303 84 24 24 1.031647
780 297 27 36 36 0.637872
780 498 84 24 24 0.371104
780 154 119 28 28 0.018649
810 10 129 31 31 14.741267
810 291 26 36 36 10.074665
810 18 130 29 29 13.935015
810 455 143 35 35 6.618406
810 434 146 36 36 7.699192
810 420 36 48 48 6.827844
810 497 114 24 24 2.654657
810 17 101 24 24 2.316754
810 119 126 28 28 1.680625
810 154 112 28 28 1.632667
810 294 18 36 36 1.712168
810 441 126 36 36 0.744976
810 185 154 44 44 0.824258
810 264 0 48 48 0.716514
840 8 129 31 31 15.427748
840 7 100 24 24 10.389222
840 411 35 48 48 12.845484
840 289 21 36 36 8.997615
840 17 131 29 29 9.639750
840 135 112 32 32 9.619416
840 297 24 36 36 4.440165
840 154 124 28 28 3.887213
840 12 108 24 24 1.776100
840 453 97 27 27 4.156256
840 485 109 24 24 2.061957
840 320 188 40 40 1.699975
840 264 4 46 46 2.468720
840 12 96 24 24 0.978564
840 482 114 24 24 1.496145
840 389 114 24 24 0.739649
840 126 126 28 28 0.196436
840 224 231 28 28 0.065846
870 131 112 32 32 9.092705
870 10 131 28 28 13.865163
870 2 128 31 31 8.731536
870 1 98 23 23 7.876376
870 497 192 24 24 3.030782
870 124 126 28 28 3.957223
870 288 22 36 36 5.507705
870 448 98 28 28 1.898855
870 6 99 24 24 2.796478
870 154 121 28 28 1.261587
870 264 0 47 47 1.860237
870 143 112 32 32 0.807706
870 390 114 24 24 0.692990
870 170 190 40 40 0.228040
870 288 168 48 48 0.105020
900 3 130 29 29 17.401419
900 131 112 32 32 9.527405
900 442 150 36 36 12.047157
900 11 131 29 29 6.088255
900 126 126 28 28 3.524917
900 288 22 36 36 5.593823
900 459 126 36 36 2.650890
900 264 2 46 46 8.208082
900 350 98 28 28 1.883499
900 450 144 36 36 1.758910
900 143 112 32 32 1.674646
900 0 99 24 24 2.828084
900 350 230 28 28 0.697846
900 297 27 36 36 0.260125
900 48 16 64 64 0.130140
930 132 112 32 32 10.084468
930 288 21 36 36 6.575852
930 264 4 46 46 13.835599
930 150 147 35 35 8.152467
930 126 126 28 28 3.006846
930 1 131 29 29 5.388687
930 350 238 28 28 1.469163
930 162 153 36 36 1.419244
930 48 16 64 64 1.321754
930 192 192 24 24 0.302504
930 0 95 24 24 0.197713
930 297 27 36 36 0.186447
960 264 3 44 44 4.941360
960 288 22 36 36 5.794315
960 448 128 28 28 6.429179
960 288 288 24 24 1.529059
960 356 118 27 27 1.586129
960 0 128 29 29 2.123796
960 297 27 36 36 0.393938
990 448 126 28 28 8.292227
990 263 3 44 44 7.570414
990 136 152 32 32 3.152394
990 16 239 28 28 6.358444
990 288 23 36 36 3.493714
990 18 245 27 27 3.068766
990 288 290 24 24 2.169009
990 0 238 28 28 0.805121
990 7 133 28 28 0.779312
990 357 119 28 28 0.354451
990 21 231 28 28 0.304154
990 168 98 28 28 0.104517
1020 269 257 32 32 11.710443
1020 176 154 44 44 3.727632
1020 264 7 45 45 6.751554
1020 176 112 32 32 3.374577
1020 280 262 32 32 3.077039
1020 288 291 24 24 2.928084
1020 256 256 32 32 1.704884
1020 2 126 27 27 2.315056
1020 418 36 48 48 3.078778
1020 128 151 32 32 0.906760
1020 288 18 36 36 0.779830
1020 420 168 48 48 1.199220
1020 288 84 24 24 0.504492
1020 136 112 32 32 0.344799
1050 378 154 44 44 8.646017
1050 176 112 32 32 4.131007
1050 132 192 24 24 3.527127
1050 144 192 24 24 3.190339
1050 270 263 32 32 3.709979
1050 128 150 32 32 3.594507
1050 290 84 24 24 5.092053
1050 336 119 28 28 1.507615
1050 408 16 48 48 4.805134
1050 303 84 24 24 1.929846
1050 187 154 44 44 1.106481
1050 264 13 44 44 0.851348
1050 402 192 24 24 0.583329
1050 420 32 47 47 1.383144
1050 192 112 32 32 0.430220
1050 133 136 32 32 0.761662
1050 392 151 32 32 0.420697
1050 0 128 32 32 0.400919
1050 287 296 24 24 0.504491
1050 408 152 32 32 0.107906
1080 127 148 32 32 6.840851
1080 126 131 29 29 4.473377
1080 288 306 24 24 2.135117
1080 144 306 24 24 1.874022
1080 176 112 32 32 1.595623
1080 288 153 36 36 1.223722
1080 408 36 48 48 2.415456
1080 340 140 40 40 0.997756
1080 264 21 44 44 0.686900
1080 288 48 64 64 0.358693
1080 207 306 24 24 0.452847
1110 175 112 32 32 6.368020
1110 135 144 32 32 7.318429
1110 289 159 36 36 6.856836
1110 315 126 36 36 3.195375
1110 462 130 28 28 2.320582
1110 264 17 45 45 2.426789
1110 216 306 36 36 1.323704
1110 48 16 64 64 0.863478
1110 264 168 48 48 1.723148
1110 198 162 36 36 0.419625
1110 192 112 32 32 0.191543
1140 136 144 32 32 11.858733
1140 176 112 32 32 6.163144
1140 461 131 27 27 5.112655
1140 288 96 24 24 2.116464
1140 48 32 64 64 1.932123
1140 264 18 44 44 2.192743
1140 24 128 32 32 1.339577
1140 136 128 32 32 0.816322
1140 126 133 28 28 0.591931
1140 288 162 36 36 0.219944
1140 192 112 32 32 0.149783
1140 306 126 36 36 0.092958
1140 336 112 28 28 0.090725
1170 134 142 32 32 11.939074
1170 176 112 32 32 4.685415
1170 48 26 64 64 6.844310
1170 21 225 28 28 4.000417
1170 136 128 32 32 2.532180
1170 180 160 40 40 2.194026
1170 0 201 44 44 2.125213
1170 126 133 29 29 1.888018
1170 288 96 24 24 1.168998
1170 288 39 64 64 2.187383
1170 461 132 28 28 1.215266
1170 264 19 45 45 1.146336
1170 357 133 28 28 0.639400
1170 192 128 32 32 0.112928
1200 176 112 32 32 4.719243
1200 134 142 32 32 5.448152
1200 98 210 24 24 5.506577
1200 134 130 32 32 3.768186
1200 180 160 40 40 2.089952
1200 288 38 64 64 3.598618
1200 22 130 34 34 3.515738
1200 288 96 24 24 1.578989
1200 264 19 44 44 1.711186
1200 48 32 64 64 1.311854
1200 192 128 32 32 1.102435
1200 16 152 32 32 1.033986
1200 0 140 40 40 0.402476
1200 168 119 28 28 0.187443
1200 306 84 24 24 0.039730
1230 144 192 24 24 5.849824
1230 130 150 32 32 5.915003
1230 179 160 40 40 3.092438
1230 176 112 32 32 2.449294
1230 462 133 28 28 4.564892
1230 288 32 64 64 1.847265
1230 288 96 24 24 1.210688
1230 264 19 44 44 1.433443
1230 168 119 28 28 0.560487
1230 192 128 32 32 0.558049
1230 136 144 32 32 0.159720
1230 336 126 28 28 0.077125
1260 48 29 64 64 6.074554
1260 144 149 35 35 5.878486
1260 126 126 28 28 2.203900
1260 153 144 36 36 2.107146
1260 180 160 40 40 1.966353
1260 459 133 28 28 2.170378
1260 264 20 44 44 1.463041
1260 24 128 32 32 1.160431
1260 288 32 64 64 0.809202
1260 288 96 24 24 0.644777
1260 289 171 36 36 0.614297
1260 128 112 32 32 0.298461
1260 336 126 28 28 0.064606
1290 48 24 64 64 8.386885
1290 127 113 31 31 3.472328
1290 180 160 40 40 2.654127
1290 126 125 28 28 3.887099
1290 288 32 64 64 1.843936
1290 462 132 28 28 1.979384
1290 121 133 28 28 1.814967
1290 288 96 24 24 1.038658
1290 264 22 44 44 0.913990
1290 336 126 28 28 0.903435
1290 288 171 36 36 0.816466
1290 24 128 32 32 0.272535
1320 48 25 64 64 8.630662
1320 441 167 36 36 5.030050
1320 180 160 40 40 1.852584
1320 385 154 44 44 1.743257
1320 16 136 32 32 1.731213
1320 288 171 36 36 1.410651
1320 126 131 28 28 1.734173
1320 136 128 32 32 1.253374
1320 192 128 32 32 0.986473
1320 447 98 28 28 0.772285
1320 264 19 43 43 0.841882
1320 288 96 24 24 0.605353
1320 336 126 28 28 0.536859
1320 24 130 32 32 0.641130
1320 441 153 36 36 0.387578
1320 305 84 24 24 0.251852
1320 136 112 32 32 0.185930
1320 420 168 48 48 0.155400
1350 385 193 23 23 8.351530
1350 136 128 32 32 4.340158
1350 134 151 32 32 5.800527
1350 178 157 41 41 5.719153
1350 48 32 64 64 3.179155
1350 26 155 41 41 8.309096
1350 350 140 40 40 3.132983
1350 128 145 32 32 4.697651
1350 432 159 36 36 4.272507
1350 24 143 32 32 4.243756
1350 303 84 24 24 3.727518
1350 168 126 28 28 1.941938
1350 176 112 32 32 1.922257
1350 288 48 64 64 1.508137
1350 20 130 34 34 2.352449
1350 192 128 32 32 0.822475
1350 264 17 44 44 1.080120
1350 288 171 36 36 0.489749
1380 176 112 32 32 5.954076
1380 179 159 40 40 3.410242
1380 108 192 24 24 2.889559
1380 288 48 64 64 2.707520
1380 132 208 23 23 3.060120
1380 192 128 32 32 1.124359
1380 48 32 64 64 1.012646
1380 304 84 24 24 0.763496
1380 264 16 44 44 1.050093
1380 288 171 36 36 0.438295
1410 144 195 24 24 9.460919
1410 176 112 32 32 4.742698
1410 178 158 41 41 4.839511
1410 458 245 27 27 6.196666
1410 167 120 28 28 3.297797
1410 192 128 32 32 2.516776
1410 309 126 36 36 3.232677
1410 128 136 32 32 1.416627
1410 288 48 64 64 1.221743
1410 129 152 32 32 1.346496
1410 264 16 43 43 1.705647
1410 288 171 36 36 0.851568
1410 306 84 24 24 0.522021
1410 492 288 24 24 0.352426
1410 459 119 27 27 0.590616
1410 448 245 28 28 0.304821
1440 373 154 44 44 9.659776
1440 352 154 44 44 3.195112
1440 306 126 36 36 2.263435
1440 462 224 28 28 2.149462
1440 176 112 32 32 2.145461
1440 288 192 48 48 3.775602
1440 380 175 44 44 2.978359
1440 264 192 47 47 1.927680
1440 192 128 32 32 0.870013
1440 288 171 36 36 0.772575
1440 264 18 44 44 1.060030
1440 180 160 40 40 0.615291
1440 420 0 48 48 0.592910
1470 160 147 37 37 6.007321
1470 288 171 36 36 1.617212
1470 179 159 40 40 1.333658
1470 315 171 36 36 1.239063
1470 263 17 44 44 1.303897
1470 17 210 24 24 0.347216
1470 306 84 24 24 0.029067
1500 415 168 48 48 15.462386
1500 463 238 28 28 9.635786
1500 161 150 36 36 8.225438
1500 175 149 32 32 6.075213
1500 168 112 28 28 3.673640
1500 28 141 38 38 4.495833
1500 191 152 32 32 1.514038
1500 264 17 43 43 1.673318
1500 448 230 28 28 0.618279
1500 288 171 36 36 0.573383
1500 350 98 28 28 0.168154
1500 306 84 24 24 0.098919
1530 496 207 24 24 13.752853
1530 389 203 23 23 18.017528
1530 384 199 24 24 9.310769
1530 168 112 28 28 3.265111
1530 400 208 24 24 8.225917
1530 288 192 48 48 5.757760
1530 397 198 24 24 4.056171
1530 308 125 35 35 3.069004
1530 192 152 32 32 1.750924
1530 448 98 28 28 1.390202
1530 175 149 32 32 1.880914
1530 288 171 36 36 1.155605
1530 264 18 44 44 1.377871
1530 498 198 23 23 0.497656
1530 455 111 28 28 0.033170
1560 468 133 28 28 6.662083
1560 288 48 64 64 4.919775
1560 168 112 28 28 3.037523
1560 264 18 43 43 2.579192
1560 191 152 32 32 1.669666
1560 180 160 39 39 0.959762
1560 350 133 28 28 0.874470
1560 306 126 36 36 0.493470
1560 288 170 36 36 0.353526
1560 455 133 28 28 0.211761
1590 466 133 28 28 6.599907
1590 168 112 27 27 3.711281
1590 287 43 64 64 2.970710
1590 191 152 32 32 1.856052
1590 288 170 36 36 1.499818
1590 264 20 44 44 1.437896
1590 455 133 28 28 1.060125
1590 20 190 40 40 0.203594
1590 180 160 40 40 0.137725
1620 288 43 64 64 6.727786
1620 102 210 24 24 10.316750
1620 168 113 28 28 5.311716
1620 468 242 27 27 5.527044
1620 306 126 36 36 2.713295
1620 420 168 48 48 4.538332
1620 264 17 44 44 2.570841
1620 192 152 32 32 1.215273
1620 192 128 32 32 1.015544
1620 180 160 40 40 0.194309
1620 0 162 36 36 0.023268
1650 390 198 24 24 29.391576
1650 400 204 24 24 24.279328
1650 498 206 24 24 8.179742
1650 132 210 23 23 3.839237
1650 384 204 24 24 3.723680
1650 167 112 28 28 4.030570
1650 395 210 24 24 3.538109
1650 288 192 48 48 4.540050
1650 396 192 23 23 1.626891
1650 192 152 32 32 1.561571
1650 264 16 44 44 3.234114
1650 448 97 27 27 1.240073
1650 264 192 48 48 2.246866
1650 288 48 64 64 0.995045
1650 180 160 40 40 0.536641
1680 288 48 64 64 4.702182
1680 168 113 27 27 5.492268
1680 27 165 36 36 6.132065
1680 289 171 36 36 2.006510
1680 191 152 32 32 1.641675
1680 264 16 44 44 2.189317
1680 315 162 36 36 0.744562
1680 180 160 40 40 0.538546
1680 462 133 28 28 0.314806
1680 306 84 24 24 0.163035
1680 132 198 24 24 0.044938
1680 288 96 24 24 0.031515
1710 397 167 47 47 22.515542
1710 168 111 28 28 3.517162
1710 192 152 32 32 2.238967
1710 385 175 44 44 1.508789
1710 264 17 44 44 2.436757
1710 144 192 24 24 1.267511
1710 288 98 24 24 1.758952
1710 448 98 28 28 0.314597
1710 180 160 40 40 0.262563
1740 385 202 24 24 17.373665
1740 305 125 35 35 5.950525
1740 481 202 24 24 7.058353
1740 390 198 24 24 3.299711
1740 290 171 36 36 4.197393
1740 455 164 35 35 6.330027
1740 144 192 24 24 1.982213
1740 384 192 24 24 1.886674
1740 168 112 28 28 1.833521
1740 180 160 39 39 1.659173
1740 287 101 24 24 1.063097
1740 264 192 48 48 1.384834
1740 192 152 32 32 0.562900
1740 450 171 36 36 0.520849
1740 485 210 24 24 0.263731
1740 350 160 40 40 0.177740
1740 264 19 43 43 0.201702
1770 286 48 64 64 4.668777
1770 288 171 36 36 3.314704
1770 168 111 28 28 2.483582
1770 456 132 27 27 5.111738
1770 288 102 24 24 2.110485
1770 180 160 40 40 1.542283
1770 198 171 36 36 1.081028
1770 192 152 32 32 0.076317
1770 264 22 44 44 0.063821
1800 385 154 44 44 3.243989
1800 402 168 48 48 11.410428
1800 288 171 36 36 2.254042
1800 306 126 36 36 2.229722
1800 288 45 64 64 2.443432
1800 168 112 28 28 2.045762
1800 288 102 24 24 1.764372
1800 180 160 40 40 0.986783
1800 198 171 36 36 0.285662
1800 192 152 32 32 0.235351
1830 385 197 23 23 18.359858
1830 390 192 24 24 3.545644
1830 288 170 35 35 3.457577
1830 168 112 28 28 2.837889
1830 390 204 24 24 2.109928
1830 288 48 64 64 2.085895
1830 180 160 40 40 1.967271
1830 288 100 24 24 2.182466
1830 198 171 36 36 1.288264
1830 396 198 23 23 0.896739
1830 350 140 40 40 0.805084
1830 350 160 40 40 0.720128
1830 264 14 44 44 0.411943
1830 192 152 32 32 0.274705
