30 242 19 28 28 28.465612
30 216 0 36 36 3.840117
30 231 21 28 28 3.786295
30 7 224 28 28 3.242408
30 238 14 28 28 1.599060
30 272 0 64 64 1.412511
30 385 154 44 44 0.372808
30 33 198 44 44 0.136614
30 224 238 28 28 0.020375
60 218 4 38 38 9.897515
60 96 112 24 24 3.188235
60 18 224 28 28 4.425954
60 396 0 24 24 1.890452
60 245 21 28 28 1.659996
60 6 114 24 24 1.137294
60 240 0 40 40 1.062109
60 357 112 28 28 1.044623
60 256 24 32 32 0.712602
60 384 112 32 32 0.505096
90 10 173 44 44 60.356556
90 219 14 39 39 14.357640
90 355 128 27 27 15.194506
90 216 24 36 36 7.544010
90 19 185 41 41 16.165490
90 240 16 40 40 6.406385
90 30 179 40 40 9.322735
90 14 155 43 43 5.329869
90 349 133 28 28 3.238616
90 4 188 42 42 3.853914
90 21 126 36 36 3.001244
90 0 116 28 28 2.333291
90 24 268 32 32 0.884275
90 112 231 28 28 0.415288
90 18 297 36 36 0.119944
120 220 13 40 40 10.866555
120 21 174 43 43 26.147986
120 7 161 36 36 14.477587
120 240 15 40 40 8.055800
120 393 130 32 32 9.231662
120 2 149 32 32 10.324347
120 6 168 47 47 14.365445
120 357 131 27 27 4.119677
120 14 150 35 35 5.011229
120 27 126 36 36 2.529268
120 20 154 42 42 4.499147
120 26 188 41 41 4.016275
120 400 136 32 32 1.459037
120 6 144 33 33 2.762214
120 216 27 36 36 1.320811
120 18 295 36 36 2.281316
120 112 118 28 28 0.836315
120 357 230 28 28 0.720912
120 172 160 39 39 0.822263
150 257 23 32 32 18.334263
150 2 170 45 45 18.908666
150 240 4 40 40 9.198979
150 1 237 28 28 15.290294
150 17 172 41 41 10.741597
150 220 3 40 40 6.417179
150 8 154 44 44 8.389285
150 8 231 27 27 4.044403
150 4 187 42 42 5.664298
150 9 299 36 36 2.656432
150 384 112 32 32 1.669917
150 7 245 28 28 1.055883
150 408 128 32 32 1.007872
150 0 224 28 28 0.610516
150 21 227 28 28 0.258536
180 257 18 32 32 30.735493
180 240 2 40 40 10.842648
180 264 20 32 32 13.872533
180 106 113 24 24 8.046245
180 2 179 41 41 18.390364
180 385 112 32 32 5.300694
180 220 0 40 40 3.226345
180 1 98 26 26 2.718391
180 2 111 27 27 2.512420
180 10 113 25 25 2.254848
180 0 306 36 36 1.242387
180 0 0 64 64 0.554862
180 8 264 32 32 0.513334
180 11 96 24 24 0.475238
210 258 18 32 32 33.373370
210 240 2 40 40 13.744001
210 264 20 32 32 18.933110
210 20 148 33 33 15.527546
210 9 127 35 35 10.573419
210 107 114 24 24 3.841823
210 220 0 40 40 2.366319
210 21 128 33 33 5.619097
210 2 142 33 33 4.770884
210 14 143 33 33 8.453103
210 387 112 32 32 3.108557
210 0 98 28 28 1.723651
210 7 151 33 33 1.294532
210 0 178 40 40 0.758681
210 240 20 40 40 0.444237
210 0 306 36 36 0.393804
210 336 122 28 28 0.433592
240 258 23 32 32 20.492795
240 240 6 40 40 22.835924
240 1 143 32 32 15.920654
240 5 147 33 33 11.308796
240 20 127 35 35 7.572463
240 220 10 40 40 2.118396
240 2 181 43 43 3.555798
240 0 98 28 28 1.473797
240 19 149 34 34 3.675544
240 3 126 36 36 2.163323
240 14 143 34 34 1.809139
240 6 108 24 24 0.698112
240 392 128 32 32 0.684870
240 3 168 45 45 1.940462
240 0 306 36 36 0.376092
270 258 18 32 32 27.199905
270 240 1 40 40 12.084801
270 266 24 32 32 9.984190
270 10 127 34 34 9.407976
270 102 114 24 24 3.321522
270 399 112 32 32 5.583850
270 108 108 24 24 2.382875
270 20 127 33 33 4.853466
270 220 0 39 39 1.903619
270 0 174 39 39 2.659238
270 0 272 32 32 1.469589
270 336 122 27 27 2.762418
270 3 97 25 25 2.840456
270 0 144 36 36 1.065309
270 21 245 28 28 0.970585
270 15 145 32 32 1.056933
270 346 238 28 28 1.171255
300 258 16 32 32 29.123918
300 240 0 40 40 6.750262
300 260 24 32 32 12.081695
300 337 119 28 28 13.330736
300 2 98 26 26 6.346050
300 264 8 32 32 3.035686
300 100 113 24 24 4.886130
300 394 112 32 32 4.065260
300 343 126 28 28 1.807834
300 272 17 32 32 1.871420
300 6 105 24 24 2.211170
300 350 119 28 28 0.929674
300 12 96 24 24 0.911663
300 448 133 28 28 0.250700
330 258 17 32 32 29.680882
330 265 24 32 32 8.256944
330 240 0 40 40 7.039149
330 337 120 27 27 12.497082
330 395 112 32 32 4.985720
330 343 126 28 28 2.153811
330 261 8 32 32 3.148039
330 272 19 32 32 2.864850
330 2 97 26 26 2.993618
330 102 108 24 24 0.895692
330 96 114 24 24 0.860588
330 14 233 28 28 1.458571
330 12 96 24 24 0.805629
330 350 119 28 28 0.788590
330 432 126 36 36 0.482301
330 448 133 28 28 0.287100
360 258 21 32 32 25.367872
360 240 1 40 40 11.437084
360 264 19 32 32 15.594852
360 337 123 28 28 10.357232
360 272 24 32 32 3.678598
360 448 133 28 28 3.251392
360 102 114 24 24 2.610848
360 431 126 36 36 2.335435
360 0 126 36 36 2.183045
360 108 108 24 24 1.899039
360 2 98 26 26 2.625876
360 399 112 32 32 1.687881
360 12 96 24 24 0.655462
360 343 119 27 27 0.389845
360 168 245 27 27 0.091180
360 350 245 28 28 0.091136
390 240 16 40 40 18.571211
390 406 133 32 32 14.084576
390 111 122 27 27 12.100894
390 432 126 36 36 6.203375
390 27 181 42 42 23.463824
390 6 150 32 32 13.920017
390 1 144 32 32 5.413469
390 336 126 28 28 2.339973
390 242 0 44 44 2.286349
390 15 188 42 42 2.876572
390 216 0 48 48 2.684354
390 30 140 40 40 1.316486
390 400 128 32 32 1.275906
390 17 168 47 47 4.594739
390 294 84 24 24 0.868346
390 448 133 28 28 0.623956
390 22 153 43 43 0.477093
420 10 106 24 24 16.098076
420 293 84 24 24 7.262824
420 432 126 36 36 4.438599
420 405 138 32 32 10.505466
420 241 19 42 42 10.523161
420 126 127 28 28 7.186585
420 210 12 48 48 13.675474
420 383 151 32 32 3.886386
420 3 98 27 27 5.750953
420 3 113 25 25 4.167857
420 33 48 64 64 2.491456
420 400 144 32 32 1.888524
420 293 96 23 23 2.525857
420 0 233 28 28 2.487478
420 294 113 24 24 1.890484
420 1 133 28 28 1.576813
420 350 140 40 40 0.869261
420 210 95 24 24 0.831972
420 198 171 36 36 0.596371
420 352 48 64 64 0.150778
450 392 150 32 32 26.146152
450 304 113 24 24 9.574062
450 241 16 43 43 8.985093
450 352 44 64 64 5.241968
450 241 28 43 43 9.375968
450 288 204 48 48 6.971382
450 216 19 48 48 10.888522
450 400 144 32 32 3.182760
450 384 144 32 32 2.781652
450 1 147 33 33 10.016808
450 126 119 28 28 6.921433
450 126 127 29 29 5.738453
450 31 157 41 41 4.669518
450 275 112 32 32 3.946393
450 1 97 27 27 2.704022
450 264 22 44 44 1.953539
450 119 112 28 28 1.728158
450 392 136 32 32 1.697474
450 144 192 24 24 1.655412
450 128 152 32 32 1.387303
450 289 114 23 23 1.652606
450 0 112 28 28 1.114133
450 408 152 32 32 0.838788
450 436 126 36 36 1.251055
450 306 144 36 36 0.416369
450 12 109 24 24 0.329573
450 300 96 24 24 0.229448
480 433 147 36 36 20.824280
480 311 126 36 36 13.840385
480 25 146 35 35 17.852690
480 268 46 64 64 13.972979
480 40 48 64 64 10.285330
480 451 118 28 28 10.553696
480 241 26 43 43 12.309378
480 462 120 28 28 10.482346
480 216 22 48 48 19.234670
480 455 126 31 31 14.580670
480 351 41 64 64 6.974513
480 408 143 32 32 4.281415
480 314 144 37 37 10.940775
480 436 126 36 36 7.112809
480 441 153 36 36 3.332253
480 8 48 64 64 5.438227
480 456 112 28 28 5.211524
480 432 162 36 36 2.626561
480 296 113 23 23 4.071101
480 1 99 26 26 2.730091
480 126 121 28 28 4.290543
480 262 32 64 64 2.885049
480 306 153 36 36 1.681997
480 277 112 32 32 2.185571
480 16 152 32 32 1.400815
480 306 84 24 24 1.202512
480 306 114 24 24 1.074872
480 272 16 32 32 0.904596
480 297 126 36 36 0.836713
480 384 136 32 32 0.682462
480 450 144 36 36 0.630209
480 0 144 36 36 0.505148
480 12 107 24 24 0.398094
480 297 144 36 36 0.058930
510 22 147 33 33 24.694025
510 241 22 43 43 12.157646
510 42 44 64 64 11.626445
510 242 4 44 44 7.301164
510 129 136 32 32 11.020919
510 264 10 44 44 10.887709
510 27 126 36 36 3.523934
510 143 148 32 32 6.516907
510 340 140 40 40 5.925422
510 12 48 64 64 3.863213
510 136 142 32 32 11.142479
510 433 126 36 36 3.454429
510 292 114 24 24 3.707893
510 9 147 34 34 5.381083
510 392 136 32 32 1.562756
510 154 224 28 28 0.982107
510 459 144 36 36 0.534282
510 350 133 28 28 0.507085
510 300 108 24 24 0.288564
510 216 12 48 48 0.222894
540 129 134 32 32 23.702813
540 34 46 64 64 20.324141
540 15 147 33 33 33.286956
540 240 27 41 41 10.052241
540 481 7 24 24 11.088867
540 43 32 64 64 7.350113
540 357 126 28 28 3.850934
540 297 126 36 36 6.451876
540 21 143 34 34 6.799364
540 137 128 32 32 4.348246
540 141 144 32 32 10.688490
540 0 48 64 64 3.005505
540 384 112 32 32 2.962589
540 483 11 23 23 5.678368
540 6 142 35 35 5.571513
540 402 200 24 24 4.429920
540 402 207 24 24 4.394029
540 468 2 27 27 2.550945
540 242 11 44 44 1.582869
540 264 2 45 45 4.201884
540 350 140 40 40 0.790757
540 27 126 36 36 0.640804
540 280 0 32 32 0.582942
540 432 162 36 36 0.465769
570 35 34 64 64 22.728388
570 133 130 32 32 18.902399
570 7 143 32 32 21.601740
570 308 146 36 36 14.712325
570 450 163 36 36 13.535723
570 128 136 32 32 5.114602
570 312 152 36 36 16.603935
570 40 47 64 64 8.694884
570 339 162 40 40 9.452393
570 20 144 32 32 7.097457
570 350 224 28 28 4.025819
570 44 16 64 64 4.285049
570 10 43 64 64 8.203163
570 242 15 44 44 5.504889
570 17 84 24 24 3.063077
570 324 190 40 40 3.986050
570 144 134 32 32 2.876766
570 240 30 41 41 3.203725
570 344 231 27 27 2.591111
570 438 126 36 36 2.873158
570 408 136 32 32 1.848472
570 24 126 36 36 2.515940
570 480 210 24 24 1.633856
570 0 135 34 34 3.539479
570 340 189 40 40 1.249828
570 277 24 32 32 1.691502
570 458 153 36 36 1.167768
570 322 140 40 40 1.586294
570 288 48 64 64 1.124655
570 450 144 36 36 1.086088
570 264 0 44 44 1.070468
570 0 152 32 32 1.045183
570 330 180 40 40 0.960954
570 0 32 64 64 0.919450
570 288 102 24 24 0.654052
570 350 180 40 40 0.437527
570 16 152 32 32 0.421902
570 384 128 32 32 0.347578
600 32 33 64 64 28.424593
600 455 304 36 36 17.105771
600 490 83 23 23 11.521814
600 278 143 32 32 23.651872
600 259 128 32 32 10.706402
600 40 48 64 64 9.978313
600 286 126 34 34 10.870215
600 27 126 36 36 4.525358
600 269 133 32 32 9.766229
600 348 133 28 28 7.591938
600 272 152 32 32 4.002036
600 8 47 64 64 7.197427
600 128 131 32 32 8.104571
600 0 143 32 32 5.907535
600 0 39 64 64 6.455137
600 450 297 36 36 3.205010
600 386 112 32 32 4.190165
600 42 16 64 64 4.337251
600 338 124 28 28 3.822892
600 8 126 36 36 1.446429
600 288 32 64 64 1.170702
600 18 144 32 32 1.549766
600 242 0 44 44 0.823644
600 297 144 36 36 0.504054
600 352 176 44 44 0.104893
600 264 144 32 32 0.015930
630 311 126 36 36 13.853686
630 261 36 64 64 17.787086
630 5 33 64 64 16.769890
630 20 128 32 32 11.844394
630 43 20 64 64 13.135117
630 288 32 64 64 5.041644
630 278 136 32 32 14.737326
630 272 48 64 64 4.720045
630 36 28 64 64 12.747812
630 241 133 27 27 7.778123
630 293 126 36 36 6.119668
630 269 143 32 32 10.646030
630 19 48 64 64 4.756957
630 255 140 32 32 6.192835
630 120 133 28 28 6.204660
630 10 16 64 64 5.006387
630 400 137 32 32 7.670365
630 352 36 64 64 4.391112
630 269 130 32 32 7.121840
630 258 130 32 32 7.085265
630 6 242 28 28 3.559058
630 192 0 32 32 2.026076
630 393 129 32 32 3.088832
630 245 126 28 28 1.946683
630 154 133 28 28 1.405832
630 266 152 32 32 2.440803
630 240 20 40 40 0.998319
630 7 231 28 28 0.900461
630 293 143 36 36 1.347046
630 264 136 32 32 0.434629
630 408 128 32 32 0.356625
630 400 152 32 32 0.221284
630 21 245 28 28 0.194626
630 315 144 36 36 0.091160
660 311 126 36 36 14.455436
660 261 43 64 64 18.277652
660 271 142 32 32 20.169866
660 4 130 33 33 17.842948
660 293 126 36 36 8.663670
660 276 134 32 32 11.589038
660 256 143 32 32 11.888061
660 352 37 64 64 5.907857
660 207 18 24 24 7.163908
660 264 134 32 32 4.483481
660 278 32 64 64 6.045003
660 5 144 32 32 5.040260
660 13 128 31 31 10.437676
660 273 128 32 32 6.234664
660 264 152 32 32 2.495793
660 272 112 32 32 2.673485
660 256 112 32 32 2.194349
660 301 144 36 36 3.491579
660 32 48 64 64 1.544326
660 402 134 32 32 2.360695
660 237 133 28 28 0.745158
660 432 126 36 36 0.556307
660 16 112 32 32 0.469146
660 28 11 64 64 0.943610
660 9 171 36 36 0.329234
660 240 20 40 40 0.281725
660 0 160 40 40 0.272224
660 192 0 32 32 0.249875
690 260 42 64 64 17.795843
690 204 16 23 23 17.105831
690 270 112 32 32 8.794786
690 2 128 34 34 12.009982
690 312 126 36 36 8.362046
690 258 142 32 32 11.506546
690 272 142 32 32 17.400460
690 278 32 64 64 6.956313
690 32 44 64 64 11.508773
690 352 37 64 64 6.104333
690 1 143 32 32 11.565678
690 276 135 32 32 8.313981
690 15 33 64 64 12.000507
690 113 133 28 28 4.500524
690 291 126 35 35 7.225871
690 260 134 32 32 6.073489
690 22 130 33 33 6.989207
690 210 12 24 24 2.732796
690 300 144 36 36 4.985259
690 144 128 32 32 2.329140
690 27 12 64 64 4.437147
690 5 16 64 64 3.212724
690 3 149 33 33 4.829119
690 140 151 32 32 3.598282
690 271 128 32 32 3.148321
690 408 136 32 32 1.652178
690 232 133 28 28 2.006191
690 303 18 24 24 2.528319
690 256 112 32 32 1.400842
690 14 128 32 32 1.368703
690 245 119 28 28 0.987371
690 198 12 24 24 0.628857
690 237 126 28 28 0.044462
720 260 37 64 64 18.157965
720 312 126 36 36 9.220778
720 203 13 24 24 17.743979
720 269 112 32 32 7.112869
720 352 34 64 64 5.837419
720 27 12 64 64 12.737349
720 272 136 32 32 15.805234
720 272 48 64 64 4.300486
720 6 18 64 64 9.086713
720 288 32 64 64 3.797722
720 259 142 32 32 8.287405
720 280 140 32 32 6.572214
720 198 17 24 24 3.383816
720 0 134 32 32 10.535256
720 288 126 34 34 8.269777
720 230 131 28 28 3.706094
720 112 132 28 28 2.995907
720 13 32 64 64 4.874217
720 259 112 32 32 4.614983
720 408 133 32 32 3.847917
720 18 128 31 31 6.103220
720 237 126 28 28 3.815762
720 210 18 24 24 1.950017
720 299 144 36 36 2.342112
720 245 130 28 28 2.054001
720 302 18 24 24 2.465555
720 264 128 32 32 1.231441
720 441 126 36 36 0.690413
720 16 0 64 64 0.593746
720 16 112 32 32 0.539496
720 240 10 40 40 0.495824
720 256 24 32 32 0.227319
750 261 36 64 64 17.541519
750 312 126 36 36 7.984046
750 203 12 24 24 17.051946
750 269 112 32 32 8.015982
750 352 33 64 64 5.365530
750 27 10 64 64 12.368915
750 258 142 32 32 7.946355
750 5 19 64 64 9.523891
750 113 133 28 28 5.432784
750 272 48 64 64 3.935650
750 295 144 36 36 7.850193
750 272 141 32 32 13.100474
750 288 32 64 64 3.456063
750 200 18 23 23 6.634612
750 259 112 32 32 6.097127
750 231 129 28 28 5.501408
750 291 126 35 35 6.181146
750 236 126 28 28 5.994996
750 280 134 32 32 3.152010
750 0 132 32 32 4.626178
750 9 32 64 64 4.227662
750 140 128 32 32 3.570916
750 407 132 32 32 3.330402
750 11 127 32 32 3.755243
750 305 17 24 24 2.424259
750 16 0 64 64 1.673923
750 245 130 28 28 2.352249
750 264 133 32 32 1.923035
750 272 127 32 32 2.151899
750 210 18 24 24 1.023492
750 441 126 36 36 0.759836
750 23 128 31 31 0.625571
750 11 112 32 32 0.963523
750 256 24 32 32 0.338076
750 240 10 40 40 0.333760
780 261 36 64 64 18.313064
780 312 126 36 36 8.160645
780 203 11 24 24 17.160537
780 351 32 64 64 5.353633
780 237 125 28 28 12.201474
780 268 112 32 32 7.312025
780 272 136 32 32 15.051053
780 259 112 32 32 6.565174
780 272 48 64 64 3.672157
780 26 18 64 64 10.365473
780 258 142 32 32 8.473851
780 288 32 64 64 3.488177
780 16 27 64 64 11.366177
780 0 22 64 64 5.287739
780 200 18 23 23 5.112970
780 280 140 32 32 6.209251
780 245 129 27 27 5.310475
780 289 126 34 34 6.743672
780 231 133 28 28 2.481390
780 263 128 32 32 2.090947
780 408 131 32 32 3.291338
780 298 144 36 36 2.582303
780 16 128 30 30 6.441449
780 304 16 24 24 3.076465
780 32 48 64 64 1.115813
780 441 126 36 36 0.961659
780 256 24 32 32 0.865799
780 240 10 40 40 0.682587
780 198 6 24 24 0.633326
780 15 112 32 32 0.850820
780 245 119 28 28 0.280544
780 0 128 32 32 0.222316
810 261 36 64 64 18.620090
810 203 11 24 24 16.929298
810 312 126 36 36 8.048761
810 269 112 32 32 8.412645
810 352 33 64 64 5.326246
810 233 127 27 27 11.401716
810 272 136 32 32 15.248657
810 259 112 32 32 7.026154
810 272 48 64 64 3.737469
810 258 142 32 32 9.115569
810 288 32 64 64 3.531560
810 277 141 32 32 9.298678
810 200 18 23 23 4.877760
810 15 28 64 64 10.661062
810 297 126 36 36 8.255290
810 27 21 64 64 7.629667
810 7 16 64 64 4.750278
810 261 128 32 32 3.392618
810 238 118 28 28 2.273284
810 245 129 28 28 4.172666
810 304 16 24 24 3.468805
810 408 131 32 32 3.268901
810 13 127 29 29 5.013571
810 280 128 32 32 1.510879
810 256 24 32 32 1.289513
810 297 144 36 36 0.911101
810 2 130 30 30 1.635031
810 224 133 28 28 0.798414
810 22 129 29 29 1.568214
810 440 126 36 36 0.681477
810 198 6 24 24 0.517419
810 11 112 32 32 0.889824
810 240 10 39 39 0.482124
810 32 48 64 64 0.333280
840 261 36 64 64 19.790291
840 311 126 36 36 9.146314
840 352 32 64 64 5.247411
840 203 11 24 24 15.878283
840 268 112 32 32 8.871655
840 5 29 64 64 13.578152
840 259 112 32 32 8.678328
840 26 20 64 64 9.869964
840 272 134 32 32 12.699105
840 288 32 64 64 3.866127
840 234 126 28 28 7.579167
840 272 48 64 64 3.711072
840 257 136 32 32 11.087127
840 241 119 28 28 5.195129
840 288 126 34 34 7.950015
840 114 133 28 28 4.654812
840 407 130 32 32 3.629070
840 260 128 32 32 4.148950
840 244 129 28 28 4.270020
840 198 6 24 24 2.064803
840 9 48 64 64 2.658556
840 277 144 32 32 2.219653
840 199 18 23 23 2.291361
840 306 14 24 24 2.397049
840 14 126 28 28 1.268018
840 306 114 24 24 1.162100
840 267 144 32 32 1.621424
840 256 24 32 32 0.849329
840 8 112 32 32 0.819774
840 3 133 29 29 1.240177
840 210 6 24 24 0.608360
840 300 18 24 24 0.359838
840 24 128 32 32 0.351220
840 240 10 40 40 0.309780
840 357 21 28 28 0.218608
840 297 144 36 36 0.043027
870 261 36 64 64 20.225913
870 311 126 36 36 8.299678
870 352 34 64 64 6.651081
870 202 11 24 24 16.424048
870 269 112 32 32 6.332226
870 12 117 29 29 18.486425
870 288 32 64 64 4.209747
870 273 134 32 32 11.349791
870 14 29 64 64 12.710095
870 272 48 64 64 3.536458
870 0 48 64 64 3.223494
870 27 20 64 64 8.357515
870 288 126 34 34 8.074575
870 408 131 32 32 4.720507
870 7 16 64 64 4.678261
870 24 142 37 37 3.604180
870 235 126 28 28 3.629546
870 198 6 24 24 2.197628
870 259 112 32 32 3.756483
870 27 126 36 36 1.825287
870 263 129 32 32 2.386740
870 17 126 28 28 3.188192
870 440 126 36 36 1.696999
870 0 115 29 29 3.135308
870 199 18 24 24 2.390007
870 230 129 27 27 2.941293
870 245 133 28 28 1.439083
870 257 138 32 32 2.751764
870 24 112 32 32 1.259605
870 306 14 23 23 2.186765
870 276 144 32 32 2.225195
870 306 114 24 24 1.231291
870 154 133 28 28 1.015187
870 7 126 28 28 0.944937
870 256 24 32 32 0.731853
870 264 140 32 32 1.283066
870 297 144 36 36 0.657750
870 408 144 32 32 0.536726
870 112 133 28 28 0.467533
870 210 6 24 24 0.426622
870 32 48 64 64 0.416414
870 300 18 24 24 0.199345
870 240 10 40 40 0.112525
900 398 112 32 32 8.601344
900 261 17 64 64 9.507006
900 185 154 43 43 12.968985
900 178 162 41 41 10.254474
900 215 17 48 48 19.941252
900 200 11 24 24 13.242944
900 351 156 42 42 6.328735
900 267 112 32 32 7.596751
900 273 26 64 64 9.889031
900 0 134 33 33 8.020820
900 201 5 24 24 5.841768
900 244 26 41 41 7.269334
900 272 128 32 32 3.035783
900 382 154 44 44 3.715430
900 198 172 38 38 4.248823
900 24 129 34 34 5.316268
900 283 112 28 28 5.552435
900 288 108 24 24 2.551561
900 336 97 27 27 2.543984
900 288 23 64 64 4.410114
900 7 32 64 64 4.416205
900 350 170 40 40 2.185445
900 432 169 36 36 2.253940
900 144 126 36 36 1.690357
900 210 11 24 24 1.808683
900 439 162 36 36 1.944751
900 384 210 24 24 1.429160
900 13 130 34 34 3.274169
900 112 116 28 28 2.131849
900 40 48 64 64 2.331655
900 305 12 24 24 1.184309
900 32 25 64 64 1.834731
900 216 171 36 36 1.112833
900 22 16 64 64 1.747768
900 144 152 32 32 0.791190
900 384 112 32 32 0.789520
900 343 119 28 28 0.765372
900 128 152 32 32 0.678075
900 300 17 24 24 0.525891
900 352 32 64 64 0.448572
900 204 18 24 24 0.324494
900 350 133 28 28 0.214352
900 240 10 40 40 0.101297
930 269 35 64 64 25.136512
930 263 47 64 64 10.532876
930 407 148 32 32 11.375909
930 351 35 64 64 9.385127
930 233 127 28 28 11.300708
930 200 10 24 24 13.259095
930 313 126 36 36 5.578957
930 257 135 32 32 9.406743
930 400 144 32 32 5.331330
930 201 6 24 24 6.755008
930 259 112 32 32 7.108914
930 14 132 32 32 10.524030
930 6 128 33 33 12.610180
930 176 140 32 32 4.660083
930 272 112 32 32 2.528690
930 30 140 40 40 2.377885
930 245 131 28 28 2.482634
930 5 112 32 32 2.766849
930 405 135 32 32 2.329264
930 300 126 36 36 2.494342
930 238 119 28 28 1.459140
930 303 12 24 24 2.887776
930 210 12 24 24 1.308766
930 264 131 32 32 2.493142
930 0 184 40 40 2.120620
930 301 18 24 24 1.261724
930 10 170 40 40 1.011514
930 256 24 32 32 0.927775
930 441 126 36 36 0.680132
930 355 21 28 28 0.544522
930 0 224 28 28 0.136314
930 204 18 24 24 0.135842
960 305 126 36 36 21.268880
960 311 145 35 35 13.564379
960 268 112 32 32 9.312853
960 200 11 23 23 13.059480
960 5 44 64 64 11.161171
960 307 161 36 36 13.484859
960 135 147 32 32 7.940030
960 272 135 32 32 13.899036
960 233 126 27 27 6.948649
960 256 112 32 32 4.091441
960 256 36 64 64 6.828975
960 0 135 33 33 12.018305
960 35 44 64 64 6.185255
960 257 134 32 32 10.584791
960 7 144 32 32 11.991603
960 201 6 24 24 6.049239
960 263 129 32 32 10.969926
960 352 16 64 64 2.954490
960 449 130 27 27 7.419964
960 287 126 35 35 3.067225
960 13 32 64 64 6.470471
960 176 148 32 32 4.567055
960 393 209 24 24 4.900012
960 277 144 32 32 3.490388
960 238 119 28 28 2.316738
960 24 144 32 32 1.954225
960 315 171 36 36 1.790094
960 8 128 34 34 2.312202
960 396 112 32 32 2.938521
960 245 132 28 28 1.654970
960 304 12 23 23 2.060633
960 12 151 32 32 2.723558
960 256 24 32 32 1.326088
960 385 154 44 44 1.319663
960 210 12 24 24 1.227030
960 288 16 64 64 1.120696
960 128 150 32 32 1.243504
960 384 112 32 32 0.913452
960 353 21 28 28 1.376279
960 300 15 24 24 1.099370
960 288 228 48 48 0.916842
960 0 152 32 32 0.434330
960 357 122 28 28 0.731756
960 343 119 28 28 0.357048
960 162 144 36 36 0.243624
960 480 18 24 24 0.179681
960 204 18 24 24 0.179195
960 455 126 28 28 0.179127
960 264 216 48 48 0.348880
960 384 209 24 24 0.173681
960 240 10 40 40 0.151423
960 192 144 32 32 0.148753
990 270 112 32 32 15.513503
990 352 35 64 64 6.932789
990 200 10 23 23 13.689748
990 8 24 37 37 18.173875
990 245 244 28 28 4.378476
990 264 170 46 46 10.968816
990 256 112 32 32 3.664038
990 201 6 24 24 6.800937
990 407 141 32 32 5.997501
990 243 116 27 27 7.922717
990 212 168 48 48 7.420662
990 107 84 24 24 2.865950
990 34 15 47 47 7.194531
990 304 13 24 24 3.519605
990 264 190 44 44 2.856867
990 441 126 36 36 1.584058
990 0 12 38 38 2.156283
990 210 11 23 23 1.363642
990 387 144 32 32 2.613281
990 256 24 32 32 1.204981
990 29 21 47 47 4.550637
990 272 128 32 32 0.742719
990 300 15 24 24 1.416905
990 144 210 24 24 0.642571
990 306 114 24 24 0.599076
990 239 231 28 28 0.769284
990 6 84 24 24 0.525853
990 389 151 32 32 0.816718
990 354 21 28 28 0.680467
990 480 18 24 24 0.390337
990 336 231 27 27 0.343551
990 220 190 40 40 0.329947
990 343 223 27 27 0.317343
990 204 18 24 24 0.238460
990 320 190 39 39 0.224109
990 392 136 32 32 0.135589
990 272 32 64 64 0.083638
1020 270 33 64 64 21.826981
1020 386 135 32 32 20.741952
1020 352 39 64 64 11.417366
1020 311 126 36 36 9.084190
1020 277 136 32 32 13.795828
1020 400 137 32 32 7.299558
1020 200 10 24 24 12.725329
1020 261 48 64 64 7.829853
1020 390 144 32 32 10.368582
1020 433 155 35 35 8.110189
1020 297 126 36 36 10.591800
1020 0 135 33 33 9.288285
1020 257 135 32 32 7.848780
1020 455 169 36 36 7.341656
1020 201 5 23 23 6.501146
1020 441 162 36 36 10.878526
1020 29 0 64 64 4.153170
1020 269 112 32 32 4.351223
1020 486 208 23 23 8.705113
1020 216 126 36 36 2.660238
1020 392 128 32 32 2.490671
1020 105 114 23 23 4.146817
1020 483 198 24 24 2.433912
1020 259 112 32 32 2.700883
1020 5 0 64 64 2.187594
1020 492 203 24 24 1.396447
1020 13 116 27 27 2.163159
1020 305 12 24 24 1.491231
1020 210 12 24 24 1.224639
1020 266 128 32 32 1.701352
1020 16 32 64 64 1.078368
1020 306 114 24 24 1.012984
1020 256 24 32 32 0.918272
1020 480 201 24 24 1.762117
1020 272 144 32 32 0.832791
1020 3 152 32 32 1.521555
1020 8 144 32 32 0.606186
1020 21 111 28 28 0.547707
1020 357 21 28 28 0.437405
1020 300 18 24 24 0.152761
1050 278 135 32 32 20.889835
1050 270 36 64 64 24.586382
1050 256 48 64 64 5.850830
1050 305 126 36 36 12.736294
1050 200 10 24 24 13.428324
1050 352 32 64 64 5.302783
1050 259 112 32 32 7.336748
1050 0 136 32 32 8.689770
1050 201 5 24 24 7.236385
1050 268 112 32 32 6.886665
1050 268 128 32 32 5.196653
1050 245 133 28 28 2.985055
1050 288 126 36 36 2.735787
1050 408 130 32 32 3.857614
1050 231 130 28 28 3.738021
1050 258 129 32 32 5.607322
1050 9 114 30 30 2.554558
1050 305 12 24 24 1.772342
1050 209 12 24 24 1.187156
1050 256 24 32 32 1.165052
1050 32 0 64 64 1.082186
1050 238 126 28 28 1.053794
1050 306 114 24 24 0.889154
1050 264 136 32 32 0.768697
1050 216 126 36 36 0.606444
1050 256 16 64 64 0.459701
1050 0 152 32 32 0.433257
1050 441 126 36 36 0.335898
1050 21 112 28 28 0.327990
1050 301 15 24 24 0.661970
1050 240 10 40 40 0.042338
1050 357 21 28 28 0.029787
1080 270 34 64 64 25.034575
1080 278 133 32 32 13.923411
1080 306 126 36 36 15.763065
1080 352 32 64 64 5.220355
1080 202 7 23 23 12.863136
1080 263 48 64 64 9.076704
1080 200 10 24 24 12.629800
1080 231 130 28 28 10.704858
1080 242 132 27 27 6.889230
1080 274 130 32 32 11.536864
1080 13 116 28 28 7.454311
1080 269 112 32 32 5.410770
1080 258 112 32 32 5.248409
1080 238 127 28 28 6.807743
1080 0 139 32 32 4.865752
1080 260 16 64 64 3.035825
1080 256 24 32 32 1.680100
1080 21 113 28 28 2.270276
1080 408 128 32 32 1.716951
1080 32 32 64 64 1.460937
1080 303 11 23 23 2.257867
1080 280 15 64 64 1.836968
1080 210 12 24 24 0.800515
1080 351 20 27 27 0.664007
1080 245 119 28 28 0.518084
1080 168 133 27 27 0.312476
1080 441 126 36 36 0.304803
1080 240 10 40 40 0.131147
1110 278 133 32 32 15.836292
1110 260 36 64 64 16.899888
1110 352 32 64 64 5.349104
1110 312 126 36 36 6.544314
1110 200 10 24 24 12.702505
1110 202 8 24 24 12.651739
1110 273 112 32 32 8.486379
1110 272 131 32 32 6.854577
1110 237 124 28 28 13.550787
1110 13 115 28 28 9.884544
1110 244 130 28 28 6.571046
1110 230 133 28 28 5.381842
1110 288 29 64 64 3.908756
1110 272 48 64 64 3.144027
1110 33 35 64 64 4.302625
1110 258 112 32 32 3.673303
1110 0 139 32 32 3.794751
1110 21 115 28 28 3.586317
1110 407 128 32 32 1.917181
1110 256 24 32 32 1.643860
1110 245 119 28 28 1.310375
1110 306 114 24 24 1.212621
1110 210 11 23 23 0.977133
1110 297 126 36 36 0.751304
1110 353 21 28 28 0.869136
1110 303 11 23 23 0.546364
1110 240 10 40 40 0.251217
1140 278 133 32 32 12.248288
1140 261 36 64 64 16.049299
1140 311 126 36 36 10.505006
1140 352 34 64 64 7.410688
1140 200 10 23 23 12.709796
1140 272 112 32 32 8.019686
1140 233 127 28 28 11.578926
1140 288 31 64 64 3.942202
1140 201 5 24 24 6.518470
1140 13 115 29 29 8.212010
1140 274 130 32 32 8.977334
1140 30 32 64 64 5.575433
1140 245 129 27 27 5.479122
1140 272 48 64 64 2.796030
1140 259 112 32 32 4.267640
1140 297 126 36 36 2.481286
1140 242 121 28 28 7.225345
1140 0 140 32 32 3.545647
1140 18 113 28 28 4.339077
1140 408 129 32 32 2.068921
1140 304 12 24 24 1.844906
1140 256 24 32 32 1.048785
1140 210 12 24 24 1.011984
1140 15 40 64 64 1.161744
1140 355 21 28 28 0.476375
1140 240 10 40 40 0.269772
1140 302 18 24 24 0.426893
1170 342 130 27 27 28.723455
1170 336 126 28 28 18.635172
1170 448 124 28 28 12.851294
1170 200 12 24 24 15.011182
1170 349 128 27 27 10.008779
1170 236 126 27 27 13.218731
1170 274 112 32 32 6.562725
1170 344 119 28 28 5.473393
1170 19 113 28 28 7.213449
1170 231 133 28 28 6.084748
1170 455 121 28 28 4.968731
1170 280 132 32 32 6.105440
1170 243 130 28 28 7.047371
1170 26 35 64 64 7.001429
1170 202 5 24 24 3.485421
1170 204 18 24 24 2.208664
1170 306 153 36 36 2.229785
1170 0 30 57 57 5.156443
1170 256 112 32 32 1.810146
1170 351 17 64 64 2.002847
1170 432 153 36 36 1.773901
1170 210 12 24 24 1.673973
1170 305 17 24 24 1.497060
1170 256 24 32 32 1.069015
1170 240 10 40 40 0.682488
1170 16 48 64 64 0.511497
1170 256 152 32 32 0.334558
1170 256 16 64 64 0.242808
1170 14 119 28 28 0.205296
1170 245 119 28 28 0.184572
1170 400 112 32 32 0.150405
1200 168 98 28 28 5.944830
1200 399 193 23 23 13.361783
1200 264 154 44 44 5.695080
1200 31 36 48 48 17.535774
1200 171 170 40 40 13.214592
1200 102 207 24 24 12.032296
1200 285 34 64 64 9.791739
1200 112 114 27 27 9.353855
1200 342 133 28 28 8.069205
1200 343 139 39 39 6.659837
1200 298 155 36 36 9.607369
1200 387 192 23 23 7.866028
1200 106 106 24 24 9.935229
1200 259 10 64 64 8.446001
1200 16 36 48 48 15.629250
1200 288 114 24 24 3.608890
1200 111 127 27 27 4.379704
1200 196 112 24 24 14.046900
1200 242 154 44 44 3.509440
1200 234 224 28 28 6.049603
1200 356 11 27 27 4.659381
1200 385 112 31 31 3.852421
1200 290 169 35 35 5.659843
1200 192 107 24 24 3.234209
1200 264 173 45 45 5.560071
1200 176 181 40 40 6.748233
1200 395 208 24 24 6.071614
1200 399 96 24 24 3.525835
1200 229 111 28 28 2.575710
1200 205 106 24 24 3.657334
1200 313 145 36 36 2.921515
1200 96 205 24 24 2.379998
1200 21 7 28 28 1.630279
1200 388 205 24 24 3.417306
1200 194 209 24 24 2.530436
1200 209 98 23 23 2.642889
1200 110 97 26 26 2.330260
1200 154 98 28 28 1.337587
1200 210 111 23 23 1.987631
1200 394 198 24 24 1.456021
1200 14 17 24 24 2.037081
1200 357 133 28 28 1.141138
1200 196 101 23 23 1.486076
1200 272 48 64 64 1.075044
1200 492 192 24 24 1.049528
1200 196 179 44 44 1.837598
1200 97 114 24 24 1.231989
1200 287 209 24 24 0.943835
1200 350 0 40 40 0.866796
1200 300 210 24 24 0.635274
1200 386 198 24 24 0.844594
1200 102 198 24 24 0.462999
1200 272 0 64 64 0.439048
1200 393 114 24 24 0.662243
1200 176 154 44 44 0.369962
1200 108 204 23 23 0.360526
1200 160 179 40 40 0.355741
1200 401 203 24 24 0.311343
1200 480 192 24 24 0.215726
1200 101 101 24 24 0.160921
1200 224 98 28 28 0.136725
1230 492 113 24 24 33.340984
1230 394 113 24 24 26.376481
1230 383 113 23 23 10.137775
1230 482 113 24 24 18.760033
1230 301 108 24 24 18.561359
1230 451 112 28 28 10.658077
1230 417 36 47 47 14.933936
1230 451 98 28 28 10.809603
1230 198 10 23 23 17.345542
1230 204 8 24 24 9.408804
1230 466 244 28 28 10.413144
1230 495 107 24 24 6.628706
1230 136 257 32 32 10.889071
1230 464 112 28 28 5.217585
1230 464 97 27 27 5.982279
1230 420 204 48 48 6.974812
1230 20 26 64 64 8.129635
1230 7 114 30 30 7.673073
1230 216 30 48 48 10.688078
1230 303 102 24 24 5.441163
1230 231 98 28 28 2.913954
1230 27 3 64 64 5.216877
1230 289 106 24 24 5.136741
1230 387 108 24 24 3.577309
1230 0 16 64 64 1.441484
1230 192 6 24 24 1.381670
1230 374 204 44 44 1.854568
1230 395 256 32 32 2.104227
1230 306 114 24 24 1.027389
1230 455 245 28 28 0.871445
1230 17 117 29 29 2.190904
1230 7 126 27 27 0.845316
1230 294 114 24 24 0.653064
1230 300 96 24 24 0.595306
1230 402 107 24 24 0.398685
1230 18 204 23 23 0.346731
1230 245 98 28 28 0.281386
1230 486 108 23 23 0.187297
1230 264 12 48 48 0.050490
1260 197 6 24 24 20.434805
1260 3 114 30 30 14.930371
1260 233 126 28 28 12.062953
1260 194 11 23 23 9.006378
1260 259 112 32 32 7.771992
1260 442 171 36 36 6.497853
1260 6 124 28 28 11.563130
1260 270 112 32 32 9.200141
1260 243 132 27 27 6.105762
1260 273 128 32 32 7.059197
1260 240 170 40 40 3.077483
1260 216 32 48 48 6.361142
1260 242 154 44 44 1.900788
1260 14 122 28 28 3.507990
1260 220 10 40 40 1.668360
1260 355 20 28 28 2.239393
1260 204 12 24 24 1.531785
1260 220 170 40 40 1.436901
1260 0 16 64 64 1.350875
1260 480 204 24 24 1.046888
1260 16 0 64 64 0.838741
1260 306 96 23 23 0.489904
1260 256 128 32 32 0.459744
1260 0 152 32 32 0.381083
1260 21 14 28 28 0.334269
1260 288 210 24 24 0.365844
1260 224 133 28 28 0.108233
1260 280 152 32 32 0.075873
1260 238 119 28 28 0.053019
1260 256 16 64 64 0.045931
1290 303 97 24 24 22.940780
1290 191 5 23 23 11.613838
1290 242 31 44 44 6.448309
1290 290 101 23 23 11.438483
1290 297 101 23 23 9.198920
1290 212 21 48 48 26.085950
1290 207 16 47 47 23.357146
1290 306 109 24 24 5.293718
1290 0 125 28 28 5.760985
1290 264 7 48 48 11.726230
1290 352 40 64 64 6.046806
1290 264 31 44 44 3.187280
1290 408 145 32 32 3.634990
1290 20 240 28 28 4.540768
1290 291 95 24 24 4.361720
1290 144 152 32 32 2.419336
1290 298 114 24 24 2.238527
1290 220 10 40 40 1.357945
1290 353 154 44 44 1.155330
1290 0 209 44 44 0.965529
1290 4 111 28 28 1.484461
1290 144 136 32 32 0.706512
1290 0 0 64 64 0.588240
1290 448 7 28 28 0.579511
1290 392 152 32 32 0.571209
1290 350 14 28 28 0.570530
1290 197 32 44 44 0.325449
1290 357 21 28 28 0.271907
1290 343 21 28 28 0.070275
1290 7 133 27 27 0.041015
1320 271 128 32 32 19.184094
1320 314 162 35 35 16.250654
1320 282 43 64 64 14.243421
1320 242 113 27 27 11.116363
1320 30 169 47 47 19.582544
1320 459 147 36 36 6.743227
1320 16 100 24 24 8.971343
1320 0 23 46 46 18.237270
1320 493 84 24 24 4.734294
1320 115 0 27 27 7.447692
1320 261 36 64 64 9.761790
1320 130 146 32 32 9.777601
1320 134 152 32 32 7.397288
1320 256 128 32 32 3.514701
1320 237 119 27 27 9.224075
1320 175 112 32 32 3.326626
1320 313 144 36 36 3.605360
1320 32 187 42 42 4.271827
1320 288 210 24 24 2.962027
1320 168 130 28 28 4.338728
1320 306 152 36 36 2.995348
1320 290 158 36 36 6.259496
1320 224 116 28 28 3.331501
1320 132 4 24 24 4.397742
1320 192 112 32 32 2.075107
1320 242 154 44 44 1.808451
1320 144 147 32 32 2.868704
1320 168 119 28 28 1.399483
1320 228 112 27 27 2.336794
1320 340 140 40 40 1.261752
1320 21 178 43 43 1.591522
1320 231 0 27 27 1.241575
1320 12 189 40 40 1.454387
1320 175 128 32 32 0.913095
1320 383 0 32 32 0.712745
1320 8 96 24 24 0.824600
1320 304 169 36 36 0.777771
1320 170 10 40 40 0.193828
1320 191 128 32 32 0.005178
1350 2 2 29 29 14.234003
1350 2 31 64 64 11.244270
1350 216 168 48 48 10.510272
1350 15 126 36 36 5.456286
1350 111 112 27 27 4.623403
1350 193 13 46 46 15.364813
1350 241 184 42 42 6.462865
1350 0 14 26 26 3.963782
1350 210 84 24 24 2.750698
1350 224 130 28 28 3.732289
1350 458 223 28 28 4.628755
1350 112 125 28 28 3.050106
1350 181 23 41 41 5.759352
1350 276 136 32 32 2.855923
1350 245 231 28 28 1.661169
1350 280 152 32 32 1.642909
1350 264 176 44 44 1.629312
1350 469 224 28 28 1.604268
1350 24 144 32 32 1.194332
1350 15 5 28 28 2.775166
1350 220 18 40 40 1.085466
1350 224 231 28 28 0.783900
1350 20 20 27 27 0.663066
1350 144 0 24 24 0.406173
1350 160 190 40 40 0.224621
1350 0 144 32 32 0.062135
1350 0 176 44 44 0.034907
1380 450 169 36 36 23.987914
1380 144 84 24 24 7.795837
1380 485 203 24 24 27.828708
1380 175 131 32 32 11.156099
1380 170 161 39 39 12.891473
1380 482 210 24 24 8.479726
1380 482 198 24 24 8.929797
1380 176 112 32 32 4.271554
1380 217 162 37 37 8.913566
1380 432 171 36 36 4.056561
1380 341 168 40 40 9.297243
1380 454 162 36 36 6.410959
1380 112 130 28 28 5.583086
1380 192 112 32 32 3.162945
1380 192 128 32 32 3.119395
1380 389 208 24 24 10.427077
1380 492 210 24 24 2.887865
1380 193 155 42 42 6.741602
1380 161 141 38 38 4.452254
1380 494 198 24 24 4.639866
1380 256 136 32 32 6.551253
1380 220 140 40 40 2.359666
1380 15 46 64 64 2.293796
1380 198 166 36 36 2.911741
1380 363 11 44 44 1.589299
1380 224 123 28 28 2.271031
1380 390 198 24 24 1.453615
1380 30 32 64 64 1.551925
1380 164 180 40 40 2.257619
1380 162 126 36 36 1.186806
1380 96 210 24 24 1.178081
1380 180 170 40 40 1.108519
1380 498 204 24 24 1.029344
1380 154 126 28 28 0.834143
1380 174 145 34 34 1.684386
1380 119 126 27 27 0.644607
1380 402 210 24 24 0.555468
1380 350 160 40 40 0.303165
1380 136 16 32 32 0.243113
1380 396 204 24 24 0.106298
1380 96 12 24 24 0.096212
1380 240 160 40 40 0.051743
1410 11 97 25 25 24.071781
1410 132 192 24 24 4.263221
1410 6 112 24 24 11.610520
1410 6 102 24 24 17.320645
1410 15 101 24 24 17.931708
1410 12 106 25 25 12.923162
1410 220 140 40 40 3.448516
1410 0 97 24 24 4.871302
1410 448 129 28 28 5.050466
1410 0 133 27 27 2.435967
1410 149 159 36 36 6.524247
1410 148 153 36 36 3.872883
1410 455 126 27 27 1.153056
1410 18 114 24 24 0.775002
1410 459 144 36 36 0.615854
1410 6 84 24 24 0.557681
1410 18 84 24 24 0.124587
1410 0 108 24 24 0.064219
1440 456 126 36 36 7.283586
1440 347 131 28 28 8.019510
1440 126 133 28 28 2.336050
1440 7 135 32 32 1.737267
1440 315 126 36 36 1.319477
1440 352 48 64 64 0.854647
1440 392 141 32 32 1.228300
1470 352 36 64 64 8.709100
1470 450 131 27 27 15.316763
1470 404 128 32 32 7.766734
1470 464 132 28 28 7.144469
1470 452 125 27 27 9.136402
1470 432 126 36 36 3.949286
1470 23 131 32 32 3.029264
1470 392 128 32 32 1.344316
1470 112 127 28 28 1.395754
1470 384 6 24 24 0.861039
1470 315 126 36 36 0.789920
1470 256 32 64 64 0.747971
1470 272 128 32 32 0.587510
1470 288 48 64 64 0.312615
1500 456 145 36 36 9.530544
1500 461 129 31 31 8.909372
1500 112 125 27 27 3.786156
1500 441 0 36 36 2.493772
1500 466 0 28 28 3.748939
1500 192 128 32 32 1.772184
1500 448 124 28 28 5.012805
1500 309 125 35 35 2.801559
1500 402 114 23 23 1.457024
1500 468 119 27 27 1.606834
1500 272 32 64 64 1.241292
1500 0 16 64 64 1.224149
1500 462 7 27 27 0.977509
1500 343 133 27 27 0.653501
1500 469 21 28 28 0.476998
1500 192 112 32 32 0.456711
1500 488 114 23 23 0.693697
1500 455 21 28 28 0.298183
1500 455 0 28 28 0.286628
1530 386 198 24 24 7.873354
1530 0 144 32 32 3.831324
1530 192 112 32 32 3.242121
1530 397 207 23 23 7.819839
1530 396 198 24 24 2.499256
1530 388 204 24 24 3.333641
1530 402 204 24 24 2.120219
1530 384 135 32 32 5.302312
1530 112 119 28 28 1.739544
1530 349 160 40 40 1.414272
1530 16 0 64 64 0.874148
1530 0 133 27 27 0.610362
1530 357 133 28 28 0.368841
1530 288 48 64 64 0.244321
1530 280 128 32 32 0.030464
1560 192 112 32 32 4.004665
1560 288 126 36 36 2.567152
1560 110 112 26 26 2.784918
1560 12 131 28 28 2.708671
1560 455 133 28 28 1.047253
1560 48 16 64 64 0.630201
1560 2 112 31 31 0.762621
1560 498 204 24 24 0.036711
1590 309 145 36 36 22.184075
1590 17 131 30 30 10.310547
1590 274 48 64 64 5.621054
1590 311 153 36 36 7.662893
1590 0 131 31 31 9.613924
1590 113 117 27 27 10.055748
1590 321 140 40 40 3.897946
1590 119 115 28 28 5.730046
1590 0 96 24 24 2.200396
1590 10 133 33 33 6.774195
1590 24 112 32 32 2.095455
1590 192 112 32 32 2.085834
1590 2 143 32 32 2.669642
1590 306 126 36 36 1.397514
1590 48 11 64 64 1.483835
1590 479 102 24 24 0.744103
1620 113 113 27 27 20.422932
1620 336 98 28 28 7.150014
1620 338 112 28 28 7.751957
1620 414 168 48 48 16.518634
1620 416 192 48 48 12.011018
1620 388 112 23 23 9.163016
1620 356 154 44 44 5.414218
1620 288 21 64 64 4.129114
1620 285 43 64 64 5.003018
1620 119 119 28 28 2.613718
1620 350 185 41 41 3.515173
1620 396 168 48 48 4.764296
1620 392 204 24 24 3.821677
1620 18 133 27 27 3.058320
1620 458 245 28 28 3.286487
1620 126 112 28 28 1.595112
1620 401 197 24 24 1.867150
1620 48 0 64 64 1.499705
1620 354 111 28 28 2.166400
1620 306 114 24 24 1.273403
1620 469 226 28 28 1.635648
1620 384 108 24 24 0.923150
1620 469 245 28 28 0.886550
1620 111 98 28 28 0.815054
1620 444 170 35 35 0.726223
1620 330 140 40 40 0.246710
1620 300 108 24 24 0.114589
1650 19 125 28 28 21.263253
1650 406 191 48 48 27.244252
1650 116 112 28 28 9.599028
1650 347 98 28 28 9.692775
1650 10 113 30 30 21.148081
1650 38 0 64 64 9.426785
1650 394 114 24 24 7.813093
1650 353 111 27 27 6.228799
1650 386 114 24 24 5.978390
1650 18 112 27 27 5.104580
1650 408 168 48 48 6.118536
1650 401 0 32 32 2.115459
1650 480 102 24 24 1.570195
1650 108 114 24 24 1.333645
1650 383 192 48 48 2.550328
1650 469 98 28 28 1.138366
1650 337 112 28 28 0.995739
1650 420 36 48 48 1.630982
1650 245 112 28 28 0.686968
1650 336 97 27 27 0.603684
1650 352 0 64 64 0.510672
1650 492 102 24 24 0.073447
1650 306 113 24 24 0.070801
1680 2 117 27 27 11.670938
1680 14 113 28 28 13.134289
1680 352 0 64 64 3.531834
1680 450 113 28 28 7.800438
1680 339 97 27 27 6.160830
1680 384 112 32 32 3.262087
1680 216 36 48 48 6.023728
1680 19 116 29 29 9.007976
1680 450 133 27 27 2.154524
1680 448 17 28 28 2.696419
1680 416 35 48 48 3.484222
1680 112 98 28 28 1.218510
1680 480 108 24 24 1.047799
1680 454 121 27 27 1.476823
1680 448 7 27 27 0.670626
1680 102 114 24 24 0.631746
1680 455 98 28 28 0.532543
1680 6 108 23 23 0.430314
1680 16 0 64 64 0.314389
1680 396 35 48 48 0.361710
1710 107 114 24 24 7.297415
1710 353 7 61 61 12.557986
1710 339 111 27 27 10.308713
1710 17 114 30 30 18.607589
1710 469 1 28 28 5.692149
1710 497 112 24 24 5.223427
1710 487 16 24 24 12.023405
1710 479 5 23 23 10.301164
1710 489 12 24 24 7.814528
1710 455 128 27 27 6.302056
1710 392 112 32 32 3.442686
1710 203 36 48 48 4.654174
1710 352 32 64 64 1.658532
1710 381 20 35 35 2.113307
1710 350 112 28 28 1.529044
1710 240 112 28 28 2.516562
1710 176 112 32 32 1.465782
1710 245 119 28 28 0.720965
1710 192 112 32 32 0.626327
1710 0 112 32 32 0.040692
1740 99 114 24 24 11.136557
1740 342 112 28 28 10.058155
1740 1 84 24 24 4.850965
1740 1 117 28 28 6.114319
1740 245 117 28 28 4.330465
1740 239 111 28 28 4.412128
1740 456 21 36 36 8.444773
1740 450 22 36 36 5.208135
1740 48 11 64 64 3.020960
1740 204 36 48 48 4.027414
1740 0 108 23 23 1.598399
1740 5 102 24 24 1.222265
1740 131 11 23 23 0.561854
1770 352 113 28 28 10.353132
1770 48 9 64 64 6.966853
1770 206 28 47 47 12.649226
1770 211 33 47 47 12.286316
1770 390 114 24 24 2.299368
1770 448 14 28 28 1.427998
1770 96 114 24 24 0.916248
1770 238 98 28 28 0.596412
1770 210 114 24 24 0.525044
1770 272 0 64 64 0.329762
1770 36 36 48 48 0.464952
1770 192 36 48 48 0.152526
1800 48 14 64 64 5.402842
1800 4 31 51 51 12.037307
1800 291 114 24 24 3.409208
1800 390 113 24 24 1.676094
1800 19 97 27 27 1.003595
1800 480 18 24 24 0.383609
1800 448 112 28 28 0.123378
1800 27 9 36 36 0.079610
1830 101 112 24 24 23.859778
1830 96 108 24 24 5.612721
1830 108 108 24 24 3.449553
1830 304 113 24 24 3.749544
1830 2 23 56 56 5.456159
1830 21 118 28 28 2.785288
1830 0 2 28 28 4.125590
1830 0 11 25 25 4.864546
1830 456 118 28 28 2.485772
1830 459 98 28 28 2.183389
1830 48 0 64 64 1.128581
1830 461 114 28 28 2.014869
1830 226 98 28 28 1.627224
1830 465 119 28 28 1.416050
1830 112 112 28 28 0.429637
1830 6 18 24 24 0.298788
1830 357 133 28 28 0.267246
