30 256 12 64 64 7.548962
30 224 129 28 28 2.518604
30 231 126 28 28 0.938131
30 176 112 32 32 0.769398
30 128 112 32 32 0.504574
30 192 112 32 32 0.052514
60 305 24 36 36 22.079183
60 297 18 36 36 3.677206
60 131 112 32 32 5.034618
60 315 18 36 36 2.704123
60 127 128 30 30 3.535181
60 154 126 28 28 1.778707
60 280 112 32 32 1.421649
60 192 112 32 32 1.339765
60 256 0 64 64 1.131090
60 224 131 28 28 1.392254
60 48 24 64 64 1.586428
60 0 112 32 32 0.452299
60 24 16 64 64 0.643751
60 48 0 64 64 0.206986
60 119 126 28 28 0.169755
90 313 9 36 36 25.504910
90 258 2 64 64 11.744875
90 34 20 64 64 11.946472
90 308 23 36 36 11.974216
90 42 27 64 64 10.368909
90 390 128 32 32 4.680564
90 335 129 27 27 5.051099
90 115 133 27 27 4.569183
90 306 0 36 36 2.271260
90 498 12 24 24 1.266274
90 176 112 32 32 1.239760
90 192 112 32 32 0.976294
90 24 112 32 32 0.814517
90 21 126 27 27 0.626966
90 16 32 64 64 0.614275
90 128 112 32 32 0.520409
90 280 112 32 32 0.386689
90 297 9 36 36 0.267264
90 126 133 28 28 0.203330
90 336 14 28 28 0.064646
120 316 2 37 37 24.022005
120 384 130 32 32 15.222235
120 337 132 27 27 9.807583
120 2 131 30 30 16.964075
120 336 7 27 27 11.437515
120 176 112 32 32 4.307865
120 336 17 28 28 7.269989
120 342 1 27 27 3.253904
120 318 12 38 38 3.064126
120 14 133 28 28 2.054182
120 192 112 32 32 1.624603
120 112 126 28 28 1.583167
120 280 112 32 32 1.441536
120 392 136 32 32 1.187752
150 392 130 32 32 22.923426
150 112 129 27 27 9.788722
150 330 3 40 40 8.408720
150 192 112 32 32 4.672314
150 0 128 28 28 7.874148
150 176 112 32 32 3.591801
150 400 136 32 32 3.509935
150 23 16 64 64 5.784522
150 351 24 64 64 5.468391
150 38 0 64 64 3.973658
150 6 130 28 28 2.749929
150 48 16 64 64 1.147097
150 112 119 28 28 0.726738
150 384 136 32 32 0.162537
180 279 112 32 32 5.908153
180 7 112 31 31 11.588054
180 192 112 32 32 3.595339
180 24 112 32 32 2.821676
180 337 126 27 27 3.059274
180 357 13 27 27 1.296976
180 111 126 28 28 1.084618
180 48 16 64 64 1.031525
180 0 125 28 28 0.496357
180 24 128 32 32 0.310937
210 391 130 32 32 22.365314
210 384 132 32 32 8.892700
210 403 136 32 32 4.443570
210 176 112 32 32 1.930460
210 17 112 32 32 2.183714
210 192 112 32 32 0.805249
210 21 126 28 28 0.609303
210 392 144 32 32 0.282616
210 21 14 28 28 0.239762
210 280 112 32 32 0.034021
240 389 130 32 32 27.138151
240 387 136 32 32 15.232385
240 176 112 32 32 4.789780
240 112 127 28 28 5.025106
240 224 122 28 28 4.528979
240 456 126 36 36 2.453998
240 436 126 36 36 3.379398
240 192 112 32 32 1.283211
240 154 3 28 28 1.822349
240 176 8 32 32 0.580217
240 24 112 32 32 0.325275
240 136 0 32 32 0.070573
240 272 16 64 64 0.065940
270 117 130 27 27 13.160444
270 224 119 28 28 5.096927
270 350 129 27 27 5.488682
270 121 119 28 28 4.309250
270 408 128 32 32 2.576894
270 112 125 28 28 2.554621
270 126 112 28 28 1.402151
270 175 112 32 32 0.987350
270 168 126 28 28 0.740678
270 24 112 32 32 0.656514
270 48 0 64 64 0.645827
270 272 16 64 64 0.445722
300 273 16 64 64 20.080558
300 154 116 28 28 7.310423
300 397 128 32 32 7.465934
300 343 132 28 28 11.805107
300 116 112 28 28 5.675428
300 280 32 64 64 5.679463
300 256 32 64 64 2.368736
300 168 119 28 28 1.474757
300 288 0 64 64 1.057079
300 6 114 24 24 0.883630
300 224 112 28 28 0.762563
300 144 112 32 32 0.417598
300 16 16 64 64 0.185533
300 96 114 24 24 0.177501
300 400 112 32 32 0.054380
330 154 97 27 27 3.002020
330 281 0 64 64 3.774743
330 210 103 24 24 2.370319
330 34 36 48 48 4.149692
330 119 112 27 27 1.211818
330 168 98 28 28 1.082955
330 132 114 23 23 0.978105
330 122 98 28 28 1.860210
330 96 108 24 24 0.438097
330 204 108 24 24 0.302945
360 96 112 24 24 14.199827
360 290 107 23 23 4.588765
360 481 0 24 24 2.428152
360 16 98 28 28 1.806041
360 0 36 48 48 0.855412
360 102 108 24 24 0.208491
360 352 0 64 64 0.051820
360 264 36 47 47 0.060072
390 294 106 24 24 18.452871
390 352 113 28 28 12.790554
390 8 126 28 28 13.340905
390 130 112 25 25 9.711093
390 2 98 26 26 7.654251
390 121 98 28 28 9.505598
390 9 113 28 28 7.947260
390 11 133 27 27 5.631123
390 357 119 28 28 2.619014
390 209 96 24 24 2.018073
390 12 99 24 24 5.434466
390 13 119 28 28 3.991368
390 288 101 24 24 1.576596
390 144 114 23 23 1.428378
390 176 33 44 44 1.119853
390 20 97 27 27 0.854261
390 306 108 23 23 0.686377
390 459 0 36 36 0.665575
390 343 119 28 28 0.579362
390 492 18 24 24 0.428134
390 450 9 36 36 0.418084
390 300 102 24 24 0.318328
390 448 119 28 28 0.042667
420 10 0 64 64 6.379349
420 454 131 27 27 3.746253
420 283 13 64 64 4.424129
420 354 119 28 28 3.011087
420 21 112 28 28 1.989787
420 16 12 24 24 2.785379
420 269 3 64 64 5.143682
420 293 108 24 24 2.359912
420 107 12 24 24 1.343150
420 0 98 28 28 1.235728
420 208 96 24 24 1.187957
420 204 18 24 24 0.617556
420 204 100 24 24 0.773437
420 447 128 27 27 0.830070
420 343 119 28 28 0.145348
420 300 102 24 24 0.007101
450 20 113 30 30 29.124695
450 209 98 24 24 13.507882
450 2 116 28 28 15.770761
450 10 116 28 28 17.675627
450 21 126 28 28 5.527606
450 450 133 28 28 8.324696
450 6 112 29 29 15.706906
450 350 119 28 28 0.983194
450 12 36 48 48 0.969284
450 486 102 24 24 0.343972
450 462 133 28 28 0.303305
450 306 108 23 23 0.235149
480 3 32 46 46 51.938891
480 208 103 24 24 7.901719
480 17 26 46 46 17.809236
480 41 0 64 64 6.074902
480 468 133 28 28 2.761543
480 18 114 24 24 2.676094
480 28 35 47 47 8.888700
480 35 30 47 47 6.974134
480 193 102 24 24 1.941587
480 199 105 24 24 1.668567
510 33 0 64 64 8.150582
510 21 111 28 28 2.874804
510 200 96 24 24 4.426903
510 449 127 28 28 4.333403
510 98 114 24 24 4.075790
510 10 297 35 35 4.504609
510 402 114 23 23 1.601359
510 464 133 28 28 2.444192
510 27 297 36 36 1.441505
510 119 97 27 27 1.143968
510 119 112 28 28 0.981810
510 144 96 24 24 0.867879
510 209 95 24 24 0.726861
510 170 30 40 40 0.626358
510 208 84 24 24 0.768808
510 12 12 24 24 0.502973
510 0 96 24 24 0.286810
510 24 36 48 48 0.533698
510 18 306 36 36 0.227828
540 4 4 64 64 9.863840
540 20 36 48 48 9.523472
540 462 133 28 28 2.768476
540 18 112 28 28 3.524996
540 315 0 36 36 1.316503
540 32 0 64 64 1.089240
540 21 98 28 28 1.039531
540 493 113 24 24 1.351042
540 294 114 24 24 0.674423
570 18 113 28 28 20.376767
570 8 112 29 29 14.439406
570 14 119 28 28 3.156372
570 21 126 28 28 2.806746
570 132 110 24 24 1.990681
570 12 36 48 48 1.807304
570 126 98 28 28 0.679294
570 272 0 64 64 0.445598
600 18 111 27 27 7.412091
600 44 10 64 64 7.369836
600 1 112 28 28 4.753279
600 7 16 64 64 5.529575
600 282 0 64 64 3.464721
600 273 112 32 32 2.639991
600 15 32 64 64 0.353209
630 1 129 28 28 12.164161
630 5 127 28 28 14.973764
630 23 128 31 31 3.147016
630 0 2 64 64 2.811040
630 231 119 28 28 2.358523
630 447 112 28 28 2.305644
630 15 133 28 28 2.470031
630 280 128 32 32 1.924626
630 346 119 28 28 2.141582
630 0 112 32 32 0.965274
630 336 119 28 28 0.573093
630 352 32 64 64 0.353492
630 343 126 28 28 0.283651
630 276 112 32 32 0.495129
660 336 18 27 27 7.590774
660 230 122 28 28 6.438648
660 20 123 27 27 4.483863
660 396 114 24 24 2.243213
660 384 0 24 24 0.907875
660 384 112 32 32 0.692367
660 238 126 28 28 0.488129
660 17 112 32 32 0.270280
660 343 14 28 28 0.228745
690 267 127 32 32 4.920358
690 237 119 28 28 1.358220
690 336 126 28 28 0.362436
690 0 119 28 28 0.248325
690 6 126 28 28 0.090169
720 278 134 32 32 10.895708
720 267 128 32 32 7.727001
720 347 112 27 27 6.717102
720 344 119 28 28 2.636086
720 350 123 28 28 1.814885
720 288 16 64 64 0.895085
720 272 48 64 64 0.692369
750 294 144 36 36 4.855195
750 336 0 40 40 2.655211
750 384 139 32 32 1.878810
750 0 126 27 27 0.878968
780 314 145 36 36 11.296326
780 336 160 40 40 4.517971
780 332 140 40 40 2.441270
780 384 192 24 24 0.502911
780 288 46 64 64 0.050058
780 330 170 40 40 0.036564
810 18 113 27 27 16.845771
810 13 118 27 27 15.804187
810 6 114 27 27 12.802263
810 407 194 48 48 23.698950
810 386 203 46 46 15.705030
810 124 123 28 28 8.070409
810 376 153 41 41 3.900739
810 467 236 28 28 6.776116
810 126 112 27 27 2.780920
810 468 226 28 28 4.352038
810 389 152 32 32 3.034298
810 0 116 28 28 3.516469
810 383 146 32 32 2.707157
810 384 84 24 24 1.711790
810 119 119 28 28 1.277918
810 484 302 24 24 2.656994
810 420 204 48 48 2.147684
810 455 126 28 28 0.881833
810 420 167 47 47 1.631548
810 480 306 24 24 0.368280
810 462 231 27 27 0.318058
810 402 12 24 24 0.266926
810 300 114 24 24 0.017190
840 114 117 27 27 11.084455
840 403 227 47 47 12.499620
840 0 116 26 26 5.942895
840 392 219 48 48 15.978930
840 115 112 28 28 4.563871
840 420 36 48 48 1.143068
870 112 119 28 28 3.170829
870 395 96 24 24 3.519972
870 395 0 32 32 1.786033
870 350 140 40 40 0.565189
900 276 128 32 32 9.210322
900 391 97 24 24 6.429165
900 392 18 24 24 5.138210
900 21 233 28 28 4.230731
900 399 18 24 24 5.109305
900 498 96 24 24 1.644088
900 98 114 24 24 2.098864
900 392 0 32 32 1.085859
900 498 83 23 23 0.921070
900 396 102 24 24 0.491188
900 48 48 64 64 0.464283
900 14 245 28 28 0.294251
930 481 208 24 24 13.023348
930 397 99 24 24 13.836435
930 390 96 24 24 4.125373
930 405 128 32 32 2.289347
930 486 204 24 24 1.358809
930 216 145 36 36 1.757308
930 402 96 24 24 0.997710
930 162 153 36 36 0.946874
930 11 176 44 44 0.664329
930 29 170 40 40 0.467343
930 384 6 24 24 0.462132
930 402 18 23 23 0.457577
930 352 48 64 64 0.228824
930 400 0 32 32 0.116995
960 400 97 24 24 15.525505
960 389 1 24 24 5.116425
960 144 162 36 36 1.385223
960 484 210 23 23 0.995058
960 231 21 28 28 0.673876
960 408 0 32 32 0.273212
990 402 98 24 24 5.118658
990 408 0 32 32 3.247960
990 144 171 36 36 2.432822
990 392 0 24 24 4.828014
990 220 170 40 40 2.260348
990 28 172 45 45 3.581354
990 280 112 32 32 1.705844
990 394 6 24 24 1.787984
990 402 192 24 24 1.228861
990 230 21 28 28 0.335269
1020 394 1 24 24 5.876051
1020 432 126 36 36 1.999439
1020 245 224 28 28 0.750538
1020 231 14 28 28 0.777342
1020 280 112 32 32 0.639047
1020 402 102 24 24 0.544716
1020 390 6 24 24 0.477203
1020 288 126 36 36 0.093585
1050 448 133 28 28 3.785939
1050 397 1 23 23 5.921802
1050 126 224 28 28 1.970832
1050 231 19 28 28 1.742999
1050 30 190 40 40 0.939449
1050 4 127 32 32 1.224785
1050 204 168 48 48 0.310290
1080 449 133 28 28 5.723423
1080 10 189 40 40 2.754706
1080 399 0 24 24 3.821234
1080 0 230 28 28 1.651614
1080 231 9 28 28 2.009627
1080 231 21 28 28 1.534086
1080 432 126 36 36 0.453791
1080 112 238 28 28 0.137509
1080 32 32 64 64 0.121675
1110 454 131 27 27 9.767457
1110 13 230 28 28 11.179986
1110 21 226 27 27 3.932450
1110 399 0 23 23 3.162560
1110 228 13 28 28 2.803134
1110 462 119 28 28 1.071986
1110 7 238 28 28 0.898391
1110 280 112 32 32 0.817521
1110 220 140 40 40 0.804718
1110 384 33 44 44 0.085072
1110 469 133 28 28 0.063968
1140 99 292 23 23 14.196656
1140 450 124 28 28 12.846427
1140 452 118 27 27 9.520790
1140 0 225 28 28 3.856531
1140 96 288 24 24 2.118278
1140 450 112 28 28 2.713583
1140 108 288 24 24 1.104221
1140 462 122 28 28 1.911493
1140 453 133 28 28 1.058838
1140 227 6 28 28 1.342907
1140 0 238 28 28 0.653929
1140 384 34 46 46 1.484757
1140 24 204 48 48 0.503206
1170 449 130 28 28 14.918597
1170 454 127 28 28 16.219903
1170 460 130 27 27 11.724155
1170 25 162 39 39 6.756064
1170 352 10 64 64 4.088638
1170 227 6 28 28 3.693914
1170 306 114 24 24 1.071704
1170 237 130 28 28 1.440551
1170 384 24 48 48 1.028678
1170 288 144 36 36 0.461401
1200 455 127 28 28 12.529411
1200 448 130 29 29 9.890648
1200 25 165 37 37 5.270786
1200 462 133 28 28 7.360565
1200 352 11 64 64 2.376882
1200 226 5 27 27 3.502461
1200 237 131 28 28 0.585213
1200 384 24 47 47 0.695887
1200 0 128 32 32 0.049165
1230 461 119 28 28 29.252496
1230 457 126 28 28 11.162727
1230 448 118 28 28 6.873996
1230 352 0 64 64 4.141264
1230 456 112 28 28 6.380319
1230 227 6 27 27 3.134518
1230 469 126 28 28 0.935140
1230 432 153 36 36 0.745860
1230 400 144 32 32 0.245262
1230 224 133 28 28 0.240300
1230 238 133 28 28 0.053932
1260 455 133 28 28 9.474609
1260 352 10 64 64 5.023535
1260 272 136 32 32 6.155271
1260 435 126 36 36 4.082976
1260 384 30 45 45 2.727972
1260 0 128 32 32 1.833419
1260 225 7 27 27 2.180679
1260 26 170 39 39 2.253687
1260 231 133 28 28 0.593898
1290 352 0 64 64 2.681433
1290 450 112 27 27 4.125626
1290 384 30 46 46 3.807755
1290 224 7 28 28 1.709318
1290 462 126 28 28 0.877308
1290 280 112 32 32 0.596467
1290 462 111 28 28 0.514436
1290 448 126 28 28 0.239391
1290 0 209 44 44 0.137257
1320 458 132 28 28 8.528900
1320 435 126 36 36 5.656597
1320 352 10 64 64 4.794464
1320 448 131 30 30 2.863356
1320 224 7 28 28 1.661972
1320 25 170 39 39 2.592499
1320 0 128 32 32 1.030159
1320 384 30 45 45 1.351443
1320 280 112 32 32 0.577636
1350 460 132 28 28 10.447538
1350 352 9 64 64 5.204922
1350 455 126 28 28 2.709249
1350 445 129 32 32 3.751222
1350 385 33 44 44 1.539172
1350 226 7 27 27 2.438461
1350 280 112 32 32 1.125367
1350 29 170 38 38 1.275852
1350 238 133 28 28 0.019475
1350 432 126 36 36 0.017389
1380 462 131 28 28 11.171733
1380 455 127 27 27 9.517309
1380 450 131 27 27 6.993254
1380 24 164 38 38 7.768031
1380 352 8 64 64 4.077076
1380 226 6 27 27 3.874556
1380 280 112 32 32 1.262851
1380 0 128 32 32 0.150695
1380 223 133 28 28 0.025435
1410 461 132 28 28 9.268552
1410 450 131 28 28 7.003972
1410 454 126 27 27 4.259818
1410 24 164 38 38 5.257737
1410 227 6 28 28 3.278759
1410 352 16 64 64 1.138611
1410 220 160 40 40 1.089615
1410 340 140 40 40 0.704783
1410 12 228 48 48 0.355940
1410 229 132 28 28 0.100808
1440 461 132 28 28 13.094663
1440 450 131 28 28 11.115304
1440 453 126 28 28 7.696666
1440 352 8 64 64 3.818192
1440 226 6 28 28 3.774349
1440 280 112 32 32 1.040223
1440 224 133 28 28 0.212319
1440 12 228 48 48 0.376266
1440 384 24 48 48 0.340406
1470 461 131 27 27 12.166734
1470 450 131 28 28 10.488867
1470 454 126 28 28 8.412346
1470 25 164 38 38 5.976914
1470 352 8 64 64 3.919410
1470 227 6 28 28 4.068124
1470 280 112 32 32 1.106293
1470 0 128 32 32 0.356938
1470 224 133 28 28 0.259335
1470 12 228 48 48 0.463908
1470 385 33 44 44 0.061400
1500 460 131 28 28 12.145724
1500 450 130 28 28 11.193063
1500 454 127 28 28 13.686007
1500 352 9 64 64 4.101883
1500 24 164 38 38 4.732320
1500 226 6 28 28 3.621469
1500 12 228 48 48 0.671866
1500 225 133 28 28 0.387301
1530 459 127 27 27 10.465939
1530 448 129 27 27 7.193735
1530 25 165 38 38 5.052708
1530 455 133 28 28 2.089187
1530 352 7 64 64 3.505723
1530 226 5 27 27 3.506746
1530 469 133 28 28 1.327558
1530 236 133 28 28 0.917124
1530 225 133 28 28 0.826245
1530 384 25 47 47 1.260766
1530 0 128 32 32 0.361378
1560 454 127 28 28 13.076801
1560 449 130 28 28 9.556139
1560 460 133 27 27 6.253833
1560 24 165 38 38 5.306739
1560 351 6 64 64 3.726413
1560 226 6 28 28 3.288545
1560 280 112 32 32 0.978394
1560 384 25 47 47 0.647971
1560 0 128 32 32 0.254528
1590 454 127 28 28 12.145884
1590 449 130 28 28 9.163956
1590 458 133 28 28 4.902517
1590 352 9 64 64 4.464589
1590 226 5 27 27 3.272259
1590 280 112 32 32 0.790154
1590 384 24 48 48 0.108814
1620 465 21 28 28 7.839301
1620 12 131 29 29 5.043852
1620 498 110 24 24 4.104699
1620 26 165 38 38 4.161764
1620 3 128 32 32 3.509222
1620 226 5 27 27 3.995788
1620 445 0 36 36 2.280051
1620 306 195 24 24 1.937213
1620 432 0 36 36 0.524391
1620 357 112 28 28 0.475108
1620 385 33 44 44 0.264818
1620 216 192 48 48 0.275326
1620 492 114 24 24 0.011001
1650 449 130 28 28 9.322563
1650 454 127 28 28 11.823626
1650 460 130 28 28 7.610387
1650 25 165 38 38 5.695263
1650 352 8 64 64 3.865876
1650 226 5 27 27 3.527455
1650 280 112 32 32 0.812591
1650 385 33 44 44 0.124870
1680 454 127 28 28 11.820837
1680 450 133 27 27 5.247021
1680 458 133 28 28 4.558831
1680 351 8 64 64 3.205726
1680 28 165 38 38 3.098301
1680 226 5 28 28 2.767759
1680 280 112 32 32 0.454787
1710 454 127 28 28 12.179491
1710 450 133 28 28 5.568774
1710 458 133 28 28 4.650409
1710 352 8 64 64 4.259271
1710 25 165 38 38 4.046313
1710 0 128 32 32 1.466422
1710 226 5 27 27 3.422297
1710 280 112 32 32 0.457152
1710 14 133 28 28 0.272478
1710 384 24 47 47 0.184376
1740 454 127 28 28 12.690973
1740 449 130 28 28 9.464579
1740 458 133 28 28 4.637471
1740 25 165 37 37 3.833443
1740 352 8 64 64 3.169199
1740 226 5 28 28 3.217365
1740 280 112 32 32 0.574775
1770 454 127 28 28 12.203722
1770 449 130 27 27 9.059378
1770 458 133 28 28 4.829244
1770 27 165 38 38 3.906526
1770 352 8 64 64 3.229773
1770 226 5 28 28 3.376925
1770 280 112 32 32 0.745775
1800 455 127 28 28 11.975361
1800 449 130 28 28 8.266272
1800 459 133 28 28 4.454573
1800 352 8 64 64 3.656159
1800 26 165 38 38 3.243237
1800 226 5 28 28 3.081845
1800 280 112 32 32 1.221700
1830 454 127 27 27 12.666705
1830 449 130 28 28 9.431809
1830 459 132 28 28 4.825700
1830 352 8 64 64 3.761275
1830 226 6 28 28 3.335927
1830 24 167 37 37 1.573652
1830 280 112 32 32 1.023626
1830 14 133 28 28 0.167557
1830 384 24 48 48 0.253902
