30 448 152 35 35 18.666967
30 432 152 36 36 4.543439
30 176 128 32 32 3.576929
30 255 23 64 64 5.650247
30 455 162 36 36 4.055836
30 444 143 36 36 5.217290
30 497 192 24 24 2.260315
30 271 46 64 64 2.037624
30 272 112 32 32 0.338969
30 349 140 40 40 0.208905
30 350 126 28 28 0.132503
60 442 154 36 36 18.375302
60 450 162 36 36 12.344059
60 459 153 36 36 3.777885
60 333 140 40 40 5.091635
60 266 48 64 64 4.685973
60 312 126 36 36 3.673681
60 272 128 32 32 2.413169
60 256 34 64 64 4.792468
60 498 198 24 24 1.854075
60 432 162 36 36 0.342334
90 385 193 24 24 14.682057
90 395 193 23 23 14.551888
90 457 154 36 36 11.491820
90 345 139 39 39 7.649719
90 459 171 36 36 3.318271
90 330 140 40 40 2.339748
90 306 125 35 35 4.613863
90 390 198 24 24 1.793030
90 450 162 36 36 1.723343
90 259 42 64 64 4.168191
90 256 128 32 32 1.208150
90 168 133 28 28 0.626880
90 450 144 36 36 0.430511
90 277 128 32 32 0.676868
120 397 193 24 24 16.798072
120 258 38 64 64 11.690275
120 270 45 64 64 14.406856
120 384 152 36 36 10.120852
120 402 198 24 24 2.374104
120 432 171 36 36 2.232360
120 315 126 36 36 1.657138
120 18 132 28 28 1.728184
120 261 128 32 32 1.566818
120 306 18 24 24 0.628536
120 168 133 28 28 0.475515
120 390 198 24 24 0.473893
120 176 128 32 32 0.260951
120 288 32 64 64 0.018377
150 398 152 32 32 12.440145
150 261 43 64 64 16.978888
150 283 34 64 64 20.269378
150 277 16 64 64 7.105906
150 433 156 36 36 8.372137
150 402 191 24 24 3.009389
150 168 127 28 28 3.412255
150 442 170 36 36 2.763849
150 352 48 64 64 1.659258
150 272 128 32 32 1.124300
150 6 133 28 28 0.995123
150 330 1 40 40 0.580933
150 356 0 43 43 0.430848
150 128 112 32 32 0.024366
180 124 124 27 27 6.748129
180 434 161 36 36 4.463742
180 168 122 27 27 5.423678
180 441 168 36 36 4.138240
180 459 126 36 36 2.783150
180 352 48 64 64 2.363906
180 498 102 24 24 1.365003
180 127 115 30 30 2.024132
180 176 112 32 32 0.796053
210 459 165 36 36 11.006727
210 491 210 24 24 5.070988
210 125 122 27 27 8.368325
210 119 125 27 27 10.828081
210 432 144 36 36 2.197110
210 168 121 28 28 2.649841
210 176 112 32 32 1.440437
210 11 132 27 27 1.561971
210 398 152 32 32 0.538558
210 432 171 36 36 0.219917
210 486 192 24 24 0.098760
210 231 126 28 28 0.023736
240 386 150 32 32 11.631050
240 449 169 36 36 10.228270
240 125 121 27 27 6.371133
240 237 123 27 27 9.224263
240 168 124 28 28 3.182278
240 443 165 36 36 6.371679
240 116 125 27 27 3.001616
240 176 112 32 32 1.574480
240 400 152 32 32 1.487134
240 355 119 28 28 1.919166
240 392 144 32 32 1.082304
240 245 119 28 28 0.712702
240 0 133 28 28 0.668708
240 432 171 36 36 0.651574
270 400 149 32 32 22.341341
270 238 120 27 27 17.990787
270 398 135 32 32 6.065778
270 121 127 27 27 8.797509
270 351 42 64 64 5.644992
270 391 142 32 32 4.990808
270 448 128 28 28 4.738205
270 495 192 24 24 3.853386
270 488 192 23 23 3.641813
270 224 119 28 28 1.764187
270 399 112 32 32 2.999755
270 267 32 64 64 0.531003
270 144 112 32 32 0.057543
270 126 133 28 28 0.013530
300 20 113 31 31 12.414159
300 2 124 28 28 12.848547
300 13 103 23 23 8.994682
300 232 113 27 27 11.888618
300 18 125 28 28 11.266154
300 8 119 28 28 3.007650
300 238 119 28 28 1.882646
300 245 98 28 28 1.762344
300 245 111 28 28 0.882648
300 102 84 24 24 0.679365
300 18 108 24 24 0.417170
300 224 119 28 28 0.310600
330 285 17 64 64 9.964939
330 355 130 28 28 8.139197
330 234 112 28 28 6.048478
330 224 112 28 28 1.856641
330 154 112 28 28 1.572875
330 356 119 27 27 1.648643
330 337 119 28 28 3.243972
330 245 98 28 28 1.404860
330 347 125 28 28 2.046893
330 136 112 32 32 0.200323
330 352 32 64 64 0.145756
330 264 264 32 32 0.109156
330 256 16 64 64 0.072883
330 272 0 64 64 0.055892
330 462 126 28 28 0.034023
360 235 112 28 28 9.446523
360 260 112 32 32 6.763617
360 395 33 47 47 9.982746
360 127 114 30 30 5.218467
360 20 114 30 30 7.851845
360 399 14 47 47 10.410718
360 126 126 28 28 1.135105
360 154 112 28 28 0.979790
360 8 112 32 32 0.706543
360 144 114 24 24 0.641262
360 224 112 28 28 0.631698
390 20 113 31 31 12.376766
390 42 18 64 64 11.603685
390 19 123 27 27 7.827163
390 238 112 28 28 8.596845
390 124 113 28 28 7.711709
390 119 117 28 28 9.450277
390 280 112 32 32 1.580945
390 0 24 32 32 1.557347
390 214 36 48 48 3.656032
390 8 112 32 32 1.224126
390 32 32 64 64 1.183618
390 16 16 64 64 0.477179
420 29 4 64 64 32.243433
420 12 117 28 28 36.125611
420 7 124 28 28 23.389827
420 9 16 64 64 10.952706
420 276 112 32 32 11.169701
420 3 115 30 30 19.910844
420 125 115 27 27 9.167858
420 2 8 30 30 6.036684
420 398 84 24 24 7.652895
420 0 0 64 64 3.707503
420 48 16 64 64 2.956638
420 241 98 28 28 5.587437
420 19 112 29 29 4.727520
420 10 10 25 25 5.825473
420 256 24 64 64 3.868550
420 352 48 64 64 1.586005
420 8 3 26 26 3.312997
420 245 112 28 28 1.377651
420 15 6 24 24 2.742764
420 32 32 64 64 0.998098
420 231 3 28 28 1.583126
420 0 32 64 64 0.557055
420 231 112 28 28 0.189079
420 231 98 28 28 0.083682
450 354 120 27 27 18.403609
450 288 112 24 24 9.522135
450 114 112 28 28 7.417966
450 256 5 64 64 7.230012
450 113 98 28 28 4.907035
450 204 36 47 47 11.683006
450 352 29 64 64 6.624617
450 346 111 28 28 5.363979
450 290 7 23 23 6.488835
450 272 112 32 32 2.753089
450 293 10 24 24 7.469311
450 0 0 64 64 2.576875
450 343 115 27 27 5.022859
450 11 116 29 29 5.557263
450 231 98 28 28 2.248780
450 168 98 28 28 2.083882
450 244 98 28 28 1.872529
450 2 114 30 30 2.544358
450 432 162 36 36 1.178583
450 272 16 64 64 1.160623
450 300 6 24 24 1.151668
450 256 48 64 64 1.121027
450 396 112 32 32 1.987914
450 7 126 28 28 0.498212
450 350 126 28 28 0.137193
450 108 18 24 24 0.000247
480 106 113 24 24 10.110542
480 3 132 30 30 14.555888
480 335 122 27 27 7.852959
480 229 97 27 27 9.875858
480 262 18 60 60 10.237327
480 168 98 28 28 2.987930
480 242 97 27 27 4.615019
480 266 0 64 64 3.776199
480 388 112 32 32 3.984142
480 194 36 48 48 3.969502
480 288 114 23 23 1.432534
480 432 27 36 36 1.305878
480 457 0 28 28 0.716433
510 15 113 27 27 21.918593
510 18 119 28 28 8.274016
510 465 132 27 27 8.577379
510 242 98 28 28 7.136643
510 492 2 24 24 7.098388
510 0 112 27 27 2.477001
510 450 132 28 28 4.735493
510 454 128 28 28 4.677234
510 281 46 64 64 3.610431
510 168 98 28 28 1.866625
510 224 98 28 28 1.769547
510 399 152 32 32 1.615701
510 274 32 64 64 1.570258
510 192 36 48 48 2.134498
510 498 6 24 24 2.054206
510 96 114 24 24 0.709702
510 351 112 28 28 0.769535
510 486 12 24 24 0.266048
540 154 98 28 28 8.185943
540 0 119 28 28 19.650214
540 455 126 28 28 18.945778
540 239 98 28 28 7.017215
540 224 98 28 28 4.418483
540 117 97 27 27 5.116148
540 0 133 28 28 4.194548
540 448 129 28 28 5.594916
540 7 122 28 28 5.115160
540 194 34 46 46 3.891345
540 448 119 27 27 1.228497
540 272 32 64 64 1.130786
540 116 111 28 28 1.353494
540 336 133 28 28 0.687123
540 462 133 28 28 0.550091
540 462 119 28 28 0.505746
540 432 144 36 36 0.193417
570 154 98 28 28 8.783442
570 197 35 48 48 22.476620
570 243 98 28 28 6.959935
570 432 163 36 36 5.265398
570 298 108 23 23 3.977519
570 448 127 28 28 7.559408
570 432 126 36 36 2.776372
570 293 112 24 24 2.646872
570 408 112 32 32 1.739845
570 234 98 28 28 3.057738
570 469 113 28 28 2.024137
570 460 130 28 28 1.489167
570 21 119 28 28 0.483758
570 343 126 28 28 0.229361
570 204 24 48 48 0.138662
570 132 114 24 24 0.063114
600 201 33 47 47 54.137815
600 154 98 28 28 7.318181
600 354 112 27 27 11.116355
600 342 112 28 28 13.731087
600 300 114 23 23 10.788419
600 190 25 47 47 11.047009
600 114 112 28 28 6.397289
600 462 125 28 28 4.952045
600 245 97 27 27 2.973946
600 216 24 48 48 5.545690
600 336 119 28 28 2.444565
600 154 112 28 28 1.187455
600 198 114 24 24 0.962763
630 154 97 27 27 6.892419
630 202 27 47 47 47.305393
630 195 32 47 47 41.491295
630 5 113 29 29 17.164223
630 11 117 29 29 15.399068
630 97 113 23 23 4.670704
630 7 131 28 28 11.502069
630 216 35 47 47 5.690255
630 452 131 28 28 6.469865
630 0 124 28 28 2.672002
630 450 124 28 28 4.607105
630 453 121 28 28 4.582646
630 357 115 28 28 3.554609
630 465 112 27 27 3.192479
630 264 36 47 47 3.310054
630 335 126 27 27 1.577490
630 198 114 24 24 1.166629
630 306 114 24 24 1.000405
630 21 126 28 28 0.999915
630 154 111 28 28 0.567891
630 272 16 64 64 0.523677
630 224 98 28 28 0.324933
630 486 96 24 24 0.212384
630 335 112 28 28 0.011437
660 154 98 28 28 9.247169
660 354 113 28 28 14.898439
660 195 28 47 47 33.104353
660 346 111 28 28 9.503883
660 455 113 27 27 7.167829
660 154 112 28 28 4.212531
660 348 98 28 28 4.009585
660 209 35 47 47 10.256132
660 267 0 64 64 3.246794
660 204 12 48 48 3.209978
660 198 114 24 24 1.588503
660 352 16 64 64 1.137252
660 216 24 48 48 1.652876
660 144 114 24 24 0.655356
660 384 113 24 24 0.593912
660 21 112 28 28 0.397939
660 448 119 28 28 0.176593
690 153 113 28 28 9.868445
690 194 32 47 47 27.460149
690 289 113 24 24 7.865652
690 304 114 23 23 5.451523
690 210 34 48 48 14.051268
690 336 113 27 27 3.767365
690 402 102 24 24 3.267531
690 154 97 27 27 2.709337
690 205 22 47 47 9.708706
690 6 112 27 27 3.653782
690 352 43 64 64 2.296761
690 196 12 47 47 4.984629
690 448 98 28 28 1.132828
690 387 17 24 24 1.972973
690 144 113 24 24 0.801734
690 407 36 48 48 1.394012
690 240 20 40 40 0.693059
720 344 113 28 28 12.414470
720 349 118 28 28 16.877447
720 401 134 32 32 12.697613
720 192 36 48 48 7.541972
720 175 112 32 32 3.740742
720 216 34 48 48 8.844982
720 134 112 32 32 4.418460
720 288 114 24 24 2.731845
720 126 115 28 28 5.065209
720 352 23 64 64 4.366491
720 464 133 28 28 2.910487
720 306 111 24 24 2.869335
720 408 128 32 32 1.564192
720 240 9 40 40 1.391587
720 144 84 24 24 1.387918
720 357 126 28 28 1.250980
720 256 128 32 32 1.127254
720 191 20 40 40 1.570458
720 224 112 28 28 0.940659
720 496 96 24 24 1.230530
720 498 84 24 24 0.898969
720 24 128 32 32 0.432292
720 408 143 32 32 0.425667
720 357 112 28 28 0.139318
750 461 130 28 28 10.076337
750 154 114 27 27 6.875617
750 351 15 64 64 8.796794
750 209 2 44 44 13.431642
750 213 36 48 48 8.494248
750 242 4 44 44 5.439856
750 384 114 24 24 2.555867
750 238 9 27 27 3.909532
750 245 112 28 28 2.304174
750 192 112 32 32 1.998474
750 300 114 24 24 1.309181
750 469 126 28 28 0.865263
750 408 128 32 32 0.631171
750 306 108 24 24 0.502179
750 343 223 28 28 0.355791
750 224 119 28 28 0.276120
750 280 24 32 32 0.164202
750 242 22 44 44 0.162480
780 256 6 64 64 8.732922
780 169 114 28 28 12.410359
780 231 125 28 28 9.321862
780 315 12 35 35 4.042219
780 225 121 27 27 4.753044
780 236 119 27 27 2.807871
780 264 24 32 32 0.859995
780 264 0 32 32 0.750404
780 288 0 48 48 1.492142
780 238 133 28 28 0.181022
780 245 126 28 28 0.008045
810 169 114 28 28 12.561731
810 259 19 64 64 8.948634
810 154 112 28 28 3.473969
810 230 126 27 27 6.255996
810 239 121 28 28 4.404742
810 272 112 32 32 1.719242
810 272 32 64 64 1.438244
810 288 6 64 64 1.863501
810 454 112 28 28 0.698192
810 264 0 32 32 0.366672
810 264 24 32 32 0.326419
810 223 119 28 28 0.237612
810 288 18 36 36 0.091728
840 167 117 28 28 12.446785
840 276 15 64 64 9.814694
840 468 123 27 27 9.659287
840 230 127 27 27 12.780375
840 150 114 29 29 9.705267
840 461 120 27 27 4.482944
840 348 125 27 27 10.119481
840 345 130 28 28 6.492219
840 357 119 28 28 2.277523
840 340 119 28 28 2.369585
840 238 133 28 28 1.406569
840 224 133 28 28 1.100462
840 284 32 64 64 1.154948
840 297 0 36 36 0.614074
840 0 115 28 28 1.161514
840 272 112 32 32 0.421875
840 224 119 28 28 0.227625
870 273 112 32 32 15.120892
870 225 126 28 28 12.604193
870 350 113 28 28 15.770088
870 135 112 32 32 13.020948
870 355 118 28 28 16.859696
870 386 112 32 32 7.132541
870 256 112 32 32 3.179256
870 350 12 28 28 2.961979
870 384 128 32 32 2.317824
870 48 9 64 64 3.604662
870 350 1 28 28 2.558093
870 230 133 28 28 1.853070
870 342 119 28 28 1.544712
870 154 119 28 28 1.319479
870 357 7 28 28 0.420347
870 288 0 64 64 0.014609
900 392 112 32 32 23.600359
900 455 112 28 28 14.122780
900 46 9 64 64 12.522696
900 230 126 28 28 19.308663
900 287 10 64 64 8.947425
900 354 113 28 28 9.732118
900 256 11 64 64 6.650879
900 227 119 27 27 5.320373
900 145 112 31 31 4.399498
900 396 6 24 24 4.992455
900 153 125 28 28 2.272706
900 402 0 24 24 1.419961
900 340 112 28 28 1.916719
900 192 112 32 32 1.214476
900 238 132 28 28 0.923222
900 238 119 28 28 0.916523
900 224 133 28 28 0.667397
900 272 6 64 64 1.032606
900 350 30 40 40 0.570331
900 32 0 64 64 0.553744
900 408 112 32 32 0.140572
900 336 119 28 28 0.012999
930 259 17 64 64 33.488982
930 448 120 28 28 12.544661
930 406 35 48 48 33.746858
930 352 9 64 64 9.982947
930 37 3 64 64 14.841418
930 271 33 64 64 5.259820
930 275 0 64 64 6.042575
930 42 19 64 64 10.010334
930 384 36 48 48 8.074328
930 126 114 28 28 6.420276
930 486 0 24 24 8.654395
930 288 10 64 64 4.304734
930 257 48 64 64 3.145416
930 229 130 28 28 7.108288
930 152 132 28 28 3.010760
930 338 130 28 28 7.196367
930 245 2 28 28 3.689453
930 384 2 25 25 5.927145
930 264 112 32 32 2.225764
930 394 0 24 24 1.784696
930 231 119 28 28 1.337900
930 387 3 26 26 2.544164
930 222 126 29 29 1.677462
930 192 112 32 32 1.261482
930 237 127 28 28 1.484116
930 455 123 28 28 1.631217
930 402 6 24 24 0.942682
930 136 112 32 32 0.887191
930 408 0 32 32 0.108370
930 343 126 28 28 0.031841
960 492 11 24 24 25.185973
960 272 13 64 64 25.467608
960 261 5 64 64 16.821858
960 337 120 27 27 14.838723
960 43 15 64 64 17.198121
960 15 3 64 64 16.636216
960 296 18 24 24 8.565336
960 112 112 28 28 4.531249
960 120 131 28 28 10.792067
960 276 0 32 32 5.978122
960 287 113 24 24 4.405028
960 288 0 64 64 3.109678
960 267 112 32 32 5.453251
960 259 0 32 32 5.613724
960 498 5 24 24 2.970415
960 345 126 28 28 4.238251
960 306 114 24 24 2.664963
960 21 126 28 28 1.987456
960 352 120 27 27 5.232765
960 27 32 64 64 2.824496
960 0 16 64 64 1.707253
960 224 127 28 28 3.010500
960 384 128 32 32 1.107626
960 268 7 32 32 1.815115
960 357 126 28 28 0.957725
960 288 32 64 64 0.617942
960 126 98 28 28 0.603444
960 384 112 32 32 0.544648
960 306 18 24 24 0.523216
960 245 6 28 28 0.337620
990 293 112 24 24 23.085735
990 99 114 24 24 9.869129
990 401 108 24 24 14.405749
990 352 6 64 64 8.530778
990 11 18 64 64 13.802148
990 451 112 28 28 8.485498
990 16 112 32 32 10.918484
990 288 108 24 24 4.041162
990 284 4 64 64 7.341050
990 408 36 48 48 15.411050
990 0 32 64 64 2.707641
990 276 112 32 32 5.029802
990 343 112 28 28 2.186559
990 288 0 24 24 2.114996
990 420 24 48 48 3.642922
990 306 114 24 24 1.532303
990 457 119 28 28 1.953668
990 16 126 28 28 1.952603
990 300 108 24 24 1.006620
990 462 115 28 28 1.535849
990 384 36 47 47 0.981536
990 0 0 64 64 0.446818
990 396 102 24 24 0.281122
990 408 24 32 32 0.149654
990 256 0 64 64 0.144336
990 459 126 36 36 0.097019
1020 102 17 23 23 23.066151
1020 303 112 24 24 17.682788
1020 400 104 24 24 14.785304
1020 300 107 24 24 14.473900
1020 282 0 64 64 6.719612
1020 351 8 64 64 7.052006
1020 406 35 48 48 7.868388
1020 395 107 24 24 2.992040
1020 408 112 32 32 2.989870
1020 96 12 24 24 2.344398
1020 27 126 36 36 2.021832
1020 108 12 24 24 1.914765
1020 295 100 23 23 2.362744
1020 288 36 48 48 1.904946
1020 464 114 28 28 2.504141
1020 280 128 32 32 0.743013
1020 13 112 27 27 0.675373
1020 462 98 28 28 0.597634
1020 293 84 24 24 0.218789
1050 452 112 28 28 12.473775
1050 407 32 48 48 24.725226
1050 304 108 23 23 7.302806
1050 306 84 24 24 3.267444
1050 301 112 24 24 6.084130
1050 48 48 64 64 2.531076
1050 354 119 28 28 2.333470
1050 395 24 48 48 2.550058
1050 363 33 44 44 1.244942
1050 396 102 24 24 0.764805
1050 224 98 28 28 0.764752
1050 408 12 48 48 1.296882
1050 288 36 48 48 1.121512
1080 496 103 24 24 15.377349
1080 384 112 29 29 6.790040
1080 491 84 24 24 4.859958
1080 486 102 24 24 14.577080
1080 481 105 24 24 10.063752
1080 271 13 64 64 9.635960
1080 397 16 48 48 16.853548
1080 489 108 24 24 5.851903
1080 415 20 47 47 14.768444
1080 492 95 24 24 4.780276
1080 280 112 32 32 2.166635
1080 116 21 28 28 2.517937
1080 108 96 24 24 1.459365
1080 303 114 24 24 2.039141
1080 383 24 48 48 1.737558
1080 288 0 64 64 0.359471
1080 384 107 24 24 0.298847
1080 480 84 24 24 0.142512
1080 102 192 24 24 0.053911
1080 32 48 64 64 0.018474
1110 351 17 64 64 23.210979
1110 497 104 23 23 9.892607
1110 384 31 47 47 21.252640
1110 335 122 27 27 9.640740
1110 259 12 64 64 9.367358
1110 408 128 32 32 4.745707
1110 417 21 47 47 21.767142
1110 112 18 28 28 5.228190
1110 116 111 28 28 4.507442
1110 282 29 53 53 7.465485
1110 400 108 24 24 3.567933
1110 240 172 40 40 1.347622
1110 336 133 28 28 0.880536
1110 419 0 48 48 1.724036
1110 404 35 48 48 1.778382
1110 36 6 48 48 1.713710
1110 231 112 28 28 0.215470
1110 420 204 47 47 0.189224
1110 498 84 24 24 0.016063
1140 336 125 27 27 30.681933
1140 260 15 64 64 20.253672
1140 351 18 64 64 7.401818
1140 436 126 36 36 7.515355
1140 0 135 31 31 5.258749
1140 286 35 49 49 6.681230
1140 18 209 24 24 3.222430
1140 336 112 28 28 2.597581
1140 272 0 64 64 2.565939
1140 420 30 48 48 8.800006
1140 343 122 28 28 4.290630
1140 96 195 23 23 3.843805
1140 389 35 47 47 7.594444
1140 4 144 32 32 1.396346
1140 357 98 28 28 0.784661
1140 18 199 24 24 0.986130
1140 396 24 48 48 0.656560
1140 402 114 24 24 0.317576
1140 462 21 28 28 0.279388
1140 205 288 24 24 0.286255
1140 112 14 28 28 0.193995
1140 450 9 36 36 0.045012
1170 20 130 28 28 6.326928
1170 454 98 28 28 9.056472
1170 467 19 27 27 6.164482
1170 352 32 64 64 3.160624
1170 24 112 32 32 2.471181
1170 455 125 35 35 3.841044
1170 436 144 36 36 3.665434
1170 441 126 36 36 1.220489
1170 450 0 36 36 1.213350
1170 420 36 48 48 1.966082
1170 450 27 36 36 0.953813
1200 338 118 28 28 22.108668
1200 448 126 36 36 12.805862
1200 341 112 28 28 7.348330
1200 269 31 64 64 16.658344
1200 18 132 28 28 5.999049
1200 314 126 36 36 3.635127
1200 456 143 35 35 4.358691
1200 448 98 28 28 2.913783
1200 282 43 64 64 7.003090
1200 256 48 64 64 2.042704
1200 420 36 48 48 3.680032
1200 356 112 28 28 2.119317
1200 256 16 64 64 1.784528
1200 24 112 32 32 1.287709
1200 480 84 24 24 0.899353
1200 11 128 32 32 1.147374
1200 492 192 24 24 0.031391
1230 449 112 28 28 10.100690
1230 260 31 64 64 22.381587
1230 314 126 36 36 8.336179
1230 340 131 28 28 16.709584
1230 264 16 64 64 10.107252
1230 338 126 28 28 9.239792
1230 271 48 64 64 12.317213
1230 352 0 64 64 4.918238
1230 112 98 28 28 4.892403
1230 288 39 64 64 6.900580
1230 343 119 28 28 2.839031
1230 455 27 36 36 3.995368
1230 384 36 48 48 3.057656
1230 300 125 35 35 2.176389
1230 10 128 32 32 1.698769
1230 21 128 32 32 1.432544
1230 480 95 24 24 0.792605
1230 459 148 36 36 1.074315
1230 36 0 48 48 0.886654
1230 450 12 36 36 0.421510
1230 16 136 32 32 0.041148
1260 449 112 28 28 11.145011
1260 315 126 36 36 8.718989
1260 260 32 64 64 20.502579
1260 340 131 28 28 17.931472
1260 338 125 28 28 10.558206
1260 111 97 27 27 5.225202
1260 265 15 64 64 7.566335
1260 352 0 64 64 4.233446
1260 270 48 64 64 10.187158
1260 288 39 64 64 6.297993
1260 20 112 32 32 5.386886
1260 342 119 27 27 3.055792
1260 455 26 36 36 3.919065
1260 384 36 48 48 1.950380
1260 113 231 28 28 1.115389
1260 459 149 36 36 1.476589
1260 480 96 24 24 0.716671
1260 0 47 64 64 0.488148
1260 450 9 36 36 0.287858
1260 36 0 48 48 0.450608
1290 314 126 36 36 10.977568
1290 449 112 28 28 12.061231
1290 338 131 28 28 19.288058
1290 260 33 64 64 19.993017
1290 112 98 28 28 5.408889
1290 270 48 64 64 11.688419
1290 343 123 28 28 6.199361
1290 352 0 64 64 4.088088
1290 265 15 64 64 6.541966
1290 288 39 64 64 6.474467
1290 456 27 36 36 3.924887
1290 22 128 32 32 2.154416
1290 300 126 36 36 2.327179
1290 115 231 27 27 2.388169
1290 459 150 36 36 1.288200
1290 480 96 24 24 0.878212
1290 350 133 28 28 0.831869
1290 11 128 32 32 1.350921
1290 493 191 24 24 1.114478
1290 16 136 32 32 0.381015
1290 36 0 48 48 0.486052
1290 384 36 48 48 0.435290
1320 314 126 36 36 10.148363
1320 449 112 28 28 11.275030
1320 260 32 64 64 20.380560
1320 340 131 28 28 16.693458
1320 112 98 28 28 5.499570
1320 270 48 64 64 11.767670
1320 352 0 64 64 4.029388
1320 339 126 28 28 7.052574
1320 265 16 64 64 6.770060
1320 288 39 64 64 6.562134
1320 455 26 36 36 4.541999
1320 343 119 28 28 2.122896
1320 115 230 27 27 3.477723
1320 22 128 32 32 2.036864
1320 300 126 36 36 1.914425
1320 480 96 24 24 0.924684
1320 493 192 24 24 1.175729
1320 459 151 36 36 0.841185
1320 11 128 32 32 1.073093
1320 450 18 36 36 0.494493
1320 16 132 32 32 0.899788
1320 36 0 48 48 0.224256
1350 314 126 36 36 10.298059
1350 449 112 28 28 12.361062
1350 260 32 64 64 21.093339
1350 340 131 28 28 19.936487
1350 111 98 28 28 5.499114
1350 339 126 28 28 9.252053
1350 270 48 64 64 12.132755
1350 265 16 64 64 6.925094
1350 352 0 64 64 3.825595
1350 288 39 64 64 6.620470
1350 343 119 28 28 2.848765
1350 455 27 35 35 4.076608
1350 480 96 24 24 1.533482
1350 22 128 32 32 1.838841
1350 299 126 36 36 2.088049
1350 114 231 27 27 2.195110
1350 494 192 23 23 1.873752
1350 459 151 36 36 1.037601
1350 11 127 32 32 0.909605
1350 16 136 32 32 0.324470
1350 384 36 48 48 0.265564
1350 36 0 48 48 0.246030
1380 314 126 36 36 9.735804
1380 449 112 28 28 11.401183
1380 260 32 64 64 20.899902
1380 340 131 28 28 19.108251
1380 112 98 28 28 5.981570
1380 270 47 64 64 12.416791
1380 339 126 28 28 8.450834
1380 352 0 64 64 4.155635
1380 265 15 64 64 7.041911
1380 287 39 64 64 6.845502
1380 343 119 28 28 2.514831
1380 455 27 36 36 3.990002
1380 21 128 32 32 1.999127
1380 115 231 27 27 2.641857
1380 493 191 23 23 1.469960
1380 480 96 24 24 1.113469
1380 11 128 32 32 1.366181
1380 300 126 36 36 0.928064
1380 459 151 36 36 0.718742
1380 16 136 32 32 0.517784
1380 36 0 47 47 0.356510
1380 450 18 36 36 0.163032
1380 384 36 48 48 0.321720
1410 314 126 36 36 10.750148
1410 449 112 28 28 11.890450
1410 338 131 28 28 19.612163
1410 260 32 64 64 20.707435
1410 112 98 28 28 5.743971
1410 270 48 64 64 11.976310
1410 352 0 64 64 4.138494
1410 265 15 64 64 6.887612
1410 343 123 28 28 6.058850
1410 288 39 64 64 6.567668
1410 455 27 36 36 4.090668
1410 22 128 32 32 1.893345
1410 115 231 28 28 2.835162
1410 480 96 24 24 1.301093
1410 300 126 36 36 2.032058
1410 459 150 36 36 1.442254
1410 350 133 28 28 0.879196
1410 493 191 24 24 1.038651
1410 10 128 32 32 1.112878
1410 450 18 36 36 0.520561
1410 36 0 48 48 0.654262
1410 384 35 48 48 0.353710
1410 16 136 32 32 0.052991
1440 314 126 36 36 10.643446
1440 449 112 28 28 12.041317
1440 338 131 28 28 18.817329
1440 260 33 64 64 20.289166
1440 112 98 28 28 5.801649
1440 270 48 64 64 11.529123
1440 352 0 64 64 4.067421
1440 265 16 64 64 6.587322
1440 343 123 28 28 5.961912
1440 287 39 64 64 5.996470
1440 455 26 36 36 4.056743
1440 22 128 32 32 1.874316
1440 115 231 28 28 2.621392
1440 300 126 36 36 2.178720
1440 459 149 36 36 1.695801
1440 480 96 24 24 1.043052
1440 492 192 24 24 0.817678
1440 450 18 36 36 0.173052
1440 36 0 48 48 0.330792
1440 350 133 28 28 0.109169
1440 16 135 32 32 0.026664
1470 314 126 36 36 10.715325
1470 449 112 27 27 11.481704
1470 260 33 64 64 20.123671
1470 338 131 28 28 18.037891
1470 112 98 28 28 5.222374
1470 270 48 64 64 11.807115
1470 343 123 28 28 6.210468
1470 265 16 64 64 6.438686
1470 352 0 64 64 3.631613
1470 288 39 64 64 6.557785
1470 456 27 36 36 3.483195
1470 458 150 36 36 2.637117
1470 115 231 28 28 2.780485
1470 300 126 36 36 2.217360
1470 21 128 32 32 1.618335
1470 492 192 24 24 1.168173
1470 479 96 24 24 0.848258
1470 11 128 32 32 0.878062
1470 350 133 28 28 0.204244
1470 36 0 48 48 0.332972
1470 384 36 48 48 0.233930
1470 450 18 36 36 0.112731
1500 451 98 28 28 12.711454
1500 111 98 28 28 5.497043
1500 492 193 24 24 9.575130
1500 258 38 64 64 10.378242
1500 351 38 64 64 6.903294
1500 310 126 36 36 6.567338
1500 456 27 35 35 3.895746
1500 340 126 28 28 4.185016
1500 292 126 36 36 4.408625
1500 273 48 64 64 1.760920
1500 22 127 32 32 1.937052
1500 431 126 36 36 1.420404
1500 480 96 24 24 1.160026
1500 16 133 32 32 1.103326
1500 462 98 28 28 0.653566
1500 459 144 36 36 0.515995
1500 450 18 36 36 0.384106
1500 112 238 27 27 0.364828
1500 36 0 48 48 0.430618
1500 486 198 24 24 0.031133
1530 312 126 36 36 14.466695
1530 449 114 28 28 16.718607
1530 297 126 36 36 14.822673
1530 260 34 64 64 22.373794
1530 277 48 64 64 9.399633
1530 338 132 28 28 8.987260
1530 343 129 27 27 7.349765
1530 264 16 64 64 6.540780
1530 351 2 64 64 3.913981
1530 11 136 32 32 5.158270
1530 112 98 28 28 2.989499
1530 450 19 36 36 2.558161
1530 457 27 35 35 2.367519
1530 24 129 33 33 4.591524
1530 459 153 36 36 1.301132
1530 493 192 24 24 1.708101
1530 288 32 64 64 1.002253
1530 144 0 23 23 0.918712
1530 455 119 28 28 0.608210
1530 111 237 28 28 0.331078
1530 480 102 24 24 0.045966
1530 350 133 28 28 0.045690
1560 312 126 36 36 14.234703
1560 448 113 27 27 14.986448
1560 260 34 64 64 20.481259
1560 338 131 28 28 14.162901
1560 112 98 28 28 5.909904
1560 341 127 28 28 15.440413
1560 278 48 64 64 8.508398
1560 297 126 36 36 3.753464
1560 265 15 64 64 5.826890
1560 352 0 64 64 3.298403
1560 11 136 32 32 5.084056
1560 457 25 36 36 3.609183
1560 451 19 36 36 3.022750
1560 459 151 36 36 2.114630
1560 21 128 32 32 2.828083
1560 288 32 64 64 1.783190
1560 493 193 24 24 2.449069
1560 112 238 27 27 0.623084
1560 350 133 27 27 0.353311
1560 455 119 27 27 0.304746
1560 357 119 28 28 0.243146
1590 313 126 36 36 13.261600
1590 448 112 28 28 11.053533
1590 338 131 28 28 16.539485
1590 260 34 64 64 19.947463
1590 112 98 28 28 5.400221
1590 341 127 28 28 17.017549
1590 278 48 64 64 7.786936
1590 352 0 64 64 3.645565
1590 265 16 64 64 5.892048
1590 456 26 36 36 4.942620
1590 301 126 36 36 5.966135
1590 288 32 64 64 1.977527
1590 21 127 32 32 2.857241
1590 493 192 24 24 2.288244
1590 459 153 36 36 1.501037
1590 450 18 36 36 1.312719
1590 11 136 32 32 2.349621
1590 116 231 28 28 1.763074
1590 112 235 27 27 1.608778
1590 482 96 24 24 0.877586
1590 36 0 48 48 0.110792
1620 112 98 28 28 5.728212
1620 492 192 24 24 3.021807
1620 272 10 64 64 6.151035
1620 10 135 32 32 3.749966
1620 450 18 36 36 2.671713
1620 458 26 36 36 2.589822
1620 22 127 32 32 2.135714
1620 459 144 36 36 1.283571
1620 288 0 64 64 1.136499
1620 112 238 28 28 1.082994
1620 448 98 28 28 0.673728
1620 336 126 28 28 0.599740
1620 448 112 28 28 0.491387
1620 357 126 28 28 0.379013
1620 144 0 24 24 0.343281
1620 480 98 23 23 0.479523
1620 119 231 28 28 0.061269
1650 312 126 36 36 14.023103
1650 449 114 27 27 15.689067
1650 112 98 28 28 6.559486
1650 338 131 27 27 11.916309
1650 260 35 64 64 19.738252
1650 277 48 64 64 8.423554
1650 301 126 36 36 8.773238
1650 341 127 27 27 10.851066
1650 352 0 64 64 2.915469
1650 265 16 64 64 4.639531
1650 451 18 36 36 2.297198
1650 458 25 35 35 2.248732
1650 459 153 36 36 1.642202
1650 288 32 64 64 0.937398
1650 24 112 32 32 0.546774
1650 455 119 28 28 0.503336
1650 16 16 64 64 0.474482
1650 357 119 27 27 0.293140
1650 112 238 28 28 0.287840
1650 144 0 24 24 0.215323
1650 492 192 24 24 0.138542
1680 313 126 36 36 13.214704
1680 449 112 28 28 12.763976
1680 338 131 28 28 17.158329
1680 260 33 64 64 21.006311
1680 340 124 28 28 12.635849
1680 112 98 28 28 4.978166
1680 278 48 64 64 8.110386
1680 265 16 64 64 6.583277
1680 352 0 64 64 3.246692
1680 456 27 36 36 4.377047
1680 297 126 36 36 2.701602
1680 288 32 64 64 2.337451
1680 22 127 32 32 2.048075
1680 493 192 24 24 1.701148
1680 11 136 32 32 1.985765
1680 116 230 28 28 1.448722
1680 459 153 36 36 0.916729
1680 450 18 36 36 0.876620
1680 111 235 28 28 1.342290
1680 354 119 28 28 0.775987
1680 350 129 28 28 0.919911
1680 36 0 48 48 0.583450
1680 480 96 24 24 0.135891
1710 313 126 36 36 11.891929
1710 449 112 28 28 10.599957
1710 260 33 64 64 20.900650
1710 338 131 28 28 16.816668
1710 112 97 27 27 5.574296
1710 270 48 64 64 12.809640
1710 340 124 28 28 9.142366
1710 352 0 64 64 3.756531
1710 265 16 64 64 6.441913
1710 288 32 64 64 2.827462
1710 456 27 36 36 3.810263
1710 301 126 36 36 3.683368
1710 494 192 24 24 2.935302
1710 21 128 32 32 2.642370
1710 459 151 36 36 2.072468
1710 480 96 24 24 0.546515
1710 16 136 32 32 0.416889
1710 36 0 48 48 0.646928
1710 8 128 32 32 0.297776
1710 119 231 28 28 0.136072
1710 450 18 36 36 0.034505
1740 448 112 28 28 7.575863
1740 112 98 28 28 4.533979
1740 11 135 32 32 5.684599
1740 391 36 48 48 9.902524
1740 406 152 32 32 2.962922
1740 457 25 36 36 3.035782
1740 451 19 36 36 2.699953
1740 23 129 32 32 2.800129
1740 492 194 24 24 2.803972
1740 352 32 64 64 1.335901
1740 112 238 28 28 0.497870
1740 486 96 24 24 0.373114
1740 448 98 28 28 0.132074
1740 459 152 36 36 0.052570
1770 312 126 36 36 13.125218
1770 449 113 28 28 15.254900
1770 338 131 27 27 14.656993
1770 260 34 64 64 20.431041
1770 278 48 64 64 8.654889
1770 341 127 28 28 15.005802
1770 301 126 36 36 6.787941
1770 12 0 64 64 5.152001
1770 265 16 64 64 5.487677
1770 457 25 36 36 4.998252
1770 352 0 64 64 3.007706
1770 288 32 64 64 2.269094
1770 112 98 28 28 1.992617
1770 452 20 36 36 3.873362
1770 493 192 24 24 2.496608
1770 458 153 36 36 1.201807
1770 112 238 28 28 0.947673
1770 455 119 28 28 0.362631
1770 36 36 48 48 0.677752
1770 350 133 28 28 0.165670
1770 357 119 28 28 0.158215
1800 313 126 36 36 11.721605
1800 449 112 28 28 11.276906
1800 338 131 28 28 19.808600
1800 260 33 64 64 21.099704
1800 111 98 28 28 5.104411
1800 270 47 64 64 12.871468
1800 340 124 28 28 10.528438
1800 352 0 64 64 3.871150
1800 265 16 64 64 6.623909
1800 288 32 64 64 3.100477
1800 456 27 36 36 3.962062
1800 300 126 36 36 3.422211
1800 350 132 28 28 1.464409
1800 459 153 36 36 1.396212
1800 493 192 24 24 2.051028
1800 22 128 32 32 1.805265
1800 14 133 32 32 1.727696
1800 480 96 24 24 0.866399
1800 112 239 28 28 0.677977
1800 449 18 36 36 0.361666
1800 8 131 32 32 0.647707
1800 119 230 28 28 0.267820
1830 313 126 36 36 12.661994
1830 449 112 28 28 10.943721
1830 338 131 27 27 20.773200
1830 260 33 64 64 21.033725
1830 112 98 28 28 6.060431
1830 340 124 28 28 11.971587
1830 270 48 64 64 13.415398
1830 265 16 64 64 6.468596
1830 352 0 64 64 3.465816
1830 288 32 64 64 2.952617
1830 456 27 36 36 3.783181
1830 300 126 36 36 4.488615
1830 21 128 32 32 2.915177
1830 459 151 36 36 2.233758
1830 493 192 23 23 2.204961
1830 480 95 24 24 1.309986
1830 350 133 28 28 1.159438
1830 13 133 32 32 2.588905
1830 8 128 32 32 0.500050
1830 450 18 36 36 0.222997
1830 119 231 28 28 0.202028
1830 112 238 28 28 0.122897
