30 292 126 36 36 12.511206
30 242 132 27 27 10.074640
30 125 131 28 28 6.309294
30 351 41 64 64 6.573280
30 257 36 64 64 6.076098
30 12 209 24 24 3.998064
30 6 203 23 23 4.273270
30 107 84 24 24 2.074163
30 282 16 64 64 2.591119
30 265 24 32 32 3.375168
30 294 84 24 24 1.312731
30 144 152 32 32 1.225017
30 136 112 32 32 0.597373
30 18 165 37 37 1.049321
30 216 36 48 48 0.920272
30 224 133 28 28 0.426015
30 306 84 24 24 0.400229
30 288 27 36 36 0.216509
30 154 126 28 28 0.027733
30 0 170 40 40 0.026086
60 292 126 36 36 10.728137
60 262 32 64 64 7.935407
60 123 127 28 28 10.089559
60 282 47 64 64 6.106657
60 385 193 24 24 8.981513
60 107 84 24 24 1.713101
60 33 154 44 44 1.579535
60 112 126 28 28 1.377672
60 390 198 24 24 1.197764
60 280 136 32 32 1.117605
60 447 119 28 28 1.114471
60 350 140 40 40 1.013147
60 119 133 28 28 0.995826
60 343 224 28 28 0.992417
60 30 140 40 40 0.768691
60 12 288 24 24 0.563438
60 294 0 23 23 0.246118
90 392 144 32 32 23.370130
90 355 120 28 28 15.192143
90 315 126 36 36 4.844465
90 350 131 28 28 11.646582
90 272 44 64 64 10.191901
90 338 133 28 28 5.395776
90 126 129 27 27 5.170008
90 154 126 28 28 2.433532
90 469 122 28 28 4.057965
90 138 112 32 32 2.819653
90 237 119 28 28 1.732622
90 353 112 27 27 3.020904
90 408 144 32 32 0.716999
90 384 136 32 32 0.701520
90 400 152 32 32 0.684582
90 390 0 23 23 0.671330
90 272 16 64 64 0.650820
90 402 0 24 24 0.485069
90 288 32 64 64 0.311876
90 352 32 64 64 0.193258
90 400 136 32 32 0.186569
90 256 0 64 64 0.186087
90 256 32 64 64 0.044104
90 469 98 28 28 0.008038
120 406 150 32 32 15.978396
120 23 166 37 37 27.484992
120 435 150 35 35 17.319670
120 6 156 42 42 17.028405
120 432 12 36 36 12.320943
120 448 21 27 27 5.554222
120 12 170 38 38 8.573106
120 496 205 24 24 8.489753
120 451 168 36 36 12.518963
120 18 165 36 36 7.063013
120 26 152 36 36 3.965507
120 1 131 31 31 8.168547
120 481 208 23 23 8.154782
120 433 171 36 36 4.291975
120 458 162 36 36 2.702276
120 449 153 36 36 2.497109
120 404 136 32 32 3.219874
120 441 144 36 36 1.799867
120 492 5 24 24 4.794760
120 488 204 24 24 3.448015
120 448 112 28 28 1.577153
120 8 136 32 32 1.495019
120 400 140 32 32 2.649598
120 269 134 32 32 2.856244
120 440 166 36 36 2.109257
120 17 180 40 40 1.423502
120 198 126 36 36 0.750319
120 448 98 28 28 0.648206
120 400 128 32 32 0.608543
120 351 48 64 64 0.398686
120 154 98 28 28 0.314295
120 432 27 36 36 0.221938
120 492 198 24 24 0.194561
120 492 210 24 24 0.116084
120 384 128 32 32 0.110449
120 264 128 32 32 0.066855
150 281 127 32 32 7.586624
150 434 126 36 36 5.883236
150 192 108 24 24 3.485377
150 497 109 24 24 3.251821
150 237 133 28 28 6.826966
150 399 14 32 32 3.133284
150 385 0 35 35 2.800464
150 196 114 24 24 1.764267
150 391 6 35 35 3.103438
150 491 102 24 24 1.091896
150 154 126 28 28 0.875813
150 48 48 64 64 0.864037
150 170 20 40 40 0.807371
150 7 98 28 28 0.679136
150 210 114 24 24 0.282716
150 136 16 32 32 0.048825
180 280 127 32 32 4.776595
180 134 142 32 32 8.224063
180 176 145 32 32 8.564907
180 97 192 23 23 4.719422
180 384 128 32 32 2.517510
180 384 112 32 32 2.340654
180 299 126 36 36 3.569660
180 192 114 24 24 2.095324
180 210 114 24 24 2.093090
180 352 48 64 64 2.060721
180 136 7 32 32 5.207950
180 160 126 36 36 1.712267
180 168 21 28 28 1.023607
180 408 136 32 32 0.779278
180 126 21 28 28 0.626181
180 168 98 28 28 0.558748
180 144 139 32 32 0.598841
180 168 112 28 28 0.202265
180 154 21 27 27 0.083713
210 392 112 32 32 20.292284
210 408 112 32 32 5.798715
210 337 114 28 28 11.656299
210 101 192 24 24 10.459794
210 125 98 27 27 7.420134
210 24 165 36 36 11.113297
210 385 128 32 32 4.733579
210 143 107 24 24 5.989970
210 101 13 24 24 9.029258
210 132 109 24 24 7.358959
210 336 127 28 28 3.633243
210 10 48 64 64 3.878215
210 350 114 27 27 4.165190
210 346 119 28 28 3.491101
210 112 98 28 28 1.785474
210 16 164 36 36 2.799268
210 264 144 32 32 1.516507
210 350 126 28 28 1.238277
210 96 17 24 24 0.871410
210 245 133 28 28 0.708502
210 144 152 32 32 0.581825
210 352 16 64 64 0.448939
210 154 98 28 28 0.413886
210 469 231 28 28 0.260256
210 400 128 32 32 0.152011
210 192 136 32 32 0.115092
240 343 119 28 28 27.655397
240 132 194 23 23 13.403033
240 224 131 29 29 11.879324
240 355 119 28 28 19.080251
240 267 10 64 64 15.028206
240 336 122 28 28 9.317410
240 275 112 32 32 8.487616
240 256 0 64 64 3.849855
240 2 20 28 28 6.159618
240 349 126 28 28 3.389917
240 350 112 28 28 3.383783
240 191 131 32 32 5.969068
240 241 133 27 27 5.595456
240 336 112 27 27 2.595438
240 132 203 24 24 2.530179
240 11 0 23 23 2.361868
240 176 136 32 32 2.104089
240 389 36 47 47 7.286110
240 0 3 24 24 2.002489
240 128 112 32 32 0.861131
240 288 0 64 64 0.735410
240 126 133 28 28 0.208805
240 18 96 24 24 0.181208
270 192 112 32 32 6.924950
270 175 112 32 32 6.118667
270 455 126 36 36 8.872612
270 176 128 32 32 4.567959
270 168 129 28 28 5.527374
270 456 98 28 28 2.786124
270 224 128 28 28 2.623158
270 168 119 28 28 1.611601
270 2 149 33 33 4.284395
270 27 126 36 36 1.354825
270 16 152 32 32 1.267664
270 8 144 32 32 1.266236
270 486 108 24 24 0.998510
270 396 114 24 24 0.964690
270 135 134 32 32 1.133447
270 468 112 28 28 0.910376
270 480 114 24 24 0.811963
270 408 112 32 32 0.718440
270 277 112 32 32 0.632242
270 148 129 30 30 0.650152
300 274 42 64 64 21.796420
300 141 112 32 32 9.614689
300 349 118 28 28 22.086871
300 19 127 29 29 26.233646
300 15 114 30 30 21.605137
300 449 116 27 27 12.357063
300 280 112 32 32 5.208989
300 0 33 64 64 7.951324
300 345 126 27 27 6.555232
300 288 25 64 64 7.236806
300 6 129 30 30 15.285109
300 154 124 28 28 6.252046
300 42 31 64 64 4.609537
300 239 112 27 27 5.115140
300 346 111 27 27 5.492202
300 455 115 28 28 5.102026
300 256 36 64 64 3.762797
300 459 98 28 28 3.764781
300 272 16 64 64 1.861476
300 390 192 23 23 1.731678
300 0 112 32 32 1.081462
300 357 112 28 28 1.050629
300 238 98 28 28 0.899331
300 448 98 28 28 0.802245
300 336 119 28 28 0.801053
300 288 0 64 64 0.398677
330 5 18 64 64 15.523427
330 19 5 64 64 15.852430
330 289 199 24 24 14.595368
330 18 134 32 32 9.046186
330 352 42 64 64 7.561862
330 32 8 64 64 8.888572
330 0 98 23 23 8.720679
330 295 106 24 24 12.259799
330 216 143 36 36 5.224240
330 304 103 24 24 10.675492
330 238 127 27 27 3.779964
330 6 101 23 23 3.133159
330 290 103 24 24 7.000931
330 218 126 33 33 4.166755
330 265 0 64 64 4.441574
330 288 24 48 48 4.982846
330 272 112 32 32 2.524372
330 240 140 40 40 2.245363
330 17 7 27 27 3.080930
330 192 112 32 32 1.612410
330 396 108 24 24 1.584760
330 294 204 24 24 1.353260
330 437 153 36 36 1.303776
330 300 198 24 24 0.724560
330 352 16 64 64 0.710584
330 396 36 48 48 1.305418
330 210 114 24 24 0.252805
330 231 133 28 28 0.245012
330 24 128 32 32 0.240386
360 299 96 23 23 20.220546
360 15 0 64 64 16.590152
360 185 156 42 42 21.988047
360 198 168 36 36 6.595269
360 202 114 24 24 7.745358
360 341 112 28 28 5.718850
360 288 96 24 24 3.013944
360 342 98 28 28 4.037160
360 415 24 48 48 8.036912
360 395 152 32 32 4.372366
360 384 31 45 45 6.412241
360 285 15 64 64 6.639597
360 0 11 24 24 1.972475
360 392 26 48 48 5.632304
360 0 26 61 61 3.167316
360 404 36 48 48 3.888094
360 198 108 24 24 1.002301
360 306 102 24 24 0.791305
360 272 32 64 64 0.284476
390 448 121 28 28 8.699302
390 297 84 24 24 8.076791
390 144 114 24 24 3.724390
390 161 167 39 39 8.621677
390 352 0 64 64 2.829501
390 201 107 23 23 4.638151
390 132 113 24 24 2.254251
390 6 0 64 64 3.898246
390 336 112 28 28 2.170918
390 0 36 48 48 4.286608
390 386 33 48 48 8.368840
390 176 145 32 32 2.084037
390 330 140 40 40 1.180832
390 450 171 36 36 0.992857
390 191 102 24 24 0.749828
390 0 119 28 28 0.585027
390 207 101 24 24 0.977084
390 288 35 48 48 0.183784
390 459 162 36 36 0.034729
420 294 96 24 24 21.682236
420 344 120 28 28 16.355595
420 14 117 29 29 16.947634
420 13 20 32 32 12.744085
420 354 120 27 27 11.076370
420 308 153 36 36 13.736094
420 144 145 36 36 4.912167
420 2 16 33 33 10.249390
420 201 96 24 24 6.231207
420 2 24 34 34 8.102770
420 311 144 35 35 5.372880
420 297 102 23 23 5.608139
420 352 125 27 27 5.097438
420 315 164 36 36 2.919450
420 384 112 32 32 2.065905
420 8 11 32 32 5.754755
420 0 0 64 64 1.919706
420 154 119 28 28 1.693133
420 168 122 28 28 2.959120
420 117 114 27 27 3.056786
420 459 126 36 36 0.899978
420 21 7 28 28 0.498632
420 305 171 36 36 0.489821
420 264 22 44 44 0.483957
420 288 102 24 24 0.317697
420 288 16 64 64 0.264598
420 459 9 36 36 0.159766
420 192 96 24 24 0.146855
450 1 21 32 32 31.001869
450 300 113 23 23 19.325496
450 344 119 27 27 18.923712
450 272 128 32 32 5.427705
450 304 102 23 23 15.570515
450 274 112 32 32 11.338897
450 1 131 29 29 9.624846
450 202 110 23 23 8.926127
450 176 112 32 32 3.923676
450 352 127 28 28 8.346455
450 119 127 28 28 10.100664
450 2 10 29 29 10.574402
450 289 110 24 24 7.410701
450 146 150 36 36 7.558987
450 124 130 27 27 8.277480
450 150 146 35 35 7.132464
450 336 123 28 28 4.184412
450 336 114 28 28 4.129985
450 296 97 24 24 6.388406
450 354 133 28 28 4.356702
450 352 21 64 64 3.982640
450 112 130 28 28 3.568364
450 10 1 25 25 4.033335
450 12 12 24 24 3.192220
450 287 145 35 35 1.978059
450 350 112 28 28 1.644685
450 23 128 31 31 1.739772
450 448 0 27 27 1.382699
450 192 107 24 24 1.283408
450 275 16 64 64 1.123335
450 154 126 28 28 1.000768
450 299 192 24 24 0.215819
450 0 16 64 64 0.188767
450 356 119 28 28 0.181565
450 168 119 28 28 0.058978
480 280 149 32 32 8.151118
480 344 124 28 28 12.935160
480 399 128 32 32 10.241507
480 485 196 23 23 8.734442
480 119 133 28 28 9.464606
480 136 127 32 32 9.266298
480 1 14 26 26 8.517861
480 17 127 32 32 7.555535
480 160 175 40 40 6.120734
480 306 109 24 24 6.357767
480 357 123 27 27 5.044476
480 349 119 28 28 6.902005
480 284 144 34 34 4.959319
480 154 133 28 28 2.501957
480 260 21 64 64 6.198267
480 3 21 64 64 3.317846
480 192 201 23 23 2.782890
480 272 128 32 32 1.335907
480 0 23 31 31 1.304513
480 1 2 26 26 1.770500
480 384 128 32 32 0.900044
480 176 128 32 32 0.738741
480 176 152 32 32 0.726100
480 126 126 28 28 0.568864
480 336 119 28 28 0.469525
480 492 191 24 24 0.365804
480 192 112 32 32 0.311007
480 300 114 24 24 0.299069
480 3 127 33 33 0.477745
480 315 126 36 36 0.233590
480 342 112 28 28 0.189343
480 343 98 28 28 0.187667
480 272 0 64 64 0.147295
510 144 128 30 30 19.481658
510 278 143 32 32 16.654379
510 274 138 32 32 13.021240
510 161 169 37 37 9.195071
510 288 126 36 36 3.565664
510 0 128 32 32 2.997807
510 356 114 27 27 4.051432
510 175 112 32 32 2.785191
510 27 126 36 36 1.867056
510 128 128 32 32 1.782446
510 192 194 24 24 2.438242
510 192 112 32 32 1.473716
510 403 112 31 31 1.834226
510 176 152 32 32 0.697289
510 112 133 28 28 0.491949
510 161 153 36 36 0.445038
510 176 127 32 32 0.231317
510 288 24 48 48 0.316518
510 288 32 64 64 0.030990
540 462 230 28 28 28.934137
540 142 128 31 31 14.802465
540 9 141 32 32 12.540708
540 160 166 38 38 14.808204
540 469 237 28 28 4.762440
540 256 28 64 64 9.562478
540 10 127 35 35 8.571570
540 350 140 40 40 3.118464
540 448 228 28 28 4.167046
540 452 224 28 28 4.158582
540 384 192 24 24 3.129575
540 469 223 28 28 2.718729
540 192 112 32 32 2.630061
540 20 132 33 33 5.780734
540 128 128 32 32 2.562420
540 280 112 32 32 2.344061
540 294 210 24 24 2.113379
540 270 1 64 64 4.155826
540 455 238 28 28 1.848134
540 420 168 48 48 2.467406
540 498 114 24 24 1.145378
540 385 154 44 44 1.106650
540 280 136 32 32 0.934739
540 0 139 32 32 1.337641
540 194 192 24 24 1.082852
540 192 210 24 24 0.430109
540 390 198 24 24 0.158481
540 384 114 24 24 0.123098
540 336 98 28 28 0.026257
570 273 26 64 64 17.637565
570 150 113 29 29 8.806987
570 3 132 33 33 9.355658
570 161 167 40 40 6.086938
570 192 112 32 32 3.444838
570 168 119 28 28 5.920009
570 388 193 24 24 8.226485
570 314 126 36 36 3.126864
570 395 201 24 24 6.406266
570 386 196 24 24 7.567117
570 468 224 28 28 2.580902
570 288 16 64 64 2.096475
570 166 162 40 40 4.478503
570 2 126 28 28 3.341733
570 256 16 64 64 1.622813
570 195 210 24 24 2.817608
570 305 209 24 24 1.176506
570 19 126 28 28 1.391970
570 14 120 28 28 1.308133
570 291 126 36 36 1.483724
570 0 112 32 32 0.774604
570 272 0 64 64 0.759584
570 203 192 24 24 0.302144
570 384 27 46 46 0.768496
570 256 48 64 64 0.210499
600 284 43 64 64 20.890562
600 352 23 44 44 9.944891
600 285 3 64 64 8.222186
600 255 43 64 64 6.883986
600 350 140 40 40 4.345824
600 133 112 32 32 7.135231
600 170 165 40 40 7.584671
600 192 112 32 32 3.252524
600 481 18 24 24 4.072857
600 468 14 28 28 3.124890
600 482 204 24 24 7.904806
600 462 115 28 28 4.102593
600 180 162 40 40 2.850070
600 272 32 64 64 2.107052
600 484 210 24 24 4.076379
600 491 199 24 24 4.038636
600 168 119 28 28 1.781677
600 390 192 24 24 1.515894
600 204 210 24 24 1.367783
600 18 18 24 24 1.147068
600 401 36 48 48 2.813138
600 192 152 32 32 0.442871
600 126 133 28 28 0.244556
600 0 16 64 64 0.243704
600 210 192 24 24 0.142852
630 456 169 35 35 10.396889
630 352 3 64 64 6.095669
630 16 0 24 24 5.297883
630 154 131 28 28 5.924011
630 239 125 28 28 12.442471
630 485 209 24 24 8.664203
630 198 154 44 44 3.685598
630 219 168 39 39 6.887995
630 454 161 35 35 4.806727
630 245 119 28 28 2.603768
630 396 15 48 48 7.307682
630 168 129 28 28 4.300956
630 231 117 28 28 3.614190
630 0 26 64 64 3.220640
630 481 206 24 24 5.042053
630 245 133 28 28 1.818960
630 27 126 36 36 1.360216
630 192 112 32 32 0.001480
660 105 5 23 23 15.081759
660 103 0 23 23 7.346241
660 308 168 36 36 10.938905
660 275 112 32 32 9.061707
660 384 108 24 24 4.992490
660 110 16 26 26 8.270442
660 402 114 24 24 2.638295
660 192 112 32 32 2.376737
660 243 112 28 28 2.581992
660 272 128 32 32 0.172715
660 32 32 64 64 0.096974
690 131 143 32 32 10.784872
690 242 133 28 28 6.855692
690 277 112 32 32 5.976751
690 26 35 49 49 15.576971
690 349 180 41 41 11.686215
690 99 18 24 24 5.921795
690 357 154 44 44 5.768391
690 96 12 24 24 1.802860
690 133 136 32 32 2.240583
690 229 133 28 28 2.063223
690 7 23 32 32 1.492076
690 192 112 32 32 1.443622
690 400 152 32 32 1.283586
690 108 0 24 24 0.771842
690 6 34 54 54 1.485161
690 336 126 28 28 0.531026
690 448 112 28 28 0.344153
690 16 48 64 64 0.273942
690 330 180 40 40 0.175743
690 340 190 40 40 0.058309
690 132 114 23 23 0.055186
720 490 108 23 23 28.198652
720 468 98 28 28 8.435887
720 481 103 24 24 22.146270
720 364 187 44 44 24.342139
720 224 133 28 28 6.716564
720 483 114 24 24 9.623646
720 374 198 44 44 4.850296
720 21 112 28 28 3.031323
720 385 187 44 44 2.704866
720 263 130 32 32 3.322391
720 154 127 28 28 2.876255
720 166 128 30 30 4.217783
720 210 113 24 24 1.575927
720 374 176 44 44 1.453396
720 0 48 64 64 1.408917
720 28 142 37 37 2.509631
720 498 114 24 24 0.509653
720 352 198 44 44 0.112168
720 21 98 28 28 0.086820
750 131 7 24 24 6.888363
750 448 98 28 28 4.378911
750 5 141 32 32 9.325681
750 399 196 48 48 18.251106
750 481 101 24 24 3.876737
750 469 114 28 28 4.655816
750 497 114 24 24 2.933935
750 408 203 48 48 14.754316
750 408 152 32 32 2.468161
750 401 216 48 48 9.097894
750 0 136 32 32 2.180417
750 7 0 28 28 1.985896
750 120 131 28 28 3.916714
750 383 204 48 48 3.590730
750 485 114 24 24 2.520510
750 198 126 36 36 1.539306
750 225 111 27 27 1.248995
750 136 112 32 32 0.913099
750 18 12 24 24 0.907564
750 128 128 32 32 0.838979
750 356 120 27 27 0.869820
750 230 117 27 27 0.808993
750 462 98 28 28 0.502185
780 455 126 27 27 19.690815
780 242 116 28 28 13.201732
780 230 116 27 27 6.139005
780 235 112 27 27 5.663878
780 290 126 36 36 4.403266
780 450 98 28 28 4.152627
780 462 119 28 28 2.310292
780 462 133 28 28 2.219846
780 5 153 36 36 3.421984
780 126 132 28 28 2.562001
780 469 126 28 28 1.974652
780 0 145 38 38 2.991835
780 216 126 36 36 1.463815
780 14 133 28 28 1.171991
780 280 150 32 32 1.384148
780 455 112 28 28 0.823611
780 448 119 28 28 0.818142
780 279 138 32 32 0.992901
780 176 128 32 32 0.374446
780 18 0 24 24 0.333917
780 448 133 28 28 0.278445
810 400 143 32 32 23.247766
810 215 126 36 36 6.095975
810 2 145 37 37 16.459882
810 19 128 28 28 11.224738
810 192 135 32 32 7.084244
810 196 126 34 34 5.427837
810 9 152 36 36 3.053874
810 136 128 32 32 2.857869
810 408 152 32 32 2.450099
810 130 112 32 32 3.253238
810 408 136 32 32 2.191091
810 154 133 28 28 2.064500
810 11 112 32 32 3.074996
810 18 192 24 24 0.783826
810 462 126 28 28 0.756585
810 272 24 32 32 0.144853
840 14 126 28 28 36.518491
840 3 112 32 32 14.284948
840 191 142 32 32 8.226291
840 176 144 32 32 6.538587
840 20 114 30 30 16.837409
840 294 100 24 24 18.417577
840 18 131 29 29 15.601151
840 289 98 23 23 12.825958
840 2 129 29 29 17.241710
840 306 101 23 23 4.383262
840 135 136 32 32 5.891128
840 300 95 24 24 1.854942
840 8 136 32 32 1.112719
840 350 180 40 40 0.972551
840 306 198 24 24 0.119540
870 2 131 33 33 19.909162
870 1 107 24 24 19.634980
870 243 116 28 28 12.024250
870 192 112 32 32 4.317087
870 227 119 28 28 7.637311
870 125 123 28 28 8.663415
870 131 112 32 32 6.178135
870 238 115 28 28 5.859554
870 264 154 44 44 3.301552
870 119 120 28 28 4.330450
870 5 101 24 24 3.040290
870 12 107 24 24 2.376996
870 488 113 23 23 3.299182
870 6 114 24 24 1.370235
870 450 287 36 36 0.909359
870 288 126 36 36 0.697930
870 288 171 36 36 0.189636
870 497 114 24 24 0.135814
900 176 112 32 32 4.433836
900 168 122 28 28 8.010975
900 202 168 47 47 9.975431
900 192 112 32 32 2.790892
900 17 10 64 64 3.598254
900 462 112 28 28 1.017219
900 219 177 40 40 1.387789
900 231 126 28 28 0.659249
930 113 117 28 28 11.969528
930 465 133 28 28 7.867665
930 126 115 29 29 5.907509
930 0 16 64 64 2.815940
930 3 84 24 24 4.831258
930 155 145 36 36 4.635254
930 42 16 64 64 3.940704
930 6 104 24 24 3.816834
930 402 306 24 24 2.244667
930 168 133 28 28 2.209765
930 454 130 28 28 3.264184
930 144 128 32 32 1.670468
930 122 112 28 28 1.933899
930 176 0 32 32 1.089367
930 357 123 28 28 1.596626
930 245 119 28 28 0.366036
930 102 114 24 24 0.023115
930 441 126 36 36 0.008609
960 136 128 32 32 3.612507
960 389 35 48 48 8.459880
960 8 118 28 28 2.981795
960 0 112 28 28 1.977946
960 352 0 64 64 1.003275
960 112 224 27 27 0.974377
960 15 114 28 28 2.723149
960 336 224 28 28 0.933022
960 455 112 28 28 0.700780
990 337 239 28 28 7.104738
990 451 112 28 28 6.607277
990 1 114 30 30 5.905926
990 9 125 28 28 6.700885
990 19 121 28 28 5.119462
990 134 128 32 32 3.717165
990 391 35 48 48 4.426228
990 144 96 24 24 1.272075
990 357 133 28 28 0.930184
990 462 112 28 28 0.920121
990 128 136 32 32 0.507855
990 454 119 28 28 0.389673
990 256 152 32 32 0.167977
1020 451 119 28 28 7.913082
1020 1 161 40 40 10.783366
1020 338 245 28 28 5.067607
1020 462 119 28 28 3.569339
1020 144 103 24 24 3.777913
1020 9 169 37 37 4.898216
1020 2 180 40 40 3.454243
1020 456 126 28 28 2.135316
1020 402 108 24 24 0.910319
1020 128 144 32 32 0.514551
1020 352 16 64 64 0.377754
1050 18 132 28 28 15.013354
1050 130 143 32 32 14.394095
1050 456 126 28 28 7.857226
1050 133 136 32 32 7.621119
1050 9 129 30 30 5.929750
1050 1 130 28 28 6.935588
1050 448 121 28 28 4.073988
1050 338 245 28 28 2.452763
1050 320 140 40 40 1.092847
1050 144 105 24 24 1.762196
1050 136 152 32 32 0.820166
1050 144 144 32 32 0.051751
1080 454 126 27 27 11.405752
1080 17 133 28 28 6.646063
1080 144 109 24 24 3.757372
1080 3 132 28 28 5.272088
1080 448 119 28 28 1.633249
1080 0 126 29 29 1.166108
1110 450 126 28 28 7.953823
1110 18 132 28 28 5.156935
1110 461 128 28 28 4.084417
1110 457 133 28 28 3.310926
1110 1 131 29 29 3.823809
1110 144 110 23 23 2.746412
1140 19 132 28 28 10.136391
1140 450 126 28 28 7.870391
1140 1 131 29 29 5.801633
1140 462 127 28 28 2.686595
1140 455 133 27 27 2.739673
1140 144 109 24 24 1.833381
1140 7 130 30 30 2.455831
1170 449 126 28 28 7.511162
1170 18 133 28 28 5.871346
1170 1 130 29 29 7.529557
1170 456 131 28 28 7.889817
1170 462 126 28 28 1.820914
1170 144 110 24 24 2.148516
1170 128 150 32 32 1.617311
1200 449 126 28 28 8.464837
1200 18 133 28 28 5.873811
1200 455 131 27 27 7.912803
1200 0 131 29 29 3.792037
1200 144 110 24 24 2.510742
1200 461 126 28 28 1.318168
1200 128 150 32 32 1.188360
1230 449 126 28 28 5.549824
1230 1 131 29 29 6.524176
1230 456 131 28 28 5.764277
1230 144 110 23 23 3.557934
1230 17 133 28 28 3.212716
1230 462 126 28 28 1.065627
1230 128 152 32 32 0.606855
1260 449 126 28 28 7.474886
1260 1 131 29 29 8.456671
1260 456 131 28 28 7.582009
1260 16 132 28 28 3.384081
1260 144 110 24 24 3.586581
1260 462 126 28 28 1.317247
1260 112 245 28 28 0.429365
1260 402 114 24 24 0.388019
1260 128 152 32 32 0.337361
1290 449 126 28 28 6.011771
1290 1 131 29 29 6.790536
1290 456 131 28 28 6.216861
1290 18 132 28 28 4.510821
1290 144 109 24 24 1.564375
1290 462 126 28 28 1.259570
1290 128 152 32 32 0.984046
1290 8 128 32 32 0.495639
1320 450 126 28 28 7.574915
1320 1 131 29 29 7.318111
1320 456 133 28 28 3.994854
1320 13 133 28 28 5.199533
1320 462 129 28 28 2.770847
1320 143 109 23 23 1.681486
1320 128 152 32 32 0.161885
1320 112 245 28 28 0.082969
1350 450 126 28 28 7.796516
1350 1 131 29 29 5.929817
1350 456 131 27 27 8.102590
1350 15 133 28 28 6.426186
1350 462 126 28 28 1.833488
1350 144 110 24 24 2.667439
1380 449 126 27 27 8.131272
1380 456 131 27 27 8.543720
1380 0 131 28 28 3.464471
1380 462 126 28 28 1.647403
1380 144 110 24 24 2.149009
1380 128 148 32 32 0.869918
1410 128 149 32 32 11.206342
1410 449 126 27 27 7.409408
1410 2 131 29 29 10.527537
1410 15 132 28 28 4.359082
1410 456 130 27 27 6.429216
1410 144 110 24 24 2.323311
1410 462 126 28 28 1.152649
1410 107 192 24 24 0.624496
1410 136 144 32 32 0.005077
1440 448 127 27 27 6.628445
1440 456 132 27 27 9.326870
1440 133 146 32 32 8.217693
1440 11 132 33 33 8.751087
1440 132 108 24 24 2.841023
1440 144 105 24 24 4.099768
1440 0 129 31 31 2.901651
1440 128 152 32 32 1.349575
1440 459 126 28 28 1.732569
1440 320 140 40 40 0.985347
1440 24 144 32 32 0.401774
1440 126 98 28 28 0.385667
1470 448 127 27 27 5.838351
1470 456 132 27 27 8.699103
1470 1 131 29 29 6.575269
1470 10 132 28 28 2.780221
1500 454 132 28 28 10.658884
1500 135 151 32 32 6.760002
1500 448 126 28 28 2.945580
1500 384 112 32 32 2.106334
1500 144 114 24 24 2.072157
1500 0 133 28 28 0.953657
1500 8 136 32 32 0.216920
1500 132 198 24 24 0.018805
1530 30 140 40 40 7.829348
1530 11 143 32 32 14.119921
1530 448 133 28 28 3.651122
1530 11 132 33 33 5.179801
1530 0 126 36 36 1.167780
1530 352 32 64 64 0.149863
1560 126 118 28 28 3.454787
1560 343 133 28 28 2.502496
1560 392 128 32 32 1.376329
1560 448 133 28 28 0.818107
1560 352 16 64 64 0.292529
1560 0 48 64 64 0.192801
1590 432 145 36 36 6.914832
1590 480 193 23 23 5.184865
1590 125 117 27 27 5.396482
1590 0 153 36 36 2.242684
1590 437 153 36 36 3.469642
1590 352 22 64 64 2.647034
1590 48 32 64 64 1.304506
1590 448 133 27 27 0.447535
1590 385 11 44 44 0.360083
1590 27 126 36 36 0.050005
1620 402 150 32 32 7.805557
1620 122 112 28 28 4.505193
1620 108 205 24 24 2.696422
1620 352 31 64 64 4.711424
1620 404 143 32 32 3.584224
1620 102 192 24 24 0.359337
1620 96 198 24 24 0.272158
1620 132 114 23 23 0.003477
1650 459 148 36 36 6.998639
1650 450 130 28 28 6.808304
1650 482 192 24 24 4.283155
1650 351 21 64 64 3.270646
1650 486 210 24 24 1.675959
1650 191 152 32 32 1.421440
1650 461 133 28 28 1.347657
1650 455 126 28 28 0.693080
1650 352 48 64 64 0.652683
1650 132 108 24 24 0.349475
1650 484 198 24 24 0.438411
1680 15 242 28 28 13.673411
1680 401 141 32 32 15.386045
1680 408 136 32 32 3.426539
1680 390 135 32 32 6.094199
1680 408 152 32 32 2.787366
1680 21 238 28 28 2.194028
1680 132 110 24 24 2.975819
1680 115 98 28 28 3.201425
1680 128 24 32 32 0.831125
1680 192 152 32 32 0.594120
1680 352 16 64 64 0.128804
1680 0 209 44 44 0.100724
1680 245 231 28 28 0.021456
1680 272 144 32 32 0.018617
1710 1 179 40 40 20.706483
1710 496 198 24 24 13.184612
1710 270 145 32 32 5.979753
1710 4 155 42 42 10.561801
1710 408 136 32 32 3.616274
1710 16 96 24 24 4.350145
1710 16 171 40 40 8.870416
1710 132 108 24 24 3.082880
1710 451 126 28 28 4.927808
1710 18 224 28 28 3.733151
1710 119 98 28 28 1.524357
1710 10 186 40 40 1.842044
1710 10 224 28 28 2.555395
1710 128 24 32 32 1.359750
1710 352 34 64 64 1.278433
1710 469 130 28 28 0.722514
1710 465 126 27 27 0.705645
1710 280 152 32 32 0.286186
1710 9 171 36 36 0.259406
1740 266 144 32 32 5.930116
1740 352 48 64 64 2.081825
1740 17 146 32 32 4.683829
1740 432 148 36 36 2.791345
1740 350 133 27 27 1.529903
1740 24 149 32 32 1.357044
1740 288 171 36 36 0.143378
1740 132 102 24 24 0.027147
1740 0 112 28 28 0.007128
1770 13 96 24 24 6.307859
1770 338 132 28 28 4.034811
1770 132 106 24 24 2.277340
1770 452 133 28 28 2.152565
1770 448 128 28 28 2.146258
1770 264 144 32 32 0.945346
1770 119 98 28 28 0.572170
1770 154 98 28 28 0.343810
1770 352 48 64 64 0.260595
1770 24 128 32 32 0.072883
1800 401 129 32 32 7.088442
1800 452 133 28 28 6.173930
1800 9 205 24 24 5.865291
1800 395 112 31 31 3.939025
1800 8 210 24 24 3.544391
1800 352 24 64 64 1.939198
1800 119 98 28 28 1.012662
1800 408 136 32 32 0.459451
1800 469 133 28 28 0.318273
1800 128 24 32 32 0.213456
1830 452 133 28 28 8.718434
1830 0 119 28 28 1.661181
1830 352 16 64 64 1.605361
1830 343 133 28 28 1.571343
1830 132 114 24 24 1.400123
1830 264 152 32 32 1.091386
1830 128 24 32 32 0.838621
1830 264 228 48 48 1.105300
