30 432 144 36 36 7.106430
60 0 128 32 32 7.182786
90 48 48 64 64 6.221867
120 432 144 36 36 8.992525
150 441 144 36 36 6.445643
180 357 133 28 28 6.300095
210 459 153 36 36 8.051855
240 432 126 36 36 6.364720
270 343 133 28 28 8.152669
300 343 133 28 28 7.709675
330 441 144 36 36 6.843439
360 231 21 28 28 8.768546
390 432 144 36 36 7.174030
420 450 144 36 36 5.714553
450 288 0 24 24 6.671436
480 402 108 24 24 6.480548
510 402 96 24 24 5.218679
540 492 204 24 24 9.707211
570 352 48 64 64 9.146024
600 224 14 28 28 4.996308
630 224 0 28 28 6.546918
660 231 0 28 28 7.289987
690 392 24 32 32 2.835590
720 16 112 32 32 3.570436
750 336 126 28 28 4.268607
780 384 136 32 32 6.156620
810 108 198 24 24 4.963263
840 392 152 32 32 7.440312
870 390 192 24 24 5.324949
900 128 128 32 32 5.789332
930 320 160 40 40 9.589610
960 480 6 24 24 6.070347
990 0 140 40 40 6.725379
1020 432 153 36 36 4.027002
1050 459 153 36 36 8.444505
1080 400 112 32 32 7.212111
1110 400 128 32 32 6.409247
1140 352 32 64 64 6.921756
1170 112 133 28 28 6.471998
1200 459 144 36 36 4.558359
1230 16 16 64 64 4.895767
1260 119 133 28 28 5.299179
1290 432 162 36 36 8.857867
1320 357 133 28 28 8.997905
1350 357 119 28 28 8.248991
1380 350 126 28 28 7.075181
1410 350 126 28 28 8.407378
1440 357 119 28 28 8.168566
1470 352 16 64 64 9.036057
1500 492 18 24 24 8.381134
1530 297 126 36 36 9.033554
1560 256 152 32 32 8.409085
1590 144 171 36 36 8.980089
1620 16 128 32 32 9.750371
1650 168 133 28 28 8.642134
1680 352 16 64 64 4.721108
1710 350 30 40 40 5.465401
1740 352 32 64 64 6.817472
1770 357 133 28 28 8.486446
1800 12 192 48 48 9.633759
1830 176 209 44 44 8.315558
