30 0 136 32 32 8.031894
60 160 20 40 40 6.630589
90 204 84 24 24 9.270529
120 455 98 28 28 9.023811
150 20 30 40 40 8.337642
180 154 126 28 28 5.755912
210 448 14 28 28 6.441958
240 112 98 28 28 6.613182
270 396 114 24 24 8.638928
300 390 114 24 24 9.276787
330 390 114 24 24 8.566979
360 288 216 48 48 9.916073
390 390 114 24 24 9.057199
420 390 114 24 24 9.330421
450 350 140 40 40 5.267787
480 408 168 48 48 6.564589
510 384 84 24 24 6.115460
540 192 36 48 48 5.613081
570 154 14 28 28 8.694714
600 112 126 28 28 5.341509
630 21 126 28 28 6.257624
660 352 16 64 64 6.320510
690 24 128 32 32 7.124015
720 0 128 32 32 6.992433
750 0 133 28 28 6.904527
780 18 108 24 24 5.715506
810 0 108 24 24 9.355946
840 343 126 28 28 6.717602
870 357 133 28 28 8.305025
900 357 133 28 28 7.692973
930 384 128 32 32 7.457156
960 256 16 64 64 4.983615
990 357 126 28 28 4.107382
1020 256 16 64 64 7.530778
1050 384 112 32 32 9.026553
1080 408 112 32 32 4.644451
1110 462 133 28 28 5.244606
1140 352 16 64 64 5.602428
1170 455 14 28 28 4.062700
1200 384 112 32 32 7.602035
1230 18 114 24 24 7.583907
1260 24 112 32 32 5.678141
1290 27 18 36 36 9.939470
1320 18 0 36 36 4.911270
1350 469 119 28 28 8.290127
1380 48 0 64 64 8.709154
1410 408 152 32 32 7.614616
1440 126 119 28 28 3.378752
1470 336 119 28 28 2.158645
1500 396 114 24 24 6.276208
1530 459 171 36 36 4.513604
1560 16 0 64 64 4.668022
1590 16 0 64 64 3.398892
1620 441 162 36 36 5.738473
1650 36 36 48 48 2.157125
1680 336 133 28 28 5.256309
1710 343 126 28 28 5.120727
1740 280 128 32 32 6.609058
1770 392 144 32 32 9.357491
1800 128 152 32 32 8.261746
1830 256 144 32 32 9.316279
