30 385 0 44 44 4.700470
60 128 144 32 32 4.800018
90 192 210 24 24 4.691933
120 385 0 44 44 4.279519
150 385 0 44 44 5.083203
180 385 0 44 44 5.210440
210 385 0 44 44 4.660424
240 385 0 44 44 4.501484
270 385 0 44 44 4.643075
300 385 0 44 44 3.401387
330 385 0 44 44 2.623351
360 0 144 36 36 4.472702
390 27 153 36 36 6.406159
420 9 162 36 36 5.375134
450 12 192 24 24 4.844298
480 343 133 28 28 4.230695
510 264 128 32 32 5.111226
540 27 153 36 36 4.036596
570 192 192 24 24 3.875355
600 144 192 24 24 5.887211
630 96 192 24 24 7.084266
660 9 171 36 36 6.486911
690 9 171 36 36 6.131935
720 396 18 24 24 4.213469
750 180 160 40 40 8.792888
780 128 152 32 32 4.767490
810 18 162 36 36 6.815680
840 7 112 28 28 4.975891
870 112 112 28 28 3.790745
900 0 154 44 44 3.821818
930 0 154 44 44 3.880137
960 10 160 40 40 3.669701
990 10 160 40 40 3.615310
1020 0 154 44 44 3.691335
1050 27 171 36 36 7.956514
1080 315 162 36 36 7.426134
1110 242 187 44 44 7.593095
1140 154 224 28 28 3.655366
1170 112 7 28 28 4.395127
1200 306 0 24 24 3.944573
1230 245 119 28 28 4.876279
1260 154 119 28 28 5.946359
1290 408 24 32 32 4.458298
1320 0 32 64 64 9.192390
1350 288 32 64 64 5.961723
1380 469 133 28 28 8.036184
1410 455 133 28 28 9.247123
1440 0 48 64 64 5.508374
1470 288 48 64 64 4.989773
1500 408 128 32 32 5.141944
1530 27 144 36 36 6.314433
1560 30 140 40 40 8.101275
1590 340 140 40 40 9.604261
1620 144 144 36 36 5.918304
1650 256 152 32 32 6.331451
1680 352 48 64 64 5.923334
1710 352 32 64 64 4.675836
1740 459 126 36 36 5.621130
1770 330 140 40 40 5.510552
1800 18 192 24 24 8.703584
1830 272 8 32 32 7.397570
