30 9 126 36 36 4.059086
60 198 114 24 24 6.661665
90 343 21 28 28 3.982754
120 144 96 24 24 2.331903
150 154 126 28 28 2.991462
180 294 18 24 24 3.870137
210 450 144 36 36 3.371415
240 498 114 24 24 4.893794
270 352 187 44 44 6.382757
300 385 187 44 44 6.883326
330 400 136 32 32 8.222150
360 469 245 28 28 4.734597
390 459 144 36 36 6.796949
420 14 112 28 28 4.116238
450 448 119 28 28 4.615054
480 126 119 28 28 5.220641
510 486 210 24 24 2.340304
540 336 98 28 28 4.423934
570 343 98 28 28 3.877970
600 498 108 24 24 3.886683
630 498 192 24 24 2.546582
690 462 119 28 28 4.094728
720 224 112 28 28 5.180509
750 462 98 28 28 9.043254
780 18 84 24 24 4.902959
810 294 102 24 24 7.718850
840 204 114 24 24 7.797658
870 168 98 28 28 7.845619
900 350 112 28 28 6.765122
930 350 112 28 28 9.497229
960 357 133 28 28 4.125125
990 492 204 24 24 7.047452
1020 408 36 48 48 0.417855
1050 18 114 24 24 4.078393
1080 21 98 28 28 3.353743
1110 0 108 24 24 3.322002
1140 0 119 28 28 3.897332
1170 450 153 36 36 4.264020
1200 462 119 28 28 2.827203
1230 462 119 28 28 0.221897
1290 392 128 32 32 7.984198
1320 392 24 32 32 5.967451
