30 455 133 28 28 6.112051
60 455 126 28 28 3.693215
90 469 119 28 28 5.935449
120 455 126 28 28 3.630910
180 18 96 24 24 3.931828
210 12 84 24 24 1.039778
240 469 119 28 28 5.010867
270 16 16 64 64 1.871236
300 272 128 32 32 0.344108
330 168 112 28 28 2.975332
360 0 33 44 44 4.996894
390 392 16 32 32 1.803824
420 144 300 24 24 1.876656
450 469 119 28 28 4.231426
480 469 119 28 28 4.180899
510 469 119 28 28 1.358542
540 462 112 28 28 2.660868
570 136 128 32 32 0.796557
600 128 128 32 32 1.650766
630 21 238 28 28 4.186369
660 108 204 24 24 3.128040
690 132 102 24 24 2.772824
720 96 204 24 24 4.203642
750 96 198 24 24 3.472715
780 231 98 28 28 3.597184
810 176 0 44 44 4.127022
840 0 126 28 28 4.903332
870 455 126 28 28 4.027947
900 0 48 64 64 3.494381
930 32 48 64 64 2.595019
960 16 32 64 64 3.098807
990 16 32 64 64 4.227329
1020 306 108 24 24 1.183274
1050 432 162 36 36 5.767809
1080 392 136 32 32 8.964515
1110 480 210 24 24 8.838428
1140 231 133 28 28 3.408973
1170 498 204 24 24 3.633906
1200 128 112 32 32 2.989790
1230 392 144 32 32 6.013221
1260 450 162 36 36 5.455019
1290 126 133 28 28 2.691946
1320 0 18 24 24 3.629657
1350 210 6 24 24 8.103089
1380 6 12 24 24 6.888546
1410 0 12 24 24 7.232841
1440 300 18 24 24 7.001927
1470 192 12 24 24 6.059967
1500 21 0 28 28 9.005840
1530 12 0 24 24 7.133600
1560 492 96 24 24 3.873090
1590 168 126 28 28 7.203876
1620 154 98 28 28 4.486521
1650 448 112 28 28 5.420364
1680 154 98 28 28 4.744502
1710 168 98 28 28 4.705488
1740 192 114 24 24 6.887041
1770 192 114 24 24 4.501843
1800 36 36 48 48 6.686366
1830 30 30 40 40 6.467837
1860 12 0 48 48 5.793828
1890 36 0 48 48 3.516077
1920 12 36 48 48 1.442386
1950 11 33 44 44 3.176768
1980 16 16 64 64 3.075598
2010 204 36 48 48 4.413513
2040 192 36 48 48 5.410874
2070 216 12 48 48 5.011137
2100 492 84 24 24 3.198129
2130 459 0 36 36 2.964813
