30 231 112 28 28 7.548430
60 126 112 28 28 6.721957
90 170 140 40 40 8.508420
120 32 16 64 64 9.129331
150 18 114 24 24 8.042554
180 0 112 28 28 5.812611
210 242 154 44 44 5.474878
240 6 294 24 24 5.087808
270 300 204 24 24 9.417166
300 0 112 28 28 7.084732
330 0 119 28 28 8.311726
360 288 84 24 24 5.389500
390 242 154 44 44 5.550757
420 315 144 36 36 6.323682
450 192 136 32 32 6.684007
480 288 96 24 24 8.228480
510 240 160 40 40 8.739188
540 24 136 32 32 7.654656
570 136 272 32 32 9.538901
600 240 170 40 40 9.961233
630 240 170 40 40 7.084013
660 18 126 36 36 8.097006
690 240 170 40 40 6.394841
720 245 98 28 28 8.189026
750 238 98 28 28 8.113504
780 6 12 24 24 6.949826
810 153 126 36 36 6.978850
840 448 133 28 28 3.567457
870 264 144 32 32 5.815996
900 408 228 48 48 6.347625
930 102 108 24 24 7.499421
960 238 245 28 28 4.518775
990 256 128 32 32 9.992140
1020 220 160 40 40 8.088690
1050 357 126 28 28 9.180216
1080 7 133 28 28 9.716593
1110 0 126 36 36 9.994410
1140 18 126 36 36 5.387568
1170 128 136 32 32 9.044909
1200 20 160 40 40 4.283722
1230 136 152 32 32 6.544210
1260 21 133 28 28 3.284456
1290 24 144 32 32 9.157520
1320 8 144 32 32 9.135938
1350 21 126 28 28 9.189674
1380 384 136 32 32 5.877155
1410 384 128 32 32 6.792745
1440 448 119 28 28 5.284473
1470 396 198 24 24 4.281311
1500 0 133 28 28 6.723112
1530 176 136 32 32 6.436378
1560 176 144 32 32 4.681693
1590 486 192 24 24 9.056047
1620 144 152 32 32 4.513346
1650 408 152 32 32 3.922732
1680 392 144 32 32 3.333854
1710 8 152 32 32 4.960115
1740 392 152 32 32 3.615971
1770 498 114 24 24 4.263461
1800 441 144 36 36 8.915487
1830 119 126 28 28 4.594055
1860 16 128 32 32 9.294617
1890 0 136 32 32 2.646077
1920 24 128 32 32 7.092763
