30 408 112 32 32 7.133170
60 0 133 28 28 7.747113
90 448 133 28 28 8.366410
120 350 112 28 28 4.406795
150 21 133 28 28 9.768863
180 224 133 28 28 5.120577
210 192 114 24 24 0.747564
240 8 144 32 32 6.268734
270 480 96 24 24 4.654986
300 16 128 32 32 8.226719
330 0 136 32 32 5.885290
360 448 112 28 28 7.499232
390 154 112 28 28 9.343777
420 462 133 28 28 7.419306
450 448 126 28 28 9.602112
480 24 128 32 32 9.928679
510 448 112 28 28 7.727066
540 21 133 28 28 9.239923
570 448 133 28 28 3.922785
600 469 126 28 28 4.178030
630 448 126 28 28 9.224749
660 469 133 28 28 9.879138
690 459 126 36 36 4.671177
720 264 112 32 32 2.425998
750 245 112 28 28 9.046950
780 224 119 28 28 7.848159
810 176 112 32 32 8.115673
840 176 128 32 32 6.228953
870 210 114 24 24 6.563779
900 245 119 28 28 9.425635
930 459 9 36 36 8.297804
960 459 126 36 36 8.155099
990 7 112 28 28 6.409365
1020 432 9 36 36 8.380191
1050 0 126 28 28 3.015795
1080 0 119 28 28 2.115930
1110 126 112 28 28 6.342179
1140 441 171 36 36 3.584291
1170 240 180 40 40 7.255700
1200 36 168 48 48 7.246751
1230 315 144 36 36 5.592781
1260 392 144 32 32 6.080798
1290 441 126 36 36 8.869678
1320 392 112 32 32 5.741048
1350 288 210 24 24 4.047555
1380 462 238 28 28 5.276885
1410 486 96 24 24 4.123755
1440 336 112 28 28 6.709320
1470 198 297 36 36 5.426488
1500 402 114 24 24 5.677763
1530 154 133 28 28 10.235530
1560 455 112 28 28 3.108839
1590 210 114 24 24 2.707074
1620 144 144 32 32 6.159772
1650 272 112 32 32 5.330215
1680 0 16 64 64 5.370723
