30 6 114 24 24 0.888185
90 408 128 32 32 3.476407
120 154 126 28 28 1.708098
150 392 144 32 32 5.290673
180 432 144 36 36 2.650849
210 9 126 36 36 3.263810
240 112 112 28 28 3.262570
270 469 133 28 28 3.924232
300 33 154 44 44 3.224701
330 7 133 28 28 7.856387
360 32 48 64 64 5.236242
390 486 204 24 24 5.734833
420 144 128 32 32 5.600719
450 128 112 32 32 2.326368
480 136 112 32 32 4.268782
510 154 112 28 28 3.720850
540 18 96 24 24 0.404842
600 469 126 28 28 2.688590
630 448 126 28 28 2.565472
660 469 133 28 28 2.279656
690 0 18 24 24 7.682349
720 455 126 28 28 8.625518
750 462 119 28 28 1.917124
780 198 114 24 24 2.953939
810 480 108 24 24 4.349370
840 498 96 24 24 2.027343
870 231 98 28 28 7.249151
900 108 198 24 24 5.989225
930 231 112 28 28 3.822786
960 176 128 32 32 8.084734
990 144 102 24 24 2.636564
1020 102 114 24 24 6.591665
1050 357 126 28 28 7.990265
1080 400 128 32 32 6.233942
1110 392 112 32 32 6.130512
1140 126 126 28 28 9.356069
1170 350 126 28 28 7.696670
1200 432 126 36 36 8.769413
1230 204 84 24 24 4.956701
1260 119 119 28 28 4.132036
1290 272 112 32 32 8.359566
1320 343 119 28 28 4.398693
1350 154 112 28 28 4.105870
1380 224 119 28 28 3.091495
1410 343 119 28 28 4.070209
1440 315 126 36 36 5.547110
1470 402 198 24 24 5.655972
1500 469 224 28 28 4.519882
1530 448 133 28 28 5.175705
1560 119 133 28 28 3.470233
