30 7 98 28 28 6.885438
60 0 144 36 36 3.214404
90 336 133 28 28 1.195144
120 33 187 44 44 3.818815
150 119 238 28 28 2.631597
180 384 204 24 24 4.240319
210 459 153 36 36 5.337192
240 459 153 36 36 3.374206
270 396 192 48 48 4.648303
300 264 192 48 48 2.483056
330 8 136 32 32 6.822517
360 340 160 40 40 2.553580
390 21 245 28 28 4.694781
420 459 171 36 36 0.959450
450 350 190 40 40 4.039068
480 245 224 28 28 2.480279
510 498 192 24 24 2.652178
540 441 153 36 36 1.458385
570 486 210 24 24 1.966081
600 392 144 32 32 4.884885
630 400 136 32 32 6.162735
660 256 136 32 32 0.186480
690 462 224 28 28 1.853397
720 245 133 28 28 4.319536
750 432 126 36 36 8.606242
780 7 231 28 28 5.214375
810 402 84 24 24 0.932178
840 392 112 32 32 5.349833
870 24 112 32 32 4.309411
900 128 112 32 32 7.289126
930 245 119 28 28 9.738935
960 350 119 28 28 8.171623
990 469 126 28 28 5.447796
1020 343 112 28 28 0.451387
1050 0 36 48 48 4.880994
1080 96 114 24 24 7.746094
1110 224 119 28 28 9.015239
1140 469 119 28 28 9.420843
1170 204 114 24 24 6.126275
1200 210 114 24 24 5.544783
1230 486 84 24 24 5.236585
1260 112 133 28 28 6.469521
1290 0 16 64 64 6.698465
1320 27 126 36 36 9.575767
1350 0 128 32 32 9.623321
1380 384 152 32 32 3.041383
1410 21 126 28 28 8.548950
1440 24 128 32 32 8.026722
1470 192 114 24 24 7.865820
1500 119 119 28 28 6.668353
1530 136 112 32 32 8.047511
1560 0 133 28 28 8.435843
1590 18 102 24 24 5.005389
1620 192 114 24 24 3.996990
1650 0 133 28 28 4.295428
1680 21 126 28 28 9.414153
