30 357 112 28 28 4.637951
60 256 16 64 64 5.824587
90 350 126 28 28 7.742119
120 408 136 32 32 5.382264
150 384 112 32 32 3.962998
180 408 128 32 32 6.597427
210 459 27 36 36 5.445237
240 343 119 28 28 7.560612
270 357 119 28 28 3.983389
300 352 16 64 64 6.434828
330 336 112 28 28 5.958948
360 408 112 32 32 5.708654
390 7 133 28 28 5.838540
420 272 16 64 64 4.179871
450 336 126 28 28 3.847111
480 336 133 28 28 4.050713
510 400 112 32 32 5.696846
540 168 133 28 28 5.206445
570 168 126 28 28 6.513805
600 21 133 28 28 4.474468
630 168 119 28 28 2.439131
660 0 36 48 48 6.129504
690 448 112 28 28 1.692264
720 144 102 24 24 2.024710
750 448 112 28 28 3.428899
780 144 108 24 24 3.330662
810 448 119 28 28 3.408046
840 448 112 28 28 2.641724
870 144 114 24 24 3.587192
900 144 114 24 24 3.831185
930 8 152 32 32 3.523700
960 8 152 32 32 2.977583
990 448 119 28 28 3.064380
1020 448 119 28 28 4.418867
1050 136 136 32 32 4.288721
1080 128 128 32 32 5.702907
1110 128 136 32 32 7.059210
1140 126 133 28 28 4.228656
1170 126 133 28 28 6.905086
1200 126 133 28 28 8.260571
1230 128 136 32 32 7.348474
1260 119 133 28 28 7.510096
1290 343 133 28 28 6.807813
1320 357 126 28 28 7.012101
1350 357 133 28 28 5.649719
1380 459 126 36 36 6.977912
1410 352 32 64 64 7.105681
1440 0 16 64 64 1.543390
1470 176 112 32 32 8.349748
1500 176 112 32 32 4.322146
1530 18 126 36 36 3.990293
1560 231 119 28 28 9.173556
1590 238 112 28 28 8.898338
1620 24 128 32 32 8.789685
1650 480 96 24 24 8.133424
1680 126 126 28 28 4.742990
1710 384 152 32 32 6.195428
1740 245 119 28 28 6.254152
1770 245 112 28 28 8.569338
1800 256 0 64 64 6.076497
1830 128 112 32 32 4.387445
