30 336 98 28 28 4.270704
60 396 102 24 24 5.780382
90 396 108 24 24 9.668406
120 16 112 32 32 8.415508
150 408 128 32 32 4.863244
180 245 133 28 28 6.060607
210 352 0 64 64 5.889144
240 448 119 28 28 5.328543
270 462 119 28 28 8.205959
300 0 0 64 64 3.773180
330 390 108 24 24 5.800430
360 459 126 36 36 7.840798
390 343 112 28 28 4.807289
420 198 126 36 36 4.348706
450 459 126 36 36 3.801077
480 176 128 32 32 5.411379
510 441 144 36 36 5.087365
540 24 136 32 32 5.181639
570 0 136 32 32 5.531743
600 315 126 36 36 3.723815
630 352 48 64 64 4.910419
660 24 112 32 32 1.254274
690 392 136 32 32 6.081809
720 432 144 36 36 4.718441
750 16 144 32 32 7.639263
780 0 128 32 32 1.970857
810 24 128 32 32 5.042383
840 469 126 28 28 4.389738
870 224 98 28 28 3.003438
900 224 112 28 28 3.785616
930 224 119 28 28 3.806363
960 126 119 28 28 5.258847
990 21 98 28 28 5.089946
1020 168 126 28 28 2.301462
1050 402 192 24 24 5.480595
1080 462 112 28 28 4.936642
1110 112 133 28 28 5.378301
1140 112 126 28 28 4.536795
1170 0 144 32 32 5.681706
1200 392 136 32 32 5.147115
1230 486 108 24 24 6.040307
1260 256 24 32 32 4.113918
1290 48 32 64 64 7.514958
1320 32 48 64 64 4.577356
1350 108 192 24 24 5.325311
1380 16 48 64 64 6.448826
1410 16 48 64 64 9.024242
1440 16 48 64 64 5.915691
1470 12 192 24 24 4.085361
1500 16 48 64 64 5.699776
1530 18 192 24 24 4.431157
1560 16 48 64 64 5.746188
1590 459 144 36 36 6.153512
1620 10 190 40 40 5.872336
1650 486 192 24 24 4.373991
1680 480 192 24 24 3.920974
1710 357 119 28 28 3.574315
1740 480 114 24 24 6.093719
1770 0 16 64 64 5.074255
1800 0 16 64 64 5.279516
1830 498 108 24 24 6.549595
