30 352 32 64 64 2.869000
60 432 126 36 36 5.100411
90 384 152 32 32 8.673908
120 18 102 24 24 4.724318
150 136 128 32 32 4.292594
180 374 154 44 44 3.734960
210 176 128 32 32 5.647055
240 153 126 36 36 7.835329
270 448 119 28 28 2.950809
300 350 126 28 28 5.191184
330 350 126 28 28 6.412375
360 20 170 40 40 7.960988
390 462 133 28 28 7.718935
420 469 133 28 28 6.204401
450 102 108 24 24 4.569664
480 469 98 28 28 6.423200
510 469 98 28 28 5.257918
540 469 98 28 28 4.677549
570 469 98 28 28 4.812863
600 469 98 28 28 5.381745
630 469 112 28 28 3.443154
660 469 112 28 28 3.611319
690 469 98 28 28 3.597142
720 469 98 28 28 4.080112
750 469 98 28 28 5.075213
780 469 98 28 28 4.431602
810 469 98 28 28 4.217602
840 469 98 28 28 3.266519
870 469 98 28 28 4.155570
900 469 98 28 28 5.085947
930 469 126 28 28 3.517396
960 469 98 28 28 4.227457
990 469 126 28 28 3.309944
1020 469 112 28 28 4.327126
1050 469 112 28 28 4.347293
1080 469 112 28 28 4.087589
1110 469 112 28 28 3.912027
1140 469 98 28 28 4.191900
1170 469 112 28 28 3.695857
1200 469 112 28 28 4.040036
1230 469 112 28 28 4.240588
1260 469 112 28 28 4.381921
1290 469 112 28 28 4.376356
1320 469 112 28 28 3.543450
1350 469 126 28 28 3.359705
1380 469 98 28 28 4.472996
1410 469 98 28 28 4.340644
1440 469 98 28 28 4.429347
1470 469 98 28 28 4.850295
1500 469 112 28 28 3.641039
1530 469 112 28 28 3.790347
1560 469 112 28 28 4.667903
1590 469 112 28 28 4.113522
1620 469 98 28 28 3.940552
1650 469 112 28 28 3.793408
1680 469 126 28 28 4.010904
1710 469 112 28 28 3.776893
1740 469 126 28 28 3.161650
1770 469 126 28 28 3.346191
1800 469 98 28 28 4.018263
1830 352 154 44 44 4.650329
