30 455 119 28 28 5.382351
60 455 126 28 28 7.474097
90 462 126 28 28 6.899783
120 220 20 40 40 3.668764
150 288 32 64 64 2.522538
180 352 32 64 64 6.555401
210 448 126 28 28 5.654878
240 48 32 64 64 6.397414
270 448 133 28 28 5.749152
300 245 112 28 28 4.237235
330 112 126 28 28 6.611633
360 18 144 36 36 3.806823
390 7 133 28 28 5.545278
420 48 16 64 64 6.263597
450 24 128 32 32 6.880662
480 272 48 64 64 6.447009
510 462 112 28 28 4.368594
540 144 114 24 24 6.369029
570 24 128 32 32 6.784675
600 350 133 28 28 6.168683
630 154 126 28 28 6.457499
660 384 112 32 32 6.604362
690 459 126 36 36 6.026486
720 492 114 24 24 5.336189
750 256 0 64 64 6.307574
780 0 48 64 64 6.532841
810 336 119 28 28 4.456843
840 336 119 28 28 6.576750
870 7 119 28 28 7.040564
900 352 0 64 64 4.720533
930 136 24 32 32 4.834064
960 469 133 28 28 4.659964
990 154 126 28 28 5.445297
1020 396 84 24 24 3.704314
1050 363 154 44 44 7.847905
1080 21 21 28 28 6.691236
1110 21 14 28 28 5.979836
1140 0 0 32 32 2.789517
1170 486 12 24 24 6.410277
1200 448 14 28 28 6.836984
1230 432 9 36 36 6.136376
1260 432 9 36 36 5.491717
1290 432 18 36 36 5.675076
1320 420 168 48 48 4.579307
1350 396 168 48 48 1.994946
1380 384 168 48 48 5.788477
1410 16 144 32 32 2.350430
1440 24 152 32 32 2.884693
1470 385 22 44 44 4.826109
1500 385 22 44 44 5.114541
1530 385 22 44 44 5.035787
1560 385 22 44 44 4.927483
1590 385 22 44 44 4.908091
1620 374 22 44 44 3.772732
1650 374 22 44 44 3.132906
1680 132 108 24 24 7.166669
1710 112 112 28 28 5.215337
1740 469 245 28 28 3.237378
1770 402 114 24 24 4.410329
1800 192 96 24 24 3.222288
1830 462 238 28 28 2.773481
