60 480 6 24 24 0.209287
240 15 141 38 38 5.590891
270 144 113 24 24 0.091764
330 220 10 40 40 1.225685
450 402 12 24 24 6.120520
480 144 167 36 36 5.263350
510 318 141 38 38 3.851300
540 270 29 64 64 6.908568
570 308 1 36 36 7.771873
600 283 29 64 64 8.764148
630 283 32 64 64 4.647950
660 337 19 28 28 9.869797
690 337 14 27 27 21.648769
720 350 2 28 28 7.799889
750 400 135 32 32 7.679183
780 24 140 32 32 6.286705
810 176 136 32 32 0.782665
840 161 161 36 36 2.325302
870 3 147 34 34 6.676873
900 96 201 24 24 8.262694
930 408 128 32 32 7.292392
960 447 117 28 28 4.655222
990 20 128 29 29 9.855801
1020 2 124 28 28 8.815181
1050 104 112 23 23 6.584662
1080 0 18 36 36 0.247535
1110 374 11 44 44 0.318778
1260 302 6 23 23 5.013681
1290 167 114 28 28 0.432675
1320 5 100 24 24 17.093019
1350 489 209 24 24 6.956307
1380 330 26 40 40 7.636902
1410 258 256 32 32 8.672086
1440 275 128 32 32 3.232477
1470 352 47 64 64 2.220492
1500 117 126 28 28 8.216987
1530 290 113 24 24 9.548492
1560 294 109 24 24 9.686668
1590 292 113 24 24 9.383472
1620 395 16 23 23 8.993410
1650 397 0 23 23 3.818551
1680 386 112 32 32 2.427378
1710 264 36 48 48 5.448148
1740 264 36 48 48 4.223682
1770 264 36 48 48 2.065828
1800 459 27 36 36 2.298541
1830 337 177 39 39 7.777916
