30 337 127 27 27 7.197273
60 344 189 39 39 7.705980
90 337 126 28 28 8.962990
120 342 120 28 28 6.693516
150 338 124 28 28 7.342142
180 397 112 24 24 7.332296
210 433 167 36 36 6.920827
240 235 118 28 28 8.473646
270 2 130 32 32 8.141094
300 337 126 28 28 9.686204
330 120 112 28 28 8.384248
360 348 133 28 28 6.524676
390 496 196 24 24 3.199152
420 119 133 27 27 5.000120
450 291 126 36 36 4.510655
480 449 98 28 28 9.969711
510 126 133 28 28 2.516782
540 486 209 24 24 5.129017
570 238 127 28 28 7.984094
600 482 11 23 23 7.059552
630 11 129 34 34 9.409901
660 391 192 24 24 8.665623
690 235 133 28 28 7.553686
720 405 149 32 32 7.745191
750 353 133 28 28 8.381804
780 443 168 36 36 8.806997
810 262 30 64 64 9.751429
840 260 35 64 64 8.824251
870 8 128 34 34 8.365439
900 408 5 48 48 8.371058
930 404 23 47 47 9.385184
960 115 112 28 28 8.924674
990 116 112 28 28 9.226073
1020 168 114 28 28 9.369161
1050 144 108 24 24 6.922678
1080 134 112 32 32 8.940586
1110 168 113 28 28 6.493630
1140 168 114 27 27 8.910081
1170 168 114 28 28 8.341218
1200 168 125 28 28 8.789420
1230 143 100 24 24 8.090920
1260 13 126 34 34 7.568214
1290 458 126 28 28 8.105064
1320 134 133 32 32 8.430478
1350 14 129 34 34 9.659422
1380 457 125 28 28 5.803167
1410 21 132 33 33 7.362883
1440 168 114 28 28 7.049441
1470 345 119 28 28 7.490445
1500 12 126 34 34 6.605620
1530 20 135 32 32 9.555621
1560 458 126 27 27 6.219056
1590 168 113 27 27 6.191478
1620 458 126 27 27 6.633661
1650 167 113 28 28 6.643746
1680 168 113 27 27 6.371871
1710 458 126 28 28 6.703087
1740 464 132 28 28 7.702212
1770 458 126 28 28 6.549541
1800 458 126 28 28 6.795601
