30 9 126 35 35 1.115210
60 27 168 36 36 3.873859
90 347 125 28 28 2.061329
120 227 126 28 28 5.517842
150 227 126 28 28 6.023769
180 233 124 27 27 7.259251
210 225 119 27 27 9.625036
240 455 143 36 36 6.262382
270 457 126 28 28 8.908664
300 357 119 28 28 3.265875
330 404 112 32 32 8.635356
360 264 36 48 48 5.618126
390 498 1 24 24 3.542751
420 13 123 27 27 1.244675
450 264 35 48 48 4.293276
480 34 33 47 47 8.627804
510 493 96 23 23 1.090971
540 126 129 27 27 2.219325
570 168 114 28 28 5.694625
600 2 7 27 27 2.956720
630 168 116 28 28 1.093411
660 168 119 27 27 0.743451
690 256 32 64 64 0.729435
720 144 95 24 24 2.624018
750 12 19 29 29 6.707273
780 26 4 46 46 6.658896
810 176 112 32 32 4.673890
840 21 152 34 34 4.335134
870 7 29 45 45 7.049276
900 256 6 64 64 6.036740
930 176 112 32 32 4.058600
960 1 109 24 24 9.747936
990 14 13 28 28 5.580188
1020 481 11 24 24 33.130978
1050 216 1 48 48 6.222202
1080 200 0 47 47 7.694044
1110 186 12 44 44 5.541646
1140 47 8 64 64 7.218220
1170 432 126 36 36 2.823133
1200 216 2 36 36 5.898238
1230 2 163 36 36 7.941354
1260 7 210 24 24 1.868566
1290 238 126 28 28 9.745806
1320 180 30 40 40 1.552393
1350 453 131 28 28 7.711184
1380 462 120 28 28 9.176241
1410 2 238 28 28 4.529228
1440 300 6 24 24 9.425082
1470 257 12 64 64 5.137984
1500 279 112 32 32 6.678373
1530 347 118 28 28 4.735704
1590 273 1 64 64 7.818408
1620 263 0 64 64 5.657086
1650 21 43 64 64 8.516094
1680 401 10 23 23 8.792686
1710 137 112 32 32 5.804154
1740 130 112 32 32 5.162984
1770 256 0 64 64 4.070446
1800 200 18 24 24 9.475676
1830 119 116 27 27 9.482013
