30 132 194 24 24 8.621134
60 98 199 24 24 7.682677
90 374 154 44 44 8.414589
120 176 140 32 32 9.636945
150 310 126 36 36 9.063836
180 459 161 36 36 9.278312
210 496 108 24 24 6.697990
240 451 224 28 28 7.154218
270 152 129 28 28 10.209027
300 135 128 32 32 9.469180
330 406 132 32 32 7.732810
360 1 111 24 24 9.458667
390 231 120 28 28 9.629726
420 357 116 28 28 6.058500
450 281 0 64 64 9.680458
480 384 14 24 24 5.999096
510 385 105 23 23 7.749861
540 242 128 28 28 9.043651
570 97 0 24 24 4.499524
600 297 148 36 36 9.022084
630 389 129 32 32 7.146683
660 256 135 32 32 9.460607
690 18 151 35 35 81.405330
720 114 98 28 28 4.546604
750 357 132 27 27 5.432962
780 176 112 32 32 8.140724
810 280 16 64 64 7.291729
840 490 0 24 24 8.566044
870 394 112 32 32 4.639495
900 389 7 46 46 9.813926
930 336 130 28 28 7.660299
960 258 32 63 63 9.899492
990 181 32 44 44 9.810317
1020 32 26 47 47 74.472856
1050 0 29 45 45 45.767535
1080 239 118 28 28 9.739874
1110 458 112 28 28 5.937477
1140 41 19 64 64 6.660003
1170 42 35 64 64 6.667917
1200 29 38 64 64 8.717548
1230 230 125 28 28 9.134096
1260 2 204 24 24 3.348782
1290 130 130 32 32 7.354054
1320 32 7 64 64 2.584558
1350 28 141 38 38 6.935044
1380 497 207 24 24 9.824490
1410 7 129 28 28 6.328646
1440 408 135 32 32 5.772650
1470 5 130 28 28 4.762661
1500 2 133 27 27 3.264998
1530 263 152 32 32 2.846640
1560 157 144 36 36 8.305849
1590 128 99 26 26 5.053510
1620 192 131 32 32 6.816155
1650 192 130 32 32 3.463014
1680 176 136 32 32 1.489506
1710 176 134 32 32 7.334319
1740 176 131 32 32 4.856589
1770 155 126 36 36 8.889240
1800 148 126 36 36 9.932376
1830 148 126 36 36 6.728406
