30 120 130 28 28 13.639914
30 351 120 28 28 10.457225
30 168 129 28 28 8.709919
30 272 24 64 64 6.973313
30 121 118 28 28 7.100309
30 315 151 36 36 4.296105
30 126 126 27 27 9.293434
30 15 31 64 64 3.416528
30 325 140 40 40 5.482265
30 219 8 40 40 3.697233
30 354 126 28 28 4.514814
30 352 0 64 64 2.276727
30 400 24 32 32 1.155125
30 47 45 64 64 1.367985
30 336 117 28 28 1.116900
30 432 153 36 36 0.823374
30 210 6 23 23 0.691784
30 0 191 24 24 0.669210
30 384 0 45 45 0.960333
30 126 111 28 28 0.618588
30 363 33 44 44 0.456855
30 0 33 44 44 0.349706
30 343 126 27 27 0.100740
30 126 97 27 27 0.092929
30 27 126 36 36 0.082663
60 350 118 27 27 26.022108
60 2 32 64 64 15.017411
60 168 124 28 28 15.767508
60 5 148 33 33 12.691887
60 21 127 33 33 10.187529
60 4 127 35 35 9.262621
60 219 4 40 40 6.043179
60 27 32 64 64 10.155517
60 168 26 39 39 6.569569
60 145 129 30 30 4.896469
60 312 152 36 36 4.078594
60 384 112 32 32 2.370877
60 0 145 34 34 6.481996
60 162 3 39 39 4.625092
60 319 140 39 39 2.057059
60 109 113 25 25 2.603216
60 16 48 64 64 1.415249
60 176 112 32 32 1.137942
60 160 15 40 40 2.157126
60 131 128 32 32 1.850614
60 343 126 28 28 0.889249
60 168 12 36 36 2.024620
60 245 7 28 28 0.771566
60 119 98 28 28 0.719891
60 132 114 23 23 0.673916
60 272 26 64 64 0.945544
60 144 112 32 32 0.603261
60 112 122 28 28 1.144968
60 16 143 32 32 0.443160
60 24 112 32 32 0.344425
60 216 162 36 36 0.192836
60 48 16 64 64 0.141153
60 357 112 28 28 0.132301
60 363 32 44 44 0.093148
60 336 119 28 28 0.018871
90 350 113 28 28 25.478454
90 354 117 28 28 21.445045
90 6 129 29 29 24.199422
90 385 112 32 32 6.987970
90 481 100 24 24 9.700511
90 96 114 24 24 5.338087
90 448 115 28 28 8.798067
90 18 127 32 32 17.500494
90 343 115 28 28 7.892411
90 144 112 32 32 3.964878
90 215 153 36 36 3.605348
90 207 84 24 24 5.492539
90 489 102 23 23 5.792863
90 17 32 60 60 7.725624
90 216 27 36 36 2.621433
90 106 112 24 24 4.788795
90 243 0 28 28 3.098806
90 457 118 28 28 3.115389
90 153 124 28 28 2.432465
90 397 192 23 23 2.259260
90 299 153 36 36 1.946774
90 0 112 32 32 1.126635
90 256 4 64 64 1.433308
90 385 0 44 44 0.917588
90 0 48 64 64 0.499978
90 112 98 28 28 0.366502
90 217 5 37 37 0.275116
90 352 32 64 64 0.070392
90 176 8 32 32 0.022896
90 160 0 40 40 0.014957
120 354 114 28 28 19.593562
120 486 204 24 24 16.600348
120 99 113 24 24 9.615261
120 489 208 24 24 11.448108
120 96 110 24 24 9.081042
120 0 126 36 36 3.364925
120 201 83 23 23 6.593485
120 432 126 36 36 2.813921
120 215 27 36 36 2.722685
120 350 119 27 27 2.721814
120 269 0 64 64 3.199080
120 1 83 23 23 3.522018
120 351 48 64 64 1.980534
120 216 0 36 36 1.691127
120 448 132 28 28 1.692210
120 392 112 32 32 1.087868
120 480 198 24 24 1.030939
120 176 112 32 32 0.836219
120 160 20 40 40 0.717997
120 297 153 36 36 0.665415
120 480 210 23 23 0.379617
120 18 84 24 24 0.117079
120 357 126 28 28 0.078452
150 176 112 32 32 6.418619
150 270 1 64 64 6.652513
150 355 112 28 28 7.834966
150 448 169 35 35 8.536080
150 18 98 28 28 6.876370
150 414 168 47 47 14.733036
150 351 15 64 64 3.900334
150 4 48 64 64 5.430942
150 26 146 34 34 5.339195
150 197 84 24 24 8.474297
150 215 156 35 35 5.548436
150 162 0 36 36 3.190937
150 192 112 32 32 2.904827
150 160 20 40 40 2.599113
150 357 98 28 28 2.088003
150 405 112 32 32 2.612973
150 130 112 32 32 1.884906
150 480 192 24 24 0.871382
150 119 126 28 28 0.397525
150 238 0 28 28 0.073994
150 486 210 24 24 0.038084
180 352 8 64 64 11.396467
180 167 123 28 28 8.453219
180 355 113 28 28 8.881653
180 112 131 28 28 5.531588
180 485 210 24 24 4.265148
180 19 112 28 28 3.571814
180 130 112 32 32 3.961181
180 271 3 64 64 3.237040
180 176 112 32 32 2.381788
180 5 110 24 24 4.888292
180 9 153 36 36 1.499694
180 126 133 27 27 1.427808
180 192 112 32 32 1.291263
180 112 119 28 28 1.109293
180 32 16 64 64 1.102732
180 192 84 24 24 0.834470
180 420 36 48 48 0.450694
210 352 6 64 64 11.513017
210 495 1 24 24 12.273918
210 448 11 27 27 6.686512
210 115 133 28 28 6.061442
210 29 17 64 64 7.232811
210 13 16 27 27 4.215367
210 27 126 36 36 2.743262
210 463 0 28 28 4.657961
210 482 12 24 24 3.933705
210 0 16 64 64 2.080350
210 490 6 24 24 2.486476
210 297 162 36 36 2.000115
210 198 162 36 36 1.797995
210 20 32 64 64 2.417110
210 168 121 28 28 2.732989
210 7 21 28 28 0.995565
210 126 129 28 28 1.700122
210 119 119 28 28 0.700754
210 256 0 64 64 0.053090
240 48 6 64 64 7.965234
240 18 127 32 32 10.210383
240 399 17 24 24 7.382919
240 356 121 27 27 5.866795
240 161 163 38 38 6.114204
240 492 0 24 24 2.546664
240 448 0 28 28 2.312088
240 102 18 24 24 2.115138
240 27 126 36 36 2.047839
240 352 6 64 64 2.860167
240 466 133 28 28 2.645148
240 0 131 29 29 1.040362
240 24 112 32 32 0.626320
240 390 18 24 24 0.534048
240 288 171 36 36 0.267331
240 16 32 64 64 0.216549
240 264 154 44 44 0.210087
240 32 16 64 64 0.063459
270 355 114 28 28 12.253904
270 356 130 28 28 8.384926
270 38 1 64 64 6.908558
270 6 133 33 33 10.445212
270 16 84 24 24 3.320459
270 20 127 34 34 4.666492
270 264 154 44 44 1.908491
270 0 127 33 33 2.529884
270 402 9 24 24 2.487569
270 351 0 64 64 1.472630
270 256 0 64 64 1.365963
270 350 119 28 28 1.038346
270 0 144 32 32 0.889009
270 288 36 48 48 1.742344
270 21 16 64 64 1.236229
270 160 170 40 40 0.254371
270 336 112 28 28 0.237531
300 399 1 23 23 14.075675
300 398 6 24 24 6.584187
300 43 4 64 64 4.920362
300 14 128 31 31 4.956812
300 0 6 24 24 1.937348
300 4 126 34 34 3.866072
300 12 84 24 24 1.709136
300 408 36 48 48 2.328234
300 288 36 48 48 2.126540
300 119 126 28 28 0.795997
300 390 0 24 24 0.158980
330 455 133 28 28 10.412109
330 113 125 28 28 5.934208
330 46 6 64 64 5.241132
330 5 129 32 32 5.180420
330 412 36 48 48 4.668638
330 27 13 64 64 2.245869
330 0 9 23 23 2.015441
330 119 112 28 28 0.714169
330 21 133 28 28 0.560839
330 264 0 64 64 1.085252
330 0 84 24 24 0.189379
330 12 84 24 24 0.046293
360 43 10 64 64 10.916441
360 16 16 64 64 2.931372
360 24 128 32 32 1.924387
360 420 36 48 48 3.345892
360 32 0 64 64 1.251064
360 30 10 40 40 1.210897
360 262 0 64 64 1.671954
360 350 112 28 28 0.910120
360 452 119 28 28 1.105675
360 469 7 28 28 0.571106
360 0 128 32 32 0.320518
360 485 17 24 24 0.307064
390 21 127 32 32 8.447071
390 356 112 28 28 3.901348
390 261 0 64 64 4.372035
390 16 23 64 64 3.762535
390 48 7 64 64 2.359105
390 0 32 64 64 0.397910
390 288 0 64 64 0.341738
390 420 36 48 48 0.217634
420 357 111 28 28 4.560893
420 40 46 64 64 9.282089
420 23 2 39 39 7.685413
420 37 32 64 64 2.343090
420 16 48 64 64 1.309237
420 48 0 64 64 0.900530
420 268 5 64 64 1.614842
420 28 11 38 38 0.955204
420 306 306 36 36 0.130993
450 43 11 64 64 19.781851
450 6 198 23 23 17.127479
450 12 11 39 39 12.065733
450 261 1 64 64 5.636803
450 17 24 36 36 10.407182
450 16 20 64 64 4.654792
450 270 10 64 64 5.313344
450 9 192 24 24 4.699198
450 27 21 35 35 3.762320
450 31 0 64 64 2.377707
450 12 203 24 24 1.983867
450 357 116 28 28 2.930097
450 0 204 24 24 0.895072
450 288 0 64 64 0.749508
450 4 0 40 40 0.721246
450 3 19 38 38 0.471354
450 32 32 64 64 0.119427
480 19 17 64 64 19.529580
480 343 120 28 28 16.440992
480 255 11 64 64 11.005205
480 1 27 36 36 4.074135
480 2 4 24 24 6.041784
480 288 36 48 48 4.323300
480 19 3 29 29 3.494218
480 0 32 64 64 1.355201
480 350 126 28 28 0.530192
480 216 36 48 48 0.354824
480 306 0 24 24 0.163647
480 27 126 36 36 0.127694
510 0 12 64 64 10.136774
510 262 30 50 50 14.984772
510 1 134 31 31 9.466624
510 2 6 27 27 7.534717
510 24 35 47 47 6.016654
510 256 0 64 64 2.358733
510 11 18 23 23 1.636364
510 272 0 32 32 1.515813
510 8 144 32 32 0.520352
510 278 112 32 32 0.112207
540 1 31 46 46 31.392983
540 27 153 36 36 1.721738
540 15 26 41 41 3.044491
540 264 32 47 47 3.039290
540 352 16 64 64 0.871580
540 256 112 32 32 0.620275
540 17 84 24 24 0.580448
540 0 21 28 28 0.558868
540 0 141 32 32 0.758826
540 0 131 32 32 0.741510
570 2 14 45 45 89.881433
570 256 4 64 64 12.413007
570 8 30 42 42 35.063248
570 15 10 41 41 31.450398
570 245 112 28 28 2.844290
570 5 12 24 24 2.760744
570 16 96 24 24 3.567947
570 256 112 32 32 1.699441
570 7 144 36 36 3.980016
570 136 144 32 32 1.334827
570 238 133 27 27 0.627900
600 33 8 48 48 45.003289
600 20 112 28 28 6.490299
600 5 1 61 61 8.572720
600 1 27 38 38 9.535810
600 344 126 28 28 4.483809
600 16 48 64 64 3.254016
600 297 15 35 35 4.509849
600 306 114 24 24 2.277841
600 23 3 46 46 5.686278
600 272 8 64 64 3.271345
600 280 136 32 32 1.274016
600 24 0 32 32 1.103107
600 271 24 32 32 0.988469
600 288 0 64 64 0.747729
600 25 21 42 42 0.768682
600 256 32 64 64 0.223554
630 208 109 24 24 16.612946
630 168 17 28 28 9.059635
630 202 112 24 24 12.282298
630 194 112 24 24 10.535612
630 239 120 28 28 11.551453
630 153 0 36 36 3.396888
630 195 107 24 24 4.674426
630 245 126 28 28 2.127501
630 170 0 40 40 0.513931
630 0 162 36 36 0.265307
630 192 16 32 32 0.086966
660 388 112 32 32 3.053426
660 438 170 36 36 2.364523
660 6 172 45 45 4.302116
660 36 168 48 48 2.482870
660 357 127 28 28 1.119723
660 352 133 28 28 0.865459
660 187 187 44 44 0.505473
660 455 133 28 28 0.403939
690 18 244 28 28 9.483130
690 304 208 24 24 11.397480
690 201 210 23 23 7.942433
690 154 226 27 27 6.072217
690 2 201 44 44 6.999466
690 179 172 40 40 5.692738
690 154 235 28 28 5.082991
690 18 18 36 36 3.722565
690 492 202 24 24 2.589020
690 11 209 44 44 1.343933
690 132 198 24 24 1.173935
690 264 154 44 44 0.160441
690 14 238 28 28 0.157017
690 0 11 44 44 0.069505
720 15 150 32 32 4.781715
720 262 128 32 32 7.871674
720 272 112 32 32 1.028733
720 463 133 27 27 1.219492
750 168 129 28 28 14.463919
750 461 124 28 28 8.501803
750 457 120 28 28 6.993215
750 154 133 28 28 2.187811
750 224 133 28 28 2.073392
750 400 112 32 32 0.527664
750 48 32 64 64 0.349960
780 151 129 29 29 16.127169
780 140 112 32 32 10.347950
780 168 130 28 28 5.652144
780 400 112 32 32 3.123907
780 407 128 32 32 2.925985
780 245 126 28 28 2.559171
780 125 133 27 27 2.575341
780 136 128 32 32 2.262705
780 27 126 36 36 2.099149
780 3 126 36 36 2.064919
780 469 126 28 28 0.906494
780 492 96 24 24 0.041072
810 124 130 27 27 20.916511
810 118 126 28 28 6.650165
810 154 133 28 28 4.513005
810 351 24 64 64 7.641059
810 112 130 28 28 2.558426
810 231 126 28 28 1.000747
840 123 131 27 27 15.425644
840 118 126 27 27 13.911712
840 153 130 28 28 4.791067
840 112 133 28 28 3.265428
840 495 84 24 24 5.247586
840 459 126 36 36 2.750718
840 349 118 28 28 5.102035
840 233 118 28 28 2.950311
840 343 112 28 28 0.129844
870 114 132 27 27 12.065388
870 469 130 27 27 6.706557
870 384 150 32 32 1.966800
870 238 119 27 27 0.162821
900 233 118 27 27 10.324852
900 237 115 28 28 8.687593
900 465 119 28 28 7.099581
900 454 126 28 28 2.546425
900 114 132 28 28 3.546760
900 154 119 28 28 2.107868
900 498 114 24 24 1.060267
900 144 112 32 32 0.995340
900 469 126 28 28 0.995022
900 469 112 28 28 0.978472
900 449 132 28 28 0.888476
900 126 133 27 27 0.221229
930 386 112 32 32 10.518267
930 454 125 34 34 12.547588
930 400 112 32 32 13.007437
930 238 112 28 28 12.043300
930 20 130 29 29 9.686877
930 136 112 32 32 4.009092
930 0 23 64 64 6.955396
930 168 126 28 28 3.726613
930 123 125 27 27 5.252123
930 3 112 32 32 6.203558
930 12 127 29 29 9.319090
930 231 116 27 27 5.933549
930 336 130 28 28 3.892613
930 18 112 32 32 2.772139
930 343 112 28 28 1.432063
930 469 133 28 28 1.126295
930 455 119 28 28 0.994608
930 453 144 36 36 0.438087
960 404 112 32 32 10.103765
960 396 129 32 32 12.078872
960 392 112 32 32 13.231860
960 234 112 28 28 8.297264
960 455 133 28 28 2.539441
960 337 121 27 27 4.780119
960 345 130 27 27 5.392452
960 354 112 28 28 2.122352
960 350 126 28 28 1.235799
960 14 133 28 28 1.082720
960 224 112 28 28 0.692734
960 391 136 32 32 0.671453
960 231 119 28 28 0.356684
960 343 111 28 28 0.335336
960 0 128 32 32 0.150941
990 231 112 28 28 16.002666
990 408 112 32 32 3.797578
990 126 119 28 28 7.770093
990 349 124 27 27 8.983616
990 352 0 64 64 2.415452
990 356 119 28 28 1.828959
990 12 128 33 33 4.217151
990 336 126 28 28 1.727169
990 21 136 32 32 1.773770
990 352 30 64 64 1.211337
990 448 133 28 28 0.872327
990 223 119 28 28 0.805686
990 154 119 28 28 0.686114
990 168 119 28 28 0.659096
990 0 126 36 36 0.195721
990 4 84 24 24 0.233912
1020 114 124 28 28 17.475379
1020 354 118 27 27 15.438871
1020 123 117 28 28 15.666340
1020 227 112 27 27 10.149523
1020 467 114 28 28 11.007205
1020 468 133 28 28 3.683873
1020 350 111 28 28 2.449326
1020 343 119 28 28 1.910995
1020 238 112 28 28 1.457960
1020 115 111 27 27 2.782897
1020 462 119 28 28 1.476693
1020 350 126 28 28 0.917336
1050 225 112 28 28 7.009418
1050 168 117 28 28 6.246507
1050 356 118 28 28 3.373559
1050 467 131 28 28 5.698454
1050 446 131 29 29 2.968667
1050 435 126 36 36 1.361521
1080 450 113 27 27 12.369931
1080 305 18 24 24 4.311202
1080 345 125 27 27 5.457099
1080 387 112 32 32 4.117944
1080 337 119 27 27 1.464771
1080 226 98 28 28 1.787859
1080 456 119 28 28 1.252335
1080 400 112 32 32 0.875139
1080 154 111 28 28 0.594444
1080 126 126 28 28 0.496242
1080 462 114 28 28 0.813410
1080 0 126 28 28 0.032055
1110 18 116 29 29 15.213849
1110 10 114 30 30 14.697318
1110 224 98 28 28 3.970085
1110 348 126 27 27 5.919628
1110 0 16 64 64 2.954782
1110 343 122 28 28 4.473766
1110 256 0 64 64 0.849519
1110 447 126 27 27 0.763576
1110 14 126 28 28 0.616180
1110 356 119 28 28 0.420275
1140 392 134 32 32 16.976421
1140 264 36 48 48 6.150204
1140 400 128 32 32 2.977618
1140 383 102 24 24 4.638060
1140 408 138 32 32 3.533834
1140 353 97 27 27 2.285713
1140 384 128 32 32 1.013600
1140 192 114 24 24 0.672095
1140 343 98 28 28 0.638153
1140 402 96 24 24 0.618685
1140 352 16 64 64 0.549204
1140 108 114 24 24 0.462991
1140 383 114 24 24 0.336012
1140 0 98 28 28 0.054063
1170 396 34 48 48 25.501454
1170 397 144 32 32 5.346224
1170 458 149 36 36 5.614632
1170 264 36 48 48 5.275340
1170 480 196 24 24 3.161718
1170 352 6 64 64 2.143945
1170 119 112 28 28 1.247182
1170 306 18 24 24 0.886346
1170 256 0 64 64 0.810242
1170 392 136 32 32 0.771646
1170 343 112 28 28 0.714029
1170 498 210 24 24 0.519683
1200 204 112 23 23 18.494022
1200 337 113 27 27 5.570599
1200 306 0 24 24 2.455902
1200 210 105 24 24 3.555453
1200 350 112 28 28 0.648258
1200 204 101 24 24 0.564137
1200 352 31 64 64 0.525426
1230 459 9 36 36 5.049963
1230 195 102 24 24 5.580217
1230 374 33 44 44 0.932045
1230 343 121 27 27 1.371811
1230 352 32 64 64 0.622578
1230 336 112 28 28 0.248677
1260 3 114 29 29 24.729845
1260 12 124 28 28 17.156574
1260 432 2 36 36 7.007313
1260 408 151 32 32 5.004592
1260 448 10 27 27 5.531555
1260 338 112 28 28 3.532136
1260 396 113 24 24 2.336282
1260 486 107 23 23 2.584456
1260 390 10 47 47 9.609429
1260 387 0 47 47 5.108921
1260 357 133 28 28 1.632324
1260 352 0 64 64 1.169562
1260 272 0 64 64 1.067992
1260 352 48 64 64 0.272238
1260 168 119 28 28 0.208159
1260 288 16 64 64 0.206674
1290 385 135 32 32 18.254681
1290 123 114 28 28 12.688929
1290 117 116 28 28 11.231243
1290 346 112 28 28 7.524023
1290 394 144 32 32 4.364554
1290 154 112 28 28 2.133975
1290 392 128 32 32 1.671911
1290 112 112 28 28 0.866849
1290 357 112 28 28 0.865875
1290 168 112 28 28 0.720794
1290 497 108 24 24 0.603866
1290 408 151 32 32 0.465573
1290 432 144 36 36 0.247440
1320 352 10 64 64 16.290952
1320 154 122 28 28 8.438298
1320 357 115 28 28 6.168975
1320 145 112 31 31 3.729853
1320 490 210 24 24 3.038214
1320 224 119 28 28 1.745759
1320 408 112 32 32 1.150586
1320 168 119 28 28 1.035757
1320 459 171 36 36 0.136610
1350 454 124 28 28 40.082165
1350 21 141 32 32 21.564945
1350 448 119 28 28 6.503211
1350 14 129 34 34 14.020536
1350 462 119 28 28 4.969480
1350 388 112 32 32 6.756501
1350 224 125 28 28 3.471795
1350 27 126 36 36 1.731436
1350 128 112 32 32 1.249239
1350 19 152 32 32 0.425046
1350 126 126 27 27 0.083157
1380 224 126 28 28 10.124731
1380 11 97 24 24 15.044115
1380 1 131 32 32 14.578588
1380 352 20 64 64 5.798299
1380 460 124 27 27 8.242022
1380 6 129 32 32 9.105893
1380 48 23 64 64 5.212076
1380 256 23 64 64 5.535901
1380 448 126 28 28 2.136957
1380 16 134 32 32 7.567518
1380 23 140 32 32 3.760317
1380 18 102 24 24 1.079043
1380 10 144 32 32 1.210830
1380 119 126 28 28 0.544867
1380 392 128 32 32 0.333470
1410 257 24 64 64 9.880238
1410 27 15 64 64 11.356977
1410 0 130 28 28 6.540920
1410 459 126 36 36 3.937624
1410 272 11 64 64 6.525991
1410 393 112 32 32 3.592379
1410 224 126 28 28 2.806936
1410 6 32 64 64 4.012987
1410 396 128 32 32 4.782016
1410 16 0 64 64 1.472281
1410 256 0 64 64 0.703268
1410 336 133 27 27 0.292565
1440 274 18 64 64 22.934481
1440 31 28 64 64 20.362915
1440 16 16 64 64 23.803346
1440 5 4 64 64 12.986867
1440 354 133 28 28 7.596055
1440 223 122 27 27 8.472104
1440 287 33 64 64 3.512998
1440 462 116 28 28 7.312770
1440 498 6 24 24 3.058033
1440 117 133 28 28 4.222903
1440 0 32 64 64 1.925185
1440 168 133 28 28 1.921530
1440 458 133 27 27 3.670332
1440 288 0 64 64 1.877417
1440 32 0 51 51 2.423750
1440 469 133 28 28 1.479208
1440 256 32 64 64 1.389497
1440 352 16 64 64 0.901571
1440 450 117 28 28 1.489543
1440 230 126 28 28 0.553635
1440 406 112 32 32 0.674062
1470 14 17 29 29 50.246261
1470 21 20 32 32 22.815305
1470 224 120 28 28 8.205273
1470 275 5 64 64 12.649876
1470 7 13 29 29 37.924707
1470 389 146 32 32 14.721193
1470 2 2 33 33 27.063831
1470 483 114 24 24 10.647969
1470 467 114 27 27 12.786779
1470 24 112 32 32 4.850274
1470 0 18 64 64 8.138125
1470 464 98 28 28 7.042902
1470 17 3 32 32 10.123059
1470 24 129 32 32 4.100444
1470 17 8 35 35 11.322107
1470 496 109 24 24 6.346238
1470 384 152 32 32 2.270840
1470 128 128 32 32 1.905939
1470 288 15 64 64 1.537055
1470 192 112 32 32 0.902765
1470 256 112 32 32 0.886593
1470 462 119 28 28 0.785563
1470 16 26 64 64 1.122693
1470 480 108 24 24 0.637205
1500 114 127 28 28 13.872295
1500 245 121 27 27 5.837709
1500 1 7 24 24 8.192273
1500 22 112 32 32 4.108772
1500 388 143 32 32 3.920414
1500 5 2 23 23 4.106351
1500 168 119 28 28 1.896441
1500 0 152 32 32 1.416536
1500 498 107 23 23 1.634093
1500 126 126 28 28 1.012229
1500 461 119 28 28 0.574151
1500 6 12 24 24 0.511592
1500 192 112 32 32 0.295910
1500 272 0 64 64 0.133919
1530 22 127 33 33 10.732991
1530 15 96 24 24 7.978516
1530 245 119 28 28 4.389398
1530 374 30 44 44 4.579215
1530 192 112 32 32 2.946506
1530 5 126 34 34 4.223389
1530 343 133 28 28 2.034071
1530 123 125 27 27 2.030009
1530 466 119 28 28 2.072167
1530 0 134 32 32 0.998520
1530 455 120 28 28 0.436940
1530 0 15 64 64 0.238774
1530 18 84 24 24 0.198583
1560 123 119 28 28 13.128976
1560 10 102 23 23 13.853533
1560 1 127 28 28 8.021871
1560 496 107 24 24 12.441670
1560 494 102 24 24 6.493731
1560 168 122 27 27 6.582390
1560 397 100 23 23 7.381596
1560 2 113 27 27 7.671619
1560 176 112 32 32 2.905890
1560 5 107 24 24 8.434257
1560 192 112 32 32 1.915738
1560 18 96 23 23 1.719820
1560 354 119 28 28 2.304606
1560 402 96 24 24 1.139821
1560 116 126 28 28 1.280318
1560 480 210 24 24 0.629372
1560 12 114 24 24 0.624974
1560 492 114 24 24 0.350829
1560 440 171 36 36 0.155550
1560 256 112 32 32 0.105307
1560 6 95 24 24 0.083105
1590 192 112 32 32 6.513546
1590 123 126 27 27 8.948246
1590 356 19 55 55 7.049548
1590 357 119 28 28 2.178396
1590 176 112 32 32 2.026847
1590 206 114 24 24 3.185820
1590 395 152 32 32 3.368240
1590 128 112 32 32 1.431600
1590 374 22 44 44 1.191584
1590 256 112 32 32 1.115427
1590 486 114 24 24 1.075000
1590 498 0 24 24 1.023150
1590 352 48 64 64 0.684620
1590 210 107 24 24 0.533587
1590 400 144 32 32 0.171927
1590 384 144 32 32 0.143080
1620 397 32 48 48 43.383398
1620 448 112 27 27 6.814736
1620 244 116 28 28 8.705673
1620 352 7 64 64 6.845324
1620 447 14 28 28 3.039655
1620 390 11 47 47 11.389764
1620 112 121 27 27 3.938289
1620 193 112 25 25 6.154922
1620 390 0 24 24 2.165139
1620 497 208 24 24 1.400313
1620 154 116 28 28 1.565752
1620 384 24 48 48 1.799138
1620 352 22 44 44 0.845555
1620 198 107 24 24 0.801379
1620 168 126 28 28 0.707679
1620 384 6 23 23 0.680264
1620 389 0 47 47 1.930772
1620 204 114 24 24 0.465007
1620 408 24 48 48 0.534326
1620 176 112 32 32 0.113357
1650 107 110 24 24 8.306268
1650 192 112 32 32 2.714219
1650 404 112 32 32 3.583823
1650 462 112 28 28 1.814829
1650 492 3 24 24 1.864206
1650 256 112 32 32 1.158635
1650 112 119 28 28 0.882883
1650 126 133 28 28 0.777183
1650 198 108 24 24 0.275685
1680 97 107 24 24 21.295198
1680 449 124 28 28 8.654374
1680 140 112 32 32 7.440605
1680 104 113 24 24 6.225505
1680 108 110 23 23 5.834375
1680 167 119 28 28 2.819705
1680 192 112 32 32 2.335513
1680 154 123 28 28 3.003557
1680 176 112 32 32 1.741501
1680 352 16 64 64 1.106937
1680 245 111 28 28 0.818057
1680 461 119 28 28 0.573313
