30 486 12 24 24 32.124863
30 493 16 23 23 16.576169
30 497 12 24 24 13.663373
30 132 210 24 24 4.462055
30 343 121 28 28 6.555765
30 494 6 24 24 7.498009
30 399 210 24 24 6.583851
30 483 0 23 23 6.089313
30 479 3 24 24 6.048535
30 17 245 28 28 6.260375
30 469 0 28 28 3.527034
30 346 126 27 27 5.748560
30 384 210 24 24 3.087007
30 6 256 32 32 7.419320
30 349 176 40 40 3.090671
30 20 256 32 32 3.071174
30 480 18 24 24 1.337009
30 396 204 24 24 1.072313
30 13 264 32 32 1.513492
30 390 102 24 24 0.738147
30 390 192 24 24 0.528586
30 352 154 44 44 0.528040
30 118 235 28 28 0.606567
60 495 17 23 23 18.706493
60 491 10 24 24 17.865324
60 490 0 24 24 11.505028
60 352 48 64 64 3.360695
60 383 202 24 24 4.601954
60 497 6 23 23 8.094331
60 340 168 40 40 2.380090
60 480 3 24 24 3.690161
60 347 160 40 40 2.071615
60 192 306 24 24 0.394647
60 486 18 24 24 0.210655
60 192 210 24 24 0.028506
90 497 0 24 24 4.499216
90 351 38 64 64 6.842086
90 153 160 36 36 3.034562
90 144 210 24 24 2.308649
90 1 169 36 36 3.297226
90 176 198 44 44 0.965396
90 192 210 24 24 0.551959
90 350 133 28 28 0.153227
90 192 192 24 24 0.086121
120 147 153 35 35 10.552322
120 2 133 27 27 6.482899
120 16 112 32 32 7.195918
120 447 131 27 27 5.158815
120 19 131 29 29 7.011200
120 150 162 36 36 2.028387
120 357 119 27 27 1.192289
120 352 32 64 64 1.083394
120 187 176 44 44 0.801917
150 356 124 28 28 4.868365
150 198 154 44 44 1.585911
150 408 32 48 48 2.015400
150 0 98 28 28 0.696751
150 455 133 28 28 0.643343
150 350 119 28 28 0.204869
150 11 198 44 44 0.089996
150 108 113 24 24 0.017424
180 355 123 28 28 14.680211
180 450 118 28 28 13.771402
180 345 121 27 27 10.179538
180 5 133 33 33 12.251954
180 216 171 36 36 3.278803
180 160 126 36 36 3.819311
180 192 136 32 32 2.958145
180 21 233 28 28 2.678672
180 198 126 36 36 1.304357
180 353 112 28 28 1.833530
180 3 127 33 33 1.658139
180 455 112 28 28 0.553169
180 455 126 27 27 0.489845
210 385 112 32 32 7.684332
210 355 121 28 28 10.545847
210 391 102 23 23 3.619582
210 216 126 36 36 2.422405
210 469 115 28 28 3.560220
210 108 210 23 23 1.829971
210 143 130 34 34 2.648499
210 350 126 28 28 1.532683
210 455 114 28 28 1.825370
210 144 144 32 32 0.672694
210 343 119 28 28 0.509924
240 386 112 32 32 10.906624
240 357 122 28 28 6.060120
240 15 132 28 28 2.937622
240 223 126 28 28 2.131488
240 144 192 24 24 1.075087
240 14 119 28 28 0.341849
270 288 32 64 64 2.377249
270 48 48 64 64 2.135180
270 306 144 36 36 0.872467
270 357 133 28 28 0.786926
270 0 133 27 27 0.608043
300 408 128 32 32 2.770536
300 218 141 38 38 3.169563
300 288 18 24 24 1.579064
300 288 31 64 64 1.322041
300 111 111 28 28 1.189333
300 26 2 43 43 2.294214
300 154 126 28 28 0.600639
300 162 144 36 36 0.547857
300 297 144 36 36 0.065912
330 17 147 35 35 27.038271
330 11 43 64 64 12.719591
330 389 128 32 32 6.593603
330 287 36 64 64 3.369707
330 3 142 38 38 7.154488
330 352 47 64 64 2.332376
330 217 142 37 37 3.840067
330 8 152 34 34 2.489542
330 3 2 34 34 2.864902
330 385 135 32 32 1.965753
330 19 7 39 39 1.872745
330 272 48 64 64 0.908457
330 294 153 36 36 1.189495
330 8 15 32 32 0.920487
330 18 192 24 24 0.547080
330 144 114 24 24 0.469337
330 27 153 36 36 0.092061
360 432 126 36 36 4.136741
360 351 40 64 64 7.145780
360 48 43 64 64 5.448248
360 385 130 32 32 7.368344
360 0 145 36 36 6.420639
360 218 141 38 38 3.900407
360 392 132 32 32 3.408388
360 216 126 36 36 1.684952
360 396 128 32 32 3.107239
360 215 149 36 36 2.939441
360 12 192 24 24 1.087981
360 352 16 64 64 0.946426
360 297 153 36 36 0.217176
360 374 22 44 44 0.078119
360 8 152 34 34 0.088328
390 11 193 23 23 35.163422
390 4 197 24 24 10.871294
390 0 194 24 24 8.255279
390 220 140 40 40 3.773721
390 17 198 24 24 3.281305
390 211 35 48 48 10.409516
390 351 33 64 64 6.787590
390 12 204 24 24 0.308899
390 396 192 48 48 0.174124
420 458 144 35 35 2.385916
420 352 16 64 64 1.191194
420 454 126 36 36 2.226682
420 274 12 64 64 1.720933
420 217 142 37 37 1.563840
420 203 27 47 47 1.691392
420 144 136 32 32 0.524657
420 239 21 28 28 0.677626
420 288 144 36 36 0.182609
450 3 130 31 31 17.923006
450 12 132 29 29 21.463725
450 392 112 32 32 3.992112
450 236 5 27 27 5.978124
450 343 125 28 28 2.142039
450 357 119 28 28 0.953321
450 217 142 37 37 1.224663
450 231 0 28 28 0.485427
450 245 3 28 28 0.828714
450 469 133 28 28 0.086886
480 1 131 28 28 6.919129
480 128 112 32 32 2.253535
480 405 112 32 32 2.978947
480 356 115 27 27 2.605527
480 395 112 32 32 1.967666
480 272 15 64 64 0.683657
480 288 144 36 36 0.406622
510 386 113 25 25 10.364749
510 18 131 28 28 9.845004
510 469 125 28 28 9.208481
510 298 126 36 36 5.564860
510 396 113 24 24 2.598226
510 469 112 28 28 2.000810
510 357 98 28 28 1.500254
510 7 129 30 30 1.272047
510 224 112 27 27 0.749247
510 391 128 32 32 0.824297
510 272 16 64 64 0.470266
510 390 108 24 24 0.231603
510 336 112 28 28 0.060598
540 455 112 28 28 3.410004
540 384 113 25 25 3.592441
540 396 113 26 26 5.180039
540 302 126 36 36 3.254997
540 124 121 28 28 4.983110
540 431 126 36 36 1.417910
540 455 0 35 35 2.003350
540 272 16 64 64 1.075399
540 256 136 32 32 0.952332
540 119 126 27 27 0.204241
540 450 8 36 36 0.149365
570 352 15 64 64 15.870469
570 21 126 28 28 13.186430
570 388 36 48 48 15.827422
570 490 113 23 23 7.045786
570 20 112 32 32 6.129242
570 481 112 24 24 7.291187
570 468 115 27 27 5.543708
570 449 112 28 28 2.890735
570 469 126 28 28 2.188391
570 112 119 28 28 1.794618
570 336 133 28 28 1.589002
570 400 112 32 32 1.674406
570 396 104 24 24 2.645166
570 297 126 36 36 1.279222
570 256 48 64 64 0.685509
570 408 36 47 47 0.921578
570 497 110 23 23 0.912956
570 238 126 27 27 0.316435
570 355 126 28 28 0.324242
600 167 131 28 28 7.055925
600 15 113 30 30 9.134520
600 397 101 23 23 9.310548
600 449 124 27 27 7.078418
600 402 108 24 24 3.518388
600 468 127 28 28 4.934474
600 280 144 32 32 2.796145
600 420 35 48 48 4.885934
600 168 113 27 27 2.134717
600 21 126 27 27 1.147825
600 448 112 28 28 1.114609
600 112 119 28 28 0.565070
600 256 16 64 64 0.424692
600 384 114 24 24 0.020551
630 8 113 31 31 26.712004
630 394 134 32 32 20.321554
630 20 114 30 30 18.646093
630 18 124 28 28 20.370958
630 2 126 28 28 8.079537
630 399 34 47 47 22.005051
630 497 112 23 23 6.981935
630 401 144 32 32 4.775076
630 420 34 48 48 7.198490
630 400 128 32 32 2.919060
630 352 0 64 64 1.708887
630 384 130 32 32 2.284297
630 408 136 32 32 0.751494
630 492 108 24 24 0.445445
630 383 98 23 23 0.706706
630 297 126 36 36 0.308331
660 385 135 32 32 12.717474
660 19 116 29 29 20.815520
660 11 113 30 30 11.417678
660 481 101 24 24 10.523946
660 168 132 28 28 3.864792
660 481 193 24 24 6.949825
660 371 11 44 44 3.274902
660 390 96 24 24 2.345525
660 48 0 64 64 1.885292
660 392 128 32 32 1.732427
660 495 204 24 24 2.683418
660 280 136 32 32 1.006779
660 14 126 28 28 0.266992
690 434 144 36 36 4.752372
690 479 198 23 23 4.041195
690 447 144 36 36 4.391485
690 498 207 24 24 4.988094
690 397 6 24 24 3.651357
690 128 112 32 32 1.956626
690 408 144 32 32 1.448587
690 209 114 24 24 1.185394
690 402 96 24 24 1.177008
690 352 48 64 64 1.074613
690 168 133 28 28 0.284477
690 396 84 24 24 0.220888
720 342 124 27 27 11.504985
720 481 84 24 24 5.089925
720 401 141 32 32 8.153786
720 405 137 32 32 7.663353
720 336 119 28 28 1.946430
720 209 108 24 24 2.117112
720 408 152 32 32 1.859687
720 350 119 28 28 1.724147
720 289 144 36 36 1.467838
720 400 128 32 32 0.518452
720 216 144 36 36 0.498320
750 131 128 32 32 8.492469
750 434 144 36 36 7.211009
750 215 148 36 36 8.615127
750 455 27 36 36 6.775441
750 416 22 47 47 12.820102
750 479 10 24 24 2.591568
750 351 124 28 28 3.355869
750 438 27 36 36 2.450971
750 198 114 24 24 1.632499
750 438 153 36 36 1.720514
750 306 152 36 36 1.207147
750 480 198 24 24 0.707482
750 395 36 48 48 1.379024
750 102 102 24 24 0.627705
750 432 126 36 36 0.519676
750 494 203 24 24 0.656052
750 408 12 48 48 0.590788
780 355 127 28 28 10.904590
780 385 130 32 32 9.376061
780 198 149 36 36 8.475911
780 291 151 36 36 6.397403
780 179 140 40 40 2.980827
780 350 129 28 28 4.799271
780 210 192 24 24 1.141464
780 480 18 24 24 1.027496
780 455 126 36 36 1.500248
810 173 140 40 40 8.326896
810 352 48 64 64 3.767505
810 407 148 32 32 7.461714
810 23 125 35 35 5.966502
810 207 191 24 24 4.767907
810 342 98 28 28 3.282809
810 303 192 24 24 5.260188
810 450 144 36 36 2.454478
810 388 144 32 32 4.133232
810 338 113 28 28 4.436769
810 357 133 27 27 1.687774
810 462 14 28 28 1.490687
810 198 192 24 24 1.181231
810 339 119 28 28 1.907432
810 197 153 36 36 0.655474
810 384 136 32 32 0.338397
810 486 108 24 24 0.310737
810 288 143 36 36 0.105299
840 394 143 32 32 21.703939
840 399 152 32 32 11.956760
840 397 135 32 32 10.111904
840 352 48 64 64 5.640961
840 20 129 31 31 12.995665
840 357 119 27 27 8.695498
840 198 158 36 36 7.366568
840 18 112 31 31 5.235446
840 180 140 40 40 3.351725
840 127 112 27 27 3.729585
840 390 114 24 24 6.611532
840 383 108 23 23 1.607765
840 128 152 32 32 1.212548
840 408 140 32 32 1.846120
840 432 144 36 36 0.823338
840 397 108 24 24 1.003779
840 343 112 28 28 0.761774
840 210 198 24 24 0.735254
840 441 153 36 36 0.309916
840 402 111 24 24 0.461826
870 6 132 32 32 22.774724
870 491 84 24 24 13.733399
870 387 127 32 32 11.219784
870 180 140 40 40 5.058382
870 387 112 32 32 8.682871
870 7 115 29 29 19.431938
870 13 113 29 29 21.470571
870 0 129 33 33 10.395716
870 16 130 29 29 7.465948
870 440 152 36 36 3.330888
870 117 112 28 28 7.500102
870 400 128 32 32 3.031051
870 198 158 36 36 4.994356
870 404 112 32 32 5.246970
870 138 152 32 32 3.547007
870 21 119 28 28 2.269940
870 450 171 36 36 1.846770
870 357 133 28 28 1.223961
870 480 84 24 24 1.067440
870 0 144 34 34 1.753273
870 216 161 36 36 0.839041
870 493 204 24 24 1.007646
870 48 0 64 64 0.644044
870 300 96 24 24 0.433343
900 405 137 32 32 26.510750
900 481 107 24 24 20.940779
900 390 135 32 32 15.368160
900 6 112 28 28 15.900203
900 486 112 24 24 16.576479
900 394 112 30 30 17.086982
900 467 98 28 28 6.374337
900 399 128 32 32 12.181461
900 493 109 24 24 12.772281
900 397 143 32 32 6.903076
900 142 130 32 32 9.706218
900 138 134 32 32 9.633600
900 498 114 24 24 3.753207
900 455 98 28 28 6.157679
900 48 0 64 64 3.459747
900 383 131 32 32 6.159632
900 198 159 35 35 4.133440
900 180 140 40 40 3.166764
900 6 96 25 25 4.792719
900 112 114 28 28 4.089989
900 408 112 32 32 2.285293
900 448 111 28 28 2.282720
900 487 102 24 24 2.247876
900 489 5 24 24 2.914960
900 20 111 30 30 3.264654
900 16 128 32 32 1.269209
900 192 128 32 32 1.268648
900 144 144 32 32 1.228341
900 33 33 44 44 1.129975
900 12 115 29 29 4.350550
900 128 152 32 32 0.740587
900 216 162 36 36 0.453340
900 352 48 64 64 0.452838
900 14 98 28 28 0.308658
900 288 32 64 64 0.281134
930 434 146 36 36 16.114543
930 492 102 24 24 25.131569
930 352 41 64 64 10.118563
930 495 109 24 24 15.065458
930 406 149 32 32 11.518342
930 443 149 35 35 12.293030
930 386 141 32 32 12.903477
930 180 140 40 40 3.674424
930 387 128 32 32 6.743096
930 21 122 27 27 5.827932
930 498 96 24 24 2.916538
930 19 114 30 30 7.502422
930 450 144 36 36 2.702225
930 432 126 36 36 2.399753
930 392 136 32 32 2.308201
930 198 157 36 36 3.656771
930 389 151 32 32 2.567040
930 287 32 64 64 1.922515
930 486 107 24 24 1.434104
930 399 144 32 32 1.357037
930 447 97 27 27 1.276400
930 451 133 28 28 2.180375
930 491 113 24 24 1.210181
930 420 36 48 48 1.362512
930 454 126 28 28 0.277502
930 6 192 24 24 0.235499
930 352 16 64 64 0.061571
930 306 153 36 36 0.043479
930 396 36 48 48 0.030130
960 20 113 30 30 20.866943
960 352 38 64 64 10.227120
960 398 137 32 32 17.424469
960 405 144 32 32 13.262261
960 20 122 28 28 9.578671
960 288 24 64 64 8.034805
960 440 161 36 36 9.177668
960 450 144 36 36 9.301036
960 9 113 30 30 5.086915
960 435 145 36 36 7.531039
960 294 153 35 35 6.391134
960 198 153 36 36 2.912292
960 406 131 32 32 5.640817
960 394 128 32 32 3.467792
960 143 150 33 33 2.616641
960 459 157 36 36 3.536444
960 392 144 32 32 1.065463
960 354 133 28 28 0.620456
960 384 136 32 32 0.315506
990 5 130 28 28 24.537051
990 2 125 28 28 14.169816
990 385 23 32 32 7.543216
990 1 113 31 31 6.805440
990 440 25 36 36 13.919076
990 397 23 32 32 6.026054
990 352 32 64 64 10.628323
990 13 126 28 28 2.866827
990 216 162 36 36 2.309690
990 432 18 36 36 1.993430
990 296 153 36 36 6.014903
990 139 152 32 32 2.887251
990 407 144 32 32 1.390285
990 450 18 36 36 1.354597
990 469 119 28 28 1.107148
990 486 102 24 24 0.953905
990 498 102 23 23 0.933022
990 27 144 36 36 0.324987
990 288 16 64 64 0.048205
1020 397 23 32 32 15.547108
1020 481 97 24 24 15.337266
1020 352 17 64 64 10.452086
1020 384 22 32 32 6.101355
1020 489 102 24 24 6.928006
1020 383 140 32 32 6.161141
1020 360 0 50 50 6.226623
1020 394 16 30 30 6.606147
1020 408 18 48 48 11.686748
1020 336 113 27 27 3.521971
1020 458 146 36 36 2.552458
1020 397 0 47 47 7.033983
1020 432 22 35 35 2.769102
1020 297 162 36 36 1.398450
1020 216 162 36 36 0.852178
1020 400 144 32 32 0.677839
1020 491 204 24 24 0.658717
1020 384 7 48 48 1.687398
1020 280 152 32 32 0.401856
1050 407 26 48 48 48.493294
1050 459 24 35 35 11.591554
1050 337 113 27 27 11.403489
1050 390 144 32 32 19.643372
1050 481 194 24 24 13.167502
1050 486 197 24 24 8.656818
1050 11 130 34 34 9.245596
1050 14 140 32 32 9.242790
1050 448 98 28 28 3.238777
1050 400 16 32 32 3.181668
1050 456 9 36 36 4.457068
1050 352 48 64 64 2.971395
1050 482 204 24 24 4.785269
1050 419 36 48 48 5.144372
1050 344 116 27 27 5.718785
1050 459 171 36 36 2.266712
1050 396 36 48 48 4.164658
1050 400 148 32 32 3.469715
1050 384 136 32 32 2.031995
1050 469 21 28 28 1.629467
1050 280 152 32 32 1.396689
1050 396 0 24 24 0.878685
1050 384 152 32 32 0.445365
1050 450 0 36 36 0.422578
1080 352 41 64 64 11.155381
1080 394 149 32 32 18.652596
1080 498 12 24 24 6.628595
1080 408 148 32 32 9.353393
1080 7 130 28 28 17.717410
1080 403 144 32 32 9.093984
1080 0 126 28 28 10.495906
1080 439 151 36 36 13.164073
1080 349 114 28 28 12.714371
1080 357 116 28 28 4.803099
1080 13 126 28 28 2.668559
1080 168 111 28 28 2.291680
1080 343 119 28 28 2.238607
1080 1 113 31 31 2.073250
1080 431 162 36 36 1.230397
1080 168 98 28 28 0.633721
1080 448 112 28 28 0.626996
1080 448 7 28 28 0.566939
1080 384 84 24 24 0.559159
1080 392 136 32 32 0.516002
1080 450 144 36 36 0.396817
1110 455 131 27 27 13.508657
1110 351 117 28 28 15.033660
1110 434 154 36 36 15.328720
1110 354 112 28 28 6.785311
1110 480 200 24 24 6.062642
1110 443 164 36 36 6.988426
1110 449 168 36 36 8.863774
1110 432 126 36 36 2.837179
1110 480 207 24 24 5.457692
1110 119 126 28 28 2.779342
1110 15 126 28 28 3.711847
1110 48 27 64 64 3.217665
1110 448 129 27 27 3.995972
1110 351 15 64 64 1.965462
1110 168 112 28 28 1.381032
1110 168 98 28 28 1.364376
1110 343 112 28 28 1.209701
1110 462 126 28 28 1.091644
1110 432 171 36 36 0.810947
1110 154 98 28 28 0.789070
1110 357 126 28 28 0.764251
1110 392 0 32 32 0.322662
1140 355 120 28 28 16.725212
1140 154 98 28 28 3.884494
1140 495 114 24 24 5.597441
1140 13 119 28 28 8.573622
1140 353 112 28 28 4.694142
1140 384 112 32 32 2.112593
1140 350 126 28 28 1.781849
1140 352 16 64 64 1.655643
1140 288 16 64 64 1.609416
1140 21 122 28 28 2.547834
1140 7 126 28 28 1.273574
1140 408 0 32 32 0.427872
1140 458 18 36 36 0.425518
1170 127 132 30 30 20.597937
1170 399 112 32 32 14.398227
1170 387 112 32 32 10.335058
1170 122 133 28 28 11.213181
1170 356 121 28 28 12.550319
1170 448 1 28 28 6.600077
1170 21 130 28 28 7.189550
1170 283 16 64 64 6.060796
1170 347 125 28 28 8.801974
1170 353 16 62 62 4.456137
1170 392 24 32 32 3.690053
1170 357 133 28 28 3.220854
1170 341 118 28 28 6.602386
1170 6 232 28 28 3.207964
1170 17 112 32 32 2.382566
1170 336 112 28 28 1.712358
1170 447 14 28 28 0.796588
1170 14 126 28 28 0.678720
1200 2 186 41 41 24.615919
1200 392 112 32 32 15.594690
1200 404 128 32 32 9.504289
1200 408 112 32 32 4.822178
1200 124 121 28 28 7.709668
1200 350 119 28 28 5.985302
1200 5 118 28 28 11.671875
1200 388 128 32 32 5.121859
1200 352 14 64 64 3.282551
1200 114 119 28 28 4.511754
1200 354 126 28 28 4.179873
1200 408 5 32 32 2.854052
1200 0 127 28 28 1.921305
1200 288 9 64 64 2.430468
1200 336 112 28 28 0.964157
1200 14 112 28 28 1.063567
1200 0 170 40 40 0.816249
1200 21 238 28 28 0.812312
1230 400 112 32 32 13.699990
1230 466 131 28 28 11.107527
1230 125 115 28 28 11.488358
1230 27 172 45 45 10.456969
1230 21 227 28 28 7.158639
1230 1 186 42 42 16.834504
1230 384 112 32 32 3.654633
1230 6 176 44 44 28.722699
1230 288 0 64 64 2.277023
1230 21 243 28 28 2.732195
1230 352 17 64 64 2.151215
1230 1 205 46 46 5.405121
1230 454 132 29 29 1.456383
1230 356 111 27 27 1.366337
1230 384 128 32 32 1.196897
1230 12 192 24 24 0.824652
1230 33 154 44 44 0.684476
1230 112 112 28 28 0.462847
1230 458 125 30 30 0.652881
1230 32 16 64 64 0.411899
1230 14 231 28 28 0.319671
1230 444 126 36 36 0.474297
1260 404 112 32 32 12.211282
1260 450 131 27 27 13.560359
1260 458 133 28 28 9.864712
1260 119 112 28 28 11.522662
1260 390 112 32 32 6.423618
1260 355 114 28 28 10.701342
1260 479 98 24 24 6.984043
1260 30 172 46 46 18.315764
1260 406 128 32 32 3.664547
1260 350 115 28 28 3.874508
1260 256 144 32 32 1.959036
1260 123 119 28 28 2.817025
1260 112 133 28 28 0.601954
1260 486 198 24 24 0.581952
1260 12 168 48 48 0.975596
1260 352 17 64 64 0.491116
1260 111 119 28 28 0.315854
1260 480 0 24 24 0.028935
1260 392 128 32 32 0.024119
1290 352 7 64 64 12.812344
1290 354 112 27 27 9.620578
1290 167 124 28 28 9.393311
1290 467 123 28 28 12.353106
1290 345 112 28 28 8.297921
1290 132 196 24 24 10.230110
1290 99 209 23 23 8.236563
1290 352 32 64 64 3.365020
1290 19 22 33 33 8.829723
1290 453 123 28 28 7.161429
1290 102 198 24 24 4.507146
1290 303 144 36 36 3.577954
1290 112 112 28 28 2.325809
1290 1 3 40 40 4.399715
1290 469 112 28 28 1.956386
1290 231 0 28 28 1.942992
1290 3 15 37 37 4.535654
1290 116 98 28 28 2.715190
1290 132 114 24 24 1.500195
1290 462 119 28 28 1.391212
1290 306 126 36 36 1.230136
1290 96 204 24 24 0.485427
1290 492 192 24 24 0.394598
1290 0 133 27 27 0.229391
1320 459 5 28 28 24.928796
1320 443 3 36 36 12.555978
1320 410 36 48 48 21.114544
1320 396 114 24 24 8.857800
1320 452 9 31 31 13.581989
1320 401 110 24 24 5.796843
1320 386 113 24 24 4.874092
1320 105 209 24 24 4.166989
1320 296 126 36 36 2.442914
1320 395 12 25 25 3.064748
1320 357 112 28 28 1.506345
1320 352 0 64 64 1.368046
1320 357 97 27 27 1.297135
1320 256 128 32 32 1.292872
1320 18 153 36 36 1.156024
1320 462 112 27 27 0.964769
1320 384 36 48 48 1.808326
1320 420 23 47 47 1.685724
1320 398 17 24 24 1.602554
1320 455 0 28 28 0.543305
1320 390 17 25 25 0.663139
1320 448 112 28 28 0.391631
1320 461 21 28 28 0.365849
1320 256 48 64 64 0.244362
1320 10 140 40 40 0.198985
1320 392 20 32 32 0.296674
1320 408 8 32 32 0.140876
1320 0 153 36 36 0.123916
1350 2 162 37 37 30.474947
1350 388 36 48 48 19.785938
1350 450 112 27 27 12.094261
1350 349 98 28 28 15.169068
1350 389 112 24 24 16.062075
1350 351 0 64 64 5.566124
1350 3 144 38 38 15.990710
1350 9 165 37 37 12.703227
1350 23 24 37 37 10.085589
1350 7 152 37 37 22.808734
1350 462 114 28 28 8.047701
1350 450 98 28 28 6.431123
1350 386 107 24 24 8.186172
1350 493 10 24 24 8.072884
1350 453 119 27 27 3.819459
1350 496 8 24 24 7.133472
1350 18 144 37 37 4.564290
1350 288 0 64 64 2.212536
1350 469 117 28 28 2.455938
1350 448 0 27 27 1.692685
1350 479 18 24 24 1.158181
1350 30 140 40 40 1.044148
1350 402 114 24 24 0.821656
1350 280 24 32 32 0.686881
1350 17 161 35 35 1.920114
1350 0 203 24 24 0.615711
1350 408 36 48 48 0.416768
1380 4 145 35 35 52.180813
1380 485 112 24 24 23.585790
1380 351 2 64 64 10.822450
1380 20 143 37 37 46.303305
1380 466 112 28 28 16.257804
1380 388 17 24 24 16.301052
1380 10 149 36 36 25.004135
1380 128 144 32 32 12.869040
1380 482 108 24 24 9.942360
1380 23 152 34 34 13.357471
1380 0 119 28 28 11.399464
1380 451 112 28 28 8.807283
1380 354 97 27 27 7.737145
1380 498 0 23 23 4.428748
1380 387 35 47 47 10.764036
1380 448 119 28 28 3.747848
1380 237 132 28 28 6.058622
1380 1 133 28 28 3.012397
1380 288 5 64 64 3.695096
1380 280 17 32 32 2.691970
1380 7 124 27 27 4.138619
1380 402 98 24 24 3.066512
1380 230 127 28 28 4.845939
1380 0 84 24 24 1.225796
1380 343 98 28 28 1.222747
1380 280 128 32 32 1.146893
1380 498 11 24 24 1.171777
1380 402 113 24 24 1.048674
1380 411 36 47 47 1.105388
1380 352 33 44 44 0.401004
1380 384 12 24 24 0.315970
1410 352 6 64 64 16.610795
1410 354 98 28 28 14.975753
1410 401 5 24 24 10.258269
1410 406 35 47 47 24.927308
1410 130 138 32 32 15.654869
1410 343 98 28 28 5.380933
1410 144 136 32 32 10.330025
1410 139 144 32 32 7.746437
1410 27 126 36 36 3.719738
1410 240 133 28 28 3.335215
1410 27 144 36 36 2.332675
1410 384 36 48 48 4.153582
1410 466 113 27 27 3.454790
1410 448 112 28 28 1.342291
1410 479 12 24 24 1.074898
1410 384 108 24 24 0.763717
1410 396 10 23 23 0.838248
1410 168 119 28 28 0.156989
1410 12 114 24 24 0.001861
1440 2 45 64 64 9.760315
1440 386 114 24 24 9.929541
1440 349 98 28 28 10.248904
1440 142 143 32 32 4.345533
1440 288 0 64 64 2.700773
1440 136 137 32 32 2.980421
1440 5 112 28 28 1.412668
1440 469 21 28 28 1.034277
1440 498 11 23 23 0.832581
1440 395 114 24 24 0.335145
1440 408 128 32 32 0.301318
1470 457 126 28 28 16.232288
1470 128 149 32 32 8.427289
1470 455 112 28 28 2.297981
1470 462 133 28 28 2.046136
1470 448 119 27 27 1.981528
1470 441 126 36 36 1.138173
1470 175 144 32 32 0.897915
1470 162 126 36 36 0.825671
1470 128 136 32 32 0.617766
1470 27 126 36 36 0.122240
1500 129 143 32 32 23.253374
1500 401 112 32 32 7.673770
1500 176 140 32 32 6.753955
1500 137 152 32 32 4.621767
1500 497 113 24 24 3.930204
1500 144 142 32 32 5.408590
1500 352 0 64 64 2.532996
1500 256 129 32 32 2.000463
1500 192 144 32 32 0.564004
1500 162 126 36 36 0.099598
1530 129 136 31 31 33.151170
1530 118 131 28 28 21.526818
1530 448 125 28 28 19.257000
1530 8 113 28 28 20.996907
1530 138 145 32 32 13.630925
1530 21 114 28 28 9.495474
1530 140 127 33 33 11.435571
1530 258 129 32 32 8.305782
1530 144 134 33 33 14.483809
1530 457 121 28 28 8.711826
1530 17 118 28 28 6.665993
1530 0 119 28 28 2.536991
1530 191 131 32 32 3.867515
1530 390 114 24 24 1.929206
1530 461 126 27 27 1.555834
1530 128 152 32 32 1.340990
1530 144 152 32 32 1.211470
1530 126 123 28 28 1.439324
1530 192 144 32 32 0.016490
1560 134 136 32 32 28.276959
1560 128 144 32 32 5.678056
1560 258 128 32 32 7.306328
1560 112 131 27 27 5.896848
1560 144 140 32 32 6.507387
1560 128 128 32 32 3.425133
1560 192 133 32 32 6.606470
1560 448 117 28 28 2.243354
1560 198 126 36 36 1.432996
1560 96 114 24 24 1.233628
1560 144 128 32 32 0.299420
1560 136 152 32 32 0.194216
1560 264 112 32 32 0.071892
1590 135 141 32 32 18.222509
1590 256 128 32 32 4.699574
1590 127 135 31 31 4.270052
1590 191 132 32 32 6.427929
1590 440 3 36 36 2.445280
1590 399 112 32 32 1.398207
1590 144 134 32 32 1.610192
1590 121 127 27 27 2.588070
1590 498 0 24 24 0.813536
1590 139 127 32 32 0.603941
1590 441 18 36 36 0.189812
1620 257 128 32 32 7.054248
1620 136 142 32 32 18.545159
1620 198 126 36 36 4.487648
1620 144 134 32 32 5.030924
1620 450 127 28 28 7.106102
1620 191 136 32 32 2.724562
1620 352 26 64 64 3.677921
1620 0 143 32 32 2.660450
1620 128 136 32 32 2.053416
1620 108 114 24 24 1.444059
1620 0 129 32 32 1.518889
1620 140 152 32 32 1.719626
1620 264 112 32 32 0.129792
1650 400 149 32 32 19.508339
1650 130 143 32 32 15.104385
1650 408 144 32 32 4.474946
1650 352 32 64 64 2.690168
1650 144 140 32 32 4.867252
1650 391 147 32 32 4.415636
1650 176 142 32 32 1.794685
1650 256 128 32 32 1.341360
1650 136 136 32 32 0.835697
1650 136 152 32 32 0.808495
1650 0 114 24 24 0.522413
1680 403 150 32 32 13.250044
1680 495 96 24 24 8.929532
1680 256 130 32 32 6.148574
1680 127 145 32 32 5.122799
1680 176 141 32 32 4.523256
1680 492 84 24 24 2.775796
1680 356 132 28 28 0.981759
1680 349 126 28 28 0.538591
1680 24 144 32 32 0.324408
1680 486 96 24 24 0.089216
1710 261 129 32 32 10.284282
1710 349 112 28 28 7.993790
1710 130 149 32 32 11.887033
1710 176 144 32 32 4.038127
1710 140 150 32 32 8.604159
1710 384 139 32 32 4.998676
1710 128 136 32 32 2.588894
1710 265 112 32 32 3.642467
1710 138 144 32 32 3.000538
1710 8 112 32 32 1.748403
1710 191 144 32 32 1.600021
1710 392 147 32 32 3.056873
1710 399 151 32 32 0.477586
1710 245 126 28 28 0.385082
1710 352 16 64 64 0.279347
1710 27 9 36 36 0.100542
1710 357 119 28 28 0.020823
1740 398 147 32 32 14.778564
1740 352 48 64 64 4.148513
1740 262 112 32 32 4.675590
1740 256 128 32 32 3.853053
1740 497 208 23 23 5.328922
1740 408 152 32 32 3.333183
1740 235 125 28 28 4.671291
1740 5 112 32 32 5.998989
1740 48 42 64 64 3.603936
1740 176 144 32 32 2.066515
1740 431 148 35 35 3.659938
1740 131 152 32 32 3.044265
1740 351 0 64 64 1.340284
1740 448 119 28 28 1.185741
1740 14 127 28 28 1.844755
1740 112 133 28 28 1.131254
1740 353 112 28 28 1.447691
1740 233 119 28 28 0.883675
1740 136 144 32 32 0.411801
1740 392 152 32 32 0.394958
1740 343 112 28 28 0.220949
1770 458 127 34 34 5.791654
1770 128 150 32 32 5.711666
1770 160 126 36 36 5.372487
1770 449 133 28 28 5.296796
1770 256 128 32 32 4.572475
1770 261 112 32 32 5.864553
1770 351 22 64 64 6.031677
1770 236 126 28 28 4.101012
1770 0 99 24 24 3.807278
1770 46 31 64 64 5.884430
1770 32 43 64 64 1.559321
1770 176 144 32 32 0.783779
1770 432 126 36 36 0.228222
1800 42 21 64 64 16.881890
1800 348 111 28 28 8.917124
1800 352 8 64 64 8.076064
1800 256 128 32 32 3.913159
1800 16 22 64 64 6.172939
1800 27 37 64 64 9.447645
1800 48 48 64 64 3.361601
1800 128 151 32 32 3.345990
1800 468 122 27 27 5.478327
1800 175 143 32 32 1.695727
1800 162 126 36 36 1.457902
1800 259 112 32 32 2.274296
1800 388 112 32 32 1.467305
1800 16 48 64 64 0.646973
1800 0 32 64 64 0.533308
1800 486 192 24 24 0.450118
1800 450 0 36 36 0.228268
1830 1 141 32 32 18.243224
1830 354 114 28 28 17.307049
1830 8 133 32 32 25.464685
1830 388 112 32 32 11.134517
1830 31 44 64 64 19.531250
1830 6 31 64 64 11.417288
1830 348 119 28 28 5.569111
1830 128 151 32 32 4.928316
1830 5 125 30 30 27.289674
1830 256 131 32 32 6.807016
1830 450 131 28 28 9.075844
1830 343 113 28 28 4.515283
1830 16 144 32 32 3.117725
1830 0 118 28 28 3.308195
1830 48 32 64 64 2.927603
1830 9 112 28 28 6.523088
1830 466 131 28 28 5.725436
1830 176 147 32 32 3.806087
1830 15 130 31 31 4.111584
1830 457 126 28 28 3.073434
1830 0 133 27 27 1.718979
1830 11 115 29 29 3.211849
1830 162 126 36 36 1.569680
1830 162 144 36 36 0.680344
1830 288 0 64 64 0.540238
1830 32 16 64 64 0.373125
1830 450 9 36 36 0.335464
