30 399 128 32 32 11.440999
30 213 36 48 48 14.627864
30 257 6 64 64 10.771917
30 0 133 28 28 2.412824
30 118 123 27 27 3.459794
30 264 36 48 48 2.331240
30 432 126 36 36 0.827907
30 353 119 28 28 1.405235
30 306 6 24 24 0.648453
30 400 112 32 32 0.498953
30 336 119 28 28 0.306250
30 459 144 36 36 0.168285
30 112 119 28 28 0.081074
30 352 32 64 64 0.039638
60 258 6 64 64 13.223784
60 210 36 48 48 21.924420
60 206 0 24 24 10.032273
60 469 118 28 28 8.483091
60 168 112 28 28 1.519429
60 0 131 31 31 2.637712
60 339 111 27 27 2.615916
60 0 112 28 28 1.240314
60 0 140 32 32 2.107356
60 20 112 28 28 1.018179
60 356 115 28 28 1.321048
60 272 15 64 64 0.489170
60 126 112 27 27 0.332031
60 13 133 27 27 0.086586
90 258 1 64 64 6.856777
90 244 98 28 28 3.943733
90 198 36 48 48 13.654758
90 353 112 28 28 6.164131
90 17 3 64 64 10.297454
90 24 16 64 64 4.976353
90 5 11 64 64 6.650891
90 16 32 64 64 1.631796
90 108 114 24 24 0.629443
90 126 119 28 28 0.276212
120 195 35 48 48 14.418632
120 245 98 28 28 3.788311
120 112 124 28 28 4.225960
120 28 0 64 64 2.199892
120 390 114 24 24 1.468245
120 154 112 28 28 1.505668
120 241 112 28 28 1.221136
120 27 126 36 36 0.522037
120 294 114 24 24 0.511699
120 21 133 28 28 0.438943
120 168 112 28 28 0.219001
150 231 98 28 28 20.381437
150 119 112 28 28 11.969683
150 352 24 64 64 9.289991
150 10 2 64 64 9.641569
150 5 17 64 64 5.331259
150 18 112 32 32 4.702710
150 407 112 32 32 3.079833
150 27 126 36 36 2.322402
150 238 112 28 28 2.181470
150 352 0 64 64 1.050955
150 441 126 36 36 1.033540
150 192 36 48 48 1.954346
150 245 98 28 28 0.746619
150 408 136 32 32 0.608236
150 384 35 48 48 0.375194
150 126 119 28 28 0.056413
180 224 98 28 28 5.119760
180 225 112 28 28 5.551284
180 39 0 64 64 4.517097
180 210 114 24 24 0.101058
210 194 114 24 24 10.120582
210 207 114 24 24 7.891855
210 24 112 32 32 3.146251
210 24 128 32 32 2.404923
210 237 117 27 27 8.629917
210 462 133 28 28 1.849713
210 245 112 28 28 1.414279
210 231 112 28 28 0.312900
210 450 144 36 36 0.127948
240 19 112 31 31 11.200629
240 21 128 28 28 6.055174
240 197 114 24 24 2.154928
240 224 97 27 27 0.573158
240 154 111 28 28 0.419606
240 288 114 24 24 0.295051
240 0 0 64 64 0.218480
240 441 126 36 36 0.077992
270 17 112 31 31 13.995753
270 193 112 24 24 7.985214
270 7 128 28 28 10.254876
270 19 124 28 28 7.417383
270 127 113 31 31 3.905736
270 449 131 28 28 6.784522
270 0 0 64 64 2.109503
270 18 105 24 24 2.542241
270 15 133 28 28 1.929302
270 455 126 28 28 1.071839
270 0 133 28 28 0.918566
270 288 114 24 24 0.754549
270 21 98 28 28 0.680757
270 408 36 47 47 0.969870
300 1 126 28 28 41.882919
300 2 114 30 30 6.436493
300 294 107 24 24 9.188057
300 7 133 28 28 3.690103
300 299 104 24 24 7.261581
300 465 223 28 28 3.552537
300 224 98 28 28 1.634318
300 14 126 28 28 1.485875
300 32 32 64 64 1.195630
300 306 108 24 24 0.766799
300 256 112 32 32 0.231456
330 209 112 24 24 6.352805
330 288 32 64 64 3.719020
330 142 149 32 32 5.924682
330 224 112 28 28 2.847918
330 168 112 28 28 2.578990
330 144 139 32 32 3.709653
330 0 0 64 64 0.296219
330 102 210 24 24 0.075427
360 20 230 27 27 13.961311
360 12 225 28 28 7.192011
360 17 245 28 28 5.437196
360 3 126 28 28 5.220756
360 405 136 32 32 3.457602
360 438 146 36 36 5.150652
360 0 192 42 42 4.065693
360 14 234 28 28 3.103165
360 210 113 24 24 1.730725
360 168 112 28 28 1.506922
360 7 245 28 28 0.920369
360 234 98 28 28 1.534836
360 6 119 28 28 0.633036
360 384 96 24 24 0.613439
360 454 121 28 28 0.237136
360 198 114 24 24 0.000206
390 341 124 28 28 14.526453
390 352 5 64 64 5.653873
390 192 36 48 48 6.034064
390 493 113 23 23 4.672361
390 224 98 28 28 1.703918
390 0 8 64 64 2.912828
390 336 114 28 28 2.456672
390 397 112 32 32 1.160890
390 300 114 24 24 0.805695
390 481 113 23 23 1.294983
390 7 126 28 28 0.259873
390 468 126 28 28 0.234943
390 16 32 64 64 0.021176
420 351 11 64 64 21.113199
420 350 125 28 28 20.579391
420 336 126 28 28 7.117405
420 0 23 64 64 7.864552
420 300 114 23 23 3.368054
420 167 121 28 28 4.283755
420 354 133 27 27 4.008999
420 192 36 48 48 2.078522
420 408 112 32 32 1.016816
420 343 133 28 28 1.000314
420 0 133 28 28 0.758352
420 357 119 28 28 0.599926
420 392 112 32 32 0.481927
420 256 16 64 64 0.039315
450 351 14 64 64 18.745772
450 355 131 28 28 15.754447
450 0 26 64 64 10.493839
450 337 130 28 28 13.003922
450 175 112 32 32 3.656980
450 154 124 28 28 3.476444
450 168 126 28 28 2.127868
450 384 24 48 48 3.243382
450 345 126 28 28 2.341782
450 21 133 28 28 1.175608
450 297 114 24 24 1.541975
450 224 112 28 28 0.243486
450 336 119 28 28 0.107725
480 23 128 34 34 19.546909
480 352 32 64 64 14.261761
480 352 133 28 28 5.289392
480 192 112 32 32 3.657813
480 176 112 32 32 3.497090
480 168 132 28 28 3.391379
480 305 126 36 36 3.474721
480 12 128 32 32 3.391572
480 400 128 32 32 0.818775
480 245 119 28 28 0.693061
480 0 136 32 32 0.044610
510 258 141 32 32 16.171714
510 282 43 64 64 14.643125
510 446 126 34 34 9.696046
510 114 127 28 28 9.499998
510 268 32 64 64 4.409723
510 216 126 36 36 3.396468
510 264 136 32 32 2.534993
510 255 43 64 64 3.327733
510 431 126 36 36 2.355345
510 119 133 28 28 1.896951
510 455 120 27 27 2.278884
510 48 16 64 64 1.467550
510 216 144 36 36 1.157541
510 408 112 32 32 1.018440
510 264 152 32 32 0.280590
510 231 133 28 28 0.200106
540 0 155 35 35 10.491145
540 18 197 23 23 9.193608
540 387 128 32 32 6.951830
540 216 149 35 35 5.498001
540 385 112 32 32 3.673191
540 21 46 64 64 5.390987
540 288 21 64 64 3.897171
540 498 2 24 24 4.014561
540 269 32 64 64 5.941266
540 198 147 36 36 2.763520
540 12 192 24 24 1.467810
540 223 133 27 27 1.168271
540 108 208 24 24 1.495611
540 396 112 32 32 1.251306
540 132 209 24 24 0.437931
540 392 136 32 32 0.423272
540 215 171 36 36 0.280631
540 351 17 64 64 0.271648
570 132 194 24 24 11.685150
570 469 131 27 27 5.289016
570 102 202 24 24 7.341197
570 23 129 32 32 3.969140
570 132 204 24 24 2.805918
570 9 128 34 34 4.695320
570 144 198 24 24 0.885817
570 108 198 24 24 0.803583
570 350 111 28 28 0.152418
570 16 144 32 32 0.048493
600 312 145 36 36 15.697932
600 288 48 64 64 5.437323
600 407 140 32 32 5.042834
600 159 143 38 38 3.742661
600 216 154 36 36 2.729420
600 296 144 36 36 1.829743
600 155 151 36 36 2.669845
600 198 153 36 36 0.649303
600 20 126 36 36 0.928629
600 402 114 24 24 0.320352
630 2 163 37 37 34.109438
630 144 106 24 24 12.492295
630 8 167 38 38 15.167860
630 18 209 24 24 3.761367
630 0 140 39 39 2.986094
630 198 147 36 36 4.208898
630 15 198 24 24 3.888556
630 144 96 24 24 1.851062
630 18 162 36 36 1.476197
630 216 144 36 36 1.469708
630 180 140 40 40 0.823434
630 216 126 36 36 0.644554
630 198 126 36 36 0.028584
660 4 159 37 37 10.021417
660 8 112 32 32 2.467930
660 245 119 28 28 0.105190
690 107 107 23 23 15.647223
690 468 119 28 28 15.214485
690 110 97 26 26 8.601407
690 352 0 64 64 2.569953
690 32 23 64 64 4.142235
690 386 7 32 32 3.670503
690 40 32 64 64 3.994014
690 100 114 24 24 1.289078
690 102 102 24 24 0.431155
690 454 223 28 28 0.168916
690 256 152 32 32 0.158537
690 462 126 28 28 0.088629
720 400 0 23 23 8.867823
720 405 112 32 32 7.007290
720 192 128 32 32 1.057616
720 352 1 64 64 0.704907
750 32 29 64 64 10.637485
750 354 112 27 27 3.799272
750 129 128 32 32 2.843285
750 285 4 64 64 3.864542
750 469 112 28 28 0.952614
750 336 112 28 28 0.764789
750 119 133 28 28 0.394499
750 136 136 32 32 0.177916
780 127 132 32 32 5.990445
780 17 130 30 30 5.530109
780 260 1 64 64 2.091922
780 302 113 24 24 2.082297
810 261 0 64 64 4.515122
810 432 126 36 36 1.863590
810 408 112 32 32 0.809124
810 288 0 64 64 0.030769
840 263 0 64 64 9.691026
840 338 114 28 28 9.105766
840 144 141 32 32 4.469004
840 464 126 28 28 4.673315
840 343 119 28 28 2.327993
840 12 152 32 32 3.500526
840 288 0 64 64 1.899780
840 144 130 34 34 2.734973
840 2 149 33 33 3.854495
840 132 84 24 24 1.269508
840 168 133 28 28 1.115740
840 448 126 28 28 0.041398
840 288 36 48 48 0.024532
870 355 114 28 28 12.328700
870 345 113 28 28 8.568786
870 288 113 24 24 2.665398
870 346 119 28 28 4.927954
870 288 0 64 64 0.098168
900 345 113 28 28 13.940988
900 456 126 36 36 6.051022
900 27 143 36 36 3.485370
900 288 114 23 23 3.012951
900 495 95 24 24 4.395708
900 136 144 32 32 1.906145
900 350 119 28 28 0.596754
930 350 112 27 27 14.457662
930 154 113 28 28 6.713420
930 288 36 48 48 5.824770
930 350 98 28 28 2.257897
930 288 114 24 24 1.718707
930 454 97 27 27 0.575522
960 47 9 64 64 8.050488
960 275 17 60 60 16.101641
960 123 130 28 28 12.040893
960 263 0 64 64 5.047412
960 356 112 28 28 1.998799
960 119 125 28 28 2.213417
960 288 0 64 64 1.715665
960 495 108 23 23 0.580033
960 480 108 24 24 0.223407
960 486 102 24 24 0.138042
990 284 11 64 64 25.990564
990 266 4 64 64 22.731408
990 261 19 64 64 17.028044
990 452 144 36 36 12.334804
990 114 128 27 27 13.457542
990 2 14 64 64 14.131134
990 123 131 28 28 9.977562
990 278 32 64 64 5.238303
990 245 112 28 28 2.264587
990 16 0 64 64 2.183061
990 456 125 35 35 2.452656
990 459 153 36 36 0.844092
990 343 112 27 27 0.718047
990 32 16 64 64 0.714832
990 498 0 24 24 0.542046
1020 259 15 64 64 22.085038
1020 270 3 64 64 20.921916
1020 455 125 35 35 7.875612
1020 402 128 32 32 8.533995
1020 0 135 32 32 13.283028
1020 34 24 49 49 24.037503
1020 19 6 58 58 13.760220
1020 1 24 64 64 6.955169
1020 288 19 64 64 3.669320
1020 356 127 28 28 3.035520
1020 276 32 64 64 2.981747
1020 24 34 49 49 4.906009
1020 224 126 27 27 1.564305
1020 168 126 28 28 0.950277
1020 245 112 28 28 0.706888
1020 112 133 28 28 0.364538
1050 20 128 32 32 9.197073
1050 192 112 32 32 3.900571
1050 21 12 33 33 5.283262
1050 256 6 64 64 4.754498
1050 0 32 64 64 1.470776
1050 17 136 32 32 1.662741
1050 176 128 32 32 1.136025
1050 450 143 36 36 0.411709
1080 18 2 27 27 29.856785
1080 16 10 25 25 30.724396
1080 6 1 28 28 16.432324
1080 393 128 32 32 5.021446
1080 6 160 37 37 9.878185
1080 12 17 24 24 1.901707
1080 14 167 37 37 2.785887
1080 27 153 36 36 1.557233
1080 0 154 39 39 3.443547
1080 256 0 64 64 0.262894
1080 48 0 64 64 0.248545
1080 408 144 32 32 0.116956
1080 224 133 28 28 0.036545
1110 155 126 36 36 13.672352
1110 405 129 32 32 9.092882
1110 176 136 32 32 1.974158
1110 32 32 64 64 1.355179
1110 400 136 32 32 0.111084
1110 432 126 36 36 0.034966
1140 455 126 36 36 9.967675
1140 435 126 36 36 8.145247
1140 0 116 27 27 7.330266
1140 455 144 35 35 6.257298
1140 191 36 48 48 5.599524
1140 447 133 28 28 2.321831
1140 108 102 24 24 0.654097
1140 128 136 32 32 0.246497
1140 21 114 28 28 0.283181
1140 21 126 28 28 0.027438
1170 3 17 25 25 6.419424
1170 24 112 32 32 2.144959
1170 192 36 48 48 2.231230
1170 192 112 32 32 0.936736
1200 444 126 36 36 6.195163
1200 21 98 28 28 2.715915
1200 23 112 32 32 2.057719
1200 264 128 32 32 1.948273
1200 459 126 36 36 1.740675
1200 4 112 32 32 2.639394
1200 144 112 32 32 1.076654
1200 264 112 32 32 0.609332
1230 130 133 32 32 23.389589
1230 136 131 32 32 13.559785
1230 261 112 32 32 6.770836
1230 260 128 32 32 4.661978
1230 14 131 28 28 2.607315
1230 264 147 32 32 2.761667
1230 1 112 32 32 1.837093
1230 259 152 32 32 2.386047
1260 256 131 32 32 6.520678
1260 448 112 28 28 3.196601
1260 257 143 32 32 9.112981
1260 261 112 32 32 4.192208
1260 240 140 40 40 2.710787
1260 144 0 24 24 2.163054
1260 263 148 32 32 2.974857
1260 484 84 24 24 1.383346
1260 0 108 24 24 0.669390
1260 0 204 23 23 0.228987
1290 16 112 31 31 15.312650
1290 443 126 36 36 11.487312
1290 469 131 28 28 5.065841
1290 256 148 32 32 6.383411
1290 455 119 28 28 2.862391
1290 451 97 27 27 4.049642
1290 240 160 40 40 1.781078
1290 469 112 28 28 0.853954
1290 498 97 23 23 0.733576
1290 144 0 24 24 0.285610
1320 453 145 36 36 12.403976
1320 19 117 29 29 23.633232
1320 3 115 30 30 14.965169
1320 451 98 28 28 7.598667
1320 10 126 28 28 6.595816
1320 455 153 36 36 4.913432
1320 256 112 32 32 3.275505
1320 453 126 36 36 4.438602
1320 399 112 32 32 2.774233
1320 256 152 32 32 1.881579
1320 469 126 28 28 1.588253
1320 467 98 28 28 1.081844
1320 386 112 32 32 0.829319
1320 6 108 24 24 0.224611
1350 466 97 27 27 9.959921
1350 482 112 24 24 16.041439
1350 399 112 32 32 9.957946
1350 483 108 23 23 6.772389
1350 256 150 32 32 4.351354
1350 240 140 40 40 2.680630
1350 13 124 28 28 3.670208
1350 264 112 32 32 2.048511
1350 480 102 24 24 2.042191
1350 10 114 30 30 3.269811
1350 1 126 28 28 1.479894
1380 405 112 32 32 7.615317
1380 488 95 24 24 4.648125
1380 1 112 32 32 3.349352
1380 13 127 28 28 9.880659
1380 18 130 28 28 7.197266
1380 408 128 32 32 2.609205
1380 256 152 32 32 2.007195
1380 448 111 28 28 1.252294
1380 0 130 28 28 1.296512
1410 4 127 27 27 11.831211
1410 450 144 36 36 3.408629
1410 463 114 28 28 7.219204
1410 0 133 28 28 2.090581
1410 122 126 28 28 3.701384
1410 13 131 27 27 2.058870
1410 480 113 24 24 1.248895
1410 402 108 24 24 1.125169
1410 455 133 27 27 0.797240
1410 154 126 28 28 0.509018
1410 0 112 32 32 0.438809
1410 440 126 36 36 0.376204
1440 488 114 24 24 9.650568
1440 453 133 27 27 10.538090
1440 459 144 36 36 3.216639
1440 118 126 28 28 6.065978
1440 0 133 28 28 1.965824
1440 264 14 46 46 0.953084
1440 263 27 44 44 0.528124
1440 441 126 36 36 0.119330
1470 497 114 24 24 6.013442
1470 113 128 28 28 8.556153
1470 192 112 32 32 3.243582
1470 464 133 27 27 5.089170
1470 176 112 32 32 2.785871
1470 497 192 24 24 2.667356
1470 0 133 28 28 1.564313
1470 119 133 28 28 0.955732
1470 264 33 44 44 0.436657
1470 240 160 40 40 0.314443
1470 21 98 28 28 0.265346
1500 112 129 28 28 7.447056
1500 404 193 48 48 13.912338
1500 38 16 64 64 5.082887
1500 48 0 64 64 1.011158
1500 14 98 28 28 0.800164
1500 176 112 32 32 0.745752
1500 396 204 48 48 0.984842
1500 497 113 24 24 0.285824
1500 21 112 27 27 0.221140
1530 168 119 28 28 1.934627
1530 263 12 47 47 3.865541
1530 418 198 48 48 8.322104
1530 33 0 64 64 1.383518
1530 408 197 48 48 2.661908
1530 220 180 40 40 0.302683
1560 11 113 24 24 12.587147
1560 220 164 40 40 2.711596
1560 291 96 24 24 2.074700
1560 264 13 47 47 1.909882
1560 0 114 24 24 0.513179
1560 420 192 48 48 1.091858
1560 6 108 24 24 0.264782
1560 168 119 28 28 0.132592
1590 0 100 26 26 5.543611
1590 9 113 24 24 8.057644
1590 2 112 24 24 8.367509
1590 5 108 24 24 4.702628
1590 288 95 24 24 1.807264
1590 264 13 47 47 1.690545
1590 264 28 44 44 0.760513
1590 220 160 40 40 0.020043
1620 1 112 23 23 11.387302
1620 154 119 28 28 2.395974
1620 144 112 32 32 2.008434
1620 263 16 47 47 5.009235
1620 264 27 45 45 3.406651
1620 242 33 44 44 0.262583
1650 264 20 47 47 5.663801
1650 384 102 24 24 0.569082
1650 144 112 32 32 0.398191
1680 264 25 47 47 3.708169
1680 404 127 32 32 2.408653
1680 136 112 32 32 0.467311
1710 126 133 28 28 1.642168
1710 384 128 32 32 0.965510
1710 264 21 48 48 1.396378
1740 3 128 32 32 5.268856
1740 154 124 27 27 2.284460
1740 112 133 28 28 1.131491
1740 32 16 64 64 0.646701
1770 216 27 48 48 8.907396
1770 384 196 23 23 1.714820
1800 204 24 48 48 3.790500
1800 384 199 24 24 2.102343
1800 126 119 28 28 0.229840
1830 384 112 32 32 3.685327
1830 204 15 48 48 4.969196
1830 204 30 48 48 3.451174
1830 119 119 28 28 0.120937
