30 407 131 32 32 9.971069
30 448 224 28 28 1.796675
30 498 114 23 23 1.649264
30 462 224 28 28 1.177788
30 0 48 64 64 0.892551
30 384 112 32 32 0.590664
30 469 231 28 28 0.075268
30 384 128 32 32 0.030301
60 396 112 32 32 9.399890
60 383 112 32 32 2.772248
60 455 116 28 28 1.806067
60 27 126 36 36 0.583034
60 469 133 28 28 0.481690
90 116 124 28 28 15.169079
90 18 130 29 29 17.567560
90 451 98 28 28 6.536574
90 8 127 30 30 4.550390
90 9 112 32 32 3.059034
90 112 119 28 28 2.052753
90 337 121 27 27 4.903572
90 447 112 28 28 1.483537
90 343 126 28 28 0.083554
120 19 129 28 28 16.898197
120 453 120 27 27 7.574746
120 10 112 32 32 4.985252
120 449 131 27 27 5.641240
120 482 96 24 24 5.739891
120 338 121 27 27 7.573936
120 154 126 28 28 2.439393
120 4 129 30 30 6.189389
120 288 7 64 64 4.118021
120 467 224 27 27 2.658413
120 137 112 32 32 2.276861
120 484 103 24 24 2.962652
120 14 126 29 29 2.461414
120 21 119 28 28 0.992292
120 343 126 28 28 0.943223
120 420 191 48 48 1.775154
120 272 16 64 64 0.484010
120 357 119 28 28 0.012139
150 126 124 28 28 11.878377
150 127 114 30 30 8.368831
150 338 120 28 28 10.843446
150 384 112 32 32 3.669934
150 343 112 28 28 2.186375
150 21 133 28 28 2.138401
150 495 102 24 24 3.536450
150 480 84 24 24 1.473492
150 343 126 28 28 1.056243
150 288 0 64 64 0.520534
150 0 133 28 28 0.372230
150 351 15 64 64 0.351938
180 0 133 28 28 4.890845
180 342 120 28 28 11.996728
180 338 126 28 28 5.632140
180 16 132 31 31 5.661165
180 347 125 28 28 4.415637
180 121 125 28 28 2.436284
180 390 112 32 32 1.524140
180 126 133 28 28 0.210149
210 118 126 27 27 28.153648
210 462 125 27 27 22.765195
210 343 120 28 28 11.298139
210 349 124 28 28 11.115066
210 126 133 28 28 2.923115
210 395 112 32 32 4.416669
210 455 129 28 28 4.960195
210 18 16 64 64 3.077201
210 357 122 28 28 5.054266
210 455 119 28 28 2.115639
210 469 119 28 28 1.993365
210 448 126 28 28 1.750542
210 336 126 28 28 1.414660
210 408 112 32 32 1.318644
210 111 119 28 28 1.113909
210 469 133 28 28 1.112995
210 111 133 28 28 0.534865
240 406 112 32 32 5.953127
240 338 124 27 27 9.376695
240 354 123 28 28 7.708506
240 455 128 27 27 5.190611
240 480 83 23 23 2.688230
240 0 16 64 64 2.325278
240 344 118 28 28 1.920797
240 112 133 28 28 1.151477
240 0 133 28 28 0.421228
270 20 129 31 31 15.815659
270 342 125 28 28 19.118444
270 450 130 28 28 11.578704
270 462 130 28 28 6.247084
270 458 126 28 28 5.428273
270 24 112 32 32 2.419044
270 391 112 32 32 4.189746
270 336 133 27 27 1.152342
270 14 133 28 28 0.963107
270 336 119 28 28 0.953404
270 357 133 28 28 0.556793
270 343 112 28 28 0.500766
270 350 119 28 28 0.130479
300 338 120 28 28 12.247338
300 455 133 28 28 7.826866
300 342 127 28 28 9.380415
300 17 133 28 28 4.468628
300 12 129 29 29 5.398476
300 2 129 30 30 4.754317
300 352 119 28 28 2.587864
300 346 133 27 27 3.306450
300 468 133 28 28 1.429079
300 498 109 24 24 1.687679
300 8 112 32 32 1.287118
300 352 16 64 64 0.147189
300 357 126 28 28 0.002119
330 345 118 28 28 13.734819
330 14 114 24 24 8.266410
330 4 131 30 30 9.235155
330 289 125 35 35 3.929713
330 357 121 27 27 4.320961
330 352 125 28 28 3.917288
330 403 128 32 32 3.233164
330 350 112 28 28 1.363011
330 454 126 36 36 0.781879
330 0 112 32 32 0.311417
360 15 101 24 24 11.606859
360 350 113 28 28 13.776770
360 448 129 30 30 19.799568
360 8 103 24 24 13.019067
360 436 126 36 36 8.536697
360 1 128 32 32 4.250684
360 293 126 36 36 4.262015
360 384 112 32 32 2.381317
360 352 21 64 64 3.178431
360 343 115 28 28 3.588931
360 264 128 32 32 1.528314
360 357 119 28 28 1.232830
360 462 133 28 28 0.373914
360 12 95 24 24 0.171361
360 12 108 24 24 0.109651
390 484 107 24 24 14.966270
390 482 114 24 24 6.252246
390 449 132 28 28 3.867099
390 352 15 64 64 2.628016
390 311 126 36 36 3.881049
390 191 142 32 32 3.134781
390 462 126 28 28 1.472685
390 128 112 32 32 0.738788
390 256 144 32 32 0.633191
390 384 112 32 32 0.300257
390 480 102 24 24 0.174888
420 498 96 24 24 7.670302
420 402 84 24 24 5.535429
420 119 124 27 27 11.027672
420 127 115 27 27 8.091882
420 352 0 64 64 2.015304
420 462 129 28 28 3.127669
420 454 126 28 28 1.179940
420 176 136 32 32 1.097757
420 384 36 48 48 2.090082
420 384 112 32 32 1.149053
420 112 119 28 28 0.977949
420 357 98 28 28 0.163417
450 102 103 24 24 30.655561
450 108 108 24 24 6.937479
450 96 108 23 23 3.537420
450 22 112 32 32 3.728222
450 351 0 64 64 2.771287
450 400 112 32 32 1.440003
450 11 113 31 31 2.496887
450 395 1 47 47 2.938666
450 16 124 28 28 2.064965
450 396 36 48 48 1.688652
450 320 140 40 40 0.577394
450 396 114 24 24 0.005558
480 469 112 28 28 2.039326
480 486 113 24 24 1.957834
480 305 144 36 36 1.214561
480 352 16 64 64 1.048933
480 297 152 36 36 1.005242
480 402 83 23 23 0.246075
480 20 140 40 40 0.097693
510 97 193 24 24 10.695522
510 99 198 23 23 6.759430
510 108 192 23 23 2.679448
510 352 33 43 43 1.354547
510 449 98 28 28 1.551323
510 420 24 48 48 1.675442
510 408 12 48 48 1.437410
510 18 84 24 24 0.391036
540 357 33 44 44 7.359254
540 208 112 24 24 6.701164
540 205 109 24 24 6.453505
540 381 33 44 44 2.649805
540 26 170 36 36 0.961804
540 18 84 24 24 0.721064
540 481 102 24 24 0.736062
540 469 98 28 28 0.035166
540 408 24 32 32 0.001301
570 492 97 24 24 12.909574
570 14 83 23 23 9.037585
570 496 100 24 24 9.707757
570 482 96 24 24 7.141364
570 357 33 44 44 6.740416
570 12 96 24 24 1.905699
570 432 27 36 36 1.213377
570 381 29 45 45 3.410112
570 27 171 36 36 1.121823
570 350 112 28 28 0.516526
570 408 12 48 48 1.007648
600 441 26 36 36 7.059634
600 480 100 24 24 3.681405
600 498 97 24 24 4.031329
600 480 17 24 24 3.092504
600 361 33 44 44 4.219955
600 17 96 23 23 2.180779
600 408 16 32 32 1.786528
600 0 96 24 24 1.690091
600 18 84 24 24 1.452243
600 351 112 28 28 1.656804
600 204 96 24 24 1.175275
600 435 18 36 36 1.577858
600 445 18 36 36 1.187206
600 0 84 24 24 0.447725
600 385 11 43 43 0.212131
630 4 96 24 24 9.599984
630 448 20 36 36 10.879663
630 393 84 24 24 6.722680
630 486 18 23 23 3.955824
630 136 152 32 32 3.105872
630 11 83 23 23 2.688154
630 0 224 28 28 2.492759
630 441 27 36 36 2.120890
630 438 168 35 35 3.894640
630 434 165 36 36 3.530260
630 480 108 24 24 1.027474
630 459 27 36 36 0.484266
630 469 98 28 28 0.433795
630 363 33 44 44 0.117969
630 486 102 24 24 0.055335
660 2 96 24 24 14.682645
660 489 113 24 24 9.324029
660 448 98 28 28 2.309100
660 420 23 48 48 6.795732
660 336 128 28 28 2.388945
660 385 154 44 44 1.554457
660 198 114 24 24 1.083180
660 30 185 40 40 1.849645
660 459 27 36 36 0.477883
660 485 108 24 24 0.359993
660 441 27 36 36 0.230682
690 159 125 35 35 6.755615
690 168 114 28 28 4.788202
690 420 34 48 48 5.038960
690 400 96 24 24 2.743407
690 264 22 32 32 2.109309
690 374 22 44 44 1.154684
690 159 144 36 36 0.835918
690 384 0 48 48 0.679838
690 0 102 24 24 0.330565
690 498 113 24 24 0.298874
690 352 0 64 64 0.205203
720 257 6 32 32 8.694783
720 154 112 28 28 4.552796
720 384 32 46 46 21.555693
720 392 113 23 23 5.418210
720 448 7 28 28 2.816275
720 352 5 64 64 2.770105
720 432 18 36 36 1.549698
720 414 35 48 48 4.119752
720 402 114 24 24 0.845641
720 396 24 48 48 1.258062
720 480 108 24 24 0.372515
720 102 210 24 24 0.336579
750 131 112 24 24 12.477163
750 123 98 28 28 8.594081
750 96 209 24 24 5.210176
750 483 6 24 24 5.574425
750 352 8 64 64 6.748847
750 480 109 24 24 7.275389
750 392 24 48 48 7.207774
750 487 114 23 23 3.084665
750 469 0 28 28 1.668705
750 496 113 24 24 2.733112
750 384 30 48 48 4.807742
750 357 133 28 28 0.906523
750 144 113 24 24 0.881117
750 480 84 24 24 0.518885
750 306 306 24 24 0.416213
750 479 12 24 24 0.310375
750 408 16 32 32 0.275694
780 352 17 64 64 23.842212
780 498 10 24 24 13.514544
780 144 126 36 36 4.781481
780 387 35 47 47 12.346199
780 496 98 24 24 8.803863
780 97 205 23 23 4.772919
780 485 96 24 24 0.356972
810 388 192 23 23 5.001457
810 498 192 24 24 2.294929
810 387 128 32 32 2.745235
810 97 198 24 24 1.733357
810 498 108 23 23 0.770926
810 240 140 40 40 0.350616
810 126 97 27 27 0.071679
810 144 126 36 36 0.048880
840 97 203 24 24 8.843585
840 462 0 28 28 3.115170
840 392 130 32 32 6.239582
840 99 192 24 24 4.063090
840 492 102 24 24 1.537997
840 459 9 36 36 0.985921
840 480 11 23 23 0.773074
840 393 168 48 48 1.827610
840 102 210 24 24 0.659970
840 356 154 44 44 0.974815
840 350 140 40 40 0.385458
840 395 191 24 24 0.105050
870 405 130 32 32 12.002497
870 497 13 24 24 6.316029
870 404 23 47 47 5.554954
870 432 26 36 36 1.983511
870 108 198 24 24 1.529726
870 392 128 32 32 1.056377
870 408 168 48 48 2.043036
870 384 192 24 24 0.650558
900 459 130 30 30 23.208184
900 443 126 34 34 13.817018
900 399 112 32 32 5.503323
900 387 112 32 32 2.796908
900 23 128 32 32 1.513860
930 352 17 64 64 23.942697
930 315 151 36 36 1.927930
930 408 128 32 32 0.968549
930 318 141 38 38 0.761498
930 272 48 64 64 0.310691
930 390 114 24 24 0.059542
960 459 126 36 36 6.605918
960 21 129 28 28 9.174217
960 320 140 40 40 3.771347
960 340 118 28 28 6.196194
960 357 133 28 28 2.023765
960 351 34 64 64 2.142520
960 112 98 28 28 0.630807
990 12 131 28 28 9.169833
990 16 225 27 27 13.147250
990 19 229 28 28 14.524358
990 455 126 36 36 6.425834
990 0 190 40 40 0.493689
1020 101 100 23 23 11.703143
1020 2 127 27 27 9.048383
1020 354 112 28 28 3.706502
1020 144 192 24 24 1.052891
1020 400 144 32 32 0.999606
1020 391 132 32 32 1.628409
1020 7 133 28 28 0.846386
1020 14 126 28 28 0.767303
1020 294 96 24 24 0.151361
1020 400 128 32 32 0.088524
1050 96 108 23 23 2.944534
1050 204 210 24 24 1.182818
1050 384 152 32 32 0.545770
1050 300 96 24 24 0.330171
1080 0 122 28 28 5.698098
1080 288 84 24 24 1.902694
1080 0 112 32 32 2.090085
1080 96 108 24 24 1.477614
1080 320 30 40 40 0.266081
1080 352 16 64 64 0.037405
1110 5 112 27 27 6.970470
1110 393 151 32 32 7.443008
1110 405 149 32 32 7.165385
1110 401 194 24 24 4.600002
1110 350 112 28 28 2.027280
1110 15 114 24 24 2.381517
1110 402 204 24 24 1.123439
1110 396 198 24 24 1.015723
1110 288 84 24 24 0.521903
1110 320 30 40 40 0.020209
1140 349 112 28 28 22.757164
1140 385 113 23 23 7.625572
1140 336 112 27 27 4.687324
1140 342 119 28 28 2.972692
1140 439 160 36 36 3.174978
1140 276 255 32 32 2.132252
1140 350 126 28 28 0.661799
1140 176 144 32 32 0.603421
1140 357 98 28 28 0.603403
1140 0 112 28 28 0.388792
1140 264 256 32 32 0.083542
1170 355 114 28 28 10.460212
1170 338 113 28 28 7.997729
1170 341 119 28 28 3.416148
1170 355 133 28 28 1.432589
1200 392 112 32 32 0.926529
1230 392 128 32 32 3.051226
1230 352 32 64 64 0.567506
1230 0 136 32 32 0.514702
1230 392 148 32 32 0.889999
1230 320 170 40 40 0.431114
1230 408 112 32 32 0.237054
1230 306 114 24 24 0.204513
1260 21 128 32 32 8.385420
1260 402 144 32 32 8.727287
1260 351 39 64 64 1.587851
1260 305 114 23 23 0.846561
1260 315 171 36 36 0.605854
1260 408 135 32 32 0.467636
1260 350 126 28 28 0.341849
1290 15 131 28 28 12.192783
1290 21 116 28 28 4.408990
1290 20 127 31 31 3.173321
1290 350 126 28 28 1.445312
1290 432 144 36 36 1.306189
1290 1 129 30 30 1.687264
1290 306 162 36 36 0.314855
1320 7 113 28 28 18.867282
1320 0 131 28 28 6.326485
1320 0 116 29 29 2.582566
1320 14 119 28 28 1.527586
1320 21 112 28 28 1.202703
1350 1 113 25 25 21.043643
1350 288 16 64 64 1.850453
1380 440 126 36 36 0.404998
1380 240 0 40 40 0.325543
1380 220 0 40 40 0.037944
1410 407 131 32 32 6.247614
1410 224 21 28 28 0.346646
1410 272 16 32 32 0.336558
1410 495 108 24 24 0.474045
1440 456 144 36 36 6.644093
1440 456 162 36 36 6.457705
1440 399 7 24 24 10.272429
1440 387 4 24 24 7.376016
1440 448 126 28 28 2.733716
1440 480 102 24 24 2.083201
1440 450 153 36 36 1.857785
1440 288 18 36 36 1.853517
1440 384 0 24 24 1.641423
1440 290 0 24 24 1.611352
1440 14 126 28 28 0.719253
1440 397 0 24 24 0.206487
1440 396 12 24 24 0.130288
1470 393 128 32 32 4.332269
1470 20 122 27 27 5.425931
1470 402 134 32 32 3.298061
1470 16 112 32 32 0.267851
1500 396 112 32 32 11.286268
1500 463 126 27 27 14.034088
1500 384 112 32 32 3.729584
1500 468 129 28 28 6.273485
1500 11 144 32 32 6.325341
1500 469 122 28 28 5.771819
1500 257 32 64 64 2.865412
1500 461 112 28 28 0.736543
1500 288 6 24 24 0.537797
1500 24 144 32 32 0.451741
1530 460 125 29 29 23.861325
1530 449 125 29 29 18.597764
1530 454 130 30 30 18.167439
1530 390 113 25 25 4.204470
1530 468 122 28 28 6.130881
1530 401 112 32 32 5.903047
1530 448 112 28 28 2.015565
1530 492 96 24 24 1.993145
1530 469 133 28 28 0.403585
1530 408 128 32 32 0.249241
1530 455 119 27 27 0.157566
1560 455 133 28 28 3.980298
1560 18 96 24 24 0.090884
1590 449 118 28 28 20.121889
1590 303 18 24 24 8.133614
1590 455 112 28 28 3.296689
1590 384 112 32 32 2.882998
1590 448 133 28 28 1.982044
1590 300 12 24 24 1.833522
1620 2 107 24 24 4.071739
1620 306 144 36 36 0.259088
1650 176 112 32 32 0.366295
1680 435 125 35 35 10.269980
1680 447 125 29 29 17.041838
1680 455 122 27 27 5.342619
1680 448 98 28 28 2.205437
1680 432 144 36 36 1.275698
1680 392 112 32 32 0.953821
1680 469 245 28 28 0.673105
1680 16 152 32 32 0.199459
1680 6 192 24 24 0.196615
1680 108 18 24 24 0.085596
1710 384 108 24 24 4.404394
1710 396 113 23 23 8.732988
1710 485 84 24 24 5.036937
1710 16 140 32 32 3.704673
1710 12 130 34 34 2.968688
1710 402 108 24 24 0.202835
1740 463 129 32 32 5.529213
1740 126 119 28 28 2.180938
1740 448 118 28 28 3.235835
1740 108 18 24 24 0.371483
1770 16 12 24 24 18.437516
1770 461 118 28 28 31.910532
1770 448 117 28 28 13.610499
1770 451 112 28 28 10.897530
1770 469 111 28 28 5.359882
1770 347 112 27 27 7.289885
1770 465 126 27 27 7.828906
1770 456 125 27 27 9.618400
1770 97 16 23 23 5.007996
1770 343 124 28 28 3.154277
1770 336 114 28 28 2.134003
1770 12 3 25 25 2.026307
1770 407 112 32 32 1.247031
1770 480 112 24 24 1.234890
1770 492 102 24 24 0.582767
1770 480 104 24 24 0.646326
1770 21 0 28 28 0.201756
1800 466 132 27 27 9.968706
1800 354 114 28 28 12.577816
1800 384 113 24 24 4.735221
1800 18 133 28 28 6.590727
1800 408 112 32 32 2.206933
1800 464 126 28 28 2.848720
1800 349 119 28 28 1.726441
1800 357 126 28 28 1.173806
1830 460 130 27 27 13.751571
1830 441 126 36 36 1.387603
1830 448 144 36 36 1.075615
1830 288 15 64 64 0.724286
1830 455 126 28 28 0.458391
