30 12 3 24 24 3.887828
60 402 104 24 24 5.359788
90 461 112 27 27 6.288813
120 210 36 48 48 7.898622
150 405 112 32 32 4.425272
180 167 122 27 27 8.120888
210 0 115 29 29 9.560341
240 18 117 29 29 7.776817
270 1 123 28 28 6.255529
300 392 35 48 48 7.663222
330 19 115 29 29 7.043850
360 131 128 32 32 4.076164
390 446 126 29 29 6.851608
420 459 126 27 27 9.126371
450 337 1 28 28 9.431896
480 399 96 24 24 6.286381
510 384 112 24 24 7.397837
540 459 112 28 28 7.067851
570 2 170 37 37 8.669925
600 466 117 27 27 8.442982
630 340 97 27 27 9.431929
660 393 136 32 32 8.701674
690 419 33 48 48 8.644836
720 20 112 31 31 9.443102
750 404 128 32 32 7.378887
780 353 133 28 28 7.090961
810 6 233 28 28 7.795096
840 101 113 23 23 9.358768
870 12 28 47 47 4.763223
900 19 112 28 28 9.620743
930 448 130 29 29 8.543760
960 20 125 28 28 9.553331
990 349 120 28 28 6.120241
1020 344 118 28 28 9.254718
1050 399 112 23 23 9.926884
1080 401 105 23 23 8.773001
1110 352 124 27 27 9.340922
1140 398 17 32 32 9.777864
1170 288 36 48 48 9.471376
1200 261 2 64 64 7.861903
1230 339 111 28 28 6.681380
1260 269 3 64 64 8.837753
1290 264 31 48 48 9.177286
1320 272 7 64 64 7.571326
1350 2 124 28 28 6.437972
1380 287 24 63 63 8.631770
1410 356 116 28 28 6.804497
1440 386 25 47 47 8.753845
1470 210 36 47 47 7.937358
1500 343 127 28 28 6.451034
1530 204 16 24 24 6.593703
1560 328 10 39 39 8.327098
1590 351 121 28 28 5.999319
1620 293 110 24 24 9.600509
1650 350 98 28 28 8.201299
1680 491 108 24 24 8.742220
1710 2 100 24 24 9.667786
1740 209 114 24 24 4.017206
1770 343 7 40 40 7.926514
1800 498 110 23 23 5.545771
1830 349 111 28 28 9.169401
1860 407 139 32 32 9.709288
