30 288 0 64 64 3.913302
60 6 112 31 31 9.833236
90 288 109 24 24 7.564658
120 405 150 32 32 6.938103
150 17 100 27 27 8.758421
180 286 2 64 64 8.716406
210 144 98 24 24 9.467298
240 306 2 24 24 8.492313
270 288 36 48 48 6.122218
300 17 145 36 36 9.849995
330 48 29 64 64 9.707538
360 0 40 64 64 7.811208
390 176 131 32 32 7.615027
420 288 36 48 48 8.907532
450 457 20 28 28 9.990308
480 261 1 64 64 7.897764
510 245 117 28 28 9.829067
540 354 98 28 28 9.274534
570 114 112 27 27 8.376106
600 305 0 23 23 5.934018
630 257 112 32 32 6.792588
660 224 128 28 28 8.281990
690 463 126 28 28 9.602283
720 392 128 32 32 7.175345
750 335 126 28 28 8.484816
780 489 83 23 23 5.581331
810 11 29 40 40 8.785820
840 386 138 32 32 6.009706
870 158 126 36 36 9.987958
900 411 24 48 48 7.170894
930 225 114 28 28 8.667559
960 399 12 24 24 6.794715
990 400 9 24 24 9.826357
1020 285 5 64 64 5.655151
1050 22 130 30 30 9.421862
1080 40 48 64 64 7.325265
1110 130 143 32 32 8.694359
1140 482 103 24 24 9.551885
1170 357 115 28 28 9.238587
1200 232 130 27 27 8.641892
1230 153 128 28 28 5.701717
1260 399 142 32 32 9.925260
1290 285 26 64 64 8.684236
1320 22 112 31 31 5.600977
1350 192 140 32 32 6.664250
1380 6 187 40 40 9.315202
1410 12 96 23 23 7.541876
1440 3 98 27 27 8.379563
1470 454 132 28 28 9.946016
1500 141 146 32 32 7.963565
1530 13 128 27 27 8.969054
1560 344 98 28 28 9.790852
1590 315 126 36 36 8.956726
1620 195 35 48 48 8.742520
1650 12 194 24 24 9.844721
1680 30 12 47 47 9.414152
1710 139 14 32 32 9.124228
1740 176 5 35 35 7.977133
1770 193 15 33 33 9.215131
1800 288 0 48 48 9.106526
1830 3 97 24 24 9.935509
