30 496 100 24 24 7.532748
60 2 115 29 29 8.087341
90 496 100 24 24 8.660189
120 408 24 48 48 7.376462
150 496 100 24 24 7.494490
180 395 112 32 32 9.953437
210 496 100 24 24 7.967357
240 496 100 24 24 8.208571
270 450 124 27 27 9.738380
300 395 112 32 32 9.144310
330 395 112 32 32 8.626007
360 10 3 24 24 9.324812
390 1 127 32 32 9.367358
420 6 44 64 64 9.642621
450 385 22 32 32 8.854364
480 450 131 29 29 8.539175
510 0 38 62 62 9.035927
540 460 98 28 28 4.109104
570 384 36 48 48 9.593720
600 284 0 64 64 6.139020
630 356 116 28 28 9.441586
660 460 117 28 28 9.257685
690 357 113 28 28 7.815992
720 336 114 28 28 6.525391
750 343 112 28 28 8.628459
780 456 0 36 36 6.012935
810 351 98 28 28 5.893980
840 448 116 28 28 8.443894
870 123 126 28 28 6.004071
900 388 113 23 23 7.229465
930 143 112 23 23 3.911145
960 114 97 27 27 9.576181
990 408 28 48 48 6.841544
1020 102 98 23 23 8.021736
1050 241 0 28 28 5.700514
1080 141 134 32 32 9.045298
1110 199 109 24 24 9.968209
1140 301 11 24 24 9.997003
1170 469 114 28 28 7.563056
1200 193 192 24 24 5.486527
1230 27 161 40 40 9.247254
1260 284 27 64 64 7.563474
1290 96 105 24 24 9.902976
1320 344 116 28 28 8.941567
1350 26 45 64 64 9.264132
1380 461 121 28 28 9.849589
1410 1 17 30 30 9.493397
1440 0 12 24 24 7.293611
1470 0 28 64 64 9.115584
1500 17 11 35 35 9.022899
1530 491 17 24 24 9.800876
1560 257 0 64 64 4.602324
1590 351 4 64 64 5.938425
1620 448 17 28 28 4.305403
1650 114 132 27 27 9.904800
1680 15 204 24 24 7.081866
1710 336 130 28 28 6.457996
1740 401 104 24 24 7.125077
1770 384 205 24 24 6.292496
