30 136 139 32 32 6.340908
60 12 137 32 32 9.811379
90 1 97 24 24 8.778598
120 10 47 64 64 6.482673
150 347 124 27 27 7.283615
180 126 236 28 28 8.964758
210 401 127 32 32 9.918632
240 384 26 47 47 9.286447
270 26 48 64 64 8.566913
300 402 128 32 32 7.950397
330 13 47 64 64 4.932825
360 401 128 32 32 9.098529
390 468 115 28 28 5.836092
420 144 140 32 32 9.434605
450 17 45 64 64 9.152507
480 400 127 32 32 9.152235
510 13 141 32 32 9.918462
540 17 45 64 64 8.866532
570 11 44 64 64 6.268347
600 347 124 28 28 6.492115
630 342 131 27 27 9.612809
660 352 25 64 64 6.926254
690 391 128 32 32 9.401513
720 122 112 28 28 7.443790
750 21 231 28 28 7.162732
780 399 128 32 32 9.146479
810 399 127 32 32 9.855073
840 417 14 47 47 9.767082
870 197 210 24 24 9.788228
900 399 128 32 32 8.929633
930 123 125 28 28 6.670141
960 118 119 28 28 7.973756
990 10 192 24 24 7.773709
1020 8 137 32 32 8.693208
1050 8 137 32 32 8.215412
1080 400 128 32 32 9.501081
1110 8 136 32 32 9.841183
1140 8 137 32 32 9.184900
1170 482 114 24 24 9.549098
1200 123 125 27 27 7.571667
1230 123 125 28 28 7.657226
1260 124 126 28 28 9.530072
1290 123 126 28 28 8.801397
1320 400 128 32 32 6.354172
1350 98 114 24 24 7.290292
1380 8 137 32 32 8.355175
1410 13 141 32 32 9.944685
1440 398 128 32 32 6.731263
1470 8 136 32 32 8.135099
1500 400 128 32 32 8.536422
1530 123 128 27 27 9.483509
1560 14 45 64 64 9.713660
1590 192 135 32 32 8.317054
1620 192 132 32 32 8.437732
1650 346 140 40 40 9.634846
1680 7 127 32 32 8.561755
1710 154 118 28 28 9.848930
1740 107 110 24 24 9.677228
1770 10 112 28 28 9.368122
1800 20 144 32 32 9.395678
1830 400 113 24 24 9.684100
