30 168 115 28 28 9.005039
60 154 115 27 27 9.466197
90 0 98 24 24 8.559468
120 41 30 64 64 9.812825
150 400 109 24 24 7.855591
180 118 97 27 27 9.238993
210 15 98 28 28 9.388814
240 199 99 24 24 8.488494
270 346 98 28 28 6.711398
300 302 107 24 24 5.283921
330 35 36 47 47 4.944100
360 2 131 28 28 8.333418
390 258 1 32 32 6.499145
420 154 122 28 28 9.699219
450 14 126 28 28 4.323752
480 198 306 24 24 0.730808
510 489 192 24 24 4.384088
540 179 140 39 39 9.586168
570 168 127 28 28 9.202417
600 137 112 31 31 9.969648
630 25 14 64 64 9.772325
660 176 27 44 44 9.952301
690 343 113 27 27 9.934002
720 497 112 24 24 9.440393
750 405 145 32 32 6.182564
780 131 111 23 23 9.796565
810 4 110 24 24 9.888167
840 117 16 27 27 9.367024
870 104 106 24 24 8.068333
900 386 113 24 24 9.664616
930 144 104 23 23 9.565380
960 289 97 24 24 9.387170
990 396 36 48 48 8.137328
1020 352 18 64 64 8.577179
1050 290 96 24 24 7.485717
1080 480 84 24 24 3.127737
1110 10 111 24 24 9.540545
1140 396 113 26 26 8.947469
1170 290 114 24 24 8.085506
1200 389 98 24 24 8.185670
1230 384 1 24 24 9.361543
1260 111 97 27 27 2.791298
1290 200 102 24 24 4.407360
1320 242 30 44 44 6.377505
1350 399 113 24 24 8.990840
1380 105 109 24 24 7.743158
1410 101 106 24 24 20.310163
1440 294 198 23 23 8.808760
1470 0 17 64 64 7.879894
1500 245 127 28 28 9.861963
1530 167 131 29 29 9.402507
1560 15 103 24 24 9.938533
1590 12 7 24 24 8.967301
1620 0 20 35 35 9.279433
1650 32 21 64 64 8.456714
1680 357 133 28 28 3.513735
1710 193 23 44 44 9.007501
1740 241 28 42 42 7.605650
1770 11 0 64 64 6.848125
1800 240 25 41 41 7.457090
1830 264 12 47 47 5.370986
