30 193 1 24 24 9.706747
60 454 126 36 36 7.195956
90 126 130 28 28 6.837372
120 130 112 32 32 3.875169
150 393 17 24 24 8.768051
180 154 116 28 28 4.965063
210 231 133 28 28 2.202076
240 448 122 28 28 8.238902
270 448 133 28 28 5.154254
300 454 129 28 28 6.451676
330 294 110 24 24 7.639088
360 264 33 48 48 5.913770
390 455 126 28 28 5.216411
420 241 98 28 28 8.311132
450 241 98 28 28 7.646250
480 18 128 34 34 9.176345
510 457 126 27 27 4.045477
540 288 84 24 24 9.735497
570 290 96 24 24 4.854904
600 11 193 24 24 8.790568
630 236 112 28 28 8.091029
660 384 107 24 24 9.832553
690 305 111 24 24 7.922394
720 300 111 24 24 9.166157
750 264 36 48 48 5.821162
780 384 103 24 24 9.111300
810 297 95 23 23 8.545376
840 401 98 24 24 8.038349
870 437 143 36 36 7.069889
900 455 123 28 28 3.803784
930 13 198 24 24 6.152883
960 397 112 29 29 6.996013
990 288 105 24 24 7.771368
1020 13 192 24 24 9.362458
1050 383 31 47 47 8.217179
1080 352 0 64 64 4.968541
1110 384 26 46 46 8.111571
1140 304 107 24 24 4.450723
1170 482 114 23 23 6.331462
1200 305 113 23 23 3.399216
1230 347 98 28 28 7.423836
1260 208 4 24 24 9.281976
1290 435 161 36 36 7.073117
1320 208 1 24 24 7.381927
1350 175 19 32 32 7.223760
1380 176 16 32 32 2.756276
1410 271 17 64 64 8.359864
1440 280 112 32 32 1.875535
1470 244 114 28 28 6.735978
1500 241 112 27 27 6.771578
1530 468 130 28 28 7.570363
1560 288 41 64 64 4.685682
1590 455 116 28 28 7.077724
1620 22 130 32 32 9.154498
1650 374 15 44 44 5.193155
1680 237 116 28 28 7.904076
1710 288 7 64 64 9.902191
1740 464 119 28 28 9.786163
1770 4 24 47 47 9.238266
1800 6 33 46 46 6.225274
1830 35 26 48 48 8.076466
