30 1 159 40 40 6.957492
60 0 185 40 40 7.484807
90 2 159 36 36 8.602023
120 29 187 41 41 6.804143
150 28 191 45 45 9.814323
180 35 168 47 47 9.909485
210 9 208 46 46 6.442965
240 9 174 40 40 8.577312
270 14 169 47 47 7.715262
300 27 187 40 40 6.106931
330 396 128 32 32 6.445348
360 357 98 28 28 3.959539
390 18 224 28 28 6.048509
420 458 162 36 36 5.211269
450 353 119 28 28 6.254819
480 338 13 40 40 8.727995
510 17 237 27 27 5.193300
540 350 15 40 40 4.798456
570 348 6 40 40 9.666101
600 480 102 24 24 7.757502
630 102 198 24 24 9.646789
660 402 10 24 24 7.136018
690 385 11 31 31 6.711370
720 484 96 24 24 9.539760
750 401 84 24 24 4.788497
780 7 124 28 28 9.085007
810 420 31 48 48 7.843114
840 2 112 32 32 7.276962
870 391 35 47 47 9.463796
900 418 35 48 48 8.831242
930 412 24 48 48 8.807508
960 391 35 48 48 9.541378
990 412 24 48 48 6.543064
1020 3 112 32 32 8.035153
1050 391 35 47 47 9.854981
1080 386 33 46 46 7.190279
1110 3 112 32 32 7.511107
1140 3 112 32 32 6.954248
1170 412 24 48 48 9.913226
1200 390 35 47 47 9.608904
1230 3 112 32 32 7.667650
1260 3 112 32 32 7.975810
1290 391 36 48 48 7.595228
1320 408 28 48 48 8.620916
1350 3 112 32 32 6.726504
1380 390 35 48 48 8.180196
1410 3 112 32 32 9.369218
1440 3 112 32 32 8.230354
1470 482 103 24 24 9.941427
1500 387 24 32 32 3.893783
1530 468 128 28 28 4.282631
1560 402 84 24 24 3.536763
1590 434 125 35 35 4.045982
1620 402 104 24 24 5.476268
1650 398 4 24 24 4.683335
1680 218 141 38 38 8.921495
1710 300 150 36 36 8.980514
1740 197 4 24 24 9.821184
1770 257 144 32 32 9.173015
1800 0 236 28 28 9.567441
1830 384 204 24 24 2.326530
