30 0 139 32 32 5.840137
60 393 10 24 24 9.933777
90 259 128 32 32 9.654056
120 236 112 28 28 7.669672
150 231 118 28 28 6.840600
180 353 125 28 28 4.355693
210 347 117 28 28 8.753076
240 230 112 28 28 9.455900
270 21 112 32 32 9.393511
300 0 123 28 28 5.066378
330 18 128 28 28 9.101169
360 112 119 28 28 6.536439
390 236 121 27 27 6.494505
420 448 112 28 28 1.770994
450 19 133 28 28 2.778128
480 6 145 32 32 28.025075
510 291 192 24 24 9.347675
540 455 144 36 36 9.149642
570 192 194 23 23 6.995879
600 232 133 28 28 4.574419
630 385 129 32 32 8.367256
660 404 128 32 32 6.917124
690 245 115 28 28 4.475259
720 355 130 28 28 4.968833
750 297 114 24 24 5.593113
780 386 112 32 32 4.064677
810 103 111 24 24 8.466518
840 168 112 28 28 0.836709
870 459 130 28 28 8.334006
900 128 133 30 30 9.540308
930 406 133 32 32 8.689473
960 448 125 35 35 2.945401
990 314 143 37 37 8.123456
1020 0 147 35 35 7.587345
1050 3 130 34 34 9.274780
1080 13 128 32 32 9.615096
1110 405 112 32 32 9.022143
1140 466 98 28 28 7.720841
1170 194 96 23 23 9.367439
1200 234 97 27 27 6.990832
1230 269 0 64 64 3.176270
1260 466 120 28 28 5.659948
1290 167 121 27 27 7.903109
1320 432 169 36 36 3.076274
1350 456 144 36 36 9.590732
1380 31 24 47 47 10.746749
1410 459 24 36 36 2.078792
1440 240 2 41 41 7.115578
1470 342 27 39 39 9.674926
1500 144 95 24 24 2.577583
1530 120 125 27 27 7.870653
1560 96 105 24 24 8.038390
1590 113 97 27 27 8.465695
1620 352 29 64 64 8.711090
1650 21 126 28 28 9.292619
1680 96 106 24 24 9.483931
1710 227 111 27 27 6.766681
1740 288 102 24 24 8.900312
1770 131 102 23 23 9.533026
1800 1 99 24 24 9.735748
1830 336 118 28 28 9.657891
