30 19 134 32 32 7.448541
60 237 133 27 27 9.739157
90 465 18 30 30 7.302280
120 282 19 64 64 7.945519
150 1 131 29 29 9.825330
180 435 1 36 36 8.181810
210 386 129 32 32 9.652939
240 351 133 28 28 5.874957
270 342 131 28 28 6.831795
300 337 123 28 28 9.698262
330 357 115 28 28 5.435526
360 354 98 28 28 7.092793
390 27 171 45 45 26.000986
420 496 10 24 24 7.230384
450 389 36 48 48 9.905354
480 24 127 35 35 9.784512
510 230 124 28 28 9.394927
540 119 112 28 28 6.425311
570 129 113 25 25 6.938824
600 225 121 28 28 9.955957
630 27 36 64 64 8.403491
660 396 36 48 48 9.389410
690 228 124 28 28 8.605516
720 349 119 27 27 7.774792
750 336 115 28 28 7.598792
780 352 7 64 64 9.131005
810 448 117 28 28 9.974205
840 458 119 28 28 9.276783
870 459 113 28 28 9.812014
900 14 210 23 23 7.189979
930 7 223 27 27 6.933415
960 161 147 36 36 5.922239
990 465 132 28 28 9.194655
1020 357 154 44 44 8.668546
1050 356 154 44 44 8.184073
1080 356 153 43 43 7.746272
1110 356 154 44 44 7.740961
1140 356 153 43 43 7.526035
1170 356 153 43 43 7.565815
1200 356 154 44 44 7.230954
1230 356 153 43 43 7.907199
1260 356 154 44 44 8.090071
1290 356 154 44 44 8.108274
1320 161 153 36 36 7.118039
1350 13 230 27 27 7.259041
1380 435 126 36 36 9.674477
1410 333 161 40 40 9.827257
1440 195 126 34 34 9.882223
1470 195 126 34 34 8.349873
1500 7 146 34 34 9.617047
1530 10 2 38 38 8.833914
1560 455 144 36 36 9.239474
1590 305 152 35 35 8.661108
1620 1 148 32 32 9.245146
1650 400 11 32 32 8.249174
1680 304 153 36 36 8.829856
