30 288 126 36 36 2.162527
30 128 112 32 32 3.855628
30 136 112 32 32 0.024926
30 112 119 28 28 1.828400
30 112 126 28 28 1.921374
30 119 119 28 28 4.287196
30 119 126 28 28 3.777273
30 126 119 28 28 4.739703
30 126 126 28 28 1.541114
30 492 12 24 24 0.005253
30 492 18 24 24 3.049993
30 498 12 24 24 0.191906
30 498 18 24 24 2.874906
60 128 112 32 32 0.443323
60 112 119 28 28 2.228111
60 112 126 28 28 4.559617
60 119 119 28 28 4.135635
60 119 126 28 28 3.700938
60 126 119 28 28 2.209855
60 126 126 28 28 0.199746
90 432 144 36 36 0.244849
90 432 153 36 36 0.713845
90 432 162 36 36 0.416795
90 441 144 36 36 0.184080
90 441 153 36 36 0.918593
90 112 126 28 28 0.534868
120 32 32 64 64 1.587985
120 336 133 28 28 1.113216
150 0 16 64 64 3.560229
150 0 32 64 64 3.773556
150 0 48 64 64 2.033085
150 16 16 64 64 3.975749
150 16 32 64 64 2.422000
150 32 16 64 64 0.416778
150 224 0 28 28 0.427904
150 231 0 28 28 0.639128
150 238 0 28 28 0.820082
150 245 0 28 28 0.836956
150 336 133 28 28 0.053982
150 96 6 24 24 2.254919
150 102 6 24 24 2.092972
150 108 6 24 24 1.919799
150 132 6 24 24 2.455338
150 144 6 24 24 2.538887
150 192 6 24 24 2.603572
150 198 6 24 24 2.774718
150 204 6 24 24 2.657081
150 210 6 24 24 2.606417
150 288 6 24 24 1.073643
150 498 210 24 24 0.298886
180 0 16 64 64 1.469472
180 400 24 32 32 0.574386
180 408 16 32 32 2.519566
180 408 24 32 32 3.370377
210 432 153 36 36 0.119335
210 432 162 36 36 2.512258
210 441 144 36 36 2.435004
210 441 153 36 36 4.383694
210 441 162 36 36 4.651049
210 441 171 36 36 1.698842
210 450 162 36 36 0.864469
210 176 112 32 32 0.343125
210 408 128 32 32 1.470799
210 408 136 32 32 3.662076
210 408 144 32 32 0.559771
210 336 126 28 28 0.692747
210 357 133 28 28 0.842664
240 352 16 64 64 1.368444
240 352 32 64 64 3.071738
240 352 48 64 64 2.313196
240 384 128 32 32 0.217699
240 392 128 32 32 3.258484
240 400 128 32 32 3.130077
270 384 136 32 32 2.170559
270 392 128 32 32 1.351896
270 392 136 32 32 1.791615
270 400 128 32 32 1.524706
270 400 136 32 32 0.778143
270 400 144 32 32 0.809810
270 126 119 28 28 0.225655
270 126 126 28 28 1.199664
270 336 126 28 28 1.224409
270 343 133 28 28 1.321672
270 350 133 28 28 1.145379
270 357 133 28 28 0.081015
300 357 126 28 28 0.917785
300 486 204 24 24 0.948041
360 0 133 28 28 0.984628
360 7 133 28 28 0.752396
360 168 119 28 28 1.097003
390 126 133 28 28 2.175707
390 168 119 28 28 3.377457
390 168 126 28 28 4.005954
420 0 133 28 28 1.129311
420 112 133 28 28 1.052657
420 168 119 28 28 2.287158
420 168 126 28 28 3.186980
420 492 204 24 24 0.618306
450 154 126 28 28 2.036185
450 168 119 28 28 1.064699
450 168 126 28 28 3.209689
510 320 170 40 40 0.783559
510 330 170 40 40 0.236621
510 126 133 28 28 1.450569
510 154 126 28 28 1.812086
540 450 144 36 36 0.392388
540 126 133 28 28 1.591328
540 357 133 28 28 0.670820
570 408 128 32 32 0.344038
570 112 133 28 28 3.210807
570 336 126 28 28 0.661559
570 343 126 28 28 0.661606
600 352 48 64 64 0.459417
600 343 126 28 28 3.357095
600 350 126 28 28 2.716315
600 350 133 28 28 0.681750
600 498 192 24 24 0.083052
630 352 0 64 64 2.302924
630 352 16 64 64 2.522328
630 352 32 64 64 1.458215
630 384 128 32 32 0.229385
630 0 133 28 28 0.270410
630 7 133 28 28 0.733361
630 14 133 28 28 1.751861
660 352 16 64 64 0.768776
660 352 32 64 64 3.782629
660 18 126 36 36 3.115360
660 27 126 36 36 3.291401
690 352 32 64 64 0.882056
720 0 128 32 32 2.623957
750 126 133 28 28 0.406050
750 0 114 24 24 3.531233
750 6 114 24 24 0.933433
780 352 32 64 64 1.122421
780 352 48 64 64 3.174720
780 272 136 32 32 0.722388
780 280 112 32 32 1.074588
780 280 128 32 32 0.497096
780 280 136 32 32 1.059942
780 18 210 24 24 0.578494
780 96 204 24 24 0.142978
780 96 210 24 24 0.116493
810 352 32 64 64 0.258776
810 352 48 64 64 0.035498
810 30 140 40 40 0.342865
810 144 144 36 36 1.225653
810 144 153 36 36 2.788970
810 144 152 32 32 0.009328
810 96 192 24 24 2.232554
810 102 192 24 24 1.972727
810 102 198 24 24 1.307846
810 108 192 24 24 1.847021
810 108 198 24 24 2.420085
840 352 48 64 64 0.833949
840 153 126 36 36 0.930834
840 0 128 32 32 1.296392
840 7 126 28 28 0.949354
840 357 126 28 28 1.248495
840 357 133 28 28 0.148507
870 288 16 64 64 0.817515
870 288 32 64 64 1.661481
870 162 126 36 36 1.092679
900 336 126 28 28 0.550158
900 336 133 28 28 1.459732
900 343 126 28 28 0.056722
900 343 133 28 28 2.660438
900 350 133 28 28 1.042438
930 288 32 64 64 1.773918
930 288 48 64 64 1.381503
930 357 133 28 28 2.622772
930 492 192 24 24 0.088445
930 498 192 24 24 1.184420
960 352 16 64 64 2.340960
960 352 32 64 64 3.303909
960 352 48 64 64 1.426607
960 408 136 32 32 1.770360
960 343 133 28 28 0.373682
960 350 126 28 28 3.870017
960 350 133 28 28 4.455225
960 357 119 28 28 1.018968
960 357 126 28 28 4.280494
960 357 133 28 28 4.519007
990 384 128 32 32 1.396729
990 392 128 32 32 3.287062
990 392 136 32 32 1.768600
990 400 128 32 32 2.998052
990 400 136 32 32 0.910220
990 408 128 32 32 1.956255
990 288 114 24 24 0.150238
1020 450 126 36 36 1.239431
1020 459 126 36 36 1.060891
1020 350 133 28 28 2.410526
1020 357 126 28 28 0.338618
1020 357 133 28 28 1.981092
1020 288 108 24 24 0.424228
1020 294 108 24 24 0.690360
1080 294 6 24 24 0.137512
1140 10 140 40 40 0.151442
1140 27 144 36 36 0.047529
1140 336 126 28 28 0.043229
1140 343 126 28 28 1.710776
1140 350 119 28 28 1.398634
1140 350 126 28 28 2.933174
1140 350 133 28 28 0.524180
1140 357 119 28 28 1.112774
1140 357 126 28 28 2.924662
1140 357 133 28 28 0.798546
1140 0 210 24 24 3.151539
1140 6 210 24 24 0.302632
1140 384 192 24 24 0.388630
1170 352 16 64 64 2.455761
1170 352 32 64 64 2.377947
1170 0 140 40 40 3.400677
1170 10 140 40 40 2.540217
1170 20 140 40 40 0.493141
1170 30 140 40 40 0.917599
1170 0 144 36 36 0.347964
1170 9 144 36 36 2.642771
1170 18 144 36 36 2.698255
1170 27 144 36 36 4.451360
1170 27 153 36 36 0.099248
1170 450 126 36 36 0.998560
1170 459 126 36 36 1.131250
1170 384 128 32 32 0.262612
1170 0 108 24 24 0.660621
1170 6 114 24 24 1.242524
1170 12 108 24 24 0.251849
1170 12 114 24 24 1.215107
1170 12 204 24 24 0.104542
1170 18 108 24 24 2.370190
1170 18 114 24 24 0.030219
1200 16 48 64 64 0.139331
1200 10 140 40 40 0.262977
1200 0 126 36 36 3.457160
1200 9 126 36 36 2.392782
1200 9 144 36 36 3.994129
1200 18 144 36 36 3.743832
1200 18 153 36 36 0.718316
1200 27 144 36 36 1.716401
1200 27 153 36 36 0.870257
1200 0 128 32 32 4.815318
1200 0 136 32 32 9.027465
1200 0 144 32 32 4.014167
1200 8 128 32 32 3.088304
1200 8 136 32 32 4.576111
1200 8 144 32 32 3.134320
1200 16 144 32 32 0.385051
1200 16 152 32 32 1.383937
1200 24 152 32 32 2.770443
1200 14 133 28 28 0.750607
1200 119 126 28 28 4.972976
1200 119 133 28 28 3.786539
1200 126 126 28 28 3.976600
1200 126 133 28 28 1.340466
1230 32 48 64 64 2.607915
1230 352 32 64 64 1.475299
1230 384 128 32 32 2.643915
1230 119 126 28 28 0.632283
1230 126 119 28 28 4.304564
1230 126 126 28 28 3.591160
1230 126 133 28 28 0.318610
1260 32 48 64 64 2.997658
1260 48 48 64 64 3.394979
1260 352 32 64 64 0.271768
1260 128 112 32 32 0.078678
1260 128 136 32 32 1.634493
1260 126 112 28 28 3.781410
1260 126 119 28 28 5.842053
1260 126 126 28 28 2.659844
1260 132 114 24 24 0.305746
1290 16 48 64 64 1.775634
1290 32 48 64 64 4.403876
1290 48 48 64 64 2.120097
1290 384 128 32 32 0.456979
1290 112 112 28 28 0.196996
1290 119 112 28 28 2.257010
1290 119 119 28 28 0.938004
1290 126 112 28 28 2.358092
1290 357 133 28 28 0.517445
1290 132 114 24 24 3.950900
1290 492 192 24 24 0.884780
1320 16 32 64 64 1.570316
1320 32 48 64 64 0.662405
1320 48 48 64 64 1.760411
1320 352 48 64 64 2.589159
1320 384 128 32 32 0.149252
1320 384 136 32 32 1.085398
1320 384 144 32 32 0.395795
1320 392 136 32 32 0.704171
1320 392 144 32 32 0.326036
1320 400 136 32 32 0.833425
1320 408 144 32 32 1.133457
1320 408 152 32 32 0.337835
1320 343 126 28 28 0.198936
1320 350 119 28 28 0.262080
1320 350 126 28 28 1.699926
1320 357 126 28 28 1.286746
1320 108 108 24 24 1.043984
1320 108 114 24 24 0.036350
1350 32 48 64 64 2.313744
1350 48 48 64 64 1.296436
1350 450 126 36 36 0.421458
1350 102 108 24 24 2.688261
1350 108 102 24 24 2.349768
1350 108 108 24 24 8.447520
1350 108 114 24 24 2.426329
1380 32 48 64 64 0.913914
1380 48 48 64 64 0.230217
1380 384 128 32 32 0.557871
1380 392 128 32 32 0.798920
1380 408 136 32 32 0.338893
1380 96 102 24 24 1.226363
1380 102 102 24 24 2.273365
1380 102 108 24 24 2.400351
1410 432 126 36 36 3.655839
1410 441 126 36 36 3.198687
1410 450 126 36 36 1.013183
1410 350 119 28 28 0.135750
1410 357 119 28 28 0.232454
1410 357 126 28 28 1.101667
1440 0 48 64 64 0.170120
1440 352 16 64 64 0.073952
1440 352 32 64 64 1.606132
1440 128 128 32 32 4.409019
1440 128 136 32 32 4.733726
1440 128 144 32 32 0.274185
1440 136 128 32 32 4.487675
1440 136 136 32 32 5.554801
1440 144 136 32 32 0.123725
1440 176 128 32 32 1.265784
1440 384 128 32 32 0.182238
1440 392 128 32 32 1.972359
1440 400 128 32 32 0.868464
1470 0 48 64 64 1.811336
1470 16 48 64 64 0.598814
1470 352 16 64 64 0.407357
1470 352 32 64 64 0.814861
1470 432 126 36 36 0.808371
1470 441 126 36 36 0.180509
1470 384 128 32 32 2.131391
1470 392 128 32 32 0.478074
1470 350 14 28 28 0.002655
1500 352 32 64 64 3.200029
1500 27 153 36 36 0.138647
1500 168 133 28 28 1.267952
1500 350 7 28 28 3.085059
1500 357 7 28 28 2.000300
1500 357 14 28 28 1.119520
1500 18 198 24 24 0.410884
1530 168 133 28 28 0.116839
1530 357 0 28 28 0.358914
1530 357 7 28 28 1.303465
1530 390 18 24 24 2.276546
1560 12 216 48 48 0.234725
1560 12 216 48 48 0.234725
1560 11 187 44 44 0.075366
1560 11 198 44 44 0.321792
1560 384 128 32 32 1.249115
1560 402 12 24 24 0.569460
1590 0 192 48 48 3.852780
1590 0 192 48 48 3.852780
1590 0 176 44 44 1.911458
1590 0 187 44 44 5.140419
1590 0 198 44 44 5.093978
1590 0 209 44 44 1.058192
1590 11 187 44 44 1.432149
1590 11 198 44 44 3.511302
1590 0 190 40 40 3.494504
1590 10 180 40 40 0.857868
1590 10 190 40 40 3.890473
1590 20 190 40 40 0.630292
1590 384 6 24 24 3.409212
1590 384 12 24 24 1.546274
1590 390 6 24 24 3.120986
1590 390 12 24 24 2.051295
1620 24 144 32 32 2.169299
1620 176 128 32 32 1.016160
1620 96 198 24 24 0.981694
1620 96 204 24 24 2.631550
1620 96 210 24 24 3.032541
1620 102 204 24 24 1.816789
1620 102 210 24 24 1.015208
1620 390 0 24 24 1.660612
1620 396 0 24 24 1.707420
1620 396 6 24 24 0.539307
1620 402 0 24 24 2.081518
1620 402 6 24 24 1.677148
1650 0 238 28 28 0.273270
1650 448 126 28 28 1.408172
1650 132 210 24 24 1.336669
1650 300 210 24 24 0.298968
1650 306 210 24 24 1.097675
1650 396 0 24 24 0.664358
1650 402 0 24 24 0.902299
1680 0 231 28 28 0.220920
1680 7 231 28 28 0.417272
1680 132 192 24 24 0.987047
1680 132 198 24 24 0.618714
1680 132 204 24 24 0.811139
1680 144 192 24 24 1.668485
1710 192 144 32 32 2.553285
1710 192 152 32 32 0.201156
1710 0 231 28 28 0.752058
1710 462 126 28 28 0.359155
1710 132 192 24 24 0.077528
1710 144 192 24 24 0.985525
1710 144 198 24 24 0.858276
1710 144 204 24 24 1.266007
1710 144 210 24 24 1.011655
1740 102 192 24 24 0.055059
1740 102 198 24 24 1.878857
1740 102 204 24 24 2.736633
1740 102 210 24 24 1.162466
1740 108 198 24 24 2.759474
1740 108 204 24 24 2.815727
1740 108 210 24 24 1.166835
1740 132 198 24 24 2.928921
1740 132 204 24 24 1.174292
1740 132 210 24 24 1.980744
1770 96 204 24 24 0.764411
1800 30 190 40 40 0.111926
1800 154 126 28 28 1.472132
1830 22 176 44 44 0.233121
1830 30 180 40 40 0.084395
1830 30 190 40 40 2.183983
1830 144 162 36 36 0.008885
1830 154 126 28 28 0.841995
1830 154 133 28 28 1.348897
