30 48 16 64 64 3.893120
30 48 32 64 64 5.351691
30 48 48 64 64 3.679904
30 420 24 48 48 2.454050
30 420 36 48 48 4.742742
30 420 24 48 48 2.454050
30 420 36 48 48 4.742742
30 0 126 36 36 0.731885
30 9 126 36 36 2.664449
30 18 126 36 36 2.599174
30 27 126 36 36 4.052120
30 16 136 32 32 1.515748
30 16 144 32 32 1.376550
30 24 136 32 32 1.694090
30 24 144 32 32 2.386616
30 128 128 32 32 0.460048
30 128 136 32 32 3.402658
30 128 144 32 32 3.513101
30 136 128 32 32 2.543872
30 136 136 32 32 5.534853
30 136 144 32 32 3.799931
30 144 136 32 32 5.023979
30 144 144 32 32 3.324601
30 256 264 32 32 0.131153
30 280 128 32 32 0.152073
30 238 119 28 28 1.768595
30 108 108 24 24 1.053174
30 210 306 24 24 0.014730
30 294 294 24 24 0.235694
30 300 294 24 24 0.206821
30 306 294 24 24 0.405716
30 396 306 24 24 0.190388
30 402 306 24 24 0.020666
30 480 84 24 24 0.989924
30 486 84 24 24 1.302666
60 48 16 64 64 3.973430
60 48 32 64 64 5.398382
60 48 48 64 64 3.512555
60 420 24 48 48 2.306686
60 420 36 48 48 4.745254
60 420 24 48 48 2.306686
60 420 36 48 48 4.745254
60 0 126 36 36 1.018045
60 9 126 36 36 2.656918
60 18 126 36 36 2.595598
60 27 126 36 36 3.916540
60 16 136 32 32 1.036114
60 16 144 32 32 1.427435
60 24 136 32 32 1.748390
60 24 144 32 32 2.416149
60 128 128 32 32 0.507543
60 128 136 32 32 3.581792
60 128 144 32 32 3.402190
60 136 128 32 32 2.596567
60 136 136 32 32 5.397307
60 136 144 32 32 4.036518
60 144 136 32 32 5.057547
60 144 144 32 32 3.819319
60 238 119 28 28 0.508676
60 108 108 24 24 1.022355
60 300 294 24 24 0.006004
60 306 294 24 24 0.804434
60 396 306 24 24 0.214843
60 480 84 24 24 1.498935
60 486 84 24 24 1.387738
90 48 16 64 64 4.275058
90 48 32 64 64 5.525549
90 48 48 64 64 3.700244
90 408 36 48 48 0.336090
90 420 24 48 48 5.678047
90 420 36 48 48 7.374166
90 408 36 48 48 0.336090
90 420 24 48 48 5.678047
90 420 36 48 48 7.374166
90 0 126 36 36 1.155087
90 9 126 36 36 2.502032
90 18 126 36 36 2.344028
90 27 126 36 36 3.612401
90 16 136 32 32 1.017568
90 16 144 32 32 1.223334
90 24 136 32 32 1.374969
90 24 144 32 32 2.166760
90 128 128 32 32 0.463434
90 128 136 32 32 4.182419
90 128 144 32 32 3.341983
90 136 128 32 32 2.498254
90 136 136 32 32 5.663726
90 136 144 32 32 3.765919
90 144 136 32 32 5.610466
90 144 144 32 32 3.908782
90 238 119 28 28 2.060591
90 462 98 28 28 2.618872
90 469 98 28 28 2.647971
90 469 119 28 28 0.441497
90 469 126 28 28 2.242961
90 108 108 24 24 0.794209
90 294 294 24 24 0.019804
90 306 294 24 24 0.492052
90 396 306 24 24 0.493107
90 402 306 24 24 0.226129
90 480 84 24 24 1.040985
90 486 84 24 24 1.335535
120 48 16 64 64 4.250446
120 48 32 64 64 5.900762
120 48 48 64 64 3.712836
120 420 24 48 48 3.534321
120 420 36 48 48 5.954791
120 420 24 48 48 3.534321
120 420 36 48 48 5.954791
120 0 126 36 36 1.087189
120 9 126 36 36 2.763883
120 18 126 36 36 2.978094
120 27 126 36 36 4.186056
120 450 126 36 36 4.367888
120 459 126 36 36 1.443207
120 16 136 32 32 1.079771
120 16 144 32 32 1.479855
120 24 136 32 32 1.645906
120 24 144 32 32 2.460808
120 128 128 32 32 2.594170
120 128 136 32 32 3.887898
120 128 144 32 32 3.152749
120 136 128 32 32 3.557521
120 136 136 32 32 5.271638
120 136 144 32 32 3.228987
120 144 136 32 32 5.497663
120 144 144 32 32 3.268801
120 256 272 32 32 0.035152
120 238 119 28 28 2.316535
120 462 98 28 28 1.197210
120 469 98 28 28 0.987536
120 102 108 24 24 0.129121
120 108 108 24 24 2.161924
120 204 306 24 24 0.022170
120 294 294 24 24 0.202404
120 300 294 24 24 0.292410
120 306 294 24 24 0.947598
120 396 306 24 24 0.480044
120 402 306 24 24 0.205448
120 480 84 24 24 0.700674
120 486 84 24 24 1.031918
150 48 16 64 64 4.463008
150 48 32 64 64 5.969290
150 48 48 64 64 3.535379
150 420 24 48 48 2.362787
150 420 36 48 48 4.624818
150 420 24 48 48 2.362787
150 420 36 48 48 4.624818
150 0 126 36 36 0.842545
150 9 126 36 36 2.381974
150 18 126 36 36 2.400059
150 27 126 36 36 3.727851
150 16 136 32 32 0.698343
150 16 144 32 32 1.425375
150 24 136 32 32 1.360428
150 24 144 32 32 2.232456
150 24 152 32 32 0.407783
150 128 128 32 32 1.463282
150 128 136 32 32 5.422341
150 128 144 32 32 3.681451
150 136 128 32 32 2.176070
150 136 136 32 32 6.192348
150 136 144 32 32 3.954886
150 144 136 32 32 4.939888
150 144 144 32 32 3.609581
150 256 264 32 32 0.058617
150 264 272 32 32 0.032821
150 238 119 28 28 1.777131
150 108 108 24 24 1.479531
150 300 294 24 24 0.241492
150 306 294 24 24 0.977734
150 396 306 24 24 0.287029
150 402 306 24 24 0.058879
150 480 84 24 24 1.181831
150 486 84 24 24 1.085807
180 48 16 64 64 2.520593
180 48 32 64 64 4.531691
180 48 48 64 64 2.219120
180 420 24 48 48 1.411685
180 420 36 48 48 5.024692
180 420 24 48 48 1.411685
180 420 36 48 48 5.024692
180 9 126 36 36 1.373109
180 18 126 36 36 2.704156
180 27 126 36 36 4.196280
180 288 126 36 36 2.617220
180 16 136 32 32 0.770026
180 16 144 32 32 1.663036
180 24 136 32 32 1.290738
180 24 144 32 32 2.213013
180 24 152 32 32 0.370599
180 128 128 32 32 0.311961
180 128 136 32 32 4.733908
180 128 144 32 32 3.121111
180 136 128 32 32 1.009221
180 136 136 32 32 4.766028
180 136 144 32 32 3.831514
180 144 136 32 32 3.431122
180 144 144 32 32 3.785716
180 256 272 32 32 0.184893
180 264 272 32 32 0.383697
180 272 272 32 32 0.150334
180 238 119 28 28 1.978792
180 238 126 28 28 0.760277
180 357 126 28 28 1.089988
180 357 133 28 28 2.883604
180 469 98 28 28 0.109955
180 108 108 24 24 1.270453
180 288 294 24 24 0.530204
180 294 294 24 24 0.793540
180 300 294 24 24 0.666016
180 306 294 24 24 0.449382
180 390 306 24 24 0.476456
180 396 306 24 24 0.848510
180 402 306 24 24 0.302771
180 480 84 24 24 0.593245
180 486 84 24 24 0.866675
210 48 16 64 64 1.773474
210 48 32 64 64 4.591489
210 48 48 64 64 2.500731
210 420 24 48 48 0.514149
210 420 36 48 48 5.003144
210 420 24 48 48 0.514149
210 420 36 48 48 5.003144
210 9 126 36 36 0.751389
210 18 126 36 36 1.612957
210 27 126 36 36 3.789887
210 16 144 32 32 1.696599
210 24 136 32 32 0.488684
210 24 144 32 32 2.165058
210 24 152 32 32 0.495753
210 128 136 32 32 4.307817
210 128 144 32 32 4.009296
210 136 136 32 32 4.105043
210 136 144 32 32 4.283860
210 144 136 32 32 3.008798
210 144 144 32 32 4.361474
210 256 272 32 32 0.795110
210 264 272 32 32 0.524450
210 272 272 32 32 0.127976
210 238 119 28 28 2.364802
210 238 126 28 28 1.576765
210 343 126 28 28 1.373232
210 343 133 28 28 0.006479
210 350 126 28 28 3.511965
210 350 133 28 28 1.708347
210 357 126 28 28 0.166682
210 469 98 28 28 0.732857
210 108 108 24 24 0.256611
210 288 294 24 24 0.660444
210 294 294 24 24 0.445721
210 300 294 24 24 0.061553
210 306 294 24 24 0.296293
210 384 306 24 24 0.502791
210 390 306 24 24 0.948012
210 396 306 24 24 1.568616
210 402 306 24 24 1.290781
210 486 84 24 24 0.788319
240 48 16 64 64 3.148032
240 48 32 64 64 4.642852
240 48 48 64 64 2.372552
240 420 24 48 48 1.603594
240 420 36 48 48 4.972671
240 420 24 48 48 1.603594
240 420 36 48 48 4.972671
240 9 126 36 36 1.238754
240 18 126 36 36 2.013621
240 27 126 36 36 3.818892
240 16 136 32 32 0.527004
240 16 144 32 32 1.199688
240 24 136 32 32 0.936544
240 24 144 32 32 1.952181
240 128 128 32 32 1.473897
240 128 136 32 32 4.870411
240 128 144 32 32 2.892222
240 136 128 32 32 1.558925
240 136 136 32 32 4.874688
240 136 144 32 32 3.185615
240 144 136 32 32 3.341132
240 144 144 32 32 3.200455
240 256 272 32 32 0.056883
240 264 272 32 32 0.315355
240 272 272 32 32 0.214409
240 231 119 28 28 0.570904
240 238 119 28 28 4.752403
240 238 126 28 28 1.381153
240 350 126 28 28 1.346916
240 469 98 28 28 0.204198
240 288 294 24 24 0.806645
240 294 294 24 24 0.697018
240 300 294 24 24 0.092644
240 306 294 24 24 0.392547
240 384 306 24 24 0.201192
240 390 306 24 24 0.590142
240 396 306 24 24 0.963479
240 402 306 24 24 0.354691
240 480 84 24 24 0.151902
240 486 84 24 24 0.651250
270 48 16 64 64 2.208479
270 48 32 64 64 4.198055
270 48 48 64 64 1.690480
270 420 24 48 48 1.516412
270 420 36 48 48 5.236914
270 420 24 48 48 1.516412
270 420 36 48 48 5.236914
270 9 126 36 36 1.526992
270 18 126 36 36 2.176609
270 27 126 36 36 4.020475
270 16 136 32 32 0.354857
270 16 144 32 32 1.379938
270 24 136 32 32 0.842557
270 24 144 32 32 1.987505
270 24 152 32 32 0.286506
270 128 128 32 32 0.900194
270 128 136 32 32 4.988944
270 128 144 32 32 3.289656
270 136 128 32 32 0.569359
270 136 136 32 32 4.717320
270 136 144 32 32 3.753090
270 144 136 32 32 3.736444
270 144 144 32 32 3.793738
270 264 272 32 32 0.033373
270 272 272 32 32 0.227664
270 238 119 28 28 3.346356
270 238 126 28 28 2.064851
270 350 126 28 28 0.659333
270 288 294 24 24 0.629450
270 294 294 24 24 0.882823
270 300 294 24 24 0.321572
270 306 294 24 24 0.516238
270 384 306 24 24 0.052740
270 390 306 24 24 0.616753
270 396 306 24 24 0.987720
270 402 306 24 24 0.641771
270 480 84 24 24 0.766831
270 486 84 24 24 1.296942
300 48 16 64 64 2.405532
300 48 32 64 64 3.951866
300 48 48 64 64 1.428869
300 420 24 48 48 2.238825
300 420 36 48 48 3.492864
300 420 24 48 48 2.238825
300 420 36 48 48 3.492864
300 0 126 36 36 0.304558
300 9 126 36 36 3.269559
300 18 126 36 36 0.662103
300 27 126 36 36 2.446183
300 8 136 32 32 0.135646
300 16 136 32 32 2.512736
300 16 144 32 32 0.526505
300 24 136 32 32 2.083134
300 24 144 32 32 1.564560
300 128 128 32 32 0.072762
300 128 136 32 32 5.135826
300 128 144 32 32 2.862131
300 136 136 32 32 4.550767
300 136 144 32 32 4.144140
300 144 136 32 32 2.693801
300 144 144 32 32 3.535123
300 256 272 32 32 0.725148
300 264 272 32 32 0.476323
300 231 119 28 28 0.104676
300 238 119 28 28 4.730698
300 238 126 28 28 0.563434
300 245 119 28 28 0.874291
300 350 126 28 28 0.076853
300 288 300 24 24 0.092227
300 294 300 24 24 0.037853
300 384 306 24 24 0.139459
300 486 84 24 24 1.716432
330 48 16 64 64 1.335974
330 48 32 64 64 2.836789
330 48 48 64 64 2.196710
330 0 126 36 36 3.297265
330 9 126 36 36 0.592411
330 18 126 36 36 1.480510
330 27 126 36 36 0.218788
330 288 297 36 36 0.548167
330 297 297 36 36 0.768501
330 306 297 36 36 0.784165
330 315 297 36 36 0.140121
330 441 27 36 36 0.314149
330 450 18 36 36 1.107711
330 450 27 36 36 0.093505
330 0 144 32 32 1.808699
330 0 152 32 32 1.048573
330 8 136 32 32 0.298140
330 8 144 32 32 3.274374
330 8 152 32 32 0.887545
330 16 136 32 32 3.509616
330 16 144 32 32 3.875005
330 16 152 32 32 2.890898
330 24 136 32 32 2.146346
330 24 144 32 32 1.690457
330 24 152 32 32 0.750015
330 128 128 32 32 0.145076
330 128 136 32 32 4.323722
330 128 144 32 32 5.182736
330 128 152 32 32 2.330439
330 136 128 32 32 0.068571
330 136 136 32 32 4.214637
330 136 144 32 32 5.117179
330 136 152 32 32 3.260390
330 144 136 32 32 2.171496
330 144 144 32 32 3.011769
330 231 119 28 28 0.242510
330 238 119 28 28 2.121590
330 238 126 28 28 0.562223
330 350 126 28 28 1.629582
330 357 126 28 28 1.379605
330 462 21 28 28 1.993814
330 469 21 28 28 1.613909
330 498 192 24 24 0.285722
360 48 16 64 64 0.115017
360 48 32 64 64 1.237655
360 48 48 64 64 0.803523
360 441 126 36 36 3.630555
360 450 126 36 36 3.103103
360 459 9 36 36 2.079014
360 459 18 36 36 2.203109
360 128 144 32 32 2.810362
360 128 152 32 32 2.955693
360 136 144 32 32 0.552797
360 238 126 28 28 1.677219
360 350 126 28 28 2.499497
360 357 119 28 28 1.530904
360 357 126 28 28 2.958285
390 48 16 64 64 2.711376
390 30 140 40 40 0.478470
390 162 144 36 36 0.692814
390 162 153 36 36 1.871078
390 162 162 36 36 3.149579
390 176 152 32 32 1.685074
390 350 126 28 28 1.321227
390 357 126 28 28 4.213291
390 469 112 28 28 2.674337
390 469 119 28 28 0.462134
390 12 192 24 24 2.041705
390 18 192 24 24 4.158468
390 18 198 24 24 4.601203
390 192 192 24 24 3.955698
390 498 192 24 24 0.326508
420 48 0 64 64 1.070319
420 48 16 64 64 0.735931
420 280 112 32 32 2.162846
420 112 126 28 28 2.430218
420 112 133 28 28 2.901631
420 119 133 28 28 2.586313
420 343 126 28 28 2.343020
420 350 119 28 28 3.196191
420 350 126 28 28 3.336983
420 357 119 28 28 4.211025
420 357 126 28 28 5.006419
420 455 112 28 28 1.481596
420 462 112 28 28 3.011835
450 272 32 64 64 0.220708
450 450 126 36 36 1.747255
450 450 144 36 36 4.479940
450 450 153 36 36 0.745859
450 459 144 36 36 0.055670
450 384 112 32 32 5.273364
450 384 128 32 32 3.028592
450 392 112 32 32 5.243269
450 392 128 32 32 4.473440
450 400 112 32 32 2.038829
450 7 119 28 28 1.925455
450 7 126 28 28 1.194816
450 14 126 28 28 0.407764
450 112 119 28 28 1.215048
450 12 108 24 24 3.289834
450 12 114 24 24 1.851281
450 18 108 24 24 1.298414
450 402 114 24 24 1.176726
450 480 114 24 24 1.875801
450 486 114 24 24 2.035189
450 492 114 24 24 2.393167
450 498 114 24 24 0.880552
480 32 48 64 64 3.198630
480 48 48 64 64 0.212342
480 144 144 36 36 5.085971
480 144 153 36 36 2.274380
480 0 128 32 32 0.525002
480 144 144 32 32 0.601682
480 144 152 32 32 1.916200
480 192 144 32 32 0.501030
480 192 152 32 32 1.464980
480 0 133 28 28 2.899677
480 7 133 28 28 4.098780
480 14 133 28 28 2.496826
480 21 133 28 28 2.365982
480 336 112 28 28 1.876971
480 336 119 28 28 3.120532
480 448 119 28 28 3.122181
480 448 126 28 28 4.635062
480 448 133 28 28 0.097766
480 455 98 28 28 0.260957
480 455 126 28 28 1.716333
480 455 133 28 28 3.743958
480 462 133 28 28 0.802279
480 108 192 24 24 0.170847
480 480 102 24 24 2.739571
480 480 108 24 24 0.450781
510 0 48 64 64 1.316758
510 16 48 64 64 1.131473
510 11 154 44 44 5.088954
510 22 154 44 44 4.808691
510 33 154 44 44 0.811925
510 20 160 40 40 4.053978
510 20 170 40 40 1.521136
510 30 160 40 40 4.306870
510 30 170 40 40 3.971576
510 27 162 36 36 1.168792
510 27 171 36 36 2.183501
510 144 126 36 36 3.318965
510 144 144 36 36 1.330952
510 153 126 36 36 2.832730
510 153 144 36 36 1.631242
510 162 126 36 36 3.943226
510 144 136 32 32 2.373495
510 144 144 32 32 4.207122
510 176 136 32 32 6.051466
510 176 144 32 32 3.616794
510 192 128 32 32 1.471083
510 192 136 32 32 3.090956
510 192 144 32 32 1.710456
510 336 112 28 28 0.921226
510 343 112 28 28 0.043875
510 350 112 28 28 0.660100
510 96 192 24 24 2.045941
510 96 198 24 24 3.533043
510 96 204 24 24 2.401071
510 102 102 24 24 0.579409
510 102 108 24 24 4.408011
510 102 114 24 24 3.338037
510 102 192 24 24 0.693053
510 102 198 24 24 1.365562
510 102 204 24 24 2.327172
510 108 114 24 24 1.410726
540 48 48 64 64 1.425182
540 288 0 64 64 0.809877
540 8 128 32 32 0.182359
540 8 136 32 32 0.903825
540 0 119 28 28 0.332833
540 224 126 28 28 1.038708
540 231 126 28 28 1.158568
540 12 84 24 24 1.862007
540 18 84 24 24 4.083317
540 18 102 24 24 0.477863
540 384 114 24 24 3.430675
540 402 114 24 24 0.509897
570 352 0 64 64 2.780833
570 0 168 48 48 0.886587
570 12 168 48 48 3.491205
570 24 168 48 48 2.540107
570 0 168 48 48 0.886587
570 12 168 48 48 3.491205
570 24 168 48 48 2.540107
570 11 176 44 44 0.969327
570 11 187 44 44 0.802990
570 22 154 44 44 1.717925
570 22 176 44 44 4.760013
570 22 187 44 44 4.895404
570 33 154 44 44 1.538904
570 33 176 44 44 2.226924
570 20 170 40 40 3.091980
570 20 180 40 40 2.592031
570 20 190 40 40 3.547643
570 30 170 40 40 2.430053
570 30 180 40 40 4.695096
570 30 190 40 40 5.701717
570 144 126 36 36 1.899578
570 136 144 32 32 1.190824
570 136 152 32 32 3.133204
570 144 128 32 32 0.905479
570 144 136 32 32 3.191568
570 144 144 32 32 6.111398
570 144 152 32 32 4.426343
570 384 114 24 24 1.213919
570 390 108 24 24 0.058837
570 390 114 24 24 2.258694
570 402 0 24 24 0.117897
570 492 18 24 24 0.089145
600 48 48 64 64 1.471364
600 256 0 64 64 1.285887
600 272 0 64 64 0.553941
600 288 0 64 64 0.464351
600 352 0 64 64 1.219740
600 192 36 48 48 0.247635
600 204 36 48 48 0.199731
600 384 36 48 48 2.533733
600 192 36 48 48 0.247635
600 204 36 48 48 0.199731
600 384 36 48 48 2.533733
600 0 154 44 44 1.381703
600 0 153 36 36 1.526058
600 9 153 36 36 0.131941
600 9 162 36 36 1.831478
600 18 153 36 36 2.358045
600 18 162 36 36 0.263928
600 136 152 32 32 2.184479
600 0 231 28 28 3.791281
600 0 238 28 28 1.849757
600 7 224 28 28 3.955444
600 7 231 28 28 6.463223
600 7 238 28 28 4.686241
600 14 224 28 28 2.364947
600 14 231 28 28 2.757344
600 224 98 28 28 4.540511
600 231 98 28 28 4.335906
600 238 98 28 28 3.799711
600 245 98 28 28 2.155562
600 448 98 28 28 2.469897
600 448 112 28 28 0.027862
600 455 98 28 28 1.585441
600 455 112 28 28 0.578225
600 462 112 28 28 0.994887
600 469 112 28 28 2.972924
600 18 210 24 24 0.145711
600 96 96 24 24 3.104372
600 102 96 24 24 2.591238
600 102 102 24 24 0.886957
600 102 114 24 24 2.095567
600 108 96 24 24 2.413913
600 108 102 24 24 2.376040
600 210 108 24 24 0.477658
600 384 108 24 24 2.138251
600 384 114 24 24 2.376347
600 390 108 24 24 0.537027
600 390 114 24 24 3.879720
600 396 114 24 24 2.318700
600 402 114 24 24 0.069108
600 486 114 24 24 1.405654
630 256 0 64 64 0.378714
630 272 0 64 64 3.196169
630 288 0 64 64 4.360715
630 352 16 64 64 0.344036
630 12 24 48 48 1.617648
630 24 24 48 48 3.166562
630 384 36 48 48 2.017452
630 396 36 48 48 2.471808
630 408 36 48 48 0.535640
630 12 24 48 48 1.617648
630 24 24 48 48 3.166562
630 384 36 48 48 2.017452
630 396 36 48 48 2.471808
630 408 36 48 48 0.535640
630 22 33 44 44 3.569670
630 33 33 44 44 1.620892
630 154 98 28 28 0.099901
630 224 98 28 28 2.741385
630 231 98 28 28 0.818263
630 336 98 28 28 2.106266
630 448 112 28 28 3.720405
630 455 112 28 28 2.042847
630 455 119 28 28 0.141842
630 469 112 28 28 0.451971
630 96 96 24 24 7.420475
630 96 102 24 24 3.091780
630 96 108 24 24 2.634110
630 96 114 24 24 2.813323
630 102 96 24 24 3.582645
630 102 108 24 24 1.776136
630 102 114 24 24 2.237812
630 108 108 24 24 3.407110
630 108 114 24 24 4.660640
630 198 108 24 24 0.719526
630 204 102 24 24 0.450764
630 204 108 24 24 4.252027
630 210 108 24 24 3.582501
630 384 108 24 24 2.010689
630 384 114 24 24 1.633806
660 272 0 64 64 1.156383
660 288 0 64 64 4.788444
660 352 0 64 64 2.140261
660 0 36 48 48 0.494626
660 12 36 48 48 2.716909
660 384 36 48 48 1.713010
660 420 36 48 48 1.399368
660 0 36 48 48 0.494626
660 12 36 48 48 2.716909
660 384 36 48 48 1.713010
660 420 36 48 48 1.399368
660 0 112 28 28 3.262214
660 0 119 28 28 8.277136
660 0 126 28 28 1.120697
660 7 119 28 28 2.937575
660 154 112 28 28 0.577531
660 154 119 28 28 0.798060
660 336 126 28 28 2.107069
660 336 133 28 28 1.099242
660 350 98 28 28 0.520591
660 448 112 28 28 3.877693
660 448 119 28 28 4.007044
660 448 126 28 28 0.138396
660 455 112 28 28 2.103360
660 455 119 28 28 1.016605
660 462 119 28 28 3.869603
660 0 108 24 24 1.614763
660 6 108 24 24 2.085379
660 144 108 24 24 2.514601
660 144 114 24 24 2.267012
660 198 102 24 24 0.623905
660 204 102 24 24 2.139323
660 210 96 24 24 2.490145
660 210 102 24 24 3.132558
660 210 114 24 24 2.069630
660 384 102 24 24 0.023102
660 384 108 24 24 5.056218
660 384 114 24 24 3.887552
660 390 108 24 24 1.762611
660 390 114 24 24 3.885752
660 396 114 24 24 1.264553
690 256 0 64 64 2.066923
690 272 0 64 64 3.761310
690 272 16 64 64 2.876819
690 288 0 64 64 3.121922
690 408 36 48 48 2.855470
690 420 36 48 48 3.390482
690 408 36 48 48 2.855470
690 420 36 48 48 3.390482
690 119 98 28 28 3.188303
690 126 98 28 28 0.650028
690 154 98 28 28 2.090599
690 336 98 28 28 1.565326
690 357 98 28 28 1.279722
690 448 112 28 28 3.912899
690 448 119 28 28 2.917813
690 455 112 28 28 1.950888
690 455 119 28 28 3.691150
690 462 112 28 28 2.980413
690 462 119 28 28 3.424207
690 462 126 28 28 0.829257
690 469 119 28 28 2.350705
690 469 126 28 28 3.857696
690 469 133 28 28 2.304890
690 6 84 24 24 2.163373
690 12 84 24 24 1.783722
690 18 84 24 24 0.404834
690 18 102 24 24 0.330223
690 102 0 24 24 0.020448
690 108 0 24 24 0.647041
690 132 108 24 24 0.306610
690 132 114 24 24 3.446565
690 144 114 24 24 4.238255
690 492 114 24 24 0.886894
720 256 0 64 64 2.210789
720 256 16 64 64 2.977593
720 256 32 64 64 1.766204
720 272 0 64 64 1.420890
720 352 16 64 64 0.858217
720 216 36 48 48 0.535933
720 264 24 48 48 1.448584
720 288 24 48 48 0.267423
720 288 36 48 48 0.799913
720 396 36 48 48 0.689134
720 216 36 48 48 0.535933
720 264 24 48 48 1.448584
720 288 24 48 48 0.267423
720 288 36 48 48 0.799913
720 396 36 48 48 0.689134
720 216 126 36 36 0.342804
720 0 112 32 32 0.986885
720 0 126 28 28 2.350004
720 7 126 28 28 1.343028
720 14 126 28 28 0.424419
720 224 133 28 28 1.542841
720 231 133 28 28 0.920150
720 102 114 24 24 3.877278
720 108 114 24 24 3.597107
720 132 114 24 24 0.711868
720 198 108 24 24 0.918896
720 198 114 24 24 5.821952
720 204 114 24 24 1.463505
720 210 114 24 24 1.569824
750 16 0 64 64 0.431832
750 32 0 64 64 1.826763
750 32 16 64 64 0.486391
750 256 0 64 64 3.677932
750 288 0 64 64 0.376416
750 204 36 48 48 1.649807
750 216 36 48 48 0.621846
750 264 24 48 48 2.032670
750 396 36 48 48 0.752343
750 204 36 48 48 1.649807
750 216 36 48 48 0.621846
750 264 24 48 48 2.032670
750 396 36 48 48 0.752343
750 144 144 36 36 1.260002
750 153 144 36 36 0.642941
750 297 126 36 36 2.942702
750 176 144 32 32 1.805917
750 192 112 32 32 0.553768
750 192 136 32 32 0.318560
750 192 144 32 32 1.612170
750 0 126 28 28 0.409373
750 112 126 28 28 0.494582
750 119 126 28 28 2.753391
750 126 119 28 28 4.238493
750 126 126 28 28 6.641122
750 126 133 28 28 1.228452
750 168 119 28 28 0.967030
750 168 126 28 28 5.958752
750 168 133 28 28 1.050340
750 486 12 24 24 0.472595
780 256 48 64 64 1.813978
780 272 32 64 64 1.317971
780 272 48 64 64 6.009032
780 288 0 64 64 0.488268
780 288 48 64 64 1.129016
780 12 36 48 48 0.491961
780 24 36 48 48 1.160631
780 36 36 48 48 2.060898
780 264 24 48 48 1.327345
780 264 36 48 48 1.243645
780 12 36 48 48 0.491961
780 24 36 48 48 1.160631
780 36 36 48 48 2.060898
780 264 24 48 48 1.327345
780 264 36 48 48 1.243645
780 160 140 40 40 2.623629
780 240 20 40 40 0.192317
780 320 140 40 40 2.155747
780 162 153 36 36 1.022856
780 315 144 36 36 0.991192
780 315 153 36 36 2.951798
780 176 152 32 32 1.864686
780 350 126 28 28 2.276491
780 350 133 28 28 0.407510
780 357 126 28 28 1.090220
780 448 112 28 28 0.137767
780 448 119 28 28 2.919520
780 448 126 28 28 0.986195
780 144 114 24 24 2.053390
780 192 192 24 24 4.714671
780 198 108 24 24 0.150870
780 198 192 24 24 0.002770
810 0 16 64 64 1.093513
810 0 32 64 64 1.330244
810 256 0 64 64 0.628923
810 288 12 48 48 0.704477
810 288 12 48 48 0.704477
810 33 33 44 44 0.105850
810 352 154 44 44 0.664706
810 340 160 40 40 4.206050
810 340 170 40 40 2.186753
810 350 160 40 40 5.797447
810 350 170 40 40 2.309320
810 153 162 36 36 0.191054
810 162 171 36 36 0.557824
810 136 112 32 32 3.446591
810 144 112 32 32 0.002561
810 256 24 32 32 0.236329
810 264 24 32 32 2.456937
810 272 24 32 32 0.759991
810 384 112 32 32 2.713676
810 384 128 32 32 4.923368
810 392 16 32 32 2.432378
810 392 128 32 32 4.984822
810 154 98 28 28 2.034908
810 168 126 28 28 2.470809
810 96 114 24 24 0.690509
810 108 96 24 24 1.998712
810 192 108 24 24 6.806671
810 192 114 24 24 0.158864
840 0 0 64 64 1.696081
840 16 0 64 64 3.408504
840 12 24 48 48 1.539101
840 12 36 48 48 4.582163
840 24 24 48 48 1.096296
840 24 36 48 48 4.044265
840 36 24 48 48 1.211479
840 36 36 48 48 1.386632
840 12 24 48 48 1.539101
840 12 36 48 48 4.582163
840 24 24 48 48 1.096296
840 24 36 48 48 4.044265
840 36 24 48 48 1.211479
840 36 36 48 48 1.386632
840 22 33 44 44 1.266201
840 33 22 44 44 0.464308
840 363 176 44 44 3.040440
840 374 176 44 44 4.141119
840 385 176 44 44 1.052489
840 136 112 32 32 3.973654
840 144 112 32 32 2.196205
840 272 16 32 32 1.001557
840 280 16 32 32 2.363600
840 280 24 32 32 1.125495
840 154 119 28 28 1.372040
840 154 126 28 28 2.487298
840 154 133 28 28 1.615303
840 154 224 28 28 0.478376
840 168 98 28 28 2.943076
840 168 112 28 28 4.780052
840 168 119 28 28 3.732802
840 168 126 28 28 2.214752
840 168 133 28 28 2.073650
840 96 102 24 24 0.760781
840 96 108 24 24 1.331220
840 96 114 24 24 1.595057
840 102 102 24 24 3.853308
840 102 108 24 24 0.712682
840 144 114 24 24 0.486080
840 192 114 24 24 0.641815
840 396 198 24 24 2.693031
840 396 204 24 24 3.877539
840 396 210 24 24 3.422141
840 402 198 24 24 2.824004
840 402 204 24 24 2.069067
840 402 210 24 24 3.128387
840 498 84 24 24 0.624461
870 0 0 64 64 2.917760
870 0 16 64 64 2.646972
870 0 32 64 64 0.046518
870 16 0 64 64 4.612422
870 16 16 64 64 2.465827
870 12 24 48 48 0.171359
870 12 36 48 48 2.372293
870 24 24 48 48 0.344885
870 24 36 48 48 1.410389
870 36 24 48 48 0.151057
870 384 192 48 48 2.469337
870 12 24 48 48 0.171359
870 12 36 48 48 2.372293
870 24 24 48 48 0.344885
870 24 36 48 48 1.410389
870 36 24 48 48 0.151057
870 384 192 48 48 2.469337
870 374 187 44 44 2.725602
870 385 187 44 44 3.062585
870 385 198 44 44 2.490618
870 136 112 32 32 0.613632
870 136 128 32 32 0.396541
870 144 112 32 32 2.257793
870 280 16 32 32 2.464996
870 280 24 32 32 1.817274
870 154 112 28 28 4.767594
870 154 119 28 28 4.609125
870 154 126 28 28 2.275686
870 96 102 24 24 0.443267
870 96 108 24 24 3.810410
870 96 114 24 24 0.417757
870 102 108 24 24 1.989902
870 402 210 24 24 0.191872
900 0 16 64 64 4.570435
900 0 32 64 64 1.877831
900 16 16 64 64 4.135849
900 16 32 64 64 0.368900
900 12 36 48 48 0.163387
900 24 36 48 48 1.108106
900 36 36 48 48 0.571759
900 384 192 48 48 0.450295
900 384 204 48 48 2.126724
900 396 204 48 48 0.754392
900 12 36 48 48 0.163387
900 24 36 48 48 1.108106
900 36 36 48 48 0.571759
900 384 192 48 48 0.450295
900 384 204 48 48 2.126724
900 396 204 48 48 0.754392
900 374 176 44 44 3.544676
900 374 187 44 44 5.838907
900 374 198 44 44 4.607391
900 374 209 44 44 0.289130
900 385 176 44 44 0.570049
900 385 187 44 44 3.281326
900 385 198 44 44 2.050117
900 385 209 44 44 2.860567
900 24 112 32 32 0.063954
900 136 128 32 32 1.645400
900 136 136 32 32 2.161082
900 136 144 32 32 0.444233
900 144 128 32 32 2.589576
900 144 136 32 32 1.750325
900 144 144 32 32 2.232636
900 280 24 32 32 0.522207
900 119 119 28 28 0.306209
900 119 126 28 28 1.459876
900 126 112 28 28 1.092696
900 154 112 28 28 5.009285
900 154 119 28 28 6.326211
900 154 126 28 28 3.328424
900 154 133 28 28 1.510714
900 96 114 24 24 1.676948
900 480 192 24 24 0.167600
900 480 198 24 24 4.379588
900 480 204 24 24 1.816566
930 0 16 64 64 1.124956
930 0 32 64 64 2.943759
930 0 48 64 64 0.036430
930 16 16 64 64 2.058867
930 16 32 64 64 2.583927
930 24 36 48 48 0.022297
930 384 204 48 48 0.012159
930 24 36 48 48 0.022297
930 384 204 48 48 0.012159
930 363 176 44 44 2.732088
930 363 187 44 44 4.553047
930 363 198 44 44 1.682840
930 374 176 44 44 3.067065
930 374 187 44 44 5.393341
930 374 198 44 44 4.212625
930 374 209 44 44 1.752917
930 385 198 44 44 1.481692
930 385 209 44 44 1.845762
930 432 153 36 36 1.279653
930 441 153 36 36 0.952543
930 24 112 32 32 1.641079
930 128 144 32 32 0.722771
930 136 136 32 32 0.443742
930 136 144 32 32 3.232049
930 136 152 32 32 0.621093
930 144 136 32 32 1.894405
930 144 144 32 32 3.684327
930 144 152 32 32 2.484322
930 400 152 32 32 0.569295
930 119 112 28 28 0.586128
930 119 119 28 28 0.084439
930 119 133 28 28 0.356858
930 126 126 28 28 1.153620
930 126 133 28 28 0.302344
930 154 126 28 28 2.564807
930 154 133 28 28 1.434089
960 0 16 64 64 0.149950
960 0 32 64 64 3.154389
960 0 48 64 64 0.568211
960 16 16 64 64 0.140716
960 16 32 64 64 1.970094
960 256 16 64 64 2.126739
960 272 0 64 64 1.467454
960 272 16 64 64 0.074273
960 352 32 64 64 0.473210
960 24 36 48 48 0.788307
960 24 36 48 48 0.788307
960 352 176 44 44 3.346257
960 352 187 44 44 4.163877
960 352 198 44 44 0.584531
960 363 176 44 44 3.300330
960 363 187 44 44 5.996475
960 363 198 44 44 4.486971
960 363 209 44 44 0.982069
960 374 187 44 44 2.830036
960 374 198 44 44 3.960632
960 374 209 44 44 2.536390
960 27 126 36 36 0.557535
960 432 153 36 36 1.405360
960 128 144 32 32 0.846548
960 136 136 32 32 0.053102
960 136 144 32 32 2.661563
960 136 152 32 32 1.939503
960 144 136 32 32 0.792178
960 144 144 32 32 3.919446
960 144 152 32 32 4.632629
960 119 119 28 28 1.066989
960 119 126 28 28 1.760537
960 119 133 28 28 1.115608
960 126 133 28 28 2.153221
990 0 16 64 64 0.394973
990 0 32 64 64 4.530095
990 0 48 64 64 1.829786
990 16 32 64 64 1.983005
990 256 16 64 64 1.148830
990 352 32 64 64 0.900457
990 24 36 48 48 1.780377
990 24 36 48 48 1.780377
990 352 176 44 44 1.350133
990 352 187 44 44 4.651967
990 352 198 44 44 3.226384
990 363 176 44 44 0.326528
990 363 187 44 44 4.893818
990 363 198 44 44 3.652839
990 363 209 44 44 0.119708
990 374 187 44 44 0.330056
990 374 198 44 44 0.979986
990 27 126 36 36 2.179931
990 128 144 32 32 0.834075
990 128 152 32 32 2.412143
990 136 144 32 32 2.564799
990 136 152 32 32 6.545988
990 144 144 32 32 3.104192
990 144 152 32 32 5.796231
990 112 126 28 28 0.459461
990 112 133 28 28 0.264403
990 119 133 28 28 1.541418
990 126 245 28 28 0.502812
990 154 126 28 28 1.875301
1020 0 32 64 64 2.061650
1020 0 48 64 64 0.717915
1020 272 0 64 64 0.032040
1020 352 16 64 64 0.159661
1020 12 36 48 48 1.260706
1020 24 36 48 48 1.630017
1020 12 36 48 48 1.260706
1020 24 36 48 48 1.630017
1020 352 176 44 44 3.252182
1020 352 187 44 44 2.407718
1020 363 176 44 44 1.331571
1020 363 187 44 44 0.061218
1020 350 180 40 40 2.036030
1020 350 190 40 40 3.182780
1020 18 126 36 36 2.914001
1020 27 126 36 36 7.801328
1020 24 112 32 32 0.564796
1020 128 152 32 32 2.309503
1020 384 144 32 32 0.100970
1020 392 152 32 32 0.966714
1020 400 144 32 32 1.297287
1020 400 152 32 32 4.362344
1020 408 152 32 32 3.061285
1020 112 133 28 28 0.352322
1020 119 238 28 28 0.106545
1020 119 245 28 28 0.325562
1020 144 192 24 24 0.055573
1050 352 154 44 44 1.823587
1050 330 160 40 40 2.878710
1050 340 160 40 40 3.599035
1050 340 170 40 40 3.839772
1050 340 180 40 40 1.686600
1050 350 160 40 40 2.545755
1050 350 170 40 40 3.260639
1050 350 180 40 40 2.707102
1050 24 112 32 32 1.474811
1050 128 152 32 32 2.165755
1050 280 112 32 32 0.170834
1050 280 152 32 32 1.049955
1050 384 112 32 32 3.166051
1050 384 152 32 32 2.193683
1050 392 112 32 32 1.872977
1050 392 128 32 32 0.523893
1050 400 128 32 32 0.800158
1050 408 112 32 32 0.084267
1050 119 238 28 28 0.006091
1050 126 238 28 28 0.961021
1050 336 7 28 28 1.654299
1050 336 14 28 28 0.231166
1050 336 133 28 28 0.394258
1050 343 7 28 28 0.840327
1050 343 133 28 28 1.128082
1050 204 102 24 24 0.824323
1050 294 192 24 24 0.136387
1050 384 210 24 24 1.809919
1080 0 160 40 40 1.170057
1080 10 160 40 40 1.166250
1080 330 160 40 40 0.985258
1080 340 140 40 40 2.289891
1080 340 160 40 40 3.991002
1080 340 170 40 40 0.210460
1080 350 140 40 40 1.987438
1080 350 160 40 40 1.525571
1080 9 126 36 36 3.074604
1080 9 162 36 36 0.835806
1080 18 126 36 36 7.027592
1080 18 162 36 36 2.992959
1080 27 126 36 36 5.250189
1080 450 126 36 36 1.057081
1080 24 128 32 32 3.839104
1080 24 136 32 32 4.967372
1080 24 144 32 32 3.143165
1080 272 152 32 32 2.191764
1080 280 152 32 32 2.744118
1080 400 112 32 32 3.754619
1080 343 133 28 28 0.730190
1080 350 7 28 28 0.139138
1080 306 18 24 24 2.050640
1110 0 48 64 64 0.354773
1110 256 48 64 64 1.222389
1110 330 140 40 40 0.229016
1110 340 140 40 40 1.852425
1110 0 126 36 36 8.272222
1110 9 126 36 36 8.194705
1110 18 126 36 36 5.145339
1110 27 126 36 36 5.779757
1110 441 126 36 36 0.240093
1110 450 126 36 36 2.543053
1110 8 128 32 32 3.117238
1110 8 136 32 32 5.992675
1110 8 144 32 32 0.623302
1110 16 112 32 32 1.506645
1110 16 128 32 32 3.114582
1110 16 136 32 32 5.150460
1110 16 144 32 32 0.676544
1110 24 112 32 32 4.303365
1110 24 128 32 32 1.045279
1110 24 136 32 32 3.403607
1110 24 144 32 32 0.855877
1110 128 144 32 32 1.982726
1110 128 152 32 32 2.968315
1110 280 152 32 32 0.029314
1110 21 126 28 28 1.251407
1110 21 133 28 28 1.750995
1110 126 126 28 28 1.157675
1110 126 133 28 28 2.576019
1110 350 7 28 28 1.738383
1110 448 119 28 28 3.513866
1110 455 119 28 28 1.366328
1110 204 102 24 24 0.044936
1140 0 48 64 64 1.015280
1140 16 48 64 64 1.150189
1140 256 48 64 64 0.742326
1140 0 154 44 44 0.519456
1140 0 140 40 40 3.371428
1140 0 160 40 40 2.266319
1140 10 140 40 40 3.845936
1140 10 160 40 40 1.264240
1140 20 140 40 40 2.528754
1140 330 140 40 40 4.078666
1140 340 140 40 40 3.828752
1140 0 153 36 36 5.453065
1140 0 162 36 36 5.715554
1140 0 171 36 36 1.808361
1140 9 153 36 36 4.222318
1140 9 162 36 36 5.608553
1140 9 171 36 36 0.085475
1140 18 153 36 36 3.644393
1140 18 162 36 36 1.235418
1140 27 153 36 36 2.634382
1140 0 112 32 32 1.759020
1140 0 128 32 32 2.361134
1140 8 112 32 32 0.249922
1140 8 128 32 32 1.659381
1140 16 112 32 32 0.398227
1140 16 128 32 32 0.900863
1140 24 112 32 32 0.478443
1140 24 128 32 32 2.426238
1140 0 119 28 28 3.300910
1140 0 126 28 28 3.596460
1140 7 119 28 28 7.793022
1140 7 126 28 28 3.635076
1140 7 133 28 28 0.851325
1140 14 112 28 28 0.554436
1140 14 119 28 28 4.927435
1140 14 133 28 28 1.486891
1140 21 112 28 28 0.724801
1140 21 119 28 28 3.231229
1140 21 133 28 28 1.340892
1140 112 119 28 28 3.732123
1140 112 126 28 28 2.328899
1140 96 108 24 24 2.218009
1140 132 114 24 24 0.777531
1140 198 198 24 24 0.074132
1140 198 204 24 24 1.256133
1140 480 84 24 24 0.186102
1140 492 84 24 24 1.139175
1170 256 48 64 64 2.019589
1170 272 48 64 64 0.184007
1170 352 32 64 64 2.504274
1170 352 48 64 64 0.214021
1170 144 126 36 36 0.930443
1170 144 144 36 36 1.011698
1170 450 18 36 36 1.050530
1170 459 18 36 36 2.608859
1170 0 112 32 32 2.984248
1170 8 112 32 32 2.228510
1170 136 144 32 32 1.541479
1170 136 152 32 32 2.029613
1170 144 136 32 32 0.290502
1170 144 144 32 32 4.738874
1170 144 152 32 32 4.958738
1170 0 119 28 28 6.292203
1170 0 126 28 28 2.432129
1170 7 119 28 28 4.309367
1170 7 126 28 28 0.274799
1170 14 98 28 28 2.644873
1170 14 119 28 28 0.113436
1170 21 98 28 28 2.141556
1170 112 119 28 28 1.412884
1170 0 192 24 24 0.646100
1170 0 198 24 24 0.577360
1170 18 102 24 24 0.012006
1170 96 198 24 24 2.207049
1200 16 48 64 64 1.373470
1200 32 32 64 64 0.087226
1200 32 48 64 64 3.125016
1200 256 32 64 64 1.697735
1200 256 48 64 64 2.443081
1200 272 48 64 64 0.380893
1200 20 140 40 40 1.380336
1200 27 153 36 36 0.576573
1200 315 144 36 36 0.696754
1200 459 0 36 36 0.254818
1200 16 112 32 32 0.383799
1200 128 144 32 32 1.992035
1200 128 152 32 32 2.306099
1200 136 152 32 32 2.524278
1200 144 144 32 32 0.453770
1200 144 152 32 32 4.892357
1200 384 144 32 32 1.242864
1200 384 152 32 32 2.093407
1200 0 98 28 28 2.854684
1200 112 98 28 28 0.592821
1200 154 98 28 28 2.588618
1200 0 114 24 24 4.638386
1200 6 108 24 24 1.596065
1200 6 114 24 24 2.852450
1200 12 108 24 24 2.159271
1200 12 114 24 24 1.970384
1200 18 84 24 24 1.201668
1230 0 32 64 64 1.667325
1230 0 48 64 64 0.247580
1230 16 32 64 64 2.407638
1230 16 48 64 64 2.394751
1230 32 48 64 64 0.487849
1230 256 16 64 64 1.768103
1230 256 32 64 64 5.356786
1230 256 48 64 64 5.489605
1230 272 16 64 64 0.819515
1230 272 32 64 64 4.726795
1230 272 48 64 64 4.508852
1230 288 32 64 64 0.409039
1230 288 48 64 64 2.447751
1230 352 16 64 64 0.832046
1230 22 0 44 44 3.671425
1230 33 0 44 44 2.045314
1230 20 10 40 40 1.456938
1230 30 0 40 40 4.595476
1230 30 10 40 40 4.629205
1230 144 144 36 36 4.489975
1230 144 153 36 36 3.918634
1230 144 162 36 36 2.273728
1230 153 144 36 36 2.694538
1230 153 153 36 36 1.812217
1230 216 144 36 36 4.438240
1230 216 153 36 36 3.096452
1230 297 144 36 36 4.140528
1230 306 144 36 36 4.307802
1230 306 162 36 36 0.664709
1230 315 144 36 36 1.691086
1230 144 152 32 32 3.716077
1230 384 128 32 32 5.113541
1230 384 136 32 32 5.304446
1230 384 144 32 32 5.878387
1230 384 152 32 32 3.213843
1230 0 224 28 28 0.068988
1230 0 231 28 28 1.444392
1230 469 231 28 28 0.668156
1230 0 96 24 24 2.979657
1230 0 102 24 24 7.101589
1230 0 108 24 24 4.113159
1230 6 96 24 24 1.420763
1230 6 102 24 24 3.480453
1230 12 96 24 24 5.130748
1230 12 102 24 24 6.196233
1230 18 96 24 24 6.365857
1230 18 102 24 24 3.633117
1230 96 84 24 24 0.655970
1260 0 0 64 64 2.361191
1260 16 0 64 64 0.652885
1260 272 16 64 64 2.390638
1260 272 32 64 64 2.892497
1260 288 16 64 64 2.106548
1260 288 32 64 64 2.301085
1260 0 154 44 44 1.967095
1260 11 154 44 44 3.658788
1260 10 170 40 40 3.938056
1260 10 180 40 40 3.106897
1260 0 0 36 36 1.558431
1260 0 9 36 36 2.308871
1260 9 0 36 36 3.079009
1260 9 9 36 36 1.831542
1260 18 0 36 36 0.363392
1260 18 9 36 36 1.613596
1260 144 126 36 36 3.359878
1260 153 126 36 36 1.889294
1260 441 126 36 36 1.815010
1260 450 126 36 36 0.054258
1260 0 8 32 32 3.757617
1260 0 16 32 32 0.790124
1260 8 8 32 32 3.610313
1260 8 16 32 32 3.817779
1260 16 8 32 32 0.295226
1260 16 16 32 32 2.284743
1260 16 24 32 32 1.548329
1260 24 16 32 32 0.953165
1260 128 136 32 32 0.672499
1260 136 128 32 32 2.051061
1260 136 136 32 32 3.510319
1260 144 136 32 32 2.548253
1260 392 128 32 32 0.605052
1260 400 128 32 32 0.032331
1260 408 128 32 32 1.395198
1260 7 7 28 28 0.852290
1260 7 14 28 28 5.540151
1260 7 21 28 28 3.202747
1260 14 14 28 28 5.774163
1260 14 21 28 28 5.005447
1260 21 14 28 28 2.039116
1260 21 21 28 28 1.411309
1260 0 114 24 24 0.165322
1260 18 18 24 24 1.921078
1260 480 114 24 24 1.178167
1290 256 32 64 64 0.108379
1290 272 16 64 64 0.989304
1290 272 32 64 64 3.218756
1290 288 32 64 64 1.631218
1290 11 0 44 44 0.792802
1290 20 20 40 40 2.017729
1290 320 140 40 40 0.346598
1290 27 27 36 36 0.291657
1290 144 153 36 36 0.066917
1290 153 153 36 36 0.359361
1290 162 144 36 36 0.059633
1290 432 162 36 36 0.243206
1290 432 171 36 36 4.319033
1290 450 171 36 36 1.501056
1290 459 162 36 36 0.128861
1290 459 171 36 36 1.187910
1290 0 128 32 32 5.706151
1290 0 136 32 32 3.508925
1290 8 0 32 32 0.278601
1290 16 0 32 32 1.926644
1290 16 8 32 32 2.001416
1290 176 112 32 32 0.447134
1290 192 112 32 32 4.227870
1290 408 112 32 32 0.369807
1290 0 14 28 28 0.244193
1290 7 112 28 28 2.355333
1290 7 119 28 28 1.066826
1290 7 126 28 28 1.277492
1290 7 133 28 28 0.323297
1290 14 112 28 28 0.064550
1290 14 119 28 28 1.001543
1290 14 126 28 28 1.081819
1290 21 14 28 28 6.120745
1290 21 21 28 28 1.371045
1290 119 98 28 28 0.960548
1290 126 98 28 28 1.199301
1290 448 126 28 28 6.344961
1290 448 133 28 28 5.225289
1290 455 126 28 28 2.079795
1290 0 18 24 24 5.857437
1290 132 114 24 24 0.220848
1290 144 114 24 24 0.754243
1320 0 0 64 64 2.176252
1320 0 16 64 64 5.619867
1320 0 32 64 64 2.875362
1320 16 16 64 64 3.340610
1320 16 32 64 64 0.633011
1320 256 16 64 64 1.303413
1320 256 32 64 64 1.514611
1320 272 16 64 64 3.055583
1320 272 32 64 64 4.388931
1320 288 16 64 64 1.069906
1320 288 32 64 64 2.968132
1320 352 48 64 64 1.203186
1320 0 9 36 36 0.479629
1320 18 9 36 36 0.189615
1320 18 144 36 36 1.111100
1320 315 126 36 36 4.359562
1320 432 153 36 36 2.346123
1320 432 162 36 36 5.886765
1320 432 171 36 36 3.989977
1320 24 16 32 32 1.118432
1320 24 24 32 32 0.459815
1320 24 136 32 32 0.087351
1320 24 152 32 32 1.260663
1320 144 112 32 32 2.166384
1320 176 112 32 32 3.015414
1320 384 128 32 32 0.240994
1320 408 112 32 32 0.122934
1320 154 126 28 28 5.489964
1320 154 133 28 28 3.472247
1320 168 119 28 28 2.670758
1320 168 126 28 28 6.304843
1320 168 133 28 28 4.525469
1320 245 112 28 28 0.643321
1350 48 16 64 64 0.212432
1350 256 16 64 64 2.016845
1350 256 32 64 64 4.268126
1350 256 48 64 64 0.747239
1350 272 16 64 64 1.575534
1350 272 32 64 64 3.347917
1350 288 16 64 64 1.352886
1350 288 32 64 64 0.257069
1350 374 154 44 44 0.139241
1350 306 126 36 36 1.645221
1350 306 144 36 36 1.471248
1350 306 153 36 36 0.656261
1350 315 126 36 36 3.393107
1350 315 144 36 36 0.378467
1350 315 153 36 36 2.246019
1350 0 128 32 32 0.811920
1350 0 136 32 32 4.214056
1350 0 144 32 32 0.626984
1350 8 136 32 32 1.005522
1350 16 136 32 32 0.026428
1350 24 128 32 32 0.910075
1350 128 128 32 32 0.902397
1350 384 128 32 32 0.380976
1350 400 144 32 32 0.631299
1350 14 112 28 28 0.751345
1350 119 133 28 28 3.027607
1350 126 133 28 28 1.260008
1350 448 119 28 28 0.605587
1350 0 96 24 24 4.931737
1350 0 102 24 24 2.126684
1350 6 96 24 24 4.309697
1350 6 102 24 24 1.396824
1350 12 96 24 24 0.706082
1350 18 114 24 24 1.378721
1380 256 0 64 64 0.424965
1380 256 16 64 64 2.201445
1380 256 32 64 64 2.995286
1380 272 32 64 64 1.678930
1380 288 32 64 64 0.581479
1380 352 154 44 44 2.520048
1380 363 154 44 44 2.759705
1380 0 0 32 32 1.450951
1380 0 144 32 32 2.279512
1380 8 0 32 32 1.869028
1380 8 144 32 32 0.449112
1380 128 112 32 32 0.878100
1380 384 112 32 32 2.609423
1380 384 136 32 32 0.542132
1380 392 112 32 32 3.204268
1380 392 152 32 32 0.079547
1380 400 112 32 32 0.670172
1380 400 128 32 32 2.178391
1380 408 128 32 32 0.404255
1380 0 0 28 28 4.091970
1380 7 0 28 28 5.378655
1380 7 7 28 28 3.679442
1380 14 0 28 28 10.407798
1380 14 7 28 28 4.238165
1380 21 0 28 28 0.505246
1380 112 133 28 28 3.168474
1380 119 126 28 28 0.058592
1380 119 133 28 28 5.346566
1380 126 133 28 28 4.209578
1380 238 119 28 28 1.267193
1380 245 119 28 28 0.083433
1380 343 112 28 28 0.009160
1380 350 112 28 28 0.523148
1380 462 112 28 28 0.242385
1380 469 133 28 28 1.591071
1380 0 0 24 24 2.018494
1380 0 6 24 24 3.683650
1380 0 12 24 24 3.648266
1380 0 114 24 24 3.271269
1380 6 0 24 24 0.378105
1380 6 6 24 24 4.867468
1380 6 12 24 24 0.824797
1380 6 114 24 24 1.519592
1380 12 6 24 24 0.128632
1380 18 0 24 24 2.022647
1380 18 6 24 24 7.532519
1380 18 12 24 24 2.478309
1380 18 18 24 24 2.081707
1380 144 84 24 24 1.883987
1380 396 192 24 24 3.693243
1380 402 192 24 24 6.174035
1380 402 198 24 24 1.522743
1380 498 198 24 24 0.571836
1410 0 32 64 64 2.415692
1410 0 48 64 64 1.155733
1410 256 0 64 64 0.924156
1410 256 16 64 64 3.332851
1410 256 32 64 64 2.561331
1410 272 32 64 64 0.766715
1410 352 154 44 44 1.653186
1410 9 126 36 36 0.096104
1410 18 126 36 36 2.620088
1410 27 126 36 36 1.650430
1410 315 18 36 36 1.161954
1410 315 27 36 36 0.080882
1410 0 144 32 32 0.040783
1410 16 136 32 32 0.157518
1410 24 136 32 32 2.296468
1410 24 144 32 32 0.122404
1410 144 8 32 32 3.090833
1410 384 128 32 32 0.170332
1410 384 136 32 32 1.914174
1410 384 144 32 32 1.778158
1410 384 152 32 32 5.568681
1410 392 144 32 32 1.163036
1410 392 152 32 32 3.531282
1410 0 98 28 28 6.221331
1410 0 112 28 28 3.673245
1410 0 119 28 28 0.550977
1410 7 98 28 28 3.032105
1410 154 14 28 28 0.062883
1410 154 21 28 28 1.620448
1410 168 21 28 28 0.005566
1410 343 21 28 28 1.505108
1410 357 112 28 28 0.187779
1410 455 133 28 28 0.173755
1410 0 102 24 24 0.833634
1410 0 108 24 24 1.981461
1410 0 114 24 24 3.786445
1410 6 96 24 24 3.116393
1410 6 102 24 24 5.211371
1410 6 108 24 24 5.698246
1410 6 114 24 24 6.615634
1410 12 102 24 24 2.393166
1410 12 108 24 24 3.522371
1410 12 114 24 24 2.441196
1410 18 108 24 24 0.772836
1410 132 96 24 24 2.052117
1440 0 0 64 64 4.914635
1440 0 16 64 64 4.016946
1440 0 32 64 64 1.516937
1440 16 16 64 64 0.203074
1440 32 0 64 64 1.990532
1440 48 0 64 64 0.026455
1440 256 16 64 64 0.827357
1440 272 16 64 64 0.455199
1440 272 32 64 64 1.707335
1440 36 36 48 48 0.523274
1440 36 36 48 48 0.523274
1440 0 10 40 40 3.263605
1440 0 18 36 36 2.468731
1440 0 27 36 36 2.425386
1440 0 126 36 36 3.621200
1440 9 18 36 36 0.712696
1440 9 27 36 36 0.282246
1440 9 126 36 36 2.313847
1440 18 126 36 36 3.843760
1440 27 126 36 36 5.655416
1440 0 136 32 32 3.320329
1440 0 144 32 32 1.376708
1440 8 136 32 32 3.282509
1440 8 144 32 32 2.167053
1440 16 136 32 32 1.645103
1440 16 144 32 32 0.479627
1440 384 112 32 32 1.640255
1440 384 144 32 32 0.771425
1440 384 152 32 32 3.082359
1440 0 112 28 28 2.747927
1440 7 14 28 28 0.854229
1440 7 112 28 28 2.161627
1440 14 112 28 28 0.512967
1440 112 112 28 28 1.597344
1440 112 119 28 28 3.234515
1440 112 126 28 28 0.829599
1440 119 112 28 28 2.581985
1440 119 119 28 28 2.289775
1440 343 0 28 28 1.987102
1440 343 7 28 28 0.684828
1440 350 7 28 28 0.462876
1440 357 0 28 28 2.546451
1440 357 7 28 28 1.967027
1440 455 126 28 28 0.131348
1440 462 126 28 28 2.730858
1440 462 133 28 28 0.505486
1440 469 119 28 28 1.794125
1440 469 126 28 28 4.725049
1440 12 114 24 24 0.260090
1440 108 84 24 24 0.067920
1440 384 108 24 24 0.743422
1440 480 102 24 24 0.554345
1440 480 108 24 24 1.661954
1440 486 102 24 24 1.073172
1440 486 108 24 24 2.252611
1470 0 32 64 64 2.681254
1470 0 48 64 64 3.877059
1470 16 32 64 64 4.823941
1470 16 48 64 64 4.409028
1470 32 32 64 64 5.815767
1470 32 48 64 64 2.029475
1470 48 16 64 64 3.648902
1470 48 32 64 64 5.468870
1470 48 48 64 64 0.877860
1470 256 16 64 64 4.136705
1470 256 32 64 64 0.072067
1470 272 16 64 64 3.625870
1470 352 0 64 64 0.197807
1470 352 48 64 64 1.725337
1470 396 24 48 48 1.147738
1470 408 24 48 48 1.432607
1470 408 36 48 48 0.738931
1470 420 24 48 48 0.267145
1470 396 24 48 48 1.147738
1470 408 24 48 48 1.432607
1470 408 36 48 48 0.738931
1470 420 24 48 48 0.267145
1470 459 0 36 36 0.751450
1470 384 136 32 32 0.888842
1470 384 144 32 32 4.630185
1470 384 152 32 32 1.693036
1470 392 0 32 32 4.595191
1470 392 136 32 32 0.124995
1470 392 144 32 32 1.789258
1470 400 0 32 32 1.206811
1470 0 112 28 28 3.342202
1470 7 112 28 28 0.273318
1470 14 112 28 28 1.353884
1470 14 119 28 28 1.385657
1470 154 112 28 28 5.479635
1470 154 119 28 28 5.347166
1470 168 112 28 28 1.929058
1470 168 119 28 28 3.137723
1470 245 112 28 28 0.768707
1470 245 119 28 28 0.508487
1470 245 133 28 28 0.177855
1470 336 98 28 28 0.442828
1470 336 126 28 28 0.186480
1470 336 133 28 28 2.328922
1470 357 7 28 28 0.012131
1470 469 21 28 28 1.855130
1470 0 18 24 24 2.726758
1470 0 114 24 24 1.140439
1470 6 114 24 24 0.912420
1470 96 96 24 24 3.092993
1470 384 6 24 24 1.238420
1470 384 12 24 24 3.774888
1470 384 18 24 24 0.188363
1470 390 6 24 24 1.479233
1470 390 12 24 24 4.926090
1470 390 18 24 24 2.747846
1470 396 12 24 24 0.946102
1470 396 18 24 24 0.737915
1470 402 0 24 24 1.685248
1470 402 12 24 24 4.973361
1470 402 18 24 24 5.159349
1500 272 0 64 64 6.532188
1500 272 16 64 64 2.756936
1500 408 36 48 48 3.695017
1500 420 36 48 48 1.348864
1500 408 36 48 48 3.695017
1500 420 36 48 48 1.348864
1500 350 160 40 40 0.181997
1500 119 98 28 28 0.165096
1500 126 98 28 28 0.666617
1500 154 98 28 28 0.107082
1500 245 112 28 28 0.485498
1500 245 119 28 28 0.770878
1500 336 98 28 28 0.152210
1500 336 112 28 28 4.228386
1500 336 119 28 28 3.538939
1500 336 126 28 28 2.932460
1500 336 133 28 28 7.075941
1500 448 126 28 28 1.531235
1500 462 126 28 28 1.734342
1500 469 133 28 28 0.156660
1500 96 114 24 24 2.158035
1500 144 108 24 24 2.125472
1500 144 114 24 24 1.319069
1530 48 16 64 64 0.818528
1530 256 16 64 64 6.184923
1530 256 32 64 64 3.018032
1530 272 0 64 64 1.032038
1530 272 16 64 64 3.449944
1530 0 112 32 32 0.485708
1530 0 224 28 28 2.390594
1530 0 231 28 28 2.250992
1530 0 238 28 28 4.125913
1530 0 245 28 28 4.828198
1530 7 238 28 28 0.508932
1530 7 245 28 28 1.808680
1530 112 119 28 28 2.627931
1530 112 126 28 28 0.865587
1530 119 119 28 28 2.542654
1530 126 119 28 28 0.561716
1530 126 126 28 28 0.848815
1530 238 112 28 28 0.289446
1530 238 133 28 28 0.224792
1530 245 112 28 28 1.861053
1530 336 98 28 28 3.364917
1530 336 112 28 28 0.632812
1530 336 119 28 28 0.240572
1530 336 126 28 28 4.516288
1530 336 133 28 28 7.058305
1530 343 98 28 28 3.653666
1530 343 112 28 28 1.573517
1530 343 119 28 28 1.262472
1530 343 126 28 28 1.146373
1530 343 133 28 28 2.401650
1530 350 98 28 28 1.851368
1560 16 32 64 64 2.280833
1560 16 48 64 64 2.683889
1560 32 48 64 64 4.178078
1560 48 32 64 64 1.909343
1560 48 48 64 64 3.521414
1560 256 16 64 64 5.735551
1560 256 32 64 64 2.139976
1560 272 0 64 64 0.087350
1560 272 16 64 64 3.935697
1560 272 32 64 64 2.940934
1560 288 16 64 64 1.458771
1560 288 32 64 64 0.230876
1560 24 24 48 48 0.250603
1560 24 24 48 48 0.250603
1560 22 0 44 44 0.042593
1560 22 11 44 44 3.884410
1560 33 11 44 44 0.493421
1560 20 20 40 40 1.073530
1560 30 20 40 40 5.981438
1560 27 27 36 36 2.863301
1560 162 126 36 36 3.387795
1560 432 126 36 36 2.025429
1560 176 128 32 32 0.747533
1560 176 136 32 32 1.024335
1560 176 144 32 32 3.289355
1560 176 152 32 32 1.692424
1560 238 112 28 28 1.136950
1560 238 119 28 28 2.356387
1560 238 133 28 28 0.817748
1560 245 112 28 28 1.811901
1560 245 119 28 28 2.309193
1560 245 126 28 28 1.959654
1560 245 133 28 28 0.513565
1560 336 112 28 28 1.815756
1560 336 119 28 28 3.106299
1560 336 126 28 28 5.194090
1560 336 133 28 28 5.634594
1560 343 112 28 28 1.753124
1560 343 119 28 28 1.504680
1560 343 126 28 28 4.217161
1560 343 133 28 28 3.873773
1560 350 112 28 28 2.558980
1560 350 119 28 28 1.047921
1560 357 119 28 28 1.942595
1560 448 119 28 28 1.421615
1560 448 126 28 28 1.996308
1560 0 114 24 24 1.397068
1590 0 0 64 64 5.888952
1590 0 16 64 64 2.733070
1590 0 32 64 64 3.747754
1590 0 48 64 64 3.949163
1590 16 0 64 64 4.740529
1590 16 16 64 64 3.426013
1590 16 32 64 64 0.020385
1590 32 16 64 64 0.586647
1590 272 0 64 64 1.449094
1590 272 16 64 64 5.124517
1590 272 32 64 64 1.391962
1590 288 0 64 64 1.771696
1590 288 16 64 64 3.132730
1590 288 32 64 64 1.393991
1590 0 36 48 48 1.357775
1590 12 36 48 48 2.522224
1590 24 36 48 48 1.755459
1590 36 36 48 48 5.285193
1590 0 36 48 48 1.357775
1590 12 36 48 48 2.522224
1590 24 36 48 48 1.755459
1590 36 36 48 48 5.285193
1590 30 0 40 40 0.375262
1590 30 10 40 40 0.078976
1590 18 126 36 36 2.954760
1590 18 144 36 36 2.416410
1590 27 126 36 36 2.315728
1590 27 144 36 36 1.630742
1590 24 128 32 32 0.424144
1590 24 136 32 32 5.631213
1590 24 144 32 32 3.821682
1590 24 152 32 32 1.853454
1590 384 136 32 32 1.314293
1590 384 144 32 32 2.299022
1590 384 152 32 32 1.972003
1590 392 144 32 32 1.392752
1590 112 112 28 28 1.893400
1590 168 98 28 28 2.014080
1590 224 119 28 28 1.336759
1590 245 112 28 28 2.109269
1590 350 119 28 28 2.996592
1590 350 126 28 28 6.651478
1590 350 133 28 28 6.298883
1590 357 119 28 28 0.348502
1590 357 126 28 28 3.254169
1590 357 133 28 28 1.002350
1590 144 102 24 24 1.088832
1590 144 108 24 24 3.685867
1620 0 0 64 64 2.885679
1620 0 16 64 64 2.213820
1620 16 0 64 64 0.977056
1620 16 16 64 64 1.815582
1620 32 0 64 64 0.160227
1620 32 16 64 64 0.614786
1620 48 16 64 64 2.268774
1620 272 32 64 64 1.301768
1620 288 16 64 64 0.411986
1620 288 32 64 64 5.151338
1620 288 48 64 64 1.640959
1620 12 36 48 48 0.218572
1620 24 36 48 48 2.153147
1620 12 36 48 48 0.218572
1620 24 36 48 48 2.153147
1620 24 24 32 32 0.335525
1620 384 144 32 32 4.759106
1620 384 152 32 32 3.757866
1620 392 144 32 32 5.982116
1620 392 152 32 32 5.867295
1620 400 144 32 32 3.551677
1620 400 152 32 32 3.794209
1620 14 112 28 28 0.261496
1620 14 119 28 28 0.991288
1620 21 112 28 28 2.713023
1620 245 119 28 28 1.387017
1620 336 112 28 28 1.747180
1620 336 119 28 28 0.609246
1620 357 119 28 28 0.521339
1620 357 126 28 28 4.207472
1620 357 133 28 28 5.151458
1620 448 98 28 28 1.154083
1620 448 112 28 28 1.469501
1620 6 96 24 24 0.905217
1620 6 102 24 24 4.506892
1620 12 102 24 24 3.912254
1620 144 114 24 24 0.424492
1620 210 114 24 24 1.595436
1620 486 96 24 24 1.113065
1620 492 96 24 24 1.220291
1650 0 16 64 64 1.741404
1650 0 32 64 64 2.380825
1650 16 16 64 64 1.908182
1650 16 32 64 64 3.756363
1650 272 32 64 64 0.127013
1650 288 32 64 64 1.151858
1650 9 126 36 36 2.391983
1650 16 128 32 32 0.967380
1650 16 136 32 32 1.153969
1650 16 144 32 32 2.058239
1650 24 112 32 32 0.364453
1650 24 128 32 32 4.106424
1650 24 136 32 32 3.462219
1650 24 144 32 32 2.589788
1650 384 152 32 32 0.315305
1650 392 128 32 32 0.407681
1650 392 136 32 32 3.145226
1650 392 144 32 32 3.704566
1650 392 152 32 32 2.414799
1650 400 136 32 32 2.601340
1650 400 144 32 32 7.047850
1650 400 152 32 32 4.548132
1650 408 144 32 32 4.583764
1650 408 152 32 32 4.964864
1650 112 133 28 28 3.657954
1650 119 98 28 28 1.581137
1650 119 126 28 28 4.600628
1650 119 133 28 28 6.203664
1650 126 98 28 28 1.387622
1650 126 126 28 28 3.169994
1650 126 133 28 28 6.738088
1650 231 112 28 28 0.140148
1650 238 112 28 28 0.465147
1650 245 112 28 28 1.768120
1650 357 133 28 28 0.730728
1650 462 119 28 28 2.329400
1650 462 126 28 28 1.289617
1650 132 114 24 24 2.474625
1650 486 84 24 24 1.621431
1680 256 32 64 64 4.060165
1680 256 48 64 64 0.317538
1680 272 16 64 64 0.942049
1680 272 32 64 64 5.348883
1680 272 48 64 64 5.429739
1680 288 16 64 64 3.074253
1680 288 32 64 64 6.258438
1680 288 48 64 64 2.464600
1680 352 32 64 64 0.280379
1680 352 48 64 64 0.928325
1680 11 22 44 44 0.029250
1680 0 0 36 36 0.937607
1680 0 0 32 32 5.379367
1680 0 8 32 32 2.330201
1680 8 0 32 32 0.551282
1680 8 8 32 32 2.649752
1680 256 128 32 32 0.810634
1680 400 112 32 32 2.307003
1680 400 144 32 32 1.139053
1680 408 112 32 32 6.530359
1680 408 128 32 32 2.684661
1680 408 136 32 32 3.889102
1680 408 144 32 32 5.788224
1680 408 152 32 32 2.623677
1680 0 7 28 28 6.096543
1680 0 14 28 28 3.587296
1680 7 7 28 28 4.963155
1680 7 14 28 28 4.979180
1680 7 21 28 28 1.541464
1680 14 7 28 28 1.284473
1680 14 14 28 28 4.651409
1680 14 21 28 28 3.384068
1680 21 0 28 28 1.482121
1680 224 112 28 28 0.494984
1680 231 112 28 28 3.504403
1680 238 112 28 28 2.765752
1680 357 126 28 28 4.018892
1680 357 133 28 28 2.347099
1680 0 18 24 24 4.580128
1680 6 18 24 24 3.973106
1680 12 18 24 24 2.527533
1680 18 18 24 24 1.579641
1710 256 16 64 64 2.371872
1710 256 32 64 64 3.672843
1710 256 48 64 64 1.069597
1710 272 16 64 64 3.362418
1710 272 32 64 64 4.764341
1710 272 48 64 64 1.686198
1710 288 0 64 64 0.929237
1710 288 16 64 64 4.515927
1710 288 32 64 64 4.509249
1710 352 32 64 64 2.082460
1710 352 48 64 64 5.080869
1710 0 0 32 32 1.614825
1710 392 112 32 32 2.323984
1710 392 128 32 32 1.935349
1710 392 136 32 32 0.598999
1710 400 112 32 32 2.806773
1710 400 128 32 32 2.502941
1710 400 136 32 32 1.208454
1710 408 144 32 32 0.314429
1710 0 21 28 28 0.620960
1710 0 112 28 28 3.394448
1710 0 119 28 28 4.696154
1710 0 126 28 28 0.855890
1710 0 133 28 28 1.710745
1710 7 0 28 28 0.486438
1710 7 7 28 28 2.189408
1710 7 112 28 28 2.384237
1710 7 119 28 28 0.701375
1710 14 112 28 28 0.206644
1710 154 112 28 28 2.201754
1710 168 112 28 28 0.315834
1710 168 119 28 28 3.152855
1710 224 112 28 28 0.675645
1710 343 133 28 28 2.278874
1710 350 133 28 28 0.733510
1710 469 98 28 28 0.562430
1710 6 18 24 24 0.202632
1710 6 114 24 24 3.164175
1710 12 12 24 24 0.125861
1710 12 18 24 24 1.331732
1710 12 114 24 24 2.293324
1710 18 18 24 24 0.404021
1710 18 114 24 24 2.138629
1710 306 102 24 24 1.109923
1710 306 108 24 24 1.426191
1710 480 102 24 24 1.504249
1710 486 102 24 24 1.738292
1710 492 108 24 24 1.030699
1710 492 114 24 24 1.941575
1710 498 108 24 24 3.252453
1710 498 114 24 24 4.203012
1740 0 16 64 64 1.356135
1740 16 16 64 64 0.664874
1740 32 0 64 64 0.744260
1740 32 16 64 64 1.294200
1740 48 0 64 64 3.469920
1740 48 16 64 64 2.168437
1740 256 0 64 64 3.347908
1740 256 16 64 64 6.154227
1740 256 32 64 64 2.903445
1740 272 16 64 64 1.273856
1740 272 32 64 64 1.910484
1740 288 16 64 64 0.414631
1740 288 32 64 64 0.897027
1740 352 0 64 64 3.569723
1740 288 36 48 48 2.056008
1740 288 36 48 48 2.056008
1740 128 112 32 32 1.781472
1740 384 144 32 32 0.459744
1740 384 152 32 32 0.664863
1740 392 144 32 32 3.085048
1740 392 152 32 32 3.627146
1740 112 112 28 28 2.945940
1740 112 119 28 28 0.465736
1740 119 112 28 28 0.386239
1740 119 119 28 28 1.380613
1740 126 112 28 28 3.635925
1740 126 119 28 28 5.112086
1740 462 98 28 28 2.733924
1740 498 114 24 24 1.903404
1770 32 16 64 64 3.806197
1770 32 32 64 64 1.841517
1770 48 16 64 64 3.142190
1770 48 32 64 64 2.319658
1770 288 16 64 64 0.286706
1770 288 32 64 64 0.259238
1770 384 24 48 48 1.142288
1770 396 36 48 48 0.057500
1770 384 24 48 48 1.142288
1770 396 36 48 48 0.057500
1770 340 140 40 40 0.898046
1770 350 140 40 40 1.762996
1770 350 160 40 40 0.037309
1770 24 112 32 32 0.563358
1770 176 112 32 32 1.215487
1770 192 112 32 32 4.019224
1770 272 112 32 32 3.782982
1770 384 152 32 32 2.819754
1770 392 112 32 32 1.129905
1770 21 133 28 28 0.027011
1770 112 119 28 28 3.086166
1770 112 126 28 28 7.123572
1770 112 133 28 28 4.874164
1770 119 119 28 28 2.006154
1770 119 126 28 28 5.931943
1770 119 133 28 28 2.504912
1770 224 133 28 28 1.684414
1770 469 98 28 28 0.732485
1770 294 6 24 24 3.427640
1770 294 12 24 24 4.586623
1770 294 18 24 24 1.713897
1770 300 6 24 24 2.596398
1770 300 12 24 24 2.686314
1770 384 204 24 24 1.463339
1770 390 204 24 24 0.047808
1770 396 192 24 24 1.553508
1770 402 192 24 24 0.714531
1770 480 102 24 24 0.517720
1770 480 114 24 24 3.339533
1770 486 114 24 24 2.430499
1770 492 192 24 24 3.112593
1770 498 192 24 24 0.845177
1800 0 0 64 64 5.423235
1800 0 16 64 64 6.347525
1800 16 0 64 64 4.765172
1800 16 16 64 64 7.335539
1800 16 32 64 64 1.960859
1800 32 0 64 64 4.393087
1800 32 16 64 64 6.401546
1800 32 32 64 64 1.501117
1800 48 0 64 64 1.274622
1800 48 16 64 64 2.164732
1800 0 144 36 36 2.211785
1800 315 126 36 36 1.685530
1800 0 136 32 32 0.984185
1800 0 144 32 32 3.579548
1800 0 152 32 32 0.509514
1800 8 128 32 32 1.303311
1800 8 144 32 32 0.667975
1800 8 152 32 32 2.700080
1800 16 112 32 32 1.080371
1800 16 144 32 32 0.296027
1800 16 152 32 32 0.726348
1800 24 112 32 32 0.364410
1800 384 128 32 32 1.573442
1800 384 136 32 32 2.476016
1800 384 144 32 32 2.883039
1800 384 152 32 32 2.600412
1800 14 133 28 28 4.007422
1800 21 126 28 28 1.420051
1800 21 133 28 28 4.733353
1800 112 126 28 28 1.875404
1800 112 133 28 28 1.420593
1800 119 119 28 28 1.071590
1800 119 126 28 28 3.249179
1800 126 119 28 28 1.535225
1800 126 126 28 28 0.507625
1800 224 112 28 28 0.342054
1800 224 119 28 28 6.220277
1800 224 126 28 28 1.922831
1800 231 119 28 28 2.337002
1800 238 119 28 28 2.087610
1800 469 14 28 28 3.100660
1800 204 288 24 24 0.032531
1800 210 288 24 24 0.565085
1800 402 192 24 24 2.262149
1800 492 114 24 24 1.079048
1830 0 0 64 64 0.837841
1830 0 16 64 64 2.557601
1830 0 32 64 64 1.258497
1830 352 176 44 44 0.103099
1830 363 154 44 44 0.527683
1830 363 176 44 44 0.787066
1830 374 154 44 44 0.557325
1830 374 176 44 44 1.464336
1830 374 187 44 44 0.195918
1830 384 0 32 32 0.639103
1830 384 128 32 32 1.713251
1830 384 136 32 32 2.503936
1830 392 112 32 32 0.877506
1830 392 128 32 32 6.832202
1830 392 136 32 32 5.448190
1830 392 144 32 32 1.689731
1830 400 112 32 32 2.158750
1830 400 128 32 32 5.839388
1830 400 136 32 32 3.887708
1830 408 128 32 32 0.386533
1830 224 112 28 28 0.365784
1830 224 119 28 28 2.853006
1830 231 119 28 28 1.435631
1830 238 126 28 28 0.709887
1830 343 119 28 28 0.780944
1830 294 114 24 24 1.057480
1830 300 114 24 24 0.209142
1830 390 0 24 24 4.900356
1830 390 6 24 24 3.145317
1830 390 12 24 24 0.348020
1830 396 0 24 24 5.131104
1830 396 6 24 24 3.747024
1830 396 12 24 24 1.423814
1830 402 0 24 24 1.915894
1830 492 96 24 24 2.607451
1830 498 18 24 24 0.879740
1830 498 96 24 24 2.149477
1860 32 16 64 64 1.332648
1860 256 48 64 64 0.258084
1860 272 16 64 64 0.310643
1860 272 32 64 64 1.214923
1860 352 48 64 64 2.723440
1860 420 36 48 48 3.080752
1860 420 36 48 48 3.080752
1860 432 126 36 36 0.464632
1860 8 112 32 32 1.644360
1860 16 112 32 32 2.869874
1860 400 128 32 32 6.673546
1860 400 136 32 32 5.743440
1860 408 112 32 32 0.784552
1860 408 128 32 32 3.988957
1860 408 136 32 32 5.757987
1860 408 144 32 32 0.776965
1860 21 126 28 28 0.766010
1860 21 133 28 28 1.491126
1860 168 126 28 28 1.941085
1860 168 133 28 28 3.568175
1860 224 112 28 28 2.557074
1860 231 112 28 28 1.778184
1860 336 112 28 28 5.679301
1860 336 119 28 28 2.670494
1860 343 112 28 28 4.079371
1860 343 119 28 28 1.820678
1860 343 126 28 28 3.242957
1860 343 133 28 28 3.120826
1860 350 112 28 28 0.320323
1860 350 119 28 28 2.067118
1860 350 126 28 28 2.375190
1860 350 133 28 28 3.760815
1860 448 133 28 28 2.456615
1860 480 96 24 24 4.039224
1860 486 96 24 24 5.880899
1860 486 102 24 24 2.888363
1860 486 108 24 24 0.970840
1860 492 96 24 24 3.562914
1860 498 96 24 24 2.748125
1890 0 0 64 64 2.197486
1890 0 16 64 64 3.823811
1890 16 0 64 64 3.350447
1890 16 16 64 64 2.777278
1890 32 0 64 64 2.678522
1890 32 16 64 64 1.625274
1890 48 0 64 64 0.286568
1890 48 16 64 64 1.810644
1890 288 0 64 64 1.126564
1890 288 16 64 64 0.937174
1890 192 36 48 48 6.445927
1890 204 36 48 48 2.368069
1890 288 36 48 48 0.042315
1890 192 36 48 48 6.445927
1890 204 36 48 48 2.368069
1890 288 36 48 48 0.042315
1890 432 144 36 36 5.159445
1890 432 153 36 36 3.805775
1890 432 162 36 36 4.301016
1890 432 171 36 36 2.148386
1890 441 153 36 36 3.181236
1890 441 162 36 36 5.053792
1890 441 171 36 36 3.140708
1890 450 153 36 36 1.785518
1890 450 162 36 36 3.896355
1890 450 171 36 36 3.854061
1890 459 153 36 36 1.716481
1890 459 162 36 36 4.275510
1890 459 171 36 36 4.107774
1890 112 126 28 28 3.156131
1890 112 133 28 28 5.530299
1890 119 119 28 28 0.337394
1890 119 126 28 28 2.886023
1890 119 133 28 28 0.236259
1890 154 112 28 28 3.507161
1890 154 119 28 28 1.826682
1890 168 112 28 28 2.746892
1890 238 98 28 28 0.612819
1890 245 98 28 28 2.092592
1890 336 98 28 28 0.193919
1890 343 98 28 28 1.899736
1890 343 112 28 28 3.637550
1890 350 98 28 28 1.237922
1890 350 112 28 28 1.787253
1890 357 98 28 28 3.813979
1890 0 288 24 24 0.143145
1890 0 294 24 24 0.508383
1890 6 18 24 24 2.170268
1890 12 18 24 24 0.597191
1890 192 6 24 24 6.081501
1890 192 12 24 24 0.981795
1890 198 6 24 24 0.951091
1890 198 12 24 24 0.889645
1890 288 108 24 24 2.826343
1890 288 114 24 24 0.256563
1890 294 108 24 24 2.512888
1890 294 114 24 24 2.162673
1890 300 114 24 24 0.110368
1890 306 114 24 24 0.017478
1890 384 114 24 24 0.714368
1890 480 198 24 24 2.430744
1890 480 204 24 24 2.770765
1890 486 198 24 24 2.892748
1890 486 204 24 24 1.811625
1890 498 204 24 24 0.493678
1920 16 0 64 64 2.647481
1920 32 0 64 64 3.663508
1920 48 0 64 64 1.660714
1920 48 16 64 64 0.585686
1920 192 36 48 48 5.880006
1920 204 36 48 48 1.639862
1920 192 36 48 48 5.880006
1920 204 36 48 48 1.639862
1920 187 33 44 44 0.123328
1920 352 33 44 44 0.108509
1920 363 33 44 44 2.415397
1920 128 112 32 32 3.358236
1920 384 112 32 32 3.233444
1920 384 128 32 32 4.416851
1920 384 136 32 32 4.920179
1920 384 144 32 32 2.198367
1920 392 112 32 32 3.007765
1920 392 128 32 32 2.912477
1920 392 136 32 32 2.491092
1920 392 144 32 32 0.358456
1920 21 21 28 28 0.310454
1920 112 119 28 28 1.722465
1920 119 112 28 28 5.431463
1920 119 119 28 28 7.439133
1920 119 126 28 28 3.251377
1920 126 112 28 28 9.229347
1920 126 119 28 28 7.972636
1920 126 126 28 28 3.150506
1920 224 98 28 28 1.133674
1920 224 112 28 28 2.317637
1920 231 98 28 28 1.737943
1920 238 98 28 28 2.012719
1920 245 98 28 28 1.361764
1920 448 112 28 28 0.182273
1920 448 119 28 28 3.214872
1920 455 112 28 28 3.024079
1920 455 119 28 28 4.304057
1920 462 112 28 28 3.666316
1920 462 119 28 28 4.465446
1920 469 112 28 28 0.811294
1920 469 119 28 28 1.763286
1920 132 114 24 24 1.997080
1920 210 114 24 24 3.293421
1920 288 108 24 24 0.440633
1920 288 114 24 24 2.472891
1920 294 108 24 24 1.432950
1920 294 114 24 24 4.234845
1920 300 114 24 24 3.184036
1920 492 210 24 24 1.414653
1950 0 0 64 64 4.328591
1950 0 16 64 64 0.880911
1950 16 0 64 64 2.393710
1950 256 0 64 64 0.219617
1950 272 0 64 64 0.866112
1950 272 16 64 64 0.409808
1950 352 0 64 64 1.726107
1950 352 16 64 64 0.730804
1950 384 36 48 48 2.923719
1950 396 36 48 48 2.931643
1950 408 36 48 48 1.493245
1950 384 36 48 48 2.923719
1950 396 36 48 48 2.931643
1950 408 36 48 48 1.493245
1950 441 126 36 36 3.141697
1950 450 126 36 36 1.341314
1950 24 112 32 32 1.561052
1950 24 128 32 32 2.900544
1950 384 128 32 32 3.979157
1950 384 136 32 32 5.969376
1950 384 144 32 32 0.220080
1950 392 128 32 32 3.403501
1950 392 136 32 32 4.004043
1950 400 112 32 32 0.387666
1950 408 112 32 32 3.101629
1950 112 126 28 28 0.022029
1950 119 98 28 28 0.306437
1950 126 98 28 28 0.969558
1950 168 112 28 28 2.751542
1950 168 119 28 28 1.704274
1950 224 112 28 28 2.360063
1950 231 112 28 28 1.183974
1950 238 112 28 28 2.720533
1950 245 112 28 28 2.622148
1950 144 6 24 24 0.364624
1950 192 114 24 24 3.835325
1950 198 114 24 24 4.130059
1950 204 114 24 24 2.467588
1950 384 0 24 24 0.255419
1950 480 96 24 24 0.697065
