30 16 32 64 64 0.427656
30 16 48 64 64 0.769992
30 32 48 64 64 0.022596
30 288 126 36 36 0.800997
30 245 133 28 28 1.023313
30 357 119 28 28 0.275153
60 384 112 32 32 1.610559
60 400 112 32 32 0.157086
60 462 112 28 28 1.116877
60 462 119 28 28 1.818193
60 469 112 28 28 0.176966
60 469 119 28 28 0.815047
60 144 102 24 24 1.658051
90 297 126 36 36 1.607711
90 176 112 32 32 0.469831
90 400 112 32 32 0.972623
90 469 133 28 28 2.299174
90 198 114 24 24 1.406620
120 297 126 36 36 2.860260
120 168 98 28 28 1.432820
120 448 133 28 28 3.341607
120 455 133 28 28 5.066846
120 480 192 24 24 1.000892
150 0 32 64 64 0.667874
150 469 112 28 28 1.782370
150 0 96 24 24 2.272817
150 6 96 24 24 3.915144
150 6 102 24 24 1.312094
150 12 96 24 24 2.964882
150 12 102 24 24 1.577390
150 132 102 24 24 1.339301
150 480 114 24 24 0.691714
180 459 126 36 36 0.866409
180 245 119 28 28 0.537878
180 245 126 28 28 1.565980
180 245 133 28 28 2.619472
180 462 245 28 28 0.349616
180 384 114 24 24 0.599055
210 396 36 48 48 0.808237
210 396 36 48 48 0.808237
210 459 288 36 36 0.284327
210 238 126 28 28 1.534867
210 238 133 28 28 3.865065
210 245 119 28 28 0.810172
210 245 126 28 28 3.655293
210 245 133 28 28 4.313948
210 448 98 28 28 2.108714
210 448 112 28 28 2.881311
210 384 114 24 24 0.327337
210 486 288 24 24 0.182670
240 448 126 28 28 0.897263
240 448 133 28 28 0.369944
240 455 126 28 28 2.203374
240 455 133 28 28 2.074936
240 462 126 28 28 2.845945
240 462 133 28 28 3.638960
240 469 126 28 28 4.263894
240 469 133 28 28 0.360437
240 480 114 24 24 3.372611
240 486 114 24 24 3.966253
240 492 114 24 24 0.797321
270 24 168 48 48 0.486317
270 36 168 48 48 1.118206
270 24 168 48 48 0.486317
270 36 168 48 48 1.118206
270 33 176 44 44 0.241828
270 400 256 32 32 1.412562
270 400 264 32 32 0.713747
270 408 256 32 32 1.916451
270 408 264 32 32 2.839980
270 245 119 28 28 0.173113
270 245 126 28 28 1.751348
270 245 133 28 28 1.211424
270 336 224 28 28 0.119892
270 455 112 28 28 1.558303
300 0 272 32 32 1.463690
300 8 264 32 32 0.436663
300 8 272 32 32 1.944009
300 16 272 32 32 1.629922
300 24 272 32 32 0.401162
300 0 288 24 24 1.392657
300 6 288 24 24 0.874553
300 12 288 24 24 1.833705
300 12 294 24 24 0.643534
300 18 288 24 24 2.852732
300 18 294 24 24 1.967649
300 192 96 24 24 2.098785
300 198 96 24 24 0.630996
330 216 126 36 36 1.985311
330 16 144 32 32 0.556411
330 16 152 32 32 0.615451
330 24 144 32 32 0.410039
330 400 136 32 32 3.137778
330 400 144 32 32 0.013735
330 408 136 32 32 3.346254
330 192 114 24 24 1.237686
330 198 114 24 24 0.646698
330 486 108 24 24 2.120219
330 492 108 24 24 3.368243
360 432 153 36 36 0.579441
360 224 119 28 28 1.566661
360 231 112 28 28 2.036890
360 231 119 28 28 0.372520
360 492 198 24 24 1.747166
360 492 204 24 24 0.796535
360 492 210 24 24 0.795415
360 498 210 24 24 3.001529
390 392 136 32 32 0.153495
390 400 128 32 32 2.143943
390 400 136 32 32 2.788126
390 408 128 32 32 1.747992
390 408 136 32 32 4.534722
390 294 114 24 24 1.838896
390 300 114 24 24 0.254425
420 0 0 64 64 2.310434
420 24 36 48 48 1.380123
420 24 36 48 48 1.380123
420 162 18 36 36 0.460155
420 432 144 36 36 2.142501
420 450 144 36 36 0.848722
420 450 153 36 36 0.469176
420 459 144 36 36 0.392875
420 459 153 36 36 2.109542
420 16 112 32 32 0.251525
420 21 133 28 28 0.333212
420 144 108 24 24 0.016952
420 480 192 24 24 2.184473
420 486 192 24 24 5.273753
420 492 192 24 24 2.427015
450 10 0 40 40 3.281459
450 10 10 40 40 0.507433
450 20 0 40 40 1.563980
450 9 9 36 36 0.020763
450 9 18 36 36 0.518808
450 18 0 36 36 0.590004
450 18 9 36 36 5.572997
450 18 18 36 36 3.099838
450 27 9 36 36 0.259015
450 27 18 36 36 0.860006
450 153 27 36 36 0.143443
450 162 27 36 36 3.235618
450 16 16 32 32 0.063247
450 16 24 32 32 0.480005
450 24 16 32 32 4.826622
450 24 24 32 32 9.799737
450 128 112 32 32 0.009621
450 256 152 32 32 0.028279
450 392 112 32 32 1.440027
450 357 119 28 28 0.084272
450 357 126 28 28 0.807757
480 256 32 64 64 0.754460
480 256 48 64 64 0.498594
480 27 126 36 36 0.418841
510 192 0 48 48 0.557519
510 204 0 48 48 0.060864
510 216 36 48 48 0.146838
510 192 0 48 48 0.557519
510 204 0 48 48 0.060864
510 216 36 48 48 0.146838
510 240 10 40 40 0.577764
510 256 24 32 32 1.770725
510 264 24 32 32 0.058543
510 21 126 28 28 0.049063
510 245 112 28 28 0.184916
510 469 112 28 28 2.131339
510 288 114 24 24 1.529582
540 0 0 64 64 1.532877
540 0 16 64 64 0.913670
540 16 0 64 64 4.809380
540 16 16 64 64 4.463650
540 32 0 64 64 3.732538
540 32 16 64 64 2.488176
540 24 112 32 32 2.202239
540 400 112 32 32 1.114313
540 408 0 32 32 3.077276
540 408 8 32 32 0.425857
540 112 112 28 28 2.188791
540 112 119 28 28 1.782176
540 119 112 28 28 0.182733
540 119 119 28 28 0.795558
540 462 112 28 28 2.395271
540 469 112 28 28 3.841280
570 16 0 64 64 0.330998
570 32 0 64 64 1.049510
570 48 16 64 64 0.259378
570 272 0 64 64 0.699708
570 128 112 32 32 2.286708
570 280 112 32 32 0.641987
570 112 112 28 28 2.271488
570 112 119 28 28 6.023925
570 112 126 28 28 3.862017
570 119 119 28 28 1.412238
570 126 126 28 28 0.431186
570 336 112 28 28 4.491802
570 336 119 28 28 2.339201
570 343 112 28 28 1.564675
570 343 119 28 28 6.007629
570 350 119 28 28 5.939588
570 357 119 28 28 1.779727
570 357 126 28 28 0.253764
570 462 112 28 28 3.163339
570 462 119 28 28 2.339767
570 469 112 28 28 4.517006
570 469 119 28 28 3.987030
570 6 96 24 24 0.323468
570 306 12 24 24 1.673074
600 176 112 32 32 0.357739
600 192 112 32 32 2.404840
600 119 119 28 28 1.177581
600 126 119 28 28 0.319993
600 224 119 28 28 2.697828
600 224 133 28 28 0.791405
600 231 112 28 28 1.026410
600 336 98 28 28 3.363019
600 343 98 28 28 0.099572
600 448 119 28 28 1.860853
600 455 112 28 28 2.909490
600 455 119 28 28 5.711855
600 462 112 28 28 1.097780
600 462 119 28 28 3.369091
630 0 168 48 48 2.994402
630 0 168 48 48 2.994402
630 0 176 44 44 4.686134
630 0 187 44 44 2.782464
630 11 176 44 44 3.038799
630 11 187 44 44 3.617947
630 22 187 44 44 1.858595
630 33 187 44 44 1.981993
630 0 170 40 40 1.462910
630 0 180 40 40 1.712507
630 0 190 40 40 3.353386
630 10 170 40 40 0.877697
630 10 180 40 40 2.391219
630 10 190 40 40 3.964892
630 20 190 40 40 3.290020
630 30 190 40 40 1.322286
630 432 144 36 36 6.690836
630 432 153 36 36 1.393163
630 441 144 36 36 2.614736
630 144 112 32 32 2.122656
630 176 112 32 32 0.043873
630 21 224 28 28 4.437300
630 21 231 28 28 1.590347
630 154 112 28 28 3.626100
630 154 119 28 28 3.415923
630 154 126 28 28 1.781086
630 168 112 28 28 0.944234
630 168 119 28 28 2.638831
630 168 126 28 28 1.422923
630 448 119 28 28 2.558050
630 448 126 28 28 2.184002
630 448 133 28 28 0.256415
630 18 96 24 24 1.923048
630 192 84 24 24 2.268347
630 210 84 24 24 2.432496
660 0 36 48 48 2.384852
660 12 36 48 48 2.535125
660 0 36 48 48 2.384852
660 12 36 48 48 2.535125
660 256 128 32 32 0.437575
660 256 136 32 32 0.502852
660 264 112 32 32 0.149322
660 384 256 32 32 0.204599
660 392 256 32 32 2.470494
660 400 112 32 32 0.269717
660 400 256 32 32 0.848010
660 408 112 32 32 0.683078
660 0 112 28 28 3.198628
660 0 119 28 28 1.814572
660 7 112 28 28 4.010548
660 7 119 28 28 1.208057
660 336 112 28 28 0.749495
660 96 114 24 24 3.618608
660 96 204 24 24 0.623781
660 102 114 24 24 2.383501
660 102 204 24 24 1.749388
660 108 204 24 24 0.877964
660 144 114 24 24 0.865236
690 256 16 64 64 1.911049
690 256 32 64 64 0.060726
690 352 16 64 64 0.987412
690 144 126 36 36 0.307370
690 306 162 36 36 0.884908
690 0 144 32 32 0.689133
690 128 128 32 32 1.414991
690 128 136 32 32 2.373346
690 136 128 32 32 1.030574
690 136 136 32 32 3.121778
690 144 136 32 32 2.786968
690 384 112 32 32 0.853166
690 384 272 32 32 1.382926
690 384 280 32 32 0.931239
690 392 280 32 32 2.002838
690 408 128 32 32 1.662099
690 126 133 28 28 1.288739
690 168 133 28 28 1.974544
690 336 112 28 28 2.342596
690 336 119 28 28 0.070241
690 336 126 28 28 0.520912
690 343 112 28 28 0.149096
690 390 288 24 24 0.061773
690 396 294 24 24 0.118971
690 402 294 24 24 1.504888
690 402 300 24 24 0.263045
720 36 36 48 48 3.190282
720 36 36 48 48 3.190282
720 198 297 36 36 0.695300
720 288 288 36 36 4.270677
720 288 297 36 36 4.260309
720 297 288 36 36 4.220181
720 297 297 36 36 0.929871
720 432 297 36 36 0.590850
720 432 306 36 36 3.953290
720 441 288 36 36 0.045917
720 441 297 36 36 2.711476
720 441 306 36 36 4.561841
720 450 306 36 36 2.444239
720 272 128 32 32 1.852239
720 336 112 28 28 0.256949
720 343 112 28 28 0.108010
720 0 198 24 24 3.507877
720 0 204 24 24 9.415865
720 0 210 24 24 7.142374
720 6 198 24 24 1.514874
720 6 204 24 24 6.011171
720 6 210 24 24 6.785753
720 12 84 24 24 0.617618
720 12 210 24 24 1.448194
720 18 84 24 24 2.008597
720 96 114 24 24 0.360122
720 198 108 24 24 1.571666
720 198 114 24 24 1.920921
720 204 114 24 24 2.240437
720 210 306 24 24 0.488572
720 288 306 24 24 1.721305
720 294 300 24 24 1.603810
720 294 306 24 24 7.542781
720 300 300 24 24 0.702386
720 300 306 24 24 5.988667
720 306 306 24 24 1.253218
720 498 300 24 24 4.949655
720 498 306 24 24 5.485091
750 0 16 64 64 3.907452
750 0 32 64 64 3.143588
750 16 16 64 64 0.404453
750 16 32 64 64 2.935870
750 256 32 64 64 0.111431
750 396 36 48 48 0.478809
750 396 36 48 48 0.478809
750 136 112 32 32 1.347865
750 144 112 32 32 0.120390
750 126 112 28 28 0.078827
750 154 119 28 28 3.813496
750 238 119 28 28 0.271744
750 238 126 28 28 1.905579
750 245 126 28 28 1.118974
750 448 133 28 28 0.323254
750 469 112 28 28 1.380617
750 96 114 24 24 0.067223
750 288 114 24 24 0.156856
780 420 24 48 48 0.382415
780 420 36 48 48 0.978742
780 420 24 48 48 0.382415
780 420 36 48 48 0.978742
780 153 144 36 36 0.473825
780 450 126 36 36 0.924326
780 450 144 36 36 0.843653
780 459 126 36 36 4.108869
780 459 144 36 36 1.773409
780 0 112 32 32 2.008920
780 176 152 32 32 0.498802
780 448 112 28 28 3.209335
780 448 119 28 28 2.279930
780 455 98 28 28 1.354008
780 455 112 28 28 4.099374
780 455 119 28 28 1.779366
780 462 98 28 28 0.676310
780 462 112 28 28 3.411553
780 462 119 28 28 5.065751
780 462 126 28 28 4.211207
780 462 133 28 28 2.738893
780 469 119 28 28 2.622230
780 469 126 28 28 4.401320
780 469 133 28 28 4.966487
810 256 0 64 64 1.796505
810 256 16 64 64 0.077435
810 272 0 64 64 1.247382
810 0 0 48 48 0.078718
810 0 12 48 48 0.008774
810 288 36 48 48 0.988150
810 0 0 48 48 0.078718
810 0 12 48 48 0.008774
810 288 36 48 48 0.988150
810 22 0 44 44 0.669346
810 363 33 44 44 4.153134
810 374 33 44 44 0.335754
810 30 0 40 40 0.462966
810 18 126 36 36 0.964156
810 16 112 32 32 3.938416
810 24 112 32 32 3.753440
810 24 128 32 32 0.696510
810 176 144 32 32 2.930172
810 384 112 32 32 2.965453
810 392 24 32 32 0.641927
810 392 112 32 32 3.030966
810 392 128 32 32 2.029708
810 400 24 32 32 0.119963
810 400 112 32 32 0.148938
810 400 128 32 32 3.001559
810 21 119 28 28 1.819809
810 21 126 28 28 2.901534
810 336 112 28 28 3.219351
810 336 119 28 28 5.993002
810 336 126 28 28 3.372014
810 336 133 28 28 0.969763
810 343 112 28 28 8.084858
810 343 119 28 28 7.849044
810 343 126 28 28 2.334890
810 343 133 28 28 0.149397
810 350 112 28 28 6.140142
810 350 119 28 28 4.716310
810 357 112 28 28 2.458395
810 357 119 28 28 3.237814
810 0 84 24 24 3.623224
810 6 84 24 24 3.549093
810 12 84 24 24 0.903800
810 18 84 24 24 0.289699
810 192 96 24 24 1.108837
810 396 84 24 24 2.522228
810 402 84 24 24 1.926044
840 256 0 64 64 2.886950
840 256 16 64 64 1.292108
840 256 112 32 32 0.147463
840 0 98 28 28 0.621967
840 0 112 28 28 3.972846
840 7 98 28 28 1.358700
840 7 112 28 28 4.166637
840 14 112 28 28 0.194719
840 224 133 28 28 1.270533
840 238 98 28 28 2.067492
840 245 98 28 28 0.734061
840 245 112 28 28 2.128246
840 6 114 24 24 1.004397
840 12 108 24 24 0.816036
840 12 114 24 24 2.466344
840 18 114 24 24 0.513463
840 300 96 24 24 0.349958
870 16 0 64 64 1.564539
870 32 0 64 64 2.353380
870 48 0 64 64 1.133597
870 0 24 48 48 0.322106
870 0 36 48 48 1.049033
870 12 36 48 48 2.930053
870 24 24 48 48 1.202932
870 24 36 48 48 5.427506
870 36 36 48 48 2.319976
870 0 24 48 48 0.322106
870 0 36 48 48 1.049033
870 12 36 48 48 2.930053
870 24 24 48 48 1.202932
870 24 36 48 48 5.427506
870 36 36 48 48 2.319976
870 0 30 40 40 0.273260
870 0 144 36 36 0.875558
870 0 152 32 32 2.883703
870 8 152 32 32 1.081203
870 128 112 32 32 2.469927
870 136 112 32 32 1.560564
870 144 112 32 32 3.080261
870 176 112 32 32 6.019117
870 192 112 32 32 2.367627
870 392 136 32 32 0.191301
870 126 98 28 28 2.077360
870 126 112 28 28 1.439609
870 154 0 28 28 2.559456
870 154 119 28 28 0.211291
870 168 0 28 28 4.238006
870 168 126 28 28 0.133673
870 336 98 28 28 3.752342
870 343 98 28 28 5.433332
870 350 98 28 28 3.388966
870 357 98 28 28 0.526582
870 462 112 28 28 4.574708
870 462 119 28 28 0.332711
870 469 112 28 28 1.611800
870 469 119 28 28 0.040998
870 469 126 28 28 0.165188
870 0 192 24 24 2.924953
870 0 198 24 24 1.919843
870 6 192 24 24 2.758154
870 6 198 24 24 2.290163
870 12 192 24 24 4.350695
870 12 198 24 24 1.995178
870 12 204 24 24 0.605181
870 18 84 24 24 1.532442
870 18 192 24 24 4.021237
870 18 198 24 24 2.310399
870 18 204 24 24 1.364400
870 132 96 24 24 0.803819
870 132 102 24 24 0.678727
870 144 108 24 24 0.744853
870 144 114 24 24 1.264143
870 192 114 24 24 3.371079
870 198 6 24 24 1.918737
870 198 12 24 24 2.005244
870 198 114 24 24 3.094852
870 204 12 24 24 2.877844
870 480 114 24 24 3.832391
900 0 36 48 48 2.317081
900 12 36 48 48 2.880455
900 24 36 48 48 0.530892
900 36 36 48 48 1.879964
900 0 36 48 48 2.317081
900 12 36 48 48 2.880455
900 24 36 48 48 0.530892
900 36 36 48 48 1.879964
900 176 33 44 44 3.298988
900 187 33 44 44 1.209311
900 384 112 32 32 1.397581
900 392 112 32 32 1.047681
900 0 112 28 28 2.286039
900 0 119 28 28 1.995131
900 7 98 28 28 1.225376
900 7 112 28 28 2.221295
900 14 98 28 28 2.561411
900 14 112 28 28 3.720429
900 14 133 28 28 1.439057
900 21 98 28 28 4.377947
900 21 112 28 28 5.332793
900 224 98 28 28 2.062556
900 357 112 28 28 1.022882
900 469 133 28 28 0.243800
900 0 108 24 24 3.526732
900 0 114 24 24 5.899956
900 6 114 24 24 1.314113
900 18 114 24 24 2.472796
900 96 102 24 24 1.749813
900 96 108 24 24 3.298809
900 102 6 24 24 1.021619
900 144 114 24 24 0.225502
900 384 102 24 24 0.438179
930 0 0 64 64 1.009385
930 32 16 64 64 0.574464
930 32 32 64 64 1.025864
930 288 16 64 64 0.468680
930 12 12 48 48 3.689081
930 12 24 48 48 5.576614
930 12 36 48 48 2.085683
930 24 12 48 48 4.333156
930 24 24 48 48 3.799613
930 24 36 48 48 4.127960
930 36 12 48 48 0.009159
930 36 24 48 48 0.693835
930 36 36 48 48 3.871321
930 264 36 48 48 0.842264
930 12 12 48 48 3.689081
930 12 24 48 48 5.576614
930 12 36 48 48 2.085683
930 24 12 48 48 4.333156
930 24 24 48 48 3.799613
930 24 36 48 48 4.127960
930 36 12 48 48 0.009159
930 36 24 48 48 0.693835
930 36 36 48 48 3.871321
930 264 36 48 48 0.842264
930 22 22 44 44 3.343080
930 22 33 44 44 3.390250
930 33 22 44 44 2.548119
930 33 33 44 44 2.158576
930 30 30 40 40 0.288140
930 0 9 36 36 0.063716
930 256 112 32 32 3.504587
930 264 112 32 32 1.927354
930 272 112 32 32 0.418127
930 384 128 32 32 0.344316
930 168 133 28 28 2.810850
930 245 119 28 28 3.173610
930 245 126 28 28 0.169718
930 462 126 28 28 1.617577
930 462 133 28 28 5.174093
930 469 126 28 28 2.386350
930 469 133 28 28 4.813614
930 0 114 24 24 0.675609
930 210 108 24 24 0.316078
960 0 16 64 64 1.633165
960 0 32 64 64 1.024260
960 0 48 64 64 0.597887
960 16 16 64 64 3.044149
960 16 32 64 64 3.568062
960 16 48 64 64 5.131734
960 32 32 64 64 2.658490
960 32 48 64 64 4.967569
960 48 48 64 64 1.786366
960 198 126 36 36 0.160855
960 450 126 36 36 0.432064
960 459 126 36 36 0.973556
960 0 112 32 32 1.834718
960 8 112 32 32 0.759744
960 384 136 32 32 3.177051
960 384 144 32 32 1.908070
960 392 136 32 32 1.935820
960 392 144 32 32 2.153639
960 0 112 28 28 2.461533
960 0 119 28 28 1.750013
960 7 112 28 28 2.901407
960 7 119 28 28 3.318170
960 14 112 28 28 2.698151
960 14 119 28 28 2.532758
960 21 112 28 28 0.902286
960 154 98 28 28 1.328124
990 352 0 64 64 0.967328
990 0 12 48 48 0.566012
990 0 24 48 48 0.772494
990 0 36 48 48 0.844556
990 0 12 48 48 0.566012
990 0 24 48 48 0.772494
990 0 36 48 48 0.844556
990 0 33 44 44 4.117482
990 432 126 36 36 0.190843
990 343 126 28 28 0.540289
990 350 119 28 28 4.190661
990 350 126 28 28 8.937371
990 357 112 28 28 2.165348
990 357 119 28 28 4.331464
990 357 126 28 28 6.861631
990 0 210 24 24 0.042450
990 144 192 24 24 1.088128
990 144 198 24 24 1.410406
990 294 102 24 24 2.043052
1020 0 16 64 64 0.526445
1020 176 22 44 44 1.323276
1020 187 33 44 44 0.141146
1020 224 112 28 28 7.786702
1020 224 119 28 28 3.876839
1020 231 112 28 28 6.482327
1020 231 119 28 28 4.502870
1020 231 126 28 28 0.205428
1020 238 112 28 28 2.819746
1020 238 119 28 28 2.017181
1020 245 112 28 28 2.547952
1020 245 119 28 28 0.914055
1020 336 112 28 28 2.687619
1020 462 133 28 28 1.220640
1020 132 84 24 24 1.552063
1020 192 84 24 24 1.739808
1020 198 84 24 24 4.145698
1020 204 84 24 24 2.576310
1050 48 0 64 64 1.289964
1050 36 36 48 48 1.452704
1050 36 36 48 48 1.452704
1050 14 112 28 28 4.894845
1050 21 98 28 28 1.217526
1050 21 112 28 28 4.362404
1050 112 98 28 28 1.029118
1050 119 98 28 28 1.223962
1050 126 98 28 28 0.145194
1050 154 98 28 28 5.436749
1050 154 112 28 28 4.142502
1050 168 98 28 28 2.137612
1050 168 112 28 28 0.749370
1050 238 98 28 28 4.072466
1050 245 98 28 28 2.312819
1050 448 119 28 28 2.627338
1050 12 96 24 24 0.913112
1050 96 108 24 24 2.154134
1050 96 114 24 24 2.752582
1050 102 108 24 24 3.910758
1050 102 114 24 24 4.082527
1050 108 108 24 24 2.875277
1050 108 114 24 24 5.366682
1050 132 108 24 24 1.862043
1050 132 114 24 24 1.573688
1050 144 108 24 24 2.196245
1050 144 114 24 24 6.922942
1050 192 114 24 24 0.329239
1050 288 108 24 24 2.047854
1050 288 114 24 24 5.533841
1050 294 102 24 24 0.609437
1050 294 108 24 24 3.462037
1050 294 114 24 24 3.247049
1050 300 102 24 24 1.782353
1050 300 108 24 24 1.355990
1080 288 36 48 48 0.771504
1080 288 36 48 48 0.771504
1080 450 0 36 36 3.134709
1080 459 0 36 36 2.103867
1080 459 126 36 36 0.006053
1080 384 112 32 32 2.894088
1080 408 128 32 32 0.876740
1080 0 126 28 28 0.557702
1080 336 112 28 28 8.169312
1080 336 119 28 28 0.453499
1080 343 112 28 28 4.618224
1080 357 112 28 28 1.183540
1080 462 14 28 28 0.846736
1080 462 21 28 28 2.588695
1080 469 14 28 28 0.579048
1080 469 21 28 28 2.289238
1080 96 114 24 24 3.604540
1080 102 114 24 24 3.802498
1080 108 114 24 24 0.753289
1080 288 96 24 24 4.920925
1080 288 102 24 24 5.408530
1080 288 108 24 24 3.129652
1080 294 102 24 24 1.373629
1080 306 96 24 24 0.639181
1080 306 102 24 24 2.056694
1080 306 108 24 24 2.372554
1110 256 0 64 64 2.807555
1110 272 0 64 64 0.953482
1110 288 0 64 64 3.284987
1110 352 0 64 64 4.169281
1110 384 36 48 48 2.790335
1110 384 36 48 48 2.790335
1110 10 0 40 40 3.281255
1110 20 0 40 40 2.983730
1110 30 0 40 40 1.353185
1110 170 30 40 40 1.053157
1110 0 9 36 36 0.084448
1110 18 9 36 36 2.561038
1110 18 18 36 36 2.224506
1110 27 9 36 36 2.039263
1110 27 18 36 36 1.067357
1110 0 16 32 32 2.444401
1110 0 24 32 32 2.489506
1110 8 16 32 32 2.813940
1110 8 24 32 32 3.926260
1110 16 16 32 32 0.961419
1110 16 24 32 32 2.578117
1110 24 16 32 32 1.624995
1110 24 24 32 32 4.991722
1110 272 112 32 32 0.056585
1110 272 128 32 32 0.964424
1110 272 136 32 32 0.072903
1110 280 112 32 32 2.805634
1110 280 128 32 32 0.696395
1110 280 136 32 32 1.185508
1110 224 98 28 28 6.988122
1110 224 112 28 28 5.753179
1110 231 98 28 28 7.932188
1110 231 112 28 28 5.583864
1110 231 119 28 28 0.787586
1110 238 98 28 28 0.167548
1110 245 98 28 28 2.527252
1110 448 112 28 28 0.201678
1110 108 6 24 24 2.177269
1110 108 12 24 24 2.707105
1110 192 102 24 24 2.966250
1110 192 108 24 24 2.673588
1110 192 114 24 24 3.637542
1110 198 102 24 24 2.292435
1110 198 108 24 24 2.265044
1110 198 114 24 24 5.508975
1110 204 114 24 24 2.985578
1110 384 18 24 24 1.421658
1110 390 18 24 24 5.200147
1110 396 18 24 24 4.054913
1110 402 18 24 24 0.307024
1140 48 16 64 64 0.215269
1140 256 0 64 64 4.486789
1140 256 16 64 64 2.140558
1140 272 0 64 64 3.900318
1140 272 16 64 64 1.657559
1140 288 36 48 48 0.533373
1140 288 36 48 48 0.533373
1140 128 136 32 32 0.264187
1140 136 128 32 32 1.022732
1140 136 136 32 32 2.380206
1140 136 144 32 32 2.188970
1140 136 152 32 32 0.638469
1140 144 128 32 32 1.849080
1140 144 136 32 32 3.672967
1140 144 144 32 32 3.368384
1140 144 152 32 32 0.528214
1140 192 112 32 32 1.100463
1140 192 128 32 32 1.826535
1140 192 136 32 32 1.611068
1140 0 98 28 28 1.592178
1140 0 112 28 28 0.646424
1140 7 112 28 28 1.055361
1140 7 119 28 28 1.424300
1140 14 112 28 28 3.881008
1140 14 119 28 28 3.045931
1140 21 112 28 28 4.509605
1140 112 119 28 28 2.715010
1140 336 98 28 28 2.273757
1140 343 98 28 28 2.823234
1140 350 98 28 28 1.639706
1140 357 98 28 28 2.225997
1140 448 119 28 28 5.045151
1140 448 126 28 28 5.849816
1140 455 119 28 28 1.906077
1140 455 126 28 28 4.315341
1140 462 126 28 28 1.505533
1140 462 133 28 28 0.377303
1140 469 112 28 28 1.102445
1140 0 108 24 24 0.169929
1140 0 114 24 24 0.987288
1140 6 96 24 24 4.312112
1140 6 102 24 24 2.463131
1140 6 108 24 24 2.278937
1140 6 114 24 24 0.376634
1140 12 96 24 24 2.823660
1140 18 96 24 24 1.454897
1140 288 0 24 24 2.670111
1140 288 6 24 24 3.212427
1140 288 12 24 24 2.404756
1140 288 18 24 24 1.399128
1140 294 0 24 24 3.852936
1140 294 6 24 24 0.179209
1140 402 96 24 24 0.772950
1170 176 11 44 44 2.938359
1170 176 22 44 44 4.036475
1170 176 33 44 44 5.491755
1170 187 22 44 44 3.654778
1170 187 33 44 44 4.259074
1170 198 33 44 44 0.229836
1170 160 20 40 40 2.115101
1170 160 30 40 40 2.038832
1170 170 20 40 40 1.548669
1170 170 30 40 40 3.559395
1170 180 20 40 40 3.302565
1170 180 30 40 40 4.687254
1170 264 112 32 32 1.451399
1170 264 128 32 32 0.239702
1170 272 112 32 32 3.659418
1170 272 128 32 32 0.648333
1170 280 112 32 32 0.010755
1170 448 126 28 28 0.171340
1170 462 119 28 28 0.110910
1170 96 114 24 24 0.383411
1170 192 84 24 24 5.223402
1170 198 84 24 24 3.718913
1170 294 114 24 24 1.467218
1200 0 16 64 64 0.771829
1200 256 32 64 64 0.139100
1200 36 0 48 48 0.503386
1200 36 12 48 48 1.208463
1200 36 0 48 48 0.503386
1200 36 12 48 48 1.208463
1200 33 11 44 44 0.905716
1200 160 160 40 40 1.414716
1200 170 160 40 40 0.048723
1200 240 140 40 40 1.795022
1200 280 144 32 32 4.624502
1200 408 128 32 32 2.000299
1200 408 136 32 32 1.377974
1200 224 112 28 28 3.788318
1200 224 119 28 28 4.086209
1200 231 112 28 28 2.636189
1200 231 119 28 28 4.150245
1200 238 112 28 28 1.321789
1200 238 119 28 28 0.506112
1200 469 133 28 28 1.331209
1200 18 84 24 24 0.938090
1200 96 84 24 24 0.336825
1200 102 84 24 24 0.149228
1200 198 192 24 24 1.405248
1200 288 102 24 24 2.748007
1200 288 108 24 24 8.499112
1200 288 114 24 24 7.056441
1200 294 108 24 24 2.455624
1200 294 114 24 24 3.687875
1200 306 102 24 24 2.261497
1200 306 108 24 24 1.231201
1200 480 0 24 24 3.109684
1230 0 16 64 64 1.141688
1230 16 0 64 64 1.527538
1230 16 16 64 64 4.101624
1230 32 16 64 64 0.186631
1230 160 140 40 40 0.420024
1230 0 144 36 36 2.800763
1230 0 153 36 36 0.693035
1230 162 126 36 36 1.026506
1230 288 126 36 36 1.558568
1230 0 144 32 32 2.139221
1230 0 152 32 32 5.707206
1230 8 144 32 32 0.253527
1230 8 152 32 32 3.409940
1230 16 152 32 32 0.006958
1230 24 112 32 32 4.192249
1230 256 136 32 32 4.408693
1230 256 144 32 32 3.548132
1230 256 152 32 32 1.534018
1230 264 136 32 32 5.039369
1230 264 144 32 32 3.983539
1230 264 152 32 32 2.608003
1230 272 136 32 32 1.599938
1230 280 136 32 32 0.469683
1230 112 119 28 28 2.947536
1230 168 112 28 28 3.076972
1230 168 119 28 28 2.192092
1230 336 119 28 28 0.481075
1230 336 126 28 28 2.217415
1230 343 126 28 28 2.001876
1230 350 126 28 28 0.997227
1230 357 119 28 28 0.693992
1230 357 126 28 28 2.982997
1230 357 133 28 28 2.095523
1230 455 119 28 28 0.446550
1230 455 126 28 28 0.903494
1230 462 112 28 28 0.693194
1230 469 112 28 28 3.037120
1230 0 192 24 24 1.199319
1230 384 84 24 24 0.770285
1230 390 84 24 24 2.380321
1230 396 84 24 24 4.608597
1230 402 84 24 24 6.863050
1260 352 0 64 64 1.666159
1260 352 16 64 64 2.369184
1260 0 126 36 36 1.398618
1260 9 126 36 36 2.381061
1260 144 126 36 36 1.871954
1260 153 126 36 36 2.832599
1260 176 128 32 32 2.136838
1260 392 112 32 32 3.448094
1260 245 133 28 28 0.550880
1260 198 84 24 24 0.214972
1260 480 84 24 24 2.242835
1290 0 0 48 48 1.643507
1290 12 0 48 48 1.559638
1290 24 0 48 48 3.356233
1290 36 0 48 48 0.427485
1290 288 24 48 48 2.082591
1290 0 0 48 48 1.643507
1290 12 0 48 48 1.559638
1290 24 0 48 48 3.356233
1290 36 0 48 48 0.427485
1290 288 24 48 48 2.082591
1290 11 11 44 44 0.634138
1290 22 11 44 44 1.773255
1290 33 11 44 44 0.877080
1290 187 0 44 44 1.527931
1290 264 11 44 44 2.218723
1290 30 20 40 40 0.093596
1290 198 27 36 36 2.448017
1290 216 27 36 36 2.825958
1290 459 126 36 36 3.878596
1290 126 14 28 28 2.499057
1290 224 119 28 28 0.066415
1290 448 126 28 28 6.143149
1290 448 133 28 28 8.485100
1290 455 126 28 28 2.014999
1290 455 133 28 28 3.919241
1290 469 133 28 28 0.037596
1290 402 0 24 24 3.700382
1320 192 12 48 48 2.752731
1320 204 12 48 48 0.873130
1320 264 12 48 48 2.006525
1320 264 24 48 48 1.730966
1320 192 12 48 48 2.752731
1320 204 12 48 48 0.873130
1320 264 12 48 48 2.006525
1320 264 24 48 48 1.730966
1320 198 22 44 44 1.270859
1320 264 22 44 44 0.845522
1320 220 30 40 40 0.203636
1320 0 126 36 36 0.157186
1320 0 112 32 32 2.471752
1320 0 128 32 32 4.936991
1320 0 136 32 32 2.544704
1320 8 0 32 32 1.231764
1320 8 112 32 32 1.764152
1320 8 128 32 32 3.554744
1320 8 136 32 32 0.687541
1320 16 128 32 32 2.653920
1320 24 128 32 32 1.125051
1320 0 133 28 28 1.793353
1320 7 126 28 28 4.063131
1320 7 133 28 28 7.214699
1320 14 7 28 28 0.291188
1320 14 126 28 28 4.611489
1320 14 133 28 28 6.098383
1320 21 126 28 28 0.682664
1320 21 133 28 28 4.363084
1320 455 133 28 28 1.329121
1320 0 18 24 24 0.040013
1320 6 18 24 24 1.556777
1320 102 96 24 24 0.348245
1320 108 102 24 24 1.782768
1320 108 108 24 24 2.228599
1320 132 84 24 24 3.299377
1320 144 84 24 24 2.541699
1320 204 294 24 24 0.132315
1320 300 0 24 24 0.122985
1320 300 6 24 24 0.893336
1320 306 6 24 24 0.210478
1320 402 114 24 24 2.247133
1350 0 0 48 48 5.707342
1350 0 12 48 48 2.404702
1350 12 0 48 48 3.176562
1350 192 0 48 48 1.172413
1350 192 36 48 48 1.137138
1350 204 24 48 48 0.655663
1350 204 36 48 48 2.749777
1350 0 0 48 48 5.707342
1350 0 12 48 48 2.404702
1350 12 0 48 48 3.176562
1350 192 0 48 48 1.172413
1350 192 36 48 48 1.137138
1350 204 24 48 48 0.655663
1350 204 36 48 48 2.749777
1350 11 0 44 44 4.433587
1350 11 11 44 44 4.722330
1350 11 22 44 44 1.639985
1350 22 0 44 44 1.185573
1350 20 10 40 40 2.272967
1350 20 20 40 40 1.527358
1350 20 30 40 40 0.223108
1350 30 10 40 40 0.496748
1350 27 18 36 36 0.125920
1350 108 84 24 24 3.168937
1350 198 84 24 24 0.333568
1350 204 84 24 24 4.727940
1350 210 84 24 24 5.099237
1350 384 96 24 24 0.788685
1350 384 102 24 24 2.100549
1350 390 96 24 24 0.582827
1380 204 0 48 48 0.473597
1380 216 0 48 48 2.734320
1380 264 0 48 48 1.517942
1380 204 0 48 48 0.473597
1380 216 0 48 48 2.734320
1380 264 0 48 48 1.517942
1380 22 33 44 44 1.652996
1380 33 22 44 44 0.643061
1380 33 33 44 44 1.586200
1380 264 0 44 44 0.776184
1380 160 30 40 40 0.988003
1380 144 84 24 24 0.113783
1380 192 84 24 24 1.708354
1380 192 96 24 24 1.631538
1380 198 84 24 24 2.685460
1380 198 96 24 24 3.385957
1380 204 96 24 24 4.107726
1380 210 96 24 24 2.129237
1380 300 84 24 24 0.684115
1410 0 36 48 48 1.405363
1410 0 36 48 48 1.405363
1410 0 33 44 44 0.965266
1410 432 126 36 36 2.208564
1410 14 112 28 28 1.032611
1410 14 119 28 28 1.648130
1410 21 112 28 28 4.891838
1410 21 119 28 28 1.902804
1410 154 98 28 28 4.985376
1410 168 98 28 28 3.281492
1410 448 133 28 28 0.160546
1410 455 112 28 28 1.126659
1410 455 119 28 28 1.481602
1410 132 84 24 24 0.888156
1410 132 96 24 24 3.988065
1410 132 102 24 24 0.464098
1440 0 0 64 64 1.122521
1440 0 16 64 64 2.845728
1440 0 36 48 48 2.743332
1440 12 12 48 48 0.398007
1440 12 36 48 48 0.963384
1440 24 12 48 48 0.320783
1440 24 24 48 48 0.200896
1440 36 12 48 48 1.847227
1440 36 24 48 48 1.599961
1440 192 36 48 48 0.051961
1440 0 36 48 48 2.743332
1440 12 12 48 48 0.398007
1440 12 36 48 48 0.963384
1440 24 12 48 48 0.320783
1440 24 24 48 48 0.200896
1440 36 12 48 48 1.847227
1440 36 24 48 48 1.599961
1440 192 36 48 48 0.051961
1440 0 33 44 44 1.297987
1440 22 22 44 44 1.506266
1440 33 22 44 44 1.228315
1440 30 30 40 40 1.243297
1440 0 0 32 32 1.736195
1440 8 0 32 32 0.447956
1440 16 0 32 32 0.256422
1440 24 112 32 32 7.033067
1440 343 98 28 28 0.421729
1440 350 7 28 28 1.234988
1440 350 98 28 28 0.554859
1440 357 98 28 28 1.420930
1440 132 96 24 24 2.347400
1440 132 102 24 24 1.313824
1470 242 0 44 44 0.143252
1470 240 0 40 40 1.134644
1470 0 112 32 32 14.610176
1470 8 112 32 32 10.560040
1470 16 112 32 32 0.010988
1470 7 98 28 28 3.000424
1470 7 112 28 28 9.663700
1470 7 119 28 28 12.191013
1470 7 126 28 28 5.230980
1470 14 98 28 28 4.832890
1470 14 112 28 28 12.501138
1470 14 119 28 28 11.849125
1470 14 126 28 28 3.721974
1470 21 112 28 28 2.896610
1470 0 108 24 24 1.319427
1470 18 102 24 24 1.893933
1470 18 108 24 24 7.043431
1470 18 114 24 24 7.892811
1470 396 0 24 24 1.007491
1470 402 0 24 24 1.597712
1470 402 6 24 24 1.718527
1500 363 22 44 44 0.643667
1500 374 22 44 44 2.440059
1500 374 33 44 44 0.754995
1500 374 187 44 44 0.207046
1500 385 187 44 44 0.435475
1500 320 160 40 40 0.285672
1500 330 160 40 40 0.670654
1500 340 160 40 40 0.796961
1500 336 21 28 28 1.490053
1500 343 21 28 28 0.318393
1500 343 245 28 28 0.450772
1500 350 224 28 28 0.088923
1500 350 245 28 28 0.103550
1500 462 14 28 28 0.609061
1500 469 14 28 28 2.078263
1500 469 21 28 28 1.909361
1500 192 6 24 24 1.150792
1500 198 0 24 24 1.656162
1500 198 6 24 24 1.790100
1500 204 0 24 24 3.954281
1500 204 6 24 24 1.592373
1500 210 0 24 24 4.150447
1500 288 12 24 24 0.535781
1530 256 112 32 32 2.674223
1530 264 112 32 32 0.744776
1530 7 98 28 28 1.661965
1530 14 98 28 28 2.859134
1530 21 98 28 28 3.038096
1530 231 21 28 28 1.159855
1530 231 119 28 28 0.247167
1530 238 21 28 28 3.260274
1530 238 119 28 28 0.382858
1530 350 98 28 28 0.704982
1530 357 98 28 28 0.672712
1530 0 96 24 24 2.660696
1530 6 96 24 24 3.304030
1530 6 102 24 24 1.202097
1530 12 96 24 24 2.549147
1530 12 102 24 24 2.183533
1530 18 96 24 24 6.545259
1530 18 102 24 24 4.276231
1530 18 114 24 24 1.740203
1530 198 114 24 24 1.526551
1530 204 114 24 24 2.313800
1530 210 114 24 24 4.885635
1530 390 6 24 24 0.789802
1530 396 6 24 24 3.572069
1530 396 12 24 24 0.669044
1530 402 6 24 24 2.150677
1530 402 12 24 24 1.223787
1530 480 0 24 24 3.661359
1530 486 0 24 24 1.015378
1530 492 0 24 24 1.712841
1530 498 0 24 24 1.424144
1560 48 0 64 64 0.585244
1560 256 16 64 64 4.035881
1560 256 32 64 64 0.445275
1560 272 16 64 64 7.675654
1560 272 32 64 64 5.065398
1560 288 16 64 64 4.119261
1560 288 32 64 64 5.204670
1560 459 144 36 36 0.513608
1560 459 153 36 36 0.008206
1560 176 112 32 32 2.892270
1560 392 112 32 32 2.274805
1560 400 112 32 32 3.809210
1560 400 128 32 32 1.489149
1560 408 128 32 32 3.947326
1560 0 112 28 28 0.504661
1560 0 119 28 28 1.269756
1560 0 126 28 28 0.190770
1560 7 119 28 28 0.558010
1560 7 126 28 28 1.379159
1560 126 112 28 28 0.860402
1560 350 133 28 28 1.905475
1560 357 126 28 28 3.758957
1560 357 133 28 28 6.686752
1560 469 0 28 28 1.836513
1560 144 114 24 24 3.556614
1560 192 114 24 24 0.356649
1560 198 114 24 24 3.020427
1560 396 12 24 24 0.679692
1560 396 18 24 24 3.255344
1560 402 12 24 24 0.637301
1560 402 18 24 24 4.774439
1560 480 12 24 24 1.431273
1560 480 18 24 24 0.537623
1560 486 6 24 24 0.843457
1590 0 32 64 64 1.914767
1590 0 48 64 64 1.735986
1590 272 32 64 64 1.092580
1590 272 48 64 64 0.255104
1590 288 16 64 64 0.673916
1590 288 32 64 64 4.482851
1590 288 48 64 64 2.551013
1590 20 160 40 40 0.952175
1590 20 170 40 40 0.606778
1590 18 171 36 36 1.652364
1590 27 162 36 36 0.468382
1590 27 171 36 36 3.410604
1590 168 119 28 28 0.836129
1590 357 126 28 28 2.465954
1590 357 133 28 28 1.676503
1620 256 16 64 64 0.369719
1620 459 27 36 36 1.938461
1620 0 224 28 28 3.590409
1620 0 231 28 28 1.686489
1620 7 224 28 28 0.649842
1620 14 224 28 28 0.626239
1620 112 98 28 28 0.664548
1620 154 112 28 28 0.420496
1620 154 119 28 28 0.540138
1620 224 98 28 28 2.699994
1620 231 98 28 28 2.832323
1620 238 98 28 28 2.656830
1620 462 21 28 28 1.945692
1620 210 84 24 24 0.233943
1650 352 0 64 64 3.748670
1650 352 16 64 64 2.544733
1650 192 24 48 48 0.084184
1650 192 24 48 48 0.084184
1650 198 33 44 44 0.366941
1650 459 126 36 36 1.228589
1650 408 112 32 32 1.001219
1650 408 136 32 32 0.070035
1650 0 112 28 28 1.820933
1650 0 119 28 28 0.682346
1650 154 119 28 28 3.855418
1650 350 98 28 28 4.131378
1650 357 98 28 28 4.369760
1650 455 133 28 28 0.442420
1650 384 108 24 24 1.212551
1650 384 114 24 24 3.782094
1650 390 114 24 24 2.541805
1650 396 114 24 24 0.140003
1650 402 114 24 24 2.390322
1650 498 102 24 24 0.164815
1680 264 36 48 48 2.230594
1680 264 36 48 48 2.230594
1680 8 128 32 32 0.867938
1680 16 128 32 32 4.379291
1680 24 128 32 32 0.667096
1680 128 112 32 32 3.418089
1680 136 112 32 32 1.261646
1680 14 133 28 28 0.680512
1680 21 133 28 28 3.561763
1680 336 126 28 28 2.502676
1680 448 98 28 28 0.936336
1680 448 112 28 28 2.491379
1680 455 112 28 28 3.621786
1680 462 98 28 28 2.524046
1680 462 112 28 28 3.433474
1680 469 112 28 28 3.041997
1680 300 102 24 24 0.419441
1680 300 108 24 24 2.532968
1680 300 114 24 24 2.277460
1680 306 102 24 24 0.959982
1680 306 108 24 24 3.200694
1680 306 114 24 24 0.392979
1680 390 108 24 24 0.085043
1680 390 114 24 24 1.279428
1680 396 114 24 24 2.002395
1680 402 108 24 24 1.811802
1680 402 114 24 24 5.030404
1710 396 24 48 48 1.409536
1710 420 36 48 48 2.393961
1710 396 24 48 48 1.409536
1710 420 36 48 48 2.393961
1710 242 22 44 44 1.576945
1710 242 33 44 44 2.753873
1710 352 33 44 44 1.357332
1710 363 33 44 44 3.030827
1710 374 33 44 44 3.884153
1710 385 33 44 44 0.822626
1710 0 119 28 28 3.110415
1710 0 126 28 28 2.715277
1710 7 126 28 28 1.294321
1710 14 126 28 28 1.308380
1710 21 119 28 28 0.976420
1710 21 126 28 28 4.419137
1710 21 133 28 28 2.223093
1710 448 98 28 28 2.019131
1710 448 126 28 28 2.689244
1710 288 96 24 24 3.987981
1710 294 12 24 24 1.106022
1710 294 96 24 24 1.209232
1710 384 84 24 24 0.692462
1710 384 96 24 24 2.099983
1710 384 102 24 24 0.675203
1710 384 108 24 24 4.022806
1710 390 96 24 24 4.502711
1710 390 102 24 24 2.440432
1710 396 96 24 24 3.932820
1710 402 96 24 24 0.093570
1710 402 114 24 24 0.758970
1710 492 102 24 24 0.337370
1740 264 12 48 48 1.983274
1740 264 24 48 48 1.624076
1740 288 12 48 48 2.100191
1740 420 36 48 48 1.307421
1740 264 12 48 48 1.983274
1740 264 24 48 48 1.624076
1740 288 12 48 48 2.100191
1740 420 36 48 48 1.307421
1740 264 22 44 44 2.039798
1740 264 33 44 44 1.765350
1740 374 33 44 44 1.445487
1740 385 22 44 44 0.934971
1740 385 33 44 44 3.003992
1740 160 30 40 40 2.919049
1740 220 0 40 40 0.671439
1740 240 10 40 40 0.338586
1740 320 30 40 40 0.264662
1740 330 20 40 40 1.817435
1740 216 9 36 36 3.078140
1740 469 112 28 28 1.876710
1740 6 0 24 24 2.440695
1740 288 12 24 24 0.474713
1740 288 114 24 24 1.686546
1740 294 84 24 24 0.874543
1740 294 114 24 24 1.938470
1740 300 114 24 24 1.154117
1740 306 96 24 24 0.338276
1740 384 0 24 24 4.085199
1740 384 6 24 24 3.338412
1740 384 12 24 24 0.347246
1740 384 84 24 24 2.853242
1740 390 84 24 24 2.255128
1740 480 114 24 24 0.413708
1740 486 114 24 24 0.521417
1770 256 0 64 64 0.127164
1770 352 16 64 64 0.365535
1770 0 24 48 48 1.976069
1770 192 24 48 48 3.501509
1770 204 24 48 48 3.150580
1770 264 36 48 48 3.470356
1770 288 24 48 48 0.961960
1770 288 36 48 48 1.701720
1770 384 36 48 48 1.938732
1770 396 24 48 48 3.035699
1770 396 36 48 48 2.871603
1770 408 24 48 48 4.285280
1770 408 36 48 48 3.201688
1770 0 24 48 48 1.976069
1770 192 24 48 48 3.501509
1770 204 24 48 48 3.150580
1770 264 36 48 48 3.470356
1770 288 24 48 48 0.961960
1770 288 36 48 48 1.701720
1770 384 36 48 48 1.938732
1770 396 24 48 48 3.035699
1770 396 36 48 48 2.871603
1770 408 24 48 48 4.285280
1770 408 36 48 48 3.201688
1770 0 33 44 44 1.580271
1770 11 33 44 44 2.992518
1770 176 33 44 44 4.012441
1770 187 33 44 44 0.487755
1770 198 33 44 44 2.042307
1770 385 33 44 44 1.560808
1770 128 24 32 32 2.388272
1770 224 112 28 28 0.337016
1770 231 98 28 28 3.494164
1770 231 112 28 28 5.606918
1770 231 119 28 28 1.985022
1770 238 98 28 28 0.511043
1770 238 112 28 28 11.476151
1770 238 119 28 28 5.506940
1770 245 112 28 28 7.060362
1770 245 119 28 28 4.438122
1770 6 96 24 24 0.803879
1770 192 84 24 24 3.858606
1770 192 96 24 24 3.994322
1770 198 84 24 24 7.202367
1770 198 96 24 24 4.278634
1770 204 84 24 24 6.845213
1770 204 96 24 24 4.527688
1770 210 84 24 24 1.225194
1770 210 96 24 24 3.327184
1770 294 114 24 24 4.371634
1770 300 114 24 24 4.325961
1770 306 108 24 24 1.891745
1770 306 114 24 24 3.231322
1770 498 204 24 24 0.789679
1800 256 0 64 64 5.080612
1800 256 16 64 64 0.356402
1800 272 0 64 64 5.709166
1800 288 0 64 64 3.428070
1800 352 0 64 64 2.830969
1800 0 24 48 48 1.461204
1800 0 36 48 48 3.926106
1800 12 24 48 48 2.089809
1800 12 36 48 48 3.660453
1800 24 24 48 48 1.426324
1800 24 36 48 48 0.904044
1800 192 36 48 48 1.798162
1800 264 24 48 48 1.371503
1800 264 36 48 48 4.874096
1800 288 24 48 48 3.480402
1800 288 36 48 48 7.711039
1800 384 24 48 48 0.246627
1800 384 36 48 48 3.451667
1800 396 24 48 48 2.085095
1800 396 36 48 48 1.221165
1800 408 24 48 48 0.446120
1800 408 36 48 48 2.462439
1800 420 36 48 48 0.657870
1800 0 24 48 48 1.461204
1800 0 36 48 48 3.926106
1800 12 24 48 48 2.089809
1800 12 36 48 48 3.660453
1800 24 24 48 48 1.426324
1800 24 36 48 48 0.904044
1800 192 36 48 48 1.798162
1800 264 24 48 48 1.371503
1800 264 36 48 48 4.874096
1800 288 24 48 48 3.480402
1800 288 36 48 48 7.711039
1800 384 24 48 48 0.246627
1800 384 36 48 48 3.451667
1800 396 24 48 48 2.085095
1800 396 36 48 48 1.221165
1800 408 24 48 48 0.446120
1800 408 36 48 48 2.462439
1800 420 36 48 48 0.657870
1800 11 33 44 44 2.803879
1800 22 33 44 44 1.124912
1800 264 33 44 44 1.665323
1800 385 33 44 44 0.205836
1800 7 98 28 28 3.087090
1800 14 98 28 28 0.389389
1800 119 21 28 28 0.250835
1800 336 112 28 28 2.020726
1800 343 112 28 28 1.276201
1800 448 98 28 28 0.528799
1800 455 98 28 28 2.324047
1800 455 112 28 28 0.245536
1800 462 98 28 28 3.796600
1800 462 112 28 28 3.537070
1800 462 119 28 28 1.072522
1800 6 102 24 24 1.350805
1800 12 102 24 24 2.813838
1800 12 108 24 24 3.398849
1800 18 102 24 24 0.819371
1800 18 108 24 24 1.225041
1800 96 84 24 24 4.988244
1800 102 84 24 24 5.689159
1800 108 84 24 24 7.247495
1800 108 96 24 24 1.542821
1800 132 18 24 24 1.157568
1800 144 84 24 24 1.097584
1800 384 84 24 24 0.513989
1800 384 114 24 24 3.508672
1800 390 84 24 24 0.720566
1800 390 114 24 24 1.734258
1800 396 6 24 24 0.460657
1830 256 0 64 64 0.039998
1830 216 36 48 48 1.770664
1830 216 36 48 48 1.770664
1830 176 0 32 32 3.132769
1830 256 112 32 32 0.550350
1830 224 119 28 28 2.791126
1830 192 6 24 24 0.772741
1830 192 12 24 24 1.918456
1830 192 18 24 24 0.288911
1830 198 6 24 24 0.975688
1830 198 12 24 24 1.003016
1830 198 18 24 24 0.969619
1830 204 6 24 24 0.053242
