30 352 154 44 44 1.289848
30 160 160 40 40 3.651322
30 170 160 40 40 2.957263
30 340 140 40 40 0.396885
30 350 160 40 40 2.314602
30 350 170 40 40 0.317816
30 162 162 36 36 2.545377
30 162 171 36 36 1.790633
30 176 136 32 32 0.027308
30 192 204 24 24 1.021408
30 198 192 24 24 0.681828
30 198 198 24 24 3.332124
30 198 204 24 24 3.894409
30 204 198 24 24 2.791216
30 204 204 24 24 3.446418
30 210 198 24 24 1.173108
30 210 204 24 24 2.716739
30 402 192 24 24 0.887317
60 420 168 48 48 4.778326
60 420 168 48 48 4.778326
60 160 160 40 40 2.613187
60 170 170 40 40 0.116942
60 153 162 36 36 0.476246
60 153 171 36 36 1.228589
60 162 162 36 36 3.049367
60 162 171 36 36 2.816994
60 176 136 32 32 1.983714
60 176 144 32 32 0.667521
60 336 119 28 28 0.826869
60 462 231 28 28 1.035323
60 469 224 28 28 4.227849
60 469 231 28 28 2.443805
60 469 238 28 28 0.911071
60 192 198 24 24 0.538448
60 192 204 24 24 4.172867
60 192 210 24 24 1.452674
60 198 204 24 24 3.663065
60 198 210 24 24 1.598300
60 204 204 24 24 3.266655
60 204 210 24 24 0.402283
90 242 154 44 44 0.329146
90 160 140 40 40 0.732748
90 160 160 40 40 2.078425
90 170 140 40 40 2.508103
90 240 140 40 40 0.683756
90 153 162 36 36 1.926534
90 153 171 36 36 2.053721
90 162 153 36 36 0.180649
90 162 162 36 36 3.552161
90 162 171 36 36 3.044398
90 176 136 32 32 1.222256
90 176 144 32 32 2.972287
90 112 126 28 28 0.645616
90 112 133 28 28 3.936313
90 119 133 28 28 5.834188
90 126 133 28 28 2.065611
90 192 198 24 24 1.838966
90 192 204 24 24 4.252753
90 198 198 24 24 0.600691
90 198 204 24 24 3.113312
90 198 210 24 24 0.191955
90 204 198 24 24 0.492113
90 204 204 24 24 2.908312
90 204 210 24 24 0.067454
90 384 114 24 24 2.832538
120 160 140 40 40 1.981410
120 160 160 40 40 2.451162
120 170 140 40 40 1.736933
120 240 140 40 40 2.436127
120 153 153 36 36 0.270529
120 153 162 36 36 3.021229
120 153 171 36 36 0.806409
120 162 153 36 36 2.957115
120 162 162 36 36 3.925475
120 162 171 36 36 2.266824
120 128 128 32 32 0.575206
120 176 136 32 32 0.722358
120 176 144 32 32 1.480643
120 112 133 28 28 2.000396
120 119 133 28 28 0.946152
120 192 198 24 24 3.812886
120 198 198 24 24 1.049827
120 198 204 24 24 0.524339
120 204 198 24 24 1.661772
120 204 204 24 24 1.238043
150 11 154 44 44 0.349558
150 22 154 44 44 1.113297
150 33 154 44 44 0.983599
150 20 170 40 40 2.804291
150 20 180 40 40 1.554182
150 30 160 40 40 1.414123
150 30 170 40 40 3.504817
150 30 180 40 40 2.106365
150 160 140 40 40 0.568021
150 160 160 40 40 0.914954
150 160 170 40 40 3.383651
150 220 140 40 40 4.542069
150 162 153 36 36 3.076674
150 162 171 36 36 1.249269
150 128 136 32 32 0.845525
150 192 192 24 24 0.921124
150 198 192 24 24 1.858752
150 390 108 24 24 1.703158
150 486 210 24 24 1.794555
180 20 160 40 40 0.905187
180 180 140 40 40 0.682913
180 27 153 36 36 1.501867
180 27 162 36 36 3.115583
180 27 171 36 36 1.635784
180 144 126 36 36 1.319909
180 432 171 36 36 0.613122
180 136 136 32 32 0.030171
180 144 136 32 32 0.893918
180 132 192 24 24 5.414023
180 132 198 24 24 3.964657
180 144 192 24 24 2.206844
180 144 198 24 24 2.241119
180 288 192 24 24 2.865407
180 288 198 24 24 1.052973
180 294 192 24 24 1.389776
210 160 160 40 40 1.701884
210 170 160 40 40 2.418470
210 170 170 40 40 0.004670
210 180 160 40 40 0.306602
210 162 144 36 36 2.750359
210 162 153 36 36 2.145845
210 162 162 36 36 1.125202
210 288 162 36 36 1.790914
210 288 171 36 36 2.981426
210 297 171 36 36 1.227445
210 176 152 32 32 1.035852
210 204 204 24 24 1.883876
210 204 210 24 24 1.575037
210 210 198 24 24 0.825086
210 210 204 24 24 3.986558
210 210 210 24 24 3.392351
210 486 192 24 24 0.319147
240 0 48 64 64 1.794526
240 242 154 44 44 1.988458
240 264 154 44 44 1.508333
240 160 160 40 40 2.526078
240 160 170 40 40 3.036064
240 170 170 40 40 0.216316
240 240 160 40 40 0.601657
240 330 160 40 40 4.529867
240 330 170 40 40 1.863205
240 340 160 40 40 2.989143
240 350 160 40 40 0.205135
240 9 144 36 36 0.266198
240 18 144 36 36 1.291003
240 144 126 36 36 4.309852
240 153 126 36 36 0.622134
240 432 162 36 36 0.964923
240 441 162 36 36 0.033360
240 0 192 24 24 0.093449
240 198 210 24 24 2.216492
240 204 210 24 24 0.161862
270 12 192 48 48 1.286728
270 384 168 48 48 4.538124
270 12 192 48 48 1.286728
270 384 168 48 48 4.538124
270 22 187 44 44 0.378714
270 22 209 44 44 0.640630
270 264 154 44 44 2.335429
270 363 154 44 44 1.913396
270 363 176 44 44 0.674079
270 374 154 44 44 2.568153
270 374 176 44 44 5.326704
270 385 176 44 44 6.661261
270 385 187 44 44 0.758945
270 144 126 36 36 4.499737
270 153 126 36 36 3.282694
270 162 126 36 36 2.588936
270 288 171 36 36 0.944408
270 144 136 32 32 0.141577
270 144 144 32 32 0.340387
270 392 152 32 32 1.487597
270 0 224 28 28 4.381666
270 0 231 28 28 6.158931
270 0 238 28 28 5.008696
270 0 245 28 28 1.229284
270 7 224 28 28 4.673115
270 7 231 28 28 4.547159
270 7 238 28 28 2.484650
270 402 192 24 24 2.535090
300 0 48 64 64 0.070774
300 198 154 44 44 1.517473
300 216 171 36 36 0.521704
300 288 171 36 36 2.787858
300 297 171 36 36 3.932655
300 306 171 36 36 4.249310
300 6 96 24 24 0.018098
300 12 84 24 24 1.337752
300 132 210 24 24 0.130013
300 144 210 24 24 0.534280
300 390 192 24 24 1.429025
300 396 192 24 24 4.365233
300 402 192 24 24 5.227211
300 402 198 24 24 0.333200
330 384 168 48 48 0.185740
330 384 168 48 48 0.185740
330 264 154 44 44 5.364745
330 374 154 44 44 1.243445
330 385 154 44 44 3.136090
330 0 162 36 36 2.577011
330 288 162 36 36 5.414601
330 288 171 36 36 5.956528
330 297 162 36 36 3.226752
330 297 171 36 36 2.773951
330 12 198 24 24 0.431950
330 12 204 24 24 2.079404
330 18 192 24 24 1.201503
330 18 198 24 24 3.532276
330 18 204 24 24 3.461128
330 306 198 24 24 0.576423
330 306 204 24 24 2.157086
330 306 210 24 24 1.476331
330 390 192 24 24 2.000814
330 390 198 24 24 0.417637
330 390 204 24 24 1.586370
330 390 210 24 24 0.261027
330 396 192 24 24 1.861117
330 396 198 24 24 6.220132
330 396 204 24 24 4.911804
330 396 210 24 24 1.437465
330 402 192 24 24 0.703264
330 402 198 24 24 3.635274
330 402 204 24 24 6.560381
330 402 210 24 24 4.616430
360 384 168 48 48 5.691681
360 396 168 48 48 1.145971
360 408 168 48 48 3.980132
360 420 168 48 48 6.011801
360 384 168 48 48 5.691681
360 396 168 48 48 1.145971
360 408 168 48 48 3.980132
360 420 168 48 48 6.011801
360 176 154 44 44 0.537084
360 264 154 44 44 3.166348
360 363 154 44 44 1.313183
360 363 176 44 44 2.666193
360 374 154 44 44 2.136503
360 374 176 44 44 5.348535
360 374 187 44 44 0.874821
360 385 176 44 44 5.999434
360 385 187 44 44 3.904636
360 0 160 40 40 1.047822
360 180 140 40 40 1.202303
360 180 160 40 40 0.444094
360 9 162 36 36 0.303591
360 144 126 36 36 1.398731
360 153 126 36 36 0.898421
360 198 153 36 36 3.338527
360 198 162 36 36 4.207896
360 288 153 36 36 3.695290
360 288 162 36 36 4.786887
360 288 171 36 36 4.216119
360 297 162 36 36 2.263078
360 297 171 36 36 1.203913
360 448 224 28 28 1.363371
360 0 198 24 24 2.802680
360 6 204 24 24 2.147257
360 192 198 24 24 0.714742
360 198 198 24 24 2.850578
360 204 198 24 24 0.565372
360 210 198 24 24 1.288218
360 300 198 24 24 3.742083
360 300 204 24 24 1.104493
360 306 192 24 24 0.119951
360 306 198 24 24 5.055306
360 306 204 24 24 3.065522
360 384 204 24 24 0.469858
360 390 198 24 24 0.075414
360 402 204 24 24 0.322809
360 402 210 24 24 1.603326
360 486 210 24 24 3.351528
360 492 210 24 24 3.884267
390 32 48 64 64 0.675709
390 48 48 64 64 0.192298
390 363 154 44 44 1.294186
390 374 154 44 44 0.568103
390 198 144 36 36 2.165556
390 198 153 36 36 3.809420
390 216 144 36 36 1.600369
390 216 153 36 36 4.752924
390 216 162 36 36 1.783527
390 288 153 36 36 2.431302
390 288 162 36 36 3.150248
390 297 153 36 36 3.620842
390 297 162 36 36 3.266542
390 0 192 24 24 1.354306
390 0 198 24 24 4.027379
390 0 204 24 24 2.944151
390 306 192 24 24 2.358008
390 384 204 24 24 2.089339
390 396 192 24 24 0.332118
420 0 48 64 64 0.102677
420 16 48 64 64 0.238661
420 384 168 48 48 0.802150
420 420 168 48 48 0.817731
420 384 168 48 48 0.802150
420 420 168 48 48 0.817731
420 220 140 40 40 1.903856
420 216 144 36 36 1.047480
420 216 153 36 36 2.258842
420 288 153 36 36 3.736315
420 288 162 36 36 3.220464
420 288 171 36 36 0.877311
420 297 153 36 36 1.174167
420 432 171 36 36 1.272870
420 441 171 36 36 4.990680
420 450 171 36 36 4.703471
420 459 171 36 36 3.230730
420 0 114 24 24 1.266973
420 6 114 24 24 0.618231
420 6 198 24 24 4.129187
420 6 204 24 24 3.144088
420 12 192 24 24 1.694648
420 12 198 24 24 4.138705
420 12 204 24 24 3.940610
420 18 198 24 24 3.054800
420 18 204 24 24 1.345039
420 306 192 24 24 2.807228
420 402 192 24 24 0.208527
420 402 198 24 24 0.851951
450 385 176 44 44 0.035873
450 220 140 40 40 2.690966
450 216 144 36 36 5.663000
450 216 153 36 36 3.812501
450 0 136 32 32 0.867024
450 16 136 32 32 0.693556
450 16 144 32 32 0.228867
450 24 144 32 32 1.920984
450 128 144 32 32 1.123343
450 128 152 32 32 1.134707
450 300 192 24 24 3.201950
450 306 192 24 24 2.722363
480 144 126 36 36 3.212004
480 8 136 32 32 0.553225
480 8 144 32 32 0.006255
480 16 128 32 32 0.225145
480 16 136 32 32 0.571873
480 16 144 32 32 0.213484
480 144 128 32 32 0.407562
480 144 136 32 32 2.899720
480 192 112 32 32 1.739062
480 132 114 24 24 0.355589
480 144 114 24 24 0.431677
480 306 192 24 24 0.570331
480 396 204 24 24 1.490822
480 402 204 24 24 2.285624
480 402 210 24 24 0.473062
510 350 160 40 40 0.196085
510 350 170 40 40 0.630577
510 9 126 36 36 0.844486
510 18 126 36 36 2.431973
510 288 126 36 36 0.274859
510 288 144 36 36 1.462548
510 24 136 32 32 2.308598
510 24 144 32 32 0.467453
510 14 245 28 28 0.281630
510 21 245 28 28 0.194704
510 390 210 24 24 3.971867
510 396 204 24 24 0.013568
510 402 210 24 24 2.007215
510 480 96 24 24 0.761534
510 486 96 24 24 2.056636
540 297 126 36 36 1.388573
540 306 126 36 36 2.709452
540 384 128 32 32 0.291105
540 392 128 32 32 8.485250
540 392 136 32 32 0.855185
540 400 128 32 32 8.381803
540 400 136 32 32 1.654425
540 408 128 32 32 8.762553
540 408 136 32 32 2.930616
540 112 224 28 28 0.048758
540 112 231 28 28 1.303753
540 119 224 28 28 1.592381
540 119 231 28 28 3.485226
540 126 224 28 28 3.884663
540 126 231 28 28 3.349907
570 33 154 44 44 0.706918
570 198 33 44 44 1.330036
570 0 126 36 36 8.938951
570 9 126 36 36 4.661611
570 432 126 36 36 0.822031
570 0 128 32 32 9.175340
570 0 136 32 32 7.685747
570 0 144 32 32 1.060991
570 8 128 32 32 6.597315
570 8 136 32 32 10.149007
570 8 144 32 32 2.706766
570 16 128 32 32 1.423897
570 16 136 32 32 3.595600
570 264 144 32 32 0.084577
570 272 144 32 32 1.822665
570 392 128 32 32 6.016717
570 400 128 32 32 8.711081
570 400 136 32 32 0.286192
570 408 128 32 32 9.040191
570 408 136 32 32 5.350396
570 154 98 28 28 0.664142
570 198 108 24 24 0.573616
570 204 102 24 24 1.571774
570 204 108 24 24 4.450922
570 210 96 24 24 0.011547
570 210 102 24 24 3.397688
570 210 108 24 24 6.243399
570 210 114 24 24 1.804867
600 176 22 44 44 0.141494
600 144 153 36 36 2.369805
600 144 162 36 36 1.403197
600 216 126 36 36 1.630850
600 459 126 36 36 1.833537
600 408 128 32 32 4.224360
600 408 136 32 32 4.141358
600 96 192 24 24 5.511844
600 96 198 24 24 7.933545
600 96 204 24 24 4.027049
600 102 192 24 24 4.928670
600 102 198 24 24 6.555476
600 102 204 24 24 4.324504
600 108 192 24 24 3.290057
600 108 198 24 24 5.644268
600 108 204 24 24 1.486902
600 192 96 24 24 2.808258
600 198 96 24 24 2.144854
600 204 96 24 24 3.083830
600 294 114 24 24 1.430812
600 300 114 24 24 0.109924
630 432 126 36 36 3.913331
630 441 126 36 36 2.099040
630 450 126 36 36 0.621302
630 459 126 36 36 1.896737
630 0 18 24 24 0.540095
630 108 192 24 24 2.111821
630 132 96 24 24 0.239944
630 144 96 24 24 4.996373
630 144 102 24 24 1.613847
630 288 108 24 24 1.175777
630 288 114 24 24 1.635827
660 0 16 64 64 1.055924
660 24 24 48 48 1.765479
660 24 36 48 48 0.346799
660 24 24 48 48 1.765479
660 24 36 48 48 0.346799
660 33 33 44 44 2.646940
660 392 112 32 32 5.547322
660 400 112 32 32 5.117454
660 408 112 32 32 4.344388
660 448 119 28 28 2.665527
660 448 126 28 28 5.197581
660 132 84 24 24 4.813671
660 132 96 24 24 0.160358
660 144 84 24 24 1.835666
660 288 102 24 24 0.062551
660 288 108 24 24 3.988586
690 0 12 48 48 1.043509
690 0 24 48 48 3.782542
690 0 36 48 48 3.167125
690 204 12 48 48 0.322856
690 216 12 48 48 0.857982
690 0 12 48 48 1.043509
690 0 24 48 48 3.782542
690 0 36 48 48 3.167125
690 204 12 48 48 0.322856
690 216 12 48 48 0.857982
690 0 33 44 44 4.161126
690 11 33 44 44 0.095203
690 220 20 40 40 1.260998
690 220 30 40 40 3.687075
690 144 27 36 36 0.571653
690 256 144 32 32 0.559166
690 119 98 28 28 0.796622
690 448 119 28 28 1.947267
690 448 126 28 28 1.214722
690 455 126 28 28 0.921528
690 469 126 28 28 0.912758
690 96 84 24 24 0.481229
690 102 84 24 24 3.062078
690 108 84 24 24 4.426462
690 132 96 24 24 0.942091
690 132 102 24 24 1.849284
690 132 108 24 24 1.799396
690 288 102 24 24 0.691033
690 294 102 24 24 3.154286
690 294 108 24 24 0.041950
690 300 102 24 24 0.822624
720 0 24 48 48 0.876712
720 0 36 48 48 3.364036
720 264 24 48 48 3.009746
720 0 24 48 48 0.876712
720 0 36 48 48 3.364036
720 264 24 48 48 3.009746
720 240 10 40 40 0.405363
720 153 18 36 36 0.300992
720 153 27 36 36 1.087710
720 336 98 28 28 0.338210
720 350 98 28 28 0.653955
720 455 112 28 28 3.224400
720 18 84 24 24 0.190080
720 18 96 24 24 0.875934
720 96 84 24 24 4.115674
720 102 84 24 24 4.469630
720 108 84 24 24 5.510421
720 384 108 24 24 1.053557
720 384 114 24 24 0.495464
750 192 0 48 48 1.760833
750 264 36 48 48 3.226962
750 192 0 48 48 1.760833
750 264 36 48 48 3.226962
750 176 0 44 44 2.126154
750 187 0 44 44 3.137957
750 187 11 44 44 0.498101
750 198 33 44 44 0.333560
750 160 0 40 40 0.679027
750 144 9 36 36 0.422840
750 144 18 36 36 4.470069
750 144 27 36 36 2.074745
750 153 18 36 36 4.072626
750 153 27 36 36 1.298156
750 162 18 36 36 1.680326
750 144 24 32 32 0.522030
750 245 231 28 28 1.057989
750 0 84 24 24 4.224402
750 6 84 24 24 0.860586
750 12 84 24 24 0.789501
750 18 84 24 24 0.530857
750 96 84 24 24 3.499408
750 102 84 24 24 6.611236
750 108 84 24 24 2.017687
750 306 114 24 24 2.217015
750 384 84 24 24 0.671772
750 384 96 24 24 3.356957
750 390 96 24 24 2.098084
750 396 96 24 24 3.929572
750 402 96 24 24 4.325374
750 402 102 24 24 0.138779
780 256 16 64 64 0.641858
780 0 0 48 48 2.019127
780 0 12 48 48 1.462969
780 12 12 48 48 3.147107
780 24 0 48 48 2.346705
780 24 12 48 48 4.400483
780 36 12 48 48 3.078381
780 264 12 48 48 1.895476
780 264 36 48 48 0.114934
780 384 36 48 48 2.968423
780 396 24 48 48 4.002853
780 396 36 48 48 4.869488
780 408 24 48 48 2.754648
780 408 36 48 48 2.404147
780 420 24 48 48 0.185987
780 420 36 48 48 3.799480
780 0 0 48 48 2.019127
780 0 12 48 48 1.462969
780 12 12 48 48 3.147107
780 24 0 48 48 2.346705
780 24 12 48 48 4.400483
780 36 12 48 48 3.078381
780 264 12 48 48 1.895476
780 264 36 48 48 0.114934
780 384 36 48 48 2.968423
780 396 24 48 48 4.002853
780 396 36 48 48 4.869488
780 408 24 48 48 2.754648
780 408 36 48 48 2.404147
780 420 24 48 48 0.185987
780 420 36 48 48 3.799480
780 0 11 44 44 3.599933
780 0 22 44 44 2.896244
780 11 11 44 44 4.415621
780 11 22 44 44 2.788206
780 22 11 44 44 3.165096
780 22 22 44 44 4.413533
780 33 11 44 44 3.907980
780 33 22 44 44 6.343179
780 33 33 44 44 0.458095
780 176 0 44 44 1.407936
780 187 0 44 44 0.661205
780 242 33 44 44 0.197226
780 352 22 44 44 0.988074
780 352 33 44 44 3.845203
780 363 11 44 44 0.526884
780 363 22 44 44 3.245800
780 363 33 44 44 5.725664
780 374 33 44 44 4.706899
780 385 33 44 44 2.942200
780 10 20 40 40 1.269683
780 10 30 40 40 4.722653
780 20 20 40 40 2.814540
780 20 30 40 40 4.485978
780 30 20 40 40 4.016929
780 30 30 40 40 5.045271
780 160 10 40 40 0.787947
780 144 18 36 36 0.011265
780 144 27 36 36 2.181286
780 153 18 36 36 0.082334
780 153 27 36 36 0.481976
780 162 27 36 36 2.127527
780 144 24 32 32 1.674913
780 448 98 28 28 4.295984
780 455 98 28 28 3.903520
780 462 98 28 28 1.051832
780 0 84 24 24 5.830352
780 0 96 24 24 0.846317
780 6 84 24 24 10.508270
780 6 96 24 24 0.808064
780 12 84 24 24 6.058533
780 12 96 24 24 0.141741
780 18 84 24 24 6.000981
780 102 84 24 24 2.505539
780 108 84 24 24 4.124002
780 288 84 24 24 0.946226
780 288 102 24 24 2.019596
780 288 108 24 24 1.209020
780 402 84 24 24 0.147746
810 12 24 48 48 0.514265
810 24 12 48 48 0.731569
810 24 24 48 48 1.377807
810 216 0 48 48 1.916444
810 216 12 48 48 2.212963
810 264 24 48 48 0.183710
810 264 36 48 48 0.684558
810 288 12 48 48 0.255462
810 288 24 48 48 0.586848
810 12 24 48 48 0.514265
810 24 12 48 48 0.731569
810 24 24 48 48 1.377807
810 216 0 48 48 1.916444
810 216 12 48 48 2.212963
810 264 24 48 48 0.183710
810 264 36 48 48 0.684558
810 288 12 48 48 0.255462
810 288 24 48 48 0.586848
810 11 33 44 44 0.417708
810 33 33 44 44 1.612851
810 242 22 44 44 5.703989
810 242 33 44 44 0.480931
810 264 33 44 44 1.795572
810 352 22 44 44 4.047222
810 352 33 44 44 7.361843
810 363 22 44 44 1.148744
810 363 33 44 44 1.977332
810 385 33 44 44 0.770285
810 0 30 40 40 0.177475
810 160 30 40 40 0.106664
810 240 30 40 40 0.199178
810 340 30 40 40 2.846052
810 350 30 40 40 4.292184
810 0 98 28 28 0.624972
810 336 98 28 28 0.647112
810 0 96 24 24 2.210824
810 0 102 24 24 1.995712
810 0 108 24 24 4.978313
810 0 114 24 24 2.693252
810 6 96 24 24 1.294676
810 6 108 24 24 2.005035
810 12 96 24 24 1.057402
810 12 108 24 24 1.388252
810 18 84 24 24 1.159700
810 96 84 24 24 0.188208
810 96 96 24 24 1.182258
810 144 96 24 24 0.730204
810 288 102 24 24 0.820641
810 288 108 24 24 1.378204
810 294 108 24 24 3.396498
810 294 114 24 24 3.000644
810 300 108 24 24 1.219746
810 300 114 24 24 0.279187
810 384 84 24 24 2.404599
810 396 84 24 24 1.957253
840 256 0 64 64 1.276888
840 272 0 64 64 3.239246
840 272 16 64 64 1.330115
840 288 0 64 64 1.155050
840 288 16 64 64 0.470158
840 204 36 48 48 1.300915
840 216 36 48 48 3.553332
840 264 24 48 48 0.089659
840 288 36 48 48 3.543704
840 396 12 48 48 2.478379
840 396 24 48 48 3.400978
840 408 0 48 48 0.090629
840 408 12 48 48 3.512523
840 408 24 48 48 4.305015
840 420 24 48 48 2.110698
840 204 36 48 48 1.300915
840 216 36 48 48 3.553332
840 264 24 48 48 0.089659
840 288 36 48 48 3.543704
840 396 12 48 48 2.478379
840 396 24 48 48 3.400978
840 408 0 48 48 0.090629
840 408 12 48 48 3.512523
840 408 24 48 48 4.305015
840 420 24 48 48 2.110698
840 33 22 44 44 0.051141
840 242 33 44 44 4.819630
840 264 33 44 44 0.797630
840 374 33 44 44 2.197249
840 385 33 44 44 1.233624
840 0 112 28 28 0.876243
840 0 119 28 28 2.279957
840 7 98 28 28 0.271654
840 7 112 28 28 0.497662
840 7 119 28 28 0.934090
840 336 112 28 28 1.955582
840 6 102 24 24 1.317487
840 12 96 24 24 0.683129
840 12 102 24 24 3.984110
840 18 96 24 24 2.290491
840 18 102 24 24 4.600039
840 300 108 24 24 0.708860
840 306 108 24 24 3.100292
840 390 0 24 24 0.207267
840 396 0 24 24 0.502018
840 480 96 24 24 0.045724
840 480 198 24 24 0.445500
840 480 204 24 24 0.840052
840 486 204 24 24 1.970906
870 256 0 64 64 0.415786
870 352 16 64 64 2.874998
870 352 32 64 64 0.452698
870 192 36 48 48 4.823089
870 204 36 48 48 3.196261
870 216 36 48 48 3.111090
870 264 36 48 48 1.090621
870 288 36 48 48 1.532045
870 192 36 48 48 4.823089
870 204 36 48 48 3.196261
870 216 36 48 48 3.111090
870 264 36 48 48 1.090621
870 288 36 48 48 1.532045
870 8 112 32 32 0.002614
870 16 112 32 32 2.845854
870 24 112 32 32 3.470461
870 136 8 32 32 0.647546
870 144 8 32 32 0.578830
870 144 16 32 32 0.638481
870 384 112 32 32 2.263662
870 384 128 32 32 3.691446
870 392 112 32 32 2.790587
870 392 128 32 32 2.928000
870 21 126 28 28 0.987008
870 154 21 28 28 1.771867
870 168 126 28 28 1.438127
870 168 133 28 28 0.690465
870 224 112 28 28 1.050555
870 231 112 28 28 0.472669
870 238 112 28 28 0.386299
870 238 119 28 28 1.947054
870 245 112 28 28 2.169887
870 245 119 28 28 0.006529
870 336 112 28 28 2.394912
870 448 126 28 28 3.057090
870 448 133 28 28 3.915537
870 455 126 28 28 3.526128
870 455 133 28 28 4.429055
870 462 98 28 28 0.052728
870 462 126 28 28 1.421003
870 462 133 28 28 1.224762
870 469 98 28 28 3.246109
870 288 114 24 24 1.023764
870 390 114 24 24 1.627520
870 396 108 24 24 0.840139
870 396 114 24 24 2.713723
870 402 84 24 24 1.521827
870 402 96 24 24 3.961852
870 402 102 24 24 2.806535
870 402 114 24 24 2.185665
870 480 108 24 24 4.147171
870 480 114 24 24 3.676955
870 486 102 24 24 1.216221
870 486 108 24 24 2.419807
870 486 114 24 24 2.740351
870 498 108 24 24 0.930277
870 498 114 24 24 1.235276
900 0 0 64 64 4.651433
900 16 0 64 64 1.207422
900 32 0 64 64 0.013628
900 48 16 64 64 0.321572
900 264 36 48 48 1.382407
900 264 36 48 48 1.382407
900 363 33 44 44 0.322135
900 9 126 36 36 0.256032
900 18 126 36 36 0.448943
900 16 128 32 32 1.151590
900 24 136 32 32 0.337475
900 176 112 32 32 4.947393
900 256 112 32 32 2.854948
900 264 112 32 32 1.035706
900 272 16 32 32 1.133152
900 272 112 32 32 1.750061
900 280 16 32 32 1.746366
900 280 112 32 32 1.487362
900 112 112 28 28 0.715120
900 112 119 28 28 3.310519
900 119 119 28 28 2.053515
900 126 119 28 28 0.560018
900 168 112 28 28 0.159362
900 168 119 28 28 1.710138
900 448 126 28 28 0.437197
900 448 133 28 28 0.884441
900 462 231 28 28 0.100598
900 288 114 24 24 2.277439
900 294 114 24 24 1.570973
900 384 114 24 24 3.980613
900 390 114 24 24 4.650778
900 396 114 24 24 4.835830
900 402 114 24 24 4.326055
930 0 0 64 64 5.452287
930 0 16 64 64 7.562112
930 0 32 64 64 6.349246
930 16 0 64 64 4.429967
930 16 16 64 64 6.076280
930 16 32 64 64 4.758671
930 32 0 64 64 2.260034
930 32 16 64 64 4.172527
930 32 32 64 64 3.818767
930 48 16 64 64 0.695074
930 48 32 64 64 0.457076
930 288 0 64 64 0.659693
930 408 24 48 48 0.327940
930 408 24 48 48 0.327940
930 128 0 32 32 0.294061
930 128 8 32 32 0.243653
930 136 0 32 32 0.084655
930 176 112 32 32 2.789272
930 126 21 28 28 0.968978
930 224 112 28 28 5.948168
930 224 119 28 28 6.461964
930 224 126 28 28 1.033522
930 231 112 28 28 4.947251
930 231 119 28 28 4.743017
930 231 126 28 28 0.103358
930 238 112 28 28 1.155907
930 238 119 28 28 0.070378
930 343 98 28 28 0.472418
930 350 98 28 28 0.166356
930 357 98 28 28 0.516547
930 448 119 28 28 1.856412
930 455 112 28 28 2.191812
930 455 119 28 28 6.773434
930 455 126 28 28 3.537631
930 462 119 28 28 3.422484
930 462 126 28 28 2.296118
930 306 114 24 24 1.664096
930 396 108 24 24 0.015467
930 402 108 24 24 0.146601
930 402 114 24 24 1.157736
960 256 0 64 64 1.062556
960 272 0 64 64 2.510491
960 27 126 36 36 0.262268
960 176 112 32 32 3.038623
960 384 24 32 32 0.635380
960 7 98 28 28 3.810723
960 14 98 28 28 1.866457
960 14 112 28 28 3.326263
960 21 112 28 28 1.992495
960 112 224 28 28 3.397419
960 112 231 28 28 2.428704
960 119 224 28 28 2.510233
960 119 231 28 28 0.841363
960 126 126 28 28 3.481285
960 126 133 28 28 3.804534
960 336 98 28 28 3.161300
960 343 98 28 28 4.643169
960 350 98 28 28 3.829551
960 12 108 24 24 3.148855
960 12 114 24 24 1.785467
960 18 108 24 24 0.958352
960 18 114 24 24 4.024860
990 0 154 44 44 4.651828
990 11 154 44 44 0.744424
990 22 154 44 44 0.643966
990 33 154 44 44 2.082927
990 0 140 40 40 1.749124
990 0 160 40 40 5.413593
990 0 170 40 40 3.403424
990 10 160 40 40 3.996539
990 10 170 40 40 2.827399
990 160 0 40 40 0.869295
990 160 10 40 40 1.037738
990 160 170 40 40 0.110308
990 170 10 40 40 1.206249
990 0 153 36 36 2.658221
990 0 162 36 36 4.815598
990 0 171 36 36 4.845104
990 9 153 36 36 2.793647
990 9 162 36 36 4.387203
990 9 171 36 36 3.840914
990 18 162 36 36 1.061236
990 18 171 36 36 1.075441
990 144 18 36 36 4.138416
990 144 27 36 36 4.999822
990 162 27 36 36 1.787202
990 198 18 36 36 1.787906
990 198 27 36 36 0.380055
990 144 24 32 32 1.129605
990 192 128 32 32 2.252607
990 280 112 32 32 2.200951
990 408 112 32 32 1.768803
990 408 128 32 32 3.888546
990 336 126 28 28 2.831588
990 343 14 28 28 0.780308
990 343 21 28 28 3.188106
990 343 119 28 28 2.721643
990 343 126 28 28 6.262686
990 350 21 28 28 2.775639
990 350 119 28 28 1.393087
990 350 126 28 28 4.008922
990 6 192 24 24 1.336951
990 12 192 24 24 3.714233
990 12 198 24 24 2.669764
990 192 204 24 24 4.703491
990 192 210 24 24 4.334182
990 198 198 24 24 0.170728
990 198 204 24 24 11.787677
990 198 210 24 24 9.986075
990 204 204 24 24 2.663746
990 204 210 24 24 5.923034
1020 220 140 40 40 0.615462
1020 240 140 40 40 5.035968
1020 144 153 36 36 4.275576
1020 144 162 36 36 5.081140
1020 144 171 36 36 3.685364
1020 153 153 36 36 2.431176
1020 153 162 36 36 1.448207
1020 297 126 36 36 1.490538
1020 306 126 36 36 2.121794
1020 450 144 36 36 4.536577
1020 450 153 36 36 1.067902
1020 459 144 36 36 2.611283
1020 128 152 32 32 1.480054
1020 136 16 32 32 0.059843
1020 136 24 32 32 0.917235
1020 144 16 32 32 1.086478
1020 144 24 32 32 2.121535
1020 256 152 32 32 2.470313
1020 392 152 32 32 1.610298
1020 400 152 32 32 4.795444
1020 408 152 32 32 0.916611
1020 132 192 24 24 5.230471
1020 144 192 24 24 5.095180
1020 204 108 24 24 0.946933
1020 210 108 24 24 0.557984
1020 300 192 24 24 1.939995
1050 352 48 64 64 3.152563
1050 27 126 36 36 3.821885
1050 198 144 36 36 0.001050
1050 216 144 36 36 4.585087
1050 216 153 36 36 4.327717
1050 288 144 36 36 2.809671
1050 297 144 36 36 3.147667
1050 306 144 36 36 0.908776
1050 432 144 36 36 5.619372
1050 441 144 36 36 1.596666
1050 144 152 32 32 0.011240
1050 176 152 32 32 0.835585
1050 0 112 28 28 0.903351
1050 294 114 24 24 1.018095
1050 300 114 24 24 0.442333
1050 402 108 24 24 0.512829
1080 32 48 64 64 0.580604
1080 408 192 48 48 1.406690
1080 420 192 48 48 4.379534
1080 408 192 48 48 1.406690
1080 420 192 48 48 4.379534
1080 30 140 40 40 2.550490
1080 220 140 40 40 7.259005
1080 240 140 40 40 4.923241
1080 320 140 40 40 1.892912
1080 0 162 36 36 1.043928
1080 0 171 36 36 2.250846
1080 216 144 36 36 2.005188
1080 297 144 36 36 0.101215
1080 306 144 36 36 1.997510
1080 306 153 36 36 0.027470
1080 315 144 36 36 3.927999
1080 315 153 36 36 1.021848
1080 459 153 36 36 0.724755
1080 256 152 32 32 0.262495
1080 400 152 32 32 1.320690
1080 408 144 32 32 2.469532
1080 408 152 32 32 3.540642
1080 119 21 28 28 1.487843
1080 126 21 28 28 0.412373
1080 231 126 28 28 0.400238
1080 469 238 28 28 0.324868
1080 469 245 28 28 1.811238
1080 6 204 24 24 0.562839
1080 6 210 24 24 1.863011
1080 12 204 24 24 2.725945
1080 12 210 24 24 3.747471
1080 18 198 24 24 1.935454
1080 18 204 24 24 0.788860
1080 18 210 24 24 1.425851
1080 108 192 24 24 1.107642
1080 108 198 24 24 2.338131
1080 144 192 24 24 0.139965
1080 306 192 24 24 0.521867
1080 402 192 24 24 0.128995
1110 32 48 64 64 0.203002
1110 48 48 64 64 2.649571
1110 352 48 64 64 3.221096
1110 170 140 40 40 1.616914
1110 180 140 40 40 0.322059
1110 220 140 40 40 0.028828
1110 144 144 36 36 2.756409
1110 153 144 36 36 2.840175
1110 216 153 36 36 0.595227
1110 288 144 36 36 7.132109
1110 288 153 36 36 5.392847
1110 297 144 36 36 4.443030
1110 297 153 36 36 3.743865
1110 306 144 36 36 0.439822
1110 432 144 36 36 2.411192
1110 441 144 36 36 3.673706
1110 450 144 36 36 4.517789
1110 459 144 36 36 3.455382
1110 24 8 32 32 1.368959
1110 128 144 32 32 0.775850
1110 128 152 32 32 2.401758
1110 136 144 32 32 1.222518
1110 136 152 32 32 1.338542
1110 144 144 32 32 0.122437
1110 408 152 32 32 0.791867
1110 204 192 24 24 3.558816
1110 204 198 24 24 2.393595
1110 210 192 24 24 2.925479
1110 210 198 24 24 0.960670
1110 288 192 24 24 2.109105
1110 294 192 24 24 1.835086
1110 300 192 24 24 1.648701
1110 306 192 24 24 3.063167
1110 486 84 24 24 1.055942
1110 486 96 24 24 0.703846
1110 492 84 24 24 0.638297
1110 498 192 24 24 0.323060
1140 288 48 64 64 1.941056
1140 220 0 40 40 1.103140
1140 9 144 36 36 1.840446
1140 18 144 36 36 2.410753
1140 144 126 36 36 1.778678
1140 153 126 36 36 4.396968
1140 162 126 36 36 4.022258
1140 216 0 36 36 2.809335
1140 216 9 36 36 9.436092
1140 216 126 36 36 0.065712
1140 441 144 36 36 3.820426
1140 441 153 36 36 3.269469
1140 441 162 36 36 0.865140
1140 450 144 36 36 0.547240
1140 136 136 32 32 1.737183
1140 136 144 32 32 4.220786
1140 136 152 32 32 2.221009
1140 144 136 32 32 0.977603
1140 144 144 32 32 2.598416
1140 256 152 32 32 0.306682
1140 224 126 28 28 3.006905
1140 18 18 24 24 1.060310
1140 96 192 24 24 4.839273
1140 96 198 24 24 3.200078
1140 396 192 24 24 0.432390
1140 402 192 24 24 2.354472
1140 402 198 24 24 0.935632
1170 0 32 64 64 3.331469
1170 0 48 64 64 4.622521
1170 16 32 64 64 3.520130
1170 16 48 64 64 2.948776
1170 32 32 64 64 0.790320
1170 256 16 64 64 0.654461
1170 256 32 64 64 1.796088
1170 256 48 64 64 3.382840
1170 272 0 64 64 5.206738
1170 272 16 64 64 4.634367
1170 272 32 64 64 3.066014
1170 272 48 64 64 2.050002
1170 288 0 64 64 6.503166
1170 288 16 64 64 5.479207
1170 288 32 64 64 2.285544
1170 384 192 48 48 1.547484
1170 384 204 48 48 0.970255
1170 396 204 48 48 1.763605
1170 408 204 48 48 1.816741
1170 420 204 48 48 0.618875
1170 384 192 48 48 1.547484
1170 384 204 48 48 0.970255
1170 396 204 48 48 1.763605
1170 408 204 48 48 1.816741
1170 420 204 48 48 0.618875
1170 374 187 44 44 0.814271
1170 374 198 44 44 3.957070
1170 385 198 44 44 3.211346
1170 385 209 44 44 1.599275
1170 297 126 36 36 2.660091
1170 459 9 36 36 0.241527
1170 168 119 28 28 0.010781
1170 168 126 28 28 0.607726
1170 336 7 28 28 1.030394
1170 343 7 28 28 2.036902
1170 462 238 28 28 0.692229
1170 462 245 28 28 0.284610
1170 469 245 28 28 0.110638
1170 492 12 24 24 0.751884
1170 498 210 24 24 0.372586
1200 0 16 64 64 2.209317
1200 16 0 64 64 3.873111
1200 16 16 64 64 2.516893
1200 32 0 64 64 4.224840
1200 32 16 64 64 2.038760
1200 48 0 64 64 1.004835
1200 384 144 32 32 0.079246
1200 14 126 28 28 0.286083
1200 21 133 28 28 1.696444
1200 112 112 28 28 2.573609
1200 119 98 28 28 1.439282
1200 119 112 28 28 1.421061
1200 126 112 28 28 2.806188
1200 238 112 28 28 2.342641
1200 245 112 28 28 0.045715
1200 336 98 28 28 2.659779
1200 357 126 28 28 1.084883
1200 469 0 28 28 1.419786
1200 108 114 24 24 2.995911
1200 132 108 24 24 0.122825
1200 132 114 24 24 8.259550
1200 144 114 24 24 0.174296
1200 480 6 24 24 0.194680
1200 480 12 24 24 0.546447
1200 480 102 24 24 0.532571
1200 486 6 24 24 0.730311
1200 486 12 24 24 2.321301
1200 486 18 24 24 3.463146
1200 486 96 24 24 0.022565
1200 486 102 24 24 1.654974
1200 486 108 24 24 0.705968
1200 492 12 24 24 3.669890
1200 492 18 24 24 3.057559
1200 492 102 24 24 3.157209
1200 492 108 24 24 2.167723
1200 498 12 24 24 2.421192
1200 498 102 24 24 3.276940
1200 498 108 24 24 1.985837
1230 0 16 64 64 0.678034
1230 256 16 64 64 2.527567
1230 256 32 64 64 5.493549
1230 256 48 64 64 4.514320
1230 272 32 64 64 5.008587
1230 272 48 64 64 1.715688
1230 144 126 36 36 4.476804
1230 288 126 36 36 2.160974
1230 144 136 32 32 1.555775
1230 264 112 32 32 1.022113
1230 272 128 32 32 4.159076
1230 272 136 32 32 0.240979
1230 280 112 32 32 0.831807
1230 280 128 32 32 6.212972
1230 280 136 32 32 3.915808
1230 357 112 28 28 0.185210
1230 357 119 28 28 0.807418
1230 357 126 28 28 2.488815
1230 357 133 28 28 0.617239
1230 204 114 24 24 0.130971
1230 306 96 24 24 0.611728
1260 48 16 64 64 0.817858
1260 144 126 36 36 2.219949
1260 144 144 36 36 0.217789
1260 198 144 36 36 1.812108
1260 288 126 36 36 6.118305
1260 288 144 36 36 0.801823
1260 297 126 36 36 6.700122
1260 297 144 36 36 2.741188
1260 306 126 36 36 6.092695
1260 306 144 36 36 0.219202
1260 315 126 36 36 3.335500
1260 459 153 36 36 0.943829
1260 0 128 32 32 1.548954
1260 16 128 32 32 0.542754
1260 24 128 32 32 0.030763
1260 128 112 32 32 2.761432
1260 128 128 32 32 5.273838
1260 128 136 32 32 4.663441
1260 128 144 32 32 2.799177
1260 128 152 32 32 0.099467
1260 136 112 32 32 3.212298
1260 136 128 32 32 4.044479
1260 136 136 32 32 6.129807
1260 136 144 32 32 4.490236
1260 136 152 32 32 2.383375
1260 144 112 32 32 1.281974
1260 144 128 32 32 0.522095
1260 144 136 32 32 3.286647
1260 144 144 32 32 4.359169
1260 144 152 32 32 3.739630
1260 256 112 32 32 2.015129
1260 264 112 32 32 5.924045
1260 272 112 32 32 5.114100
1260 280 112 32 32 5.449201
1260 392 112 32 32 2.631731
1260 126 133 28 28 0.193333
1260 154 119 28 28 1.217477
1260 154 126 28 28 3.236516
1260 154 133 28 28 3.034886
1260 224 119 28 28 1.699692
1260 231 119 28 28 3.521488
1260 245 119 28 28 1.289672
1260 448 126 28 28 0.541854
1260 448 133 28 28 0.799241
1260 96 102 24 24 0.006160
1260 96 108 24 24 3.188727
1260 102 108 24 24 4.554830
1260 108 108 24 24 3.121994
1260 108 114 24 24 0.040130
1260 210 114 24 24 0.524616
1260 492 84 24 24 1.443198
1260 492 198 24 24 0.369516
1260 498 96 24 24 1.521874
1260 498 102 24 24 3.783283
1260 498 108 24 24 3.495965
1290 288 16 64 64 0.523805
1290 352 0 64 64 6.674611
1290 352 16 64 64 6.759786
1290 18 0 36 36 1.194083
1290 18 9 36 36 0.644830
1290 27 9 36 36 0.385628
1290 0 128 32 32 1.585036
1290 24 16 32 32 2.823752
1290 128 144 32 32 2.327733
1290 128 152 32 32 0.596916
1290 136 144 32 32 2.956022
1290 136 152 32 32 4.489043
1290 144 152 32 32 3.249641
1290 400 112 32 32 6.206114
1290 408 112 32 32 8.373385
1290 0 133 28 28 6.512719
1290 7 133 28 28 3.840285
1290 14 133 28 28 1.357770
1290 21 133 28 28 0.904347
1290 224 119 28 28 1.670105
1290 238 119 28 28 2.826902
1290 343 126 28 28 0.010120
1290 350 126 28 28 1.401177
1290 357 14 28 28 0.541253
1290 357 119 28 28 0.619424
1290 357 126 28 28 2.353576
1290 448 119 28 28 1.402172
1290 448 126 28 28 3.591395
1290 448 133 28 28 3.249421
1290 455 112 28 28 1.542931
1290 455 119 28 28 2.695721
1290 455 126 28 28 4.934547
1290 455 133 28 28 4.018621
1290 462 126 28 28 1.809689
1290 486 102 24 24 0.415614
1290 492 102 24 24 1.578570
1320 256 0 64 64 2.640967
1320 256 48 64 64 1.398121
1320 272 48 64 64 6.250620
1320 288 32 64 64 2.546405
1320 288 48 64 64 4.741741
1320 198 126 36 36 1.860603
1320 198 144 36 36 4.897416
1320 198 153 36 36 2.449851
1320 216 153 36 36 1.092403
1320 0 112 32 32 2.414222
1320 8 128 32 32 1.227451
1320 136 136 32 32 2.802642
1320 136 144 32 32 4.897553
1320 136 152 32 32 7.032454
1320 144 136 32 32 1.668340
1320 144 144 32 32 2.753165
1320 144 152 32 32 5.804747
1320 0 133 28 28 1.432381
1320 7 126 28 28 1.624282
1320 7 133 28 28 4.248409
1320 14 126 28 28 3.101589
1320 14 133 28 28 4.943504
1320 21 119 28 28 1.267533
1320 21 126 28 28 4.420472
1320 21 133 28 28 2.717044
1320 112 14 28 28 0.110573
1320 112 119 28 28 0.705625
1320 119 7 28 28 0.435383
1320 119 14 28 28 2.571871
1320 119 112 28 28 2.517905
1320 119 119 28 28 7.222756
1320 119 126 28 28 5.138223
1320 126 7 28 28 3.186669
1320 126 14 28 28 5.659379
1320 126 119 28 28 4.193755
1320 126 126 28 28 2.195080
1320 336 112 28 28 2.434496
1320 343 112 28 28 1.932175
1320 350 112 28 28 6.553461
1320 357 112 28 28 3.901734
1320 357 119 28 28 1.500298
1320 480 18 24 24 1.040354
1320 498 114 24 24 1.376126
1350 352 0 44 44 2.017189
1350 363 0 44 44 0.658055
1350 374 0 44 44 1.369240
1350 160 140 40 40 0.444768
1350 170 140 40 40 2.076314
1350 180 140 40 40 6.125317
1350 320 10 40 40 0.608218
1350 330 10 40 40 0.203463
1350 198 144 36 36 5.329045
1350 198 153 36 36 4.888390
1350 198 162 36 36 2.001605
1350 288 27 36 36 0.902300
1350 297 27 36 36 2.644816
1350 306 27 36 36 2.186166
1350 315 27 36 36 0.926178
1350 432 0 36 36 0.060405
1350 459 9 36 36 0.513586
1350 128 112 32 32 0.595952
1350 128 128 32 32 1.624454
1350 128 136 32 32 0.172144
1350 136 128 32 32 3.271245
1350 136 136 32 32 4.743189
1350 136 144 32 32 5.390856
1350 136 152 32 32 3.743772
1350 144 136 32 32 0.878863
1350 144 144 32 32 1.842270
1350 144 152 32 32 1.545042
1350 392 112 32 32 0.857055
1350 392 256 32 32 0.277057
1350 400 112 32 32 0.135757
1350 0 119 28 28 1.139158
1350 0 126 28 28 3.726053
1350 0 133 28 28 0.893607
1350 7 126 28 28 1.991475
1350 126 112 28 28 1.151835
1350 231 126 28 28 1.300961
1350 231 133 28 28 0.043411
1350 238 112 28 28 1.406970
1350 238 119 28 28 3.667763
1350 238 126 28 28 4.808600
1350 245 112 28 28 1.701178
1350 245 119 28 28 0.064835
1350 245 126 28 28 3.141573
1350 350 133 28 28 0.470093
1350 448 21 28 28 0.240844
1350 448 238 28 28 0.295702
1350 102 0 24 24 0.168850
1350 102 6 24 24 2.509845
1350 108 0 24 24 1.439130
1350 108 6 24 24 0.758279
1350 144 114 24 24 2.009127
1350 480 306 24 24 1.465475
1350 486 306 24 24 0.536103
1350 492 102 24 24 1.037197
1350 492 108 24 24 6.400321
1350 492 114 24 24 8.824844
1350 498 108 24 24 6.051767
1350 498 114 24 24 6.591930
1380 144 126 36 36 2.353460
1380 198 126 36 36 0.355890
1380 136 128 32 32 1.827480
1380 136 136 32 32 1.717445
1380 144 128 32 32 4.626870
1380 144 136 32 32 6.183498
1380 144 144 32 32 1.331690
1380 384 112 32 32 0.177616
1380 0 126 28 28 3.223625
1380 14 98 28 28 2.830133
1380 21 98 28 28 4.424693
1380 455 112 28 28 2.933683
1380 455 119 28 28 2.074861
1380 462 98 28 28 0.464199
1380 462 112 28 28 0.044256
1380 462 119 28 28 2.626606
1380 210 114 24 24 0.396108
1410 16 0 64 64 1.124458
1410 16 16 64 64 4.522951
1410 32 0 64 64 1.531147
1410 32 16 64 64 3.358546
1410 256 0 64 64 8.205308
1410 256 16 64 64 2.246773
1410 272 0 64 64 3.639176
1410 288 0 64 64 2.672360
1410 288 16 64 64 0.493257
1410 204 36 48 48 0.205130
1410 204 36 48 48 0.205130
1410 216 126 36 36 0.151185
1410 450 126 36 36 2.606533
1410 128 152 32 32 1.490626
1410 136 136 32 32 1.385244
1410 136 144 32 32 8.687701
1410 136 152 32 32 8.145869
1410 144 144 32 32 7.382224
1410 144 152 32 32 6.262200
1410 264 112 32 32 1.242866
1410 264 128 32 32 0.928985
1410 264 136 32 32 0.791160
1410 272 112 32 32 0.529099
1410 272 128 32 32 0.555665
1410 384 112 32 32 5.334844
1410 0 133 28 28 1.201922
1410 168 98 28 28 0.394555
1410 245 112 28 28 4.938487
1410 245 119 28 28 4.348585
1410 0 84 24 24 2.329786
1410 0 96 24 24 4.456599
1410 6 96 24 24 1.441949
1410 96 114 24 24 2.680668
1410 102 114 24 24 3.148919
1410 108 114 24 24 1.644283
1410 132 102 24 24 1.485159
1410 132 108 24 24 0.050205
1440 0 0 64 64 0.635915
1440 0 16 64 64 0.007388
1440 16 0 64 64 1.889171
1440 16 16 64 64 0.898407
1440 32 0 64 64 1.864809
1440 32 16 64 64 0.962658
1440 48 0 64 64 2.397005
1440 48 16 64 64 1.069817
1440 48 32 64 64 0.629546
1440 288 0 64 64 1.540160
1440 0 24 48 48 0.644121
1440 12 36 48 48 0.502178
1440 36 36 48 48 0.797079
1440 0 24 48 48 0.644121
1440 12 36 48 48 0.502178
1440 36 36 48 48 0.797079
1440 160 10 40 40 2.099046
1440 160 20 40 40 0.311575
1440 170 10 40 40 1.571581
1440 170 20 40 40 0.558607
1440 198 126 36 36 2.060682
1440 198 144 36 36 2.402350
1440 128 144 32 32 6.469498
1440 128 152 32 32 6.609534
1440 136 144 32 32 0.849518
1440 272 144 32 32 1.051468
1440 0 119 28 28 0.014157
1440 112 112 28 28 2.626386
1440 119 112 28 28 0.662242
1440 126 112 28 28 3.000530
1440 126 119 28 28 3.472732
1440 126 126 28 28 6.389124
1440 126 133 28 28 2.976066
1440 343 126 28 28 1.906855
1440 350 126 28 28 3.904707
1440 350 133 28 28 1.593218
1440 357 126 28 28 4.686034
1440 357 133 28 28 4.178109
1440 448 245 28 28 0.627590
1440 132 114 24 24 2.412796
1440 144 108 24 24 2.399998
1440 144 114 24 24 4.678234
1440 288 96 24 24 3.825774
1440 288 102 24 24 3.235864
1440 288 108 24 24 2.597967
1440 306 96 24 24 0.190398
1440 402 114 24 24 2.113304
1470 24 36 48 48 0.994619
1470 36 36 48 48 1.708005
1470 288 0 48 48 1.200742
1470 288 12 48 48 1.575094
1470 384 24 48 48 0.737621
1470 396 12 48 48 4.097004
1470 396 24 48 48 4.144709
1470 396 36 48 48 0.190389
1470 408 12 48 48 2.328555
1470 408 24 48 48 0.319818
1470 408 36 48 48 1.223605
1470 420 12 48 48 1.073813
1470 420 24 48 48 4.040432
1470 420 36 48 48 2.572386
1470 24 36 48 48 0.994619
1470 36 36 48 48 1.708005
1470 288 0 48 48 1.200742
1470 288 12 48 48 1.575094
1470 384 24 48 48 0.737621
1470 396 12 48 48 4.097004
1470 396 24 48 48 4.144709
1470 396 36 48 48 0.190389
1470 408 12 48 48 2.328555
1470 408 24 48 48 0.319818
1470 408 36 48 48 1.223605
1470 420 12 48 48 1.073813
1470 420 24 48 48 4.040432
1470 420 36 48 48 2.572386
1470 242 33 44 44 4.584806
1470 374 11 44 44 0.210056
1470 374 22 44 44 1.504828
1470 385 11 44 44 1.409734
1470 385 22 44 44 4.951342
1470 385 33 44 44 3.489635
1470 144 27 36 36 0.832698
1470 198 126 36 36 1.179785
1470 198 144 36 36 5.314754
1470 198 153 36 36 0.777195
1470 128 152 32 32 1.236819
1470 21 98 28 28 0.686721
1470 112 21 28 28 1.771576
1470 119 21 28 28 2.668693
1470 224 112 28 28 4.093246
1470 224 119 28 28 2.861200
1470 224 126 28 28 3.411746
1470 224 133 28 28 1.843770
1470 231 126 28 28 2.895050
1470 132 96 24 24 2.885979
1470 144 114 24 24 3.447729
1470 204 0 24 24 0.366368
1470 210 0 24 24 0.905645
1470 288 102 24 24 0.468402
1470 288 108 24 24 1.681441
1470 288 114 24 24 0.741937
1470 294 96 24 24 1.324343
1470 300 96 24 24 2.600976
1470 306 84 24 24 1.525951
1470 384 84 24 24 4.397749
1470 390 84 24 24 5.477023
1470 396 84 24 24 1.559830
1470 492 198 24 24 0.442074
1500 288 0 64 64 1.993474
1500 352 0 64 64 4.084025
1500 352 16 64 64 7.353732
1500 352 32 64 64 3.452144
1500 264 36 48 48 1.351650
1500 384 24 48 48 2.052532
1500 384 36 48 48 0.296360
1500 396 0 48 48 0.818565
1500 396 12 48 48 3.134232
1500 408 0 48 48 0.491231
1500 408 12 48 48 1.720700
1500 264 36 48 48 1.351650
1500 384 24 48 48 2.052532
1500 384 36 48 48 0.296360
1500 396 0 48 48 0.818565
1500 396 12 48 48 3.134232
1500 408 0 48 48 0.491231
1500 408 12 48 48 1.720700
1500 352 33 44 44 0.947654
1500 363 22 44 44 0.813417
1500 363 33 44 44 3.534467
1500 374 33 44 44 3.203348
1500 385 33 44 44 1.236805
1500 220 0 40 40 2.172935
1500 198 18 36 36 0.844213
1500 198 144 36 36 2.841866
1500 216 126 36 36 1.743157
1500 216 144 36 36 4.142825
1500 216 153 36 36 4.513684
1500 136 152 32 32 1.269574
1500 144 152 32 32 2.067240
1500 176 24 32 32 1.290809
1500 264 24 32 32 0.028965
1500 408 112 32 32 1.207503
1500 21 98 28 28 2.087645
1500 238 133 28 28 1.418833
1500 357 112 28 28 0.359483
1500 192 0 24 24 2.162858
1500 192 6 24 24 2.473466
1500 198 0 24 24 2.656716
1500 198 6 24 24 2.477877
1500 396 114 24 24 0.369391
1500 402 114 24 24 1.073174
1500 486 84 24 24 2.915278
1500 492 84 24 24 1.195448
1500 498 84 24 24 0.752337
1530 384 36 48 48 1.248374
1530 396 36 48 48 1.239999
1530 408 24 48 48 0.104144
1530 408 36 48 48 0.264558
1530 384 36 48 48 1.248374
1530 396 36 48 48 1.239999
1530 408 24 48 48 0.104144
1530 408 36 48 48 0.264558
1530 374 33 44 44 1.010244
1530 144 144 36 36 3.585324
1530 144 153 36 36 2.049373
1530 216 144 36 36 1.292917
1530 450 27 36 36 3.597005
1530 459 27 36 36 5.192466
1530 136 152 32 32 3.688890
1530 144 152 32 32 4.821219
1530 384 0 32 32 0.203544
1530 392 0 32 32 2.077444
1530 400 0 32 32 1.900750
1530 336 7 28 28 3.883570
1530 336 14 28 28 6.112275
1530 336 21 28 28 3.098529
1530 343 7 28 28 0.979347
1530 343 14 28 28 2.969884
1530 343 21 28 28 3.630748
1530 350 7 28 28 3.058276
1530 350 14 28 28 4.330791
1530 350 21 28 28 4.786565
1530 357 7 28 28 2.344738
1530 357 14 28 28 2.287857
1530 96 96 24 24 6.634638
1530 96 102 24 24 6.921895
1530 96 108 24 24 5.920889
1530 96 114 24 24 0.430641
1530 102 96 24 24 7.764199
1530 102 102 24 24 7.263439
1530 102 108 24 24 5.743617
1530 102 114 24 24 0.996123
1530 108 96 24 24 5.476011
1530 108 102 24 24 6.003036
1530 108 108 24 24 3.195076
1530 300 84 24 24 1.339199
1530 306 96 24 24 0.004539
1530 384 18 24 24 0.890196
1560 288 36 48 48 2.007548
1560 288 36 48 48 2.007548
1560 33 22 44 44 0.971398
1560 220 140 40 40 1.661100
1560 216 144 36 36 2.693560
1560 136 152 32 32 1.325358
1560 144 144 32 32 0.205613
1560 144 152 32 32 1.288905
1560 18 210 24 24 0.350094
1560 108 96 24 24 0.565554
1560 288 108 24 24 5.712481
1560 288 114 24 24 4.009787
1560 294 108 24 24 6.038221
1560 294 114 24 24 4.673318
1560 300 108 24 24 0.961695
1560 300 114 24 24 1.154783
1560 306 114 24 24 0.864996
1560 486 0 24 24 0.308318
1560 498 6 24 24 1.569089
1590 0 0 48 48 0.794142
1590 0 12 48 48 0.085351
1590 192 12 48 48 0.496881
1590 192 24 48 48 1.723164
1590 204 12 48 48 0.317808
1590 204 24 48 48 2.331733
1590 216 12 48 48 0.672690
1590 384 36 48 48 0.447676
1590 396 36 48 48 0.919387
1590 420 36 48 48 1.403561
1590 0 0 48 48 0.794142
1590 0 12 48 48 0.085351
1590 192 12 48 48 0.496881
1590 192 24 48 48 1.723164
1590 204 12 48 48 0.317808
1590 204 24 48 48 2.331733
1590 216 12 48 48 0.672690
1590 384 36 48 48 0.447676
1590 396 36 48 48 0.919387
1590 420 36 48 48 1.403561
1590 0 154 44 44 1.019564
1590 33 0 44 44 0.519220
1590 187 22 44 44 2.850913
1590 187 33 44 44 1.745544
1590 198 22 44 44 1.546975
1590 198 33 44 44 2.682137
1590 363 22 44 44 1.662298
1590 363 33 44 44 0.911700
1590 0 160 40 40 3.687977
1590 0 170 40 40 4.142271
1590 0 180 40 40 1.695924
1590 10 160 40 40 1.336146
1590 10 170 40 40 1.939796
1590 220 30 40 40 0.661017
1590 0 162 36 36 3.589448
1590 0 171 36 36 4.474790
1590 9 162 36 36 3.070107
1590 9 171 36 36 4.351388
1590 18 171 36 36 1.854518
1590 128 144 32 32 2.426048
1590 128 152 32 32 3.310417
1590 136 152 32 32 1.075551
1590 392 112 32 32 1.575925
1590 400 24 32 32 1.407085
1590 0 0 28 28 1.270025
1590 7 0 28 28 1.707985
1590 0 6 24 24 0.363838
1590 0 198 24 24 0.078926
1590 0 204 24 24 0.371318
1590 0 210 24 24 1.745996
1590 6 6 24 24 1.809662
1590 6 12 24 24 0.883025
1590 6 192 24 24 0.125297
1590 6 198 24 24 0.394109
1590 6 204 24 24 1.761258
1590 6 210 24 24 2.269525
1590 12 6 24 24 2.752695
1590 102 96 24 24 1.724412
1590 102 102 24 24 1.316070
1590 108 96 24 24 1.353285
1590 108 102 24 24 1.099122
1590 108 114 24 24 1.647819
1620 256 0 64 64 4.205378
1620 256 16 64 64 2.038120
1620 256 32 64 64 2.516296
1620 256 48 64 64 0.031369
1620 272 0 64 64 4.319630
1620 272 16 64 64 1.920795
1620 272 48 64 64 2.024706
1620 264 0 48 48 0.333868
1620 264 12 48 48 4.155018
1620 288 0 48 48 1.060406
1620 288 12 48 48 5.714045
1620 288 24 48 48 0.873407
1620 288 36 48 48 1.362000
1620 264 0 48 48 0.333868
1620 264 12 48 48 4.155018
1620 288 0 48 48 1.060406
1620 288 12 48 48 5.714045
1620 288 24 48 48 0.873407
1620 288 36 48 48 1.362000
1620 18 144 36 36 1.305715
1620 18 153 36 36 0.046825
1620 198 126 36 36 1.889515
1620 0 0 32 32 0.078492
1620 8 0 32 32 1.996916
1620 24 152 32 32 0.356898
1620 136 136 32 32 0.410774
1620 272 264 32 32 0.361522
1620 272 272 32 32 0.393944
1620 0 7 28 28 1.538850
1620 0 14 28 28 6.282018
1620 7 14 28 28 2.030956
1620 7 133 28 28 1.301650
1620 14 14 28 28 2.305861
1620 14 133 28 28 2.025539
1620 21 14 28 28 1.516147
1620 336 112 28 28 4.915760
1620 336 119 28 28 3.197551
1620 336 126 28 28 1.352490
1620 343 112 28 28 3.909522
1620 343 119 28 28 1.506476
1620 343 126 28 28 2.312843
1620 350 112 28 28 2.752595
1620 350 119 28 28 1.517765
1620 350 126 28 28 2.927704
1620 462 112 28 28 0.542185
1620 462 119 28 28 2.588166
1620 469 112 28 28 1.040015
1620 6 18 24 24 1.081164
1620 102 84 24 24 2.428624
1620 102 96 24 24 0.540511
1620 102 108 24 24 1.432771
1620 108 84 24 24 5.849643
1620 108 96 24 24 2.620831
1620 108 102 24 24 3.164906
1620 300 84 24 24 1.423467
1620 306 84 24 24 1.242653
1620 384 108 24 24 1.249751
1620 390 108 24 24 4.789207
1620 390 114 24 24 3.667498
1620 396 108 24 24 3.019803
1620 396 114 24 24 3.314129
1620 402 96 24 24 4.466208
1620 402 102 24 24 7.181782
1620 402 108 24 24 5.943029
1620 402 114 24 24 2.449666
1650 384 0 48 48 3.013918
1650 384 12 48 48 0.425768
1650 396 24 48 48 0.620344
1650 384 0 48 48 3.013918
1650 384 12 48 48 0.425768
1650 396 24 48 48 0.620344
1650 352 22 44 44 1.190020
1650 363 33 44 44 0.697791
1650 459 18 36 36 0.225664
1650 459 27 36 36 2.839647
1650 0 136 32 32 0.202724
1650 0 144 32 32 2.168962
1650 256 112 32 32 2.273735
1650 264 112 32 32 3.001122
1650 112 133 28 28 3.290604
1650 119 133 28 28 1.010484
1650 96 288 24 24 0.762859
1650 384 102 24 24 2.542647
1650 384 108 24 24 2.573411
1680 256 0 64 64 3.059162
1680 256 16 64 64 2.646684
1680 256 32 64 64 1.457587
1680 272 0 64 64 4.138179
1680 272 16 64 64 4.857123
1680 272 32 64 64 3.519297
1680 272 48 64 64 2.440657
1680 288 0 64 64 0.493436
1680 288 48 64 64 1.785587
1680 396 24 48 48 1.159401
1680 396 36 48 48 1.721781
1680 408 24 48 48 2.277849
1680 408 36 48 48 2.712611
1680 420 24 48 48 0.043415
1680 420 36 48 48 2.805404
1680 396 24 48 48 1.159401
1680 396 36 48 48 1.721781
1680 408 24 48 48 2.277849
1680 408 36 48 48 2.712611
1680 420 24 48 48 0.043415
1680 420 36 48 48 2.805404
1680 352 33 44 44 1.542244
1680 363 33 44 44 2.134260
1680 320 30 40 40 0.613532
1680 330 30 40 40 3.764841
1680 340 30 40 40 0.419895
1680 350 30 40 40 0.763622
1680 297 297 36 36 0.116722
1680 154 21 28 28 0.535608
1680 336 133 28 28 3.900846
1680 343 14 28 28 0.715243
1680 343 119 28 28 0.923524
1680 343 126 28 28 2.481983
1680 343 133 28 28 6.859429
1680 350 0 28 28 2.845376
1680 350 7 28 28 2.298409
1680 350 119 28 28 1.199971
1680 350 126 28 28 6.235516
1680 350 133 28 28 5.540353
1680 357 126 28 28 0.585150
1680 357 133 28 28 1.526329
1680 448 98 28 28 5.578709
1680 455 112 28 28 0.319185
1680 96 114 24 24 5.160538
1680 210 204 24 24 0.118316
1680 486 114 24 24 1.107211
1680 492 114 24 24 4.194374
1680 492 306 24 24 0.127579
1680 498 108 24 24 1.271085
1680 498 114 24 24 5.672069
1710 32 0 64 64 3.132113
1710 48 0 64 64 0.798848
1710 420 24 48 48 0.537013
1710 420 24 48 48 0.537013
1710 198 126 36 36 3.503853
1710 136 16 32 32 2.016682
1710 136 24 32 32 1.706943
1710 144 8 32 32 3.649708
1710 144 16 32 32 6.064675
1710 144 24 32 32 6.019018
1710 192 112 32 32 1.305150
1710 408 136 32 32 0.888560
1710 7 112 28 28 0.663253
1710 7 119 28 28 0.299528
1710 14 112 28 28 3.560244
1710 119 112 28 28 1.069746
1710 154 14 28 28 1.024437
1710 154 21 28 28 2.961771
1710 224 126 28 28 1.418150
1710 224 133 28 28 5.962006
1710 231 133 28 28 3.815546
1710 238 133 28 28 1.923443
1710 469 98 28 28 1.562136
1710 18 102 24 24 1.056604
1710 18 108 24 24 1.917125
1710 498 102 24 24 0.484803
1740 32 0 64 64 0.060689
1740 48 0 64 64 0.591565
1740 272 0 64 64 0.336961
1740 288 0 64 64 1.470964
1740 420 36 48 48 1.131899
1740 420 36 48 48 1.131899
1740 128 0 32 32 0.936068
1740 128 8 32 32 4.479317
1740 128 16 32 32 4.620910
1740 136 8 32 32 0.173520
1740 280 128 32 32 2.864870
1740 0 126 28 28 2.914902
1740 0 133 28 28 4.132873
1740 7 133 28 28 0.271011
1740 119 112 28 28 0.333547
1740 154 126 28 28 0.337143
1740 224 126 28 28 2.204349
1740 224 133 28 28 4.048370
1740 231 126 28 28 0.105000
1740 231 133 28 28 3.951469
1740 238 133 28 28 2.895763
1740 336 119 28 28 0.162697
1740 343 112 28 28 0.415459
1740 350 98 28 28 0.776193
1740 350 112 28 28 4.159345
1740 350 119 28 28 1.218322
1740 357 112 28 28 5.695563
1740 357 119 28 28 1.207326
1740 448 119 28 28 0.713876
1740 448 231 28 28 0.873834
1740 448 238 28 28 0.846399
1740 455 112 28 28 2.903729
1740 455 119 28 28 3.145487
1740 455 238 28 28 0.631785
1740 462 112 28 28 1.266812
1740 462 119 28 28 0.367124
1740 288 84 24 24 4.529639
1740 294 84 24 24 1.306098
1770 374 0 44 44 1.295375
1770 280 128 32 32 2.419959
1770 0 231 28 28 0.290300
1770 7 231 28 28 2.462498
1770 7 238 28 28 2.209531
1770 112 7 28 28 0.930996
1770 112 14 28 28 0.409767
1770 168 133 28 28 1.284986
1770 224 119 28 28 1.208345
1770 224 126 28 28 1.750183
1770 224 133 28 28 0.454815
1770 231 133 28 28 1.266440
1770 238 133 28 28 1.712972
1770 245 133 28 28 1.245459
1770 210 84 24 24 0.341923
1770 288 84 24 24 4.281729
1770 486 84 24 24 0.927536
1770 492 84 24 24 3.161218
1770 498 84 24 24 4.949437
1800 0 192 48 48 0.994472
1800 12 192 48 48 1.010256
1800 24 192 48 48 4.038662
1800 0 192 48 48 0.994472
1800 12 192 48 48 1.010256
1800 24 192 48 48 4.038662
1800 0 198 44 44 1.670814
1800 0 209 44 44 2.556845
1800 22 198 44 44 0.960220
1800 33 187 44 44 2.231521
1800 33 198 44 44 3.919711
1800 0 190 40 40 0.827052
1800 128 112 32 32 5.960300
1800 136 112 32 32 1.015041
1800 14 224 28 28 2.246684
1800 14 231 28 28 3.593058
1800 14 238 28 28 4.117070
1800 14 245 28 28 3.038668
1800 21 224 28 28 2.303730
1800 21 231 28 28 4.229268
1800 21 238 28 28 4.609334
1800 21 245 28 28 4.331666
1800 112 119 28 28 1.599997
1800 119 119 28 28 1.303176
1800 119 126 28 28 1.323112
1800 126 119 28 28 3.061568
1800 126 126 28 28 5.147931
1800 126 133 28 28 0.303418
1800 224 133 28 28 0.380902
1800 6 204 24 24 0.275419
1800 6 210 24 24 0.632585
1800 102 18 24 24 0.405025
1800 288 96 24 24 5.255527
1800 288 102 24 24 1.991256
1800 294 96 24 24 3.649051
1800 498 288 24 24 1.390778
1830 24 168 48 48 2.710606
1830 36 168 48 48 1.621073
1830 24 168 48 48 2.710606
1830 36 168 48 48 1.621073
1830 33 176 44 44 2.303784
1830 33 187 44 44 0.235853
1830 30 0 40 40 1.036608
1830 30 180 40 40 0.429297
1830 0 16 32 32 2.038124
1830 8 16 32 32 0.524129
1830 8 24 32 32 0.300329
1830 16 24 32 32 2.031555
1830 24 24 32 32 5.053617
1830 272 136 32 32 2.160576
1830 272 144 32 32 1.420305
1830 280 128 32 32 1.547507
1830 280 136 32 32 4.947045
1830 280 144 32 32 2.188022
1830 408 112 32 32 4.532429
1830 168 133 28 28 3.349320
1830 224 133 28 28 2.116990
1830 336 112 28 28 1.907472
1830 357 112 28 28 1.512871
1830 357 119 28 28 0.023461
1830 0 96 24 24 0.394420
1830 6 96 24 24 1.091261
1830 12 96 24 24 2.565504
1830 18 96 24 24 0.500953
1830 18 102 24 24 0.193622
1830 102 210 24 24 1.560883
1830 288 102 24 24 1.916939
1830 288 288 24 24 2.752665
