30 128 112 32 32 0.260361
30 392 144 32 32 0.884681
30 392 152 32 32 3.420487
30 408 112 32 32 2.250751
30 112 112 28 28 3.574771
30 112 119 28 28 12.742330
30 112 126 28 28 14.794421
30 112 133 28 28 6.066477
30 119 112 28 28 7.097169
30 119 119 28 28 11.951289
30 119 126 28 28 8.565845
30 119 133 28 28 0.543531
30 126 119 28 28 4.495296
30 126 126 28 28 7.249226
30 126 133 28 28 0.635408
30 238 126 28 28 0.571492
30 336 126 28 28 2.582245
30 336 133 28 28 0.749957
30 343 119 28 28 0.964120
30 343 126 28 28 5.979877
30 343 133 28 28 2.876875
30 357 119 28 28 0.075973
30 357 224 28 28 2.290905
30 455 119 28 28 0.391318
30 462 112 28 28 1.408533
30 462 119 28 28 2.324250
30 462 126 28 28 2.338768
30 469 112 28 28 1.918788
30 469 119 28 28 3.343233
30 469 126 28 28 3.210062
30 108 192 24 24 3.991100
30 108 198 24 24 2.603756
30 132 96 24 24 1.200164
30 132 102 24 24 1.467946
30 192 198 24 24 3.166921
30 192 204 24 24 3.575666
30 288 204 24 24 1.681721
30 480 108 24 24 0.169140
30 480 114 24 24 1.649696
30 486 102 24 24 1.094358
30 486 108 24 24 1.536673
30 486 114 24 24 2.689164
30 492 84 24 24 0.487266
30 492 102 24 24 1.386324
30 492 108 24 24 2.482326
30 492 114 24 24 0.638373
30 498 102 24 24 0.150644
30 498 108 24 24 1.042908
30 498 210 24 24 0.365765
60 128 112 32 32 0.138682
60 392 144 32 32 1.317616
60 392 152 32 32 3.993345
60 408 112 32 32 2.052923
60 112 112 28 28 3.586037
60 112 119 28 28 12.900709
60 112 126 28 28 15.008226
60 112 133 28 28 5.414378
60 119 112 28 28 7.380345
60 119 119 28 28 12.196813
60 119 126 28 28 9.141155
60 119 133 28 28 0.700638
60 126 119 28 28 4.529655
60 126 126 28 28 7.166249
60 126 133 28 28 0.523058
60 238 126 28 28 0.433762
60 336 126 28 28 2.679814
60 336 133 28 28 0.817923
60 343 119 28 28 1.314787
60 343 126 28 28 6.306144
60 343 133 28 28 2.986609
60 350 224 28 28 1.009717
60 357 119 28 28 0.204274
60 357 224 28 28 2.818824
60 455 119 28 28 0.581666
60 462 112 28 28 1.694717
60 462 119 28 28 2.759835
60 462 126 28 28 2.350188
60 469 112 28 28 1.780093
60 469 119 28 28 3.425843
60 469 126 28 28 3.464108
60 108 192 24 24 4.242835
60 108 198 24 24 2.329071
60 132 96 24 24 1.230070
60 132 102 24 24 1.425945
60 192 198 24 24 3.445397
60 192 204 24 24 3.889619
60 288 198 24 24 0.085215
60 288 204 24 24 1.914076
60 480 108 24 24 0.028928
60 480 114 24 24 1.538443
60 486 102 24 24 0.921748
60 486 108 24 24 1.241816
60 486 114 24 24 2.691033
60 492 84 24 24 0.350674
60 492 102 24 24 1.521538
60 492 108 24 24 2.253976
60 492 114 24 24 0.683165
60 498 102 24 24 0.148811
60 498 108 24 24 0.804339
60 498 210 24 24 0.591622
90 392 144 32 32 0.886511
90 392 152 32 32 4.128190
90 408 112 32 32 2.163673
90 112 112 28 28 3.560395
90 112 119 28 28 12.660703
90 112 126 28 28 15.349206
90 112 133 28 28 5.325406
90 119 112 28 28 7.284835
90 119 119 28 28 12.038013
90 119 126 28 28 8.876584
90 119 133 28 28 0.530586
90 126 119 28 28 4.479705
90 126 126 28 28 7.147993
90 126 133 28 28 0.627187
90 238 126 28 28 1.287675
90 336 126 28 28 2.487745
90 336 133 28 28 0.663348
90 343 119 28 28 1.187952
90 343 126 28 28 5.930522
90 343 133 28 28 2.574804
90 350 224 28 28 1.675945
90 357 224 28 28 2.901249
90 455 119 28 28 0.581171
90 455 126 28 28 0.424082
90 462 112 28 28 1.516641
90 462 119 28 28 1.898126
90 462 126 28 28 2.669142
90 469 112 28 28 1.630447
90 469 119 28 28 3.151062
90 469 126 28 28 3.156989
90 108 192 24 24 4.106039
90 108 198 24 24 2.230386
90 132 96 24 24 1.085637
90 132 102 24 24 1.380928
90 192 198 24 24 3.446883
90 192 204 24 24 3.638757
90 288 198 24 24 0.044542
90 288 204 24 24 2.191966
90 480 108 24 24 0.087577
90 480 114 24 24 1.723012
90 486 102 24 24 1.354503
90 486 108 24 24 1.583397
90 486 114 24 24 2.891802
90 492 102 24 24 1.759469
90 492 108 24 24 2.436100
90 492 114 24 24 1.044249
90 498 102 24 24 0.154883
90 498 108 24 24 0.481154
120 128 112 32 32 0.449636
120 392 144 32 32 1.443433
120 392 152 32 32 4.124881
120 408 112 32 32 2.500606
120 112 112 28 28 1.248396
120 112 119 28 28 10.642050
120 112 126 28 28 15.907996
120 112 133 28 28 5.740763
120 119 112 28 28 7.417690
120 119 119 28 28 12.957536
120 119 126 28 28 11.201426
120 119 133 28 28 2.166451
120 126 98 28 28 0.681890
120 126 119 28 28 3.644184
120 126 126 28 28 8.878006
120 126 133 28 28 1.973412
120 336 126 28 28 2.513463
120 336 133 28 28 1.925997
120 343 119 28 28 0.331784
120 343 126 28 28 4.912183
120 343 133 28 28 4.610910
120 357 224 28 28 0.711485
120 455 119 28 28 0.824087
120 462 112 28 28 1.579762
120 462 119 28 28 2.823609
120 462 126 28 28 2.402625
120 469 112 28 28 2.023509
120 469 119 28 28 3.604732
120 469 126 28 28 3.590455
120 102 192 24 24 2.758724
120 108 192 24 24 7.208923
120 108 198 24 24 4.129052
120 108 204 24 24 2.493131
120 108 210 24 24 1.551217
120 132 96 24 24 1.242594
120 132 102 24 24 0.071326
120 132 108 24 24 1.965958
120 144 306 24 24 1.590674
120 192 198 24 24 3.825249
120 192 204 24 24 4.201101
120 288 198 24 24 0.125660
120 288 204 24 24 2.636973
120 480 108 24 24 0.108151
120 480 114 24 24 1.447720
120 486 102 24 24 1.205378
120 486 108 24 24 1.637990
120 486 114 24 24 2.872666
120 492 84 24 24 0.126621
120 492 102 24 24 1.860235
120 492 108 24 24 2.551323
120 492 114 24 24 0.689177
120 498 102 24 24 0.246330
120 498 108 24 24 0.890391
120 498 210 24 24 0.845786
150 128 112 32 32 2.888143
150 136 112 32 32 0.644673
150 136 280 32 32 2.312237
150 392 152 32 32 3.711785
150 400 112 32 32 0.015797
150 408 112 32 32 2.222902
150 112 133 28 28 1.027417
150 119 119 28 28 0.317429
150 119 126 28 28 7.019201
150 119 133 28 28 7.847545
150 126 112 28 28 1.994754
150 126 119 28 28 10.135425
150 126 126 28 28 17.670712
150 126 133 28 28 7.454472
150 336 126 28 28 2.008306
150 336 133 28 28 0.387623
150 343 133 28 28 0.327616
150 455 119 28 28 0.701175
150 462 112 28 28 0.595375
150 462 119 28 28 2.151311
150 462 126 28 28 2.233537
150 462 133 28 28 0.115035
150 469 112 28 28 0.672016
150 469 119 28 28 3.030060
150 469 126 28 28 2.998158
150 469 133 28 28 0.513271
150 132 114 24 24 0.221808
150 144 108 24 24 1.038266
150 144 300 24 24 1.659706
150 144 306 24 24 1.455899
150 198 198 24 24 1.675981
150 198 204 24 24 1.917306
150 198 210 24 24 0.895990
150 204 210 24 24 0.438616
150 384 306 24 24 0.257719
150 480 108 24 24 1.258678
150 480 114 24 24 1.552857
150 486 102 24 24 0.301820
150 486 114 24 24 1.803286
150 492 108 24 24 3.268610
150 492 114 24 24 1.317090
150 498 108 24 24 1.853273
150 498 114 24 24 0.369469
180 128 112 32 32 1.363836
180 128 128 32 32 3.826004
180 128 136 32 32 5.366090
180 128 144 32 32 7.114520
180 128 152 32 32 3.238569
180 136 112 32 32 7.356602
180 136 128 32 32 1.654796
180 144 112 32 32 2.292647
180 392 152 32 32 3.955651
180 400 112 32 32 0.326551
180 400 152 32 32 1.935194
180 408 112 32 32 1.696429
180 112 126 28 28 1.808326
180 112 133 28 28 1.744404
180 154 126 28 28 2.082730
180 154 133 28 28 1.475651
180 168 133 28 28 1.021707
180 336 133 28 28 1.688131
180 350 238 28 28 0.442324
180 357 231 28 28 0.092365
180 357 238 28 28 0.896257
180 455 119 28 28 0.441385
180 455 126 28 28 0.017935
180 462 98 28 28 0.195985
180 462 112 28 28 0.937702
180 462 119 28 28 3.092010
180 462 126 28 28 2.730526
180 462 133 28 28 1.383656
180 469 112 28 28 1.125831
180 469 119 28 28 3.030316
180 469 126 28 28 3.915137
180 469 133 28 28 2.769787
180 144 192 24 24 3.231780
180 144 198 24 24 1.181133
180 144 204 24 24 0.030405
180 480 108 24 24 0.679784
180 480 114 24 24 0.725037
180 486 108 24 24 0.341557
180 486 114 24 24 2.498984
180 492 108 24 24 3.065052
180 492 114 24 24 1.747822
180 498 108 24 24 1.214510
180 498 114 24 24 0.076348
210 136 144 32 32 4.150193
210 136 152 32 32 1.879994
210 144 128 32 32 6.356320
210 144 136 32 32 4.473205
210 144 144 32 32 5.552452
210 144 152 32 32 4.717473
210 392 152 32 32 2.893778
210 400 152 32 32 0.567832
210 126 133 28 28 0.949874
210 154 126 28 28 3.549658
210 154 133 28 28 5.575456
210 168 126 28 28 1.494537
210 343 224 28 28 1.983256
210 462 98 28 28 0.365465
210 462 112 28 28 2.171208
210 462 119 28 28 2.628979
210 462 126 28 28 1.775060
210 462 133 28 28 0.326239
210 469 112 28 28 2.907617
210 469 119 28 28 3.493367
210 469 126 28 28 4.388885
210 469 133 28 28 2.451605
210 288 294 24 24 0.993359
210 294 294 24 24 1.207352
210 300 294 24 24 0.790029
210 486 108 24 24 0.464745
210 486 114 24 24 1.355269
210 492 108 24 24 2.208582
210 492 114 24 24 1.983626
210 498 108 24 24 0.540278
210 498 114 24 24 1.486074
240 350 140 40 40 1.183579
240 144 126 36 36 0.755093
240 144 144 36 36 0.902996
240 144 136 32 32 0.132801
240 144 144 32 32 1.340011
240 392 152 32 32 0.906848
240 400 152 32 32 0.094598
240 168 133 28 28 0.083630
240 462 126 28 28 0.816618
240 462 133 28 28 0.839079
240 469 112 28 28 1.113261
240 469 119 28 28 2.319139
240 469 126 28 28 4.124797
240 469 133 28 28 0.955210
240 396 192 24 24 0.402393
240 480 108 24 24 0.592790
240 480 114 24 24 1.105220
240 486 96 24 24 0.843705
240 486 108 24 24 1.039319
240 486 114 24 24 1.536536
240 492 96 24 24 2.934422
240 498 96 24 24 2.022681
240 498 114 24 24 3.593675
270 144 144 36 36 0.666017
270 153 144 36 36 3.068805
270 136 128 32 32 0.998734
270 136 136 32 32 0.849541
270 144 128 32 32 0.828096
270 176 112 32 32 4.275864
270 168 133 28 28 0.888799
270 396 192 24 24 1.602469
270 402 192 24 24 2.187452
270 492 114 24 24 0.779412
270 498 96 24 24 1.270161
300 153 144 36 36 0.227486
300 144 112 32 32 0.370478
300 176 112 32 32 2.772708
300 384 152 32 32 4.422341
300 392 152 32 32 4.908525
300 400 128 32 32 0.124338
300 400 144 32 32 0.139432
300 400 152 32 32 1.503078
300 168 133 28 28 1.447275
300 498 84 24 24 1.167400
300 498 114 24 24 0.852558
330 144 126 36 36 4.325448
330 136 112 32 32 0.700276
330 144 136 32 32 2.241382
330 144 144 32 32 1.036013
330 384 152 32 32 5.027196
330 392 152 32 32 4.146947
330 400 152 32 32 5.586458
330 408 152 32 32 3.882337
330 154 133 28 28 0.390356
330 350 224 28 28 0.706351
330 498 102 24 24 2.320529
360 256 0 64 64 1.867511
360 256 16 64 64 0.056104
360 330 190 40 40 1.155081
360 340 160 40 40 1.037690
360 432 162 36 36 0.287494
360 441 171 36 36 1.385583
360 128 128 32 32 3.126052
360 128 136 32 32 4.902778
360 128 144 32 32 1.630302
360 136 112 32 32 3.138685
360 136 128 32 32 4.297819
360 136 136 32 32 8.387364
360 136 144 32 32 6.092094
360 144 112 32 32 4.826767
360 144 128 32 32 0.940439
360 144 136 32 32 2.815269
360 144 144 32 32 3.989318
360 384 144 32 32 3.452668
360 384 152 32 32 5.244564
360 392 144 32 32 5.106414
360 392 152 32 32 8.364483
360 400 144 32 32 1.965878
360 400 152 32 32 5.796335
360 408 144 32 32 0.521867
360 408 152 32 32 4.735629
360 126 126 28 28 2.098364
360 126 133 28 28 4.092469
360 154 112 28 28 0.255019
360 154 119 28 28 3.138057
360 154 126 28 28 2.008301
360 154 133 28 28 1.487500
360 336 126 28 28 1.145260
360 336 133 28 28 2.964684
360 343 133 28 28 2.834716
360 350 133 28 28 1.545681
360 357 133 28 28 1.107521
360 357 224 28 28 5.595960
360 357 231 28 28 2.140419
360 480 210 24 24 1.485023
390 256 0 64 64 1.950384
390 340 180 40 40 1.595680
390 340 190 40 40 2.479701
390 432 162 36 36 1.611560
390 432 171 36 36 0.228036
390 441 171 36 36 0.528785
390 450 171 36 36 2.467742
390 459 171 36 36 0.053971
390 16 128 32 32 0.743054
390 24 128 32 32 0.971528
390 128 112 32 32 2.400492
390 128 128 32 32 5.576742
390 128 136 32 32 5.896719
390 128 144 32 32 5.648502
390 136 112 32 32 5.800248
390 136 128 32 32 2.320873
390 136 136 32 32 1.419209
390 136 144 32 32 1.079039
390 144 112 32 32 4.413888
390 384 152 32 32 0.337770
390 392 152 32 32 6.770623
390 400 144 32 32 0.563863
390 400 152 32 32 5.756225
390 408 152 32 32 6.095932
390 21 133 28 28 0.639233
390 154 112 28 28 4.340831
390 154 119 28 28 8.280428
390 154 126 28 28 4.229520
390 168 119 28 28 1.168394
390 168 126 28 28 1.957802
390 336 119 28 28 0.899592
390 357 231 28 28 0.067148
390 357 238 28 28 2.132253
390 469 98 28 28 0.457826
390 480 198 24 24 1.718615
390 480 204 24 24 2.902776
390 480 210 24 24 1.359313
420 256 0 64 64 1.709072
420 432 171 36 36 2.450368
420 441 171 36 36 1.044781
420 128 112 32 32 2.204461
420 128 128 32 32 2.051860
420 128 136 32 32 3.650381
420 128 144 32 32 5.426908
420 128 152 32 32 1.059573
420 136 112 32 32 5.373487
420 136 128 32 32 2.398665
420 136 136 32 32 0.941255
420 136 144 32 32 1.890829
420 136 152 32 32 0.470259
420 144 112 32 32 4.032227
420 392 152 32 32 3.166775
420 400 152 32 32 7.185224
420 408 152 32 32 6.067616
420 119 133 28 28 0.996024
420 154 119 28 28 5.655503
420 154 126 28 28 5.487240
420 168 126 28 28 2.040365
420 336 119 28 28 1.151590
420 357 133 28 28 0.452146
420 469 224 28 28 2.492697
420 480 198 24 24 3.824019
420 480 204 24 24 7.378327
420 480 210 24 24 5.747300
420 486 204 24 24 1.767677
420 486 210 24 24 2.809211
450 256 0 64 64 0.170814
450 256 16 64 64 0.253951
450 9 126 36 36 0.479161
450 144 126 36 36 0.125697
450 144 144 36 36 0.258477
450 153 126 36 36 1.871232
450 153 144 36 36 1.419425
450 432 171 36 36 3.022078
450 441 171 36 36 1.683796
450 136 112 32 32 0.347444
450 136 128 32 32 0.743926
450 392 152 32 32 3.644160
450 400 152 32 32 6.772924
450 408 152 32 32 1.797342
450 168 126 28 28 1.011399
450 168 133 28 28 0.337272
450 336 126 28 28 0.036980
450 469 112 28 28 1.195200
450 469 224 28 28 3.436048
450 396 84 24 24 0.044122
450 480 204 24 24 5.133281
450 480 210 24 24 5.751666
450 486 210 24 24 1.558903
480 160 140 40 40 0.386817
480 170 180 40 40 0.936753
480 170 190 40 40 1.763326
480 180 180 40 40 0.104025
480 180 190 40 40 2.607390
480 432 171 36 36 0.664963
480 128 128 32 32 1.911615
480 136 128 32 32 1.247345
480 384 128 32 32 2.185028
480 384 136 32 32 0.456225
480 384 152 32 32 1.465512
480 392 152 32 32 2.170961
480 126 133 28 28 3.722857
480 336 133 28 28 0.251038
480 455 112 28 28 0.130138
480 455 224 28 28 1.174610
480 462 112 28 28 2.052169
480 462 224 28 28 4.609145
480 462 231 28 28 0.131193
480 469 112 28 28 0.170282
480 469 119 28 28 1.478336
480 192 204 24 24 1.144946
480 198 204 24 24 0.518566
480 396 84 24 24 1.506861
480 402 192 24 24 5.118322
510 385 154 44 44 0.570470
510 0 144 32 32 1.304201
510 0 152 32 32 0.943980
510 16 136 32 32 2.389690
510 24 128 32 32 2.197878
510 24 136 32 32 2.333167
510 384 128 32 32 2.037410
510 384 136 32 32 4.255496
510 384 144 32 32 0.146394
510 392 136 32 32 0.216142
510 448 119 28 28 2.003466
510 455 119 28 28 1.248076
510 455 224 28 28 0.463347
510 462 119 28 28 0.260572
510 396 192 24 24 3.120473
510 402 192 24 24 2.021237
540 16 48 64 64 1.414807
540 0 126 36 36 3.266379
540 9 126 36 36 3.087025
540 18 126 36 36 1.686572
540 216 144 36 36 1.337043
540 216 153 36 36 2.135181
540 441 126 36 36 0.537400
540 8 136 32 32 4.303824
540 8 144 32 32 1.454731
540 16 136 32 32 4.971852
540 16 144 32 32 3.777007
540 24 136 32 32 4.603673
540 24 144 32 32 3.357106
540 384 152 32 32 0.260353
540 392 128 32 32 0.378615
540 392 136 32 32 2.363481
540 392 144 32 32 0.370864
540 400 128 32 32 0.237979
540 448 119 28 28 0.348928
540 448 126 28 28 2.769219
540 455 119 28 28 1.317501
540 455 126 28 28 2.045050
540 462 126 28 28 1.241323
540 0 18 24 24 0.988344
540 492 108 24 24 1.977715
570 216 144 36 36 0.470163
570 216 153 36 36 2.152649
570 432 171 36 36 2.099913
570 384 136 32 32 0.324516
570 384 144 32 32 0.291342
570 400 144 32 32 0.437401
570 400 152 32 32 0.782666
570 486 108 24 24 1.597271
600 385 154 44 44 3.708893
600 216 144 36 36 3.289485
600 216 153 36 36 0.752352
600 0 128 32 32 0.270784
600 144 128 32 32 0.847150
600 384 112 32 32 2.951392
600 384 144 32 32 0.391569
600 392 112 32 32 0.741058
600 400 112 32 32 1.753325
600 400 144 32 32 1.559820
600 455 98 28 28 1.099568
600 455 112 28 28 3.923190
600 455 119 28 28 4.046009
600 462 98 28 28 1.669426
600 462 112 28 28 2.764490
600 462 119 28 28 1.051712
600 469 112 28 28 3.177574
600 469 119 28 28 3.020005
600 480 108 24 24 0.579747
600 480 114 24 24 0.737953
600 486 18 24 24 3.472233
630 396 168 48 48 0.577138
630 396 168 48 48 0.577138
630 216 144 36 36 3.288449
630 0 136 32 32 1.396090
630 384 136 32 32 1.101346
630 384 144 32 32 3.974721
630 384 152 32 32 2.972341
630 448 112 28 28 2.494578
630 448 119 28 28 1.036674
630 462 112 28 28 0.811536
660 0 32 64 64 0.002718
660 432 162 36 36 0.101344
660 432 171 36 36 2.031400
660 441 171 36 36 0.108008
660 408 112 32 32 0.281142
660 408 144 32 32 1.877028
660 455 224 28 28 3.682783
660 462 98 28 28 0.776697
660 462 224 28 28 1.100041
660 486 84 24 24 0.926618
660 492 84 24 24 1.088389
690 408 192 48 48 0.719088
690 420 36 48 48 0.133162
690 408 192 48 48 0.719088
690 420 36 48 48 0.133162
690 216 126 36 36 3.724234
690 24 112 32 32 0.572754
690 384 0 32 32 0.503237
690 469 224 28 28 1.122993
690 469 231 28 28 2.841819
690 480 192 24 24 1.508496
690 480 198 24 24 2.753191
690 480 204 24 24 2.171874
690 480 210 24 24 3.072184
690 486 192 24 24 4.299409
690 486 198 24 24 6.178306
690 486 204 24 24 6.524374
690 486 210 24 24 5.955310
690 492 192 24 24 1.228876
690 492 198 24 24 2.755234
690 492 204 24 24 2.936665
690 492 210 24 24 2.534102
690 498 114 24 24 0.623337
720 48 16 64 64 0.075671
720 48 32 64 64 0.656115
720 216 126 36 36 3.953349
720 24 128 32 32 0.747459
720 384 128 32 32 0.188899
720 392 128 32 32 0.763549
720 0 126 28 28 0.483302
720 0 133 28 28 1.943535
720 112 133 28 28 0.099943
720 119 133 28 28 3.344198
720 126 133 28 28 0.280833
720 448 112 28 28 4.248892
720 455 112 28 28 5.781969
720 462 112 28 28 6.834404
720 469 112 28 28 7.883037
720 300 96 24 24 1.127854
720 480 12 24 24 2.788193
720 480 18 24 24 2.889259
720 480 114 24 24 2.653632
720 486 18 24 24 1.230832
720 486 114 24 24 2.387115
720 486 204 24 24 0.041033
720 486 210 24 24 0.523457
750 0 48 64 64 2.412454
750 0 140 40 40 4.132997
750 10 140 40 40 0.238453
750 0 144 36 36 0.705186
750 0 153 36 36 0.309879
750 9 144 36 36 3.959269
750 9 153 36 36 0.969948
750 216 126 36 36 1.279264
750 16 152 32 32 0.945384
750 400 128 32 32 2.414886
750 469 112 28 28 3.536511
750 469 119 28 28 3.720752
750 306 0 24 24 0.066408
750 306 96 24 24 1.680876
750 480 114 24 24 0.202476
750 486 108 24 24 1.460272
750 486 114 24 24 2.155274
750 492 108 24 24 0.887121
750 492 114 24 24 2.787004
780 32 0 64 64 0.128533
780 48 0 64 64 0.549286
780 48 16 64 64 0.171077
780 27 126 36 36 0.052128
780 216 126 36 36 4.073912
780 144 102 24 24 1.652495
780 492 114 24 24 0.501056
780 498 108 24 24 0.875466
780 498 114 24 24 1.733341
810 408 36 48 48 0.001537
810 420 36 48 48 0.255902
810 408 36 48 48 0.001537
810 420 36 48 48 0.255902
810 16 112 32 32 0.538425
810 16 128 32 32 0.020959
810 24 112 32 32 1.559631
810 264 136 32 32 2.527693
810 0 112 28 28 3.927561
810 7 112 28 28 1.042872
810 21 119 28 28 0.672022
810 343 98 28 28 2.329857
810 350 98 28 28 0.374666
810 350 133 28 28 0.587329
810 357 98 28 28 1.029853
810 6 0 24 24 0.848698
810 6 12 24 24 0.235629
810 6 18 24 24 0.213995
810 96 102 24 24 0.858722
810 96 108 24 24 4.027016
810 102 108 24 24 2.910195
810 108 102 24 24 1.168667
810 108 108 24 24 2.177140
810 132 102 24 24 0.485236
810 144 96 24 24 0.396452
810 294 114 24 24 1.073407
810 396 108 24 24 0.161069
840 0 0 64 64 0.763949
840 32 0 64 64 0.424331
840 7 98 28 28 0.251470
840 7 112 28 28 1.527016
840 224 98 28 28 0.485334
840 0 108 24 24 0.134036
840 6 108 24 24 0.003617
840 12 108 24 24 0.562024
840 18 114 24 24 1.326650
840 96 102 24 24 1.091384
840 108 108 24 24 0.160249
840 384 102 24 24 0.211882
840 384 108 24 24 0.428187
840 390 102 24 24 2.928738
840 390 108 24 24 3.759068
840 390 114 24 24 2.366750
840 396 108 24 24 2.346591
840 402 108 24 24 0.392615
840 492 108 24 24 0.055444
840 498 102 24 24 1.143616
840 498 108 24 24 2.287218
870 384 112 32 32 0.964612
870 392 112 32 32 5.271911
870 7 112 28 28 0.072884
870 14 98 28 28 0.960236
870 14 112 28 28 0.204029
870 21 98 28 28 3.829352
870 21 112 28 28 3.657768
870 357 126 28 28 1.968928
870 357 133 28 28 6.066355
870 448 98 28 28 3.003256
870 455 98 28 28 3.234833
870 18 102 24 24 0.505558
870 300 96 24 24 0.145475
900 264 36 48 48 3.078246
900 288 36 48 48 1.639777
900 384 24 48 48 1.186839
900 384 36 48 48 3.437597
900 396 24 48 48 3.893305
900 396 36 48 48 2.211953
900 408 24 48 48 2.534821
900 408 36 48 48 1.857378
900 420 36 48 48 2.548767
900 264 36 48 48 3.078246
900 288 36 48 48 1.639777
900 384 24 48 48 1.186839
900 384 36 48 48 3.437597
900 396 24 48 48 3.893305
900 396 36 48 48 2.211953
900 408 24 48 48 2.534821
900 408 36 48 48 1.857378
900 420 36 48 48 2.548767
900 363 33 44 44 0.208075
900 374 33 44 44 0.447820
900 385 33 44 44 4.789538
900 400 112 32 32 0.883483
900 0 98 28 28 1.067596
900 0 112 28 28 2.499319
900 7 98 28 28 1.865795
900 14 98 28 28 1.890809
900 21 98 28 28 0.237941
900 357 98 28 28 2.060295
900 357 119 28 28 0.114457
900 469 98 28 28 0.271324
900 0 114 24 24 2.769747
900 6 114 24 24 1.862380
900 12 114 24 24 2.103028
900 18 102 24 24 1.107683
900 96 102 24 24 1.824862
900 96 108 24 24 7.340683
900 96 114 24 24 6.657378
900 102 102 24 24 3.182368
900 102 108 24 24 7.507262
900 102 114 24 24 5.775902
900 300 96 24 24 0.357319
900 300 102 24 24 0.333390
900 306 96 24 24 2.314641
900 306 102 24 24 1.114250
900 384 102 24 24 1.916573
900 384 114 24 24 0.333790
900 390 108 24 24 1.748419
900 402 108 24 24 0.343487
900 480 96 24 24 0.805561
900 480 102 24 24 1.440654
900 486 84 24 24 0.899474
900 486 96 24 24 2.165154
900 486 102 24 24 2.267112
900 486 108 24 24 0.665766
900 492 96 24 24 0.001299
900 492 102 24 24 1.361358
900 492 108 24 24 0.317213
900 498 96 24 24 0.252296
900 498 102 24 24 2.766670
900 498 108 24 24 3.930585
930 352 0 64 64 0.065353
930 24 36 48 48 0.784789
930 36 36 48 48 2.194997
930 288 24 48 48 0.783099
930 288 36 48 48 5.474118
930 384 24 48 48 0.242990
930 420 36 48 48 2.264858
930 24 36 48 48 0.784789
930 36 36 48 48 2.194997
930 288 24 48 48 0.783099
930 288 36 48 48 5.474118
930 384 24 48 48 0.242990
930 420 36 48 48 2.264858
930 400 112 32 32 4.979857
930 408 112 32 32 3.450463
930 0 112 28 28 2.090834
930 7 112 28 28 2.269333
930 7 119 28 28 0.704436
930 14 112 28 28 0.066889
930 448 98 28 28 1.836066
930 455 98 28 28 2.764113
930 462 98 28 28 8.928061
930 469 98 28 28 6.963843
930 0 114 24 24 0.305058
930 6 114 24 24 0.467849
930 12 114 24 24 0.753057
930 18 108 24 24 1.401375
930 18 114 24 24 1.513659
930 300 102 24 24 2.497121
930 306 96 24 24 0.111677
930 306 102 24 24 4.491363
930 384 102 24 24 2.318137
930 384 108 24 24 3.553054
930 384 114 24 24 3.642552
930 390 114 24 24 0.629512
930 396 102 24 24 1.780136
930 396 108 24 24 1.421859
930 402 102 24 24 0.175451
930 480 102 24 24 5.878291
930 480 108 24 24 3.252212
930 486 102 24 24 2.412076
960 256 0 64 64 3.609873
960 272 0 64 64 1.621303
960 396 36 48 48 1.301380
960 408 36 48 48 4.398114
960 420 36 48 48 5.343058
960 396 36 48 48 1.301380
960 408 36 48 48 4.398114
960 420 36 48 48 5.343058
960 0 112 32 32 1.715260
960 8 112 32 32 0.144959
960 384 112 32 32 2.677202
960 0 119 28 28 3.461290
960 0 126 28 28 4.958502
960 0 133 28 28 3.857639
960 7 119 28 28 3.664744
960 7 126 28 28 4.850747
960 7 133 28 28 2.249984
960 14 119 28 28 1.541581
960 14 126 28 28 4.814808
960 14 133 28 28 1.218919
960 336 98 28 28 6.408916
960 343 98 28 28 3.856894
960 350 98 28 28 4.214802
960 357 98 28 28 0.147287
960 448 112 28 28 3.069453
960 448 119 28 28 1.820626
960 448 126 28 28 0.724401
960 455 112 28 28 3.261020
960 455 119 28 28 1.952745
960 455 126 28 28 1.102981
960 462 98 28 28 1.993412
960 462 112 28 28 2.213602
960 469 98 28 28 2.805190
960 300 18 24 24 0.113170
960 300 114 24 24 0.787566
960 306 114 24 24 3.173082
960 390 108 24 24 0.210988
960 390 114 24 24 0.785156
960 396 108 24 24 0.546710
960 396 114 24 24 3.042324
960 480 108 24 24 5.269431
960 480 114 24 24 2.169062
960 486 108 24 24 0.975282
960 492 84 24 24 1.923059
990 256 0 64 64 1.239949
990 256 16 64 64 0.691701
990 272 0 64 64 0.195749
990 288 0 64 64 0.932935
990 392 128 32 32 1.064024
990 400 128 32 32 0.600904
990 408 112 32 32 0.518577
990 408 128 32 32 1.501967
990 231 133 28 28 1.605960
990 238 112 28 28 1.396863
990 336 98 28 28 0.598184
990 336 112 28 28 7.403228
990 336 119 28 28 2.113373
990 343 98 28 28 3.271057
990 343 112 28 28 8.278488
990 343 119 28 28 1.010575
990 350 98 28 28 0.776574
990 350 112 28 28 7.275552
990 448 98 28 28 1.079597
990 448 112 28 28 1.017155
990 455 98 28 28 1.262260
990 455 112 28 28 2.102350
990 462 112 28 28 1.927895
1020 256 16 64 64 4.768924
1020 272 16 64 64 4.864357
1020 288 16 64 64 3.296853
1020 384 112 32 32 0.029211
1020 238 119 28 28 0.579514
1020 343 112 28 28 0.400121
1020 343 119 28 28 1.656164
1020 350 112 28 28 6.401215
1020 350 119 28 28 7.780923
1020 350 126 28 28 1.723891
1020 357 112 28 28 6.238626
1020 357 119 28 28 5.629009
1020 357 126 28 28 1.291569
1020 6 96 24 24 1.078771
1020 6 210 24 24 0.202368
1020 12 96 24 24 2.057774
1020 12 102 24 24 0.566657
1020 18 96 24 24 3.052809
1020 480 114 24 24 1.610613
1020 486 114 24 24 3.276196
1020 492 114 24 24 0.030549
1020 498 114 24 24 0.355170
1050 288 16 64 64 2.343056
1050 288 32 64 64 2.188330
1050 352 48 64 64 2.375284
1050 0 140 40 40 2.709139
1050 10 140 40 40 0.919113
1050 8 128 32 32 0.529110
1050 384 112 32 32 0.219411
1050 7 126 28 28 0.732155
1050 14 126 28 28 0.566409
1050 14 133 28 28 2.379395
1050 21 126 28 28 1.742899
1050 21 133 28 28 4.569832
1050 336 126 28 28 1.371416
1050 357 119 28 28 0.339523
1050 448 112 28 28 4.152864
1050 448 119 28 28 0.011503
1050 455 112 28 28 3.539322
1050 462 112 28 28 0.473661
1050 462 119 28 28 1.753232
1050 469 119 28 28 0.542973
1080 288 32 64 64 1.351714
1080 352 16 64 64 1.089475
1080 352 32 64 64 3.827690
1080 352 48 64 64 3.472816
1080 441 126 36 36 0.184068
1080 450 126 36 36 1.994899
1080 459 126 36 36 2.782118
1080 459 144 36 36 3.626853
1080 24 16 32 32 0.287807
1080 24 24 32 32 0.829389
1080 136 136 32 32 0.857810
1080 384 112 32 32 0.031493
1080 384 128 32 32 2.107293
1080 384 136 32 32 3.437885
1080 384 144 32 32 2.942930
1080 392 112 32 32 0.300898
1080 392 128 32 32 1.673299
1080 400 112 32 32 1.559210
1080 336 126 28 28 3.886290
1080 336 133 28 28 3.218122
1080 343 126 28 28 4.264749
1080 343 133 28 28 5.909688
1080 350 126 28 28 1.772188
1080 350 133 28 28 9.145845
1080 357 133 28 28 1.883317
1080 469 119 28 28 1.297586
1080 469 126 28 28 1.144314
1080 469 133 28 28 0.191664
1110 352 32 64 64 1.871817
1110 352 48 64 64 3.525972
1110 384 152 32 32 0.350895
1110 400 128 32 32 0.067897
1110 408 128 32 32 0.389788
1110 336 133 28 28 1.105047
1110 343 126 28 28 1.662678
1110 343 133 28 28 2.740758
1110 350 126 28 28 4.171268
1110 350 133 28 28 4.730917
1110 357 126 28 28 1.394441
1110 357 133 28 28 2.834866
1110 12 102 24 24 0.875969
1110 18 102 24 24 2.731123
1140 384 128 32 32 0.690099
1140 384 152 32 32 0.235607
1140 400 128 32 32 0.215219
1140 168 133 28 28 1.125110
1140 343 133 28 28 3.780296
1140 350 133 28 28 8.658921
1140 357 133 28 28 6.534143
1140 448 126 28 28 2.243888
1140 448 133 28 28 1.992515
1140 462 119 28 28 1.736361
1140 462 126 28 28 3.502168
1140 12 6 24 24 0.263405
1140 12 12 24 24 0.353229
1140 18 12 24 24 2.329558
1170 384 136 32 32 2.830433
1170 384 144 32 32 3.223000
1170 384 152 32 32 0.526657
1170 392 128 32 32 0.511063
1170 392 136 32 32 0.972033
1170 400 128 32 32 2.130716
1170 400 136 32 32 2.723415
1170 408 144 32 32 0.427103
1170 119 126 28 28 0.538172
1170 119 133 28 28 1.874148
1170 126 133 28 28 3.561084
1170 168 133 28 28 1.135224
1170 357 126 28 28 0.280253
1170 357 133 28 28 2.518294
1200 0 16 64 64 3.229566
1200 0 32 64 64 1.281314
1200 352 0 64 64 1.558460
1200 384 36 48 48 5.037605
1200 384 36 48 48 5.037605
1200 0 136 32 32 1.412081
1200 0 264 32 32 1.053246
1200 0 272 32 32 1.904626
1200 0 280 32 32 0.597174
1200 8 136 32 32 0.180085
1200 8 264 32 32 2.848747
1200 8 272 32 32 3.012909
1200 8 280 32 32 0.529345
1200 16 264 32 32 3.257500
1200 16 272 32 32 6.227600
1200 16 280 32 32 2.147586
1200 24 264 32 32 1.784519
1200 24 272 32 32 3.380149
1200 24 280 32 32 0.084531
1200 384 128 32 32 1.292588
1200 384 136 32 32 1.063351
1200 384 144 32 32 4.503747
1200 384 152 32 32 3.749133
1200 400 128 32 32 0.911942
1200 400 152 32 32 1.626234
1200 408 128 32 32 4.323311
1200 408 152 32 32 2.730064
1200 112 126 28 28 2.627397
1200 112 133 28 28 2.732233
1200 119 133 28 28 0.335751
1200 448 112 28 28 0.027754
1200 448 119 28 28 0.789081
1200 462 112 28 28 5.367646
1200 462 119 28 28 1.564996
1200 469 112 28 28 5.141985
1200 469 119 28 28 0.835039
1230 0 0 64 64 3.077734
1230 0 16 64 64 6.735505
1230 0 32 64 64 2.061324
1230 16 16 64 64 0.041089
1230 432 126 36 36 2.347350
1230 441 126 36 36 1.470906
1230 450 126 36 36 0.599382
1230 459 144 36 36 0.474818
1230 384 136 32 32 0.183480
1230 384 144 32 32 2.656848
1230 384 152 32 32 0.108318
1230 392 128 32 32 0.753926
1230 392 136 32 32 0.559869
1230 408 144 32 32 3.504907
1230 408 152 32 32 1.937444
1230 7 133 28 28 1.638598
1230 14 126 28 28 0.820373
1230 14 133 28 28 3.318867
1230 21 126 28 28 0.318131
1230 21 133 28 28 0.624380
1230 154 126 28 28 1.430471
1230 154 133 28 28 1.096130
1230 168 126 28 28 0.760455
1230 168 133 28 28 3.927032
1230 336 126 28 28 1.364348
1230 343 126 28 28 0.714525
1230 448 133 28 28 5.528151
1230 455 133 28 28 3.156404
1230 462 133 28 28 1.325892
1230 486 114 24 24 2.869856
1230 492 108 24 24 1.379602
1230 492 114 24 24 4.822705
1230 498 108 24 24 1.556914
1230 498 114 24 24 4.521047
1260 0 16 64 64 1.606719
1260 459 126 36 36 1.385242
1260 112 133 28 28 0.816769
1260 343 119 28 28 0.188823
1260 343 126 28 28 4.292276
1260 343 133 28 28 2.463449
1260 350 126 28 28 2.280197
1260 350 133 28 28 0.413639
1260 448 126 28 28 3.919465
1260 448 133 28 28 2.338943
1260 455 119 28 28 3.520192
1260 455 126 28 28 2.192118
1260 455 133 28 28 1.164550
1260 462 119 28 28 1.274721
1260 462 133 28 28 2.136921
1260 390 0 24 24 0.003393
1260 390 12 24 24 1.391738
1290 10 140 40 40 0.048477
1290 20 140 40 40 0.672828
1290 18 126 36 36 4.780294
1290 18 144 36 36 5.566839
1290 18 153 36 36 3.296090
1290 27 126 36 36 6.067007
1290 27 144 36 36 5.659911
1290 0 112 32 32 1.994577
1290 24 128 32 32 2.632637
1290 24 136 32 32 3.800364
1290 24 144 32 32 3.345276
1290 24 152 32 32 6.174487
1290 128 152 32 32 0.996852
1290 144 152 32 32 0.026761
1290 384 136 32 32 0.129801
1290 384 144 32 32 3.031605
1290 384 152 32 32 2.828409
1290 392 144 32 32 0.418307
1290 392 152 32 32 2.461673
1290 0 126 28 28 0.495841
1290 0 133 28 28 0.542963
1290 7 133 28 28 0.122212
1290 336 112 28 28 0.031278
1290 336 119 28 28 7.831440
1290 336 126 28 28 4.899788
1290 343 119 28 28 7.759213
1290 343 126 28 28 6.692245
1290 350 119 28 28 1.857650
1290 350 126 28 28 1.408849
1290 357 119 28 28 5.456415
1290 357 126 28 28 4.914832
1320 441 144 36 36 2.470232
1320 441 153 36 36 2.277846
1320 450 144 36 36 4.356133
1320 450 153 36 36 5.879136
1320 459 144 36 36 4.003871
1320 459 153 36 36 5.471350
1320 136 112 32 32 0.989736
1320 144 112 32 32 5.150461
1320 126 133 28 28 0.180537
1320 154 119 28 28 3.013851
1320 336 112 28 28 1.249846
1320 343 112 28 28 1.343894
1320 350 112 28 28 0.312116
1320 350 119 28 28 0.922365
1320 357 112 28 28 5.175874
1320 357 119 28 28 5.033529
1320 357 126 28 28 3.297394
1320 448 119 28 28 3.266554
1320 448 126 28 28 1.908050
1320 455 119 28 28 3.392684
1320 455 126 28 28 2.254655
1320 462 133 28 28 1.433644
1320 469 133 28 28 0.997614
1350 0 32 64 64 1.783141
1350 16 16 64 64 0.260777
1350 32 16 64 64 1.220261
1350 32 32 64 64 0.162696
1350 288 0 64 64 3.129437
1350 352 0 64 64 1.324825
1350 288 36 48 48 0.156871
1350 288 36 48 48 0.156871
1350 9 126 36 36 1.187358
1350 8 112 32 32 2.551076
1350 16 112 32 32 2.356221
1350 16 144 32 32 1.150569
1350 24 112 32 32 2.040482
1350 14 112 28 28 2.561752
1350 14 119 28 28 2.022218
1350 14 126 28 28 4.525787
1350 21 112 28 28 3.399226
1350 21 119 28 28 1.685986
1350 21 126 28 28 2.558037
1350 154 112 28 28 2.769966
1350 238 126 28 28 1.937886
1350 238 133 28 28 2.753403
1350 343 112 28 28 1.089385
1350 350 112 28 28 3.678044
1350 350 119 28 28 2.335344
1350 357 112 28 28 1.514997
1350 448 112 28 28 0.537316
1350 448 119 28 28 2.614852
1350 294 114 24 24 0.248971
1350 384 114 24 24 0.290407
1380 0 16 64 64 2.549330
1380 0 32 64 64 3.937751
1380 16 16 64 64 2.374825
1380 16 32 64 64 2.095722
1380 32 16 64 64 1.505186
1380 256 0 64 64 2.308294
1380 272 0 64 64 1.243659
1380 288 0 64 64 0.606347
1380 352 0 64 64 0.368832
1380 352 16 64 64 1.190943
1380 8 112 32 32 2.343765
1380 16 112 32 32 3.207914
1380 16 128 32 32 1.894274
1380 24 112 32 32 2.378148
1380 392 112 32 32 0.204510
1380 7 112 28 28 0.483763
1380 14 112 28 28 8.813017
1380 14 119 28 28 1.328623
1380 14 126 28 28 0.093687
1380 14 133 28 28 1.773979
1380 21 98 28 28 1.750687
1380 21 112 28 28 8.222670
1380 21 119 28 28 2.540227
1380 21 126 28 28 0.770267
1380 21 133 28 28 3.779053
1380 154 98 28 28 2.479748
1380 231 126 28 28 0.832698
1380 238 133 28 28 1.277427
1380 336 112 28 28 1.193480
1380 343 112 28 28 7.224528
1380 350 112 28 28 6.869367
1380 357 112 28 28 2.907765
1380 108 114 24 24 0.672766
1380 294 114 24 24 3.595994
1380 300 114 24 24 5.971275
1380 306 114 24 24 1.292200
1410 16 0 64 64 0.122669
1410 16 16 64 64 0.117197
1410 352 0 64 64 0.417577
1410 288 36 48 48 0.324461
1410 288 36 48 48 0.324461
1410 0 128 32 32 5.053386
1410 0 136 32 32 1.348682
1410 392 112 32 32 2.832683
1410 400 112 32 32 3.099123
1410 408 112 32 32 1.209682
1410 0 126 28 28 2.746930
1410 0 133 28 28 6.093513
1410 7 98 28 28 0.446730
1410 7 133 28 28 3.465068
1410 14 133 28 28 0.638996
1410 112 98 28 28 0.127875
1410 154 98 28 28 1.778868
1410 238 126 28 28 0.319121
1410 238 133 28 28 0.047504
1410 336 98 28 28 3.089775
1410 343 98 28 28 5.588164
1410 350 98 28 28 2.817347
1410 448 112 28 28 1.570533
1410 448 119 28 28 0.073312
1410 462 112 28 28 0.005652
1410 462 119 28 28 0.098894
1410 12 96 24 24 0.085891
1410 18 114 24 24 1.029365
1410 108 114 24 24 0.791864
1410 204 108 24 24 0.499236
1410 204 114 24 24 1.754119
1410 300 108 24 24 1.777168
1410 300 114 24 24 3.350363
1410 306 108 24 24 4.478415
1410 306 114 24 24 9.983124
1410 384 114 24 24 3.477182
1410 486 288 24 24 0.197413
1410 492 6 24 24 0.543831
1410 498 6 24 24 1.391289
1440 0 0 64 64 0.599341
1440 16 0 64 64 0.594310
1440 288 24 48 48 1.723595
1440 288 36 48 48 0.487016
1440 384 36 48 48 1.754336
1440 396 36 48 48 6.579093
1440 408 36 48 48 7.191791
1440 420 24 48 48 2.109571
1440 420 36 48 48 6.764809
1440 288 24 48 48 1.723595
1440 288 36 48 48 0.487016
1440 384 36 48 48 1.754336
1440 396 36 48 48 6.579093
1440 408 36 48 48 7.191791
1440 420 24 48 48 2.109571
1440 420 36 48 48 6.764809
1440 0 112 28 28 1.804551
1440 7 112 28 28 2.144246
1440 14 98 28 28 0.639300
1440 14 112 28 28 1.884289
1440 21 98 28 28 0.801956
1440 21 112 28 28 2.746126
1440 238 119 28 28 1.591579
1440 238 126 28 28 1.324339
1440 245 119 28 28 0.896120
1440 245 126 28 28 0.103435
1440 336 98 28 28 3.864395
1440 343 98 28 28 3.759062
1440 350 98 28 28 1.144903
1440 357 98 28 28 3.549052
1440 448 98 28 28 3.479987
1440 448 112 28 28 3.065926
1440 448 119 28 28 2.142830
1440 455 98 28 28 0.707118
1440 0 114 24 24 0.638330
1440 6 114 24 24 3.931051
1440 12 114 24 24 0.340224
1440 96 108 24 24 0.904740
1440 96 114 24 24 4.257784
1440 102 108 24 24 1.441810
1440 102 114 24 24 2.056961
1440 108 102 24 24 1.605393
1440 108 108 24 24 3.131715
1440 108 114 24 24 1.430039
1440 204 102 24 24 1.389970
1440 210 102 24 24 0.824568
1440 294 102 24 24 0.836641
1440 294 108 24 24 1.863335
1440 294 114 24 24 0.274054
1440 300 102 24 24 5.539006
1440 300 108 24 24 2.068928
1440 306 96 24 24 1.124954
1440 306 102 24 24 7.287741
1440 306 108 24 24 3.468204
1440 384 108 24 24 2.962196
1440 384 114 24 24 1.314019
1440 396 108 24 24 0.500214
1440 492 18 24 24 0.695154
1440 498 114 24 24 4.039419
1470 0 36 48 48 0.541216
1470 24 36 48 48 0.019409
1470 408 24 48 48 1.208006
1470 0 36 48 48 0.541216
1470 24 36 48 48 0.019409
1470 408 24 48 48 1.208006
1470 0 98 28 28 3.689085
1470 0 112 28 28 0.854412
1470 7 98 28 28 3.094092
1470 14 98 28 28 2.971685
1470 238 112 28 28 5.341056
1470 238 119 28 28 0.902347
1470 245 112 28 28 2.761367
1470 0 114 24 24 0.806785
1470 6 108 24 24 0.060022
1470 6 114 24 24 2.466439
1470 12 114 24 24 0.076287
1470 18 102 24 24 0.829369
1470 18 108 24 24 2.794454
1470 18 114 24 24 2.265452
1470 96 102 24 24 0.810422
1470 96 108 24 24 2.302820
1470 102 108 24 24 0.072200
1470 300 96 24 24 1.358538
1470 300 102 24 24 0.844714
1470 306 96 24 24 1.912506
1470 306 102 24 24 1.342321
1470 384 96 24 24 0.264327
1470 384 102 24 24 3.377635
1470 384 108 24 24 3.938035
1470 390 96 24 24 4.516534
1470 390 102 24 24 3.247623
1470 390 108 24 24 2.721678
1470 390 114 24 24 1.868102
1470 396 102 24 24 3.025617
1470 396 108 24 24 3.298876
1470 402 108 24 24 1.764997
1470 480 108 24 24 2.177228
1470 498 108 24 24 0.443222
1500 0 24 48 48 0.216479
1500 288 24 48 48 1.076462
1500 0 24 48 48 0.216479
1500 288 24 48 48 1.076462
1500 0 33 44 44 0.526642
1500 11 33 44 44 0.233119
1500 264 22 44 44 0.553223
1500 264 33 44 44 0.017323
1500 352 33 44 44 1.583542
1500 21 98 28 28 0.112452
1500 238 98 28 28 1.063317
1500 469 98 28 28 3.261057
1500 132 96 24 24 4.779788
1500 132 102 24 24 2.644769
1500 144 96 24 24 1.440087
1500 294 84 24 24 0.909051
1500 306 96 24 24 1.101756
1500 396 96 24 24 1.032814
1500 480 102 24 24 4.769826
1500 480 108 24 24 5.324488
1500 486 102 24 24 4.322595
1500 486 108 24 24 2.575160
1500 492 96 24 24 0.505073
1500 492 102 24 24 5.685003
1500 492 108 24 24 2.691488
1530 12 24 48 48 0.862476
1530 264 12 48 48 1.016940
1530 384 12 48 48 1.602023
1530 396 12 48 48 1.181548
1530 396 24 48 48 1.922393
1530 12 24 48 48 0.862476
1530 264 12 48 48 1.016940
1530 384 12 48 48 1.602023
1530 396 12 48 48 1.181548
1530 396 24 48 48 1.922393
1530 352 22 44 44 0.467200
1530 352 33 44 44 9.706409
1530 363 33 44 44 6.653368
1530 374 33 44 44 2.869632
1530 330 30 40 40 1.622163
1530 340 30 40 40 2.199635
1530 350 30 40 40 0.536902
1530 245 98 28 28 0.706439
1530 0 102 24 24 1.607691
1530 0 108 24 24 2.538561
1530 300 108 24 24 1.133103
1530 306 108 24 24 0.543879
1530 384 96 24 24 4.326666
1530 384 102 24 24 5.998909
1530 384 108 24 24 2.031748
1530 390 96 24 24 2.583214
1530 390 102 24 24 5.645495
1530 390 108 24 24 5.287045
1530 396 96 24 24 6.861040
1530 396 102 24 24 8.799316
1530 396 108 24 24 9.409489
1530 396 114 24 24 5.698149
1530 402 96 24 24 5.541193
1530 402 102 24 24 5.509556
1530 402 108 24 24 5.363224
1530 402 114 24 24 2.366117
1560 264 12 48 48 0.579606
1560 384 12 48 48 5.307507
1560 384 24 48 48 4.399654
1560 396 24 48 48 2.000623
1560 408 24 48 48 2.705038
1560 408 36 48 48 2.797321
1560 420 36 48 48 3.644064
1560 264 12 48 48 0.579606
1560 384 12 48 48 5.307507
1560 384 24 48 48 4.399654
1560 396 24 48 48 2.000623
1560 408 24 48 48 2.705038
1560 408 36 48 48 2.797321
1560 420 36 48 48 3.644064
1560 264 22 44 44 0.626568
1560 352 22 44 44 2.519235
1560 352 33 44 44 7.249237
1560 363 22 44 44 0.458972
1560 363 33 44 44 6.614071
1560 374 22 44 44 1.078566
1560 374 33 44 44 3.933999
1560 385 22 44 44 0.012808
1560 385 33 44 44 3.498990
1560 320 30 40 40 1.287861
1560 330 30 40 40 0.944453
1560 340 30 40 40 0.609741
1560 350 30 40 40 1.572981
1560 0 112 28 28 0.480141
1560 448 98 28 28 3.249065
1560 448 119 28 28 0.619422
1560 455 98 28 28 3.111594
1560 462 98 28 28 1.508278
1560 0 96 24 24 3.214613
1560 0 102 24 24 2.879608
1560 0 108 24 24 2.866573
1560 6 96 24 24 3.102478
1560 6 102 24 24 2.367079
1560 6 108 24 24 1.076865
1560 6 114 24 24 1.760731
1560 12 114 24 24 1.908456
1560 132 84 24 24 2.812615
1560 306 102 24 24 0.377957
1560 306 108 24 24 1.225574
1560 384 96 24 24 4.560535
1560 390 96 24 24 1.953363
1560 396 96 24 24 4.798055
1560 396 102 24 24 1.923530
1560 402 96 24 24 2.558785
1560 498 114 24 24 0.418899
1590 264 12 48 48 0.784751
1590 264 24 48 48 0.619446
1590 288 0 48 48 0.280651
1590 288 12 48 48 2.380426
1590 384 0 48 48 0.117171
1590 384 12 48 48 5.044692
1590 384 24 48 48 2.869565
1590 396 12 48 48 5.430653
1590 396 24 48 48 4.010282
1590 408 12 48 48 6.955589
1590 408 24 48 48 5.290101
1590 408 36 48 48 1.129842
1590 420 12 48 48 3.454717
1590 420 24 48 48 4.357710
1590 420 36 48 48 0.642025
1590 264 12 48 48 0.784751
1590 264 24 48 48 0.619446
1590 288 0 48 48 0.280651
1590 288 12 48 48 2.380426
1590 384 0 48 48 0.117171
1590 384 12 48 48 5.044692
1590 384 24 48 48 2.869565
1590 396 12 48 48 5.430653
1590 396 24 48 48 4.010282
1590 408 12 48 48 6.955589
1590 408 24 48 48 5.290101
1590 408 36 48 48 1.129842
1590 420 12 48 48 3.454717
1590 420 24 48 48 4.357710
1590 420 36 48 48 0.642025
1590 264 22 44 44 1.552950
1590 352 22 44 44 5.686154
1590 352 33 44 44 4.100806
1590 363 22 44 44 7.066068
1590 363 33 44 44 7.096807
1590 374 22 44 44 2.789733
1590 374 33 44 44 2.436016
1590 385 22 44 44 4.351587
1590 385 33 44 44 1.465716
1590 320 30 40 40 0.677762
1590 330 30 40 40 4.240604
1590 340 30 40 40 3.310516
1590 315 27 36 36 1.036514
1590 0 96 24 24 4.925094
1590 0 102 24 24 2.866176
1590 6 96 24 24 3.349486
1590 96 84 24 24 3.970605
1590 102 84 24 24 3.854657
1590 108 84 24 24 5.897539
1590 306 102 24 24 1.726992
1590 384 84 24 24 2.389499
1590 390 84 24 24 5.022351
1590 390 96 24 24 1.091335
1590 396 84 24 24 5.274787
1590 396 96 24 24 3.273904
1590 402 84 24 24 1.349321
1590 402 96 24 24 2.867093
1590 480 6 24 24 0.733096
1590 486 6 24 24 0.583192
1590 492 96 24 24 0.050689
1590 492 102 24 24 0.706880
1590 498 102 24 24 0.451599
1590 498 108 24 24 2.423984
1620 384 24 48 48 0.608648
1620 396 24 48 48 4.331307
1620 408 12 48 48 1.718820
1620 408 24 48 48 6.067705
1620 408 36 48 48 1.073660
1620 420 24 48 48 0.941116
1620 384 24 48 48 0.608648
1620 396 24 48 48 4.331307
1620 408 12 48 48 1.718820
1620 408 24 48 48 6.067705
1620 408 36 48 48 1.073660
1620 420 24 48 48 0.941116
1620 22 22 44 44 0.538341
1620 352 22 44 44 1.256290
1620 363 22 44 44 2.088614
1620 363 33 44 44 2.152512
1620 374 22 44 44 1.193172
1620 374 33 44 44 4.631739
1620 385 22 44 44 2.923401
1620 385 33 44 44 6.540583
1620 0 96 24 24 0.039445
1620 96 84 24 24 1.940455
1620 102 84 24 24 1.079394
1620 108 84 24 24 0.169570
1620 288 96 24 24 2.129728
1620 288 102 24 24 0.178902
1620 384 84 24 24 1.451437
1620 390 84 24 24 0.074311
1620 402 84 24 24 2.422414
1620 492 102 24 24 0.360093
1620 492 108 24 24 5.713627
1620 492 114 24 24 2.169665
1620 498 102 24 24 5.196511
1620 498 108 24 24 11.656031
1620 498 114 24 24 4.291106
1650 0 24 48 48 0.335950
1650 384 12 48 48 5.424583
1650 384 24 48 48 4.546634
1650 384 36 48 48 0.802995
1650 396 12 48 48 3.209743
1650 396 24 48 48 3.768325
1650 396 36 48 48 0.310930
1650 408 24 48 48 2.266064
1650 408 36 48 48 0.684418
1650 420 12 48 48 0.788420
1650 420 24 48 48 7.871734
1650 420 36 48 48 5.339097
1650 0 24 48 48 0.335950
1650 384 12 48 48 5.424583
1650 384 24 48 48 4.546634
1650 384 36 48 48 0.802995
1650 396 12 48 48 3.209743
1650 396 24 48 48 3.768325
1650 396 36 48 48 0.310930
1650 408 24 48 48 2.266064
1650 408 36 48 48 0.684418
1650 420 12 48 48 0.788420
1650 420 24 48 48 7.871734
1650 420 36 48 48 5.339097
1650 0 33 44 44 0.035959
1650 352 33 44 44 5.270408
1650 363 22 44 44 0.037640
1650 363 33 44 44 5.158118
1650 374 22 44 44 4.551153
1650 374 33 44 44 5.181995
1650 385 22 44 44 3.452495
1650 385 33 44 44 6.535852
1650 0 98 28 28 1.734742
1650 21 98 28 28 0.868580
1650 462 112 28 28 0.796795
1650 469 98 28 28 0.348072
1650 0 96 24 24 0.013794
1650 0 102 24 24 2.836070
1650 0 108 24 24 3.324536
1650 6 102 24 24 2.209576
1650 6 108 24 24 3.621304
1650 6 114 24 24 0.261950
1650 12 102 24 24 1.450477
1650 12 108 24 24 0.110957
1650 102 96 24 24 0.992473
1650 108 96 24 24 3.336629
1650 306 102 24 24 1.851179
1650 384 96 24 24 5.006938
1650 384 102 24 24 1.651763
1650 390 84 24 24 2.919518
1650 390 96 24 24 7.125007
1650 390 102 24 24 5.712973
1650 390 108 24 24 0.948054
1650 396 96 24 24 5.452621
1650 396 102 24 24 6.042663
1650 396 108 24 24 2.629354
1650 396 114 24 24 0.057052
1650 402 96 24 24 1.351377
1650 402 102 24 24 2.736883
1650 402 108 24 24 2.143406
1650 402 114 24 24 0.789148
1650 480 96 24 24 2.182960
1650 480 102 24 24 2.968498
1650 480 108 24 24 1.100265
1650 480 114 24 24 1.274988
1650 486 96 24 24 0.219891
1650 486 108 24 24 0.395237
1650 486 114 24 24 1.709454
1650 498 96 24 24 1.518784
1650 498 102 24 24 1.046626
1680 352 0 64 64 2.379883
1680 384 24 48 48 4.980316
1680 384 36 48 48 3.425349
1680 396 24 48 48 1.602198
1680 396 36 48 48 0.898737
1680 384 24 48 48 4.980316
1680 384 36 48 48 3.425349
1680 396 24 48 48 1.602198
1680 396 36 48 48 0.898737
1680 352 33 44 44 2.023941
1680 363 33 44 44 3.760101
1680 374 33 44 44 1.279166
1680 385 33 44 44 5.574792
1680 0 98 28 28 2.121477
1680 343 98 28 28 1.939113
1680 350 98 28 28 8.697882
1680 357 98 28 28 7.657511
1680 448 98 28 28 3.248780
1680 455 98 28 28 3.903966
1680 455 112 28 28 0.374793
1680 462 112 28 28 1.840706
1680 462 119 28 28 0.494182
1680 469 98 28 28 0.798506
1680 0 108 24 24 2.750903
1680 0 114 24 24 2.765738
1680 96 96 24 24 1.688730
1680 96 102 24 24 1.886327
1680 102 96 24 24 3.078425
1680 102 102 24 24 2.519654
1680 108 96 24 24 1.218638
1680 384 96 24 24 1.162761
1680 384 102 24 24 1.786795
1680 390 96 24 24 3.631884
1680 390 102 24 24 3.961024
1680 396 84 24 24 0.678384
1680 396 96 24 24 4.286610
1680 396 102 24 24 2.028734
1680 402 96 24 24 3.719970
1680 402 102 24 24 0.849612
1710 396 24 48 48 4.191671
1710 408 24 48 48 4.507527
1710 420 24 48 48 5.103576
1710 420 36 48 48 1.552034
1710 396 24 48 48 4.191671
1710 408 24 48 48 4.507527
1710 420 24 48 48 5.103576
1710 420 36 48 48 1.552034
1710 374 33 44 44 1.287179
1710 385 33 44 44 1.170983
1710 469 98 28 28 3.807135
1710 0 96 24 24 2.984344
1710 6 96 24 24 3.145936
1710 6 102 24 24 0.072087
1710 12 96 24 24 1.493143
1710 12 102 24 24 0.057759
1710 18 102 24 24 1.130383
1710 96 96 24 24 4.923413
1710 96 102 24 24 0.336092
1710 102 96 24 24 2.089410
1710 480 102 24 24 2.559460
1710 480 108 24 24 4.616958
1740 420 0 48 48 1.411723
1740 420 12 48 48 3.875284
1740 420 24 48 48 1.457144
1740 420 0 48 48 1.411723
1740 420 12 48 48 3.875284
1740 420 24 48 48 1.457144
1740 432 27 36 36 0.461558
1740 441 27 36 36 1.743842
1740 0 224 28 28 1.672616
1740 7 224 28 28 4.247714
1740 14 224 28 28 2.816147
1740 14 231 28 28 0.226776
1740 350 98 28 28 0.510538
1740 96 84 24 24 1.309361
1740 96 96 24 24 1.336943
1740 132 84 24 24 0.931875
1770 22 33 44 44 0.357788
1770 330 30 40 40 1.094159
1770 340 30 40 40 2.038224
1770 350 30 40 40 2.283449
1770 12 84 24 24 2.393769
1770 12 96 24 24 2.954405
1770 18 84 24 24 4.584990
1770 18 96 24 24 3.697954
1770 132 84 24 24 2.361390
1770 294 114 24 24 0.395458
1770 384 84 24 24 2.350387
1770 384 96 24 24 2.818174
1770 384 102 24 24 2.923033
1770 384 108 24 24 2.480733
1770 390 84 24 24 0.134394
1800 352 22 44 44 3.658691
1800 352 33 44 44 1.918017
1800 363 22 44 44 0.588207
1800 384 112 32 32 4.305099
1800 392 112 32 32 1.725607
1800 0 98 28 28 3.265216
1800 7 98 28 28 2.599537
1800 14 98 28 28 2.631114
1800 21 98 28 28 0.778891
1800 448 126 28 28 2.017915
1800 455 119 28 28 3.286971
1800 455 126 28 28 2.663238
1800 462 126 28 28 0.920808
1800 0 96 24 24 3.109418
1800 0 102 24 24 1.330332
1800 0 108 24 24 1.404841
1800 0 114 24 24 4.308963
1800 6 96 24 24 1.276114
1800 6 114 24 24 0.841614
1800 12 108 24 24 0.363014
1800 12 114 24 24 0.034858
1800 18 108 24 24 0.708355
1800 18 114 24 24 0.680621
1800 132 96 24 24 2.296299
1800 384 96 24 24 1.268700
1800 390 96 24 24 0.193164
1800 390 108 24 24 3.346266
1800 390 114 24 24 5.686664
1800 396 108 24 24 7.098564
1800 396 114 24 24 9.834288
1800 402 102 24 24 2.577197
1800 402 108 24 24 8.847517
1800 402 114 24 24 9.106267
1830 288 0 64 64 0.188187
1830 280 128 32 32 2.252887
1830 408 112 32 32 3.299881
1830 408 128 32 32 1.393343
1830 7 112 28 28 0.161313
1830 168 98 28 28 1.168496
1830 102 108 24 24 0.184144
1830 108 102 24 24 0.977345
1830 108 108 24 24 3.973238
1830 108 114 24 24 1.566524
1830 210 108 24 24 1.358034
1830 210 114 24 24 2.681163
1830 384 102 24 24 1.438028
1830 390 96 24 24 3.293324
1830 390 102 24 24 7.252810
1830 390 108 24 24 0.827593
1830 396 96 24 24 3.744012
1830 396 102 24 24 4.965496
1830 402 102 24 24 0.249996
