30 12 168 48 48 3.025964
30 12 192 48 48 2.338504
30 24 168 48 48 3.711724
30 24 192 48 48 3.209880
30 36 168 48 48 0.814410
30 36 192 48 48 0.786586
30 420 168 48 48 0.121610
30 12 168 48 48 3.025964
30 12 192 48 48 2.338504
30 24 168 48 48 3.711724
30 24 192 48 48 3.209880
30 36 168 48 48 0.814410
30 36 192 48 48 0.786586
30 420 168 48 48 0.121610
30 22 176 44 44 2.461300
30 22 187 44 44 3.246829
30 22 198 44 44 2.573411
30 33 176 44 44 3.216724
30 33 187 44 44 4.240645
30 33 198 44 44 3.370713
30 33 209 44 44 0.819598
30 176 33 44 44 0.212978
30 30 190 40 40 2.422308
30 330 180 40 40 4.732245
30 330 190 40 40 3.741415
30 340 180 40 40 0.409680
30 340 190 40 40 1.644669
30 400 152 32 32 0.254767
30 408 152 32 32 0.161678
30 350 224 28 28 0.303793
30 357 224 28 28 1.884035
30 462 112 28 28 0.401451
30 469 112 28 28 1.986547
30 469 238 28 28 0.945366
30 0 114 24 24 0.097920
30 6 114 24 24 1.906191
30 96 6 24 24 4.991320
30 96 12 24 24 7.945946
30 96 18 24 24 2.737999
30 102 6 24 24 1.327539
30 102 12 24 24 1.755815
30 192 108 24 24 3.682247
30 198 108 24 24 1.524446
30 198 114 24 24 1.093421
30 204 0 24 24 0.198018
30 204 18 24 24 0.330009
30 204 108 24 24 0.012370
30 210 108 24 24 1.755863
30 480 96 24 24 0.139426
30 480 102 24 24 2.183645
30 480 108 24 24 5.151639
30 480 114 24 24 5.407772
30 480 204 24 24 1.657078
30 486 204 24 24 2.212358
30 486 210 24 24 2.119732
30 492 204 24 24 1.786651
30 492 210 24 24 1.124879
60 12 168 48 48 3.061625
60 12 192 48 48 2.369832
60 24 168 48 48 3.752021
60 24 192 48 48 3.217424
60 24 204 48 48 0.000392
60 36 168 48 48 1.073278
60 36 192 48 48 0.903338
60 12 168 48 48 3.061625
60 12 192 48 48 2.369832
60 24 168 48 48 3.752021
60 24 192 48 48 3.217424
60 24 204 48 48 0.000392
60 36 168 48 48 1.073278
60 36 192 48 48 0.903338
60 22 176 44 44 2.433391
60 22 187 44 44 3.267742
60 22 198 44 44 2.720926
60 33 176 44 44 3.259162
60 33 187 44 44 4.239146
60 33 198 44 44 3.399413
60 33 209 44 44 0.934582
60 176 33 44 44 0.122660
60 30 190 40 40 2.430563
60 330 170 40 40 1.106261
60 330 180 40 40 4.924101
60 330 190 40 40 3.688962
60 340 180 40 40 0.679602
60 340 190 40 40 1.884733
60 350 224 28 28 0.299121
60 357 224 28 28 1.792203
60 469 238 28 28 1.049611
60 0 114 24 24 0.307162
60 6 114 24 24 1.645255
60 96 6 24 24 4.731832
60 96 12 24 24 7.860542
60 96 18 24 24 2.313720
60 102 6 24 24 1.780392
60 102 12 24 24 1.116279
60 192 108 24 24 3.972816
60 198 108 24 24 1.612891
60 198 114 24 24 1.678719
60 210 108 24 24 1.264755
60 480 102 24 24 2.424111
60 480 108 24 24 7.146949
60 480 114 24 24 7.102221
60 480 204 24 24 1.668350
60 486 108 24 24 0.143425
60 486 204 24 24 2.265345
60 486 210 24 24 2.104341
60 492 204 24 24 1.787124
60 492 210 24 24 1.070644
90 12 168 48 48 2.844149
90 12 192 48 48 2.389298
90 24 168 48 48 3.761159
90 24 192 48 48 3.455685
90 24 204 48 48 0.793275
90 36 168 48 48 0.630484
90 36 192 48 48 1.423625
90 420 168 48 48 0.550964
90 12 168 48 48 2.844149
90 12 192 48 48 2.389298
90 24 168 48 48 3.761159
90 24 192 48 48 3.455685
90 24 204 48 48 0.793275
90 36 168 48 48 0.630484
90 36 192 48 48 1.423625
90 420 168 48 48 0.550964
90 22 176 44 44 2.865808
90 22 187 44 44 3.521652
90 22 198 44 44 2.238970
90 33 176 44 44 3.204775
90 33 187 44 44 4.188797
90 33 198 44 44 3.104622
90 176 33 44 44 0.271354
90 30 190 40 40 2.241814
90 330 170 40 40 0.976394
90 330 180 40 40 4.883745
90 330 190 40 40 3.771171
90 340 180 40 40 0.989033
90 340 190 40 40 2.443430
90 350 224 28 28 0.828689
90 357 224 28 28 2.570590
90 469 21 28 28 0.089032
90 469 238 28 28 1.160463
90 0 114 24 24 0.598834
90 6 114 24 24 2.874722
90 96 6 24 24 2.780488
90 96 12 24 24 6.634487
90 96 18 24 24 3.306225
90 102 6 24 24 0.130784
90 102 12 24 24 0.715913
90 192 108 24 24 3.221026
90 192 114 24 24 0.377222
90 198 108 24 24 2.307995
90 198 114 24 24 1.466312
90 204 0 24 24 0.748649
90 204 108 24 24 0.778920
90 210 108 24 24 2.660915
90 480 96 24 24 0.263435
90 480 102 24 24 2.336285
90 480 108 24 24 3.083257
90 480 114 24 24 4.682311
90 480 204 24 24 2.361803
90 486 198 24 24 0.435645
90 486 204 24 24 2.459970
90 486 210 24 24 1.935457
90 492 204 24 24 1.557826
90 492 210 24 24 1.316637
120 12 168 48 48 2.789227
120 12 192 48 48 2.291861
120 24 168 48 48 3.687177
120 24 192 48 48 3.435771
120 24 204 48 48 0.903295
120 36 168 48 48 0.485334
120 36 192 48 48 1.436797
120 420 168 48 48 0.020894
120 12 168 48 48 2.789227
120 12 192 48 48 2.291861
120 24 168 48 48 3.687177
120 24 192 48 48 3.435771
120 24 204 48 48 0.903295
120 36 168 48 48 0.485334
120 36 192 48 48 1.436797
120 420 168 48 48 0.020894
120 22 176 44 44 2.768673
120 22 187 44 44 3.249344
120 22 198 44 44 2.083744
120 33 176 44 44 2.878132
120 33 187 44 44 4.000639
120 33 198 44 44 2.956217
120 30 190 40 40 1.768736
120 330 170 40 40 0.092166
120 330 180 40 40 4.505284
120 330 190 40 40 3.799791
120 340 180 40 40 0.453077
120 340 190 40 40 1.450408
120 408 152 32 32 0.108036
120 350 224 28 28 0.727944
120 357 224 28 28 2.285219
120 462 112 28 28 0.857932
120 469 112 28 28 1.731677
120 469 238 28 28 0.682364
120 0 114 24 24 0.092824
120 6 114 24 24 2.286614
120 96 6 24 24 3.578490
120 96 12 24 24 7.677528
120 96 18 24 24 4.051506
120 102 6 24 24 0.609202
120 102 12 24 24 1.268921
120 192 108 24 24 2.850122
120 192 114 24 24 0.018888
120 198 108 24 24 2.430354
120 198 114 24 24 1.416119
120 204 0 24 24 0.206833
120 204 108 24 24 1.135126
120 210 108 24 24 2.514586
120 480 102 24 24 0.591137
120 480 108 24 24 3.073429
120 480 114 24 24 5.798789
120 480 204 24 24 2.560975
120 486 204 24 24 1.835824
120 486 210 24 24 2.216580
120 492 204 24 24 1.119969
120 492 210 24 24 1.684222
150 12 168 48 48 2.325379
150 12 192 48 48 2.643693
150 12 204 48 48 0.096634
150 24 168 48 48 3.793901
150 24 192 48 48 4.169412
150 24 204 48 48 1.550419
150 36 192 48 48 2.253968
150 12 168 48 48 2.325379
150 12 192 48 48 2.643693
150 12 204 48 48 0.096634
150 24 168 48 48 3.793901
150 24 192 48 48 4.169412
150 24 204 48 48 1.550419
150 36 192 48 48 2.253968
150 22 176 44 44 2.474999
150 22 187 44 44 3.432883
150 22 198 44 44 2.232684
150 33 176 44 44 2.724097
150 33 187 44 44 4.203665
150 33 198 44 44 3.313400
150 176 33 44 44 1.233726
150 30 190 40 40 1.779986
150 330 180 40 40 2.612562
150 330 190 40 40 2.873459
150 340 190 40 40 0.794715
150 350 224 28 28 0.538475
150 350 231 28 28 0.094278
150 357 224 28 28 2.589919
150 462 112 28 28 0.413789
150 469 112 28 28 2.113647
150 469 238 28 28 0.122016
150 6 114 24 24 1.484297
150 96 6 24 24 2.781014
150 96 12 24 24 7.443382
150 96 18 24 24 6.326075
150 102 6 24 24 0.891737
150 102 12 24 24 1.378606
150 102 18 24 24 0.731027
150 108 102 24 24 0.453627
150 192 108 24 24 2.555688
150 192 114 24 24 2.134428
150 198 108 24 24 2.534464
150 198 114 24 24 2.347741
150 204 0 24 24 1.471067
150 204 108 24 24 2.508149
150 210 108 24 24 2.286696
150 480 102 24 24 1.416535
150 480 108 24 24 3.077707
150 480 114 24 24 6.245085
150 480 204 24 24 2.535599
150 480 210 24 24 0.439939
150 486 198 24 24 0.535656
150 486 204 24 24 1.438116
150 486 210 24 24 2.253861
150 492 204 24 24 1.101915
150 492 210 24 24 1.907515
180 12 168 48 48 2.800097
180 12 192 48 48 2.759647
180 12 204 48 48 0.196528
180 24 168 48 48 3.848123
180 24 192 48 48 4.099212
180 24 204 48 48 1.653661
180 36 192 48 48 2.522491
180 12 168 48 48 2.800097
180 12 192 48 48 2.759647
180 12 204 48 48 0.196528
180 24 168 48 48 3.848123
180 24 192 48 48 4.099212
180 24 204 48 48 1.653661
180 36 192 48 48 2.522491
180 22 176 44 44 2.375668
180 22 187 44 44 3.252547
180 22 198 44 44 2.315140
180 33 176 44 44 2.666960
180 33 187 44 44 3.792798
180 33 198 44 44 3.322710
180 33 209 44 44 0.074043
180 176 33 44 44 1.070603
180 30 170 40 40 1.100461
180 30 190 40 40 1.671566
180 330 170 40 40 0.037281
180 330 180 40 40 3.960581
180 330 190 40 40 3.493749
180 340 190 40 40 1.609233
180 350 224 28 28 0.440565
180 357 224 28 28 2.654431
180 462 112 28 28 0.402441
180 462 119 28 28 0.707251
180 462 133 28 28 1.337484
180 469 112 28 28 1.707446
180 469 119 28 28 1.334364
180 469 133 28 28 0.000351
180 469 238 28 28 0.151584
180 6 114 24 24 1.607045
180 96 6 24 24 2.325475
180 96 12 24 24 6.912409
180 96 18 24 24 5.726427
180 102 6 24 24 0.752862
180 102 12 24 24 0.701238
180 102 18 24 24 0.520865
180 108 102 24 24 0.257510
180 192 108 24 24 2.308225
180 192 114 24 24 1.649332
180 198 108 24 24 2.737344
180 198 114 24 24 2.486157
180 204 0 24 24 2.236452
180 204 108 24 24 2.611600
180 210 108 24 24 2.146543
180 480 102 24 24 1.356620
180 480 108 24 24 3.076480
180 480 114 24 24 6.098417
180 480 204 24 24 1.556496
180 480 210 24 24 0.073249
180 486 204 24 24 1.412938
180 486 210 24 24 2.219104
180 492 204 24 24 1.107426
180 492 210 24 24 1.828456
210 12 168 48 48 2.404397
210 12 192 48 48 2.808946
210 12 204 48 48 0.379215
210 24 168 48 48 3.830093
210 24 192 48 48 4.437199
210 24 204 48 48 1.748804
210 36 192 48 48 2.602175
210 12 168 48 48 2.404397
210 12 192 48 48 2.808946
210 12 204 48 48 0.379215
210 24 168 48 48 3.830093
210 24 192 48 48 4.437199
210 24 204 48 48 1.748804
210 36 192 48 48 2.602175
210 22 176 44 44 2.453581
210 22 187 44 44 3.568857
210 22 198 44 44 2.366353
210 33 176 44 44 2.799047
210 33 187 44 44 4.282363
210 33 198 44 44 3.564296
210 33 209 44 44 0.265687
210 176 33 44 44 0.921932
210 30 190 40 40 1.783205
210 330 180 40 40 3.100870
210 330 190 40 40 3.213138
210 340 190 40 40 0.942424
210 224 21 28 28 0.674017
210 350 224 28 28 0.611368
210 357 224 28 28 2.899850
210 462 112 28 28 0.213980
210 469 21 28 28 0.231223
210 469 112 28 28 1.772582
210 469 119 28 28 0.087618
210 469 238 28 28 0.431329
210 96 6 24 24 2.482394
210 96 12 24 24 6.804791
210 96 18 24 24 5.775151
210 102 6 24 24 0.464960
210 102 12 24 24 0.809697
210 102 18 24 24 0.563149
210 192 108 24 24 2.456340
210 192 114 24 24 2.770926
210 198 102 24 24 0.036492
210 198 108 24 24 3.346125
210 198 114 24 24 2.833049
210 204 0 24 24 2.209052
210 204 108 24 24 2.988019
210 210 0 24 24 0.296220
210 210 108 24 24 2.592001
210 480 102 24 24 0.682524
210 480 108 24 24 2.979433
210 480 114 24 24 6.531977
210 480 204 24 24 1.511123
210 480 210 24 24 0.263562
210 486 204 24 24 1.772158
210 486 210 24 24 2.177086
210 492 204 24 24 1.340598
210 492 210 24 24 1.667432
240 12 168 48 48 0.469735
240 12 192 48 48 2.316445
240 24 168 48 48 3.373582
240 24 192 48 48 3.088898
240 24 204 48 48 0.963247
240 36 192 48 48 1.003690
240 12 168 48 48 0.469735
240 12 192 48 48 2.316445
240 24 168 48 48 3.373582
240 24 192 48 48 3.088898
240 24 204 48 48 0.963247
240 36 192 48 48 1.003690
240 22 176 44 44 1.625862
240 22 187 44 44 3.246521
240 22 198 44 44 1.931964
240 33 176 44 44 2.229133
240 33 187 44 44 3.609550
240 33 198 44 44 2.699699
240 176 33 44 44 1.276781
240 30 190 40 40 2.432210
240 330 180 40 40 3.890544
240 330 190 40 40 3.617913
240 340 190 40 40 1.529836
240 0 112 28 28 0.246099
240 350 224 28 28 0.321093
240 357 224 28 28 2.742064
240 462 112 28 28 0.042890
240 462 133 28 28 0.591664
240 469 21 28 28 0.033413
240 469 112 28 28 1.820537
240 469 119 28 28 0.375350
240 469 238 28 28 0.234320
240 6 114 24 24 1.976701
240 96 6 24 24 2.285719
240 96 12 24 24 7.119714
240 96 18 24 24 6.370957
240 102 12 24 24 1.096387
240 102 18 24 24 0.808952
240 108 102 24 24 0.170577
240 192 108 24 24 2.530861
240 192 114 24 24 4.388309
240 198 108 24 24 3.248184
240 198 114 24 24 3.602628
240 204 0 24 24 1.648028
240 204 108 24 24 2.833768
240 210 108 24 24 2.331167
240 480 102 24 24 0.875726
240 480 108 24 24 3.059088
240 480 114 24 24 6.435074
240 480 204 24 24 1.816819
240 480 210 24 24 0.313762
240 486 204 24 24 1.822590
240 486 210 24 24 2.141115
240 492 204 24 24 1.415976
240 492 210 24 24 1.710553
270 12 168 48 48 1.232807
270 12 192 48 48 2.254774
270 24 168 48 48 3.284937
270 24 192 48 48 3.325845
270 24 204 48 48 1.178619
270 36 192 48 48 1.446334
270 420 168 48 48 0.021731
270 12 168 48 48 1.232807
270 12 192 48 48 2.254774
270 24 168 48 48 3.284937
270 24 192 48 48 3.325845
270 24 204 48 48 1.178619
270 36 192 48 48 1.446334
270 420 168 48 48 0.021731
270 22 176 44 44 2.405470
270 22 187 44 44 3.531531
270 22 198 44 44 1.938050
270 33 176 44 44 2.816959
270 33 187 44 44 3.879134
270 33 198 44 44 2.839831
270 176 33 44 44 0.553424
270 30 190 40 40 2.022943
270 330 180 40 40 3.052525
270 330 190 40 40 3.159140
270 340 190 40 40 0.597924
270 350 224 28 28 0.767152
270 350 231 28 28 0.045216
270 357 224 28 28 2.835125
270 469 21 28 28 0.182774
270 469 112 28 28 1.291045
270 469 238 28 28 0.288902
270 6 114 24 24 1.450776
270 96 6 24 24 2.851292
270 96 12 24 24 7.080316
270 96 18 24 24 6.028666
270 102 6 24 24 0.498438
270 102 12 24 24 0.753855
270 102 18 24 24 0.454303
270 192 108 24 24 2.262576
270 192 114 24 24 2.034716
270 198 108 24 24 2.551478
270 198 114 24 24 2.358078
270 204 0 24 24 1.546165
270 204 108 24 24 2.317294
270 210 108 24 24 2.143628
270 480 102 24 24 1.002034
270 480 108 24 24 3.265199
270 480 114 24 24 6.499199
270 480 204 24 24 2.220539
270 480 210 24 24 0.601929
270 486 198 24 24 0.276862
270 486 204 24 24 1.864323
270 486 210 24 24 2.307100
270 492 204 24 24 1.134525
270 492 210 24 24 1.843147
300 12 168 48 48 2.618705
300 12 192 48 48 2.902530
300 12 204 48 48 0.278213
300 24 168 48 48 3.905311
300 24 192 48 48 4.183989
300 24 204 48 48 1.525833
300 36 192 48 48 2.284294
300 12 168 48 48 2.618705
300 12 192 48 48 2.902530
300 12 204 48 48 0.278213
300 24 168 48 48 3.905311
300 24 192 48 48 4.183989
300 24 204 48 48 1.525833
300 36 192 48 48 2.284294
300 22 176 44 44 2.419204
300 22 187 44 44 3.490789
300 22 198 44 44 2.383429
300 33 176 44 44 2.423386
300 33 187 44 44 3.870330
300 33 198 44 44 3.286259
300 176 33 44 44 1.406224
300 30 170 40 40 0.102970
300 30 190 40 40 1.861250
300 330 180 40 40 3.831102
300 330 190 40 40 3.663419
300 340 190 40 40 1.561283
300 408 152 32 32 1.030149
300 224 21 28 28 0.004388
300 350 224 28 28 0.547055
300 357 224 28 28 2.816479
300 462 112 28 28 0.278546
300 462 133 28 28 0.088212
300 469 21 28 28 0.414472
300 469 112 28 28 1.645300
300 469 119 28 28 0.196065
300 469 238 28 28 0.113053
300 6 114 24 24 1.368472
300 96 6 24 24 2.767539
300 96 12 24 24 6.526074
300 96 18 24 24 5.547523
300 102 6 24 24 1.227583
300 102 12 24 24 0.939933
300 102 18 24 24 0.488973
300 192 108 24 24 2.791765
300 192 114 24 24 4.730877
300 198 108 24 24 3.747341
300 198 114 24 24 4.458364
300 204 0 24 24 2.097677
300 204 108 24 24 3.524792
300 204 114 24 24 0.427454
300 210 108 24 24 3.118081
300 402 6 24 24 0.218165
300 480 102 24 24 1.346354
300 480 108 24 24 2.875584
300 480 114 24 24 5.802144
300 480 204 24 24 1.687527
300 480 210 24 24 1.586425
300 486 204 24 24 2.078656
300 486 210 24 24 2.948333
300 492 204 24 24 1.550013
300 492 210 24 24 1.949512
330 12 168 48 48 0.188703
330 12 192 48 48 0.570594
330 24 168 48 48 0.638361
330 24 192 48 48 0.989765
330 24 204 48 48 0.728798
330 420 168 48 48 0.181561
330 12 168 48 48 0.188703
330 12 192 48 48 0.570594
330 24 168 48 48 0.638361
330 24 192 48 48 0.989765
330 24 204 48 48 0.728798
330 420 168 48 48 0.181561
330 22 154 44 44 0.014104
330 22 187 44 44 0.563912
330 33 154 44 44 0.044187
330 176 33 44 44 0.560905
330 330 180 40 40 3.150315
330 330 190 40 40 2.447671
330 18 153 36 36 1.160646
330 18 162 36 36 0.796905
330 27 162 36 36 0.111840
330 27 171 36 36 0.109629
330 350 224 28 28 0.572522
330 357 224 28 28 2.693007
330 462 112 28 28 0.282168
330 469 21 28 28 0.167633
330 469 112 28 28 1.981905
330 469 238 28 28 0.170853
330 0 114 24 24 2.540928
330 6 114 24 24 4.578465
330 12 114 24 24 0.237192
330 96 6 24 24 2.931535
330 96 12 24 24 7.137504
330 96 18 24 24 6.489611
330 102 6 24 24 0.396956
330 102 12 24 24 1.182169
330 102 18 24 24 0.787754
330 108 102 24 24 0.464365
330 192 108 24 24 2.368853
330 192 114 24 24 1.692266
330 198 108 24 24 2.953684
330 198 114 24 24 2.772699
330 204 0 24 24 2.831665
330 204 108 24 24 2.766773
330 210 0 24 24 0.327269
330 210 108 24 24 2.311739
330 480 102 24 24 1.184299
330 480 108 24 24 2.779132
330 480 114 24 24 5.709824
330 480 204 24 24 2.335491
330 480 210 24 24 0.659477
330 486 204 24 24 2.009820
330 486 210 24 24 2.598671
330 492 204 24 24 1.126656
330 492 210 24 24 1.885260
360 12 168 48 48 2.530821
360 12 192 48 48 2.671381
360 12 204 48 48 0.091013
360 24 168 48 48 3.821290
360 24 192 48 48 4.008641
360 24 204 48 48 1.529564
360 36 192 48 48 2.182540
360 420 168 48 48 0.160857
360 12 168 48 48 2.530821
360 12 192 48 48 2.671381
360 12 204 48 48 0.091013
360 24 168 48 48 3.821290
360 24 192 48 48 4.008641
360 24 204 48 48 1.529564
360 36 192 48 48 2.182540
360 420 168 48 48 0.160857
360 22 176 44 44 2.297792
360 22 187 44 44 3.444796
360 22 198 44 44 2.244054
360 33 176 44 44 2.507385
360 33 187 44 44 3.780879
360 33 198 44 44 3.298104
360 33 209 44 44 0.045680
360 176 33 44 44 0.851605
360 30 170 40 40 0.130150
360 30 190 40 40 1.927991
360 330 180 40 40 3.779957
360 330 190 40 40 3.718422
360 340 190 40 40 1.404652
360 408 152 32 32 1.772006
360 350 224 28 28 0.218482
360 357 224 28 28 2.612882
360 462 112 28 28 0.205089
360 469 112 28 28 1.980813
360 469 238 28 28 0.332340
360 6 114 24 24 2.023094
360 96 6 24 24 2.461757
360 96 12 24 24 7.782469
360 96 18 24 24 6.592100
360 102 6 24 24 0.086860
360 102 12 24 24 0.770385
360 102 18 24 24 0.497600
360 192 108 24 24 1.902526
360 192 114 24 24 1.339408
360 198 108 24 24 2.693891
360 198 114 24 24 2.518442
360 204 0 24 24 2.065857
360 204 108 24 24 2.991498
360 210 108 24 24 2.497728
360 480 102 24 24 1.366730
360 480 108 24 24 3.423362
360 480 114 24 24 6.637852
360 480 204 24 24 3.036684
360 480 210 24 24 0.697588
360 486 198 24 24 0.804111
360 486 204 24 24 2.481334
360 486 210 24 24 2.435422
360 492 204 24 24 1.461128
360 492 210 24 24 1.391098
390 0 192 48 48 0.432028
390 12 168 48 48 2.028039
390 12 192 48 48 2.802998
390 24 168 48 48 2.619105
390 24 192 48 48 3.717713
390 24 204 48 48 0.492439
390 36 192 48 48 0.647254
390 420 168 48 48 0.022028
390 0 192 48 48 0.432028
390 12 168 48 48 2.028039
390 12 192 48 48 2.802998
390 24 168 48 48 2.619105
390 24 192 48 48 3.717713
390 24 204 48 48 0.492439
390 36 192 48 48 0.647254
390 420 168 48 48 0.022028
390 0 187 44 44 1.766337
390 11 154 44 44 0.293942
390 11 187 44 44 0.921365
390 22 154 44 44 4.002610
390 22 176 44 44 2.330251
390 22 187 44 44 4.196734
390 22 198 44 44 2.120270
390 33 154 44 44 0.370206
390 33 176 44 44 1.509203
390 33 187 44 44 3.321733
390 33 198 44 44 3.005509
390 176 33 44 44 0.738301
390 20 160 40 40 0.494522
390 30 160 40 40 3.524791
390 30 190 40 40 2.307462
390 330 180 40 40 4.253942
390 330 190 40 40 4.179401
390 340 190 40 40 1.322602
390 27 162 36 36 0.895253
390 350 224 28 28 0.132898
390 357 224 28 28 2.431721
390 462 112 28 28 0.691530
390 469 21 28 28 0.523476
390 469 112 28 28 1.862534
390 469 238 28 28 0.356931
390 6 114 24 24 1.855107
390 96 6 24 24 2.445843
390 96 12 24 24 7.027370
390 96 18 24 24 5.580879
390 102 6 24 24 0.177217
390 102 12 24 24 0.970111
390 102 18 24 24 0.584259
390 192 108 24 24 2.604823
390 192 114 24 24 2.052948
390 198 108 24 24 3.055973
390 198 114 24 24 2.934628
390 204 0 24 24 1.488002
390 204 108 24 24 2.689342
390 210 108 24 24 2.120704
390 402 6 24 24 0.605812
390 480 102 24 24 0.903473
390 480 108 24 24 2.811426
390 480 114 24 24 6.257585
390 480 204 24 24 2.129687
390 480 210 24 24 0.633498
390 486 204 24 24 1.569011
390 486 210 24 24 2.181400
390 492 204 24 24 1.304369
390 492 210 24 24 2.015823
420 12 168 48 48 2.586067
420 12 192 48 48 2.833408
420 12 204 48 48 0.307380
420 24 168 48 48 3.814260
420 24 192 48 48 4.003439
420 24 204 48 48 1.522637
420 36 192 48 48 2.150023
420 12 168 48 48 2.586067
420 12 192 48 48 2.833408
420 12 204 48 48 0.307380
420 24 168 48 48 3.814260
420 24 192 48 48 4.003439
420 24 204 48 48 1.522637
420 36 192 48 48 2.150023
420 22 176 44 44 2.163662
420 22 187 44 44 3.246551
420 22 198 44 44 2.361784
420 33 176 44 44 2.277379
420 33 187 44 44 3.655952
420 33 198 44 44 3.244886
420 33 209 44 44 0.013939
420 176 33 44 44 0.971620
420 30 170 40 40 0.533647
420 30 190 40 40 1.840607
420 330 180 40 40 3.683779
420 330 190 40 40 3.735501
420 340 190 40 40 1.725532
420 408 152 32 32 0.736667
420 350 224 28 28 0.549150
420 357 224 28 28 2.580281
420 469 21 28 28 0.479122
420 469 112 28 28 1.883345
420 469 238 28 28 0.177549
420 6 114 24 24 0.166473
420 96 6 24 24 2.254254
420 96 12 24 24 7.374496
420 96 18 24 24 6.423442
420 102 12 24 24 0.797248
420 102 18 24 24 0.900009
420 192 108 24 24 2.343387
420 192 114 24 24 2.369740
420 198 108 24 24 2.620817
420 198 114 24 24 2.756845
420 204 0 24 24 2.084723
420 204 102 24 24 0.029314
420 204 108 24 24 2.755468
420 210 0 24 24 0.153523
420 210 108 24 24 2.190695
420 402 6 24 24 0.089174
420 480 102 24 24 1.250543
420 480 108 24 24 3.150236
420 480 114 24 24 6.414074
420 480 204 24 24 1.832976
420 480 210 24 24 1.729078
420 486 198 24 24 0.124160
420 486 204 24 24 1.247096
420 486 210 24 24 2.725209
420 492 204 24 24 2.128206
420 492 210 24 24 2.596208
450 0 192 48 48 0.006205
450 12 192 48 48 2.237213
450 24 168 48 48 0.059306
450 24 192 48 48 3.225199
450 24 204 48 48 0.675975
450 36 192 48 48 2.771564
450 420 168 48 48 0.668838
450 0 192 48 48 0.006205
450 12 192 48 48 2.237213
450 24 168 48 48 0.059306
450 24 192 48 48 3.225199
450 24 204 48 48 0.675975
450 36 192 48 48 2.771564
450 420 168 48 48 0.668838
450 11 198 44 44 0.049813
450 22 187 44 44 1.898844
450 22 198 44 44 2.028290
450 33 187 44 44 1.822511
450 33 198 44 44 3.350073
450 33 209 44 44 0.382063
450 330 170 40 40 0.055618
450 330 180 40 40 4.317496
450 330 190 40 40 3.701758
450 340 180 40 40 0.216029
450 340 190 40 40 2.490752
450 350 224 28 28 0.507771
450 357 224 28 28 2.319266
450 462 112 28 28 0.351782
450 469 112 28 28 2.019673
450 469 238 28 28 0.815006
450 0 114 24 24 0.955526
450 6 114 24 24 3.121219
450 96 6 24 24 3.682198
450 96 12 24 24 8.577807
450 96 18 24 24 4.503454
450 102 6 24 24 0.232267
450 102 12 24 24 1.194911
450 192 108 24 24 2.654918
450 198 108 24 24 1.906803
450 198 114 24 24 0.503794
450 204 0 24 24 0.960195
450 204 108 24 24 0.611613
450 210 108 24 24 2.427609
450 480 102 24 24 1.010742
450 480 108 24 24 3.468184
450 480 114 24 24 5.775797
450 480 204 24 24 1.976519
450 486 204 24 24 2.055483
450 486 210 24 24 2.049440
450 492 204 24 24 1.282624
450 492 210 24 24 1.700769
480 12 168 48 48 2.661709
480 12 192 48 48 2.338810
480 24 168 48 48 3.558796
480 24 192 48 48 3.297323
480 24 204 48 48 0.782515
480 36 192 48 48 1.029320
480 420 168 48 48 0.357892
480 12 168 48 48 2.661709
480 12 192 48 48 2.338810
480 24 168 48 48 3.558796
480 24 192 48 48 3.297323
480 24 204 48 48 0.782515
480 36 192 48 48 1.029320
480 420 168 48 48 0.357892
480 22 176 44 44 2.478875
480 22 187 44 44 2.983663
480 22 198 44 44 2.100294
480 33 176 44 44 1.935019
480 33 187 44 44 3.338789
480 33 198 44 44 2.865893
480 176 33 44 44 0.465990
480 30 190 40 40 1.644226
480 330 180 40 40 4.222388
480 330 190 40 40 3.902654
480 340 180 40 40 0.180923
480 340 190 40 40 2.393823
480 408 152 32 32 0.673271
480 350 224 28 28 0.615206
480 357 224 28 28 2.185838
480 469 21 28 28 0.492953
480 469 112 28 28 1.737159
480 469 238 28 28 1.056858
480 0 114 24 24 0.663932
480 6 114 24 24 2.549705
480 96 6 24 24 3.488968
480 96 12 24 24 7.969637
480 96 18 24 24 4.128108
480 102 12 24 24 0.527737
480 192 108 24 24 2.463548
480 198 108 24 24 2.064703
480 198 114 24 24 1.253454
480 204 0 24 24 0.836424
480 204 108 24 24 0.916612
480 210 108 24 24 2.804251
480 480 102 24 24 1.295374
480 480 108 24 24 3.479618
480 480 114 24 24 5.340640
480 480 204 24 24 2.404942
480 486 204 24 24 1.912643
480 486 210 24 24 1.925007
480 492 204 24 24 1.587591
480 492 210 24 24 1.463702
510 12 168 48 48 2.783011
510 12 192 48 48 2.228645
510 24 168 48 48 3.681387
510 24 192 48 48 3.265358
510 24 204 48 48 0.699162
510 36 192 48 48 0.989634
510 420 168 48 48 0.670118
510 12 168 48 48 2.783011
510 12 192 48 48 2.228645
510 24 168 48 48 3.681387
510 24 192 48 48 3.265358
510 24 204 48 48 0.699162
510 36 192 48 48 0.989634
510 420 168 48 48 0.670118
510 22 176 44 44 2.508118
510 22 187 44 44 3.127661
510 22 198 44 44 2.362432
510 33 176 44 44 2.246538
510 33 187 44 44 3.534967
510 33 198 44 44 3.032417
510 30 190 40 40 2.045359
510 330 180 40 40 4.185283
510 330 190 40 40 3.789630
510 340 180 40 40 0.093095
510 340 190 40 40 2.354501
510 350 224 28 28 0.629355
510 357 224 28 28 2.401488
510 462 112 28 28 0.336398
510 469 21 28 28 0.251808
510 469 112 28 28 2.028895
510 469 238 28 28 1.190776
510 6 114 24 24 0.645189
510 96 6 24 24 3.374097
510 96 12 24 24 7.743124
510 96 18 24 24 4.067328
510 102 12 24 24 0.634678
510 192 108 24 24 3.035410
510 198 108 24 24 2.354941
510 198 114 24 24 1.376017
510 204 0 24 24 1.326011
510 204 108 24 24 0.963134
510 210 108 24 24 2.696344
510 480 102 24 24 0.879585
510 480 108 24 24 3.466178
510 480 114 24 24 5.456099
510 480 204 24 24 1.813016
510 486 204 24 24 1.876633
510 486 210 24 24 1.999290
510 492 204 24 24 0.679728
510 492 210 24 24 1.089959
540 12 168 48 48 2.607663
540 12 192 48 48 2.263558
540 24 168 48 48 3.487289
540 24 192 48 48 3.264122
540 24 204 48 48 0.779225
540 36 192 48 48 1.213570
540 420 168 48 48 0.589313
540 12 168 48 48 2.607663
540 12 192 48 48 2.263558
540 24 168 48 48 3.487289
540 24 192 48 48 3.264122
540 24 204 48 48 0.779225
540 36 192 48 48 1.213570
540 420 168 48 48 0.589313
540 22 176 44 44 2.585409
540 22 187 44 44 3.138209
540 22 198 44 44 2.168670
540 33 176 44 44 2.485228
540 33 187 44 44 3.576675
540 33 198 44 44 2.980238
540 176 33 44 44 0.073718
540 30 190 40 40 1.970571
540 330 180 40 40 4.327261
540 330 190 40 40 3.806969
540 340 180 40 40 0.258271
540 340 190 40 40 2.315234
540 408 152 32 32 0.618273
540 7 133 28 28 2.380427
540 350 224 28 28 0.727709
540 357 224 28 28 2.270910
540 462 112 28 28 0.695089
540 469 112 28 28 2.290419
540 469 238 28 28 0.770457
540 6 114 24 24 0.874065
540 96 6 24 24 2.780318
540 96 12 24 24 7.980249
540 96 18 24 24 4.980261
540 102 12 24 24 0.929506
540 102 18 24 24 0.169453
540 192 108 24 24 3.008155
540 198 108 24 24 2.391651
540 198 114 24 24 1.070796
540 204 0 24 24 0.344278
540 204 108 24 24 0.939924
540 210 108 24 24 2.609002
540 480 102 24 24 1.071053
540 480 108 24 24 3.832422
540 480 114 24 24 6.150460
540 480 204 24 24 2.173146
540 486 204 24 24 1.566409
540 486 210 24 24 1.513463
540 492 204 24 24 1.231806
540 492 210 24 24 1.394680
570 12 168 48 48 2.422178
570 12 192 48 48 2.128816
570 24 168 48 48 3.396664
570 24 192 48 48 3.220224
570 24 204 48 48 0.667829
570 36 192 48 48 1.069481
570 420 168 48 48 0.504528
570 12 168 48 48 2.422178
570 12 192 48 48 2.128816
570 24 168 48 48 3.396664
570 24 192 48 48 3.220224
570 24 204 48 48 0.667829
570 36 192 48 48 1.069481
570 420 168 48 48 0.504528
570 22 154 44 44 0.203770
570 22 176 44 44 2.382797
570 22 187 44 44 3.257038
570 22 198 44 44 2.166810
570 33 154 44 44 1.277862
570 33 176 44 44 1.898231
570 33 187 44 44 3.788667
570 33 198 44 44 2.971065
570 176 33 44 44 0.161169
570 30 190 40 40 1.997116
570 330 180 40 40 4.204132
570 330 190 40 40 3.906186
570 340 180 40 40 0.260167
570 340 190 40 40 2.679549
570 408 152 32 32 0.642681
570 350 224 28 28 0.719475
570 357 224 28 28 2.589616
570 469 112 28 28 1.842832
570 469 238 28 28 0.930602
570 96 6 24 24 2.970567
570 96 12 24 24 7.255820
570 96 18 24 24 4.466538
570 102 12 24 24 0.095571
570 192 108 24 24 2.719128
570 192 114 24 24 0.012801
570 198 108 24 24 2.201126
570 198 114 24 24 1.212150
570 204 0 24 24 1.145004
570 204 108 24 24 0.774668
570 210 108 24 24 2.670597
570 480 108 24 24 2.275003
570 480 114 24 24 3.147479
570 480 204 24 24 2.686229
570 486 204 24 24 2.476170
570 486 210 24 24 2.483511
570 492 204 24 24 2.216611
570 492 210 24 24 2.044010
600 12 168 48 48 1.919618
600 12 192 48 48 1.997356
600 24 168 48 48 2.365236
600 24 192 48 48 3.051469
600 24 204 48 48 0.641062
600 36 192 48 48 0.674565
600 420 168 48 48 0.558424
600 12 168 48 48 1.919618
600 12 192 48 48 1.997356
600 24 168 48 48 2.365236
600 24 192 48 48 3.051469
600 24 204 48 48 0.641062
600 36 192 48 48 0.674565
600 420 168 48 48 0.558424
600 22 176 44 44 2.017485
600 22 187 44 44 3.400747
600 22 198 44 44 1.962841
600 33 176 44 44 1.287588
600 33 187 44 44 3.609095
600 33 198 44 44 2.806626
600 176 33 44 44 1.101054
600 30 190 40 40 2.190837
600 330 180 40 40 4.289832
600 330 190 40 40 4.561493
600 340 190 40 40 1.899615
600 408 152 32 32 0.182960
600 350 224 28 28 1.186152
600 357 224 28 28 2.997663
600 469 112 28 28 1.581469
600 469 238 28 28 0.766111
600 0 114 24 24 2.501467
600 6 114 24 24 4.299396
600 96 6 24 24 3.066246
600 96 12 24 24 7.985137
600 96 18 24 24 4.977882
600 102 12 24 24 0.433052
600 102 18 24 24 0.322831
600 192 108 24 24 3.220385
600 192 114 24 24 3.008612
600 198 108 24 24 2.978504
600 198 114 24 24 3.310157
600 204 0 24 24 0.223469
600 204 108 24 24 2.075543
600 210 108 24 24 3.017934
600 480 108 24 24 1.726276
600 480 114 24 24 3.079077
600 480 204 24 24 1.669782
600 486 204 24 24 0.965512
600 486 210 24 24 1.214708
600 492 210 24 24 1.221590
630 12 168 48 48 0.548804
630 12 192 48 48 2.658586
630 24 168 48 48 0.458117
630 24 192 48 48 2.390190
630 24 204 48 48 0.777415
630 36 192 48 48 0.422547
630 420 168 48 48 0.117505
630 12 168 48 48 0.548804
630 12 192 48 48 2.658586
630 24 168 48 48 0.458117
630 24 192 48 48 2.390190
630 24 204 48 48 0.777415
630 36 192 48 48 0.422547
630 420 168 48 48 0.117505
630 22 176 44 44 1.573407
630 22 187 44 44 3.116304
630 22 198 44 44 2.499770
630 33 187 44 44 3.185692
630 33 198 44 44 2.537391
630 176 33 44 44 0.831485
630 30 190 40 40 1.151003
630 330 180 40 40 2.855573
630 330 190 40 40 4.166364
630 340 190 40 40 1.487205
630 343 245 28 28 1.453148
630 350 231 28 28 1.005838
630 350 245 28 28 2.010274
630 357 224 28 28 0.200595
630 357 245 28 28 0.970677
630 469 112 28 28 2.268662
630 469 238 28 28 0.793448
630 0 114 24 24 0.654066
630 6 114 24 24 2.296634
630 96 6 24 24 3.205166
630 96 12 24 24 7.620312
630 96 18 24 24 4.279682
630 102 6 24 24 0.273093
630 102 12 24 24 1.121622
630 192 108 24 24 4.143404
630 192 114 24 24 3.547564
630 198 108 24 24 3.766981
630 198 114 24 24 3.845385
630 204 0 24 24 0.953513
630 204 108 24 24 2.094148
630 210 108 24 24 3.302288
630 480 102 24 24 0.092131
630 480 108 24 24 2.413014
630 480 114 24 24 2.509845
630 480 204 24 24 2.601567
630 486 204 24 24 1.916801
630 486 210 24 24 2.313859
630 492 204 24 24 0.879867
630 492 210 24 24 1.818922
660 24 168 48 48 3.064503
660 24 192 48 48 1.078925
660 36 168 48 48 4.528066
660 36 192 48 48 2.472157
660 36 204 48 48 1.459440
660 24 168 48 48 3.064503
660 24 192 48 48 1.078925
660 36 168 48 48 4.528066
660 36 192 48 48 2.472157
660 36 204 48 48 1.459440
660 33 176 44 44 2.100697
660 33 187 44 44 3.168334
660 33 198 44 44 2.636142
660 176 33 44 44 1.996643
660 320 180 40 40 1.485684
660 320 190 40 40 2.489727
660 0 133 28 28 2.429031
660 7 133 28 28 0.712641
660 336 238 28 28 0.491354
660 343 231 28 28 1.331478
660 343 238 28 28 2.983517
660 343 245 28 28 2.451208
660 350 238 28 28 1.242889
660 350 245 28 28 2.893613
660 357 245 28 28 0.376717
660 469 112 28 28 1.736549
660 469 238 28 28 0.571617
660 96 6 24 24 3.456013
660 96 12 24 24 7.867051
660 96 18 24 24 4.631436
660 96 192 24 24 0.401786
660 96 198 24 24 1.189434
660 102 6 24 24 0.080405
660 102 12 24 24 0.914139
660 192 114 24 24 2.834123
660 198 18 24 24 0.071624
660 198 114 24 24 1.436190
660 204 0 24 24 0.069152
660 480 108 24 24 2.209350
660 480 114 24 24 2.557373
660 480 204 24 24 2.477172
660 480 210 24 24 1.629946
660 486 198 24 24 0.530554
660 486 204 24 24 1.043485
660 486 210 24 24 1.807557
660 492 210 24 24 1.277073
690 48 32 64 64 1.498337
690 22 0 44 44 0.276811
690 27 0 36 36 0.498753
690 192 0 32 32 0.581379
690 0 112 28 28 0.678106
690 126 231 28 28 0.070454
690 455 126 28 28 2.653949
690 455 133 28 28 4.240091
690 462 119 28 28 0.549089
690 462 126 28 28 2.584228
690 462 133 28 28 2.874038
690 469 119 28 28 1.266687
690 469 126 28 28 3.182545
690 96 12 24 24 0.583412
690 96 18 24 24 5.905975
690 102 18 24 24 0.243523
690 144 192 24 24 1.446379
690 144 198 24 24 4.394472
690 144 204 24 24 3.513132
690 144 210 24 24 0.185499
690 198 6 24 24 0.736465
690 204 6 24 24 3.418903
690 204 114 24 24 0.036606
690 210 6 24 24 0.758912
690 210 114 24 24 2.341642
690 396 192 24 24 1.491184
720 30 10 40 40 0.301631
720 27 0 36 36 1.561126
720 153 126 36 36 2.443678
720 153 171 36 36 0.082463
720 162 126 36 36 0.557682
720 288 153 36 36 1.170710
720 288 162 36 36 1.369781
720 297 126 36 36 2.678812
720 306 126 36 36 1.518612
720 441 126 36 36 1.878577
720 24 0 32 32 1.807288
720 24 16 32 32 0.820202
720 192 0 32 32 0.683857
720 0 119 28 28 1.199812
720 448 126 28 28 0.294143
720 448 133 28 28 2.145888
720 455 133 28 28 2.037763
720 18 6 24 24 0.489383
720 96 18 24 24 1.155092
720 192 288 24 24 1.003359
720 198 12 24 24 1.909385
720 198 288 24 24 1.463924
720 204 12 24 24 1.711087
720 480 114 24 24 0.804858
720 486 114 24 24 4.298614
750 48 32 64 64 2.003374
750 48 48 64 64 2.220130
750 160 140 40 40 0.984573
750 170 140 40 40 1.280735
750 192 0 32 32 3.037948
750 245 98 28 28 0.477540
750 455 112 28 28 0.967237
750 192 12 24 24 1.021126
750 198 6 24 24 0.622256
750 198 12 24 24 3.108987
750 204 12 24 24 1.313597
750 210 12 24 24 1.207639
750 306 192 24 24 1.069444
750 384 192 24 24 0.744040
750 396 192 24 24 0.511372
750 480 198 24 24 0.199612
750 486 198 24 24 0.529955
750 492 114 24 24 1.210764
780 0 0 48 48 0.207409
780 0 0 48 48 0.207409
780 198 18 36 36 0.730783
780 288 144 36 36 1.107563
780 297 144 36 36 0.798534
780 450 162 36 36 1.010289
780 24 0 32 32 0.773418
780 176 0 32 32 1.755603
780 384 16 32 32 1.837711
780 224 21 28 28 2.576920
780 469 0 28 28 3.831617
780 469 7 28 28 2.937776
780 469 112 28 28 0.596385
780 469 119 28 28 1.716897
780 469 126 28 28 1.851534
780 469 133 28 28 0.793807
780 96 18 24 24 2.892423
780 96 96 24 24 2.575938
780 192 18 24 24 2.562594
780 204 18 24 24 0.857201
780 390 192 24 24 0.745166
780 396 192 24 24 1.597018
780 396 198 24 24 2.305185
780 402 192 24 24 3.905162
780 402 198 24 24 3.685987
780 402 204 24 24 1.363018
780 402 210 24 24 2.733015
780 480 12 24 24 8.509039
780 480 18 24 24 4.621684
780 480 198 24 24 2.440861
780 480 204 24 24 2.174032
780 486 12 24 24 9.536924
780 486 18 24 24 5.463423
780 492 12 24 24 2.795092
780 492 18 24 24 4.032066
780 498 12 24 24 2.495002
780 498 18 24 24 3.615802
810 144 126 36 36 2.264545
810 153 126 36 36 0.294313
810 162 126 36 36 0.922151
810 198 0 36 36 5.379812
810 315 126 36 36 1.366287
810 441 144 36 36 2.807367
810 441 153 36 36 4.562727
810 450 144 36 36 1.641551
810 450 153 36 36 5.176009
810 450 162 36 36 2.868600
810 459 153 36 36 0.879975
810 459 162 36 36 1.347023
810 192 0 32 32 2.608549
810 192 8 32 32 1.029630
810 192 24 32 32 1.886774
810 256 0 32 32 0.132730
810 168 0 28 28 0.900982
810 224 0 28 28 0.287047
810 224 7 28 28 2.203241
810 224 14 28 28 2.608126
810 6 192 24 24 3.058752
810 6 198 24 24 0.453128
810 12 192 24 24 2.424758
810 12 198 24 24 2.484286
810 18 192 24 24 2.668096
810 18 198 24 24 0.415062
810 192 6 24 24 2.489662
810 192 12 24 24 0.048782
810 198 6 24 24 1.445451
810 198 12 24 24 2.737948
810 402 192 24 24 2.720254
810 402 198 24 24 0.665746
810 480 192 24 24 1.417724
810 480 198 24 24 2.909222
810 486 0 24 24 1.058073
810 486 6 24 24 1.187652
810 492 0 24 24 6.168516
810 492 6 24 24 4.201261
810 498 0 24 24 5.657995
810 498 6 24 24 4.998722
810 498 12 24 24 1.552872
840 162 9 36 36 0.515097
840 288 144 36 36 0.371495
840 297 144 36 36 0.187991
840 176 0 32 32 0.476292
840 21 231 28 28 0.197335
840 357 0 28 28 0.567253
840 462 112 28 28 0.020699
840 144 108 24 24 0.267311
840 144 114 24 24 0.843355
840 192 6 24 24 0.529945
840 192 12 24 24 1.247881
840 198 6 24 24 1.286503
840 210 6 24 24 0.375567
840 486 192 24 24 0.991808
840 492 192 24 24 0.138660
840 498 102 24 24 0.154262
870 144 126 36 36 0.637830
870 153 126 36 36 1.449892
870 441 144 36 36 0.047361
870 306 114 24 24 3.029428
870 480 114 24 24 2.562834
870 486 102 24 24 0.942850
870 486 108 24 24 0.889685
870 486 114 24 24 1.815754
870 492 114 24 24 0.281086
900 48 32 64 64 2.559766
900 48 48 64 64 0.790061
900 0 0 40 40 1.549270
900 9 9 36 36 0.103494
900 384 128 32 32 1.775851
900 288 96 24 24 1.003113
900 294 102 24 24 3.601620
900 294 108 24 24 6.951301
900 294 114 24 24 8.472186
900 300 108 24 24 6.766189
900 300 114 24 24 9.607165
900 306 114 24 24 2.686159
930 256 32 64 64 1.615667
930 0 140 40 40 3.185062
930 0 144 36 36 1.935267
930 0 153 36 36 1.585564
930 9 144 36 36 3.911772
930 9 153 36 36 2.906082
930 18 144 36 36 0.080594
930 27 126 36 36 0.482892
930 216 126 36 36 3.200311
930 288 126 36 36 0.591339
930 441 144 36 36 0.954742
930 441 153 36 36 1.083650
930 450 153 36 36 1.224641
930 8 144 32 32 2.173431
930 8 152 32 32 3.649076
930 16 144 32 32 2.712958
930 16 152 32 32 4.828662
930 24 152 32 32 1.106445
930 128 24 32 32 0.244060
930 144 136 32 32 1.999711
930 144 144 32 32 0.225355
930 256 128 32 32 0.343765
930 264 128 32 32 0.521464
930 272 128 32 32 1.957423
930 280 112 32 32 2.151804
930 280 128 32 32 3.812443
930 224 98 28 28 6.306685
930 231 98 28 28 3.714328
930 238 98 28 28 3.055823
930 245 98 28 28 1.246383
930 455 112 28 28 2.249830
930 455 119 28 28 6.941777
930 455 126 28 28 0.631197
930 462 119 28 28 2.850289
930 462 126 28 28 0.967976
930 198 108 24 24 1.855466
930 204 108 24 24 2.814986
930 210 108 24 24 1.126405
930 210 114 24 24 2.703329
930 288 114 24 24 0.098153
930 390 18 24 24 1.598826
930 396 12 24 24 3.524913
930 396 18 24 24 3.319024
930 402 12 24 24 1.920891
930 402 18 24 24 2.649665
930 480 192 24 24 4.096753
930 480 198 24 24 2.432639
930 486 192 24 24 3.535846
930 486 198 24 24 0.071510
960 32 16 64 64 1.628961
960 32 32 64 64 3.609632
960 48 32 64 64 1.425859
960 256 32 64 64 2.994436
960 272 32 64 64 0.542032
960 9 9 36 36 2.127932
960 18 9 36 36 0.545467
960 16 24 32 32 0.023107
960 112 119 28 28 0.056051
960 126 126 28 28 1.917619
960 154 133 28 28 1.221549
960 343 112 28 28 0.681890
960 0 210 24 24 0.853845
960 12 102 24 24 1.163374
960 18 102 24 24 2.121582
960 102 6 24 24 1.126451
960 108 0 24 24 0.278078
960 108 6 24 24 0.338379
960 492 192 24 24 1.493126
960 492 198 24 24 1.004313
960 498 102 24 24 0.057338
960 498 192 24 24 4.722761
960 498 198 24 24 3.944341
990 32 48 64 64 0.057888
990 48 48 64 64 1.263310
990 0 170 40 40 0.003990
990 0 162 36 36 0.955522
990 0 171 36 36 3.750118
990 9 171 36 36 2.863361
990 288 126 36 36 0.098613
990 297 126 36 36 1.079315
990 128 128 32 32 0.277047
990 128 136 32 32 2.419930
990 128 144 32 32 2.400795
990 136 136 32 32 1.594356
990 136 144 32 32 1.039778
990 144 136 32 32 0.993752
990 256 136 32 32 0.388451
990 256 144 32 32 1.658554
990 264 136 32 32 1.877884
990 264 144 32 32 1.129756
990 272 136 32 32 3.547582
990 272 144 32 32 0.709718
990 280 136 32 32 6.470201
990 280 144 32 32 3.801445
990 18 204 24 24 0.584300
990 18 210 24 24 0.624694
990 96 84 24 24 3.828898
990 96 198 24 24 2.781022
990 96 204 24 24 0.314298
990 102 198 24 24 3.517880
990 102 204 24 24 2.727583
990 108 192 24 24 1.534510
990 108 198 24 24 3.559897
1020 162 126 36 36 0.441761
1020 162 144 36 36 2.021866
1020 216 126 36 36 2.620262
1020 315 288 36 36 0.509023
1020 432 126 36 36 2.040787
1020 432 144 36 36 1.228104
1020 441 126 36 36 1.239246
1020 441 144 36 36 3.080753
1020 128 152 32 32 3.189666
1020 136 152 32 32 1.681637
1020 176 144 32 32 3.746418
1020 176 152 32 32 2.345103
1020 192 144 32 32 0.085352
1020 192 152 32 32 2.877142
1020 384 300 24 24 0.291217
1020 384 306 24 24 3.368847
1020 402 300 24 24 0.707734
1020 402 306 24 24 1.709492
1050 0 48 64 64 1.808805
1050 420 204 48 48 0.644190
1050 420 216 48 48 0.838101
1050 420 204 48 48 0.644190
1050 420 216 48 48 0.838101
1050 0 140 40 40 6.515718
1050 10 140 40 40 6.206917
1050 20 140 40 40 3.055938
1050 330 30 40 40 2.006764
1050 0 144 36 36 5.901832
1050 0 153 36 36 4.840117
1050 0 162 36 36 1.276100
1050 9 144 36 36 4.709080
1050 9 153 36 36 4.815131
1050 9 162 36 36 0.574640
1050 18 144 36 36 2.313451
1050 18 153 36 36 3.638644
1050 27 144 36 36 2.003895
1050 27 153 36 36 3.213244
1050 144 126 36 36 0.718060
1050 144 144 36 36 0.598141
1050 153 126 36 36 2.413873
1050 153 144 36 36 3.680552
1050 162 144 36 36 3.604855
1050 432 126 36 36 2.502386
1050 459 153 36 36 0.849267
1050 0 152 32 32 0.075913
1050 8 152 32 32 0.802461
1050 16 152 32 32 3.014077
1050 24 152 32 32 0.244005
1050 176 144 32 32 0.759684
1050 176 152 32 32 4.920063
1050 384 128 32 32 0.317784
1050 7 126 28 28 0.047564
1050 21 112 28 28 0.587015
1050 21 119 28 28 1.666547
1050 21 126 28 28 0.085935
1050 448 112 28 28 2.470944
1050 448 119 28 28 2.116302
1050 0 198 24 24 0.863640
1050 0 204 24 24 2.664702
1050 6 192 24 24 0.731671
1050 6 198 24 24 2.234344
1050 6 204 24 24 2.013852
1050 384 84 24 24 7.226353
1050 390 84 24 24 13.343216
1050 396 84 24 24 4.084014
1050 396 96 24 24 1.540307
1050 402 84 24 24 1.540803
1050 402 96 24 24 1.568153
1050 480 0 24 24 0.093023
1050 486 192 24 24 1.627893
1050 492 192 24 24 5.111316
1050 498 192 24 24 3.056640
1080 288 12 48 48 0.062444
1080 408 24 48 48 4.799164
1080 408 36 48 48 5.758833
1080 420 36 48 48 0.048918
1080 288 12 48 48 0.062444
1080 408 24 48 48 4.799164
1080 408 36 48 48 5.758833
1080 420 36 48 48 0.048918
1080 374 154 44 44 0.991938
1080 320 30 40 40 2.148709
1080 27 144 36 36 0.604523
1080 144 144 36 36 1.143814
1080 450 162 36 36 2.283689
1080 450 171 36 36 1.863005
1080 459 162 36 36 1.375095
1080 0 112 32 32 0.900345
1080 0 152 32 32 2.552558
1080 8 112 32 32 3.039942
1080 128 144 32 32 2.840264
1080 128 152 32 32 6.462698
1080 136 144 32 32 5.431808
1080 136 152 32 32 6.223923
1080 144 144 32 32 5.207011
1080 144 152 32 32 5.715122
1080 14 126 28 28 0.668653
1080 384 84 24 24 3.223049
1080 390 84 24 24 0.550216
1080 486 192 24 24 2.020465
1080 498 192 24 24 0.469305
1110 288 0 48 48 4.226142
1110 288 0 48 48 4.226142
1110 0 140 40 40 0.778259
1110 170 160 40 40 0.823355
1110 0 144 36 36 4.896805
1110 9 144 36 36 3.509362
1110 18 144 36 36 2.058746
1110 162 144 36 36 0.225030
1110 162 153 36 36 0.367545
1110 315 27 36 36 0.380099
1110 450 162 36 36 1.692661
1110 0 144 32 32 3.582624
1110 0 152 32 32 3.590406
1110 8 144 32 32 5.445618
1110 8 152 32 32 5.371986
1110 16 144 32 32 7.487593
1110 16 152 32 32 5.263820
1110 24 144 32 32 5.254998
1110 24 152 32 32 2.886865
1110 128 144 32 32 0.255402
1110 176 144 32 32 0.740318
1110 176 152 32 32 1.289870
1110 192 152 32 32 2.168211
1110 384 152 32 32 1.872571
1110 392 152 32 32 1.164519
1110 408 128 32 32 2.466472
1110 408 136 32 32 1.396501
1110 198 192 24 24 2.853929
1110 198 198 24 24 0.131068
1110 390 198 24 24 0.980165
1110 402 198 24 24 2.014090
1110 402 204 24 24 2.243037
1140 16 32 64 64 0.260542
1140 160 140 40 40 0.434561
1140 170 140 40 40 2.582229
1140 170 160 40 40 2.365478
1140 170 170 40 40 0.577438
1140 170 180 40 40 1.871214
1140 320 10 40 40 2.909886
1140 330 10 40 40 2.748998
1140 340 10 40 40 1.873919
1140 144 306 36 36 0.631311
1140 153 126 36 36 0.906051
1140 306 18 36 36 2.009097
1140 306 27 36 36 1.824653
1140 315 18 36 36 0.971639
1140 315 27 36 36 3.203207
1140 176 136 32 32 1.842338
1140 176 144 32 32 5.480635
1140 176 152 32 32 5.084380
1140 192 144 32 32 3.275425
1140 192 152 32 32 1.555082
1140 384 144 32 32 2.283703
1140 384 152 32 32 5.456527
1140 392 152 32 32 3.378659
1140 400 136 32 32 0.580211
1140 400 144 32 32 1.115225
1140 400 152 32 32 2.796856
1140 408 152 32 32 0.091478
1140 192 192 24 24 1.391359
1140 198 192 24 24 2.757699
1140 384 84 24 24 1.334992
1140 396 192 24 24 1.574977
1140 402 192 24 24 2.852957
1140 402 198 24 24 2.246602
1140 402 204 24 24 2.914283
1140 492 192 24 24 6.235578
1140 492 198 24 24 3.118541
1140 498 192 24 24 8.715727
1140 498 198 24 24 3.920710
1170 0 32 64 64 2.627135
1170 0 48 64 64 0.052135
1170 16 32 64 64 1.951157
1170 16 48 64 64 1.090210
1170 363 154 44 44 2.708390
1170 374 154 44 44 0.569266
1170 160 140 40 40 4.345067
1170 160 160 40 40 4.259359
1170 160 170 40 40 2.383259
1170 170 140 40 40 1.345136
1170 170 160 40 40 4.955136
1170 170 170 40 40 3.409611
1170 180 170 40 40 0.123646
1170 320 0 40 40 1.401854
1170 330 0 40 40 2.031746
1170 340 0 40 40 0.903573
1170 144 126 36 36 2.215343
1170 153 126 36 36 1.854606
1170 162 126 36 36 3.296931
1170 306 9 36 36 1.632582
1170 306 18 36 36 1.427556
1170 176 136 32 32 5.160707
1170 176 144 32 32 6.799874
1170 176 152 32 32 3.500302
1170 192 144 32 32 1.555509
1170 384 144 32 32 0.232523
1170 384 152 32 32 0.439018
1170 392 136 32 32 3.355025
1170 392 144 32 32 3.334557
1170 392 152 32 32 3.345648
1170 400 136 32 32 4.409061
1170 400 144 32 32 1.799228
1170 400 152 32 32 3.878443
1170 408 128 32 32 0.393952
1170 408 136 32 32 2.775101
1170 408 152 32 32 1.109891
1170 192 192 24 24 0.123946
1170 402 192 24 24 0.705011
1170 402 198 24 24 1.882575
1170 402 204 24 24 0.846279
1170 492 0 24 24 1.119824
1170 498 0 24 24 3.653991
1170 498 6 24 24 4.803290
1170 498 12 24 24 2.387927
1200 0 32 64 64 1.030429
1200 0 48 64 64 0.786761
1200 16 48 64 64 1.687576
1200 264 154 44 44 0.961054
1200 160 160 40 40 3.045731
1200 160 170 40 40 1.778977
1200 320 0 40 40 4.951629
1200 330 0 40 40 4.944093
1200 340 0 40 40 1.364702
1200 350 0 40 40 1.223086
1200 144 126 36 36 1.504840
1200 153 126 36 36 3.651202
1200 153 144 36 36 2.468957
1200 153 153 36 36 3.172027
1200 153 162 36 36 3.017109
1200 153 171 36 36 1.999571
1200 162 126 36 36 4.403496
1200 162 144 36 36 4.390913
1200 162 153 36 36 4.223012
1200 162 162 36 36 4.665219
1200 162 171 36 36 6.346780
1200 297 9 36 36 2.456871
1200 306 9 36 36 2.598725
1200 306 18 36 36 2.303248
1200 315 9 36 36 3.800855
1200 315 18 36 36 3.441561
1200 459 126 36 36 1.956631
1200 459 144 36 36 2.729889
1200 459 153 36 36 1.375917
1200 0 144 32 32 0.649943
1200 8 136 32 32 1.883679
1200 8 144 32 32 2.758883
1200 8 152 32 32 0.351809
1200 16 136 32 32 0.098636
1200 16 144 32 32 1.796515
1200 24 144 32 32 1.451091
1200 176 144 32 32 2.639283
1200 176 152 32 32 0.649022
1200 384 152 32 32 0.509374
1200 392 128 32 32 3.817795
1200 392 136 32 32 5.975922
1200 392 144 32 32 1.667504
1200 392 152 32 32 3.530059
1200 400 128 32 32 4.071890
1200 400 136 32 32 6.603398
1200 400 144 32 32 1.117957
1200 408 128 32 32 0.346134
1200 408 136 32 32 3.993616
1200 300 198 24 24 0.617319
1200 306 198 24 24 0.506266
1200 390 192 24 24 2.439096
1200 390 198 24 24 3.556771
1200 390 204 24 24 1.928046
1200 396 192 24 24 0.559386
1200 396 198 24 24 4.420705
1200 396 204 24 24 2.239281
1200 402 192 24 24 3.710009
1200 402 198 24 24 4.616421
1200 402 204 24 24 0.912001
1200 480 192 24 24 1.408977
1200 492 6 24 24 0.318060
1200 498 0 24 24 2.666885
1200 498 6 24 24 3.165996
1230 0 32 64 64 2.882491
1230 0 48 64 64 1.637265
1230 160 160 40 40 1.266130
1230 160 170 40 40 1.113620
1230 160 180 40 40 0.148265
1230 9 126 36 36 1.133476
1230 18 126 36 36 1.534836
1230 153 126 36 36 1.929753
1230 153 144 36 36 0.459492
1230 153 153 36 36 2.113001
1230 153 162 36 36 1.241766
1230 153 171 36 36 0.266446
1230 162 126 36 36 4.657603
1230 162 144 36 36 2.886315
1230 162 153 36 36 1.479299
1230 162 162 36 36 2.067289
1230 162 171 36 36 1.171007
1230 306 9 36 36 0.403332
1230 315 0 36 36 0.738921
1230 315 9 36 36 3.202818
1230 459 0 36 36 0.543664
1230 459 144 36 36 2.515937
1230 459 153 36 36 4.377903
1230 459 162 36 36 1.313868
1230 0 136 32 32 1.582057
1230 0 144 32 32 2.591193
1230 0 152 32 32 0.035745
1230 8 136 32 32 0.811431
1230 8 144 32 32 0.771505
1230 16 136 32 32 1.270975
1230 16 144 32 32 2.369364
1230 16 152 32 32 0.735385
1230 24 136 32 32 0.624485
1230 24 144 32 32 0.096849
1230 24 152 32 32 0.066829
1230 176 144 32 32 2.323461
1230 176 152 32 32 1.483689
1230 384 152 32 32 2.295751
1230 392 152 32 32 4.399960
1230 400 152 32 32 3.264139
1230 408 128 32 32 4.073742
1230 408 136 32 32 3.286021
1230 350 21 28 28 3.155326
1230 357 21 28 28 6.806121
1230 396 192 24 24 1.001482
1230 402 192 24 24 1.172749
1230 402 198 24 24 3.263486
1230 480 192 24 24 1.889817
1230 486 6 24 24 0.103496
1230 486 192 24 24 2.827153
1260 264 154 44 44 0.304451
1260 9 126 36 36 0.444617
1260 18 126 36 36 1.524768
1260 27 126 36 36 1.208922
1260 27 144 36 36 0.374731
1260 144 126 36 36 2.018790
1260 144 144 36 36 4.192036
1260 144 153 36 36 3.821516
1260 144 162 36 36 1.894949
1260 153 144 36 36 2.015851
1260 153 153 36 36 0.900418
1260 288 162 36 36 1.153491
1260 288 171 36 36 1.308110
1260 306 0 36 36 1.518628
1260 315 0 36 36 0.541458
1260 450 144 36 36 1.776477
1260 450 153 36 36 0.608413
1260 450 162 36 36 0.079837
1260 450 171 36 36 0.332137
1260 459 144 36 36 0.139863
1260 8 136 32 32 0.253450
1260 8 144 32 32 0.799041
1260 16 136 32 32 0.550121
1260 16 144 32 32 3.148888
1260 24 136 32 32 4.252271
1260 24 144 32 32 2.747691
1260 384 144 32 32 0.794591
1260 384 152 32 32 4.044625
1260 392 152 32 32 2.001801
1260 400 128 32 32 1.301282
1260 400 136 32 32 2.201522
1260 408 128 32 32 1.835037
1260 408 136 32 32 2.850720
1260 336 21 28 28 2.239064
1260 343 14 28 28 1.609474
1260 343 21 28 28 5.175815
1260 350 14 28 28 4.678277
1260 350 21 28 28 7.541932
1260 357 14 28 28 8.502131
1260 357 21 28 28 10.842411
1260 300 192 24 24 0.925480
1260 300 204 24 24 0.832973
1260 306 192 24 24 0.749580
1260 306 198 24 24 1.050496
1260 306 204 24 24 2.795818
1260 390 192 24 24 2.085758
1260 390 198 24 24 0.570494
1260 396 192 24 24 3.515538
1260 396 198 24 24 1.350271
1260 402 192 24 24 3.866891
1260 402 198 24 24 0.808643
1290 32 48 64 64 0.111208
1290 264 176 44 44 0.761755
1290 264 187 44 44 0.300075
1290 0 140 40 40 0.590131
1290 0 126 36 36 3.113657
1290 0 144 36 36 0.677079
1290 9 126 36 36 2.124117
1290 9 144 36 36 1.785730
1290 18 126 36 36 1.534189
1290 144 144 36 36 1.587098
1290 288 162 36 36 2.513488
1290 288 171 36 36 2.256398
1290 450 144 36 36 1.547401
1290 0 128 32 32 0.448506
1290 0 136 32 32 3.366467
1290 0 144 32 32 3.257604
1290 8 128 32 32 2.249038
1290 8 136 32 32 5.506311
1290 8 144 32 32 5.049812
1290 8 152 32 32 2.226872
1290 16 128 32 32 2.234904
1290 16 136 32 32 3.374048
1290 16 144 32 32 4.041486
1290 16 152 32 32 2.475213
1290 24 128 32 32 1.333125
1290 24 136 32 32 1.547847
1290 24 144 32 32 1.797109
1290 24 152 32 32 0.398179
1290 128 136 32 32 0.474675
1290 144 128 32 32 2.720541
1290 144 152 32 32 2.944011
1290 256 264 32 32 1.819453
1290 264 264 32 32 2.601282
1290 384 144 32 32 0.631348
1290 384 152 32 32 3.114601
1290 392 144 32 32 0.307799
1290 400 128 32 32 2.491154
1290 408 128 32 32 0.689562
1290 154 133 28 28 0.211114
1290 336 14 28 28 6.069361
1290 336 21 28 28 3.824561
1290 336 238 28 28 1.661254
1290 343 7 28 28 4.268372
1290 343 14 28 28 8.432161
1290 343 21 28 28 3.079762
1290 343 238 28 28 1.153645
1290 350 7 28 28 8.334980
1290 350 14 28 28 15.122994
1290 350 21 28 28 2.917904
1290 350 238 28 28 1.117099
1290 357 7 28 28 9.437338
1290 357 14 28 28 12.659673
1290 357 21 28 28 7.079123
1290 448 133 28 28 3.032223
1290 300 192 24 24 0.742378
1290 300 198 24 24 1.016624
1290 300 204 24 24 1.381171
1290 306 192 24 24 0.979830
1290 306 198 24 24 2.138728
1290 306 204 24 24 1.290700
1290 390 192 24 24 3.234414
1290 396 192 24 24 4.044230
1290 396 198 24 24 0.093128
1290 402 192 24 24 0.834518
1320 32 48 64 64 0.531433
1320 0 126 36 36 1.300644
1320 144 126 36 36 2.649780
1320 144 144 36 36 8.593335
1320 144 153 36 36 1.581374
1320 144 288 36 36 0.123671
1320 153 144 36 36 2.123066
1320 153 297 36 36 0.845123
1320 162 297 36 36 0.508264
1320 288 144 36 36 0.026492
1320 297 153 36 36 0.333593
1320 450 144 36 36 3.673221
1320 459 144 36 36 0.726005
1320 0 128 32 32 1.565466
1320 0 136 32 32 3.707529
1320 0 144 32 32 3.357061
1320 0 152 32 32 2.389453
1320 8 128 32 32 1.310316
1320 8 136 32 32 0.826861
1320 8 144 32 32 1.617561
1320 8 152 32 32 0.600768
1320 16 128 32 32 0.300816
1320 16 136 32 32 0.376057
1320 128 136 32 32 0.866714
1320 144 128 32 32 2.304208
1320 144 144 32 32 0.611229
1320 144 152 32 32 7.110082
1320 280 152 32 32 0.361565
1320 384 0 32 32 1.969640
1320 384 144 32 32 1.778807
1320 384 152 32 32 5.705891
1320 392 152 32 32 3.541255
1320 400 128 32 32 0.015560
1320 408 128 32 32 5.917677
1320 408 136 32 32 0.800696
1320 336 14 28 28 1.671384
1320 343 7 28 28 4.242658
1320 343 14 28 28 4.782861
1320 350 7 28 28 4.841701
1320 350 14 28 28 4.560460
1320 357 0 28 28 5.040919
1320 357 7 28 28 11.988940
1320 357 14 28 28 9.157044
1320 357 21 28 28 3.356603
1320 384 18 24 24 2.660795
1320 390 18 24 24 4.920956
1320 390 192 24 24 0.836868
1320 396 6 24 24 1.045501
1320 396 12 24 24 4.076718
1320 396 18 24 24 7.300756
1320 396 192 24 24 4.587975
1320 402 12 24 24 1.214363
1320 402 18 24 24 3.037008
1320 402 192 24 24 4.483293
1320 486 108 24 24 1.456458
1320 492 114 24 24 0.345649
1350 16 48 64 64 1.189025
1350 264 168 48 48 0.893338
1350 264 168 48 48 0.893338
1350 350 140 40 40 0.535849
1350 144 144 36 36 1.391340
1350 288 153 36 36 0.251000
1350 297 153 36 36 1.595239
1350 297 162 36 36 1.571858
1350 297 171 36 36 1.380095
1350 306 171 36 36 0.788868
1350 441 126 36 36 1.639640
1350 441 144 36 36 1.524578
1350 450 126 36 36 0.231409
1350 450 153 36 36 0.235381
1350 8 144 32 32 1.425690
1350 8 152 32 32 2.270179
1350 272 152 32 32 0.609041
1350 280 152 32 32 1.317660
1350 384 0 32 32 4.074072
1350 400 128 32 32 0.351549
1350 408 128 32 32 4.384353
1350 21 112 28 28 1.996381
1350 21 119 28 28 1.584416
1350 21 126 28 28 0.295005
1350 336 7 28 28 0.021639
1350 336 14 28 28 3.820296
1350 343 7 28 28 5.614737
1350 343 14 28 28 5.177803
1350 350 7 28 28 9.269026
1350 350 14 28 28 6.602875
1350 357 0 28 28 3.156270
1350 357 7 28 28 10.386971
1350 357 14 28 28 8.728424
1350 357 21 28 28 1.237925
1350 455 133 28 28 3.380540
1350 462 126 28 28 1.353237
1350 462 133 28 28 3.382269
1350 469 126 28 28 0.514058
1350 469 133 28 28 5.441051
1350 384 18 24 24 2.783779
1350 384 192 24 24 3.767183
1350 384 198 24 24 2.951941
1350 390 6 24 24 0.921648
1350 390 12 24 24 2.390555
1350 390 18 24 24 4.645395
1350 390 192 24 24 4.862513
1350 390 198 24 24 0.932127
1350 396 6 24 24 1.916576
1350 396 12 24 24 1.705381
1350 396 18 24 24 5.474499
1350 396 192 24 24 1.945003
1350 498 108 24 24 0.211099
1380 32 48 64 64 0.116205
1380 352 16 64 64 1.114990
1380 288 192 48 48 0.767247
1380 396 24 48 48 3.244452
1380 288 192 48 48 0.767247
1380 396 24 48 48 3.244452
1380 350 140 40 40 0.802917
1380 144 144 36 36 5.404258
1380 153 144 36 36 2.439599
1380 162 144 36 36 1.052916
1380 297 153 36 36 2.063837
1380 297 162 36 36 0.327855
1380 297 171 36 36 2.101551
1380 306 153 36 36 0.447181
1380 306 162 36 36 0.170026
1380 306 171 36 36 3.679297
1380 441 171 36 36 2.219777
1380 450 162 36 36 0.848232
1380 450 171 36 36 3.912245
1380 459 162 36 36 0.747652
1380 459 171 36 36 5.310511
1380 16 112 32 32 0.426678
1380 128 128 32 32 0.304671
1380 136 128 32 32 3.613354
1380 136 136 32 32 1.554041
1380 144 128 32 32 2.907685
1380 144 152 32 32 3.213441
1380 272 152 32 32 2.019295
1380 280 152 32 32 0.765012
1380 384 0 32 32 2.373107
1380 408 128 32 32 3.409748
1380 14 119 28 28 1.177060
1380 21 112 28 28 2.703797
1380 21 119 28 28 2.537573
1380 154 133 28 28 2.242349
1380 336 7 28 28 1.583250
1380 336 14 28 28 3.115266
1380 343 0 28 28 1.048263
1380 343 7 28 28 6.325428
1380 343 14 28 28 4.274427
1380 350 0 28 28 4.249685
1380 350 7 28 28 9.982253
1380 350 14 28 28 5.018424
1380 357 0 28 28 5.728680
1380 357 7 28 28 10.638509
1380 357 14 28 28 8.323558
1380 357 21 28 28 1.276343
1380 455 119 28 28 0.629230
1380 462 224 28 28 0.001024
1380 384 18 24 24 3.397389
1380 384 192 24 24 3.942701
1380 390 12 24 24 0.817790
1380 390 18 24 24 4.743388
1380 390 192 24 24 0.212822
1380 396 6 24 24 0.594303
1380 396 12 24 24 2.019958
1380 396 18 24 24 6.896587
1380 402 18 24 24 0.246901
1380 492 102 24 24 0.512318
1380 492 108 24 24 1.038768
1380 498 108 24 24 3.559220
1380 498 114 24 24 0.402714
1410 288 204 48 48 0.035603
1410 396 24 48 48 3.753144
1410 288 204 48 48 0.035603
1410 396 24 48 48 3.753144
1410 144 144 36 36 3.443931
1410 153 144 36 36 0.123002
1410 297 162 36 36 2.103147
1410 297 171 36 36 2.189813
1410 306 162 36 36 0.933871
1410 306 171 36 36 2.958519
1410 450 126 36 36 0.054360
1410 8 112 32 32 0.870554
1410 8 152 32 32 0.753718
1410 136 128 32 32 3.598690
1410 136 152 32 32 2.815560
1410 144 128 32 32 0.669182
1410 144 144 32 32 0.604913
1410 144 152 32 32 4.652420
1410 176 256 32 32 0.644098
1410 272 152 32 32 2.216933
1410 280 152 32 32 1.271560
1410 384 0 32 32 1.728417
1410 408 128 32 32 2.951562
1410 14 112 28 28 2.113763
1410 14 119 28 28 0.419094
1410 14 126 28 28 0.867060
1410 21 119 28 28 0.212582
1410 21 126 28 28 3.036778
1410 336 7 28 28 0.915114
1410 336 14 28 28 2.810643
1410 343 0 28 28 1.604782
1410 343 7 28 28 6.164979
1410 343 14 28 28 4.344307
1410 350 0 28 28 5.388989
1410 350 7 28 28 10.611830
1410 350 14 28 28 5.413578
1410 357 0 28 28 6.164276
1410 357 7 28 28 10.420370
1410 357 14 28 28 7.778675
1410 357 21 28 28 0.995498
1410 448 112 28 28 0.436347
1410 448 119 28 28 0.840710
1410 6 192 24 24 0.724336
1410 12 192 24 24 3.952720
1410 18 192 24 24 4.472522
1410 384 18 24 24 4.251352
1410 390 6 24 24 0.271364
1410 390 12 24 24 1.782262
1410 390 18 24 24 5.442609
1410 396 6 24 24 0.253499
1410 396 12 24 24 2.544310
1410 396 18 24 24 7.790913
1410 402 18 24 24 1.871964
1410 402 294 24 24 0.700791
1410 492 108 24 24 0.257379
1440 48 48 64 64 0.155885
1440 288 204 48 48 1.340696
1440 288 216 48 48 0.722298
1440 396 12 48 48 0.547107
1440 396 24 48 48 3.642027
1440 288 204 48 48 1.340696
1440 288 216 48 48 0.722298
1440 396 12 48 48 0.547107
1440 396 24 48 48 3.642027
1440 144 144 36 36 1.869121
1440 297 162 36 36 1.245538
1440 297 171 36 36 2.031899
1440 306 153 36 36 0.152791
1440 306 162 36 36 1.939641
1440 306 171 36 36 2.330106
1440 459 153 36 36 0.447080
1440 144 144 32 32 1.113018
1440 144 152 32 32 3.373617
1440 176 264 32 32 0.886088
1440 272 152 32 32 1.871206
1440 384 0 32 32 1.122782
1440 400 152 32 32 1.831720
1440 408 128 32 32 2.875576
1440 408 152 32 32 0.912120
1440 14 112 28 28 2.710768
1440 336 7 28 28 2.084502
1440 336 14 28 28 2.865419
1440 343 0 28 28 3.111815
1440 343 7 28 28 7.502510
1440 343 14 28 28 5.254849
1440 350 0 28 28 5.785958
1440 350 7 28 28 11.962276
1440 350 14 28 28 6.092843
1440 357 0 28 28 6.358509
1440 357 7 28 28 9.997817
1440 357 14 28 28 7.757582
1440 357 21 28 28 0.748426
1440 384 12 24 24 0.810400
1440 384 18 24 24 3.378901
1440 390 6 24 24 0.981737
1440 390 12 24 24 1.863480
1440 390 18 24 24 4.132620
1440 396 12 24 24 0.894264
1440 396 18 24 24 6.174575
1440 396 294 24 24 0.148239
1440 402 18 24 24 0.871115
1440 402 192 24 24 0.533836
1440 402 294 24 24 1.478208
1470 16 48 64 64 0.196790
1470 288 204 48 48 2.335366
1470 288 216 48 48 2.821867
1470 396 24 48 48 0.912368
1470 288 204 48 48 2.335366
1470 288 216 48 48 2.821867
1470 396 24 48 48 0.912368
1470 20 140 40 40 2.829699
1470 9 144 36 36 1.025681
1470 27 144 36 36 1.844128
1470 27 153 36 36 1.112151
1470 144 144 36 36 2.388184
1470 162 144 36 36 0.189491
1470 297 153 36 36 0.811591
1470 297 162 36 36 1.276976
1470 297 171 36 36 2.132231
1470 306 162 36 36 0.777043
1470 306 171 36 36 0.721515
1470 432 144 36 36 1.261225
1470 432 153 36 36 2.965772
1470 432 162 36 36 5.227634
1470 441 144 36 36 1.417322
1470 441 153 36 36 1.111217
1470 441 162 36 36 0.910491
1470 128 128 32 32 2.194694
1470 128 136 32 32 0.766331
1470 136 128 32 32 4.528785
1470 136 136 32 32 4.196957
1470 136 144 32 32 0.122883
1470 136 152 32 32 2.982137
1470 144 128 32 32 0.364020
1470 144 152 32 32 3.428798
1470 176 264 32 32 0.222146
1470 272 152 32 32 1.118025
1470 384 0 32 32 2.375591
1470 384 152 32 32 5.187767
1470 392 152 32 32 0.168411
1470 408 128 32 32 4.155017
1470 408 136 32 32 1.087434
1470 7 98 28 28 1.271691
1470 14 98 28 28 0.008845
1470 336 7 28 28 1.023311
1470 336 14 28 28 3.354327
1470 343 0 28 28 0.553814
1470 343 7 28 28 6.387764
1470 343 14 28 28 5.742758
1470 350 0 28 28 3.760761
1470 350 7 28 28 10.302389
1470 350 14 28 28 6.835091
1470 357 0 28 28 4.780170
1470 357 7 28 28 9.935900
1470 357 14 28 28 9.019298
1470 357 21 28 28 1.684930
1470 0 102 24 24 1.211103
1470 0 192 24 24 0.708813
1470 6 102 24 24 1.078996
1470 12 96 24 24 2.404145
1470 12 102 24 24 2.033201
1470 18 96 24 24 3.203114
1470 18 102 24 24 5.096008
1470 18 108 24 24 3.565021
1470 18 114 24 24 1.843602
1470 192 288 24 24 1.407117
1470 384 18 24 24 3.792539
1470 384 192 24 24 0.563824
1470 384 198 24 24 0.800605
1470 390 12 24 24 1.215529
1470 390 18 24 24 4.124038
1470 390 192 24 24 2.637053
1470 390 198 24 24 1.929816
1470 396 12 24 24 1.209637
1470 396 18 24 24 6.322556
1470 396 192 24 24 4.263733
1470 396 198 24 24 0.046274
1470 402 18 24 24 0.521387
1470 402 192 24 24 2.969525
1470 402 294 24 24 0.675525
1500 16 48 64 64 0.988176
1500 32 48 64 64 1.812245
1500 48 48 64 64 1.353525
1500 288 204 48 48 2.141944
1500 288 216 48 48 2.211380
1500 396 24 48 48 2.517007
1500 288 204 48 48 2.141944
1500 288 216 48 48 2.211380
1500 396 24 48 48 2.517007
1500 144 144 36 36 5.364566
1500 144 153 36 36 1.463490
1500 297 162 36 36 1.666562
1500 297 171 36 36 1.579887
1500 306 162 36 36 0.697577
1500 432 126 36 36 2.842937
1500 450 126 36 36 0.049924
1500 0 112 32 32 0.753358
1500 8 112 32 32 3.032487
1500 16 112 32 32 1.175990
1500 128 128 32 32 0.583805
1500 136 128 32 32 2.990592
1500 136 136 32 32 1.809669
1500 136 152 32 32 0.174265
1500 144 128 32 32 1.742131
1500 144 144 32 32 0.168305
1500 144 152 32 32 4.271127
1500 384 0 32 32 2.906005
1500 14 112 28 28 4.290899
1500 14 119 28 28 1.614821
1500 14 126 28 28 0.582144
1500 21 112 28 28 3.662026
1500 21 119 28 28 1.410228
1500 336 7 28 28 2.013792
1500 336 14 28 28 4.726331
1500 343 7 28 28 7.210068
1500 343 14 28 28 6.979434
1500 350 0 28 28 1.238550
1500 350 7 28 28 10.412981
1500 350 14 28 28 8.838697
1500 357 0 28 28 3.108485
1500 357 7 28 28 10.151304
1500 357 14 28 28 10.561118
1500 357 21 28 28 2.578393
1500 469 133 28 28 0.988852
1500 192 288 24 24 2.291543
1500 198 288 24 24 0.256834
1500 384 18 24 24 2.746723
1500 384 192 24 24 3.462664
1500 390 12 24 24 1.040192
1500 390 18 24 24 4.408815
1500 396 12 24 24 0.643988
1500 396 18 24 24 4.619328
1530 16 48 64 64 0.880541
1530 32 48 64 64 1.556242
1530 48 48 64 64 0.461371
1530 288 204 48 48 0.596252
1530 288 216 48 48 0.844627
1530 396 24 48 48 2.809258
1530 288 204 48 48 0.596252
1530 288 216 48 48 0.844627
1530 396 24 48 48 2.809258
1530 144 144 36 36 6.092997
1530 144 153 36 36 5.899426
1530 153 153 36 36 1.590899
1530 288 153 36 36 0.264342
1530 288 162 36 36 1.532925
1530 297 171 36 36 0.916424
1530 432 126 36 36 1.546615
1530 441 126 36 36 0.954686
1530 450 126 36 36 4.330545
1530 459 126 36 36 2.209265
1530 128 128 32 32 0.659474
1530 128 136 32 32 1.181834
1530 128 144 32 32 1.317410
1530 136 128 32 32 3.708622
1530 136 136 32 32 3.301809
1530 136 144 32 32 1.587979
1530 136 152 32 32 3.243109
1530 144 128 32 32 0.669429
1530 144 144 32 32 1.561670
1530 144 152 32 32 5.334561
1530 384 0 32 32 2.754622
1530 400 144 32 32 0.157427
1530 400 152 32 32 4.815329
1530 408 128 32 32 3.413023
1530 14 112 28 28 4.193956
1530 21 112 28 28 3.569971
1530 154 133 28 28 0.249343
1530 336 7 28 28 1.640693
1530 336 14 28 28 4.405545
1530 343 7 28 28 6.448176
1530 343 14 28 28 6.087348
1530 350 7 28 28 9.818779
1530 350 14 28 28 7.670735
1530 357 0 28 28 2.852895
1530 357 7 28 28 10.402460
1530 357 14 28 28 10.061999
1530 357 21 28 28 2.633780
1530 469 133 28 28 0.264822
1530 192 288 24 24 1.228099
1530 198 288 24 24 0.279483
1530 384 18 24 24 2.870012
1530 390 12 24 24 1.269453
1530 390 18 24 24 4.744958
1530 396 6 24 24 0.511537
1530 396 12 24 24 1.648941
1530 396 18 24 24 5.077975
1530 492 192 24 24 0.502353
1530 492 198 24 24 0.137607
1530 498 192 24 24 3.501506
1530 498 198 24 24 2.117586
1560 0 48 64 64 1.695326
1560 16 48 64 64 2.681641
1560 32 48 64 64 0.799270
1560 48 48 64 64 0.793126
1560 396 24 48 48 2.998160
1560 396 36 48 48 0.546353
1560 396 24 48 48 2.998160
1560 396 36 48 48 0.546353
1560 144 144 36 36 2.537786
1560 144 153 36 36 5.489578
1560 144 162 36 36 3.525406
1560 153 153 36 36 2.755031
1560 162 144 36 36 0.098696
1560 288 153 36 36 0.879269
1560 288 162 36 36 0.645540
1560 288 171 36 36 2.063129
1560 297 162 36 36 0.755408
1560 297 171 36 36 0.767282
1560 306 0 36 36 0.927147
1560 315 0 36 36 0.550898
1560 459 126 36 36 2.171070
1560 128 128 32 32 0.544605
1560 128 136 32 32 1.567894
1560 128 144 32 32 2.577347
1560 136 128 32 32 1.752925
1560 136 136 32 32 3.377060
1560 136 144 32 32 1.251040
1560 136 152 32 32 1.135592
1560 144 128 32 32 0.838760
1560 144 136 32 32 1.965781
1560 144 144 32 32 0.008184
1560 144 152 32 32 2.349718
1560 176 272 32 32 1.723809
1560 384 0 32 32 4.982460
1560 408 128 32 32 3.892390
1560 408 136 32 32 3.006285
1560 408 144 32 32 0.374449
1560 14 112 28 28 3.886354
1560 14 119 28 28 0.310179
1560 21 112 28 28 2.738353
1560 336 7 28 28 1.160647
1560 336 14 28 28 4.827279
1560 336 21 28 28 1.447482
1560 343 7 28 28 5.589132
1560 343 14 28 28 7.291956
1560 343 21 28 28 1.195846
1560 350 7 28 28 9.077046
1560 350 14 28 28 11.334245
1560 350 21 28 28 1.838628
1560 357 7 28 28 8.737542
1560 357 14 28 28 10.613710
1560 357 21 28 28 5.685466
1560 448 112 28 28 0.883265
1560 448 126 28 28 0.475868
1560 448 133 28 28 2.582524
1560 462 133 28 28 0.462171
1560 192 288 24 24 0.919335
1560 384 18 24 24 0.610080
1560 390 12 24 24 1.268337
1560 390 18 24 24 2.723440
1560 390 192 24 24 0.258950
1560 396 6 24 24 0.064602
1560 396 12 24 24 1.345006
1560 396 18 24 24 2.567556
1560 396 306 24 24 0.730316
1560 402 306 24 24 0.720812
1590 16 48 64 64 0.461372
1590 32 48 64 64 1.377519
1590 396 24 48 48 0.165974
1590 396 36 48 48 2.982193
1590 408 24 48 48 1.038440
1590 408 36 48 48 1.133695
1590 396 24 48 48 0.165974
1590 396 36 48 48 2.982193
1590 408 24 48 48 1.038440
1590 408 36 48 48 1.133695
1590 288 153 36 36 1.591393
1590 288 162 36 36 0.102864
1590 288 171 36 36 1.839348
1590 306 0 36 36 1.447010
1590 306 297 36 36 0.562069
1590 315 0 36 36 1.074679
1590 315 297 36 36 2.919044
1590 315 306 36 36 3.437357
1590 128 128 32 32 3.190408
1590 128 136 32 32 1.824571
1590 136 128 32 32 3.597908
1590 136 136 32 32 4.627043
1590 136 144 32 32 2.219236
1590 176 152 32 32 0.898289
1590 384 0 32 32 5.376377
1590 384 8 32 32 0.215353
1590 384 152 32 32 4.674972
1590 392 144 32 32 1.069007
1590 392 152 32 32 5.232800
1590 400 152 32 32 2.229527
1590 408 152 32 32 2.379312
1590 7 112 28 28 3.606259
1590 7 119 28 28 2.740031
1590 336 14 28 28 5.219571
1590 336 21 28 28 2.692438
1590 343 7 28 28 4.602574
1590 343 14 28 28 8.476888
1590 343 21 28 28 3.299093
1590 350 7 28 28 7.890544
1590 350 14 28 28 14.136157
1590 350 21 28 28 3.677202
1590 357 7 28 28 7.745268
1590 357 14 28 28 12.355189
1590 357 21 28 28 8.168385
1590 448 112 28 28 0.255568
1590 448 119 28 28 1.196017
1590 455 112 28 28 2.580675
1590 455 119 28 28 1.760757
1590 469 133 28 28 4.099946
1590 469 224 28 28 1.823054
1590 12 102 24 24 0.554857
1590 12 108 24 24 0.487310
1590 306 192 24 24 1.666604
1590 384 18 24 24 1.113452
1590 390 12 24 24 2.102174
1590 390 18 24 24 1.565076
1590 396 12 24 24 1.708989
1590 396 18 24 24 1.044901
1590 492 114 24 24 0.917737
1590 498 108 24 24 0.596333
1590 498 114 24 24 1.205049
1620 16 48 64 64 2.758262
1620 32 48 64 64 0.028320
1620 408 168 48 48 0.873473
1620 408 168 48 48 0.873473
1620 306 0 36 36 0.075184
1620 315 0 36 36 1.924883
1620 0 152 32 32 0.793764
1620 128 136 32 32 2.050689
1620 128 144 32 32 1.171724
1620 128 152 32 32 0.273818
1620 136 136 32 32 4.232994
1620 136 144 32 32 4.284317
1620 136 152 32 32 1.655285
1620 176 128 32 32 0.332569
1620 384 0 32 32 4.568570
1620 384 8 32 32 0.494895
1620 384 144 32 32 0.508059
1620 384 152 32 32 0.279199
1620 0 112 28 28 1.393990
1620 0 119 28 28 2.729806
1620 7 119 28 28 0.551589
1620 336 14 28 28 0.574997
1620 336 21 28 28 1.878482
1620 343 7 28 28 1.038575
1620 343 14 28 28 5.026407
1620 343 21 28 28 3.218942
1620 350 7 28 28 4.865032
1620 350 14 28 28 6.176257
1620 350 21 28 28 5.517923
1620 357 7 28 28 10.088844
1620 357 14 28 28 9.925343
1620 357 21 28 28 7.411765
1620 448 112 28 28 4.841928
1620 455 112 28 28 4.334641
1620 455 119 28 28 1.527799
1620 462 112 28 28 2.706935
1620 469 112 28 28 3.758919
1620 384 192 24 24 0.261153
1620 390 18 24 24 1.693689
1620 396 6 24 24 2.865764
1620 396 12 24 24 5.388062
1620 396 18 24 24 3.283142
1620 402 12 24 24 0.620423
1620 492 114 24 24 4.015113
1620 498 114 24 24 2.185798
1650 16 48 64 64 1.713932
1650 32 48 64 64 1.110400
1650 384 168 48 48 0.430674
1650 384 168 48 48 0.430674
1650 264 154 44 44 0.382588
1650 385 154 44 44 1.012912
1650 385 176 44 44 0.613045
1650 30 140 40 40 4.794559
1650 160 140 40 40 1.447189
1650 160 170 40 40 2.096840
1650 27 153 36 36 0.428052
1650 162 126 36 36 1.016257
1650 162 144 36 36 1.706154
1650 162 153 36 36 1.026388
1650 432 126 36 36 2.180230
1650 441 126 36 36 6.005427
1650 450 126 36 36 5.341830
1650 459 126 36 36 0.477247
1650 128 128 32 32 0.571303
1650 128 136 32 32 2.218476
1650 128 144 32 32 1.129043
1650 176 128 32 32 2.304912
1650 176 136 32 32 1.170359
1650 384 0 32 32 0.459309
1650 336 14 28 28 0.158111
1650 343 7 28 28 4.657883
1650 343 14 28 28 4.909735
1650 350 0 28 28 0.432021
1650 350 7 28 28 6.123262
1650 350 14 28 28 7.752095
1650 357 0 28 28 5.189470
1650 357 7 28 28 13.400642
1650 357 14 28 28 10.526948
1650 357 21 28 28 1.586406
1650 455 112 28 28 3.362181
1650 462 112 28 28 2.535338
1650 469 112 28 28 3.762747
1650 469 133 28 28 1.751465
1650 396 6 24 24 3.300353
1650 396 12 24 24 0.603615
1650 480 114 24 24 4.972886
1650 486 114 24 24 1.763083
1650 492 114 24 24 1.694543
1680 16 48 64 64 1.188994
1680 32 48 64 64 0.971288
1680 363 154 44 44 0.641527
1680 374 154 44 44 1.934715
1680 160 170 40 40 0.200857
1680 162 126 36 36 1.012416
1680 288 171 36 36 0.155684
1680 432 126 36 36 2.503656
1680 441 126 36 36 0.807907
1680 450 126 36 36 1.838230
1680 459 126 36 36 0.440058
1680 128 112 32 32 0.073148
1680 128 128 32 32 2.512782
1680 128 136 32 32 1.879552
1680 128 144 32 32 3.756281
1680 128 152 32 32 5.988239
1680 176 136 32 32 1.451319
1680 192 144 32 32 0.501257
1680 256 272 32 32 0.092844
1680 336 7 28 28 5.090432
1680 336 14 28 28 1.829383
1680 343 0 28 28 2.723107
1680 343 7 28 28 5.629218
1680 343 14 28 28 0.408098
1680 350 0 28 28 6.494296
1680 350 7 28 28 8.206508
1680 357 0 28 28 11.825260
1680 357 7 28 28 13.702178
1680 357 14 28 28 0.716248
1680 448 98 28 28 1.846306
1680 469 133 28 28 0.307850
1680 384 18 24 24 1.640560
1680 390 12 24 24 0.170384
1680 390 18 24 24 5.421357
1680 396 6 24 24 0.449805
1680 396 12 24 24 0.988297
1680 396 18 24 24 3.098486
1680 402 0 24 24 2.777734
1680 402 6 24 24 2.107792
1680 402 12 24 24 2.587865
1680 402 18 24 24 3.299722
1680 402 192 24 24 1.160136
1680 402 198 24 24 1.803270
1680 480 108 24 24 2.365496
1680 480 114 24 24 3.368060
1680 486 114 24 24 2.837962
1680 492 108 24 24 4.375325
1680 492 114 24 24 5.641617
1680 498 108 24 24 2.641669
1680 498 114 24 24 3.725470
1710 0 48 64 64 1.242456
1710 16 48 64 64 2.544175
1710 32 48 64 64 1.996006
1710 48 48 64 64 0.272512
1710 0 154 44 44 0.485540
1710 0 140 40 40 2.117293
1710 0 160 40 40 2.156762
1710 10 140 40 40 2.763332
1710 10 160 40 40 1.798441
1710 10 170 40 40 0.092151
1710 20 140 40 40 2.306148
1710 20 160 40 40 0.953721
1710 30 140 40 40 0.210524
1710 170 140 40 40 2.509540
1710 170 160 40 40 4.400484
1710 170 170 40 40 3.132604
1710 0 162 36 36 2.423451
1710 9 153 36 36 1.521734
1710 9 162 36 36 4.514162
1710 9 171 36 36 3.020669
1710 18 144 36 36 0.448995
1710 18 153 36 36 3.159226
1710 18 162 36 36 3.911414
1710 18 171 36 36 3.398470
1710 27 144 36 36 1.995320
1710 27 153 36 36 4.815014
1710 27 162 36 36 4.038836
1710 27 171 36 36 1.550486
1710 162 126 36 36 3.124978
1710 432 126 36 36 2.371330
1710 441 126 36 36 0.511305
1710 128 112 32 32 2.495562
1710 128 152 32 32 1.770356
1710 136 152 32 32 0.658793
1710 176 136 32 32 1.392608
1710 192 136 32 32 0.662876
1710 192 144 32 32 1.618245
1710 256 280 32 32 0.851108
1710 384 0 32 32 5.399766
1710 400 136 32 32 0.024454
1710 408 128 32 32 1.548743
1710 408 136 32 32 4.830663
1710 126 119 28 28 0.152352
1710 126 126 28 28 1.540304
1710 336 0 28 28 5.377478
1710 336 7 28 28 6.512796
1710 336 14 28 28 2.912155
1710 350 0 28 28 1.748111
1710 357 0 28 28 6.230770
1710 357 7 28 28 3.112717
1710 448 133 28 28 1.947510
1710 455 133 28 28 2.476451
1710 384 12 24 24 1.028707
1710 384 18 24 24 7.313223
1710 390 18 24 24 4.549365
1710 396 12 24 24 4.462480
1710 396 18 24 24 5.829764
1710 396 192 24 24 3.959862
1710 396 198 24 24 4.214155
1710 402 0 24 24 1.289384
1710 402 6 24 24 0.277951
1710 402 12 24 24 4.148071
1710 402 18 24 24 2.919876
1710 402 192 24 24 1.960450
1710 402 198 24 24 3.573624
1710 402 204 24 24 3.314456
1710 486 102 24 24 1.059806
1710 492 102 24 24 3.160476
1710 492 108 24 24 7.252588
1710 492 114 24 24 2.337044
1710 492 198 24 24 3.099850
1710 498 102 24 24 5.599613
1710 498 108 24 24 8.574676
1710 498 114 24 24 5.061877
1740 0 48 64 64 2.890063
1740 16 48 64 64 3.387933
1740 32 48 64 64 1.780872
1740 264 154 44 44 0.573007
1740 352 154 44 44 4.443180
1740 363 154 44 44 0.029259
1740 160 160 40 40 0.899701
1740 170 160 40 40 3.351164
1740 170 170 40 40 2.630552
1740 340 140 40 40 0.482562
1740 350 140 40 40 1.054775
1740 350 170 40 40 1.103114
1740 153 126 36 36 0.912043
1740 153 144 36 36 0.461305
1740 441 126 36 36 5.289156
1740 441 153 36 36 3.969889
1740 441 162 36 36 2.063664
1740 450 126 36 36 7.012359
1740 450 144 36 36 3.072808
1740 450 153 36 36 4.020520
1740 450 162 36 36 1.541810
1740 459 126 36 36 0.901416
1740 0 112 32 32 0.653355
1740 176 112 32 32 0.985457
1740 192 128 32 32 1.255968
1740 192 144 32 32 0.303441
1740 192 152 32 32 0.111243
1740 256 264 32 32 0.913020
1740 256 272 32 32 0.201000
1740 256 280 32 32 0.041545
1740 384 0 32 32 0.660734
1740 384 128 32 32 1.342685
1740 392 128 32 32 5.429587
1740 392 136 32 32 4.491215
1740 400 128 32 32 5.686611
1740 400 136 32 32 4.550355
1740 408 128 32 32 5.209577
1740 408 136 32 32 3.866290
1740 7 112 28 28 0.645365
1740 7 119 28 28 1.924755
1740 14 112 28 28 0.613891
1740 14 119 28 28 0.745121
1740 336 0 28 28 6.084326
1740 336 7 28 28 5.762205
1740 336 14 28 28 0.697500
1740 343 7 28 28 0.416223
1740 350 0 28 28 0.810860
1740 357 0 28 28 5.594233
1740 462 126 28 28 1.790179
1740 469 126 28 28 1.453726
1740 469 133 28 28 0.501737
1740 306 198 24 24 0.053090
1740 384 12 24 24 7.878009
1740 384 18 24 24 6.792346
1740 384 192 24 24 1.999189
1740 384 198 24 24 2.661931
1740 384 204 24 24 2.175221
1740 384 210 24 24 1.383998
1740 390 12 24 24 5.038350
1740 390 18 24 24 6.367055
1740 390 192 24 24 3.094086
1740 390 198 24 24 3.403597
1740 390 204 24 24 2.889949
1740 390 210 24 24 3.292695
1740 396 6 24 24 1.521388
1740 396 12 24 24 5.903790
1740 396 18 24 24 6.361988
1740 396 192 24 24 2.907450
1740 396 198 24 24 3.470274
1740 402 6 24 24 1.936493
1740 402 12 24 24 4.297081
1740 402 18 24 24 1.836560
1770 0 32 64 64 1.284729
1770 0 48 64 64 7.426467
1770 16 48 64 64 6.848597
1770 32 48 64 64 5.502555
1770 48 48 64 64 0.593578
1770 264 154 44 44 1.320236
1770 170 140 40 40 0.592754
1770 170 160 40 40 2.129912
1770 170 170 40 40 1.959685
1770 340 140 40 40 1.041095
1770 350 140 40 40 4.360199
1770 350 160 40 40 3.789478
1770 153 126 36 36 0.938710
1770 288 153 36 36 1.015964
1770 288 171 36 36 2.532458
1770 432 126 36 36 0.163176
1770 432 144 36 36 4.968894
1770 432 153 36 36 2.620430
1770 441 126 36 36 0.943412
1770 441 144 36 36 6.399063
1770 441 153 36 36 2.731938
1770 450 144 36 36 5.417499
1770 450 153 36 36 0.627728
1770 8 112 32 32 0.664504
1770 168 119 28 28 0.480548
1770 168 126 28 28 1.528993
1770 336 0 28 28 4.341443
1770 343 0 28 28 0.696725
1770 0 192 24 24 1.219759
1770 0 198 24 24 2.215654
1770 384 0 24 24 2.628310
1770 384 6 24 24 6.728456
1770 384 12 24 24 1.505539
1770 384 192 24 24 5.911179
1770 384 198 24 24 6.793216
1770 384 204 24 24 2.436054
1770 390 0 24 24 0.526650
1770 390 6 24 24 7.000701
1770 390 12 24 24 1.572255
1770 390 192 24 24 6.333051
1770 390 198 24 24 3.069219
1770 396 6 24 24 3.246495
1770 396 12 24 24 2.194354
1770 402 0 24 24 0.393299
1770 402 6 24 24 1.793103
1800 0 48 64 64 5.420052
1800 16 48 64 64 3.310701
1800 264 154 44 44 1.519568
1800 170 160 40 40 0.616465
1800 340 140 40 40 4.352907
1800 350 140 40 40 5.062914
1800 350 160 40 40 1.349941
1800 288 162 36 36 2.210172
1800 288 171 36 36 1.725032
1800 432 126 36 36 2.717897
1800 432 144 36 36 9.600188
1800 432 153 36 36 0.854140
1800 441 126 36 36 3.698314
1800 441 144 36 36 8.179940
1800 441 153 36 36 0.151028
1800 450 126 36 36 3.301274
1800 459 126 36 36 3.898999
1800 144 136 32 32 0.299147
1800 455 133 28 28 0.841860
1800 462 133 28 28 3.154819
1800 469 133 28 28 1.626784
1800 306 192 24 24 0.311226
1800 384 0 24 24 3.972277
1800 384 6 24 24 0.453612
1800 384 192 24 24 7.353072
1800 384 198 24 24 5.334805
1800 390 0 24 24 4.006471
1800 390 192 24 24 0.704907
1800 396 0 24 24 2.183326
1800 396 6 24 24 0.864081
1800 402 0 24 24 3.053662
1800 402 6 24 24 0.026446
1800 492 192 24 24 2.508358
1800 492 198 24 24 0.226115
1830 0 32 64 64 3.627560
1830 0 48 64 64 4.373610
1830 16 32 64 64 0.263780
1830 16 48 64 64 3.068102
1830 352 154 44 44 1.997612
1830 160 160 40 40 2.822564
1830 350 140 40 40 4.430963
1830 27 126 36 36 1.803906
1830 162 153 36 36 1.177674
1830 288 171 36 36 2.808585
1830 297 171 36 36 2.130895
1830 176 152 32 32 0.380755
1830 192 144 32 32 0.287445
1830 192 152 32 32 0.159915
1830 264 144 32 32 1.160958
1830 264 152 32 32 1.298012
1830 448 112 28 28 3.710377
1830 448 119 28 28 2.438249
1830 448 126 28 28 2.571944
1830 448 133 28 28 0.483984
1830 455 112 28 28 2.381882
1830 455 119 28 28 1.025193
1830 384 192 24 24 3.551378
1830 390 0 24 24 0.467316
1830 390 6 24 24 0.268946
1830 390 192 24 24 5.522479
1830 390 198 24 24 2.336916
1830 396 192 24 24 5.543928
1830 396 198 24 24 0.278395
1830 480 204 24 24 0.598344
1860 264 168 48 48 0.503356
1860 264 168 48 48 0.503356
1860 264 154 44 44 0.040905
1860 350 140 40 40 2.937640
1860 0 126 36 36 3.582658
1860 9 126 36 36 1.278568
1860 144 144 36 36 2.623123
1860 288 162 36 36 0.841616
1860 288 171 36 36 1.035718
1860 432 9 36 36 0.607564
1860 450 126 36 36 0.113482
1860 459 126 36 36 1.230219
1860 0 128 32 32 1.504556
1860 0 136 32 32 2.848024
1860 0 144 32 32 1.168208
1860 8 128 32 32 1.884396
1860 8 136 32 32 3.716758
1860 8 144 32 32 0.698369
1860 144 152 32 32 0.448605
1860 264 144 32 32 1.820519
1860 264 152 32 32 2.216731
1860 272 144 32 32 0.347230
1860 272 152 32 32 3.336620
1860 0 133 28 28 1.629353
1860 7 133 28 28 0.256957
1860 448 98 28 28 0.446068
1860 448 112 28 28 6.901540
1860 448 119 28 28 6.745778
1860 448 126 28 28 6.284464
1860 455 112 28 28 2.985199
1860 455 126 28 28 0.164108
1860 192 102 24 24 0.465269
1860 198 108 24 24 0.555435
1860 306 192 24 24 0.206806
1860 384 192 24 24 6.240014
1860 384 198 24 24 5.580325
1860 390 192 24 24 5.965806
1860 390 198 24 24 5.080490
1860 396 192 24 24 6.681212
1860 396 198 24 24 4.554744
1860 402 192 24 24 1.384905
1860 402 198 24 24 1.947610
1890 32 48 64 64 1.325564
1890 48 48 64 64 0.405091
1890 264 168 48 48 4.353765
1890 420 36 48 48 1.774232
1890 264 168 48 48 4.353765
1890 420 36 48 48 1.774232
1890 264 176 44 44 2.014228
1890 352 154 44 44 1.883719
1890 363 154 44 44 3.906161
1890 374 154 44 44 2.256986
1890 18 126 36 36 0.234838
1890 27 126 36 36 3.326848
1890 288 153 36 36 3.494279
1890 288 162 36 36 4.217170
1890 288 171 36 36 3.745988
1890 297 162 36 36 2.420648
1890 432 18 36 36 0.725158
1890 441 0 36 36 0.431574
1890 441 27 36 36 0.452566
1890 459 144 36 36 1.715895
1890 459 153 36 36 0.198967
1890 0 112 32 32 0.730983
1890 8 112 32 32 2.994959
1890 392 152 32 32 1.798736
1890 0 112 28 28 7.418956
1890 0 119 28 28 7.050090
1890 0 126 28 28 1.164355
1890 14 126 28 28 2.853242
1890 14 133 28 28 0.846168
1890 119 119 28 28 0.388880
1890 448 98 28 28 2.347855
1890 448 133 28 28 1.871329
1890 455 98 28 28 5.020146
1890 455 112 28 28 3.454823
1890 455 119 28 28 1.573349
1890 455 126 28 28 2.386655
1890 455 133 28 28 0.070982
1890 462 98 28 28 0.540595
1890 462 126 28 28 3.401956
1890 462 133 28 28 0.227769
1890 469 126 28 28 2.544041
1890 469 133 28 28 1.263089
1890 0 108 24 24 1.125344
1890 6 96 24 24 0.214923
1890 132 192 24 24 2.035799
1890 132 198 24 24 2.100435
1890 132 204 24 24 1.316841
1890 192 96 24 24 2.704912
1890 300 198 24 24 2.126406
1890 300 204 24 24 1.577151
1890 306 192 24 24 2.015326
1890 306 198 24 24 2.965861
1890 306 204 24 24 0.978976
1890 390 198 24 24 1.747223
1890 396 198 24 24 0.126288
1920 264 168 48 48 3.838667
1920 420 24 48 48 0.050825
1920 264 168 48 48 3.838667
1920 420 24 48 48 0.050825
1920 264 154 44 44 3.323047
1920 264 176 44 44 1.018062
1920 363 154 44 44 0.567453
1920 374 154 44 44 4.620318
1920 385 154 44 44 3.575301
1920 240 160 40 40 0.014914
1920 288 162 36 36 0.243462
1920 288 171 36 36 4.145459
1920 297 162 36 36 0.770157
1920 297 171 36 36 3.688358
1920 306 171 36 36 0.808735
1920 432 9 36 36 1.192038
1920 441 9 36 36 3.239783
1920 441 18 36 36 2.213926
1920 450 9 36 36 1.856680
1920 450 18 36 36 1.711141
1920 0 112 32 32 3.929605
1920 16 112 32 32 2.477366
1920 24 112 32 32 1.862212
1920 384 152 32 32 0.104637
1920 392 152 32 32 0.012708
1920 400 152 32 32 1.888533
1920 0 119 28 28 1.540208
1920 0 126 28 28 4.500416
1920 0 133 28 28 2.991472
1920 7 119 28 28 0.011612
1920 7 126 28 28 1.326904
1920 21 133 28 28 0.217726
1920 455 98 28 28 1.922968
1920 462 98 28 28 4.898567
1920 462 126 28 28 0.592870
1920 462 133 28 28 3.974050
1920 469 98 28 28 0.609165
1920 469 126 28 28 1.449027
1920 469 133 28 28 2.163433
1920 96 210 24 24 2.015382
1920 306 204 24 24 1.398286
1920 306 210 24 24 3.821889
1920 390 192 24 24 0.386236
1920 396 192 24 24 2.342613
1920 402 192 24 24 4.780121
1950 352 48 64 64 0.329326
1950 264 168 48 48 2.526142
1950 264 192 48 48 0.807002
1950 264 168 48 48 2.526142
1950 264 192 48 48 0.807002
1950 385 154 44 44 1.978166
1950 10 170 40 40 0.138333
1950 10 180 40 40 3.144433
1950 10 190 40 40 1.664496
1950 20 180 40 40 0.300600
1950 20 190 40 40 1.566326
1950 160 30 40 40 0.667250
1950 240 170 40 40 2.435165
1950 240 180 40 40 3.341828
1950 350 140 40 40 2.866611
1950 18 126 36 36 1.349401
1950 297 171 36 36 2.317389
1950 306 171 36 36 0.707363
1950 441 9 36 36 3.864754
1950 450 0 36 36 2.833447
1950 450 9 36 36 5.702797
1950 450 18 36 36 2.836389
1950 24 128 32 32 2.581218
1950 24 136 32 32 1.296810
1950 0 133 28 28 3.145748
1950 462 98 28 28 0.635688
1950 469 21 28 28 0.833517
1950 469 98 28 28 3.171554
1950 469 126 28 28 2.191691
1950 469 133 28 28 0.825823
1950 108 84 24 24 1.503366
1950 132 84 24 24 1.905285
1950 144 84 24 24 4.879142
1950 192 84 24 24 0.444302
1950 390 192 24 24 2.767977
1950 396 192 24 24 3.671613
1950 402 192 24 24 3.792577
1950 480 102 24 24 1.926538
1950 480 108 24 24 1.260745
1950 480 114 24 24 0.923482
