30 352 16 64 64 2.519064
30 352 32 64 64 5.315759
30 352 48 64 64 0.117810
30 396 0 48 48 0.130782
30 396 0 48 48 0.130782
30 0 144 36 36 1.462427
30 144 126 36 36 0.442225
30 144 144 36 36 1.622722
30 432 126 36 36 3.199966
30 432 153 36 36 0.114678
30 441 126 36 36 1.584386
30 450 126 36 36 1.296551
30 0 112 32 32 0.808078
30 0 128 32 32 0.912650
30 0 144 32 32 2.789520
30 0 152 32 32 0.485698
30 8 144 32 32 0.898439
30 8 152 32 32 0.138942
30 136 136 32 32 3.740781
30 136 144 32 32 4.713058
30 136 152 32 32 3.739769
30 144 128 32 32 0.910348
30 144 136 32 32 2.731869
30 144 144 32 32 4.655953
30 144 152 32 32 2.982611
30 384 112 32 32 1.884213
30 392 112 32 32 4.793362
30 0 133 28 28 0.748186
30 7 112 28 28 2.230679
30 7 119 28 28 1.916579
30 7 133 28 28 1.247983
30 154 133 28 28 0.279335
30 350 126 28 28 0.151370
30 357 126 28 28 0.101042
30 12 102 24 24 0.878785
30 12 108 24 24 0.891324
30 12 114 24 24 2.018687
30 18 108 24 24 0.982574
60 352 16 64 64 3.248638
60 352 32 64 64 7.692319
60 352 48 64 64 1.351348
60 396 0 48 48 1.423737
60 396 0 48 48 1.423737
60 432 126 36 36 3.622447
60 432 153 36 36 0.827442
60 441 126 36 36 1.498279
60 450 126 36 36 2.060086
60 450 153 36 36 0.160436
60 0 144 32 32 1.297730
60 16 136 32 32 2.054227
60 16 144 32 32 1.284813
60 24 136 32 32 2.432485
60 24 144 32 32 3.146037
60 136 136 32 32 2.657915
60 144 128 32 32 3.236758
60 144 136 32 32 4.964278
60 384 112 32 32 3.219963
60 392 112 32 32 6.138620
60 0 112 28 28 0.458394
60 0 231 28 28 2.738537
60 0 238 28 28 1.867491
60 7 231 28 28 3.956840
60 7 238 28 28 4.153585
60 14 231 28 28 3.636183
60 14 238 28 28 2.518345
60 336 133 28 28 2.136496
60 343 126 28 28 0.027771
60 343 133 28 28 2.693517
60 350 119 28 28 0.092377
60 350 126 28 28 1.691235
60 350 133 28 28 0.799457
60 0 108 24 24 0.526263
60 0 114 24 24 4.483775
60 6 96 24 24 0.135365
60 6 102 24 24 0.008358
60 6 108 24 24 3.009649
60 6 114 24 24 7.875430
60 12 108 24 24 3.640260
60 12 114 24 24 7.495931
60 18 114 24 24 2.512693
90 352 16 64 64 1.189155
90 352 32 64 64 6.219473
90 352 48 64 64 0.077635
90 352 33 44 44 0.592932
90 180 160 40 40 2.386311
90 18 126 36 36 0.613742
90 27 126 36 36 1.653701
90 297 162 36 36 0.829698
90 432 126 36 36 2.569609
90 441 126 36 36 1.382292
90 441 162 36 36 0.877331
90 450 126 36 36 3.394080
90 450 153 36 36 0.221947
90 16 144 32 32 3.768224
90 24 144 32 32 4.777810
90 24 152 32 32 0.029030
90 136 136 32 32 0.521042
90 176 128 32 32 3.945244
90 192 128 32 32 0.202055
90 384 112 32 32 4.895870
90 392 112 32 32 4.648357
90 0 98 28 28 2.343975
90 336 119 28 28 1.567795
90 336 126 28 28 2.502036
90 336 133 28 28 1.704968
90 343 133 28 28 0.551468
90 469 133 28 28 2.106019
90 0 108 24 24 3.700056
90 0 114 24 24 8.908708
90 6 108 24 24 2.809328
90 6 114 24 24 4.577178
90 198 108 24 24 2.181612
90 198 114 24 24 7.535134
90 204 108 24 24 2.243561
90 204 114 24 24 5.024079
90 210 114 24 24 0.886326
120 288 0 64 64 1.728759
120 288 16 64 64 1.875838
120 352 32 64 64 3.801718
120 352 48 64 64 4.495637
120 350 0 40 40 0.995622
120 432 126 36 36 2.615402
120 432 162 36 36 2.292037
120 441 144 36 36 0.697011
120 441 153 36 36 3.968267
120 441 162 36 36 3.919483
120 450 153 36 36 2.792481
120 450 162 36 36 2.071238
120 128 136 32 32 0.019700
120 176 112 32 32 2.078053
120 176 128 32 32 2.909600
120 384 112 32 32 4.628022
120 392 112 32 32 2.566484
120 108 210 24 24 0.124665
120 192 108 24 24 0.635367
120 192 114 24 24 2.697656
120 198 114 24 24 0.530982
150 288 0 64 64 2.334780
150 288 16 64 64 2.331439
150 352 33 44 44 1.182408
150 363 33 44 44 3.979920
150 340 0 40 40 1.713775
150 350 0 40 40 0.181672
150 459 162 36 36 0.040908
150 459 171 36 36 1.660954
150 176 112 32 32 3.077642
150 176 128 32 32 1.736287
150 384 24 32 32 0.218525
150 384 112 32 32 0.184642
150 392 16 32 32 2.503805
150 392 24 32 32 1.524373
150 7 126 28 28 3.500364
150 7 133 28 28 2.248867
150 168 133 28 28 1.264950
150 336 133 28 28 0.932427
150 343 133 28 28 0.434608
180 352 0 64 64 4.847629
180 352 16 64 64 3.978102
180 384 12 48 48 0.486721
180 408 24 48 48 1.915310
180 384 12 48 48 0.486721
180 408 24 48 48 1.915310
180 0 126 36 36 0.530676
180 18 126 36 36 0.691397
180 288 153 36 36 3.233688
180 288 162 36 36 1.629212
180 297 144 36 36 0.783805
180 297 153 36 36 5.487259
180 297 162 36 36 5.219730
180 297 171 36 36 1.243476
180 306 144 36 36 1.284479
180 306 153 36 36 2.829728
180 306 162 36 36 4.657847
180 306 171 36 36 1.897041
180 0 144 32 32 1.538359
180 8 136 32 32 0.818882
180 8 144 32 32 2.549181
180 16 144 32 32 2.229171
180 24 136 32 32 1.603257
180 192 128 32 32 0.087890
180 408 24 32 32 1.406062
180 119 133 28 28 1.557255
180 224 126 28 28 2.995195
180 224 133 28 28 3.368741
180 343 126 28 28 1.659810
180 343 133 28 28 2.217349
180 350 126 28 28 1.796369
180 350 133 28 28 4.161673
180 357 126 28 28 1.286385
180 357 133 28 28 0.869226
180 12 0 24 24 0.396358
180 300 108 24 24 0.363161
180 306 108 24 24 1.587221
210 320 140 40 40 2.668821
210 0 126 36 36 0.950001
210 9 126 36 36 0.961682
210 18 126 36 36 2.291412
210 18 144 36 36 2.956209
210 27 126 36 36 1.142987
210 144 162 36 36 0.269532
210 315 153 36 36 3.506487
210 315 162 36 36 2.854315
210 441 0 36 36 0.271886
210 441 9 36 36 0.189952
210 0 136 32 32 0.154088
210 16 136 32 32 2.067986
210 16 144 32 32 3.361272
210 24 136 32 32 2.547023
210 24 144 32 32 5.890481
210 24 152 32 32 2.349938
210 128 128 32 32 1.102718
210 384 112 32 32 2.228984
210 392 112 32 32 0.887842
210 400 112 32 32 1.943558
210 224 133 28 28 2.587041
210 231 133 28 28 1.281497
210 245 133 28 28 0.371306
210 448 21 28 28 4.907104
210 448 126 28 28 2.352604
210 448 133 28 28 0.328323
210 455 14 28 28 0.122587
210 455 21 28 28 5.980721
210 455 119 28 28 4.278213
210 455 126 28 28 5.667363
210 455 133 28 28 3.592801
210 462 119 28 28 3.590184
210 462 126 28 28 5.316616
210 462 133 28 28 2.533932
210 469 119 28 28 3.952800
210 469 126 28 28 5.568124
210 469 133 28 28 3.833195
210 144 192 24 24 1.584169
210 144 198 24 24 0.105002
240 320 140 40 40 0.778962
240 216 126 36 36 0.008120
240 306 144 36 36 3.289321
240 306 153 36 36 3.520786
240 315 144 36 36 2.387300
240 315 153 36 36 2.029275
240 0 144 32 32 0.483870
240 8 144 32 32 0.317328
240 16 144 32 32 0.805048
240 384 112 32 32 1.259594
240 392 112 32 32 0.405080
240 400 112 32 32 1.536894
240 119 126 28 28 0.356375
240 119 133 28 28 1.410143
240 126 133 28 28 0.549546
240 224 98 28 28 0.481388
240 224 133 28 28 2.987129
240 231 133 28 28 1.677115
240 238 133 28 28 2.134076
240 357 119 28 28 0.585973
240 357 126 28 28 4.214912
240 357 133 28 28 2.606057
240 462 98 28 28 0.909625
240 462 112 28 28 0.530607
240 462 126 28 28 0.866835
240 469 119 28 28 0.086821
240 469 126 28 28 0.265070
240 469 133 28 28 4.457607
240 144 6 24 24 1.663876
270 352 33 44 44 1.073346
270 363 33 44 44 1.593876
270 220 140 40 40 0.114921
270 297 144 36 36 2.625282
270 297 153 36 36 1.166306
270 306 144 36 36 3.430992
270 306 153 36 36 2.908740
270 315 144 36 36 1.990442
270 315 153 36 36 1.039039
270 459 126 36 36 0.087039
270 0 136 32 32 0.292040
270 128 136 32 32 1.690688
270 128 144 32 32 0.602169
270 384 112 32 32 5.858425
270 408 8 32 32 0.183768
270 224 133 28 28 3.456929
270 231 126 28 28 1.477087
270 231 133 28 28 3.271084
270 350 119 28 28 2.153999
270 350 126 28 28 3.526963
270 357 119 28 28 1.757800
270 357 126 28 28 7.228871
270 357 133 28 28 2.739047
270 448 21 28 28 0.962778
270 132 0 24 24 1.030270
270 132 198 24 24 2.221797
270 144 192 24 24 0.372474
300 256 0 64 64 0.211875
300 272 0 64 64 1.302833
300 272 16 64 64 0.095934
300 288 0 64 64 2.854526
300 288 16 64 64 1.740445
300 352 0 64 64 1.823802
300 352 16 64 64 2.297107
300 363 33 44 44 0.118482
300 144 153 36 36 0.246582
300 297 144 36 36 1.397975
300 297 153 36 36 0.667660
300 128 144 32 32 3.349453
300 128 152 32 32 3.668155
300 136 144 32 32 0.427376
300 136 152 32 32 0.868166
300 192 112 32 32 1.708987
300 192 152 32 32 1.090454
300 384 112 32 32 11.731975
300 384 128 32 32 0.040130
300 392 112 32 32 14.278784
300 392 128 32 32 2.121457
300 400 112 32 32 5.563552
300 224 119 28 28 0.097101
300 224 126 28 28 4.253864
300 224 133 28 28 4.104918
300 231 119 28 28 1.564811
300 231 126 28 28 3.135309
300 231 133 28 28 1.669928
300 336 112 28 28 1.090957
300 336 126 28 28 0.680831
300 343 119 28 28 2.043132
300 343 126 28 28 0.747307
300 350 119 28 28 0.680584
300 350 126 28 28 1.903902
300 357 119 28 28 1.468177
300 357 126 28 28 0.050201
300 469 133 28 28 0.205626
300 144 192 24 24 0.719275
300 402 102 24 24 0.454127
300 480 12 24 24 3.298867
300 486 6 24 24 3.487759
300 486 12 24 24 5.410951
300 486 18 24 24 0.118250
300 492 12 24 24 2.141800
300 492 18 24 24 0.577028
330 256 0 64 64 0.097603
330 272 0 64 64 1.240201
330 288 0 64 64 3.525493
330 288 16 64 64 1.411729
330 352 0 64 64 7.121292
330 352 16 64 64 5.653704
330 288 144 36 36 0.028374
330 288 153 36 36 0.703590
330 0 136 32 32 0.906255
330 128 112 32 32 3.402743
330 128 144 32 32 0.279406
330 136 112 32 32 0.824329
330 136 144 32 32 0.459369
330 136 152 32 32 1.248017
330 384 112 32 32 2.410191
330 392 112 32 32 5.527402
330 392 128 32 32 3.145340
330 400 112 32 32 5.530548
330 400 128 32 32 5.115638
330 408 112 32 32 3.594665
330 408 128 32 32 3.379431
330 224 126 28 28 3.448578
330 224 133 28 28 1.458743
330 231 119 28 28 0.613122
330 231 126 28 28 1.685960
330 336 126 28 28 1.099557
330 343 126 28 28 0.951571
330 448 0 28 28 1.183767
330 448 7 28 28 2.496616
330 455 7 28 28 2.425112
330 390 12 24 24 0.631522
360 288 0 64 64 1.481051
360 352 0 64 64 1.553012
360 352 16 64 64 3.985245
360 352 32 64 64 1.657611
360 288 144 36 36 1.472332
360 288 153 36 36 1.607822
360 144 144 32 32 1.710505
360 384 112 32 32 0.126425
360 408 112 32 32 1.988739
360 408 128 32 32 2.992038
360 224 126 28 28 2.269129
360 224 133 28 28 2.918430
360 469 0 28 28 1.037707
360 18 108 24 24 2.519920
360 144 114 24 24 0.817557
360 480 0 24 24 1.020524
360 480 114 24 24 1.019864
360 486 0 24 24 0.064203
390 272 0 64 64 1.948325
390 288 0 64 64 2.532552
390 352 0 64 64 4.508155
390 352 16 64 64 5.100894
390 352 32 64 64 1.164299
390 408 12 48 48 1.338956
390 408 12 48 48 1.338956
390 144 126 36 36 0.636787
390 144 144 36 36 0.186009
390 153 162 36 36 0.013770
390 288 153 36 36 0.832623
390 384 112 32 32 5.038570
390 392 112 32 32 6.072399
390 400 112 32 32 4.953959
390 408 112 32 32 0.540177
390 7 98 28 28 3.311910
390 119 119 28 28 1.064456
390 126 112 28 28 1.528745
390 126 119 28 28 4.922349
390 168 126 28 28 0.792112
390 224 126 28 28 0.859772
390 224 133 28 28 1.891807
390 231 126 28 28 0.132472
390 343 119 28 28 0.569137
390 343 126 28 28 2.819296
390 462 133 28 28 2.606115
390 12 102 24 24 0.329321
390 12 108 24 24 4.472842
390 18 102 24 24 0.675284
390 18 108 24 24 4.496558
390 132 114 24 24 1.994189
390 306 114 24 24 0.021255
420 352 0 64 64 2.216344
420 352 16 64 64 4.401922
420 352 32 64 64 0.807205
420 408 36 48 48 0.550527
420 408 36 48 48 0.550527
420 280 152 32 32 1.079606
420 384 112 32 32 2.832438
420 392 112 32 32 2.345751
420 400 112 32 32 3.413182
420 408 112 32 32 3.050363
420 112 112 28 28 2.184789
420 112 119 28 28 3.924461
420 112 126 28 28 0.109063
420 119 112 28 28 5.257885
420 119 119 28 28 5.174541
420 126 112 28 28 0.927263
420 126 119 28 28 0.298537
420 224 126 28 28 1.424739
420 336 126 28 28 0.170869
420 343 119 28 28 1.608220
420 343 126 28 28 1.396396
420 0 108 24 24 4.984139
420 0 114 24 24 5.360186
420 6 108 24 24 6.390678
420 6 114 24 24 5.643842
420 132 108 24 24 1.572410
420 132 114 24 24 6.479158
450 288 0 64 64 1.651351
450 288 16 64 64 3.337421
450 352 0 64 64 4.344411
450 352 16 64 64 5.016063
450 384 24 48 48 1.097477
450 384 36 48 48 3.759275
450 396 36 48 48 1.379493
450 420 12 48 48 1.103550
450 420 24 48 48 0.909424
450 384 24 48 48 1.097477
450 384 36 48 48 3.759275
450 396 36 48 48 1.379493
450 420 12 48 48 1.103550
450 420 24 48 48 0.909424
450 9 126 36 36 1.873121
450 18 126 36 36 4.124467
450 27 126 36 36 3.516890
450 432 0 36 36 0.992949
450 441 126 36 36 1.283157
450 16 144 32 32 1.746143
450 24 128 32 32 2.625822
450 24 136 32 32 1.681737
450 24 144 32 32 1.281007
450 192 128 32 32 2.307649
450 272 152 32 32 4.625075
450 280 144 32 32 0.272910
450 280 152 32 32 1.967892
450 384 112 32 32 5.605694
450 392 112 32 32 5.013714
450 400 112 32 32 1.394103
450 336 119 28 28 1.328260
450 336 126 28 28 1.285820
450 357 119 28 28 0.368476
450 448 7 28 28 0.090769
450 448 14 28 28 2.343529
450 448 133 28 28 1.943045
450 455 14 28 28 0.050594
450 96 114 24 24 1.415169
480 288 16 64 64 0.070525
480 352 0 64 64 5.243442
480 352 16 64 64 5.935500
480 352 32 64 64 3.205068
480 384 12 48 48 0.083528
480 384 24 48 48 0.237141
480 396 12 48 48 1.029161
480 396 24 48 48 0.565645
480 408 12 48 48 0.650020
480 384 12 48 48 0.083528
480 384 24 48 48 0.237141
480 396 12 48 48 1.029161
480 396 24 48 48 0.565645
480 408 12 48 48 0.650020
480 198 126 36 36 0.428344
480 432 18 36 36 0.064155
480 459 126 36 36 0.417708
480 0 136 32 32 0.490306
480 8 112 32 32 0.823866
480 8 128 32 32 0.224660
480 128 144 32 32 0.139623
480 192 112 32 32 0.561641
480 192 128 32 32 4.770009
480 192 136 32 32 0.585403
480 264 152 32 32 0.931424
480 272 152 32 32 3.025825
480 400 112 32 32 0.621909
480 400 128 32 32 1.279534
480 408 112 32 32 0.637264
480 408 128 32 32 0.352915
480 408 136 32 32 0.341728
480 14 119 28 28 0.348168
480 14 126 28 28 1.917792
480 14 133 28 28 2.741541
480 21 126 28 28 1.195648
480 343 126 28 28 0.508351
480 350 126 28 28 4.533291
480 350 133 28 28 4.672215
480 357 119 28 28 0.724644
480 357 126 28 28 3.734038
480 357 133 28 28 1.223818
480 455 14 28 28 0.524466
480 455 21 28 28 1.081683
480 462 126 28 28 0.575939
480 462 133 28 28 0.645952
480 144 192 24 24 0.001419
480 486 84 24 24 0.050108
480 492 84 24 24 2.300672
480 492 96 24 24 2.364616
480 492 102 24 24 0.271531
510 352 0 64 64 4.405047
510 352 16 64 64 5.712387
510 352 32 64 64 2.542183
510 198 126 36 36 3.130303
510 432 126 36 36 0.874442
510 441 0 36 36 0.022024
510 450 27 36 36 0.361763
510 459 27 36 36 0.921009
510 192 128 32 32 3.288747
510 192 136 32 32 2.117338
510 280 152 32 32 2.879661
510 384 112 32 32 7.192496
510 392 112 32 32 7.992043
510 400 112 32 32 1.717326
510 126 133 28 28 0.402254
510 448 7 28 28 0.214837
510 448 14 28 28 0.678998
510 448 133 28 28 0.176664
510 462 14 28 28 2.241032
510 469 133 28 28 2.086693
510 480 0 24 24 1.496658
510 480 96 24 24 0.617981
540 256 32 64 64 1.007478
540 256 48 64 64 0.164420
540 198 126 36 36 0.459740
540 288 126 36 36 1.397305
540 288 144 36 36 0.506067
540 297 126 36 36 1.871950
540 441 126 36 36 0.377197
540 450 126 36 36 1.380705
540 459 126 36 36 3.251742
540 192 136 32 32 0.295867
540 384 112 32 32 7.483204
540 392 112 32 32 5.913417
540 392 128 32 32 1.026663
540 400 112 32 32 4.045079
540 400 128 32 32 3.159794
540 408 112 32 32 0.929587
540 224 133 28 28 0.231402
540 455 133 28 28 0.874702
540 462 133 28 28 1.434226
540 469 0 28 28 0.434835
540 469 14 28 28 5.952962
540 469 133 28 28 1.213649
540 396 84 24 24 0.988860
540 402 6 24 24 2.141253
540 402 12 24 24 2.086259
540 480 0 24 24 2.705460
540 480 6 24 24 4.891499
540 480 12 24 24 2.083682
540 480 18 24 24 2.982421
540 480 96 24 24 1.021690
540 486 6 24 24 2.934210
540 486 12 24 24 1.431023
540 486 18 24 24 1.944319
570 256 16 64 64 0.496032
570 256 32 64 64 4.353590
570 256 48 64 64 4.350846
570 352 16 64 64 4.873487
570 352 32 64 64 3.655316
570 170 160 40 40 1.794190
570 216 126 36 36 0.262926
570 306 144 36 36 4.263373
570 315 144 36 36 1.364956
570 192 152 32 32 1.611807
570 256 152 32 32 1.454663
570 264 152 32 32 2.786121
570 392 112 32 32 1.976019
570 400 112 32 32 3.286245
570 126 119 28 28 1.562344
570 224 126 28 28 0.472550
570 231 126 28 28 1.103994
570 238 126 28 28 0.338339
570 357 126 28 28 1.268906
570 357 133 28 28 0.742987
570 448 0 28 28 1.296984
570 448 21 28 28 0.856703
570 448 126 28 28 2.344902
570 455 126 28 28 1.119961
570 462 126 28 28 0.423955
570 469 133 28 28 1.228654
570 0 102 24 24 0.282314
570 198 192 24 24 2.759344
570 210 192 24 24 0.103336
570 480 12 24 24 0.474461
570 486 12 24 24 1.134904
570 486 18 24 24 2.404939
570 492 18 24 24 3.245101
600 256 32 64 64 3.082725
600 256 48 64 64 2.245234
600 352 16 64 64 0.203691
600 160 140 40 40 3.040139
600 170 140 40 40 3.338922
600 297 144 36 36 4.028866
600 297 153 36 36 2.104918
600 306 144 36 36 5.572258
600 315 144 36 36 2.338370
600 441 126 36 36 3.135678
600 450 126 36 36 3.093270
600 128 112 32 32 1.267283
600 136 112 32 32 1.806779
600 176 128 32 32 2.242590
600 392 112 32 32 1.241955
600 400 112 32 32 5.327110
600 408 112 32 32 2.093251
600 462 133 28 28 0.086042
600 469 112 28 28 0.521903
600 469 119 28 28 0.722775
600 469 126 28 28 0.591912
600 469 133 28 28 2.238546
600 204 192 24 24 0.051657
630 160 140 40 40 0.308695
630 0 126 36 36 0.948562
630 27 126 36 36 2.159719
630 162 144 36 36 0.443540
630 288 144 36 36 3.715812
630 288 153 36 36 1.206216
630 297 144 36 36 3.406951
630 176 128 32 32 3.554386
630 176 136 32 32 0.184593
630 392 112 32 32 2.994979
630 400 112 32 32 1.718451
630 408 112 32 32 2.568940
630 112 133 28 28 1.176332
630 168 133 28 28 4.722264
630 336 119 28 28 0.066469
630 336 126 28 28 1.600681
630 336 133 28 28 1.273452
630 6 96 24 24 3.305873
630 6 102 24 24 2.557710
630 6 108 24 24 0.456207
630 12 96 24 24 7.320169
630 12 102 24 24 3.505447
630 18 96 24 24 6.654349
630 18 102 24 24 5.475522
630 198 192 24 24 0.262450
630 300 108 24 24 0.728064
660 0 126 36 36 2.430701
660 18 126 36 36 1.468136
660 27 126 36 36 0.840738
660 153 126 36 36 0.226929
660 162 126 36 36 2.612895
660 288 144 36 36 2.015088
660 8 128 32 32 1.392386
660 8 136 32 32 2.925483
660 24 136 32 32 1.197788
660 176 112 32 32 2.672561
660 392 128 32 32 3.871879
660 400 128 32 32 10.863241
660 400 136 32 32 4.170677
660 408 128 32 32 10.241417
660 408 136 32 32 4.166557
660 112 133 28 28 0.940256
660 154 133 28 28 0.566444
660 168 126 28 28 1.295363
660 168 133 28 28 3.627544
660 0 96 24 24 0.132453
660 0 102 24 24 5.854542
660 288 108 24 24 0.258025
690 352 16 64 64 1.202971
690 352 32 64 64 4.224926
690 264 24 48 48 3.257178
690 264 36 48 48 0.403285
690 264 24 48 48 3.257178
690 264 36 48 48 0.403285
690 264 33 44 44 1.238055
690 288 144 36 36 2.831150
690 0 136 32 32 0.307444
690 8 136 32 32 0.750900
690 176 112 32 32 3.590639
690 280 152 32 32 1.075850
690 400 128 32 32 1.621369
690 400 136 32 32 2.253473
690 408 128 32 32 10.465845
690 408 136 32 32 8.298374
690 112 133 28 28 1.653537
690 168 133 28 28 0.531710
690 231 133 28 28 0.223503
690 336 126 28 28 1.226332
690 343 119 28 28 0.021773
690 288 108 24 24 0.471969
690 294 108 24 24 1.111969
720 352 32 64 64 2.099218
720 264 24 48 48 0.511336
720 264 24 48 48 0.511336
720 198 126 36 36 0.746296
720 288 144 36 36 2.252253
720 288 153 36 36 2.540356
720 297 144 36 36 2.322919
720 297 153 36 36 3.358789
720 432 126 36 36 6.123783
720 441 126 36 36 4.476038
720 176 112 32 32 0.963536
720 192 112 32 32 3.769923
720 392 0 32 32 2.265377
720 336 126 28 28 0.633887
720 343 126 28 28 2.349813
720 350 126 28 28 0.571496
720 455 112 28 28 2.905956
720 462 112 28 28 6.208591
720 462 119 28 28 1.918744
720 469 112 28 28 2.251997
750 288 24 48 48 0.233353
750 288 24 48 48 0.233353
750 220 140 40 40 1.551231
750 18 126 36 36 0.444247
750 216 153 36 36 1.956070
750 306 153 36 36 1.802758
750 306 162 36 36 1.430721
750 315 162 36 36 0.046465
750 450 126 36 36 3.467001
750 459 126 36 36 2.621975
750 16 128 32 32 0.683880
750 24 128 32 32 2.677846
750 24 136 32 32 0.763445
750 192 112 32 32 1.589708
750 112 133 28 28 2.040013
750 168 112 28 28 0.713688
750 343 126 28 28 2.605429
750 350 119 28 28 3.972424
750 350 126 28 28 5.712570
750 357 119 28 28 0.783821
750 469 119 28 28 0.740197
750 306 96 24 24 0.132706
750 498 114 24 24 1.600801
780 198 154 44 44 0.780446
780 0 126 36 36 0.852595
780 9 126 36 36 1.073136
780 216 162 36 36 2.426608
780 297 27 36 36 0.637872
780 459 144 36 36 0.712593
780 0 128 32 32 0.747914
780 0 136 32 32 1.387407
780 8 128 32 32 1.809847
780 8 136 32 32 0.700361
780 16 128 32 32 8.341734
780 16 136 32 32 2.846448
780 24 128 32 32 6.741675
780 192 112 32 32 2.076888
780 21 133 28 28 2.959927
780 154 119 28 28 0.018649
780 336 126 28 28 2.319216
780 336 133 28 28 2.547575
780 343 119 28 28 1.171550
780 343 126 28 28 5.994402
780 343 133 28 28 4.748784
780 350 126 28 28 0.987371
780 448 119 28 28 1.899351
780 448 126 28 28 0.336569
780 300 84 24 24 0.388921
780 306 84 24 24 0.642726
780 498 84 24 24 0.371104
810 264 0 48 48 0.358257
810 420 36 48 48 3.413922
810 264 0 48 48 0.358257
810 420 36 48 48 3.413922
810 176 154 44 44 0.094940
810 187 154 44 44 0.729318
810 288 18 36 36 0.486339
810 288 27 36 36 5.120035
810 297 18 36 36 1.225829
810 297 27 36 36 4.468291
810 432 144 36 36 3.637168
810 432 153 36 36 1.964386
810 441 126 36 36 0.744976
810 441 144 36 36 2.097638
810 450 144 36 36 2.609988
810 459 144 36 36 4.008418
810 0 128 32 32 2.300308
810 8 128 32 32 5.158271
810 16 128 32 32 3.922213
810 24 128 32 32 1.731328
810 14 98 28 28 0.114778
810 14 133 28 28 3.360475
810 21 133 28 28 4.920999
810 119 126 28 28 1.680625
810 154 112 28 28 1.632667
810 18 96 24 24 0.305129
810 18 102 24 24 1.896847
810 498 114 24 24 2.654657
840 264 0 48 48 0.702920
840 396 36 48 48 0.165340
840 408 36 48 48 4.146862
840 420 36 48 48 2.110540
840 264 0 48 48 0.702920
840 396 36 48 48 0.165340
840 408 36 48 48 4.146862
840 420 36 48 48 2.110540
840 264 11 44 44 1.062880
840 320 180 40 40 0.194555
840 320 190 40 40 1.505420
840 288 18 36 36 3.968701
840 288 27 36 36 3.896719
840 297 18 36 36 1.132195
840 297 27 36 36 3.307970
840 0 128 32 32 3.509904
840 8 128 32 32 5.758117
840 16 128 32 32 2.787768
840 128 112 32 32 3.184206
840 136 112 32 32 3.475072
840 144 112 32 32 2.960138
840 14 133 28 28 3.371959
840 21 133 28 28 3.480023
840 126 126 28 28 0.196436
840 154 119 28 28 0.922904
840 154 126 28 28 2.964309
840 224 231 28 28 0.065846
840 448 98 28 28 1.579495
840 455 98 28 28 1.715788
840 462 98 28 28 0.860973
840 6 96 24 24 2.588623
840 6 102 24 24 4.484045
840 12 96 24 24 0.978564
840 12 102 24 24 3.316554
840 12 108 24 24 1.776100
840 390 114 24 24 0.739649
840 480 114 24 24 0.971866
840 486 108 24 24 1.537678
840 486 114 24 24 0.524279
870 264 0 48 48 0.815626
870 288 168 48 48 0.052510
870 264 0 48 48 0.815626
870 288 168 48 48 0.052510
870 264 0 44 44 0.228985
870 170 190 40 40 0.228040
870 288 18 36 36 2.555571
870 288 27 36 36 2.801690
870 297 27 36 36 0.150444
870 0 128 32 32 4.395048
870 8 128 32 32 2.553350
870 128 112 32 32 5.001040
870 136 112 32 32 4.091665
870 144 112 32 32 0.807706
870 0 133 28 28 1.555534
870 7 126 28 28 0.227604
870 7 133 28 28 4.803658
870 14 126 28 28 1.306468
870 14 133 28 28 4.958426
870 21 133 28 28 0.243261
870 119 126 28 28 1.048178
870 126 126 28 28 2.909045
870 154 119 28 28 0.897401
870 154 126 28 28 0.364186
870 448 98 28 28 1.898855
870 0 96 24 24 3.572659
870 0 102 24 24 2.977890
870 6 96 24 24 1.325827
870 6 102 24 24 1.470651
870 390 114 24 24 0.692990
870 498 192 24 24 2.973022
870 498 198 24 24 0.057760
900 48 16 64 64 0.130140
900 264 0 48 48 2.590118
900 264 12 48 48 0.130314
900 264 0 48 48 2.590118
900 264 12 48 48 0.130314
900 264 0 44 44 0.933521
900 264 11 44 44 1.833697
900 288 18 36 36 3.050637
900 288 27 36 36 2.543186
900 297 27 36 36 0.260125
900 432 153 36 36 0.896669
900 441 144 36 36 3.722545
900 441 153 36 36 4.183219
900 450 144 36 36 1.701762
900 450 153 36 36 3.244724
900 459 126 36 36 2.650890
900 459 144 36 36 0.057148
900 0 128 32 32 4.938503
900 8 128 32 32 2.429786
900 128 112 32 32 4.783828
900 136 112 32 32 4.743577
900 144 112 32 32 1.674646
900 0 133 28 28 4.499193
900 7 126 28 28 1.011620
900 7 133 28 28 4.522317
900 14 133 28 28 3.658469
900 126 126 28 28 3.524917
900 350 98 28 28 1.842537
900 350 231 28 28 0.697846
900 357 98 28 28 0.040962
900 0 96 24 24 1.167815
900 0 102 24 24 1.660269
930 48 16 64 64 1.321754
930 264 0 48 48 3.163687
930 264 12 48 48 0.733421
930 264 0 48 48 3.163687
930 264 12 48 48 0.733421
930 264 0 44 44 2.377628
930 264 11 44 44 3.663755
930 144 144 36 36 2.082956
930 153 144 36 36 3.068886
930 153 153 36 36 3.000625
930 162 153 36 36 1.419244
930 288 18 36 36 3.868044
930 288 27 36 36 2.707808
930 297 27 36 36 0.186447
930 0 128 32 32 1.768558
930 128 112 32 32 4.489090
930 136 112 32 32 5.595378
930 0 133 28 28 2.767498
930 7 133 28 28 0.852631
930 126 126 28 28 2.838523
930 126 133 28 28 0.168323
930 350 238 28 28 1.469163
930 0 96 24 24 0.197713
930 192 192 24 24 0.302504
960 264 0 48 48 0.111808
960 264 0 48 48 0.111808
960 264 0 44 44 3.289301
960 264 11 44 44 1.428443
960 288 18 36 36 3.115429
960 288 27 36 36 2.678886
960 297 27 36 36 0.393938
960 0 128 32 32 0.654463
960 0 126 28 28 0.924574
960 0 133 28 28 0.544759
960 357 112 28 28 0.101757
960 357 119 28 28 1.484372
960 448 119 28 28 0.455996
960 448 126 28 28 3.051273
960 448 133 28 28 2.477715
960 455 126 28 28 0.444195
960 288 288 24 24 1.529059
990 264 0 48 48 0.755658
990 264 0 48 48 0.755658
990 264 0 44 44 3.382956
990 264 11 44 44 2.676142
990 288 18 36 36 1.502959
990 288 27 36 36 1.990755
990 136 152 32 32 3.152394
990 0 238 28 28 0.805121
990 7 133 28 28 0.779312
990 14 238 28 28 2.648908
990 14 245 28 28 1.214508
990 21 231 28 28 0.304154
990 21 238 28 28 2.495028
990 21 245 28 28 1.854258
990 168 98 28 28 0.104517
990 357 119 28 28 0.354451
990 448 119 28 28 1.082858
990 448 126 28 28 4.356862
990 448 133 28 28 1.671860
990 455 126 28 28 1.180647
990 288 288 24 24 1.425482
990 288 294 24 24 0.743527
1020 264 0 48 48 1.275149
1020 264 12 48 48 0.229202
1020 408 36 48 48 0.181110
1020 420 36 48 48 1.358279
1020 420 168 48 48 0.599610
1020 264 0 48 48 1.275149
1020 264 12 48 48 0.229202
1020 408 36 48 48 0.181110
1020 420 36 48 48 1.358279
1020 420 168 48 48 0.599610
1020 176 154 44 44 3.727632
1020 264 0 44 44 0.053270
1020 264 11 44 44 3.427731
1020 264 22 44 44 0.261851
1020 288 18 36 36 0.779830
1020 128 144 32 32 0.094925
1020 128 152 32 32 0.811835
1020 136 112 32 32 0.344799
1020 176 112 32 32 3.374577
1020 256 256 32 32 1.704884
1020 264 256 32 32 4.181279
1020 272 256 32 32 4.396194
1020 272 264 32 32 2.475240
1020 280 256 32 32 0.657730
1020 280 264 32 32 2.419309
1020 0 126 28 28 1.441421
1020 7 126 28 28 0.873635
1020 288 84 24 24 0.504492
1020 288 288 24 24 1.216690
1020 288 294 24 24 1.711394
1050 408 12 48 48 1.403200
1050 408 24 48 48 0.999367
1050 420 24 48 48 0.178447
1050 420 36 48 48 0.513125
1050 408 12 48 48 1.403200
1050 408 24 48 48 0.999367
1050 420 24 48 48 0.178447
1050 420 36 48 48 0.513125
1050 187 154 44 44 1.106481
1050 264 11 44 44 0.654269
1050 264 22 44 44 0.197079
1050 374 154 44 44 4.993361
1050 385 154 44 44 3.652656
1050 0 128 32 32 0.400919
1050 128 136 32 32 0.242453
1050 128 144 32 32 0.592371
1050 128 152 32 32 3.002136
1050 136 136 32 32 0.429445
1050 136 144 32 32 0.089764
1050 176 112 32 32 4.131007
1050 192 112 32 32 0.430220
1050 264 264 32 32 0.472586
1050 272 256 32 32 0.204450
1050 272 264 32 32 3.032943
1050 392 152 32 32 0.420697
1050 408 152 32 32 0.107906
1050 336 119 28 28 1.507615
1050 132 192 24 24 3.195997
1050 132 198 24 24 0.331130
1050 144 192 24 24 3.190339
1050 288 84 24 24 2.692182
1050 288 294 24 24 0.333227
1050 288 300 24 24 0.171264
1050 294 84 24 24 2.399871
1050 300 84 24 24 0.731690
1050 306 84 24 24 1.198156
1050 402 192 24 24 0.583329
1080 288 48 64 64 0.358693
1080 408 36 48 48 1.115675
1080 420 36 48 48 0.092053
1080 408 36 48 48 1.115675
1080 420 36 48 48 0.092053
1080 264 11 44 44 0.014204
1080 264 22 44 44 0.672696
1080 340 140 40 40 0.997756
1080 288 153 36 36 1.223722
1080 128 128 32 32 1.207967
1080 128 144 32 32 2.876368
1080 128 152 32 32 3.964483
1080 176 112 32 32 1.595623
1080 126 133 28 28 3.265410
1080 144 306 24 24 1.874022
1080 204 306 24 24 0.168270
1080 210 306 24 24 0.284577
1080 288 306 24 24 2.135117
1110 48 16 64 64 0.863478
1110 264 12 48 48 0.454190
1110 264 168 48 48 0.861574
1110 264 12 48 48 0.454190
1110 264 168 48 48 0.861574
1110 264 11 44 44 0.168720
1110 264 22 44 44 1.349689
1110 198 162 36 36 0.419625
1110 216 306 36 36 1.323704
1110 288 153 36 36 2.173801
1110 288 162 36 36 3.446484
1110 297 162 36 36 1.236551
1110 315 126 36 36 3.195375
1110 136 136 32 32 1.712779
1110 136 144 32 32 3.498415
1110 136 152 32 32 2.107235
1110 176 112 32 32 6.368020
1110 192 112 32 32 0.191543
1110 462 126 28 28 0.926367
1110 462 133 28 28 1.394215
1140 48 32 64 64 1.932123
1140 264 11 44 44 0.663786
1140 264 22 44 44 1.528957
1140 288 162 36 36 0.219944
1140 306 126 36 36 0.092958
1140 24 128 32 32 1.339577
1140 136 128 32 32 0.816322
1140 136 136 32 32 1.540153
1140 136 144 32 32 7.618654
1140 136 152 32 32 2.699926
1140 176 112 32 32 6.163144
1140 192 112 32 32 0.149783
1140 126 133 28 28 0.591931
1140 336 112 28 28 0.090725
1140 455 133 28 28 0.632125
1140 462 126 28 28 1.396578
1140 462 133 28 28 3.083952
1140 288 96 24 24 2.116464
1170 48 16 64 64 2.284668
1170 48 32 64 64 4.559642
1170 288 32 64 64 1.143073
1170 288 48 64 64 1.044310
1170 264 12 48 48 0.160622
1170 264 12 48 48 0.160622
1170 0 198 44 44 1.411703
1170 0 209 44 44 0.713510
1170 264 22 44 44 0.825092
1170 180 160 40 40 2.194026
1170 128 136 32 32 0.571416
1170 128 144 32 32 2.216282
1170 136 128 32 32 2.532180
1170 136 136 32 32 2.949687
1170 136 144 32 32 6.773105
1170 176 112 32 32 4.685415
1170 192 128 32 32 0.112928
1170 21 224 28 28 3.343570
1170 21 231 28 28 0.656847
1170 126 133 28 28 1.316602
1170 357 133 28 28 0.639400
1170 455 133 28 28 0.027990
1170 462 126 28 28 0.142280
1170 462 133 28 28 1.044996
1170 288 96 24 24 1.168998
1200 48 32 64 64 1.311854
1200 288 32 64 64 2.049764
1200 288 48 64 64 1.548854
1200 264 12 48 48 0.072594
1200 264 12 48 48 0.072594
1200 264 11 44 44 0.251236
1200 264 22 44 44 1.314762
1200 0 140 40 40 0.402476
1200 180 160 40 40 2.089952
1200 18 126 36 36 1.070069
1200 27 126 36 36 0.754840
1200 16 152 32 32 1.033986
1200 24 136 32 32 1.690829
1200 128 128 32 32 0.532224
1200 128 144 32 32 0.744904
1200 136 128 32 32 2.109404
1200 136 136 32 32 1.126558
1200 136 144 32 32 3.576690
1200 176 112 32 32 4.719243
1200 192 128 32 32 1.102435
1200 168 119 28 28 0.187443
1200 96 210 24 24 3.433476
1200 102 210 24 24 2.073101
1200 288 96 24 24 1.578989
1200 306 84 24 24 0.039730
1230 288 32 64 64 1.847265
1230 264 11 44 44 0.291894
1230 264 22 44 44 1.141549
1230 170 160 40 40 0.099185
1230 180 160 40 40 2.993253
1230 128 144 32 32 1.126544
1230 128 152 32 32 3.263904
1230 136 144 32 32 0.159720
1230 136 152 32 32 1.524555
1230 176 112 32 32 2.449294
1230 192 128 32 32 0.558049
1230 168 119 28 28 0.560487
1230 336 126 28 28 0.077125
1230 455 133 28 28 1.123001
1230 462 133 28 28 1.927025
1230 469 133 28 28 1.514866
1230 144 192 24 24 5.849824
1230 288 96 24 24 1.210688
1260 48 16 64 64 0.896804
1260 48 32 64 64 5.177750
1260 288 32 64 64 0.809202
1260 264 11 44 44 0.224634
1260 264 22 44 44 1.238407
1260 180 160 40 40 1.966353
1260 144 144 36 36 2.170705
1260 144 153 36 36 3.707781
1260 153 144 36 36 2.107146
1260 288 171 36 36 0.539276
1260 297 171 36 36 0.075021
1260 24 128 32 32 1.160431
1260 128 112 32 32 0.298461
1260 126 126 28 28 2.203900
1260 336 126 28 28 0.064606
1260 455 133 28 28 0.871564
1260 462 133 28 28 1.298814
1260 288 96 24 24 0.644777
1290 48 16 64 64 4.084710
1290 48 32 64 64 4.302175
1290 288 32 64 64 1.843936
1290 264 22 44 44 0.913990
1290 180 160 40 40 2.654127
1290 288 171 36 36 0.816466
1290 24 128 32 32 0.272535
1290 128 112 32 32 2.710544
1290 136 112 32 32 0.041032
1290 119 133 28 28 1.176573
1290 126 119 28 28 0.720752
1290 126 126 28 28 2.527953
1290 126 133 28 28 0.638394
1290 336 126 28 28 0.903435
1290 462 133 28 28 1.763143
1290 469 133 28 28 0.216241
1290 288 96 24 24 1.038658
1320 48 16 64 64 3.574424
1320 48 32 64 64 5.056238
1320 420 168 48 48 0.077700
1320 420 168 48 48 0.077700
1320 264 11 44 44 0.158638
1320 264 22 44 44 0.683244
1320 385 154 44 44 1.743257
1320 180 160 40 40 1.852584
1320 288 171 36 36 1.410651
1320 441 153 36 36 0.387578
1320 441 162 36 36 1.863089
1320 441 171 36 36 3.166961
1320 16 136 32 32 1.560708
1320 24 128 32 32 0.470625
1320 24 136 32 32 0.170505
1320 136 112 32 32 0.185930
1320 136 128 32 32 1.253374
1320 192 128 32 32 0.986473
1320 126 126 28 28 0.419214
1320 126 133 28 28 1.314959
1320 336 126 28 28 0.536859
1320 448 98 28 28 0.772285
1320 288 96 24 24 0.605353
1320 300 84 24 24 0.036211
1320 306 84 24 24 0.215641
1350 48 32 64 64 3.179155
1350 288 48 64 64 1.508137
1350 22 154 44 44 3.166234
1350 33 154 44 44 1.737324
1350 176 154 44 44 2.229779
1350 264 11 44 44 0.399635
1350 264 22 44 44 0.680485
1350 30 140 40 40 0.238239
1350 30 160 40 40 2.370636
1350 180 160 40 40 3.489374
1350 350 140 40 40 3.132983
1350 18 126 36 36 1.386823
1350 288 171 36 36 0.489749
1350 432 153 36 36 1.549407
1350 432 162 36 36 2.349994
1350 432 171 36 36 0.373106
1350 24 136 32 32 0.965626
1350 24 144 32 32 2.004989
1350 24 152 32 32 1.034902
1350 128 136 32 32 0.382775
1350 128 144 32 32 2.527938
1350 128 152 32 32 1.397731
1350 136 128 32 32 4.340158
1350 136 144 32 32 0.389207
1350 136 152 32 32 4.013589
1350 176 112 32 32 1.922257
1350 192 128 32 32 0.822475
1350 168 126 28 28 1.941938
1350 300 84 24 24 1.778558
1350 306 84 24 24 1.948960
1350 384 192 24 24 4.543392
1350 384 198 24 24 1.458783
1350 390 192 24 24 2.349355
1380 48 32 64 64 1.012646
1380 288 48 64 64 2.707520
1380 176 154 44 44 0.155651
1380 264 11 44 44 0.484693
1380 264 22 44 44 0.565400
1380 180 160 40 40 3.254591
1380 288 171 36 36 0.438295
1380 176 112 32 32 5.954076
1380 192 128 32 32 1.124359
1380 108 192 24 24 2.889559
1380 132 204 24 24 0.512201
1380 132 210 24 24 2.547919
1380 300 84 24 24 0.135254
1380 306 84 24 24 0.628242
1410 288 48 64 64 1.221743
1410 176 154 44 44 1.343038
1410 264 11 44 44 0.796379
1410 264 22 44 44 0.909268
1410 180 160 40 40 3.496473
1410 288 171 36 36 0.851568
1410 306 126 36 36 1.857537
1410 315 126 36 36 1.375140
1410 128 136 32 32 1.416627
1410 128 152 32 32 1.135009
1410 136 152 32 32 0.211487
1410 176 112 32 32 4.742698
1410 192 128 32 32 2.516776
1410 168 119 28 28 2.588807
1410 168 126 28 28 0.708990
1410 448 245 28 28 0.304821
1410 455 119 28 28 0.238630
1410 455 245 28 28 2.997351
1410 462 119 28 28 0.351986
1410 462 245 28 28 3.199315
1410 144 192 24 24 4.464120
1410 144 198 24 24 4.996799
1410 306 84 24 24 0.522021
1410 492 288 24 24 0.352426
1440 264 192 48 48 0.963840
1440 288 192 48 48 1.887801
1440 420 0 48 48 0.296455
1440 264 192 48 48 0.963840
1440 288 192 48 48 1.887801
1440 420 0 48 48 0.296455
1440 264 11 44 44 0.374669
1440 264 22 44 44 0.685361
1440 352 154 44 44 3.195112
1440 363 154 44 44 3.239263
1440 374 154 44 44 3.677356
1440 374 176 44 44 1.237229
1440 385 154 44 44 2.743157
1440 385 176 44 44 1.741130
1440 180 160 40 40 0.615291
1440 288 171 36 36 0.772575
1440 306 126 36 36 2.263435
1440 176 112 32 32 2.145461
1440 192 128 32 32 0.870013
1440 462 224 28 28 2.149462
1470 176 154 44 44 0.067567
1470 264 11 44 44 0.563507
1470 264 22 44 44 0.740390
1470 160 140 40 40 1.785379
1470 180 160 40 40 1.266091
1470 153 153 36 36 0.917774
1470 162 144 36 36 1.211131
1470 162 153 36 36 2.093037
1470 288 171 36 36 1.617212
1470 315 171 36 36 1.239063
1470 18 210 24 24 0.347216
1470 306 84 24 24 0.029067
1500 408 168 48 48 2.746985
1500 420 168 48 48 4.984208
1500 408 168 48 48 2.746985
1500 420 168 48 48 4.984208
1500 264 11 44 44 0.682338
1500 264 22 44 44 0.990980
1500 20 140 40 40 0.295580
1500 30 140 40 40 2.391390
1500 160 140 40 40 0.296585
1500 170 140 40 40 0.532184
1500 27 144 36 36 1.808863
1500 162 144 36 36 2.496717
1500 162 153 36 36 4.360872
1500 162 162 36 36 1.071264
1500 288 171 36 36 0.573383
1500 176 144 32 32 1.227708
1500 176 152 32 32 4.315321
1500 192 152 32 32 1.514038
1500 168 112 28 28 3.673640
1500 350 98 28 28 0.168154
1500 448 231 28 28 0.618279
1500 455 238 28 28 0.921192
1500 462 238 28 28 4.845267
1500 462 245 28 28 0.679532
1500 469 238 28 28 3.189795
1500 306 84 24 24 0.098919
1530 288 192 48 48 2.878880
1530 288 192 48 48 2.878880
1530 264 11 44 44 0.446592
1530 264 22 44 44 0.931279
1530 288 171 36 36 1.155605
1530 306 126 36 36 2.075726
1530 315 126 36 36 0.993278
1530 176 144 32 32 0.616205
1530 176 152 32 32 1.264709
1530 192 152 32 32 1.750924
1530 168 112 28 28 3.265111
1530 448 98 28 28 1.390202
1530 455 112 28 28 0.033170
1530 384 192 24 24 1.896303
1530 384 198 24 24 3.914555
1530 384 204 24 24 3.499911
1530 390 198 24 24 4.370032
1530 390 204 24 24 5.398617
1530 390 210 24 24 1.445400
1530 396 198 24 24 2.805585
1530 396 204 24 24 3.303568
1530 396 210 24 24 2.696026
1530 402 198 24 24 1.250586
1530 402 204 24 24 2.352001
1530 402 210 24 24 3.177890
1530 492 210 24 24 2.489827
1530 498 198 24 24 0.497656
1530 498 204 24 24 4.984307
1530 498 210 24 24 6.278719
1560 288 48 64 64 4.919775
1560 264 11 44 44 0.877624
1560 264 22 44 44 1.701568
1560 180 160 40 40 0.959762
1560 288 171 36 36 0.353526
1560 306 126 36 36 0.493470
1560 192 152 32 32 1.669666
1560 168 112 28 28 3.037523
1560 350 133 28 28 0.874470
1560 455 133 28 28 0.211761
1560 462 133 28 28 0.515374
1560 469 133 28 28 6.146709
1590 288 32 64 64 0.835983
1590 288 48 64 64 2.134727
1590 264 11 44 44 0.254799
1590 264 22 44 44 1.183097
1590 20 190 40 40 0.203594
1590 180 160 40 40 0.137725
1590 288 171 36 36 1.499818
1590 192 152 32 32 1.856052
1590 168 112 28 28 3.667808
1590 168 119 28 28 0.043473
1590 455 133 28 28 1.060125
1590 462 133 28 28 2.807724
1590 469 133 28 28 3.792183
1620 288 32 64 64 2.083290
1620 288 48 64 64 4.644496
1620 264 12 48 48 0.110707
1620 420 168 48 48 2.269166
1620 264 12 48 48 0.110707
1620 420 168 48 48 2.269166
1620 264 11 44 44 0.749200
1620 264 22 44 44 1.600227
1620 180 160 40 40 0.194309
1620 0 162 36 36 0.023268
1620 306 126 36 36 2.713295
1620 176 112 32 32 0.022284
1620 192 128 32 32 1.015544
1620 192 152 32 32 1.215273
1620 168 112 28 28 4.271411
1620 168 119 28 28 1.018021
1620 469 238 28 28 1.617834
1620 469 245 28 28 3.909210
1620 96 210 24 24 2.910076
1620 102 210 24 24 4.340384
1620 108 210 24 24 3.066290
1650 288 48 64 64 0.995045
1650 264 12 48 48 0.174052
1650 264 192 48 48 1.123433
1650 288 192 48 48 2.270025
1650 264 12 48 48 0.174052
1650 264 192 48 48 1.123433
1650 288 192 48 48 2.270025
1650 264 11 44 44 1.326674
1650 264 22 44 44 1.559336
1650 180 160 40 40 0.536641
1650 192 152 32 32 1.561571
1650 168 112 28 28 3.689248
1650 168 119 28 28 0.341322
1650 448 98 28 28 1.240073
1650 132 210 24 24 3.839237
1650 384 198 24 24 3.766791
1650 384 204 24 24 3.723680
1650 390 192 24 24 2.590548
1650 390 198 24 24 9.230810
1650 390 204 24 24 6.144980
1650 390 210 24 24 0.377065
1650 396 192 24 24 1.626891
1650 396 198 24 24 7.658447
1650 396 204 24 24 7.359045
1650 396 210 24 24 3.161044
1650 402 198 24 24 4.174756
1650 402 204 24 24 7.961358
1650 402 210 24 24 4.784169
1650 498 204 24 24 4.343081
1650 498 210 24 24 3.836661
1680 288 48 64 64 4.702182
1680 264 11 44 44 1.117657
1680 264 22 44 44 1.071660
1680 180 160 40 40 0.538546
1680 27 162 36 36 3.586802
1680 27 171 36 36 2.545263
1680 288 171 36 36 1.677681
1680 297 171 36 36 0.328829
1680 315 162 36 36 0.744562
1680 192 152 32 32 1.641675
1680 168 112 28 28 4.257010
1680 168 119 28 28 1.235258
1680 462 133 28 28 0.314806
1680 132 198 24 24 0.044938
1680 288 96 24 24 0.031515
1680 306 84 24 24 0.163035
1710 384 168 48 48 2.318221
1710 396 168 48 48 5.224743
1710 408 168 48 48 3.714807
1710 384 168 48 48 2.318221
1710 396 168 48 48 5.224743
1710 408 168 48 48 3.714807
1710 264 11 44 44 0.971972
1710 264 22 44 44 1.464785
1710 385 176 44 44 1.508789
1710 180 160 40 40 0.262563
1710 192 152 32 32 2.238967
1710 168 112 28 28 3.517162
1710 448 98 28 28 0.314597
1710 144 192 24 24 1.267511
1710 288 96 24 24 0.982802
1710 288 102 24 24 0.776150
1740 264 192 48 48 0.692417
1740 264 192 48 48 0.692417
1740 264 11 44 44 0.051155
1740 264 22 44 44 0.150547
1740 180 160 40 40 1.659173
1740 350 160 40 40 0.177740
1740 288 171 36 36 3.190331
1740 297 126 36 36 0.526043
1740 297 171 36 36 1.007062
1740 306 126 36 36 5.424482
1740 450 162 36 36 2.132968
1740 450 171 36 36 0.520849
1740 459 162 36 36 2.459055
1740 459 171 36 36 1.738004
1740 192 152 32 32 0.562900
1740 168 112 28 28 1.833521
1740 144 192 24 24 1.982213
1740 288 96 24 24 0.154068
1740 288 102 24 24 0.909029
1740 384 192 24 24 1.886674
1740 384 198 24 24 4.793197
1740 384 204 24 24 6.817418
1740 384 210 24 24 0.940448
1740 390 198 24 24 3.299711
1740 390 204 24 24 4.822602
1740 480 198 24 24 1.704957
1740 480 204 24 24 3.968892
1740 486 204 24 24 1.384504
1740 486 210 24 24 0.263731
1770 272 48 64 64 0.385556
1770 288 48 64 64 4.283221
1770 264 22 44 44 0.063821
1770 180 160 40 40 1.542283
1770 198 171 36 36 1.081028
1770 288 171 36 36 3.314704
1770 192 152 32 32 0.076317
1770 168 112 28 28 2.483582
1770 448 133 28 28 0.972003
1770 455 133 28 28 2.210331
1770 462 133 28 28 1.929404
1770 288 102 24 24 2.110485
1800 288 32 64 64 0.339801
1800 288 48 64 64 2.103631
1800 396 168 48 48 2.523488
1800 408 168 48 48 3.181726
1800 396 168 48 48 2.523488
1800 408 168 48 48 3.181726
1800 385 154 44 44 3.243989
1800 180 160 40 40 0.986783
1800 198 171 36 36 0.285662
1800 288 171 36 36 2.254042
1800 306 126 36 36 2.229722
1800 192 152 32 32 0.235351
1800 168 112 28 28 2.045762
1800 288 102 24 24 1.764372
1830 288 48 64 64 2.085895
1830 264 11 44 44 0.278977
1830 264 22 44 44 0.132966
1830 180 160 40 40 1.967271
1830 350 140 40 40 0.805084
1830 350 160 40 40 0.720128
1830 198 171 36 36 1.288264
1830 288 171 36 36 3.163310
1830 297 171 36 36 0.294267
1830 192 152 32 32 0.274705
1830 168 112 28 28 2.837889
1830 288 96 24 24 0.467691
1830 288 102 24 24 1.714775
1830 384 192 24 24 5.009467
1830 384 198 24 24 5.970765
1830 384 204 24 24 3.291634
1830 390 192 24 24 3.545644
1830 390 198 24 24 4.087992
1830 390 204 24 24 2.109928
1830 396 198 24 24 0.896739
