30 16 136 32 32 2.767383
60 15 136 32 32 2.924867
90 16 136 32 32 3.376318
120 16 136 32 32 2.630438
150 176 128 32 32 2.090395
180 460 9 27 27 2.692015
210 0 126 36 36 1.377910
240 198 126 36 36 3.933620
270 11 146 33 33 31.417154
300 12 152 35 35 4.299143
330 144 139 32 32 8.032604
360 130 128 32 32 5.370196
390 455 112 28 28 3.777340
420 485 108 23 23 8.832435
450 7 126 27 27 9.102674
480 12 113 30 30 8.514546
510 158 7 35 35 8.702639
540 300 100 24 24 8.241280
600 130 111 24 24 8.580337
630 459 97 27 27 7.898886
660 259 20 64 64 7.587452
690 401 110 24 24 8.691114
720 269 2 64 64 6.937745
750 12 112 24 24 9.400737
780 11 131 28 28 8.178141
810 401 111 23 23 8.731573
840 232 113 28 28 5.968488
870 461 124 28 28 4.657720
900 132 111 24 24 9.193879
930 106 205 24 24 9.719062
960 112 14 27 27 9.915551
990 482 1 24 24 9.777560
1020 137 128 32 32 8.569925
1050 129 130 31 31 6.972628
1080 479 105 24 24 8.851562
1110 0 150 32 32 5.398470
1140 390 141 32 32 7.473011
1170 1 130 28 28 8.502975
1200 227 119 28 28 5.527300
1230 223 115 28 28 4.863025
1260 349 126 27 27 7.183795
1290 357 129 28 28 6.293093
1320 354 124 27 27 7.384879
1350 232 0 28 28 9.739777
1380 482 96 24 24 8.854685
1410 102 114 24 24 7.541253
1440 291 6 24 24 7.464538
1470 98 113 24 24 9.504202
1500 7 112 27 27 50.228742
1530 106 103 24 24 3.473885
1560 451 126 28 28 4.735315
1590 284 0 64 64 6.556845
1620 289 109 24 24 8.365798
1650 383 103 23 23 8.940318
1680 336 123 27 27 6.779990
1710 356 97 27 27 9.972207
1740 237 111 28 28 8.829905
1770 14 126 29 29 8.517751
1800 404 112 32 32 9.495465
1830 352 25 64 64 2.228183
