30 401 112 32 32 8.736269
60 387 112 32 32 9.265959
90 0 139 32 32 7.058551
120 142 150 34 34 7.316845
150 144 150 35 35 7.439548
180 396 128 32 32 9.220929
210 346 125 28 28 7.380620
240 458 112 28 28 7.488883
270 419 36 48 48 8.120508
300 339 133 28 28 8.533972
330 26 126 36 36 2.990711
360 452 98 28 28 8.833352
390 6 186 41 41 8.676856
420 462 98 28 28 6.287545
450 4 112 29 29 9.855490
480 20 175 42 42 9.876722
510 438 168 35 35 9.000066
540 30 169 40 40 6.032269
570 102 194 24 24 8.241680
600 337 124 28 28 9.945483
630 343 125 28 28 9.935918
660 267 2 64 64 9.636471
690 451 98 28 28 9.998638
720 395 192 23 23 7.875542
750 285 22 64 64 4.922009
780 198 162 36 36 5.797149
810 198 158 36 36 9.367800
840 349 118 27 27 9.424359
870 203 197 23 23 9.367016
900 15 127 28 28 9.948489
930 394 113 27 27 7.534201
960 459 126 36 36 2.126204
990 459 0 27 27 4.271530
1020 0 16 29 29 8.107307
1050 0 14 24 24 8.427040
1080 343 12 28 28 9.825822
1110 386 16 32 32 9.747541
1140 20 129 28 28 4.228919
1170 482 101 24 24 9.560246
1200 466 98 28 28 9.728893
1230 390 146 32 32 9.786331
1260 216 149 35 35 4.377121
1290 481 106 23 23 6.827983
1320 1 226 27 27 9.506525
1350 434 154 36 36 9.851623
1380 387 150 32 32 6.752442
1410 108 194 24 24 6.388076
1440 457 169 36 36 8.753363
1470 448 127 28 28 6.894774
1500 465 224 27 27 6.135586
1530 351 16 64 64 5.915454
1560 131 152 32 32 4.981498
1590 29 157 41 41 8.107212
1620 13 170 39 39 9.926030
1650 161 147 36 36 4.827672
1680 10 176 40 40 4.773113
1710 293 192 24 24 4.634436
1740 384 31 44 44 3.015196
1770 420 19 48 48 9.595772
