30 353 231 28 28 3.761100
60 2 3 36 36 8.184507
90 395 107 24 24 23.662830
120 384 112 32 32 7.471819
150 106 114 24 24 5.874907
180 144 84 24 24 5.970631
210 351 0 64 64 5.889144
240 3 43 64 64 9.109406
270 469 122 28 28 8.288480
300 4 3 64 64 7.139256
330 5 15 64 64 5.532828
360 350 97 27 27 9.183432
390 353 111 28 28 8.747010
420 198 126 36 36 4.348706
450 398 113 26 26 3.196616
480 176 130 32 32 7.236915
510 283 12 64 64 7.752841
540 337 127 28 28 5.507821
570 303 113 23 23 5.250982
600 311 126 36 36 6.499612
630 0 136 32 32 5.845725
660 176 112 32 32 0.283240
690 275 25 64 64 3.887873
720 432 126 36 36 2.243814
750 461 223 27 27 8.296017
780 431 144 36 36 0.683176
810 41 30 64 64 5.687934
840 294 112 24 24 8.995417
870 486 96 24 24 0.672790
900 225 114 28 28 7.683169
930 226 120 27 27 9.831036
960 490 191 23 23 7.620009
990 168 126 27 27 0.348390
1020 168 123 27 27 3.597121
1050 154 132 28 28 2.815931
1080 383 152 32 32 2.756142
1110 481 105 24 24 7.667112
1140 113 127 28 28 7.612322
1170 493 101 24 24 7.289007
1200 400 98 24 24 6.885910
1230 490 101 23 23 9.667971
1260 257 21 32 32 8.195731
1290 32 45 64 64 32.766901
1320 32 45 64 64 8.039779
1350 29 165 40 40 7.282175
1380 28 31 64 64 17.919643
1410 0 32 64 64 5.091862
1440 27 32 64 64 9.954631
1470 14 151 36 36 4.831433
1500 482 113 24 24 7.535400
1530 35 34 64 64 4.426475
1560 492 114 24 24 9.436749
1590 2 135 32 32 8.529330
1620 11 186 41 41 15.192561
1650 492 204 24 24 2.302541
1680 480 194 24 24 8.921646
1710 495 113 24 24 5.379877
1740 5 18 64 64 7.469221
1770 489 108 24 24 4.371836
1800 497 105 24 24 9.434801
1830 384 26 46 46 3.239935
