30 21 20 35 35 9.760331
60 0 20 30 30 7.110843
90 396 143 32 32 7.421743
120 449 117 28 28 9.996285
150 1 32 64 64 4.523874
180 21 20 28 28 5.837782
210 154 125 28 28 9.819266
240 345 117 28 28 9.378381
270 129 112 31 31 5.486587
300 352 8 64 64 7.680793
330 278 1 64 64 7.167901
360 448 123 28 28 6.040901
390 269 136 32 32 9.663596
420 4 42 64 64 5.184216
450 118 236 27 27 9.030909
480 481 193 24 24 7.396006
510 351 15 64 64 3.744962
540 5 43 64 64 4.228183
570 4 44 64 64 4.519637
600 277 14 64 64 5.734947
630 277 13 64 64 6.579354
660 277 13 64 64 6.483239
690 447 130 27 27 4.821452
720 4 44 64 64 4.059197
750 277 14 64 64 6.677784
780 6 47 64 64 5.587429
810 5 34 64 64 8.766847
840 32 42 64 64 4.207095
870 3 41 64 64 7.788126
900 442 23 36 36 8.891774
930 5 44 64 64 7.384764
960 456 145 36 36 8.937745
990 132 192 24 24 5.450028
1020 492 193 24 24 4.525762
1050 106 192 24 24 1.319795
1080 399 113 24 24 8.136735
1110 407 10 48 48 45.411720
1140 24 24 36 36 6.992001
1170 409 3 48 48 72.648040
1200 420 36 48 48 3.993810
1230 0 113 28 28 3.798420
1260 14 3 64 64 12.840228
1290 407 128 32 32 4.999037
1320 272 32 64 64 4.529138
1350 159 126 36 36 5.530292
1380 457 133 27 27 5.177265
1410 22 130 32 32 9.378388
1440 4 36 64 64 9.677016
1470 0 38 64 64 7.440166
1500 3 36 64 64 7.666926
1530 448 129 27 27 5.753313
1560 1 38 64 64 4.374541
1590 0 41 64 64 3.857846
1620 0 144 36 36 2.058092
1650 386 144 32 32 4.065489
1680 405 145 32 32 6.908506
1710 436 143 36 36 5.318628
1740 497 198 24 24 2.009528
1770 262 136 32 32 8.644851
1800 462 98 28 28 3.436905
1830 1 41 64 64 4.995746
