30 283 19 64 64 8.020922
60 131 128 32 32 5.621080
90 9 127 35 35 9.616515
120 408 135 32 32 9.631687
150 357 119 28 28 9.262483
180 12 105 24 24 8.669039
210 443 153 35 35 8.839273
240 440 144 36 36 9.935028
270 336 115 28 28 9.595792
300 288 16 64 64 7.975573
330 0 114 29 29 7.706840
360 19 112 30 30 8.998934
390 176 112 32 32 9.011218
420 393 141 32 32 8.801141
450 35 45 64 64 9.742726
480 144 142 32 32 9.690316
510 176 146 32 32 9.243042
540 292 144 36 36 6.931147
570 7 230 28 28 7.669531
600 290 146 36 36 8.624413
630 197 165 35 35 8.622696
660 4 208 24 24 6.700357
690 124 130 29 29 6.091137
720 144 147 36 36 6.141394
750 14 6 64 64 3.607437
780 111 131 27 27 3.713948
810 112 131 28 28 5.696408
840 153 127 27 27 8.492577
870 16 128 27 27 9.133238
900 0 29 64 64 6.672953
930 144 140 32 32 3.256311
960 397 112 32 32 7.851129
990 392 128 32 32 6.419587
1020 140 152 32 32 4.145531
1050 408 148 32 32 3.839161
1080 386 133 32 32 4.988621
1110 124 131 28 28 8.778278
1140 17 129 34 34 9.136908
1170 283 12 28 28 3.946607
1200 1 130 28 28 9.220109
1230 116 120 28 28 6.019629
1260 385 112 24 24 9.016911
1290 112 121 27 27 8.748858
1320 463 123 28 28 9.867037
1350 356 123 28 28 9.059437
1380 351 131 28 28 9.105483
1410 2 145 33 33 8.218186
1440 384 131 32 32 7.505075
1470 354 133 28 28 6.106197
1500 124 118 29 29 5.557736
1530 387 112 32 32 6.291600
1560 1 204 24 24 4.973303
1590 0 151 38 38 9.508832
1620 449 22 36 36 9.660617
1650 352 13 64 64 9.661345
1680 405 112 32 32 6.992794
1710 19 127 28 28 8.496701
1740 309 144 36 36 8.062986
1770 220 140 40 40 5.335218
1800 454 133 28 28 9.778474
1830 29 140 40 40 5.133750
