30 383 144 32 32 9.876031
60 481 97 24 24 6.778860
90 238 128 28 28 7.304761
120 432 151 36 36 9.381103
150 388 128 32 32 4.842738
180 393 128 32 32 9.060736
210 2 119 28 28 8.692484
240 480 207 23 23 6.595636
270 408 168 48 48 9.351248
300 24 144 35 35 8.644092
330 21 147 34 34 17.739366
360 409 168 48 48 7.751822
390 13 11 33 33 9.970272
420 3 19 29 29 7.267377
450 176 139 32 32 7.627351
480 179 190 44 44 6.433661
510 358 209 44 44 3.639677
540 21 126 28 28 2.395208
570 207 192 24 24 5.675351
600 210 192 23 23 3.970897
630 13 102 24 24 7.626531
660 384 216 48 48 3.463676
690 12 102 24 24 5.277690
720 13 102 24 24 5.799403
750 13 101 24 24 4.685375
780 13 101 24 24 4.392679
810 384 216 48 48 3.064942
840 384 216 48 48 3.248632
870 132 202 24 24 4.936889
900 16 128 28 28 9.512108
930 144 200 24 24 5.971943
960 196 192 47 47 9.652266
990 7 232 28 28 4.689700
1020 16 97 24 24 9.534433
1050 10 97 24 24 9.652059
1080 203 204 23 23 7.916693
1110 193 197 24 24 9.869144
1140 196 205 23 23 8.254473
1170 10 96 24 24 8.961729
1200 10 96 24 24 8.727072
1230 2 96 24 24 9.248464
1260 177 162 40 40 9.957302
1290 3 97 26 26 9.434231
1320 390 228 48 48 7.074842
1350 20 14 29 29 9.660931
1380 4 9 29 29 3.334783
1410 384 149 32 32 4.204848
1440 384 149 32 32 6.739026
1470 288 209 24 24 3.501277
1500 144 210 24 24 0.258166
1530 390 145 32 32 8.751667
1560 468 224 27 27 2.474755
1590 494 83 23 23 4.306523
1620 28 16 64 64 5.188747
1650 159 143 36 36 7.609054
1680 153 128 28 28 6.250067
1710 192 111 24 24 9.133935
1740 11 27 64 64 6.421934
1770 16 1 24 24 9.005226
1800 32 39 64 64 3.828227
1830 126 97 27 27 2.506174
