30 32 16 64 64 0.663679
30 48 16 64 64 3.938664
30 256 32 64 64 0.449485
30 272 16 64 64 1.883238
30 288 0 64 64 0.179831
30 288 16 64 64 3.250472
30 352 11 44 44 0.386783
30 363 11 44 44 1.133499
30 363 22 44 44 3.821369
30 363 33 44 44 1.606081
30 374 0 44 44 1.602999
30 374 11 44 44 2.855979
30 374 22 44 44 1.200039
30 385 0 44 44 0.464190
30 385 11 44 44 3.325284
30 18 126 36 36 4.429720
30 27 126 36 36 5.372998
30 198 126 36 36 0.838691
30 216 126 36 36 1.911083
30 297 126 36 36 2.020172
30 297 144 36 36 0.473333
30 24 144 32 32 0.173571
30 128 128 32 32 0.802851
30 128 136 32 32 0.104913
30 136 128 32 32 2.228331
30 136 136 32 32 2.333807
30 144 128 32 32 1.124073
30 144 136 32 32 3.529454
30 144 144 32 32 2.268800
30 192 128 32 32 0.741102
30 192 136 32 32 4.006310
30 400 112 32 32 3.491073
30 408 112 32 32 2.825635
30 336 126 28 28 4.921653
30 336 133 28 28 2.169276
30 343 119 28 28 0.958572
30 343 126 28 28 3.371572
30 343 133 28 28 1.987655
30 350 126 28 28 2.901120
30 357 119 28 28 0.786421
30 357 126 28 28 1.717023
30 448 119 28 28 2.669988
30 469 126 28 28 1.759044
30 469 133 28 28 5.277733
30 102 108 24 24 0.209215
30 102 114 24 24 2.352475
30 132 108 24 24 1.052719
30 132 114 24 24 1.169123
30 144 108 24 24 4.271814
30 144 114 24 24 4.300952
30 402 12 24 24 2.508319
30 402 18 24 24 2.983933
30 480 84 24 24 0.086383
60 16 0 64 64 1.258955
60 16 16 64 64 0.837271
60 32 0 64 64 2.644284
60 32 16 64 64 2.962881
60 48 16 64 64 2.406190
60 256 48 64 64 1.104698
60 288 16 64 64 1.085434
60 352 16 64 64 0.665801
60 352 32 64 64 2.641785
60 352 48 64 64 0.410532
60 363 11 44 44 1.479110
60 374 11 44 44 5.078848
60 374 22 44 44 0.115035
60 9 126 36 36 5.532444
60 18 126 36 36 4.907702
60 198 126 36 36 3.760748
60 198 144 36 36 2.476369
60 288 153 36 36 0.737241
60 8 128 32 32 6.923733
60 16 112 32 32 2.610762
60 16 128 32 32 10.700060
60 16 136 32 32 5.814878
60 24 112 32 32 5.436342
60 24 128 32 32 11.751135
60 24 136 32 32 6.228096
60 24 144 32 32 1.096598
60 136 128 32 32 0.759598
60 136 136 32 32 1.082346
60 144 136 32 32 1.828297
60 144 144 32 32 0.161190
60 14 133 28 28 4.677768
60 21 133 28 28 5.554024
60 112 98 28 28 0.218023
60 336 126 28 28 5.102082
60 336 133 28 28 10.505364
60 343 126 28 28 7.926385
60 343 133 28 28 13.545620
60 350 126 28 28 3.564744
60 350 133 28 28 7.352491
60 357 126 28 28 1.465122
60 357 133 28 28 4.754146
60 96 102 24 24 1.011941
60 96 108 24 24 1.452587
60 96 114 24 24 1.743915
60 102 108 24 24 1.698289
60 102 114 24 24 3.771868
60 108 108 24 24 1.420573
60 108 114 24 24 3.069654
60 486 84 24 24 0.836753
60 498 84 24 24 1.113718
90 16 0 64 64 1.508690
90 32 0 64 64 3.858605
90 48 0 64 64 0.654733
90 272 32 64 64 0.366045
90 272 48 64 64 0.797092
90 288 16 64 64 0.508973
90 288 32 64 64 2.667228
90 288 48 64 64 2.639693
90 352 32 64 64 2.198903
90 384 24 48 48 1.343992
90 384 36 48 48 1.248609
90 396 24 48 48 1.350941
90 384 24 48 48 1.343992
90 384 36 48 48 1.248609
90 396 24 48 48 1.350941
90 374 0 44 44 1.411970
90 385 0 44 44 0.495748
90 385 33 44 44 3.155255
90 459 126 36 36 0.164243
90 8 112 32 32 2.313278
90 16 112 32 32 3.383864
90 136 112 32 32 0.926264
90 192 136 32 32 2.491103
90 384 136 32 32 3.689977
90 384 144 32 32 5.641038
90 392 128 32 32 1.637804
90 392 136 32 32 3.847125
90 392 144 32 32 6.613140
90 400 128 32 32 1.280277
90 400 136 32 32 1.665323
90 400 144 32 32 1.423540
90 7 98 28 28 5.188572
90 14 98 28 28 2.963384
90 21 119 28 28 2.379857
90 21 126 28 28 0.248651
90 126 98 28 28 3.381773
90 336 98 28 28 2.832067
90 336 112 28 28 4.032258
90 336 119 28 28 3.924175
90 336 126 28 28 1.425622
90 336 133 28 28 1.804475
90 343 98 28 28 2.974560
90 343 112 28 28 0.643763
90 343 119 28 28 2.618263
90 343 126 28 28 0.573664
90 343 133 28 28 6.176350
90 350 98 28 28 1.684288
90 350 119 28 28 3.242990
90 350 126 28 28 4.957688
90 350 133 28 28 8.656544
90 357 98 28 28 1.120487
90 357 119 28 28 1.604272
90 357 126 28 28 4.527418
90 357 133 28 28 8.748821
90 448 0 28 28 0.037670
90 455 0 28 28 1.748182
90 0 0 24 24 1.093309
90 0 6 24 24 0.998566
90 6 0 24 24 4.899169
90 6 6 24 24 4.035033
90 12 96 24 24 1.276389
90 12 102 24 24 1.753702
90 12 108 24 24 0.771503
90 18 96 24 24 3.854796
90 18 102 24 24 4.508876
90 18 108 24 24 3.419665
90 132 114 24 24 0.697350
90 402 108 24 24 0.214179
90 402 114 24 24 0.488732
120 288 16 64 64 0.116374
120 352 32 64 64 1.268117
120 352 48 64 64 7.811911
120 22 33 44 44 0.564065
120 33 187 44 44 0.604252
120 385 33 44 44 0.077402
120 27 126 36 36 1.802135
120 450 9 36 36 0.254090
120 450 18 36 36 2.328592
120 450 144 36 36 0.984420
120 459 126 36 36 0.047087
120 459 144 36 36 5.846251
120 24 112 32 32 3.563339
120 176 112 32 32 1.588952
120 384 112 32 32 4.640254
120 392 112 32 32 5.156046
120 400 112 32 32 1.081519
120 408 112 32 32 0.727812
120 0 119 28 28 0.775963
120 7 112 28 28 0.264661
120 7 119 28 28 1.369336
120 7 224 28 28 0.279065
120 14 224 28 28 1.822939
120 14 231 28 28 0.368443
120 21 224 28 28 2.289638
120 154 98 28 28 1.685618
120 168 98 28 28 0.199591
120 224 126 28 28 3.203295
120 238 126 28 28 2.416999
120 238 133 28 28 4.062115
120 245 119 28 28 0.772260
120 245 126 28 28 3.684567
120 245 133 28 28 3.565721
120 343 98 28 28 1.786812
120 343 112 28 28 2.230646
120 350 98 28 28 3.656229
120 350 112 28 28 2.435450
120 357 98 28 28 6.439549
120 357 112 28 28 2.802794
120 0 96 24 24 2.063542
120 18 96 24 24 0.198483
120 96 84 24 24 2.767708
120 102 84 24 24 2.067266
120 102 96 24 24 2.204572
120 384 96 24 24 4.113627
120 384 102 24 24 0.116639
120 390 96 24 24 1.589386
150 256 0 64 64 2.647618
150 256 16 64 64 3.071405
150 352 0 64 64 0.844416
150 352 16 64 64 0.295116
150 0 24 48 48 1.988435
150 12 24 48 48 0.418791
150 384 36 48 48 0.117808
150 0 24 48 48 1.988435
150 12 24 48 48 0.418791
150 384 36 48 48 0.117808
150 11 33 44 44 1.452210
150 352 33 44 44 0.993197
150 363 33 44 44 0.813877
150 256 112 32 32 6.402578
150 256 128 32 32 0.733936
150 264 112 32 32 4.597769
150 264 128 32 32 0.234376
150 0 98 28 28 0.743816
150 245 126 28 28 0.941930
150 448 98 28 28 2.900680
150 448 126 28 28 0.134105
150 448 133 28 28 2.636266
150 455 98 28 28 0.884155
150 455 133 28 28 0.664479
150 462 98 28 28 3.710374
150 0 108 24 24 2.764308
150 0 114 24 24 3.633360
150 6 102 24 24 1.359792
150 6 108 24 24 0.226912
150 6 114 24 24 0.786568
150 12 114 24 24 1.344614
150 96 96 24 24 6.425648
150 96 102 24 24 2.220431
150 102 96 24 24 1.970792
150 102 204 24 24 0.489803
150 102 210 24 24 0.840276
150 132 210 24 24 0.823243
150 192 108 24 24 1.103941
150 192 114 24 24 3.332550
150 198 114 24 24 0.990732
150 390 114 24 24 0.603353
150 498 6 24 24 0.589373
150 498 12 24 24 1.652505
180 48 48 64 64 1.231300
180 288 16 64 64 0.632175
180 352 0 64 64 3.038042
180 352 16 64 64 1.292926
180 0 24 48 48 0.049528
180 24 24 48 48 0.017605
180 0 24 48 48 0.049528
180 24 24 48 48 0.017605
180 0 33 44 44 2.165197
180 11 33 44 44 2.317035
180 22 33 44 44 3.553486
180 33 33 44 44 1.472477
180 384 112 32 32 0.488454
180 0 98 28 28 0.965524
180 0 112 28 28 3.217303
180 0 119 28 28 2.866757
180 0 126 28 28 3.369667
180 0 133 28 28 1.574770
180 7 98 28 28 0.811670
180 7 119 28 28 1.548180
180 7 126 28 28 0.110447
180 119 112 28 28 1.016631
180 126 112 28 28 0.731252
180 154 98 28 28 2.806714
180 168 98 28 28 2.405877
180 231 112 28 28 1.221174
180 238 112 28 28 2.194104
180 238 119 28 28 1.942357
180 245 119 28 28 4.967814
180 245 126 28 28 3.074224
180 336 98 28 28 0.493273
180 343 98 28 28 2.060182
180 350 98 28 28 0.104648
180 357 98 28 28 3.231465
180 357 112 28 28 0.622845
180 357 119 28 28 3.144289
180 357 126 28 28 0.012604
180 462 133 28 28 3.242857
180 469 119 28 28 1.232556
180 469 126 28 28 2.054417
180 469 133 28 28 1.822207
180 0 108 24 24 0.067217
180 0 114 24 24 2.432583
180 6 108 24 24 0.411568
180 6 114 24 24 2.481241
180 12 114 24 24 0.771057
180 18 198 24 24 0.180261
180 132 198 24 24 0.517611
180 144 192 24 24 2.529725
180 192 114 24 24 1.084482
180 498 18 24 24 0.921515
210 48 48 64 64 0.041754
210 352 16 64 64 0.645320
210 420 12 48 48 1.014028
210 420 12 48 48 1.014028
210 0 112 32 32 5.781052
210 8 112 32 32 4.650011
210 264 112 32 32 0.396760
210 384 128 32 32 5.623384
210 392 128 32 32 4.437423
210 400 112 32 32 0.892894
210 400 128 32 32 2.125144
210 408 128 32 32 3.422414
210 408 136 32 32 1.656239
210 0 112 28 28 3.910471
210 0 119 28 28 8.751558
210 0 126 28 28 5.255254
210 7 112 28 28 0.256077
210 7 119 28 28 5.965264
210 7 126 28 28 4.981874
210 14 112 28 28 1.855591
210 14 119 28 28 6.689101
210 14 126 28 28 4.703169
210 21 112 28 28 0.173497
210 21 119 28 28 3.909532
210 21 126 28 28 0.744348
210 154 98 28 28 0.010130
210 168 98 28 28 0.243906
210 224 119 28 28 5.389033
210 224 126 28 28 3.568938
210 231 119 28 28 1.463243
210 231 126 28 28 5.949316
210 231 133 28 28 2.151691
210 238 126 28 28 5.832201
210 238 133 28 28 2.727459
210 245 126 28 28 0.264088
210 245 133 28 28 2.614202
210 343 112 28 28 1.114218
210 350 98 28 28 1.495749
210 350 112 28 28 3.847232
210 350 119 28 28 3.479183
210 357 112 28 28 0.309960
210 357 119 28 28 2.172156
210 357 126 28 28 1.237867
210 357 133 28 28 0.868024
210 455 112 28 28 1.347574
210 6 114 24 24 2.217073
210 12 102 24 24 0.018720
210 12 108 24 24 2.135683
210 12 114 24 24 1.602190
240 256 0 64 64 4.076644
240 256 16 64 64 0.586401
240 272 0 64 64 2.171436
240 272 16 64 64 0.805849
240 288 0 64 64 5.983182
240 288 16 64 64 0.032043
240 352 0 64 64 2.566733
240 352 16 64 64 5.058386
240 352 32 64 64 6.382823
240 352 48 64 64 3.076497
240 384 0 48 48 1.852701
240 384 12 48 48 1.459558
240 384 36 48 48 0.074823
240 396 0 48 48 3.241226
240 396 12 48 48 2.776153
240 396 24 48 48 0.457755
240 396 36 48 48 0.600841
240 420 24 48 48 0.758578
240 420 36 48 48 3.516204
240 384 0 48 48 1.852701
240 384 12 48 48 1.459558
240 384 36 48 48 0.074823
240 396 0 48 48 3.241226
240 396 12 48 48 2.776153
240 396 24 48 48 0.457755
240 396 36 48 48 0.600841
240 420 24 48 48 0.758578
240 420 36 48 48 3.516204
240 432 126 36 36 8.691226
240 441 126 36 36 3.868553
240 8 112 32 32 0.096368
240 256 112 32 32 2.253079
240 264 112 32 32 0.884726
240 384 128 32 32 4.700891
240 384 136 32 32 2.699744
240 392 128 32 32 0.597887
240 400 128 32 32 2.690361
240 408 128 32 32 2.275131
240 7 126 28 28 1.666816
240 14 119 28 28 2.026039
240 14 126 28 28 2.681276
240 21 126 28 28 0.322701
240 154 112 28 28 3.497081
240 224 119 28 28 5.748320
240 224 126 28 28 6.553097
240 224 133 28 28 2.964808
240 231 119 28 28 1.295796
240 231 126 28 28 6.522083
240 231 133 28 28 3.525766
240 238 126 28 28 3.555472
240 238 133 28 28 3.251634
240 336 98 28 28 0.066515
240 357 126 28 28 2.459328
240 12 96 24 24 4.845341
240 12 102 24 24 4.648060
240 12 108 24 24 5.999971
240 12 114 24 24 4.186435
240 18 96 24 24 2.286436
240 18 102 24 24 0.885199
240 18 108 24 24 1.049026
240 18 114 24 24 0.902153
240 96 96 24 24 0.436018
240 96 102 24 24 1.218508
240 102 96 24 24 1.486591
240 102 102 24 24 4.321984
240 108 96 24 24 0.361198
240 108 102 24 24 5.669038
240 108 108 24 24 1.075107
240 306 114 24 24 1.191121
240 498 192 24 24 3.031950
270 256 0 64 64 2.363395
270 272 0 64 64 2.763272
270 288 0 64 64 7.101819
270 352 0 64 64 4.324630
270 352 16 64 64 3.630834
270 352 32 64 64 1.280488
270 352 48 64 64 2.739754
270 264 36 48 48 0.058190
270 264 36 48 48 0.058190
270 432 126 36 36 3.067252
270 432 144 36 36 4.487707
270 432 153 36 36 4.076087
270 441 9 36 36 0.274358
270 441 18 36 36 0.688292
270 441 126 36 36 2.626376
270 441 144 36 36 3.183694
270 441 153 36 36 4.373629
270 441 162 36 36 0.552591
270 450 144 36 36 3.149820
270 450 153 36 36 5.852529
270 450 162 36 36 3.063111
270 459 144 36 36 1.282728
270 459 153 36 36 2.465107
270 24 112 32 32 0.466423
270 256 112 32 32 4.403381
270 264 112 32 32 3.503829
270 272 112 32 32 0.878229
270 384 112 32 32 1.502033
270 392 112 32 32 2.599460
270 392 128 32 32 2.378551
270 392 136 32 32 0.321664
270 400 136 32 32 0.641935
270 400 144 32 32 0.648125
270 408 136 32 32 3.522399
270 408 144 32 32 1.381181
270 14 126 28 28 0.367507
270 119 98 28 28 0.231286
270 224 119 28 28 4.807470
270 224 126 28 28 5.262252
270 224 133 28 28 0.672326
270 231 126 28 28 4.610009
270 238 126 28 28 1.418184
270 336 98 28 28 1.324314
270 357 112 28 28 0.878716
270 448 98 28 28 1.927275
270 448 112 28 28 0.428727
270 462 133 28 28 0.554670
270 469 133 28 28 3.051530
270 6 96 24 24 0.911447
270 12 84 24 24 0.676056
270 12 96 24 24 1.511337
270 18 96 24 24 2.190314
270 108 102 24 24 1.032723
270 306 114 24 24 0.314550
270 384 12 24 24 1.641766
270 384 18 24 24 2.237883
270 384 114 24 24 3.051593
270 390 6 24 24 0.224042
270 390 12 24 24 3.811663
270 390 18 24 24 2.063140
270 396 12 24 24 0.064963
270 480 192 24 24 1.527754
300 0 48 64 64 0.970493
300 256 0 64 64 3.152412
300 272 0 64 64 0.903343
300 288 0 64 64 1.295469
300 352 16 64 64 2.488573
300 396 36 48 48 0.102476
300 408 36 48 48 0.140341
300 420 36 48 48 1.562305
300 396 36 48 48 0.102476
300 408 36 48 48 0.140341
300 420 36 48 48 1.562305
300 0 33 44 44 0.530411
300 0 30 40 40 0.507826
300 459 126 36 36 0.154251
300 8 112 32 32 1.576078
300 16 112 32 32 1.202193
300 24 112 32 32 0.035248
300 256 112 32 32 8.492608
300 264 112 32 32 4.318657
300 272 112 32 32 1.599941
300 280 112 32 32 1.226729
300 384 112 32 32 4.239269
300 408 112 32 32 1.138851
300 0 126 28 28 0.244595
300 7 126 28 28 0.400407
300 14 119 28 28 2.441811
300 14 126 28 28 5.473934
300 21 98 28 28 2.655419
300 21 119 28 28 2.957726
300 21 126 28 28 4.834018
300 224 112 28 28 1.453319
300 224 119 28 28 4.348094
300 224 126 28 28 3.248271
300 231 119 28 28 4.179419
300 231 126 28 28 4.995032
300 238 126 28 28 4.481945
300 336 98 28 28 5.866143
300 336 112 28 28 2.166918
300 343 98 28 28 4.524874
300 343 112 28 28 1.890854
300 350 112 28 28 1.490046
300 357 112 28 28 0.381523
300 448 112 28 28 3.038453
300 448 119 28 28 0.327979
300 448 126 28 28 1.338063
300 455 112 28 28 0.346778
300 0 108 24 24 0.118132
300 0 114 24 24 0.010866
300 396 84 24 24 0.451694
330 0 32 64 64 0.517901
330 0 48 64 64 1.549934
330 256 0 64 64 4.625679
330 256 16 64 64 0.838101
330 272 0 64 64 0.992006
330 352 0 64 64 1.757039
330 352 16 64 64 0.139536
330 288 36 48 48 0.507144
330 384 36 48 48 0.247876
330 396 24 48 48 0.049260
330 396 36 48 48 3.796070
330 408 24 48 48 0.281222
330 408 36 48 48 2.314450
330 288 36 48 48 0.507144
330 384 36 48 48 0.247876
330 396 24 48 48 0.049260
330 396 36 48 48 3.796070
330 408 24 48 48 0.281222
330 408 36 48 48 2.314450
330 0 33 44 44 1.283725
330 16 112 32 32 0.157970
330 24 112 32 32 2.353166
330 256 112 32 32 0.513083
330 264 112 32 32 8.440127
330 272 112 32 32 4.127386
330 280 112 32 32 3.018409
330 400 112 32 32 2.962404
330 408 112 32 32 4.716151
330 408 128 32 32 1.555727
330 224 112 28 28 0.873553
330 231 112 28 28 1.494049
330 231 119 28 28 2.785181
330 231 126 28 28 3.572237
330 238 119 28 28 4.506579
330 238 126 28 28 5.681715
330 245 119 28 28 1.097614
330 245 126 28 28 6.201400
330 336 98 28 28 1.381873
330 336 112 28 28 1.481745
330 343 112 28 28 1.966032
330 350 98 28 28 1.151610
330 350 112 28 28 1.091914
330 357 98 28 28 0.886675
330 448 112 28 28 0.077367
330 455 119 28 28 1.450731
330 462 112 28 28 0.577888
330 462 119 28 28 3.497051
330 469 112 28 28 1.455791
330 12 84 24 24 3.380644
330 12 96 24 24 1.485406
330 18 84 24 24 2.904671
330 18 96 24 24 1.903809
330 96 108 24 24 0.481868
330 96 114 24 24 4.064405
330 384 84 24 24 4.079067
330 492 114 24 24 3.095228
330 498 114 24 24 1.685751
360 256 0 64 64 2.353041
360 272 0 64 64 0.229279
360 0 36 48 48 0.191109
360 288 36 48 48 0.265324
360 0 36 48 48 0.191109
360 288 36 48 48 0.265324
360 0 10 40 40 0.210471
360 0 30 40 40 0.034312
360 0 9 36 36 1.555788
360 9 9 36 36 1.297578
360 9 18 36 36 2.014548
360 9 27 36 36 0.871175
360 450 27 36 36 0.950073
360 16 16 32 32 2.616388
360 16 24 32 32 4.826912
360 128 136 32 32 0.815349
360 128 144 32 32 0.846728
360 264 112 32 32 5.269633
360 272 112 32 32 2.070317
360 280 112 32 32 1.813159
360 0 126 28 28 1.005006
360 21 21 28 28 1.789100
360 224 112 28 28 1.176062
360 224 119 28 28 0.212891
360 231 112 28 28 1.127092
360 231 119 28 28 4.217326
360 231 126 28 28 4.517017
360 238 119 28 28 4.621627
360 238 126 28 28 5.172300
360 245 119 28 28 1.544528
360 245 126 28 28 5.461269
360 336 98 28 28 1.549653
360 343 98 28 28 1.109921
360 343 112 28 28 2.526378
360 350 98 28 28 1.678612
360 350 112 28 28 1.621848
360 357 112 28 28 0.719630
360 448 126 28 28 3.879178
360 448 133 28 28 1.254799
360 384 84 24 24 0.178771
360 384 114 24 24 2.721071
360 390 114 24 24 2.251493
360 396 108 24 24 1.657565
360 396 114 24 24 2.221130
360 402 84 24 24 1.648710
360 402 108 24 24 4.364292
360 402 114 24 24 4.811152
360 480 0 24 24 1.268074
360 480 6 24 24 0.723288
360 486 0 24 24 3.214345
360 492 0 24 24 0.547842
390 48 48 64 64 0.155007
390 256 0 64 64 5.065454
390 256 16 64 64 0.461961
390 272 0 64 64 1.237247
390 352 16 64 64 1.838004
390 24 36 48 48 1.243379
390 36 36 48 48 0.174262
390 24 36 48 48 1.243379
390 36 36 48 48 0.174262
390 385 0 44 44 0.246877
390 385 11 44 44 1.072952
390 330 20 40 40 0.202827
390 330 30 40 40 3.114831
390 340 30 40 40 3.053468
390 459 27 36 36 0.275676
390 24 112 32 32 0.090688
390 264 112 32 32 1.518115
390 272 112 32 32 1.508704
390 280 112 32 32 0.271302
390 408 0 32 32 0.502689
390 0 112 28 28 2.067311
390 7 112 28 28 3.027827
390 7 119 28 28 1.522715
390 14 112 28 28 3.769814
390 14 119 28 28 2.666088
390 21 112 28 28 3.899046
390 21 119 28 28 2.748208
390 224 112 28 28 3.235537
390 224 119 28 28 1.837489
390 224 126 28 28 1.068102
390 231 119 28 28 5.141771
390 231 126 28 28 3.386451
390 231 133 28 28 0.198016
390 238 119 28 28 2.409288
390 238 126 28 28 5.012273
390 245 126 28 28 2.788800
390 336 98 28 28 4.039742
390 336 112 28 28 6.206623
390 343 98 28 28 2.910248
390 343 112 28 28 5.548660
390 350 98 28 28 3.531405
390 350 112 28 28 4.602056
390 357 98 28 28 4.500151
390 357 112 28 28 1.954892
390 132 114 24 24 0.229197
390 390 6 24 24 0.430913
390 390 12 24 24 2.554199
390 396 114 24 24 0.389035
420 16 48 64 64 1.999782
420 256 0 64 64 4.917308
420 256 16 64 64 1.552775
420 272 0 64 64 2.154525
420 288 0 64 64 3.853918
420 288 16 64 64 2.223540
420 0 24 48 48 1.154756
420 36 24 48 48 0.628472
420 420 36 48 48 0.665433
420 0 24 48 48 1.154756
420 36 24 48 48 0.628472
420 420 36 48 48 0.665433
420 330 20 40 40 0.643770
420 340 20 40 40 2.031246
420 340 30 40 40 0.687659
420 264 112 32 32 1.092762
420 272 112 32 32 0.923171
420 14 98 28 28 3.973035
420 21 98 28 28 1.708851
420 154 112 28 28 0.052040
420 168 119 28 28 2.515677
420 168 126 28 28 1.899099
420 224 119 28 28 4.604980
420 224 126 28 28 4.574556
420 224 133 28 28 1.801608
420 231 119 28 28 1.031364
420 231 126 28 28 2.654305
420 336 112 28 28 9.548870
420 343 98 28 28 2.442597
420 343 112 28 28 5.382684
420 350 98 28 28 2.677658
420 350 112 28 28 4.084004
420 357 112 28 28 1.203366
420 448 119 28 28 1.167513
420 6 114 24 24 0.182838
420 12 114 24 24 3.854560
420 18 114 24 24 0.317688
450 48 16 64 64 0.112291
450 48 32 64 64 1.795153
450 256 0 64 64 2.924298
450 272 0 64 64 0.416698
450 288 0 64 64 1.517569
450 352 0 64 64 4.272962
450 352 16 64 64 4.369054
450 288 36 48 48 4.048708
450 288 36 48 48 4.048708
450 0 162 36 36 2.584198
450 0 171 36 36 3.122955
450 9 171 36 36 0.104784
450 0 24 32 32 0.989184
450 8 16 32 32 2.395174
450 8 24 32 32 1.496181
450 128 112 32 32 4.332728
450 136 112 32 32 1.227662
450 192 112 32 32 5.762933
450 192 128 32 32 0.959738
450 112 112 28 28 2.532293
450 112 119 28 28 4.066589
450 119 112 28 28 1.817991
450 119 119 28 28 0.309613
450 126 112 28 28 0.053196
450 126 126 28 28 0.140860
450 336 98 28 28 0.789319
450 336 112 28 28 5.535111
450 343 98 28 28 2.138469
450 343 112 28 28 4.784267
450 350 112 28 28 0.708701
450 448 7 28 28 0.108071
450 12 96 24 24 0.916441
450 18 198 24 24 0.869921
450 18 204 24 24 1.235049
450 96 108 24 24 1.588208
480 32 32 64 64 0.621377
480 48 0 64 64 1.366645
480 48 16 64 64 2.456746
480 48 32 64 64 0.646167
480 256 0 64 64 3.963367
480 272 0 64 64 1.497692
480 0 36 48 48 1.291133
480 12 24 48 48 1.837269
480 12 36 48 48 8.625540
480 24 24 48 48 3.131561
480 24 36 48 48 10.191093
480 36 36 48 48 0.956680
480 264 36 48 48 2.419264
480 288 36 48 48 4.475925
480 0 36 48 48 1.291133
480 12 24 48 48 1.837269
480 12 36 48 48 8.625540
480 24 24 48 48 3.131561
480 24 36 48 48 10.191093
480 36 36 48 48 0.956680
480 264 36 48 48 2.419264
480 288 36 48 48 4.475925
480 22 33 44 44 3.118822
480 33 33 44 44 4.129764
480 144 128 32 32 0.564829
480 384 112 32 32 2.069858
480 0 126 28 28 0.528518
480 14 112 28 28 0.817878
480 21 112 28 28 0.051667
480 154 133 28 28 4.006031
480 168 133 28 28 2.935357
480 350 98 28 28 1.473855
480 357 98 28 28 0.968993
480 462 112 28 28 0.391425
480 294 108 24 24 1.546911
480 294 114 24 24 1.290514
480 300 108 24 24 1.324998
480 300 114 24 24 3.077649
480 306 114 24 24 1.828853
480 390 114 24 24 1.183459
480 396 114 24 24 0.646039
510 0 32 64 64 1.076435
510 0 48 64 64 1.709705
510 16 48 64 64 0.151187
510 256 0 64 64 8.231455
510 256 16 64 64 2.981437
510 272 0 64 64 3.825082
510 272 16 64 64 3.700737
510 288 0 64 64 6.191128
510 192 36 48 48 2.492456
510 204 36 48 48 0.746089
510 216 36 48 48 0.358281
510 264 36 48 48 3.837464
510 288 12 48 48 1.248834
510 288 24 48 48 2.859338
510 288 36 48 48 2.000583
510 192 36 48 48 2.492456
510 204 36 48 48 0.746089
510 216 36 48 48 0.358281
510 264 36 48 48 3.837464
510 288 12 48 48 1.248834
510 288 24 48 48 2.859338
510 288 36 48 48 2.000583
510 33 11 44 44 0.856694
510 242 33 44 44 0.066518
510 264 0 44 44 0.891350
510 264 33 44 44 2.632358
510 30 30 40 40 0.947495
510 0 126 36 36 0.711195
510 315 18 36 36 0.417444
510 0 128 32 32 3.171773
510 8 128 32 32 2.246629
510 8 136 32 32 2.304738
510 384 112 32 32 0.472010
510 14 133 28 28 0.523158
510 336 98 28 28 3.785069
510 336 112 28 28 1.139119
510 343 98 28 28 2.280814
510 343 112 28 28 5.119648
510 343 119 28 28 1.721548
510 350 112 28 28 3.836517
510 357 112 28 28 2.949144
510 448 126 28 28 1.070210
510 455 126 28 28 1.638564
510 455 133 28 28 0.650436
510 469 98 28 28 2.651098
510 288 108 24 24 2.104596
510 288 114 24 24 0.679163
510 294 108 24 24 3.892802
510 294 114 24 24 4.421059
510 300 18 24 24 1.945315
510 300 108 24 24 5.269667
510 300 114 24 24 7.290618
510 306 6 24 24 0.206921
510 306 12 24 24 2.170375
510 306 18 24 24 2.513728
510 306 102 24 24 1.159250
510 306 108 24 24 7.297001
510 306 114 24 24 8.800694
510 480 108 24 24 2.275664
510 486 102 24 24 1.269994
510 486 108 24 24 3.124605
510 486 114 24 24 0.546468
510 492 102 24 24 3.099192
510 492 108 24 24 4.424454
510 492 114 24 24 0.307772
510 498 108 24 24 0.128642
540 272 0 64 64 1.349765
540 288 0 64 64 2.946822
540 204 36 48 48 0.950589
540 216 36 48 48 1.382240
540 204 36 48 48 0.950589
540 216 36 48 48 1.382240
540 242 33 44 44 2.570524
540 264 33 44 44 2.682585
540 27 18 36 36 0.656113
540 432 126 36 36 3.730755
540 441 126 36 36 1.640262
540 450 126 36 36 4.813411
540 459 126 36 36 2.276196
540 126 0 28 28 0.010722
540 336 112 28 28 1.086909
540 343 112 28 28 8.158488
540 343 119 28 28 7.626813
540 350 112 28 28 8.489659
540 350 119 28 28 8.857489
540 350 126 28 28 0.645931
540 357 112 28 28 4.654787
540 357 119 28 28 5.557107
540 357 126 28 28 2.520949
540 448 133 28 28 0.260975
540 469 0 28 28 0.628479
540 12 204 24 24 0.562817
540 132 6 24 24 2.066913
540 132 12 24 24 0.895681
540 144 6 24 24 0.915283
540 288 12 24 24 0.375174
540 288 108 24 24 4.684657
540 288 114 24 24 6.930320
540 294 102 24 24 1.601730
540 294 108 24 24 5.683753
540 294 114 24 24 5.422370
540 300 96 24 24 0.543799
540 300 102 24 24 2.383680
540 300 108 24 24 6.072386
540 300 114 24 24 3.189434
540 306 96 24 24 1.623718
540 306 102 24 24 3.004627
540 306 108 24 24 6.143353
540 306 114 24 24 3.172741
540 384 0 24 24 0.846296
540 390 0 24 24 2.083777
540 396 0 24 24 0.092602
540 480 0 24 24 1.601359
570 352 0 64 64 5.414791
570 352 16 64 64 7.249773
570 352 32 64 64 5.334089
570 264 36 48 48 2.963970
570 288 24 48 48 0.102958
570 288 36 48 48 5.772700
570 384 12 48 48 0.292386
570 384 36 48 48 2.487430
570 264 36 48 48 2.963970
570 288 24 48 48 0.102958
570 288 36 48 48 5.772700
570 384 12 48 48 0.292386
570 384 36 48 48 2.487430
570 352 33 44 44 0.744432
570 363 33 44 44 2.441058
570 374 11 44 44 2.053698
570 374 22 44 44 2.375603
570 374 33 44 44 0.976295
570 385 11 44 44 3.177185
570 8 112 32 32 0.957696
570 128 128 32 32 0.463185
570 400 112 32 32 0.978036
570 400 128 32 32 0.628730
570 408 112 32 32 2.733133
570 408 128 32 32 4.804731
570 7 126 28 28 2.195575
570 7 133 28 28 1.682114
570 14 119 28 28 0.878670
570 14 126 28 28 6.001843
570 14 133 28 28 2.699481
570 21 126 28 28 3.910857
570 21 133 28 28 0.411432
570 336 98 28 28 3.569472
570 448 98 28 28 0.023330
570 144 0 24 24 0.942890
570 300 108 24 24 0.723661
570 300 114 24 24 5.307277
570 306 108 24 24 0.087321
570 306 114 24 24 5.937852
570 384 102 24 24 0.296724
570 384 108 24 24 2.036047
570 390 108 24 24 2.406631
570 396 102 24 24 3.913293
570 396 108 24 24 6.743084
570 396 114 24 24 2.862305
570 402 102 24 24 1.188234
570 402 108 24 24 3.993499
570 402 114 24 24 3.687157
570 498 96 24 24 2.685908
600 0 0 64 64 2.078187
600 256 0 64 64 1.997730
600 272 0 64 64 5.431481
600 288 0 64 64 1.222158
600 264 36 48 48 4.698412
600 288 24 48 48 1.315487
600 288 36 48 48 6.276684
600 384 24 48 48 0.736249
600 408 36 48 48 0.061070
600 420 36 48 48 1.905576
600 264 36 48 48 4.698412
600 288 24 48 48 1.315487
600 288 36 48 48 6.276684
600 384 24 48 48 0.736249
600 408 36 48 48 0.061070
600 420 36 48 48 1.905576
600 374 22 44 44 0.280188
600 374 33 44 44 3.516955
600 385 33 44 44 2.031349
600 297 171 36 36 0.628406
600 336 98 28 28 1.611387
600 343 98 28 28 2.086959
600 343 112 28 28 0.304078
600 350 98 28 28 4.566855
600 350 112 28 28 4.151612
600 350 119 28 28 0.258459
600 357 98 28 28 7.265376
600 357 112 28 28 2.571819
600 357 119 28 28 0.414231
600 448 98 28 28 3.758208
600 455 98 28 28 3.916726
600 455 112 28 28 2.512137
600 455 119 28 28 1.594054
600 462 98 28 28 4.037382
600 462 112 28 28 6.156671
600 462 119 28 28 5.413525
600 469 98 28 28 0.769257
600 469 112 28 28 5.969255
600 469 119 28 28 2.441054
600 469 126 28 28 0.238335
600 402 84 24 24 1.445257
600 402 96 24 24 1.802309
600 402 102 24 24 1.617784
600 486 12 24 24 2.550147
600 486 114 24 24 3.213761
600 492 12 24 24 2.993348
600 492 108 24 24 2.225508
600 492 114 24 24 3.977611
600 498 12 24 24 1.500884
600 498 108 24 24 1.289310
600 498 114 24 24 0.910580
630 16 0 64 64 0.882775
630 32 0 64 64 0.007619
630 32 16 64 64 0.208650
630 48 16 64 64 0.232108
630 256 0 64 64 3.361289
630 256 16 64 64 2.794539
630 272 0 64 64 3.859996
630 272 16 64 64 2.816125
630 288 0 64 64 6.218493
630 288 16 64 64 3.186804
630 36 24 48 48 2.055305
630 288 36 48 48 4.449150
630 396 12 48 48 0.762858
630 396 24 48 48 2.394539
630 36 24 48 48 2.055305
630 288 36 48 48 4.449150
630 396 12 48 48 0.762858
630 396 24 48 48 2.394539
630 16 128 32 32 1.796627
630 7 133 28 28 0.731019
630 14 133 28 28 0.095448
630 21 133 28 28 3.902146
630 112 119 28 28 1.065014
630 112 126 28 28 2.806421
630 119 119 28 28 0.011922
630 119 126 28 28 0.295882
630 168 119 28 28 0.680154
630 336 98 28 28 1.620827
630 343 98 28 28 1.085757
630 350 98 28 28 0.821652
630 357 98 28 28 1.293144
630 498 6 24 24 2.667332
630 498 114 24 24 2.654611
660 256 0 64 64 3.767204
660 256 16 64 64 6.327591
660 256 32 64 64 3.648462
660 272 0 64 64 3.828503
660 272 16 64 64 6.429067
660 272 32 64 64 0.050232
660 288 0 64 64 5.008826
660 288 16 64 64 6.419754
660 352 0 64 64 2.115372
660 396 24 48 48 3.005498
660 396 36 48 48 0.051807
660 396 24 48 48 3.005498
660 396 36 48 48 0.051807
660 384 128 32 32 4.713882
660 384 136 32 32 1.641772
660 112 98 28 28 1.503174
660 343 119 28 28 0.007219
660 343 126 28 28 0.496943
660 350 119 28 28 1.243510
660 350 126 28 28 0.781387
660 357 119 28 28 2.659574
660 357 126 28 28 3.243761
660 6 210 24 24 0.069590
690 256 0 64 64 0.273694
690 256 16 64 64 3.480585
690 256 32 64 64 4.616049
690 256 48 64 64 2.416394
690 272 16 64 64 3.095288
690 272 32 64 64 5.198997
690 288 16 64 64 4.197143
690 288 32 64 64 4.713319
690 352 0 64 64 0.014422
690 352 16 64 64 3.884407
690 352 32 64 64 1.226752
690 22 0 44 44 0.026358
690 33 0 44 44 1.622615
690 10 140 40 40 0.885562
690 0 144 36 36 0.329372
690 288 153 36 36 2.857100
690 288 162 36 36 3.714482
690 297 153 36 36 3.061360
690 297 162 36 36 5.276909
690 297 171 36 36 2.555126
690 306 144 36 36 0.638730
690 306 162 36 36 1.606969
690 306 171 36 36 2.450953
690 384 136 32 32 2.008669
690 384 144 32 32 6.242530
690 384 152 32 32 5.351080
690 392 144 32 32 2.028148
690 392 152 32 32 1.781142
690 400 112 32 32 5.341380
690 408 112 32 32 7.198562
690 350 133 28 28 4.031858
690 357 133 28 28 1.868703
690 448 119 28 28 1.626863
690 455 112 28 28 0.254989
690 455 119 28 28 3.216387
690 462 0 28 28 2.854762
690 462 119 28 28 1.476616
690 469 0 28 28 1.161434
690 469 119 28 28 2.350552
690 0 114 24 24 0.465475
690 6 114 24 24 0.065470
690 6 192 24 24 0.545021
690 102 18 24 24 1.399682
690 108 18 24 24 0.217798
720 48 32 64 64 0.863349
720 48 48 64 64 3.194837
720 256 16 64 64 2.204912
720 256 32 64 64 3.888070
720 256 48 64 64 0.988485
720 272 16 64 64 3.454292
720 272 32 64 64 3.236509
720 272 48 64 64 1.612159
720 288 16 64 64 2.627965
720 288 32 64 64 3.378159
720 288 48 64 64 1.255290
720 352 16 64 64 2.709241
720 0 36 48 48 4.285187
720 0 36 48 48 4.285187
720 11 0 44 44 1.411211
720 22 0 44 44 3.556525
720 264 154 44 44 3.201926
720 30 0 40 40 0.928787
720 30 10 40 40 0.906677
720 288 144 36 36 0.035080
720 288 153 36 36 1.775151
720 288 162 36 36 4.893270
720 288 171 36 36 5.852904
720 297 153 36 36 2.007162
720 297 162 36 36 2.320471
720 297 171 36 36 2.983077
720 315 126 36 36 0.952325
720 280 144 32 32 0.981022
720 384 144 32 32 2.384294
720 384 152 32 32 5.160487
720 392 112 32 32 0.720138
720 400 112 32 32 2.750607
720 408 112 32 32 0.505356
720 408 128 32 32 0.639387
720 343 133 28 28 1.632814
720 350 133 28 28 1.975280
720 448 126 28 28 4.585382
720 455 0 28 28 1.608542
720 455 7 28 28 2.144185
720 455 126 28 28 2.367597
720 462 0 28 28 0.667813
720 462 7 28 28 0.635010
720 462 119 28 28 0.423739
720 462 126 28 28 2.371238
720 462 133 28 28 1.434244
720 469 119 28 28 2.820766
720 469 126 28 28 4.386288
720 469 133 28 28 2.043912
720 96 18 24 24 0.860675
720 300 84 24 24 2.036263
720 300 192 24 24 1.538736
720 306 84 24 24 3.101846
720 306 192 24 24 7.204339
720 306 198 24 24 1.003442
720 390 192 24 24 0.695646
720 390 198 24 24 1.183585
720 396 192 24 24 1.063803
720 396 198 24 24 0.630952
720 402 192 24 24 0.064518
750 0 48 64 64 0.679054
750 16 48 64 64 0.256942
750 32 32 64 64 0.356599
750 48 32 64 64 0.764094
750 48 48 64 64 0.855853
750 256 16 64 64 2.297469
750 256 32 64 64 2.420929
750 256 48 64 64 1.900933
750 272 16 64 64 0.992664
750 272 32 64 64 2.614467
750 288 48 64 64 0.293055
750 352 16 64 64 5.286618
750 352 32 64 64 3.082175
750 0 0 48 48 0.150393
750 0 0 48 48 0.150393
750 0 0 44 44 2.588714
750 11 0 44 44 1.517751
750 264 154 44 44 1.419629
750 264 176 44 44 2.237554
750 352 0 44 44 0.042670
750 352 11 44 44 0.459303
750 10 10 40 40 0.848715
750 350 140 40 40 5.385086
750 288 162 36 36 0.966304
750 288 171 36 36 0.849769
750 297 126 36 36 0.060466
750 306 126 36 36 2.373966
750 315 126 36 36 5.265033
750 272 128 32 32 0.247288
750 280 128 32 32 1.728011
750 384 112 32 32 1.185254
750 384 152 32 32 0.349512
750 392 112 32 32 2.254998
750 392 128 32 32 2.227597
750 400 128 32 32 2.575512
750 336 133 28 28 0.288406
750 448 0 28 28 1.185168
750 448 7 28 28 0.468958
750 448 126 28 28 0.993495
750 455 0 28 28 0.371976
750 455 126 28 28 1.188255
750 455 133 28 28 0.726608
750 462 119 28 28 1.230428
750 462 126 28 28 2.328363
750 462 133 28 28 2.417164
750 469 119 28 28 2.425148
750 469 126 28 28 1.591091
750 469 133 28 28 0.888591
750 288 84 24 24 1.956531
750 288 192 24 24 4.933516
750 294 84 24 24 2.648305
750 294 192 24 24 7.499722
750 294 198 24 24 7.681613
750 294 204 24 24 2.261209
750 300 192 24 24 4.721272
750 300 198 24 24 6.515441
750 300 204 24 24 5.255580
750 300 210 24 24 3.201921
750 306 192 24 24 2.773226
750 306 198 24 24 2.961189
750 306 204 24 24 4.450822
750 384 192 24 24 4.724419
750 384 198 24 24 1.806749
750 384 204 24 24 2.407538
750 390 192 24 24 2.903175
750 390 198 24 24 1.334172
750 396 192 24 24 0.020668
750 492 0 24 24 1.128942
750 492 6 24 24 1.042131
750 492 12 24 24 1.334221
750 498 0 24 24 2.217821
750 498 6 24 24 0.954412
780 256 16 64 64 0.447202
780 256 32 64 64 1.426537
780 288 32 64 64 0.152037
780 288 48 64 64 0.719632
780 0 0 44 44 0.521854
780 242 154 44 44 2.304769
780 242 176 44 44 0.479748
780 0 10 40 40 2.360225
780 0 160 40 40 0.961645
780 240 160 40 40 2.041621
780 240 170 40 40 0.168360
780 330 140 40 40 1.085893
780 340 140 40 40 6.144484
780 340 160 40 40 2.489275
780 350 140 40 40 4.180133
780 350 160 40 40 0.987290
780 0 153 36 36 1.710315
780 0 162 36 36 1.700245
780 0 171 36 36 1.423050
780 288 126 36 36 2.539307
780 297 9 36 36 1.081186
780 297 126 36 36 4.469681
780 297 144 36 36 0.520465
780 306 126 36 36 5.067626
780 306 144 36 36 2.571743
780 315 126 36 36 0.404499
780 315 144 36 36 2.072641
780 8 8 32 32 1.156186
780 256 128 32 32 1.367128
780 256 152 32 32 1.347456
780 264 128 32 32 2.217069
780 264 136 32 32 0.677845
780 264 152 32 32 0.777410
780 272 128 32 32 2.021560
780 384 128 32 32 5.507220
780 392 128 32 32 2.260347
780 21 14 28 28 0.244920
780 448 126 28 28 4.016411
780 448 133 28 28 3.451564
780 455 126 28 28 1.998319
780 455 133 28 28 1.572574
780 462 126 28 28 0.085779
780 18 210 24 24 0.771517
780 204 6 24 24 3.507342
780 210 6 24 24 1.808517
780 288 192 24 24 2.492707
780 288 198 24 24 3.382270
780 288 204 24 24 5.287527
780 288 210 24 24 3.296607
780 294 204 24 24 1.984565
780 294 210 24 24 1.670604
780 384 192 24 24 0.858249
780 396 84 24 24 0.208889
780 402 84 24 24 2.735172
780 480 0 24 24 2.153720
780 480 6 24 24 1.256479
780 480 12 24 24 0.429981
780 486 0 24 24 3.754963
780 486 6 24 24 1.981973
780 492 0 24 24 2.926987
780 492 6 24 24 0.634970
780 498 0 24 24 0.324309
810 256 16 64 64 0.193752
810 256 32 64 64 0.942818
810 256 48 64 64 1.441059
810 272 16 64 64 1.542257
810 272 32 64 64 3.058346
810 272 48 64 64 1.202782
810 288 16 64 64 3.608222
810 288 32 64 64 2.121560
810 352 32 64 64 0.009520
810 192 168 48 48 2.972865
810 204 168 48 48 3.134879
810 192 168 48 48 2.972865
810 204 168 48 48 3.134879
810 198 154 44 44 3.812119
810 220 160 40 40 3.082253
810 220 170 40 40 2.488632
810 220 180 40 40 4.067100
810 220 190 40 40 6.494589
810 216 126 36 36 1.255682
810 216 144 36 36 0.362378
810 216 162 36 36 2.250335
810 216 171 36 36 5.851918
810 306 144 36 36 3.231101
810 306 153 36 36 4.974909
810 306 162 36 36 5.258477
810 306 171 36 36 3.044705
810 315 144 36 36 5.456702
810 315 153 36 36 4.999781
810 315 162 36 36 4.450655
810 315 171 36 36 2.692710
810 459 126 36 36 0.134870
810 256 144 32 32 2.106347
810 264 144 32 32 2.632727
810 264 152 32 32 0.160621
810 272 136 32 32 3.631950
810 272 144 32 32 5.422257
810 272 152 32 32 0.909759
810 280 144 32 32 3.028391
810 280 152 32 32 2.472275
810 336 7 28 28 1.046323
810 336 14 28 28 0.824530
810 336 133 28 28 0.509696
810 343 126 28 28 0.040047
810 343 133 28 28 5.142556
810 350 126 28 28 0.286217
810 350 133 28 28 5.219235
810 357 98 28 28 2.562427
810 357 133 28 28 0.649588
810 462 14 28 28 1.813611
810 469 14 28 28 0.805992
810 204 108 24 24 0.727428
810 480 18 24 24 2.662441
840 176 154 44 44 2.338971
840 170 140 40 40 3.045292
840 180 30 40 40 0.603442
840 180 140 40 40 5.549922
840 180 160 40 40 3.306607
840 144 126 36 36 4.207450
840 144 144 36 36 1.671045
840 198 27 36 36 0.018587
840 198 144 36 36 2.851582
840 198 153 36 36 1.443423
840 198 162 36 36 2.581908
840 198 171 36 36 1.048848
840 432 144 36 36 3.286370
840 432 153 36 36 1.493876
840 441 144 36 36 3.549420
840 441 153 36 36 2.512613
840 450 126 36 36 3.253495
840 450 144 36 36 4.227597
840 450 153 36 36 3.973214
840 450 162 36 36 2.352666
840 459 126 36 36 3.198762
840 459 144 36 36 3.237042
840 459 153 36 36 3.547520
840 459 162 36 36 2.645241
840 128 136 32 32 0.133717
840 128 144 32 32 3.718413
840 136 144 32 32 2.337867
840 144 16 32 32 0.814021
840 144 24 32 32 1.852542
840 144 136 32 32 1.425528
840 144 144 32 32 2.249804
840 264 128 32 32 0.984302
840 280 128 32 32 0.157096
840 14 126 28 28 3.219359
840 21 133 28 28 0.170813
840 154 21 28 28 0.617945
840 231 133 28 28 3.227784
840 238 98 28 28 0.619324
840 238 133 28 28 1.139226
840 245 98 28 28 0.283156
840 245 133 28 28 1.205551
840 350 7 28 28 4.143559
840 350 14 28 28 0.561332
840 357 7 28 28 1.403677
840 469 126 28 28 0.141153
840 108 198 24 24 1.178012
840 132 204 24 24 0.130078
840 132 210 24 24 2.629884
840 204 192 24 24 4.923255
840 204 198 24 24 5.343815
840 204 204 24 24 5.163845
840 204 210 24 24 4.913487
840 210 192 24 24 4.273427
840 210 198 24 24 4.383937
840 210 204 24 24 4.910107
840 210 210 24 24 5.069813
840 396 0 24 24 4.683150
840 396 6 24 24 5.780801
840 402 0 24 24 3.711202
840 498 204 24 24 0.810423
870 0 32 64 64 0.532231
870 0 48 64 64 1.409377
870 16 32 64 64 1.592689
870 16 48 64 64 3.166001
870 32 48 64 64 2.181772
870 352 48 64 64 0.893404
870 363 154 44 44 1.901847
870 363 176 44 44 3.860762
870 363 187 44 44 0.951345
870 320 140 40 40 2.690444
870 320 160 40 40 6.965860
870 320 170 40 40 1.906951
870 330 160 40 40 4.537273
870 330 170 40 40 0.516266
870 144 126 36 36 3.491653
870 144 144 36 36 3.269762
870 153 126 36 36 4.123366
870 153 144 36 36 3.411104
870 153 153 36 36 1.193766
870 162 144 36 36 1.453849
870 162 153 36 36 1.514038
870 297 162 36 36 2.588898
870 297 171 36 36 1.576865
870 306 153 36 36 1.435098
870 306 162 36 36 1.192584
870 306 171 36 36 0.911700
870 315 153 36 36 3.531233
870 315 162 36 36 4.575116
870 315 171 36 36 4.073308
870 432 126 36 36 2.692570
870 441 126 36 36 3.840103
870 136 152 32 32 2.111022
870 144 144 32 32 2.959731
870 144 152 32 32 4.561871
870 176 128 32 32 0.965443
870 256 128 32 32 1.422396
870 256 136 32 32 0.272415
870 264 136 32 32 1.393473
870 272 152 32 32 0.738330
870 280 144 32 32 1.122049
870 280 152 32 32 1.717442
870 384 0 32 32 1.413288
870 384 8 32 32 1.285993
870 392 0 32 32 1.195723
870 392 128 32 32 0.539855
870 392 136 32 32 1.480868
870 392 144 32 32 2.427507
870 392 152 32 32 1.626048
870 400 128 32 32 1.800096
870 400 136 32 32 1.787712
870 400 144 32 32 2.403879
870 400 152 32 32 0.669619
870 408 136 32 32 1.434601
870 408 144 32 32 1.646050
870 408 152 32 32 0.216572
870 14 133 28 28 0.475796
870 168 112 28 28 0.442954
870 168 133 28 28 2.229740
870 245 0 28 28 0.322054
870 336 133 28 28 2.192889
870 6 108 24 24 3.322493
870 12 108 24 24 3.881521
870 18 108 24 24 0.374201
870 102 84 24 24 1.111687
870 102 96 24 24 2.521494
870 108 96 24 24 1.747394
870 198 192 24 24 0.803552
870 204 192 24 24 1.418542
870 210 192 24 24 0.104772
870 288 192 24 24 1.319455
870 288 198 24 24 2.563335
870 294 192 24 24 0.748973
870 294 198 24 24 0.228761
870 300 192 24 24 0.683136
870 300 198 24 24 0.379134
900 0 204 48 48 4.076663
900 0 216 48 48 3.610811
900 0 228 48 48 0.044853
900 12 168 48 48 0.527412
900 12 204 48 48 2.677471
900 12 216 48 48 3.866992
900 12 228 48 48 2.860218
900 24 168 48 48 2.759862
900 24 192 48 48 1.031141
900 24 204 48 48 1.661759
900 24 216 48 48 1.234313
900 24 228 48 48 3.197202
900 36 204 48 48 1.458699
900 36 216 48 48 4.694393
900 36 228 48 48 5.296237
900 204 228 48 48 2.173868
900 216 228 48 48 3.476903
900 384 192 48 48 1.434108
900 384 204 48 48 1.671221
900 384 216 48 48 1.959396
900 396 192 48 48 0.060477
900 396 204 48 48 0.679242
900 396 216 48 48 0.103437
900 408 216 48 48 0.200662
900 420 168 48 48 1.177850
900 420 192 48 48 1.516534
900 0 204 48 48 4.076663
900 0 216 48 48 3.610811
900 0 228 48 48 0.044853
900 12 168 48 48 0.527412
900 12 204 48 48 2.677471
900 12 216 48 48 3.866992
900 12 228 48 48 2.860218
900 24 168 48 48 2.759862
900 24 192 48 48 1.031141
900 24 204 48 48 1.661759
900 24 216 48 48 1.234313
900 24 228 48 48 3.197202
900 36 204 48 48 1.458699
900 36 216 48 48 4.694393
900 36 228 48 48 5.296237
900 204 228 48 48 2.173868
900 216 228 48 48 3.476903
900 384 192 48 48 1.434108
900 384 204 48 48 1.671221
900 384 216 48 48 1.959396
900 396 192 48 48 0.060477
900 396 204 48 48 0.679242
900 396 216 48 48 0.103437
900 408 216 48 48 0.200662
900 420 168 48 48 1.177850
900 420 192 48 48 1.516534
900 11 154 44 44 0.645888
900 11 209 44 44 4.166704
900 22 176 44 44 1.355608
900 22 209 44 44 2.737100
900 33 154 44 44 1.074151
900 33 176 44 44 1.688508
900 33 209 44 44 1.442280
900 385 176 44 44 1.727643
900 10 140 40 40 2.568298
900 20 140 40 40 1.101322
900 30 140 40 40 2.601684
900 30 170 40 40 0.466051
900 18 153 36 36 0.645499
900 18 162 36 36 1.714952
900 136 0 32 32 0.868717
900 256 272 32 32 0.750553
900 256 280 32 32 1.511087
900 154 0 28 28 1.111178
900 336 0 28 28 1.036873
900 336 126 28 28 0.967236
900 448 112 28 28 1.659429
900 448 231 28 28 2.133491
900 448 238 28 28 2.734083
900 448 245 28 28 1.485343
900 455 21 28 28 2.033501
900 455 126 28 28 1.168310
900 455 133 28 28 0.526057
900 455 231 28 28 2.214094
900 455 238 28 28 4.557492
900 455 245 28 28 3.210251
900 462 224 28 28 2.638541
900 462 231 28 28 1.571390
900 462 238 28 28 1.532575
900 462 245 28 28 1.943225
900 192 0 24 24 0.555297
900 192 114 24 24 0.210272
900 198 108 24 24 0.038253
900 198 114 24 24 1.770719
900 204 6 24 24 0.961951
900 204 108 24 24 0.420014
900 204 114 24 24 2.423436
900 210 0 24 24 0.383709
900 210 6 24 24 2.699820
900 306 0 24 24 0.124837
900 306 6 24 24 1.328202
900 306 12 24 24 1.432369
900 306 18 24 24 0.641983
900 306 102 24 24 2.922354
900 306 108 24 24 1.411063
930 0 32 64 64 3.715976
930 0 48 64 64 0.878454
930 16 32 64 64 1.543018
930 30 140 40 40 0.279363
930 0 126 36 36 5.784641
930 27 126 36 36 0.722757
930 144 126 36 36 2.933968
930 144 162 36 36 3.295429
930 153 126 36 36 3.491147
930 153 162 36 36 2.401791
930 162 126 36 36 0.515839
930 432 126 36 36 1.718982
930 432 144 36 36 1.920950
930 450 126 36 36 0.312445
930 0 0 32 32 4.107724
930 0 128 32 32 6.179461
930 0 136 32 32 1.254310
930 0 152 32 32 2.640430
930 8 0 32 32 1.052629
930 8 128 32 32 3.448537
930 8 136 32 32 1.769169
930 136 112 32 32 3.053844
930 136 128 32 32 5.271761
930 144 112 32 32 1.174155
930 144 128 32 32 4.911053
930 144 136 32 32 0.428796
930 192 112 32 32 0.015829
930 272 112 32 32 0.980670
930 280 112 32 32 4.701034
930 0 7 28 28 0.578957
930 0 14 28 28 2.245438
930 7 14 28 28 2.274532
930 7 112 28 28 1.148223
930 7 119 28 28 3.139717
930 7 126 28 28 2.780597
930 7 133 28 28 1.866737
930 14 14 28 28 2.182652
930 14 21 28 28 0.771539
930 154 119 28 28 0.724807
930 154 126 28 28 3.905602
930 154 133 28 28 5.395545
930 168 133 28 28 0.626173
930 336 126 28 28 0.152117
930 343 119 28 28 0.148871
930 300 114 24 24 0.852907
930 486 6 24 24 0.422929
930 486 12 24 24 1.494226
930 492 0 24 24 2.203837
930 492 6 24 24 3.385555
930 492 12 24 24 3.800626
960 12 168 48 48 0.276619
960 12 192 48 48 1.571441
960 24 168 48 48 0.793824
960 12 168 48 48 0.276619
960 12 192 48 48 1.571441
960 24 168 48 48 0.793824
960 11 187 44 44 2.451540
960 11 198 44 44 0.419061
960 22 176 44 44 1.083909
960 22 187 44 44 1.633189
960 22 198 44 44 0.806654
960 33 176 44 44 0.589152
960 33 187 44 44 0.889283
960 0 27 36 36 2.831125
960 119 224 28 28 0.095993
960 126 224 28 28 0.380223
960 168 119 28 28 2.397067
960 168 126 28 28 0.777844
960 448 119 28 28 5.830711
960 448 126 28 28 1.324922
960 455 112 28 28 1.804160
960 455 119 28 28 7.497265
960 455 126 28 28 2.310085
960 462 112 28 28 0.739074
960 462 119 28 28 9.444999
960 462 126 28 28 6.053122
960 469 112 28 28 0.995517
960 469 119 28 28 8.463470
960 469 126 28 28 4.393018
960 6 84 24 24 0.191877
960 12 84 24 24 1.501385
990 128 136 32 32 1.837781
990 128 144 32 32 2.182397
990 128 152 32 32 1.916955
990 136 136 32 32 0.050590
990 136 144 32 32 1.862303
990 136 152 32 32 2.045991
990 384 112 32 32 2.761231
990 392 112 32 32 2.581653
990 231 98 28 28 3.167112
990 238 98 28 28 5.658243
990 245 98 28 28 3.541930
990 336 112 28 28 1.710317
990 343 112 28 28 2.192997
990 350 112 28 28 6.051068
990 350 119 28 28 1.438808
990 357 112 28 28 6.211724
990 357 119 28 28 3.303521
990 448 133 28 28 2.545560
990 455 126 28 28 0.621540
990 455 133 28 28 2.125592
990 462 126 28 28 0.231777
990 462 133 28 28 0.634899
990 144 6 24 24 0.600141
990 144 12 24 24 3.238770
990 198 96 24 24 0.813562
990 198 102 24 24 0.433243
990 300 114 24 24 0.745515
990 306 108 24 24 2.151821
990 306 114 24 24 4.377935
1020 0 119 28 28 1.499910
1020 0 126 28 28 2.596689
1020 231 98 28 28 0.041676
1020 238 98 28 28 2.428531
1020 245 98 28 28 3.762537
1020 336 98 28 28 2.533356
1020 343 98 28 28 0.859205
1020 343 112 28 28 0.573275
1020 350 112 28 28 0.646951
1020 357 112 28 28 2.679504
1020 448 126 28 28 2.173416
1020 144 0 24 24 0.689381
1020 306 108 24 24 0.192682
1050 0 154 44 44 1.289267
1050 10 160 40 40 1.351304
1050 20 160 40 40 2.063408
1050 9 171 36 36 0.883443
1050 18 171 36 36 0.435297
1050 27 162 36 36 2.370559
1050 27 171 36 36 3.413065
1050 392 112 32 32 2.668510
1050 400 112 32 32 5.152741
1050 112 7 28 28 0.185195
1050 168 112 28 28 1.208018
1050 231 98 28 28 1.074829
1050 231 112 28 28 3.164487
1050 238 98 28 28 3.697635
1050 238 112 28 28 2.625033
1050 245 98 28 28 1.634036
1050 336 112 28 28 0.699365
1050 343 112 28 28 1.436713
1050 350 112 28 28 1.379220
1050 448 119 28 28 0.231245
1050 448 126 28 28 0.604043
1050 462 133 28 28 2.003067
1050 469 133 28 28 4.673738
1050 0 84 24 24 2.523372
1050 6 84 24 24 2.168036
1050 306 108 24 24 0.868050
1080 32 32 64 64 0.688420
1080 288 0 64 64 1.047608
1080 352 16 64 64 0.755374
1080 352 32 64 64 3.484291
1080 128 16 32 32 4.202024
1080 136 16 32 32 4.335969
1080 136 24 32 32 0.859874
1080 144 16 32 32 0.331281
1080 384 112 32 32 5.489908
1080 392 112 32 32 1.994628
1080 408 112 32 32 1.778388
1080 112 126 28 28 0.871668
1080 112 133 28 28 5.264734
1080 168 112 28 28 3.633317
1080 168 119 28 28 5.287472
1080 224 98 28 28 2.993050
1080 224 112 28 28 4.342990
1080 231 98 28 28 2.526047
1080 231 112 28 28 5.738047
1080 238 98 28 28 2.221244
1080 238 112 28 28 3.852664
1080 343 112 28 28 5.327735
1080 350 112 28 28 4.772320
1080 357 112 28 28 5.060107
1080 448 119 28 28 1.235373
1080 448 126 28 28 0.540505
1080 455 119 28 28 2.808802
1080 455 126 28 28 1.839563
1080 462 119 28 28 2.380867
1080 469 119 28 28 3.564430
1080 469 126 28 28 0.989564
1110 32 0 64 64 2.339308
1110 48 0 64 64 1.540753
1110 288 0 64 64 3.183250
1110 128 112 32 32 3.894517
1110 136 112 32 32 4.529059
1110 144 112 32 32 2.308206
1110 384 112 32 32 2.072315
1110 392 112 32 32 7.229650
1110 400 112 32 32 5.620096
1110 408 112 32 32 8.004619
1110 154 119 28 28 1.001919
1110 168 112 28 28 8.823441
1110 168 119 28 28 0.648723
1110 350 112 28 28 1.888870
1110 357 112 28 28 5.309984
1110 448 112 28 28 2.966073
1110 448 119 28 28 5.821496
1110 448 126 28 28 8.119725
1110 448 133 28 28 6.972310
1110 455 112 28 28 1.595323
1110 455 119 28 28 3.567158
1110 455 126 28 28 5.956954
1110 455 133 28 28 0.775500
1110 462 112 28 28 1.638565
1110 462 119 28 28 2.094677
1110 462 126 28 28 0.661982
1110 0 102 24 24 0.259989
1110 192 114 24 24 3.774548
1110 384 96 24 24 0.227140
1110 384 114 24 24 0.647007
1140 0 16 64 64 0.526230
1140 16 0 64 64 0.935411
1140 16 16 64 64 1.400766
1140 48 0 64 64 1.200207
1140 288 0 64 64 5.408877
1140 288 16 64 64 0.911073
1140 144 9 36 36 3.620456
1140 144 18 36 36 0.795000
1140 153 9 36 36 4.631680
1140 153 18 36 36 3.263324
1140 432 126 36 36 2.254753
1140 441 126 36 36 2.086266
1140 14 133 28 28 2.085997
1140 21 133 28 28 3.625923
1140 112 133 28 28 0.306925
1140 154 112 28 28 5.802262
1140 350 112 28 28 0.940427
1140 357 112 28 28 2.815068
1140 448 126 28 28 5.183209
1140 448 133 28 28 6.141545
1140 455 112 28 28 2.593226
1140 455 119 28 28 0.109656
1140 455 126 28 28 6.845947
1140 455 133 28 28 7.710342
1140 462 112 28 28 0.041810
1140 462 119 28 28 3.494085
1140 462 126 28 28 6.382782
1140 462 133 28 28 2.340118
1140 469 119 28 28 4.399990
1140 469 126 28 28 7.446016
1140 469 133 28 28 1.959065
1140 96 108 24 24 0.225438
1140 102 102 24 24 2.080559
1140 102 108 24 24 2.444939
1140 108 102 24 24 2.162433
1140 108 108 24 24 2.105709
1140 390 84 24 24 1.545001
1140 396 84 24 24 1.079247
1170 288 0 64 64 1.705196
1170 352 0 64 64 3.717002
1170 192 36 48 48 0.087217
1170 204 36 48 48 0.059114
1170 420 36 48 48 0.143216
1170 192 36 48 48 0.087217
1170 204 36 48 48 0.059114
1170 420 36 48 48 0.143216
1170 0 126 36 36 0.616054
1170 18 126 36 36 2.712548
1170 27 126 36 36 7.204484
1170 153 126 36 36 1.718170
1170 0 128 32 32 0.072145
1170 0 136 32 32 3.966274
1170 0 144 32 32 1.377022
1170 8 136 32 32 2.399305
1170 8 144 32 32 1.956250
1170 24 128 32 32 0.822594
1170 24 136 32 32 0.620774
1170 24 144 32 32 0.058077
1170 128 8 32 32 0.461509
1170 136 8 32 32 3.582978
1170 136 16 32 32 1.290793
1170 144 8 32 32 3.584774
1170 144 16 32 32 0.309949
1170 7 133 28 28 2.101449
1170 154 14 28 28 1.066959
1170 154 21 28 28 3.641742
1170 168 119 28 28 2.924236
1170 224 98 28 28 2.583395
1170 231 112 28 28 1.069710
1170 448 112 28 28 0.621641
1170 455 112 28 28 2.200586
1170 462 14 28 28 0.386184
1170 18 96 24 24 1.705299
1170 384 114 24 24 3.131195
1170 390 114 24 24 0.044875
1170 396 114 24 24 3.180103
1170 402 114 24 24 6.326613
1200 48 0 64 64 2.299900
1200 352 0 64 64 7.500576
1200 192 36 48 48 6.827399
1200 204 36 48 48 4.867484
1200 264 36 48 48 5.564830
1200 384 36 48 48 3.974237
1200 192 36 48 48 6.827399
1200 204 36 48 48 4.867484
1200 264 36 48 48 5.564830
1200 384 36 48 48 3.974237
1200 112 98 28 28 3.947141
1200 112 112 28 28 3.839484
1200 119 98 28 28 1.107572
1200 119 112 28 28 2.310696
1200 126 7 28 28 1.629836
1200 126 98 28 28 0.900167
1200 126 112 28 28 1.846373
1200 224 98 28 28 1.777246
1200 448 98 28 28 4.724981
1200 455 98 28 28 1.266176
1200 469 98 28 28 1.209743
1200 6 108 24 24 0.276347
1200 96 114 24 24 3.820627
1200 102 114 24 24 6.126557
1200 108 108 24 24 0.286084
1200 108 114 24 24 5.945712
1200 132 114 24 24 2.943628
1200 144 114 24 24 2.172436
1200 384 108 24 24 3.481360
1200 384 114 24 24 3.503581
1200 390 108 24 24 2.868897
1200 390 114 24 24 5.958580
1200 396 108 24 24 1.110460
1200 396 114 24 24 3.928440
1200 402 108 24 24 0.580557
1200 402 114 24 24 4.928662
1200 486 114 24 24 1.127049
1230 352 0 64 64 2.915288
1230 192 36 48 48 5.104824
1230 204 36 48 48 5.698580
1230 288 24 48 48 1.351942
1230 288 36 48 48 1.105596
1230 396 36 48 48 0.489578
1230 408 36 48 48 1.969116
1230 192 36 48 48 5.104824
1230 204 36 48 48 5.698580
1230 288 24 48 48 1.351942
1230 288 36 48 48 1.105596
1230 396 36 48 48 0.489578
1230 408 36 48 48 1.969116
1230 408 264 32 32 0.668528
1230 112 98 28 28 4.471750
1230 119 21 28 28 0.277749
1230 119 98 28 28 0.288593
1230 126 98 28 28 0.696022
1230 455 98 28 28 0.119630
1230 462 98 28 28 3.114746
1230 469 98 28 28 4.091503
1230 469 112 28 28 0.587695
1230 96 96 24 24 2.068897
1230 96 102 24 24 1.657072
1230 102 18 24 24 0.931207
1230 132 114 24 24 2.115842
1230 144 108 24 24 2.990478
1230 144 114 24 24 3.950655
1230 192 108 24 24 3.086155
1230 192 114 24 24 1.412565
1230 480 108 24 24 1.906540
1230 480 114 24 24 5.054399
1230 486 96 24 24 1.327337
1230 486 102 24 24 1.700567
1230 486 108 24 24 1.698110
1230 486 114 24 24 4.374936
1230 492 114 24 24 1.241515
1260 0 0 64 64 4.117357
1260 16 0 64 64 0.808484
1260 352 0 64 64 2.509991
1260 0 36 48 48 3.336136
1260 12 24 48 48 1.607309
1260 12 36 48 48 5.067585
1260 24 36 48 48 2.786152
1260 36 36 48 48 1.318057
1260 192 24 48 48 1.753943
1260 204 24 48 48 2.001050
1260 288 0 48 48 0.394532
1260 384 36 48 48 0.894322
1260 420 36 48 48 2.699544
1260 0 36 48 48 3.336136
1260 12 24 48 48 1.607309
1260 12 36 48 48 5.067585
1260 24 36 48 48 2.786152
1260 36 36 48 48 1.318057
1260 192 24 48 48 1.753943
1260 204 24 48 48 2.001050
1260 288 0 48 48 0.394532
1260 384 36 48 48 0.894322
1260 420 36 48 48 2.699544
1260 22 0 44 44 1.269660
1260 198 33 44 44 0.099634
1260 30 0 40 40 0.209575
1260 30 10 40 40 2.078138
1260 320 30 40 40 0.431458
1260 450 297 36 36 0.674864
1260 459 306 36 36 1.293843
1260 14 98 28 28 1.427094
1260 21 98 28 28 2.356844
1260 112 7 28 28 1.800956
1260 112 14 28 28 0.015738
1260 112 98 28 28 3.631713
1260 119 98 28 28 5.001254
1260 119 112 28 28 0.208720
1260 126 98 28 28 3.859748
1260 126 112 28 28 1.542752
1260 448 98 28 28 2.228314
1260 18 102 24 24 0.836661
1260 18 108 24 24 0.857919
1260 108 18 24 24 0.892717
1260 132 108 24 24 5.084068
1260 132 114 24 24 3.474820
1260 144 114 24 24 2.485709
1260 192 108 24 24 2.192250
1260 192 114 24 24 3.786939
1260 306 96 24 24 1.132245
1260 492 114 24 24 2.313754
1260 498 102 24 24 1.348837
1260 498 108 24 24 3.482529
1260 498 114 24 24 3.966159
1290 0 0 64 64 0.197374
1290 352 0 64 64 3.262945
1290 0 36 48 48 4.950405
1290 12 36 48 48 2.954743
1290 24 36 48 48 1.314847
1290 36 24 48 48 2.228736
1290 36 36 48 48 2.119190
1290 192 24 48 48 1.227846
1290 192 36 48 48 1.075686
1290 204 24 48 48 1.552238
1290 204 36 48 48 0.430417
1290 0 36 48 48 4.950405
1290 12 36 48 48 2.954743
1290 24 36 48 48 1.314847
1290 36 24 48 48 2.228736
1290 36 36 48 48 2.119190
1290 192 24 48 48 1.227846
1290 192 36 48 48 1.075686
1290 204 24 48 48 1.552238
1290 204 36 48 48 0.430417
1290 198 33 44 44 1.624189
1290 10 0 40 40 1.784706
1290 170 30 40 40 0.582438
1290 320 30 40 40 0.055212
1290 7 98 28 28 2.304821
1290 14 98 28 28 4.471416
1290 21 98 28 28 4.552105
1290 21 112 28 28 0.955998
1290 21 119 28 28 2.375203
1290 21 126 28 28 1.409398
1290 21 133 28 28 0.414120
1290 112 98 28 28 4.894455
1290 119 98 28 28 2.406598
1290 455 98 28 28 0.750403
1290 455 112 28 28 0.304756
1290 0 102 24 24 0.736916
1290 102 108 24 24 0.211380
1290 102 114 24 24 0.219706
1290 108 6 24 24 0.706981
1290 108 12 24 24 1.446164
1290 108 18 24 24 1.015853
1290 108 102 24 24 1.474656
1290 108 108 24 24 6.671432
1290 108 114 24 24 3.162684
1290 204 114 24 24 0.372355
1290 210 114 24 24 1.974429
1290 486 114 24 24 0.628525
1290 492 114 24 24 0.933654
1320 0 36 48 48 5.357205
1320 408 36 48 48 2.421316
1320 0 36 48 48 5.357205
1320 408 36 48 48 2.421316
1320 0 0 40 40 2.947660
1320 8 24 32 32 0.213347
1320 16 24 32 32 0.023635
1320 16 112 32 32 3.453471
1320 24 112 32 32 4.366181
1320 0 98 28 28 1.024372
1320 7 98 28 28 3.985296
1320 14 98 28 28 4.785589
1320 14 112 28 28 0.115081
1320 21 98 28 28 2.845526
1320 21 112 28 28 3.958201
1320 21 119 28 28 5.231261
1320 21 126 28 28 3.420710
1320 112 98 28 28 5.299407
1320 112 112 28 28 1.449869
1320 231 98 28 28 2.804410
1320 448 98 28 28 5.395133
1320 448 112 28 28 4.315174
1320 448 119 28 28 0.830393
1320 455 98 28 28 4.332893
1320 469 119 28 28 2.930807
1320 18 102 24 24 0.287868
1320 18 114 24 24 1.386091
1320 102 108 24 24 1.712637
1320 102 114 24 24 2.492400
1320 108 6 24 24 3.176525
1320 108 12 24 24 1.768575
1320 108 18 24 24 0.466315
1320 108 102 24 24 1.876557
1320 108 108 24 24 6.922019
1320 108 114 24 24 8.458282
1320 192 84 24 24 2.167371
1320 294 96 24 24 1.922915
1320 384 96 24 24 4.045025
1320 390 96 24 24 1.679833
1320 402 96 24 24 0.778030
1320 486 108 24 24 0.279870
1320 486 114 24 24 0.424644
1350 192 36 48 48 1.478164
1350 204 36 48 48 2.447164
1350 192 36 48 48 1.478164
1350 204 36 48 48 2.447164
1350 0 0 40 40 1.574875
1350 8 24 32 32 0.320733
1350 16 112 32 32 4.536693
1350 24 112 32 32 6.349092
1350 128 112 32 32 1.918937
1350 7 112 28 28 0.261277
1350 14 112 28 28 0.837600
1350 21 112 28 28 3.400645
1350 21 119 28 28 3.119367
1350 21 126 28 28 2.715616
1350 112 112 28 28 1.294548
1350 448 112 28 28 1.258436
1350 448 119 28 28 7.180049
1350 448 126 28 28 9.897137
1350 448 133 28 28 2.929368
1350 455 112 28 28 9.237149
1350 455 119 28 28 11.853792
1350 455 126 28 28 15.847360
1350 455 133 28 28 6.719152
1350 462 112 28 28 3.155323
1350 462 119 28 28 3.833078
1350 462 126 28 28 7.335917
1350 462 133 28 28 3.194982
1350 469 126 28 28 1.028691
1350 102 108 24 24 0.388267
1350 102 114 24 24 3.358787
1350 108 6 24 24 1.296872
1350 108 12 24 24 5.053196
1350 108 18 24 24 1.221660
1350 108 108 24 24 3.662525
1350 108 114 24 24 9.353470
1350 192 84 24 24 1.034941
1350 384 102 24 24 3.720206
1350 384 108 24 24 2.930576
1350 390 102 24 24 2.629198
1350 390 108 24 24 0.752575
1350 396 102 24 24 3.125894
1350 396 108 24 24 0.334573
1350 402 102 24 24 2.353229
1380 352 0 64 64 0.111819
1380 192 36 48 48 0.655043
1380 204 36 48 48 2.281650
1380 192 36 48 48 0.655043
1380 204 36 48 48 2.281650
1380 0 10 40 40 1.780339
1380 30 0 40 40 1.585317
1380 8 112 32 32 3.507848
1380 16 112 32 32 6.519338
1380 16 128 32 32 1.313901
1380 24 112 32 32 8.112518
1380 24 128 32 32 1.964771
1380 176 112 32 32 0.725716
1380 384 112 32 32 5.998307
1380 384 128 32 32 1.832895
1380 392 112 32 32 0.750796
1380 408 112 32 32 4.382240
1380 408 128 32 32 0.335773
1380 7 112 28 28 0.088909
1380 14 112 28 28 1.098041
1380 14 119 28 28 1.688874
1380 21 112 28 28 1.097885
1380 21 119 28 28 4.360864
1380 21 126 28 28 4.317324
1380 21 133 28 28 2.654906
1380 112 112 28 28 6.162487
1380 112 119 28 28 0.005215
1380 112 126 28 28 0.767586
1380 119 112 28 28 0.298589
1380 224 112 28 28 1.441070
1380 350 98 28 28 2.764991
1380 357 98 28 28 0.034080
1380 448 112 28 28 1.792229
1380 448 126 28 28 1.159525
1380 455 112 28 28 3.092504
1380 455 119 28 28 4.132525
1380 455 126 28 28 2.322912
1380 462 112 28 28 1.999236
1380 462 119 28 28 2.907477
1380 462 126 28 28 2.777961
1380 469 119 28 28 3.256048
1380 469 126 28 28 2.898451
1380 102 114 24 24 5.207878
1380 108 12 24 24 2.740162
1380 108 18 24 24 5.484105
1380 108 114 24 24 9.025598
1380 192 96 24 24 0.915010
1380 390 114 24 24 0.134882
1410 272 0 64 64 1.491221
1410 352 0 64 64 1.606449
1410 288 24 48 48 4.827059
1410 288 36 48 48 2.463697
1410 396 36 48 48 1.764701
1410 288 24 48 48 4.827059
1410 288 36 48 48 2.463697
1410 396 36 48 48 1.764701
1410 176 33 44 44 1.764841
1410 176 154 44 44 0.863525
1410 0 10 40 40 2.325246
1410 170 140 40 40 0.043425
1410 180 160 40 40 0.817375
1410 180 170 40 40 1.673784
1410 220 140 40 40 3.482821
1410 220 160 40 40 0.877913
1410 198 162 36 36 1.078434
1410 198 171 36 36 1.212319
1410 216 162 36 36 2.996464
1410 216 171 36 36 2.676546
1410 459 171 36 36 1.758224
1410 0 112 32 32 1.996352
1410 8 112 32 32 4.304393
1410 16 112 32 32 6.225820
1410 16 128 32 32 1.261013
1410 24 112 32 32 6.786481
1410 24 128 32 32 2.506974
1410 7 119 28 28 0.192019
1410 14 112 28 28 1.115014
1410 14 119 28 28 0.751333
1410 21 112 28 28 0.160465
1410 21 119 28 28 3.195569
1410 21 126 28 28 3.993231
1410 21 133 28 28 3.365864
1410 112 112 28 28 3.396016
1410 112 119 28 28 2.675603
1410 119 112 28 28 1.819993
1410 119 119 28 28 0.036201
1410 126 112 28 28 0.192062
1410 343 98 28 28 3.602810
1410 350 98 28 28 6.901037
1410 357 98 28 28 3.262846
1410 102 114 24 24 0.689849
1410 108 18 24 24 5.986544
1410 108 114 24 24 3.348104
1410 144 96 24 24 3.286617
1410 144 102 24 24 1.525197
1410 192 96 24 24 5.603074
1410 192 102 24 24 5.117574
1410 198 96 24 24 4.817684
1410 198 102 24 24 3.877018
1410 198 192 24 24 0.681193
1410 198 198 24 24 2.820781
1410 204 96 24 24 3.315995
1410 204 192 24 24 4.700099
1410 204 198 24 24 4.903084
1410 204 204 24 24 4.710818
1410 204 210 24 24 3.446897
1410 210 96 24 24 0.348506
1410 210 198 24 24 2.894419
1410 210 204 24 24 3.737360
1410 210 210 24 24 3.813528
1410 294 102 24 24 1.435441
1410 300 102 24 24 0.130057
1410 306 96 24 24 0.143239
1410 306 102 24 24 4.063128
1410 306 108 24 24 1.369344
1410 384 102 24 24 1.020322
1410 480 96 24 24 6.214139
1410 480 102 24 24 2.773537
1410 480 192 24 24 2.305819
1410 480 198 24 24 0.940399
1410 486 96 24 24 3.498078
1410 492 96 24 24 1.492559
1440 0 32 64 64 0.317492
1440 288 0 64 64 0.262588
1440 0 192 48 48 0.869943
1440 0 228 48 48 1.200821
1440 12 228 48 48 2.810281
1440 0 192 48 48 0.869943
1440 0 228 48 48 1.200821
1440 12 228 48 48 2.810281
1440 0 187 44 44 0.317274
1440 0 126 36 36 0.428979
1440 18 288 36 36 0.240523
1440 27 288 36 36 2.669799
1440 0 280 32 32 1.275385
1440 8 112 32 32 0.106886
1440 8 256 32 32 2.069878
1440 8 264 32 32 5.057134
1440 8 272 32 32 6.862483
1440 8 280 32 32 5.652152
1440 16 256 32 32 5.168677
1440 16 264 32 32 4.698650
1440 16 272 32 32 5.686502
1440 16 280 32 32 4.018721
1440 24 256 32 32 2.824680
1440 24 264 32 32 1.426798
1440 24 272 32 32 1.389449
1440 24 280 32 32 3.541729
1440 176 128 32 32 3.361325
1440 256 128 32 32 5.046214
1440 264 128 32 32 7.367130
1440 7 112 28 28 1.163030
1440 14 98 28 28 0.268347
1440 14 112 28 28 8.292342
1440 14 119 28 28 0.376269
1440 21 98 28 28 2.391525
1440 21 112 28 28 2.979409
1440 112 119 28 28 6.016775
1440 112 126 28 28 1.822399
1440 119 119 28 28 0.628087
1440 336 126 28 28 0.849342
1440 336 133 28 28 3.923797
1440 343 126 28 28 0.244796
1440 343 133 28 28 3.246013
1440 448 119 28 28 4.635110
1440 448 126 28 28 1.950760
1440 448 133 28 28 2.426734
1440 455 119 28 28 4.282952
1440 455 126 28 28 6.426248
1440 455 133 28 28 3.571278
1440 462 126 28 28 3.365938
1440 469 126 28 28 2.260284
1440 18 294 24 24 0.632456
1440 18 300 24 24 2.322500
1440 18 306 24 24 1.301217
1440 108 18 24 24 1.662330
1440 384 114 24 24 1.365666
1440 390 0 24 24 1.662791
1440 396 0 24 24 0.174841
1470 256 32 64 64 0.929452
1470 272 16 64 64 1.322004
1470 272 32 64 64 0.913350
1470 264 168 48 48 0.704998
1470 264 216 48 48 1.510441
1470 264 228 48 48 2.346904
1470 288 216 48 48 2.022195
1470 288 228 48 48 3.055928
1470 264 168 48 48 0.704998
1470 264 216 48 48 1.510441
1470 264 228 48 48 2.346904
1470 288 216 48 48 2.022195
1470 288 228 48 48 3.055928
1470 264 154 44 44 1.029009
1470 264 176 44 44 3.050873
1470 9 126 36 36 2.364331
1470 18 126 36 36 3.242782
1470 27 144 36 36 0.509219
1470 27 153 36 36 0.018036
1470 0 112 32 32 3.320020
1470 8 112 32 32 4.263332
1470 16 112 32 32 4.720792
1470 16 128 32 32 0.345279
1470 16 136 32 32 0.581573
1470 24 112 32 32 4.334098
1470 24 128 32 32 2.612785
1470 24 136 32 32 2.526400
1470 24 144 32 32 1.647761
1470 192 128 32 32 1.352681
1470 256 272 32 32 2.093227
1470 256 280 32 32 0.597897
1470 264 256 32 32 0.751392
1470 264 264 32 32 1.515712
1470 264 272 32 32 3.729637
1470 264 280 32 32 2.706504
1470 272 256 32 32 1.023519
1470 272 272 32 32 0.429550
1470 272 280 32 32 2.295539
1470 280 144 32 32 0.878566
1470 280 272 32 32 1.793376
1470 280 280 32 32 1.566730
1470 7 119 28 28 0.797449
1470 7 126 28 28 0.034931
1470 14 112 28 28 0.661743
1470 14 119 28 28 0.760015
1470 14 126 28 28 1.239802
1470 21 119 28 28 0.403271
1470 21 126 28 28 3.403015
1470 21 133 28 28 2.967263
1470 112 112 28 28 2.505389
1470 112 119 28 28 5.798641
1470 112 126 28 28 0.736675
1470 119 119 28 28 0.359090
1470 224 133 28 28 0.934492
1470 231 133 28 28 1.765768
1470 238 133 28 28 3.983394
1470 336 126 28 28 2.024247
1470 336 133 28 28 2.918469
1470 343 133 28 28 1.506416
1470 108 18 24 24 2.827111
1470 192 96 24 24 0.776432
1470 288 294 24 24 0.598306
1470 288 300 24 24 2.133871
1470 390 18 24 24 2.471300
1470 396 18 24 24 2.418439
1500 12 0 48 48 0.801973
1500 24 0 48 48 4.128941
1500 36 0 48 48 5.144864
1500 12 0 48 48 0.801973
1500 24 0 48 48 4.128941
1500 36 0 48 48 5.144864
1500 22 11 44 44 0.458382
1500 33 11 44 44 3.746538
1500 352 154 44 44 2.355853
1500 350 160 40 40 0.974949
1500 144 144 32 32 1.604203
1500 108 18 24 24 4.789042
1500 288 108 24 24 0.348934
1500 288 114 24 24 1.602082
1500 390 18 24 24 4.499372
1500 396 12 24 24 1.763369
1500 396 18 24 24 3.902648
1530 272 16 64 64 1.020120
1530 30 20 40 40 1.021858
1530 16 0 32 32 0.587609
1530 16 8 32 32 1.041672
1530 24 8 32 32 0.191509
1530 21 14 28 28 0.562038
1530 238 98 28 28 2.514108
1530 238 126 28 28 2.249110
1530 238 133 28 28 2.621052
1530 245 98 28 28 3.112364
1530 245 126 28 28 1.189322
1530 336 126 28 28 3.165399
1530 336 133 28 28 6.851861
1530 343 133 28 28 4.366665
1530 448 112 28 28 1.928311
1530 448 119 28 28 4.463611
1530 448 126 28 28 1.999217
1530 448 133 28 28 1.745074
1530 455 112 28 28 0.312043
1530 455 119 28 28 5.426699
1530 455 126 28 28 6.274205
1530 455 133 28 28 3.862915
1530 462 119 28 28 2.891731
1530 462 126 28 28 3.712797
1530 469 119 28 28 1.433309
1530 469 126 28 28 3.794339
1530 96 18 24 24 1.652285
1530 102 18 24 24 1.309410
1530 108 18 24 24 7.331320
1530 384 114 24 24 2.014950
1560 0 16 64 64 0.521589
1560 18 126 36 36 4.903580
1560 27 126 36 36 5.111971
1560 162 126 36 36 0.044630
1560 0 112 32 32 4.428020
1560 8 112 32 32 3.173116
1560 16 112 32 32 2.286029
1560 16 128 32 32 0.656578
1560 24 128 32 32 4.926258
1560 24 136 32 32 4.541351
1560 176 128 32 32 4.764155
1560 176 136 32 32 0.386439
1560 384 128 32 32 3.097631
1560 7 112 28 28 0.386678
1560 7 119 28 28 1.184574
1560 7 126 28 28 1.479935
1560 14 119 28 28 2.249446
1560 14 126 28 28 3.249929
1560 14 133 28 28 1.435963
1560 21 119 28 28 0.506416
1560 21 126 28 28 3.873181
1560 21 133 28 28 2.332117
1560 168 133 28 28 4.593582
1560 336 98 28 28 0.745054
1560 448 112 28 28 1.050848
1560 448 119 28 28 0.589054
1560 455 112 28 28 1.349373
1560 469 98 28 28 2.569289
1560 18 114 24 24 1.118534
1560 108 18 24 24 1.730852
1560 480 108 24 24 1.051721
1590 0 16 64 64 2.493259
1590 16 32 64 64 0.277419
1590 32 32 64 64 2.436344
1590 32 48 64 64 3.484172
1590 48 32 64 64 1.132143
1590 48 48 64 64 3.100632
1590 0 112 32 32 2.912058
1590 0 128 32 32 1.631970
1590 8 112 32 32 3.385531
1590 8 128 32 32 0.078350
1590 16 112 32 32 5.030550
1590 16 128 32 32 2.101152
1590 24 112 32 32 3.217047
1590 24 128 32 32 2.592688
1590 256 136 32 32 1.336321
1590 256 144 32 32 3.817146
1590 264 144 32 32 2.421721
1590 21 126 28 28 2.223104
1590 21 133 28 28 2.637396
1590 112 112 28 28 0.423131
1590 112 119 28 28 0.966715
1590 336 98 28 28 2.562809
1590 448 112 28 28 1.809843
1590 448 119 28 28 3.790005
1590 448 126 28 28 2.884284
1590 448 133 28 28 3.581516
1590 455 119 28 28 3.919136
1590 455 126 28 28 5.530017
1590 455 133 28 28 5.006054
1590 462 119 28 28 0.922437
1590 462 126 28 28 3.159336
1590 469 126 28 28 1.185575
1590 108 18 24 24 2.533332
1590 108 114 24 24 0.423615
1590 192 96 24 24 2.139943
1590 192 102 24 24 2.841060
1590 384 114 24 24 2.863812
1620 0 16 64 64 4.269658
1620 16 16 64 64 2.455941
1620 32 32 64 64 0.690407
1620 0 112 32 32 3.549933
1620 8 112 32 32 4.076469
1620 16 112 32 32 3.661732
1620 16 128 32 32 2.267359
1620 24 112 32 32 2.555132
1620 24 128 32 32 2.055520
1620 14 119 28 28 0.245588
1620 14 126 28 28 1.150308
1620 21 119 28 28 0.255952
1620 21 126 28 28 4.754876
1620 21 133 28 28 2.777261
1620 112 119 28 28 2.543046
1620 112 126 28 28 4.254370
1620 112 133 28 28 0.140045
1620 336 98 28 28 0.900609
1620 448 119 28 28 3.812870
1620 448 126 28 28 1.877600
1620 448 133 28 28 0.459186
1620 455 119 28 28 3.049288
1620 455 126 28 28 4.978626
1620 455 133 28 28 1.364366
1620 462 126 28 28 0.479941
1620 469 126 28 28 0.435878
1620 469 133 28 28 1.171767
1620 18 114 24 24 0.691530
1620 108 18 24 24 0.336618
1620 192 102 24 24 0.567740
1620 384 114 24 24 4.032033
1650 0 16 64 64 4.998946
1650 0 32 64 64 0.336657
1650 272 16 64 64 0.330912
1650 30 10 40 40 0.994327
1650 162 126 36 36 1.032538
1650 288 126 36 36 2.326041
1650 297 126 36 36 5.343488
1650 306 126 36 36 2.088399
1650 315 126 36 36 4.195570
1650 0 112 32 32 3.525175
1650 8 112 32 32 3.345531
1650 16 112 32 32 3.002792
1650 16 128 32 32 0.736648
1650 24 128 32 32 4.348803
1650 24 136 32 32 1.293447
1650 176 144 32 32 3.756282
1650 176 152 32 32 1.799155
1650 272 136 32 32 0.881514
1650 272 144 32 32 2.387511
1650 280 136 32 32 1.584380
1650 280 144 32 32 5.858464
1650 7 119 28 28 0.260380
1650 7 126 28 28 0.883409
1650 14 119 28 28 0.611810
1650 14 126 28 28 2.981036
1650 21 126 28 28 3.780288
1650 21 133 28 28 2.817127
1650 112 119 28 28 2.003474
1650 112 126 28 28 3.249206
1650 112 133 28 28 2.266988
1650 336 98 28 28 1.651784
1650 336 133 28 28 2.141840
1650 448 119 28 28 3.767045
1650 448 126 28 28 1.352771
1650 448 133 28 28 1.940148
1650 455 119 28 28 4.446729
1650 455 126 28 28 6.358264
1650 455 133 28 28 3.506539
1650 462 119 28 28 0.589528
1650 462 126 28 28 3.476228
1650 469 126 28 28 2.627535
1650 108 18 24 24 0.704538
1650 108 114 24 24 0.042958
1650 192 102 24 24 1.612460
1650 192 108 24 24 1.480213
1650 198 108 24 24 0.186038
1650 294 114 24 24 0.935426
1650 384 114 24 24 0.934036
1680 0 16 64 64 0.964542
1680 144 162 36 36 4.416980
1680 144 171 36 36 0.103257
1680 459 126 36 36 3.084980
1680 0 112 32 32 1.902704
1680 0 128 32 32 2.973892
1680 0 136 32 32 1.122022
1680 0 144 32 32 0.603924
1680 8 112 32 32 4.412044
1680 8 128 32 32 3.119984
1680 16 112 32 32 2.127620
1680 16 128 32 32 0.004927
1680 24 112 32 32 0.186432
1680 7 133 28 28 2.305029
1680 14 126 28 28 1.991352
1680 14 133 28 28 4.154261
1680 21 126 28 28 2.281008
1680 21 133 28 28 3.092049
1680 112 112 28 28 1.758721
1680 112 119 28 28 3.127318
1680 336 98 28 28 2.995561
1680 448 112 28 28 1.378991
1680 448 119 28 28 5.482127
1680 448 126 28 28 2.702320
1680 455 112 28 28 1.594383
1680 455 119 28 28 5.334682
1680 455 126 28 28 7.366437
1680 455 133 28 28 2.496397
1680 462 119 28 28 2.573800
1680 462 126 28 28 2.153602
1680 462 133 28 28 2.451723
1680 469 126 28 28 1.951985
1680 469 133 28 28 2.720803
1680 18 108 24 24 0.625357
1680 108 18 24 24 0.988856
1680 108 114 24 24 0.081158
1680 132 108 24 24 0.063331
1680 144 198 24 24 1.242428
1680 144 204 24 24 1.690253
1680 144 210 24 24 3.862101
1680 192 96 24 24 3.665472
1680 192 102 24 24 2.308561
1680 384 114 24 24 2.648957
1680 390 198 24 24 0.427071
1680 390 204 24 24 1.783452
1680 396 198 24 24 1.165624
1680 396 204 24 24 0.879953
1680 402 204 24 24 0.226372
1710 0 16 64 64 0.717386
1710 16 16 64 64 0.291476
1710 16 32 64 64 0.597581
1710 48 32 64 64 1.007318
1710 48 48 64 64 1.643833
1710 288 126 36 36 2.330513
1710 0 112 32 32 5.020696
1710 8 112 32 32 4.739798
1710 8 128 32 32 0.587060
1710 16 112 32 32 4.623068
1710 16 128 32 32 2.013340
1710 24 112 32 32 3.841730
1710 24 128 32 32 3.322179
1710 128 144 32 32 1.443403
1710 128 152 32 32 1.412223
1710 264 144 32 32 0.240113
1710 272 144 32 32 1.203360
1710 7 126 28 28 3.391282
1710 7 133 28 28 1.617529
1710 14 119 28 28 0.000944
1710 14 126 28 28 2.289615
1710 14 133 28 28 2.067922
1710 21 119 28 28 0.822545
1710 21 126 28 28 3.116482
1710 21 133 28 28 3.808007
1710 112 112 28 28 3.661946
1710 112 119 28 28 3.145553
1710 119 98 28 28 0.037635
1710 119 112 28 28 2.795226
1710 168 112 28 28 0.028282
1710 336 98 28 28 1.468995
1710 448 112 28 28 0.259919
1710 448 119 28 28 4.024390
1710 448 126 28 28 0.685110
1710 448 133 28 28 1.031566
1710 455 119 28 28 4.373988
1710 455 126 28 28 5.223109
1710 455 133 28 28 2.117439
1710 462 119 28 28 2.569649
1710 462 126 28 28 3.832481
1710 469 126 28 28 2.919173
1710 108 18 24 24 1.297913
1710 192 96 24 24 3.308988
1710 192 102 24 24 3.627682
1710 198 96 24 24 0.142505
1710 384 114 24 24 0.849615
