30 256 0 64 64 0.905430
30 352 0 64 64 2.969888
30 352 16 64 64 4.017988
30 352 32 64 64 0.970386
30 216 36 48 48 2.439478
30 264 36 48 48 0.780858
30 384 36 48 48 0.052756
30 216 36 48 48 2.439478
30 264 36 48 48 0.780858
30 384 36 48 48 0.052756
30 459 0 36 36 4.446491
30 384 112 32 32 0.856406
30 408 112 32 32 0.030901
30 154 133 28 28 1.154323
30 238 98 28 28 1.190874
30 245 98 28 28 4.619897
30 469 112 28 28 0.452233
30 288 102 24 24 1.876758
30 288 108 24 24 6.920730
30 288 114 24 24 1.955717
30 294 102 24 24 0.295457
30 294 108 24 24 7.365523
30 294 114 24 24 1.911096
30 390 114 24 24 0.364528
30 486 0 24 24 0.637046
30 486 6 24 24 1.834765
60 16 32 64 64 0.095845
60 352 0 64 64 4.843051
60 352 16 64 64 6.410934
60 352 32 64 64 4.486583
60 216 36 48 48 1.899217
60 216 36 48 48 1.899217
60 459 0 36 36 0.753969
60 128 128 32 32 2.187732
60 384 112 32 32 5.918970
60 392 112 32 32 0.901747
60 126 133 28 28 0.100984
60 238 98 28 28 1.924425
60 245 98 28 28 1.750201
60 357 112 28 28 2.216663
60 132 96 24 24 1.207435
60 288 108 24 24 8.782653
60 288 114 24 24 10.051314
60 294 108 24 24 4.542839
60 294 114 24 24 3.932449
60 300 108 24 24 0.771546
60 300 114 24 24 1.341975
60 486 18 24 24 0.721398
90 288 0 64 64 1.038733
90 352 0 64 64 3.455633
90 352 16 64 64 6.437126
90 352 32 64 64 5.809569
90 204 36 48 48 2.116000
90 216 36 48 48 4.031192
90 420 12 48 48 0.045323
90 204 36 48 48 2.116000
90 216 36 48 48 4.031192
90 420 12 48 48 0.045323
90 9 126 36 36 3.445297
90 18 126 36 36 1.871670
90 16 136 32 32 3.967242
90 24 136 32 32 1.425244
90 24 144 32 32 0.147574
90 384 112 32 32 5.284410
90 392 112 32 32 2.812251
90 231 98 28 28 1.190941
90 238 98 28 28 2.565797
90 350 112 28 28 5.305511
90 357 112 28 28 7.320588
90 357 119 28 28 1.756225
90 455 133 28 28 0.434512
90 469 14 28 28 1.105454
90 0 84 24 24 1.798594
90 0 96 24 24 0.887488
90 6 84 24 24 1.103095
90 12 84 24 24 0.009821
90 288 108 24 24 4.188036
90 288 114 24 24 6.927397
90 294 114 24 24 1.263823
90 300 114 24 24 1.231761
120 352 0 64 64 0.333547
120 352 16 64 64 1.223574
120 352 32 64 64 2.848518
120 352 48 64 64 2.241820
120 204 36 48 48 2.239055
120 216 36 48 48 3.769763
120 204 36 48 48 2.239055
120 216 36 48 48 3.769763
120 27 144 36 36 0.469151
120 432 126 36 36 1.557268
120 441 126 36 36 1.157971
120 450 126 36 36 0.207517
120 384 112 32 32 2.815406
120 384 128 32 32 3.281490
120 392 112 32 32 2.836127
120 392 128 32 32 1.944873
120 154 133 28 28 0.888272
120 224 112 28 28 0.589752
120 231 112 28 28 2.045618
120 238 112 28 28 6.077677
120 245 112 28 28 5.144915
120 245 119 28 28 0.906510
120 350 119 28 28 3.175313
120 350 126 28 28 0.156983
120 357 112 28 28 2.515345
120 357 119 28 28 5.862514
120 357 126 28 28 5.219218
120 102 96 24 24 1.428869
120 108 96 24 24 4.678145
120 288 114 24 24 4.404633
120 294 114 24 24 0.713496
150 256 0 64 64 0.021332
150 256 16 64 64 0.338657
150 272 16 64 64 0.294713
150 352 0 64 64 0.234935
150 352 16 64 64 2.680510
150 352 32 64 64 1.954934
150 216 36 48 48 2.618906
150 216 36 48 48 2.618906
150 432 126 36 36 0.428126
150 432 144 36 36 1.402820
150 384 112 32 32 7.153725
150 392 112 32 32 3.845999
150 400 112 32 32 0.284328
150 126 133 28 28 3.466891
150 224 98 28 28 1.148333
150 231 98 28 28 0.558152
150 238 98 28 28 3.111477
150 245 98 28 28 1.640624
150 448 112 28 28 0.898876
150 455 112 28 28 0.343970
150 462 133 28 28 0.582955
150 469 133 28 28 0.226363
150 96 84 24 24 2.873912
150 102 84 24 24 2.902382
150 108 84 24 24 3.117582
150 288 108 24 24 4.062147
150 288 114 24 24 4.844402
180 256 0 64 64 1.596708
180 352 0 64 64 3.852703
180 352 16 64 64 2.339885
180 264 36 48 48 3.776769
180 288 36 48 48 2.959022
180 384 36 48 48 0.979040
180 396 36 48 48 2.043136
180 264 36 48 48 3.776769
180 288 36 48 48 2.959022
180 384 36 48 48 0.979040
180 396 36 48 48 2.043136
180 33 198 44 44 0.207877
180 432 126 36 36 4.809524
180 441 126 36 36 4.583835
180 450 126 36 36 4.778380
180 459 126 36 36 2.719077
180 128 112 32 32 1.236033
180 136 112 32 32 0.346193
180 384 112 32 32 3.776874
180 392 112 32 32 4.141523
180 154 98 28 28 0.449231
180 168 245 28 28 1.751044
180 238 98 28 28 2.964699
180 245 98 28 28 0.421063
180 336 112 28 28 1.635411
180 336 119 28 28 0.773215
180 448 119 28 28 3.674550
180 448 126 28 28 6.454872
180 448 133 28 28 7.286400
180 455 126 28 28 4.633657
180 455 133 28 28 4.284183
180 462 126 28 28 1.322505
180 462 133 28 28 2.891805
180 469 126 28 28 1.300636
180 469 133 28 28 0.434145
210 256 0 64 64 2.480630
210 272 0 64 64 2.571475
210 352 0 64 64 4.634290
210 352 16 64 64 7.826251
210 352 32 64 64 0.687488
210 264 36 48 48 4.514053
210 288 36 48 48 1.715482
210 384 36 48 48 1.017852
210 408 24 48 48 0.753847
210 264 36 48 48 4.514053
210 288 36 48 48 1.715482
210 384 36 48 48 1.017852
210 408 24 48 48 0.753847
210 450 9 36 36 0.355299
210 450 18 36 36 1.242276
210 450 126 36 36 1.197031
210 408 128 32 32 1.365977
210 408 136 32 32 0.381565
210 14 14 28 28 1.064849
210 112 119 28 28 1.683871
210 126 126 28 28 0.897251
210 126 224 28 28 0.104545
210 126 231 28 28 0.091471
210 231 98 28 28 0.582663
210 238 98 28 28 1.874013
210 343 112 28 28 2.803095
210 343 119 28 28 1.546172
210 343 126 28 28 0.936605
210 350 112 28 28 3.580670
210 350 119 28 28 0.530527
210 350 126 28 28 0.836225
210 357 98 28 28 0.970413
210 462 98 28 28 2.071194
210 462 119 28 28 2.199731
210 462 126 28 28 4.611990
210 462 133 28 28 4.244884
210 469 98 28 28 2.250540
210 469 112 28 28 1.023411
210 469 119 28 28 3.847099
210 469 126 28 28 5.807718
210 469 133 28 28 6.527053
210 132 198 24 24 2.764410
210 132 204 24 24 3.393052
210 132 210 24 24 3.770380
210 288 108 24 24 2.264011
210 288 114 24 24 5.001462
210 294 108 24 24 3.546220
210 294 114 24 24 3.002356
210 300 108 24 24 0.478606
210 384 84 24 24 2.671526
210 390 84 24 24 1.279235
210 480 102 24 24 0.235420
210 480 108 24 24 0.771309
210 486 108 24 24 1.341880
240 256 0 64 64 1.876174
240 288 0 64 64 2.017956
240 288 16 64 64 3.340271
240 288 32 64 64 5.702060
240 288 48 64 64 3.618801
240 352 0 64 64 5.318951
240 264 36 48 48 8.464231
240 384 12 48 48 3.318803
240 384 24 48 48 2.956940
240 396 0 48 48 2.122348
240 396 12 48 48 4.353333
240 396 24 48 48 1.544430
240 264 36 48 48 8.464231
240 384 12 48 48 3.318803
240 384 24 48 48 2.956940
240 396 0 48 48 2.122348
240 396 12 48 48 4.353333
240 396 24 48 48 1.544430
240 450 126 36 36 0.193078
240 459 126 36 36 0.262095
240 224 98 28 28 2.026802
240 231 98 28 28 3.461724
240 238 98 28 28 2.031979
240 357 119 28 28 3.652277
240 357 126 28 28 2.837831
240 357 133 28 28 0.423436
240 469 126 28 28 0.624715
240 288 108 24 24 0.888069
240 294 108 24 24 1.937124
240 294 114 24 24 0.430982
240 300 108 24 24 2.532869
240 300 114 24 24 1.773511
240 384 96 24 24 0.990910
240 384 102 24 24 4.954576
240 384 108 24 24 0.726026
240 390 96 24 24 3.139968
240 390 102 24 24 6.478847
240 396 96 24 24 0.172714
240 396 102 24 24 3.132406
240 486 0 24 24 0.790280
270 256 0 64 64 1.135809
270 288 48 64 64 0.141916
270 352 32 64 64 0.595335
270 352 48 64 64 3.820561
270 384 168 48 48 0.366603
270 396 168 48 48 2.731056
270 408 24 48 48 0.226383
270 420 24 48 48 0.851575
270 384 168 48 48 0.366603
270 396 168 48 48 2.731056
270 408 24 48 48 0.226383
270 420 24 48 48 0.851575
270 363 154 44 44 1.494169
270 374 154 44 44 3.507655
270 385 154 44 44 6.026899
270 385 176 44 44 2.664397
270 432 9 36 36 3.024427
270 432 18 36 36 3.767825
270 432 27 36 36 4.261594
270 441 18 36 36 2.527136
270 441 27 36 36 1.538612
270 384 136 32 32 0.734200
270 384 144 32 32 0.104361
270 384 152 32 32 2.040943
270 392 144 32 32 0.108300
270 224 98 28 28 2.393699
270 455 112 28 28 3.063118
270 455 119 28 28 0.504308
270 455 126 28 28 1.698296
270 462 112 28 28 1.904705
270 288 114 24 24 1.522105
270 294 114 24 24 2.377620
270 300 114 24 24 3.008368
270 384 96 24 24 1.443838
270 384 102 24 24 2.568799
270 390 84 24 24 0.090794
270 390 96 24 24 2.906454
270 390 102 24 24 2.066548
270 396 96 24 24 1.923481
270 396 102 24 24 2.881056
270 402 96 24 24 3.641130
270 402 102 24 24 2.154557
270 402 192 24 24 0.041612
300 352 0 64 64 0.750553
300 352 16 64 64 2.516218
300 352 32 64 64 5.110951
300 352 48 64 64 6.090991
300 384 24 48 48 1.865067
300 396 0 48 48 0.572281
300 396 12 48 48 0.740305
300 396 24 48 48 3.426684
300 384 24 48 48 1.865067
300 396 0 48 48 0.572281
300 396 12 48 48 0.740305
300 396 24 48 48 3.426684
300 432 27 36 36 1.212912
300 432 144 36 36 0.891652
300 432 153 36 36 2.808975
300 432 162 36 36 3.901407
300 441 144 36 36 3.164423
300 441 153 36 36 3.373477
300 441 162 36 36 3.574108
300 392 112 32 32 0.056065
300 400 112 32 32 4.004473
300 400 152 32 32 2.202371
300 408 112 32 32 2.047815
300 408 152 32 32 2.710886
300 294 114 24 24 1.835884
300 300 114 24 24 0.924603
300 384 102 24 24 2.647381
300 480 204 24 24 0.042207
330 272 32 64 64 0.448716
330 216 36 48 48 0.468886
330 384 36 48 48 0.517606
330 396 24 48 48 1.332696
330 396 36 48 48 1.523321
330 216 36 48 48 0.468886
330 384 36 48 48 0.517606
330 396 24 48 48 1.332696
330 396 36 48 48 1.523321
330 441 0 36 36 0.780180
330 450 0 36 36 1.576118
330 459 0 36 36 1.626702
330 128 144 32 32 1.626067
330 0 126 28 28 3.995708
330 0 133 28 28 0.180733
330 7 126 28 28 0.539378
330 21 133 28 28 1.175822
330 448 21 28 28 2.037925
330 469 0 28 28 2.105258
330 132 108 24 24 2.827594
330 192 96 24 24 4.273795
330 192 102 24 24 0.948568
330 198 96 24 24 0.830749
330 300 18 24 24 0.164570
330 384 96 24 24 3.064552
330 390 96 24 24 4.314901
330 396 96 24 24 4.483377
330 480 6 24 24 1.516581
330 480 12 24 24 3.704922
330 486 6 24 24 4.497324
330 486 12 24 24 5.682681
330 486 18 24 24 1.916435
330 492 12 24 24 2.381361
360 48 0 64 64 1.987473
360 384 24 48 48 4.664599
360 384 36 48 48 5.431128
360 396 36 48 48 1.939394
360 384 24 48 48 4.664599
360 384 36 48 48 5.431128
360 396 36 48 48 1.939394
360 352 33 44 44 3.103762
360 363 33 44 44 5.887933
360 374 33 44 44 1.696687
360 385 33 44 44 4.905312
360 245 112 28 28 0.874193
360 357 98 28 28 0.157750
360 357 112 28 28 0.791174
360 396 192 24 24 0.685906
360 402 192 24 24 4.924397
360 402 198 24 24 2.471208
360 486 96 24 24 0.827742
360 492 84 24 24 1.941890
360 492 96 24 24 5.173605
360 498 84 24 24 2.298131
360 498 96 24 24 5.426475
390 256 0 64 64 0.298594
390 272 0 64 64 4.617130
390 288 0 64 64 3.929301
390 352 0 64 64 3.528422
390 352 16 64 64 3.666401
390 352 32 64 64 1.881299
390 384 12 48 48 2.049518
390 384 24 48 48 1.689198
390 384 36 48 48 2.930342
390 396 24 48 48 0.109332
390 396 36 48 48 2.482721
390 384 12 48 48 2.049518
390 384 24 48 48 1.689198
390 384 36 48 48 2.930342
390 396 24 48 48 0.109332
390 396 36 48 48 2.482721
390 363 0 44 44 2.938767
390 374 0 44 44 5.915757
390 374 11 44 44 4.154661
390 374 22 44 44 3.258128
390 374 33 44 44 2.434818
390 385 0 44 44 2.806935
390 385 11 44 44 1.001757
390 385 22 44 44 1.922226
390 385 33 44 44 1.580019
390 432 144 36 36 3.296273
390 441 126 36 36 0.517746
390 450 0 36 36 1.845664
390 450 9 36 36 2.063430
390 459 0 36 36 0.815996
390 459 9 36 36 2.020599
390 459 18 36 36 1.968782
390 459 144 36 36 0.184938
390 459 153 36 36 1.146364
390 144 128 32 32 1.633112
390 392 16 32 32 1.958506
390 392 24 32 32 2.188259
390 400 16 32 32 0.481548
390 400 24 32 32 0.789016
390 7 112 28 28 0.481450
390 14 112 28 28 2.282570
390 224 98 28 28 0.298953
390 357 98 28 28 1.139220
390 448 7 28 28 2.057387
390 448 119 28 28 0.383400
390 448 126 28 28 4.061375
390 455 0 28 28 1.438641
390 455 7 28 28 0.684521
390 455 112 28 28 2.537349
390 455 119 28 28 6.261733
390 455 126 28 28 6.766397
390 462 0 28 28 3.094254
390 462 112 28 28 2.793635
390 462 119 28 28 4.526063
390 462 126 28 28 1.483132
390 469 0 28 28 1.087405
390 469 112 28 28 1.499904
390 469 119 28 28 0.398410
390 18 114 24 24 0.785534
390 384 96 24 24 0.021586
390 384 102 24 24 2.935573
390 384 108 24 24 3.209828
390 384 114 24 24 1.513439
390 390 102 24 24 0.578676
390 390 108 24 24 0.553478
390 390 114 24 24 0.865963
390 402 114 24 24 1.627373
390 480 18 24 24 2.707572
420 352 0 64 64 3.152750
420 264 36 48 48 0.094951
420 384 24 48 48 0.773377
420 384 36 48 48 6.762411
420 396 24 48 48 1.432887
420 396 36 48 48 4.559084
420 408 36 48 48 2.765468
420 420 36 48 48 4.286695
420 264 36 48 48 0.094951
420 384 24 48 48 0.773377
420 384 36 48 48 6.762411
420 396 24 48 48 1.432887
420 396 36 48 48 4.559084
420 408 36 48 48 2.765468
420 420 36 48 48 4.286695
420 363 0 44 44 0.289767
420 441 0 36 36 2.020032
420 450 0 36 36 2.209714
420 7 133 28 28 0.930302
420 14 133 28 28 0.000636
420 154 98 28 28 2.628461
420 154 126 28 28 1.582639
420 448 7 28 28 1.561425
420 448 14 28 28 0.410181
420 448 112 28 28 1.764475
420 455 112 28 28 1.481860
420 462 112 28 28 3.818009
420 469 112 28 28 1.170729
420 300 108 24 24 0.051503
420 300 114 24 24 0.854166
420 306 114 24 24 1.931006
420 384 84 24 24 0.150742
420 384 96 24 24 2.253306
420 384 102 24 24 1.866865
420 384 108 24 24 0.965745
420 390 84 24 24 2.768746
420 390 102 24 24 1.301107
420 390 108 24 24 3.423264
420 396 84 24 24 3.637066
420 396 108 24 24 4.073245
420 402 84 24 24 1.923871
420 402 102 24 24 0.579979
420 402 108 24 24 2.772431
420 402 300 24 24 0.251661
450 256 0 64 64 0.703583
450 352 0 64 64 1.482668
450 384 12 48 48 1.139004
450 384 24 48 48 4.108800
450 384 36 48 48 4.486402
450 396 24 48 48 2.105519
450 396 36 48 48 1.955419
450 408 36 48 48 3.963530
450 420 36 48 48 2.474633
450 384 12 48 48 1.139004
450 384 24 48 48 4.108800
450 384 36 48 48 4.486402
450 396 24 48 48 2.105519
450 396 36 48 48 1.955419
450 408 36 48 48 3.963530
450 420 36 48 48 2.474633
450 374 33 44 44 0.013999
450 385 22 44 44 1.690112
450 385 33 44 44 4.660941
450 154 112 28 28 1.507884
450 154 119 28 28 2.231824
450 224 112 28 28 0.597257
450 336 112 28 28 1.037198
450 448 119 28 28 0.283797
450 18 84 24 24 0.421050
450 300 108 24 24 1.670815
450 306 108 24 24 1.588824
450 396 84 24 24 4.937048
450 402 84 24 24 7.384136
450 492 114 24 24 1.188666
450 498 114 24 24 3.715884
480 0 0 64 64 2.683168
480 0 16 64 64 0.492205
480 48 0 64 64 1.022757
480 256 16 64 64 0.353356
480 272 16 64 64 0.060627
480 396 24 48 48 0.427138
480 408 12 48 48 0.283981
480 408 24 48 48 1.351696
480 396 24 48 48 0.427138
480 408 12 48 48 0.283981
480 408 24 48 48 1.351696
480 245 112 28 28 2.337039
480 245 119 28 28 0.858925
480 336 112 28 28 1.874771
480 336 119 28 28 3.512037
480 343 112 28 28 5.560027
480 343 119 28 28 6.466393
480 350 112 28 28 0.125326
480 350 119 28 28 5.219113
480 350 126 28 28 1.273767
480 357 119 28 28 2.446950
480 357 126 28 28 1.609950
480 288 108 24 24 1.631330
480 288 114 24 24 1.494310
480 294 114 24 24 0.619773
480 306 114 24 24 0.687599
510 352 32 64 64 3.916314
510 352 48 64 64 6.113274
510 0 128 32 32 3.837802
510 0 136 32 32 4.801128
510 0 144 32 32 3.572123
510 8 144 32 32 0.207282
510 256 112 32 32 1.119343
510 264 112 32 32 1.496765
510 384 112 32 32 2.930852
510 384 136 32 32 0.501390
510 384 144 32 32 2.983443
510 392 136 32 32 1.492187
510 392 144 32 32 4.577991
510 392 152 32 32 2.512279
510 400 136 32 32 3.820981
510 400 144 32 32 8.529725
510 400 152 32 32 2.466645
510 408 136 32 32 2.686137
510 408 144 32 32 4.673183
510 408 152 32 32 3.768047
510 0 133 28 28 4.695524
510 7 133 28 28 4.275788
510 14 133 28 28 2.764028
510 21 98 28 28 1.309218
510 343 126 28 28 2.423339
510 350 126 28 28 2.108675
510 357 119 28 28 0.409864
510 357 126 28 28 4.084203
510 357 133 28 28 0.660226
510 294 114 24 24 1.207173
540 352 32 64 64 3.300835
540 352 48 64 64 0.099272
540 432 153 36 36 2.022150
540 432 162 36 36 0.928884
540 441 153 36 36 3.966719
540 441 162 36 36 0.494389
540 450 153 36 36 3.788191
540 450 162 36 36 4.920068
540 450 171 36 36 2.829633
540 459 162 36 36 3.619440
540 459 171 36 36 6.568968
540 280 112 32 32 3.181334
540 384 128 32 32 1.239252
540 0 114 24 24 1.815462
540 390 84 24 24 1.245264
540 396 84 24 24 4.171115
540 402 84 24 24 2.386866
540 480 192 24 24 4.474020
540 480 198 24 24 4.742914
540 480 204 24 24 3.231351
540 480 210 24 24 2.252873
540 486 114 24 24 2.295229
540 486 192 24 24 1.852343
540 486 198 24 24 0.327288
540 492 114 24 24 0.467495
540 498 84 24 24 0.868394
540 498 96 24 24 0.824258
540 498 102 24 24 0.236215
540 498 108 24 24 1.171090
540 498 114 24 24 2.792820
570 408 24 48 48 1.787810
570 408 36 48 48 3.434458
570 420 24 48 48 3.198109
570 420 36 48 48 1.196391
570 408 24 48 48 1.787810
570 408 36 48 48 3.434458
570 420 24 48 48 3.198109
570 420 36 48 48 1.196391
570 432 153 36 36 0.852807
570 441 153 36 36 1.881987
570 450 153 36 36 0.287465
570 450 162 36 36 0.377189
570 336 126 28 28 0.676155
570 455 14 28 28 1.934136
570 455 21 28 28 2.138975
570 402 96 24 24 2.915371
570 492 6 24 24 1.261129
570 492 12 24 24 3.205969
570 498 6 24 24 3.609601
570 498 12 24 24 1.805851
570 498 18 24 24 0.414405
600 256 32 64 64 0.043695
600 272 32 64 64 1.609857
600 352 0 64 64 2.741961
600 384 12 48 48 1.623712
600 384 24 48 48 0.297302
600 384 36 48 48 2.393320
600 384 12 48 48 1.623712
600 384 24 48 48 0.297302
600 384 36 48 48 2.393320
600 385 22 44 44 0.799412
600 336 119 28 28 0.439234
600 336 126 28 28 3.808113
600 336 133 28 28 4.862770
600 343 126 28 28 3.060348
600 343 133 28 28 5.331827
600 350 126 28 28 4.536525
600 350 133 28 28 6.528589
600 357 133 28 28 3.377940
600 390 84 24 24 1.816966
600 402 84 24 24 0.726149
600 480 84 24 24 4.605473
600 480 114 24 24 0.414929
600 486 0 24 24 4.058341
600 486 6 24 24 5.062211
600 486 12 24 24 0.497111
600 486 84 24 24 1.049470
600 498 84 24 24 0.805348
630 272 32 64 64 4.209033
630 272 48 64 64 0.133471
630 288 32 64 64 6.334648
630 288 48 64 64 4.013281
630 408 24 48 48 1.062155
630 420 0 48 48 0.830688
630 420 12 48 48 0.646933
630 420 24 48 48 1.404847
630 408 24 48 48 1.062155
630 420 0 48 48 0.830688
630 420 12 48 48 0.646933
630 420 24 48 48 1.404847
630 385 22 44 44 0.208395
630 432 153 36 36 2.879776
630 441 27 36 36 0.106048
630 21 112 28 28 1.524669
630 21 119 28 28 4.408061
630 112 112 28 28 0.867138
630 119 112 28 28 0.151942
630 154 98 28 28 0.439067
630 231 98 28 28 0.942656
630 238 98 28 28 0.485922
630 336 112 28 28 3.121500
630 336 119 28 28 2.058496
630 343 112 28 28 1.934040
630 343 119 28 28 2.568886
630 343 126 28 28 1.559875
630 343 133 28 28 1.689254
630 350 126 28 28 0.113051
630 350 133 28 28 2.626246
630 357 133 28 28 0.831942
630 462 98 28 28 0.453926
630 469 133 28 28 1.647395
660 272 32 64 64 2.787240
660 272 48 64 64 0.155066
660 288 16 64 64 0.607302
660 288 32 64 64 8.045444
660 288 48 64 64 7.671482
660 352 32 64 64 0.814134
660 384 12 48 48 1.927300
660 384 24 48 48 2.335813
660 384 36 48 48 1.591453
660 396 12 48 48 2.249346
660 384 12 48 48 1.927300
660 384 24 48 48 2.335813
660 384 36 48 48 1.591453
660 396 12 48 48 2.249346
660 374 33 44 44 0.161837
660 385 22 44 44 1.526478
660 385 33 44 44 3.021414
660 384 112 32 32 3.058588
660 384 128 32 32 3.023127
660 384 136 32 32 9.132947
660 384 144 32 32 8.207734
660 384 152 32 32 1.990978
660 392 136 32 32 7.173672
660 392 144 32 32 5.919836
660 392 152 32 32 1.383533
660 400 136 32 32 2.810955
660 400 144 32 32 4.226503
660 400 152 32 32 2.700337
660 408 144 32 32 0.798506
660 0 112 28 28 1.906624
660 7 112 28 28 2.095681
660 14 112 28 28 0.531745
660 21 112 28 28 0.904920
660 112 112 28 28 6.043170
660 112 119 28 28 1.090165
660 119 98 28 28 0.175610
660 119 112 28 28 5.069442
660 119 119 28 28 0.693819
660 231 98 28 28 1.062951
660 238 98 28 28 3.476019
660 343 98 28 28 2.668305
660 350 98 28 28 3.051134
660 350 112 28 28 0.962904
660 350 119 28 28 0.273229
660 357 112 28 28 3.040506
660 0 108 24 24 0.156755
660 6 114 24 24 1.032734
660 402 114 24 24 3.335384
660 486 204 24 24 0.159789
660 486 210 24 24 4.089351
660 492 84 24 24 1.427116
660 492 210 24 24 3.542565
660 498 84 24 24 0.735738
690 48 0 64 64 0.578686
690 288 16 64 64 0.214841
690 288 32 64 64 2.789777
690 288 48 64 64 3.540154
690 352 48 64 64 0.075667
690 216 24 48 48 0.631690
690 384 12 48 48 1.140954
690 384 24 48 48 2.010301
690 384 36 48 48 0.858117
690 396 0 48 48 0.560333
690 396 12 48 48 3.047795
690 396 24 48 48 3.454170
690 408 0 48 48 0.672438
690 408 12 48 48 1.692934
690 408 24 48 48 0.861522
690 408 36 48 48 1.608059
690 420 36 48 48 0.971127
690 216 24 48 48 0.631690
690 384 12 48 48 1.140954
690 384 24 48 48 2.010301
690 384 36 48 48 0.858117
690 396 0 48 48 0.560333
690 396 12 48 48 3.047795
690 396 24 48 48 3.454170
690 408 0 48 48 0.672438
690 408 12 48 48 1.692934
690 408 24 48 48 0.861522
690 408 36 48 48 1.608059
690 420 36 48 48 0.971127
690 385 33 44 44 1.284179
690 216 144 36 36 1.520241
690 432 27 36 36 1.624363
690 459 27 36 36 0.106715
690 384 136 32 32 1.723651
690 384 144 32 32 5.334618
690 384 152 32 32 4.486533
690 392 136 32 32 3.093119
690 392 144 32 32 6.759562
690 392 152 32 32 3.993724
690 400 144 32 32 1.766753
690 400 152 32 32 0.794931
690 408 152 32 32 1.520563
690 0 112 28 28 3.714379
690 7 112 28 28 5.586254
690 7 119 28 28 2.890667
690 14 119 28 28 1.364961
690 231 98 28 28 0.552814
690 238 98 28 28 0.231539
690 238 112 28 28 0.417642
690 336 7 28 28 0.498457
690 343 98 28 28 0.055225
690 448 98 28 28 2.378166
690 455 98 28 28 3.052003
690 462 98 28 28 2.309407
690 132 114 24 24 0.845303
690 198 102 24 24 0.288250
720 48 0 64 64 2.854059
720 288 16 64 64 2.311138
720 288 32 64 64 2.459021
720 384 36 48 48 2.232760
720 396 36 48 48 0.277440
720 408 36 48 48 2.031624
720 384 36 48 48 2.232760
720 396 36 48 48 0.277440
720 408 36 48 48 2.031624
720 432 27 36 36 0.108390
720 384 144 32 32 3.439181
720 392 144 32 32 3.216287
720 392 152 32 32 3.628125
720 400 144 32 32 2.628504
720 400 152 32 32 2.869594
720 0 112 28 28 3.748417
720 0 119 28 28 7.557302
720 0 126 28 28 1.680974
720 245 98 28 28 1.456361
720 108 108 24 24 1.766150
720 108 114 24 24 1.987568
720 306 96 24 24 0.095192
720 486 114 24 24 2.517194
720 492 114 24 24 5.607503
720 498 114 24 24 3.275687
750 32 0 64 64 1.826528
750 48 0 64 64 4.350413
750 288 16 64 64 0.295697
750 288 32 64 64 1.076956
750 352 0 64 64 1.059932
750 352 16 64 64 1.026968
750 352 32 64 64 1.493413
750 352 48 64 64 3.028185
750 36 36 48 48 2.575338
750 204 24 48 48 0.134584
750 36 36 48 48 2.575338
750 204 24 48 48 0.134584
750 374 154 44 44 0.963657
750 385 154 44 44 2.618392
750 27 27 36 36 0.472661
750 432 27 36 36 2.507450
750 384 136 32 32 0.144254
750 384 144 32 32 0.235595
750 384 152 32 32 0.377281
750 392 144 32 32 0.139001
750 392 152 32 32 0.937744
750 400 152 32 32 1.633559
750 408 152 32 32 0.267313
750 238 98 28 28 1.243171
750 245 98 28 28 0.711069
750 350 98 28 28 1.201519
750 357 98 28 28 2.247858
750 469 231 28 28 1.741099
750 102 114 24 24 0.708310
750 288 12 24 24 0.029587
780 32 0 64 64 2.173279
780 48 0 64 64 2.989037
780 48 16 64 64 2.250669
780 288 16 64 64 0.676675
780 288 32 64 64 3.572368
780 352 48 64 64 2.108239
780 24 36 48 48 1.043791
780 36 36 48 48 2.224285
780 396 24 48 48 2.252692
780 396 36 48 48 0.580105
780 408 0 48 48 0.861777
780 24 36 48 48 1.043791
780 36 36 48 48 2.224285
780 396 24 48 48 2.252692
780 396 36 48 48 0.580105
780 408 0 48 48 0.861777
780 0 20 40 40 0.217548
780 10 20 40 40 0.075179
780 9 27 36 36 2.180243
780 18 27 36 36 0.642367
780 432 27 36 36 1.265446
780 384 136 32 32 0.360775
780 384 144 32 32 1.115916
780 384 152 32 32 1.017078
780 400 152 32 32 0.687326
780 408 152 32 32 1.164372
780 350 98 28 28 1.015776
780 357 98 28 28 0.687695
780 462 224 28 28 2.968961
780 469 224 28 28 3.167197
780 300 96 24 24 0.326951
780 384 192 24 24 1.158295
810 16 0 64 64 0.336801
810 32 0 64 64 2.185580
810 48 0 64 64 2.771806
810 48 16 64 64 1.883784
810 12 36 48 48 0.068201
810 24 36 48 48 3.139447
810 36 36 48 48 5.174027
810 384 168 48 48 0.652660
810 396 24 48 48 1.439304
810 408 12 48 48 0.186859
810 408 24 48 48 5.319845
810 408 36 48 48 2.820873
810 12 36 48 48 0.068201
810 24 36 48 48 3.139447
810 36 36 48 48 5.174027
810 384 168 48 48 0.652660
810 396 24 48 48 1.439304
810 408 12 48 48 0.186859
810 408 24 48 48 5.319845
810 408 36 48 48 2.820873
810 352 22 44 44 0.115300
810 352 33 44 44 2.970523
810 385 187 44 44 0.858644
810 0 20 40 40 1.152368
810 330 30 40 40 0.138281
810 9 27 36 36 0.891035
810 432 144 36 36 5.317349
810 432 153 36 36 3.324917
810 432 162 36 36 2.520064
810 441 144 36 36 1.460404
810 441 153 36 36 0.601912
810 384 112 32 32 0.301180
810 384 144 32 32 3.148960
810 384 152 32 32 2.901171
810 392 144 32 32 1.686112
810 392 152 32 32 0.071072
810 357 98 28 28 3.029273
810 448 98 28 28 3.429794
810 448 112 28 28 1.723422
810 448 119 28 28 2.134690
810 448 126 28 28 1.655119
810 455 98 28 28 2.667163
810 390 210 24 24 0.730572
840 16 0 64 64 0.176234
840 32 0 64 64 2.440120
840 48 0 64 64 2.624125
840 48 16 64 64 2.027034
840 12 36 48 48 3.186575
840 24 36 48 48 3.766686
840 36 36 48 48 4.279958
840 384 192 48 48 0.979404
840 396 192 48 48 1.938719
840 408 24 48 48 1.720250
840 408 36 48 48 2.661383
840 408 192 48 48 0.115480
840 420 24 48 48 2.737038
840 420 36 48 48 2.772855
840 12 36 48 48 3.186575
840 24 36 48 48 3.766686
840 36 36 48 48 4.279958
840 384 192 48 48 0.979404
840 396 192 48 48 1.938719
840 408 24 48 48 1.720250
840 408 36 48 48 2.661383
840 408 192 48 48 0.115480
840 420 24 48 48 2.737038
840 420 36 48 48 2.772855
840 352 33 44 44 2.727711
840 385 198 44 44 0.191617
840 432 0 36 36 0.071969
840 432 153 36 36 2.478898
840 432 162 36 36 3.788310
840 432 171 36 36 2.143101
840 441 144 36 36 5.173247
840 441 153 36 36 3.676814
840 441 162 36 36 1.634090
840 450 144 36 36 8.289048
840 450 153 36 36 5.724987
840 450 162 36 36 3.870639
840 459 144 36 36 5.489010
840 459 153 36 36 2.876727
840 392 152 32 32 3.380491
840 357 98 28 28 0.864776
840 448 7 28 28 5.032333
840 448 14 28 28 5.137397
840 448 21 28 28 4.945953
840 448 112 28 28 1.655035
840 448 119 28 28 3.912683
840 448 126 28 28 3.578320
840 448 133 28 28 2.015849
840 455 112 28 28 5.059961
840 455 119 28 28 3.981044
840 455 126 28 28 3.978780
840 455 133 28 28 1.698101
840 462 112 28 28 5.202480
840 462 119 28 28 3.643595
840 462 126 28 28 1.981644
840 462 133 28 28 1.905658
840 469 98 28 28 3.393363
840 469 112 28 28 4.539450
840 402 210 24 24 1.803584
840 480 108 24 24 4.746002
840 480 114 24 24 5.005644
870 32 0 64 64 1.653250
870 48 0 64 64 2.089491
870 48 16 64 64 1.258814
870 12 36 48 48 3.296683
870 24 36 48 48 4.396727
870 36 36 48 48 4.052597
870 384 204 48 48 1.574285
870 396 204 48 48 0.604236
870 408 24 48 48 0.063464
870 408 204 48 48 0.833520
870 420 24 48 48 1.396864
870 12 36 48 48 3.296683
870 24 36 48 48 4.396727
870 36 36 48 48 4.052597
870 384 204 48 48 1.574285
870 396 204 48 48 0.604236
870 408 24 48 48 0.063464
870 408 204 48 48 0.833520
870 420 24 48 48 1.396864
870 352 33 44 44 0.318068
870 363 22 44 44 1.021892
870 374 154 44 44 0.362801
870 385 154 44 44 3.093061
870 385 209 44 44 0.846624
870 432 0 36 36 2.799046
870 432 162 36 36 0.217704
870 432 171 36 36 1.925847
870 441 126 36 36 0.312850
870 441 162 36 36 1.341885
870 441 171 36 36 2.490306
870 450 144 36 36 1.593443
870 450 153 36 36 2.735024
870 450 162 36 36 3.010946
870 450 171 36 36 0.595478
870 459 144 36 36 4.914593
870 459 153 36 36 4.045921
870 459 162 36 36 2.100292
870 384 24 32 32 0.538171
870 448 7 28 28 3.950255
870 448 14 28 28 8.538332
870 448 21 28 28 6.049072
870 455 0 28 28 0.503470
870 455 7 28 28 4.574724
870 455 14 28 28 3.946674
870 455 21 28 28 4.999048
870 462 112 28 28 2.433676
870 462 119 28 28 2.833032
870 462 126 28 28 2.533804
870 469 112 28 28 5.134146
870 469 119 28 28 4.259129
870 469 126 28 28 2.688618
870 288 294 24 24 1.011294
870 294 294 24 24 0.629559
870 300 294 24 24 0.594978
870 306 294 24 24 0.069410
870 480 108 24 24 0.274048
870 480 114 24 24 4.116493
870 486 108 24 24 2.051541
870 486 114 24 24 6.119649
870 492 102 24 24 3.240477
870 492 108 24 24 5.465133
870 492 114 24 24 7.075660
870 498 102 24 24 3.289694
870 498 108 24 24 0.335493
900 32 0 64 64 0.331723
900 48 0 64 64 1.773014
900 352 32 64 64 0.099724
900 12 36 48 48 3.524065
900 24 36 48 48 4.613170
900 36 36 48 48 4.409082
900 264 36 48 48 1.644480
900 384 216 48 48 0.929021
900 396 216 48 48 0.421893
900 12 36 48 48 3.524065
900 24 36 48 48 4.613170
900 36 36 48 48 4.409082
900 264 36 48 48 1.644480
900 384 216 48 48 0.929021
900 396 216 48 48 0.421893
900 352 33 44 44 0.780544
900 363 11 44 44 0.484334
900 363 22 44 44 2.533850
900 363 33 44 44 1.637639
900 385 154 44 44 6.496888
900 340 20 40 40 1.091519
900 340 30 40 40 0.578410
900 350 20 40 40 0.762529
900 432 0 36 36 3.007778
900 432 9 36 36 0.805143
900 432 171 36 36 2.167156
900 441 0 36 36 0.619381
900 441 171 36 36 1.283116
900 450 126 36 36 0.177075
900 450 171 36 36 0.870969
900 459 153 36 36 3.416197
900 459 171 36 36 0.566408
900 192 112 32 32 2.333708
900 448 14 28 28 8.312961
900 448 21 28 28 8.599544
900 455 7 28 28 5.768791
900 455 14 28 28 8.884112
900 455 21 28 28 3.840913
900 455 224 28 28 0.038991
900 462 14 28 28 0.777426
900 462 119 28 28 0.156899
900 462 126 28 28 0.471329
900 462 133 28 28 0.210952
900 462 224 28 28 2.993758
900 469 126 28 28 1.809224
900 469 224 28 28 1.051965
900 396 114 24 24 2.706811
900 402 114 24 24 0.711199
900 480 288 24 24 1.098615
900 492 114 24 24 2.806494
900 498 108 24 24 2.389873
900 498 114 24 24 6.193433
930 48 0 64 64 4.701605
930 48 16 64 64 3.336002
930 288 0 64 64 0.203654
930 12 36 48 48 1.707955
930 24 36 48 48 2.997602
930 36 36 48 48 2.491280
930 264 36 48 48 0.344617
930 12 36 48 48 1.707955
930 24 36 48 48 2.997602
930 36 36 48 48 2.491280
930 264 36 48 48 0.344617
930 352 33 44 44 0.192073
930 363 22 44 44 2.988131
930 363 33 44 44 1.751308
930 385 154 44 44 3.840476
930 340 20 40 40 0.296722
930 340 30 40 40 3.060502
930 350 30 40 40 1.216000
930 432 0 36 36 1.667800
930 441 0 36 36 0.012592
930 459 126 36 36 0.022207
930 459 171 36 36 1.186671
930 112 112 28 28 0.760950
930 119 112 28 28 6.804569
930 119 119 28 28 3.651707
930 126 112 28 28 7.906781
930 126 119 28 28 4.611195
930 154 112 28 28 0.804560
930 168 119 28 28 0.534722
930 168 126 28 28 0.263991
930 448 14 28 28 4.117269
930 448 21 28 28 8.356136
930 455 0 28 28 0.234946
930 455 7 28 28 6.396873
930 455 14 28 28 7.247234
930 455 21 28 28 4.931904
930 462 7 28 28 1.834633
930 462 14 28 28 2.110729
930 462 21 28 28 2.383408
930 462 224 28 28 2.524647
930 462 231 28 28 2.637314
930 469 119 28 28 1.135590
930 469 126 28 28 2.048362
930 469 133 28 28 0.151239
930 469 224 28 28 2.636750
930 469 231 28 28 4.643459
930 132 114 24 24 0.971132
930 384 84 24 24 0.203068
930 402 114 24 24 2.413439
930 480 192 24 24 1.658596
930 480 198 24 24 0.897356
930 480 288 24 24 1.393344
930 486 294 24 24 1.909363
930 486 300 24 24 0.697601
930 492 114 24 24 0.912783
930 498 114 24 24 3.489126
960 0 0 64 64 1.884730
960 32 16 64 64 1.576100
960 48 0 64 64 1.462139
960 48 16 64 64 3.185714
960 48 32 64 64 0.061120
960 288 0 64 64 2.465971
960 264 36 48 48 1.326351
960 396 216 48 48 0.190425
960 264 36 48 48 1.326351
960 396 216 48 48 0.190425
960 352 33 44 44 0.345709
960 363 33 44 44 1.060405
960 385 154 44 44 4.868174
960 432 0 36 36 1.987575
960 432 9 36 36 0.859697
960 441 0 36 36 1.568151
960 112 133 28 28 1.158665
960 154 126 28 28 1.106915
960 154 133 28 28 4.152100
960 448 14 28 28 2.775824
960 448 21 28 28 6.934259
960 455 7 28 28 5.123802
960 455 14 28 28 11.757215
960 455 21 28 28 6.878667
960 462 7 28 28 3.432749
960 462 14 28 28 5.026778
960 462 21 28 28 4.282197
960 469 126 28 28 2.833622
960 469 133 28 28 1.757287
960 469 224 28 28 3.307280
960 469 231 28 28 1.433826
960 288 306 24 24 0.837312
960 294 306 24 24 0.447884
960 384 306 24 24 1.074651
960 390 306 24 24 0.113756
960 480 198 24 24 0.357208
960 480 288 24 24 1.594798
960 480 294 24 24 2.948109
960 486 198 24 24 0.321652
960 486 294 24 24 1.976375
990 0 32 64 64 0.042554
990 16 32 64 64 2.136391
990 48 16 64 64 0.479912
990 256 0 64 64 1.239756
990 288 0 64 64 1.311915
990 288 16 64 64 2.220373
990 288 32 64 64 1.591313
990 288 48 64 64 0.904635
990 288 36 48 48 2.156165
990 396 168 48 48 1.534982
990 408 168 48 48 5.351125
990 420 168 48 48 6.599787
990 288 36 48 48 2.156165
990 396 168 48 48 1.534982
990 408 168 48 48 5.351125
990 420 168 48 48 6.599787
990 385 154 44 44 0.983701
990 441 0 36 36 1.334612
990 400 136 32 32 1.540437
990 119 133 28 28 0.343421
990 154 224 28 28 0.304983
990 168 224 28 28 2.910406
990 336 98 28 28 1.760514
990 336 112 28 28 3.378783
990 336 119 28 28 5.570642
990 336 126 28 28 0.087487
990 343 112 28 28 2.485594
990 343 119 28 28 4.622293
990 343 126 28 28 1.694757
990 350 119 28 28 0.613092
990 448 21 28 28 1.952659
990 455 14 28 28 5.647472
990 455 21 28 28 10.789453
990 462 7 28 28 0.938539
990 462 14 28 28 5.388525
990 462 21 28 28 5.852961
990 469 21 28 28 0.424079
990 384 96 24 24 3.093152
990 384 102 24 24 2.585523
990 390 96 24 24 0.291656
990 390 192 24 24 1.090971
990 402 210 24 24 0.226634
990 486 204 24 24 0.765313
990 486 210 24 24 0.466934
990 492 204 24 24 0.824651
990 492 210 24 24 0.416609
1020 396 168 48 48 2.143737
1020 408 168 48 48 1.774360
1020 420 168 48 48 3.083713
1020 420 192 48 48 3.649119
1020 396 168 48 48 2.143737
1020 408 168 48 48 1.774360
1020 420 168 48 48 3.083713
1020 420 192 48 48 3.649119
1020 352 154 44 44 3.758617
1020 374 33 44 44 1.163194
1020 385 154 44 44 1.400841
1020 340 160 40 40 1.372211
1020 350 160 40 40 4.319788
1020 350 170 40 40 1.262187
1020 27 126 36 36 0.809055
1020 315 153 36 36 2.774189
1020 315 162 36 36 2.364764
1020 315 171 36 36 0.188770
1020 441 9 36 36 0.004338
1020 441 18 36 36 1.410295
1020 450 0 36 36 0.682924
1020 264 0 32 32 0.452262
1020 455 21 28 28 1.331152
1020 462 14 28 28 0.874480
1020 462 21 28 28 7.642157
1020 469 14 28 28 1.222297
1020 469 21 28 28 2.873085
1020 18 84 24 24 2.497083
1020 144 102 24 24 0.323984
1020 144 108 24 24 2.460384
1020 498 210 24 24 2.591778
1050 396 168 48 48 1.016948
1050 408 168 48 48 2.507835
1050 420 168 48 48 2.777501
1050 420 192 48 48 3.037194
1050 396 168 48 48 1.016948
1050 408 168 48 48 2.507835
1050 420 168 48 48 2.777501
1050 420 192 48 48 3.037194
1050 176 154 44 44 4.146539
1050 352 154 44 44 3.118817
1050 374 33 44 44 0.682091
1050 170 160 40 40 0.720535
1050 170 170 40 40 0.625927
1050 180 160 40 40 6.057646
1050 180 170 40 40 2.766610
1050 320 140 40 40 0.022122
1050 340 140 40 40 0.627419
1050 340 160 40 40 6.478986
1050 350 140 40 40 0.643268
1050 350 160 40 40 7.409543
1050 350 170 40 40 2.371550
1050 27 153 36 36 0.574552
1050 297 153 36 36 1.812318
1050 306 153 36 36 4.925228
1050 306 162 36 36 1.675251
1050 315 144 36 36 0.913857
1050 315 153 36 36 5.435759
1050 315 162 36 36 4.282316
1050 432 27 36 36 3.293342
1050 441 9 36 36 1.092812
1050 441 18 36 36 0.854812
1050 441 27 36 36 1.404326
1050 112 98 28 28 4.502323
1050 154 98 28 28 1.751589
1050 448 224 28 28 0.318949
1050 455 21 28 28 0.461243
1050 462 14 28 28 0.344688
1050 462 21 28 28 3.240725
1050 462 224 28 28 0.131508
1050 462 245 28 28 2.503871
1050 469 21 28 28 3.825835
1050 469 245 28 28 0.341571
1050 12 192 24 24 1.702144
1050 96 108 24 24 0.265150
1050 102 108 24 24 3.714432
1050 102 114 24 24 3.506674
1050 108 108 24 24 4.093519
1050 108 114 24 24 5.443379
1050 384 210 24 24 3.719238
1080 272 48 64 64 0.211893
1080 288 48 64 64 2.138903
1080 420 192 48 48 0.934692
1080 420 192 48 48 0.934692
1080 352 154 44 44 1.932932
1080 363 154 44 44 1.189626
1080 374 154 44 44 0.081195
1080 0 140 40 40 4.828901
1080 10 140 40 40 5.703729
1080 20 140 40 40 2.520375
1080 30 140 40 40 2.210165
1080 160 140 40 40 1.520243
1080 170 140 40 40 0.023367
1080 320 140 40 40 2.803028
1080 320 160 40 40 2.539624
1080 320 170 40 40 0.755801
1080 330 140 40 40 0.713169
1080 330 160 40 40 3.390897
1080 330 170 40 40 1.782776
1080 340 160 40 40 6.839228
1080 340 170 40 40 4.472576
1080 350 160 40 40 3.985418
1080 350 170 40 40 3.037923
1080 0 144 36 36 3.176559
1080 9 144 36 36 6.299381
1080 9 153 36 36 4.753333
1080 18 144 36 36 5.786672
1080 18 153 36 36 5.304690
1080 18 162 36 36 0.450200
1080 27 144 36 36 1.967309
1080 27 153 36 36 3.073863
1080 162 153 36 36 2.903331
1080 198 153 36 36 3.273763
1080 297 153 36 36 0.480154
1080 297 162 36 36 0.845626
1080 306 171 36 36 0.115986
1080 315 153 36 36 4.111110
1080 315 162 36 36 2.209688
1080 315 171 36 36 1.511147
1080 432 18 36 36 2.988575
1080 432 27 36 36 2.978989
1080 441 9 36 36 1.116835
1080 441 18 36 36 4.135014
1080 441 27 36 36 5.183385
1080 450 18 36 36 0.931538
1080 450 27 36 36 3.237387
1080 459 27 36 36 2.073517
1080 8 152 32 32 2.344690
1080 16 152 32 32 4.919416
1080 24 152 32 32 4.319307
1080 0 119 28 28 1.272605
1080 112 98 28 28 0.709761
1080 343 21 28 28 0.473109
1080 469 7 28 28 2.421206
1080 469 14 28 28 1.926027
1080 108 114 24 24 0.743656
1080 384 192 24 24 3.615490
1080 384 198 24 24 7.986811
1080 384 204 24 24 7.080276
1080 384 210 24 24 4.930357
1080 390 192 24 24 8.424891
1080 390 198 24 24 14.287030
1080 390 204 24 24 8.274886
1080 390 210 24 24 5.758463
1080 396 198 24 24 5.420284
1080 396 204 24 24 4.397119
1080 396 210 24 24 5.984953
1080 402 198 24 24 0.220715
1080 402 204 24 24 1.245756
1110 352 154 44 44 2.912359
1110 180 140 40 40 3.079812
1110 320 140 40 40 2.895307
1110 320 160 40 40 3.956480
1110 340 160 40 40 2.026379
1110 350 160 40 40 2.428077
1110 198 153 36 36 5.468091
1110 198 162 36 36 0.615747
1110 306 162 36 36 2.624571
1110 306 171 36 36 1.776689
1110 315 153 36 36 3.567403
1110 315 162 36 36 5.443460
1110 315 171 36 36 6.622021
1110 441 18 36 36 1.530350
1110 441 27 36 36 1.164245
1110 450 0 36 36 1.106656
1110 450 9 36 36 3.580528
1110 450 18 36 36 3.691886
1110 450 27 36 36 1.742989
1110 459 9 36 36 2.986612
1110 459 18 36 36 4.225909
1110 459 27 36 36 0.173309
1110 16 112 32 32 0.982035
1110 24 112 32 32 2.536638
1110 112 98 28 28 0.640446
1110 336 126 28 28 2.579329
1110 336 133 28 28 0.488418
1110 343 7 28 28 2.157512
1110 343 14 28 28 1.688894
1110 343 126 28 28 1.616673
1110 343 133 28 28 0.223254
1110 350 7 28 28 4.129901
1110 350 14 28 28 3.602705
1110 357 7 28 28 0.477761
1110 357 14 28 28 1.221455
1110 469 21 28 28 0.861008
1110 210 108 24 24 0.377265
1110 402 96 24 24 0.163405
1110 498 6 24 24 0.063546
1140 48 0 64 64 0.715789
1140 352 0 64 64 2.203419
1140 352 16 64 64 2.802244
1140 352 32 64 64 2.636873
1140 352 48 64 64 1.757023
1140 420 204 48 48 1.681442
1140 420 216 48 48 0.959614
1140 420 204 48 48 1.681442
1140 420 216 48 48 0.959614
1140 288 18 36 36 0.105992
1140 459 0 36 36 0.783945
1140 24 112 32 32 2.042436
1140 264 24 32 32 2.616437
1140 400 128 32 32 4.474729
1140 400 136 32 32 4.192034
1140 400 144 32 32 3.787681
1140 400 152 32 32 2.769204
1140 408 128 32 32 2.626105
1140 408 136 32 32 3.936987
1140 408 144 32 32 2.657816
1140 408 152 32 32 1.123621
1140 112 98 28 28 0.569765
1140 350 119 28 28 0.540770
1140 357 112 28 28 0.258147
1140 357 119 28 28 0.424768
1140 448 14 28 28 2.209055
1140 462 98 28 28 2.344018
1140 469 98 28 28 0.407616
1140 469 245 28 28 1.145908
1140 132 114 24 24 3.256557
1140 210 114 24 24 2.243678
1140 396 6 24 24 0.865589
1140 480 102 24 24 2.641947
1140 480 108 24 24 2.160387
1140 480 204 24 24 0.447545
1140 480 210 24 24 1.964039
1140 486 0 24 24 0.689421
1140 486 210 24 24 1.178396
1140 492 0 24 24 0.207214
1170 32 0 64 64 0.318185
1170 48 0 64 64 1.474853
1170 48 16 64 64 0.127091
1170 352 0 64 64 1.237701
1170 352 16 64 64 1.466211
1170 352 32 64 64 0.981436
1170 352 48 64 64 0.447812
1170 408 168 48 48 2.922727
1170 408 168 48 48 2.922727
1170 320 160 40 40 0.263330
1170 288 9 36 36 0.697433
1170 432 126 36 36 0.847276
1170 432 144 36 36 1.437112
1170 441 144 36 36 0.506318
1170 24 112 32 32 1.489472
1170 408 136 32 32 0.593516
1170 408 144 32 32 0.882417
1170 21 119 28 28 0.046670
1170 350 112 28 28 1.048466
1170 357 112 28 28 5.726333
1170 448 224 28 28 5.246139
1170 448 231 28 28 2.213141
1170 455 224 28 28 3.548432
1170 455 231 28 28 1.267360
1170 462 224 28 28 2.075409
1170 192 108 24 24 0.868500
1170 198 102 24 24 2.140644
1170 198 108 24 24 4.185165
1170 198 114 24 24 2.079209
1170 204 102 24 24 5.127264
1170 204 108 24 24 4.641367
1170 204 114 24 24 1.760800
1170 210 102 24 24 1.756717
1170 384 0 24 24 1.148586
1170 390 0 24 24 2.804208
1170 486 108 24 24 0.900147
1170 486 114 24 24 2.381503
1170 492 96 24 24 0.090874
1170 492 102 24 24 0.734463
1170 492 108 24 24 6.096834
1170 492 114 24 24 0.888410
1170 498 96 24 24 2.339007
1170 498 102 24 24 3.397812
1170 498 108 24 24 1.539788
1200 32 16 64 64 3.182418
1200 32 32 64 64 0.179052
1200 48 0 64 64 2.439443
1200 48 16 64 64 5.685656
1200 48 32 64 64 2.374196
1200 0 24 48 48 1.795044
1200 12 24 48 48 0.863927
1200 0 24 48 48 1.795044
1200 12 24 48 48 0.863927
1200 0 33 44 44 1.147667
1200 11 33 44 44 3.884265
1200 22 33 44 44 2.601814
1200 0 30 40 40 0.203983
1200 320 170 40 40 0.421756
1200 320 180 40 40 1.646542
1200 432 126 36 36 2.985067
1200 24 112 32 32 0.712174
1200 21 112 28 28 0.690465
1200 112 126 28 28 2.042922
1200 154 133 28 28 2.060443
1200 357 98 28 28 3.103963
1200 469 112 28 28 0.678317
1200 469 119 28 28 0.965938
1200 192 96 24 24 2.411235
1200 198 96 24 24 1.774179
1200 204 96 24 24 1.675717
1200 384 108 24 24 6.410930
1200 384 114 24 24 2.196572
1200 480 192 24 24 2.488511
1200 480 198 24 24 1.178890
1200 486 192 24 24 2.524850
1200 486 198 24 24 3.664069
1200 486 204 24 24 3.735539
1200 492 192 24 24 2.295994
1200 492 198 24 24 3.058905
1200 492 204 24 24 4.391360
1200 492 210 24 24 2.330338
1200 498 192 24 24 1.564747
1200 498 198 24 24 0.680761
1200 498 204 24 24 2.845853
1200 498 210 24 24 2.318698
1230 32 16 64 64 3.115495
1230 48 0 64 64 0.318026
1230 48 16 64 64 3.529165
1230 0 24 48 48 2.615148
1230 12 24 48 48 1.308852
1230 0 24 48 48 2.615148
1230 12 24 48 48 1.308852
1230 11 33 44 44 0.670000
1230 22 33 44 44 0.199015
1230 363 33 44 44 0.398658
1230 432 126 36 36 4.805352
1230 441 126 36 36 3.830607
1230 450 126 36 36 1.346863
1230 459 144 36 36 0.167107
1230 264 152 32 32 1.746900
1230 272 152 32 32 0.335169
1230 112 98 28 28 1.223517
1230 112 119 28 28 1.649861
1230 119 98 28 28 1.219180
1230 154 98 28 28 1.805096
1230 448 119 28 28 1.678281
1230 448 126 28 28 2.296809
1230 448 133 28 28 0.100466
1230 455 0 28 28 0.538819
1230 455 7 28 28 2.352468
1230 455 119 28 28 1.769946
1230 455 126 28 28 2.974386
1230 455 133 28 28 1.816751
1230 462 0 28 28 0.173479
1230 462 119 28 28 1.396447
1230 462 126 28 28 1.136332
1230 462 133 28 28 3.662429
1230 469 112 28 28 1.227513
1230 469 119 28 28 3.285808
1230 469 126 28 28 4.112124
1230 469 133 28 28 5.114418
1230 12 108 24 24 0.195634
1230 18 114 24 24 1.184479
1230 102 96 24 24 3.085386
1230 102 102 24 24 2.774337
1230 204 84 24 24 0.806608
1230 204 96 24 24 0.376436
1230 210 84 24 24 0.897004
1230 210 102 24 24 0.398754
1230 384 102 24 24 3.080963
1230 384 108 24 24 8.742941
1230 384 114 24 24 2.175494
1260 0 32 64 64 0.411804
1260 16 16 64 64 2.973773
1260 16 32 64 64 0.707852
1260 0 24 48 48 2.775446
1260 12 24 48 48 0.360846
1260 0 24 48 48 2.775446
1260 12 24 48 48 0.360846
1260 0 33 44 44 2.600405
1260 11 33 44 44 4.355721
1260 187 22 44 44 2.343050
1260 441 126 36 36 0.648592
1260 450 126 36 36 2.194829
1260 459 126 36 36 2.121928
1260 256 272 32 32 0.704825
1260 0 98 28 28 0.934860
1260 7 98 28 28 0.907982
1260 14 98 28 28 0.885072
1260 455 126 28 28 0.730563
1260 469 126 28 28 2.485013
1260 469 133 28 28 2.728689
1260 108 114 24 24 0.735339
1260 132 114 24 24 0.936177
1260 144 96 24 24 3.385101
1260 192 96 24 24 2.036588
1260 288 294 24 24 1.182456
1260 384 96 24 24 0.969044
1260 384 102 24 24 1.216114
1290 0 126 36 36 1.687124
1290 8 136 32 32 0.122318
1290 8 144 32 32 2.451869
1290 16 144 32 32 0.443878
1290 24 112 32 32 7.112371
1290 256 128 32 32 0.742247
1290 256 272 32 32 0.415823
1290 264 272 32 32 0.743698
1290 272 272 32 32 0.080158
1290 112 126 28 28 0.295403
1290 224 98 28 28 1.899001
1290 448 133 28 28 0.548738
1290 455 133 28 28 0.159163
1290 462 133 28 28 1.182701
1290 469 0 28 28 2.288438
1290 6 96 24 24 0.231438
1290 192 96 24 24 0.560800
1290 288 294 24 24 0.626564
1290 294 294 24 24 0.333724
1290 384 102 24 24 2.809583
1290 384 108 24 24 1.311960
1290 384 300 24 24 1.386077
1290 390 300 24 24 0.455201
1290 396 300 24 24 1.161675
1290 480 0 24 24 5.283953
1290 480 6 24 24 2.511487
1290 486 0 24 24 0.373827
1290 486 192 24 24 1.088186
1320 48 0 64 64 1.650625
1320 352 0 64 64 0.724774
1320 384 36 48 48 0.528895
1320 384 36 48 48 0.528895
1320 8 112 32 32 0.643787
1320 16 112 32 32 6.492427
1320 24 112 32 32 6.982569
1320 408 112 32 32 0.445096
1320 14 126 28 28 3.158055
1320 21 119 28 28 1.930502
1320 21 126 28 28 5.625457
1320 119 126 28 28 3.079676
1320 119 133 28 28 6.744826
1320 126 133 28 28 4.715223
1320 0 84 24 24 4.511850
1320 6 84 24 24 0.302788
1320 102 114 24 24 1.364905
1320 108 114 24 24 1.940157
1320 192 102 24 24 5.527864
1320 192 108 24 24 7.344257
1320 192 114 24 24 2.355535
1320 198 102 24 24 3.081757
1320 198 108 24 24 5.493068
1320 204 102 24 24 4.596137
1320 204 108 24 24 5.015859
1320 210 102 24 24 4.618447
1320 210 108 24 24 4.910041
1320 384 108 24 24 1.627685
1320 384 114 24 24 4.031671
1320 390 114 24 24 0.283583
1320 492 204 24 24 0.484460
1320 498 204 24 24 0.223397
1350 352 0 64 64 1.811175
1350 352 16 64 64 1.165380
1350 216 36 48 48 1.295298
1350 216 36 48 48 1.295298
1350 0 126 36 36 1.708412
1350 9 126 36 36 0.185150
1350 8 112 32 32 1.254683
1350 8 128 32 32 1.875771
1350 16 112 32 32 2.511650
1350 400 112 32 32 0.399132
1350 408 112 32 32 1.398062
1350 14 126 28 28 1.683525
1350 14 133 28 28 3.216257
1350 21 126 28 28 4.536416
1350 21 133 28 28 5.707383
1350 231 224 28 28 0.471680
1350 343 224 28 28 1.123731
1350 350 224 28 28 2.540608
1350 448 126 28 28 0.773585
1380 48 16 64 64 2.326971
1380 48 32 64 64 3.120666
1380 352 16 64 64 4.697531
1380 352 32 64 64 3.126045
1380 242 154 44 44 1.699464
1380 0 126 36 36 0.671972
1380 432 126 36 36 4.372714
1380 441 126 36 36 1.871753
1380 0 112 32 32 3.150727
1380 0 128 32 32 2.690922
1380 0 136 32 32 1.736103
1380 0 144 32 32 0.077101
1380 128 136 32 32 0.181029
1380 384 112 32 32 2.661005
1380 392 112 32 32 0.191734
1380 400 112 32 32 0.084441
1380 408 112 32 32 2.360891
1380 0 133 28 28 2.236490
1380 7 126 28 28 2.365683
1380 7 133 28 28 2.785433
1380 14 133 28 28 1.657944
1380 224 112 28 28 0.350721
1380 224 119 28 28 1.045380
1380 224 126 28 28 0.267572
1380 448 133 28 28 1.474619
1380 0 198 24 24 1.974207
1380 0 204 24 24 1.205041
1380 6 192 24 24 0.743026
1380 6 198 24 24 2.399057
1380 18 198 24 24 0.155919
1410 16 0 64 64 0.338866
1410 16 16 64 64 2.085420
1410 16 32 64 64 0.269197
1410 32 0 64 64 3.516029
1410 32 16 64 64 4.412249
1410 32 32 64 64 2.735510
1410 48 0 64 64 1.687925
1410 48 16 64 64 4.320415
1410 48 32 64 64 0.604937
1410 352 0 64 64 1.134778
1410 352 16 64 64 5.240270
1410 9 144 36 36 1.076146
1410 18 144 36 36 2.935855
1410 27 153 36 36 0.516171
1410 450 126 36 36 8.267851
1410 459 126 36 36 8.968459
1410 459 144 36 36 2.947478
1410 24 152 32 32 2.925717
1410 128 112 32 32 0.619241
1410 384 112 32 32 4.032012
1410 408 112 32 32 0.038172
1410 126 119 28 28 0.101241
1410 224 112 28 28 2.200982
1410 231 112 28 28 1.190784
1410 357 119 28 28 1.568464
1410 448 119 28 28 5.237949
1410 448 126 28 28 7.909331
1410 448 133 28 28 6.380372
1410 455 119 28 28 3.275360
1410 455 126 28 28 4.066358
1410 455 133 28 28 7.691487
1410 462 133 28 28 0.047991
1440 0 16 64 64 1.590548
1440 16 0 64 64 3.762104
1440 16 16 64 64 3.799344
1440 32 0 64 64 6.374117
1440 32 16 64 64 4.686675
1440 48 0 64 64 5.587817
1440 48 16 64 64 5.037642
1440 240 140 40 40 1.439326
1440 330 30 40 40 0.108215
1440 112 112 28 28 0.317269
1440 119 112 28 28 1.959291
1440 126 112 28 28 2.328902
1440 126 119 28 28 0.927418
1440 224 98 28 28 0.102604
1440 231 98 28 28 2.567880
1440 238 98 28 28 3.396726
1440 448 112 28 28 2.903403
1440 448 119 28 28 4.412120
1440 448 126 28 28 0.755079
1440 455 112 28 28 2.389439
1440 455 119 28 28 4.697031
1440 455 126 28 28 1.611927
1440 462 112 28 28 1.700398
1440 462 119 28 28 4.448519
1440 462 126 28 28 4.818328
1440 462 133 28 28 4.320353
1440 469 126 28 28 3.509643
1440 469 133 28 28 3.980103
1440 18 96 24 24 0.194871
1440 210 114 24 24 0.265582
1440 288 102 24 24 0.029161
1440 306 210 24 24 0.361137
1440 384 108 24 24 0.050720
1440 390 102 24 24 1.544983
1440 390 108 24 24 2.817443
1440 396 102 24 24 2.755174
1440 396 108 24 24 3.008108
1470 0 0 64 64 2.180789
1470 0 16 64 64 1.829040
1470 16 0 64 64 3.836475
1470 16 16 64 64 1.673730
1470 32 0 64 64 5.657669
1470 32 16 64 64 3.343940
1470 48 0 64 64 5.250206
1470 48 16 64 64 2.951247
1470 264 33 44 44 0.533013
1470 432 153 36 36 2.286569
1470 432 162 36 36 4.861711
1470 432 171 36 36 0.728992
1470 441 144 36 36 0.410325
1470 441 153 36 36 2.935538
1470 441 162 36 36 3.536192
1470 441 171 36 36 0.978489
1470 450 171 36 36 0.630084
1470 459 171 36 36 2.174336
1470 119 112 28 28 2.389233
1470 119 119 28 28 0.969930
1470 119 126 28 28 0.370739
1470 126 112 28 28 3.012866
1470 126 119 28 28 1.198122
1470 126 126 28 28 0.315688
1470 224 112 28 28 0.713153
1470 231 98 28 28 2.482936
1470 231 112 28 28 2.211982
1470 238 98 28 28 5.851737
1470 245 98 28 28 0.227873
1470 245 126 28 28 0.174655
1470 12 84 24 24 0.906685
1470 306 102 24 24 2.027487
1470 480 204 24 24 1.185141
1470 480 210 24 24 0.708627
1470 486 204 24 24 0.659701
1500 0 0 64 64 0.648049
1500 0 16 64 64 1.480685
1500 16 0 64 64 3.284950
1500 16 16 64 64 1.706947
1500 32 0 64 64 5.042973
1500 32 16 64 64 3.471732
1500 48 0 64 64 4.864511
1500 48 16 64 64 3.718574
1500 256 0 64 64 0.522777
1500 256 16 64 64 1.938344
1500 352 0 64 64 4.361479
1500 352 16 64 64 3.904629
1500 352 32 64 64 0.572571
1500 288 36 48 48 0.036855
1500 288 36 48 48 0.036855
1500 432 126 36 36 3.389926
1500 441 126 36 36 2.370539
1500 0 112 32 32 1.645543
1500 8 112 32 32 1.189687
1500 384 112 32 32 0.727740
1500 7 98 28 28 0.915349
1500 7 112 28 28 0.832101
1500 14 98 28 28 2.683724
1500 14 112 28 28 5.182405
1500 14 119 28 28 1.202742
1500 21 112 28 28 2.250286
1500 112 112 28 28 0.492832
1500 119 112 28 28 2.478666
1500 126 112 28 28 1.147766
1500 238 98 28 28 2.056119
1500 245 126 28 28 2.047187
1500 245 133 28 28 0.396519
1500 336 119 28 28 0.505983
1500 343 119 28 28 2.639158
1500 350 112 28 28 1.874687
1500 350 119 28 28 3.163120
1500 357 112 28 28 0.454971
1500 448 126 28 28 2.956189
1500 448 133 28 28 4.240027
1500 18 102 24 24 0.829910
1500 18 108 24 24 3.354026
1500 18 114 24 24 4.419600
1500 396 84 24 24 0.757854
1500 480 102 24 24 1.490156
1500 486 102 24 24 0.309306
1530 0 0 64 64 0.819066
1530 16 0 64 64 3.054417
1530 16 16 64 64 0.764898
1530 32 0 64 64 4.032824
1530 32 16 64 64 1.949248
1530 48 0 64 64 0.183324
1530 48 16 64 64 1.577497
1530 256 0 64 64 3.338404
1530 256 16 64 64 3.444288
1530 272 0 64 64 3.795734
1530 352 0 64 64 4.071337
1530 352 16 64 64 5.296912
1530 352 32 64 64 0.017955
1530 256 112 32 32 4.017231
1530 264 112 32 32 2.442810
1530 384 112 32 32 0.282591
1530 392 24 32 32 0.480989
1530 392 112 32 32 1.377552
1530 7 98 28 28 2.618782
1530 14 98 28 28 2.764077
1530 21 98 28 28 1.832769
1530 21 112 28 28 3.080540
1530 336 112 28 28 5.446961
1530 336 119 28 28 1.072925
1530 343 112 28 28 4.258855
1530 343 119 28 28 1.727691
1530 350 112 28 28 6.213177
1530 350 119 28 28 3.589995
1530 357 112 28 28 6.366654
1530 357 119 28 28 5.143378
1530 448 126 28 28 2.481256
1530 448 133 28 28 7.120211
1530 455 119 28 28 0.475308
1530 455 126 28 28 3.743483
1530 455 133 28 28 7.988562
1530 462 119 28 28 2.299554
1530 462 126 28 28 10.375905
1530 462 133 28 28 10.362496
1530 469 119 28 28 3.629391
1530 469 126 28 28 8.431397
1530 469 133 28 28 8.719821
1560 0 0 64 64 0.753526
1560 16 0 64 64 3.307846
1560 32 0 64 64 2.700438
1560 32 16 64 64 2.059752
1560 48 16 64 64 1.454891
1560 256 0 64 64 0.302192
1560 256 16 64 64 1.705429
1560 272 0 64 64 7.005340
1560 272 16 64 64 3.205212
1560 288 0 64 64 2.860613
1560 352 0 64 64 0.299090
1560 352 16 64 64 2.850212
1560 352 32 64 64 3.971174
1560 384 0 48 48 0.864832
1560 384 12 48 48 0.077340
1560 384 0 48 48 0.864832
1560 384 12 48 48 0.077340
1560 459 126 36 36 2.525863
1560 24 112 32 32 0.766734
1560 256 112 32 32 4.574017
1560 264 112 32 32 2.906637
1560 384 112 32 32 1.702173
1560 392 112 32 32 5.129936
1560 400 24 32 32 0.587405
1560 400 112 32 32 2.920435
1560 400 144 32 32 0.086639
1560 408 112 32 32 2.188013
1560 408 136 32 32 0.940073
1560 0 112 28 28 0.753178
1560 0 119 28 28 0.860723
1560 7 112 28 28 0.525176
1560 14 112 28 28 0.883400
1560 21 112 28 28 2.271847
1560 21 119 28 28 0.768062
1560 112 112 28 28 1.217264
1560 154 98 28 28 1.755332
1560 336 112 28 28 2.953624
1560 336 119 28 28 3.633218
1560 343 112 28 28 5.097167
1560 343 119 28 28 5.329183
1560 350 0 28 28 0.538673
1560 350 112 28 28 3.745933
1560 350 119 28 28 3.225510
1560 357 112 28 28 3.125387
1560 357 119 28 28 2.753692
1560 455 133 28 28 0.042525
1560 462 133 28 28 4.173569
1560 469 133 28 28 2.484758
1560 12 96 24 24 0.610327
1590 0 0 64 64 2.364963
1590 16 0 64 64 3.391714
1590 32 0 64 64 1.545339
1590 288 0 64 64 1.309565
1590 352 0 64 64 0.207033
1590 352 16 64 64 6.039143
1590 352 32 64 64 3.692748
1590 385 0 44 44 0.651285
1590 432 126 36 36 1.290778
1590 441 126 36 36 0.751173
1590 441 144 36 36 0.236206
1590 0 112 32 32 1.404838
1590 8 112 32 32 0.587045
1590 16 112 32 32 2.111947
1590 24 112 32 32 0.087157
1590 256 112 32 32 3.919448
1590 264 112 32 32 5.610470
1590 272 112 32 32 3.074612
1590 280 112 32 32 0.173384
1590 392 112 32 32 2.625522
1590 400 112 32 32 0.892510
1590 0 112 28 28 1.217506
1590 0 119 28 28 0.149127
1590 0 126 28 28 0.294886
1590 7 112 28 28 1.627511
1590 7 119 28 28 1.627662
1590 14 112 28 28 4.158014
1590 14 119 28 28 2.654420
1590 21 112 28 28 4.324884
1590 21 119 28 28 3.722159
1590 112 112 28 28 2.201794
1590 119 112 28 28 2.685097
1590 126 112 28 28 0.425631
1590 336 112 28 28 3.441270
1590 336 119 28 28 2.220619
1590 343 112 28 28 3.108977
1590 350 98 28 28 2.799887
1590 350 112 28 28 5.795415
1590 350 119 28 28 1.807723
1590 357 98 28 28 2.772017
1590 357 112 28 28 8.174607
1590 357 119 28 28 2.912023
1590 448 0 28 28 1.124826
1590 462 119 28 28 0.111371
1590 12 114 24 24 0.468519
1590 108 108 24 24 2.025866
1590 108 114 24 24 1.244278
1590 384 114 24 24 0.436198
1590 396 108 24 24 0.301552
1590 396 114 24 24 1.098225
1590 402 114 24 24 3.050584
1590 480 18 24 24 0.171201
1590 486 192 24 24 1.364417
1590 492 192 24 24 0.092095
1620 0 0 64 64 1.160164
1620 16 0 64 64 0.817161
1620 450 126 36 36 0.924136
1620 459 126 36 36 0.078317
1620 264 112 32 32 2.664058
1620 272 112 32 32 2.999734
1620 280 112 32 32 2.912578
1620 0 112 28 28 4.827194
1620 7 112 28 28 0.056504
1620 112 98 28 28 2.554961
1620 224 98 28 28 0.924964
1620 343 119 28 28 2.769613
1620 350 119 28 28 5.093900
1620 350 126 28 28 0.309717
1620 357 98 28 28 0.934068
1620 357 112 28 28 2.257057
1620 357 119 28 28 4.406751
1620 469 133 28 28 0.483624
1620 0 114 24 24 3.876394
1620 6 114 24 24 3.721268
1620 18 114 24 24 0.555096
1620 108 108 24 24 1.036323
1620 384 108 24 24 1.160585
1620 384 114 24 24 3.374451
1620 390 114 24 24 2.708590
1620 396 114 24 24 0.978661
1620 402 114 24 24 0.187802
1650 0 0 64 64 0.360144
1650 352 16 64 64 3.533751
1650 16 112 32 32 1.341376
1650 24 112 32 32 0.753563
1650 392 112 32 32 2.973821
1650 408 112 32 32 3.689525
1650 224 98 28 28 0.901614
1650 448 112 28 28 1.183253
1650 455 112 28 28 5.866194
1650 455 119 28 28 2.788799
1650 462 112 28 28 1.802376
1650 462 119 28 28 3.612793
1650 469 112 28 28 0.991976
1650 469 119 28 28 2.140354
1650 469 126 28 28 0.782584
1650 469 133 28 28 1.799362
1650 102 108 24 24 3.440217
1650 102 114 24 24 2.571078
1650 108 108 24 24 5.917774
1650 108 114 24 24 6.904712
1650 384 108 24 24 0.177302
1650 384 114 24 24 2.061199
1650 390 108 24 24 1.316448
1650 396 108 24 24 1.161798
1650 492 18 24 24 0.901668
1650 492 96 24 24 0.066956
1680 0 0 64 64 1.223012
1680 256 0 64 64 2.823781
1680 256 16 64 64 0.622098
1680 352 0 64 64 1.898533
1680 352 16 64 64 4.333654
1680 12 0 48 48 1.900055
1680 24 0 48 48 0.166796
1680 36 24 48 48 0.397258
1680 36 36 48 48 0.605932
1680 384 36 48 48 3.837656
1680 396 36 48 48 3.005693
1680 12 0 48 48 1.900055
1680 24 0 48 48 0.166796
1680 36 24 48 48 0.397258
1680 36 36 48 48 0.605932
1680 384 36 48 48 3.837656
1680 396 36 48 48 3.005693
1680 11 0 44 44 0.160882
1680 11 11 44 44 1.488928
1680 22 0 44 44 1.686424
1680 22 11 44 44 3.772163
1680 33 11 44 44 1.906661
1680 20 10 40 40 2.524854
1680 20 20 40 40 3.664132
1680 30 10 40 40 2.433702
1680 30 20 40 40 4.954622
1680 30 30 40 40 2.249782
1680 27 18 36 36 1.427729
1680 27 27 36 36 4.370497
1680 0 144 32 32 0.570389
1680 224 98 28 28 1.188881
1680 448 112 28 28 2.064687
1680 469 98 28 28 2.343486
1680 469 112 28 28 2.357440
1680 96 108 24 24 2.055716
1680 96 114 24 24 5.116729
1680 102 108 24 24 5.165144
1680 102 114 24 24 7.381130
1680 108 108 24 24 2.573088
1680 108 114 24 24 4.614580
1680 498 96 24 24 2.682112
1710 352 16 64 64 0.896056
1710 24 0 48 48 1.053194
1710 24 12 48 48 0.436414
1710 36 0 48 48 0.704079
1710 36 12 48 48 2.431422
1710 384 24 48 48 2.049572
1710 384 36 48 48 3.096481
1710 396 24 48 48 0.476317
1710 396 36 48 48 2.170413
1710 408 36 48 48 3.488094
1710 24 0 48 48 1.053194
1710 24 12 48 48 0.436414
1710 36 0 48 48 0.704079
1710 36 12 48 48 2.431422
1710 384 24 48 48 2.049572
1710 384 36 48 48 3.096481
1710 396 24 48 48 0.476317
1710 396 36 48 48 2.170413
1710 408 36 48 48 3.488094
1710 0 0 40 40 2.800056
1710 0 10 40 40 1.325219
1710 0 18 36 36 0.248750
1710 256 128 32 32 2.616678
1710 256 136 32 32 0.618698
1710 448 98 28 28 0.803490
1710 448 112 28 28 0.179548
1710 448 119 28 28 1.854574
1710 448 126 28 28 1.490402
1710 448 133 28 28 5.084817
1710 462 112 28 28 0.914911
1740 0 0 64 64 3.186229
1740 352 0 64 64 4.483249
1740 384 24 48 48 4.576271
1740 384 36 48 48 4.904976
1740 396 24 48 48 4.212029
1740 396 36 48 48 6.379307
1740 408 24 48 48 5.952248
1740 408 36 48 48 6.617928
1740 420 24 48 48 2.161081
1740 420 36 48 48 2.846578
1740 384 24 48 48 4.576271
1740 384 36 48 48 4.904976
1740 396 24 48 48 4.212029
1740 396 36 48 48 6.379307
1740 408 24 48 48 5.952248
1740 408 36 48 48 6.617928
1740 420 24 48 48 2.161081
1740 420 36 48 48 2.846578
1740 385 33 44 44 2.080612
1740 306 126 36 36 0.778563
1740 459 126 36 36 1.876326
1740 0 144 32 32 1.685869
1740 16 136 32 32 0.896928
1740 256 128 32 32 4.567101
1740 256 136 32 32 2.099545
1740 264 128 32 32 2.068749
1740 264 136 32 32 2.213121
1740 272 136 32 32 0.537352
1740 112 119 28 28 3.500314
1740 112 126 28 28 0.155072
1740 154 112 28 28 2.561601
1740 154 119 28 28 2.604046
1740 336 133 28 28 0.877959
1740 448 98 28 28 3.354511
1740 455 98 28 28 3.157420
1740 96 114 24 24 1.715315
1770 0 16 64 64 0.669172
1770 256 48 64 64 1.589128
1770 384 24 48 48 1.476952
1770 396 24 48 48 3.903836
1770 408 12 48 48 1.905164
1770 408 24 48 48 6.387190
1770 408 36 48 48 3.606606
1770 420 12 48 48 5.589284
1770 420 24 48 48 7.704298
1770 420 36 48 48 5.179035
1770 384 24 48 48 1.476952
1770 396 24 48 48 3.903836
1770 408 12 48 48 1.905164
1770 408 24 48 48 6.387190
1770 408 36 48 48 3.606606
1770 420 12 48 48 5.589284
1770 420 24 48 48 7.704298
1770 420 36 48 48 5.179035
1770 11 0 44 44 1.811362
1770 22 0 44 44 0.115178
1770 10 10 40 40 1.330639
1770 20 10 40 40 3.227730
1770 30 10 40 40 0.049722
1770 18 18 36 36 2.065863
1770 18 27 36 36 2.950551
1770 27 18 36 36 3.450607
1770 27 27 36 36 3.258346
1770 441 0 36 36 1.339822
1770 450 0 36 36 4.434791
1770 459 0 36 36 6.979388
1770 459 9 36 36 1.317344
1770 256 136 32 32 0.241469
1770 256 144 32 32 2.409855
1770 256 152 32 32 4.121853
1770 264 144 32 32 0.628144
1770 264 152 32 32 2.035935
1770 384 24 32 32 0.850170
1770 392 24 32 32 0.925689
1770 400 24 32 32 1.964839
1770 408 24 32 32 1.658572
1770 336 21 28 28 1.407243
1770 448 21 28 28 1.676212
1770 469 0 28 28 0.922207
1770 469 7 28 28 0.920747
1770 469 21 28 28 0.112201
1770 96 114 24 24 4.158193
1770 102 108 24 24 1.857384
1770 102 114 24 24 9.305183
1770 108 114 24 24 7.302863
1770 480 108 24 24 0.112035
1770 480 114 24 24 0.018778
1770 492 108 24 24 1.945680
1770 492 114 24 24 1.787853
1770 498 108 24 24 2.146486
1770 498 114 24 24 5.059424
1800 48 0 64 64 1.477484
1800 256 48 64 64 0.450376
1800 272 32 64 64 0.366974
1800 272 48 64 64 2.913204
1800 216 0 48 48 0.204389
1800 216 12 48 48 1.257457
1800 216 24 48 48 0.483375
1800 384 24 48 48 1.041571
1800 384 36 48 48 3.498167
1800 396 12 48 48 1.980310
1800 396 24 48 48 2.315231
1800 396 36 48 48 3.942403
1800 408 12 48 48 0.886200
1800 408 24 48 48 2.534021
1800 408 36 48 48 3.379056
1800 420 12 48 48 3.859503
1800 420 24 48 48 2.858460
1800 420 36 48 48 0.805781
1800 216 0 48 48 0.204389
1800 216 12 48 48 1.257457
1800 216 24 48 48 0.483375
1800 384 24 48 48 1.041571
1800 384 36 48 48 3.498167
1800 396 12 48 48 1.980310
1800 396 24 48 48 2.315231
1800 396 36 48 48 3.942403
1800 408 12 48 48 0.886200
1800 408 24 48 48 2.534021
1800 408 36 48 48 3.379056
1800 420 12 48 48 3.859503
1800 420 24 48 48 2.858460
1800 420 36 48 48 0.805781
1800 385 11 44 44 0.682161
1800 385 22 44 44 0.095110
1800 240 140 40 40 5.192779
1800 320 160 40 40 0.208015
1800 330 140 40 40 0.019216
1800 330 160 40 40 0.347717
1800 288 153 36 36 0.658162
1800 8 0 32 32 2.556190
1800 16 0 32 32 1.472902
1800 384 8 32 32 3.646298
1800 384 16 32 32 2.575783
1800 7 7 28 28 1.601925
1800 7 14 28 28 0.488337
1800 14 0 28 28 2.379319
1800 14 7 28 28 3.205621
1800 14 112 28 28 2.915960
1800 21 0 28 28 1.949673
1800 336 7 28 28 3.169253
1800 343 7 28 28 0.925228
1800 350 7 28 28 2.100114
1800 18 12 24 24 0.553081
1800 18 18 24 24 4.105280
1800 306 18 24 24 0.700336
1800 486 12 24 24 3.003199
1800 486 18 24 24 1.997595
1800 492 12 24 24 3.159924
1800 492 18 24 24 3.464928
1800 492 108 24 24 1.114334
1800 498 12 24 24 0.693858
1800 498 18 24 24 1.124599
1800 498 102 24 24 1.429569
1800 498 108 24 24 1.610615
1830 204 24 48 48 0.891035
1830 204 36 48 48 0.948560
1830 216 0 48 48 0.688428
1830 216 12 48 48 1.492827
1830 216 24 48 48 1.840681
1830 396 36 48 48 1.740105
1830 408 36 48 48 0.673948
1830 420 36 48 48 0.483560
1830 204 24 48 48 0.891035
1830 204 36 48 48 0.948560
1830 216 0 48 48 0.688428
1830 216 12 48 48 1.492827
1830 216 24 48 48 1.840681
1830 396 36 48 48 1.740105
1830 408 36 48 48 0.673948
1830 420 36 48 48 0.483560
1830 242 154 44 44 1.547108
1830 220 170 40 40 1.396005
1830 240 30 40 40 0.580678
1830 240 160 40 40 2.627124
1830 240 170 40 40 4.965193
1830 240 180 40 40 2.929999
1830 340 180 40 40 0.591466
1830 350 170 40 40 0.122836
1830 350 180 40 40 4.017128
1830 297 144 36 36 0.810355
1830 297 153 36 36 0.111810
1830 0 128 32 32 1.417727
1830 8 128 32 32 3.195693
1830 0 0 28 28 3.248154
1830 350 224 28 28 0.492142
1830 357 0 28 28 1.011599
1830 0 12 24 24 0.488921
1830 0 18 24 24 2.630103
1830 6 12 24 24 2.428330
1830 204 114 24 24 0.199045
1830 288 0 24 24 0.550823
1830 306 96 24 24 0.726823
1830 384 6 24 24 3.796127
1830 384 12 24 24 0.256893
1830 480 96 24 24 0.794062
1830 480 102 24 24 0.576763
